24364.8
257
0  1  -0.000185575  -0.000122518  1.15647e-07  4.019e-09  -2.41043e-09  1.34753e-12
1  5.02765e-10  0.884301  0.500656  -0.00361926  -0.482658  0.86539  0.00415025
2  5.02765e-10  0.573989  0.803143  0.000700928  -0.820541  0.584864  -0.00340936
3  5.02765e-10  1.00544  0.0725279  -0.00172002  -0.0709105  0.991477  -0.00270207
4  5.02765e-10  -0.946724  -0.303661  0.00391467  0.306724  -0.953134  0.0014013
5  1.00553e-09  -0.998534  0.000337152  0.00285885  -0.00350869  -1.00221  -0.000409546
6  1.00553e-09  -0.859614  -0.508923  0.00190807  0.508163  -0.86367  0.00111461
7  1.00553e-09  0.796814  0.608269  0.00169379  -0.605998  0.796576  0.00126042
8  5.02765e-10  -0.1353  -0.980006  0.00252923  0.996672  -0.13044  0.000596377
9  5.02765e-10  -0.992076  0.14289  -0.00196216  -0.146068  -0.988869  -0.000289782
10  1.00553e-09  0.877163  0.499571  -9.02306e-05  -0.487914  0.866446  -0.00148053
11  5.02765e-10  0.828955  0.531851  -0.00175758  -0.551718  0.844181  -0.00276769
12  5.02765e-10  0.626847  -0.807333  0.00151574  0.777559  0.614516  -0.00134262
13  1.00553e-09  -0.98289  0.217748  0.00151151  -0.214538  -0.971774  0.000114964
14  1.00553e-09  0.697734  -0.710857  0.000427825  0.712942  0.701465  -0.000669402
15  5.02765e-10  -0.791584  0.611683  -0.00158367  -0.615919  -0.791918  0.00145884
16  5.02765e-10  0.901216  -0.446985  0.00064562  0.442344  0.891734  -0.00109338
17  5.02765e-10  -0.322375  -0.960588  -0.00182512  0.938828  -0.318865  0.00150428
18  5.02765e-10  0.876002  0.453493  -0.0012836  -0.461001  0.898495  -5.46823e-05
19  5.02765e-10  -0.570958  0.835633  -0.00121079  -0.828238  -0.55365  -0.00149808
20  1.00553e-09  -0.949653  -0.319744  3.97215e-06  0.316899  -0.946666  -0.000136028
21  5.02765e-10  0.819977  -0.585047  0.0016503  0.573384  0.814527  -0.000579035
22  5.02765e-10  0.851744  -0.560133  -0.00206881  0.547897  0.823614  -0.00334501
23  5.02765e-10  -0.545249  0.810031  -9.52e-05  -0.841673  -0.564872  0.00132665
24  5.02765e-10  -0.99894  0.047111  0.00160571  -0.0474546  -0.994481  -0.000184383
25  5.02765e-10  0.980574  0.229134  -0.000280139  -0.22338  0.970642  0.00159767
26  1.5083e-09  0.839112  -0.538651  0.000618604  0.538835  0.845639  -6.04927e-05
27  5.02765e-10  0.372305  -0.916  0.000897701  0.931117  0.377994  -0.000193148
28  5.02765e-10  0.663419  -0.750402  -0.000772602  0.745131  0.66068  -0.000857048
29  5.02765e-10  0.92049  0.353014  0.00242593  -0.357467  0.941185  -5.15206e-06
30  2.51383e-09  0.0408674  1.01184  -0.0010405  -0.993675  0.0388483  0.000191975
31  5.02765e-10  -0.978551  0.29753  0.000527495  -0.285561  -0.944942  6.35247e-05
32  5.02765e-10  0.244545  0.969618  -0.00213885  -0.969942  0.246342  0.00533975
33  5.02765e-10  0.256185  0.988624  -0.00267086  -0.95719  0.248573  -0.00152049
34  5.02765e-10  0.870786  -0.50005  0.000929718  0.496248  0.867188  0.00278398
35  5.02765e-10  0.0149722  -1.00409  -0.000972387  0.996986  0.0141675  0.00206126
36  5.02765e-10  -0.950838  0.331352  0.000203238  -0.319447  -0.940818  0.00229596
37  5.02765e-10  1.00519  0.0850367  0.00235312  -0.0865322  0.994658  0.00247224
38  5.02765e-10  -0.898935  0.378249  -0.00214952  -0.396802  -0.933442  0.000511878
39  5.02765e-10  0.822736  -0.561366  -0.000353773  0.559212  0.831989  0.000744353
40  5.02765e-10  -0.953611  -0.287018  0.0018901  0.288205  -0.956836  0.000621421
41  5.02765e-10  0.991497  -0.145403  0.00156865  0.143946  0.994854  -0.00322483
42  5.02765e-10  -0.78511  -0.636283  -0.00357895  0.627071  -0.770525  0.00106634
43  5.02765e-10  -0.906829  0.424804  -0.000536294  -0.421323  -0.904575  0.000276277
44  5.02765e-10  0.997988  0.0191984  -0.000553614  -0.0248658  1.00181  0.00263259
45  1.00553e-09  0.466255  0.898244  0.000795667  -0.877324  0.461182  -0.000345085
46  3.01659e-09  -0.914501  0.384497  -0.000654647  -0.390177  -0.926188  -0.000119693
47  5.02765e-10  0.818435  0.533983  0.000904304  -0.55561  0.847532  0.00267809
48  5.02765e-10  -0.541501  0.833586  0.00134269  -0.842508  -0.545041  0.00261761
49  5.02765e-10  -0.0501276  1.02279  0.000139617  -0.986066  -0.0459005  -0.00012377
50  5.02765e-10  -1.0177  0.0753042  -0.00134628  -0.0757408  -0.985056  -0.00202017
51  5.02765e-10  0.264307  -0.954978  0.000345228  0.968111  0.262414  0.00244589
52  5.02765e-10  -0.716816  0.67473  0.000425835  -0.689766  -0.740361  0.0019779
53  5.02765e-10  0.375545  -0.945674  0.00167214  0.920731  0.371143  -0.000807201
54  5.02765e-10  0.532303  -0.872057  -0.000553522  0.846589  0.520061  -1.52846e-05
55  5.02765e-10  -0.102288  -0.970866  -0.00128332  1.0063  -0.110822  0.00156377
56  1.00553e-09  0.967457  0.163155  -0.000428454  -0.171688  0.998578  -0.00227508
57  5.02765e-10  -0.219605  0.991566  -0.000772316  -0.968604  -0.21746  -0.000142751
58  1.00553e-09  0.384036  0.914792  0.00589925  -0.926734  0.389416  0.00267794
59  5.02765e-10  -0.856842  -0.532741  0.000614077  0.526464  -0.845194  0.00239091
60  5.02765e-10  0.438131  0.9082  -0.00178354  -0.89389  0.437961  -0.00150913
61  1.00553e-09  1.0052  0.0482633  -0.00216852  -0.0508879  0.996466  -7.64375e-05
62  5.02765e-10  -0.127731  0.98497  -0.00116041  -0.994048  -0.133683  0.0015128
63  5.02765e-10  0.0490671  -1.01593  0.00236512  0.993264  0.0489909  -0.000626852
64  1.00553e-09  -0.170734  0.986141  0.000564438  -0.986598  -0.161429  -0.00273976
65  5.02765e-10  0.624607  -0.781719  0.00192548  0.792529  0.611604  -0.00314832
66  1.00553e-09  -0.661007  -0.744688  -0.00331719  0.747759  -0.664862  -0.000254989
67  5.02765e-10  1.0132  -0.0628924  -0.00234562  0.05998  0.991763  0.000817027
68  5.02765e-10  0.109177  0.979634  -0.00174654  -1.00214  0.115927  -0.00310152
69  5.02765e-10  -0.861384  0.497145  0.00339584  -0.505756  -0.865794  0.00156449
70  5.02765e-10  -0.395583  -0.907074  -0.000787577  0.9241  -0.404352  0.00110498
71  5.02765e-10  0.31151  0.966052  -0.000254071  -0.943652  0.307686  -0.00279429
72  5.02765e-10  0.961209  0.254401  0.000760601  -0.256639  0.969037  0.00058973
73  5.02765e-10  1.01499  0.0465942  -0.000110707  -0.037925  0.989571  -0.0012981
74  5.02765e-10  -0.247671  -0.952146  0.00126275  0.972492  -0.261647  0.00153828
75  5.02765e-10  0.576694  0.816359  0.00196415  -0.81577  0.581374  -0.00197521
76  5.02765e-10  0.958723  -0.364807  0.000364866  0.338442  0.920988  0.00861767
77  5.02765e-10  0.523148  -0.871415  -0.00015972  0.844033  0.507841  -0.00130777
78  5.02765e-10  -0.974606  -0.155015  -0.0027769  0.159447  -0.993035  -0.00123938
79  1.5083e-09  0.246359  0.965907  0.00123285  -0.968709  0.246945  0.00183715
80  5.02765e-10  -0.264584  -0.953993  0.00164167  0.968591  -0.266106  -0.00138424
81  5.02765e-10  0.859138  -0.535842  -0.0104931  0.526594  0.847601  -0.00145096
82  5.02765e-10  -0.983121  0.203728  -0.000318118  -0.180595  -0.981111  -0.00386286
83  5.02765e-10  -0.60687  0.821066  0.00185572  -0.797103  -0.58526  -0.00234536
84  5.02765e-10  0.994187  -0.146664  -1.93155e-05  0.144885  0.983763  0.000810939
85  2.51383e-09  0.980055  -0.276115  -0.0012811  0.26951  0.954035  0.000609327
86  5.02765e-10  0.981742  -0.0908084  0.00269168  0.0923645  1.00143  -0.0018901
87  5.02765e-10  0.722103  -0.704309  -0.000734596  0.698608  0.709329  0.00280771
88  5.02765e-10  0.713762  -0.731017  5.61678e-05  0.708837  0.691217  -0.000487509
89  5.02765e-10  -0.964143  -0.271466  -0.00195058  0.268926  -0.963861  0.00194989
90  5.02765e-10  -0.936591  0.294313  0.00674143  -0.320402  -0.960293  0.00371198
91  1.00553e-09  0.97109  0.231527  0.00117566  -0.228754  0.974371  0.00187166
92  5.02765e-10  0.919313  -0.340418  -0.000309023  0.355579  0.947551  0.00075987
93  5.02765e-10  0.883518  0.489832  0.00234738  -0.481395  0.870841  0.00529307
94  5.02765e-10  -0.767142  0.624816  0.00212265  -0.636441  -0.776732  0.000655046
95  5.02765e-10  0.493987  -0.873385  -0.00226647  0.870135  0.490003  0.000137826
96  5.02765e-10  0.571308  0.81317  -0.00212635  -0.823092  0.581232  -0.00135256
97  5.02765e-10  0.758401  -0.640123  0.00746717  0.643501  0.771161  0.0064237
98  1.00553e-09  -0.62173  0.777134  8.30901e-06  -0.782904  -0.624318  -0.000338598
99  5.02765e-10  -0.983208  0.086516  0.000617508  -0.0860223  -1.00176  -0.00241134
100  5.02765e-10  0.226228  0.997057  -0.00325641  -0.962995  0.216341  -0.0010968
101  5.02765e-10  0.717347  -0.692066  0.000749427  0.696114  0.717478  0.00121394
102  5.02765e-10  0.777231  0.594623  -0.000257201  -0.612828  0.804021  0.00142653
103  5.02765e-10  -0.921838  0.347479  0.0006256  -0.355392  -0.941237  -8.19879e-05
104  5.02765e-10  0.239184  -0.957749  -0.00170141  0.976272  0.239021  -0.00244222
105  5.02765e-10  0.0895406  -1.00273  0.0021632  0.993725  0.0907833  -0.00163796
106  5.02765e-10  -0.99005  0.0650997  -0.00429702  -0.0703198  -1.00009  0.00046392
107  5.02765e-10  0.927996  0.336614  -0.00267494  -0.340904  0.949936  0.000404634
108  5.02765e-10  -0.0578229  -1.01389  -0.00211466  0.989193  -0.06319  0.000419622
109  5.02765e-10  0.844261  -0.510331  9.5023e-05  0.520471  0.862463  0.00221191
110  5.02765e-10  0.937491  0.285702  4.75844e-05  -0.289783  0.96974  -0.00147732
111  5.02765e-10  0.507951  0.861242  -0.00129211  -0.865736  0.505819  -0.00053646
112  5.02765e-10  -0.27314  0.973144  -0.000565972  -0.958984  -0.269134  0.000360292
113  5.02765e-10  -0.00800466  1.01084  -0.00286737  -0.992769  -0.0110362  0.00247267
114  5.02765e-10  -0.296613  0.952493  0.000369814  -0.953565  -0.3007  -0.00103349
115  5.02765e-10  -0.112815  0.979327  -0.00163721  -1.00094  -0.116837  -0.00230738
116  5.02765e-10  0.986627  -0.0973909  -5.69526e-05  0.0941714  0.998997  0.000520988
117  2.01106e-09  -0.936557  0.369096  0.000189561  -0.365626  -0.929163  -0.00111586
118  1.00553e-09  0.907694  -0.415514  -0.00138222  0.419948  0.909638  0.000695465
119  1.00553e-09  -0.642702  0.756836  0.00166912  -0.764114  -0.650575  -0.000149749
120  5.02765e-10  0.931514  0.410956  -0.00203714  -0.395804  0.908585  0.00215228
121  5.02765e-10  -0.864466  0.452822  0.00127217  -0.469024  -0.897972  -0.000907218
122  5.02765e-10  -0.916153  0.356501  -0.000261429  -0.368319  -0.940579  -0.000989048
123  5.02765e-10  0.916481  0.41043  -0.00130129  -0.405556  0.912115  0.000752715
124  1.00553e-09  0.954839  0.235334  -0.00287472  -0.242339  0.976288  0.000452537
125  5.02765e-10  -0.429139  0.891991  0.00203616  -0.904654  -0.434155  -0.00320668
126  5.02765e-10  0.141478  -0.98428  0.00333675  0.991937  0.138478  -0.00123932
127  5.02765e-10  0.570019  0.833079  0.00266235  -0.819943  0.564396  -0.00120191
128  5.02765e-10  -0.680062  -0.760049  0.000762042  0.736082  -0.663882  -0.0023391
129  5.02765e-10  0.0397608  -1.01239  0.00056761  0.993055  0.0343416  -0.000190669
130  5.02765e-10  -0.862668  0.467959  -0.00114253  -0.482873  -0.888142  0.000825182
131  5.02765e-10  0.896173  -0.47852  0.00169463  0.466654  0.875275  -7.07163e-05
132  5.02765e-10  0.145388  -0.976526  0.000429035  0.995129  0.147984  -0.000929528
133  5.02765e-10  -0.666944  -0.76641  -0.00291988  0.747626  -0.653437  0.000686307
134  5.02765e-10  -0.258197  0.968803  0.00414023  -0.963211  -0.258624  -0.00248883
135  5.02765e-10  -0.95805  0.342783  -0.00426556  -0.33229  -0.932491  -0.00179072
136  5.02765e-10  0.957496  -0.216467  0.00223004  0.223719  0.987047  -0.00321369
137  5.02765e-10  -0.32117  0.949063  0.000719411  -0.949012  -0.319274  -0.00123666
138  1.00553e-09  0.716981  0.682189  -0.00122892  -0.683325  0.7327  0.00139018
139  5.02765e-10  -0.958787  -0.223907  -0.00141673  0.232614  -0.984821  -0.000755404
140  5.02765e-10  0.302511  0.950529  0.00207688  -0.954174  0.304121  -0.00164246
141  5.02765e-10  0.888324  0.480039  0.00117043  -0.466393  0.877488  0.000634226
142  5.02765e-10  -0.918089  -0.355445  0.00177029  0.366092  -0.929049  0.00350415
143  5.02765e-10  -0.420726  0.891896  -0.00135937  -0.913867  -0.428931  -0.000991846
144  5.02765e-10  -1.01494  -0.00548487  -0.00152729  0.00338121  -0.992174  -0.000574191
145  5.02765e-10  -0.916029  -0.38954  -0.00156014  0.390326  -0.92461  0.00118564
146  5.02765e-10  -0.974415  -0.139272  -0.00428132  0.141753  -0.999388  0.00155553
147  5.02765e-10  -0.415829  0.888378  0.000812343  -0.915063  -0.429878  0.00319079
148  5.02765e-10  0.240244  -0.951681  0.00276472  0.981152  0.241317  0.00188851
149  5.02765e-10  -0.695042  0.708392  0.000301546  -0.718071  -0.701634  -0.00178583
150  5.02765e-10  0.117468  1.00724  0.00199544  -0.987667  0.108991  0.000906759
151  5.02765e-10  -0.472512  0.890174  -0.000316485  -0.882569  -0.463596  0.00190375
152  5.02765e-10  -0.986513  0.0428387  -0.000188736  -0.0476331  -1.00453  0.00308639
153  5.02765e-10  0.0713687  -0.983251  -0.00120156  1.00225  0.0739618  0.00306597
154  5.02765e-10  0.693379  -0.725569  -0.00163868  0.722638  0.692187  0.00261703
155  5.02765e-10  -0.264472  -0.994442  -0.00010307  0.951292  -0.253993  -0.00101254
156  5.02765e-10  -0.831973  0.473867  -0.000712789  -0.502643  -0.895759  0.000751967
157  5.02765e-10  0.938624  -0.288565  0.00287912  0.296132  0.968287  0.00115199
158  5.02765e-10  -0.950354  -0.364759  -0.0026188  0.355898  -0.926096  -6.85986e-05
159  5.02765e-10  0.575574  0.840077  -0.000106913  -0.815852  0.558436  0.00167401
160  5.02765e-10  -0.790126  0.618541  0.00135256  -0.615787  -0.78222  0.000479912
161  5.02765e-10  1.00281  0.128663  -0.000448282  -0.122806  0.985672  -0.000980429
162  5.02765e-10  0.980542  0.229086  -0.000280324  -0.226523  0.973731  0.00055947
163  5.02765e-10  -1.01068  0.117817  -0.000793054  -0.117376  -0.983334  0.000857882
164  5.02765e-10  -0.270505  0.969554  -0.000837426  -0.959158  -0.273826  -0.00170978
165  5.02765e-10  0.329076  -0.95516  0.00328026  0.937528  0.325334  -0.000507278
166  5.02765e-10  -0.739763  0.650029  -0.000624685  -0.663955  -0.757977  -0.00119617
167  5.02765e-10  -1.0224  -0.024514  0.000444719  0.0211484  -0.987684  -0.000860413
168  5.02765e-10  0.0755614  -0.995669  -0.000177131  1.00043  0.0743741  -0.000346978
169  5.02765e-10  -0.614095  -0.759392  -0.000489995  0.785101  -0.638782  0.000523934
170  5.02765e-10  0.56498  0.802395  0.000270788  -0.826425  0.576387  -0.00149154
171  5.02765e-10  0.648358  0.780044  0.00204119  -0.763504  0.632733  0.000242664
172  5.02765e-10  0.475385  -0.898541  -0.00590026  0.86359  0.473763  0.00246404
173  5.02765e-10  0.651751  -0.750772  0.00232472  0.761611  0.65726  -0.00224531
174  5.02765e-10  0.916544  0.386921  0.00240736  -0.390789  0.921273  -0.00314379
175  5.02765e-10  0.636104  -0.736205  0.00578175  0.774434  0.665312  -0.00896683
176  5.02765e-10  0.970736  0.289037  -1.43092e-05  -0.284341  0.953217  0.0026841
177  5.02765e-10  0.911382  -0.361618  0.00230352  0.373104  0.936404  -0.000618859
178  5.02765e-10  0.215769  -0.994003  -0.000541144  0.968001  0.212551  -0.000152294
179  5.02765e-10  0.976616  -0.089058  -0.000323424  0.0905237  1.00506  0.00183211
180  5.02765e-10  -0.529275  0.845367  0.000766887  -0.84491  -0.533067  0.00110402
181  5.02765e-10  -0.619267  0.803287  -0.00159277  -0.78092  -0.60985  0.00259872
182  5.02765e-10  -0.916434  -0.438476  -0.00137443  0.42415  -0.892248  -0.00296533
183  5.02765e-10  0.387024  -0.912571  -0.00206673  0.927875  0.384974  -0.0026855
184  5.02765e-10  0.803592  0.620671  -0.00102844  -0.606429  0.786176  -0.00133918
185  5.02765e-10  0.406556  -0.929194  -0.000940532  0.908618  0.397505  -0.00159412
186  5.02765e-10  0.829345  -0.537845  0.000330025  0.546657  0.845567  -0.00332543
187  5.02765e-10  0.193332  -0.966913  0.00049374  0.985371  0.198643  -0.00272978
188  5.02765e-10  -0.994585  0.192721  -0.00139171  -0.190028  -0.974725  -0.0022607
189  5.02765e-10  -0.936763  0.346649  -0.00257489  -0.349769  -0.943019  -0.000944105
190  5.02765e-10  -0.926776  0.340584  -0.00154136  -0.352468  -0.9414  0.00162914
191  5.02765e-10  -0.73293  0.682122  -0.000201449  -0.684732  -0.727693  -0.0031296
192  1.00553e-09  0.40125  -0.911409  -0.00180774  0.914854  0.408328  -7.28109e-05
193  5.02765e-10  -0.859528  -0.515116  -0.000412094  0.511066  -0.859276  -0.00248015
194  5.02765e-10  -0.064041  -1.01208  0.000871048  0.98966  -0.0630081  0.00311779
195  5.02765e-10  -0.197651  0.99319  -0.00259209  -0.97241  -0.194993  -0.000415349
196  5.02765e-10  0.362174  0.924275  0.00102837  -0.938094  0.3627  -0.00110984
197  5.02765e-10  0.89187  0.412892  -0.00219928  -0.427591  0.916608  -0.000457325
198  5.02765e-10  0.819944  0.584168  0.00137538  -0.578943  0.812811  -0.00255015
199  5.02765e-10  -0.800897  0.571887  -0.00350538  -0.58783  -0.821726  -0.00114433
200  5.02765e-10  -0.664846  -0.739488  0.00103445  0.745768  -0.672585  -0.00124967
201  5.02765e-10  -0.981224  -0.0286487  0.00180889  0.0304748  -1.01159  0.000253666
202  1.00553e-09  -0.968648  0.243555  0.000976149  -0.241817  -0.972463  0.000585994
203  5.02765e-10  -0.331019  0.953538  -0.000261474  -0.939981  -0.329484  0.00457117
204  5.02765e-10  0.972793  -0.250691  -0.000540677  0.246552  0.968522  -0.00352569
205  5.02765e-10  -0.21913  0.973586  -0.00141643  -0.977238  -0.221452  -0.00049147
206  5.02765e-10  -0.953913  0.356433  0.00341546  -0.346444  -0.926329  -0.000784785
207  5.02765e-10  0.62749  -0.779969  -0.00251438  0.774956  0.627787  0.0011032
208  5.02765e-10  0.75636  0.629426  -5.91791e-05  -0.647012  0.775533  0.00229883
209  5.02765e-10  0.690819  -0.703806  -0.000800145  0.714748  0.706799  0.00183414
210  5.02765e-10  -0.999504  -0.168457  -0.00156204  0.165902  -0.980731  -0.00271254
211  5.02765e-10  0.427983  0.918094  -0.000164091  -0.900871  0.421806  -0.00131917
212  5.02765e-10  -0.114306  1.01024  -5.97082e-05  -0.98628  -0.108965  -0.000579834
213  5.02765e-10  -0.639117  0.738697  0.000294493  -0.764491  -0.663907  -0.00208121
214  5.02765e-10  -0.987455  0.0875562  0.00257332  -0.0884783  -1.00262  -0.00282426
215  5.02765e-10  0.00112534  -1.00637  -0.0020851  0.9976  -0.00182592  -0.000488932
216  5.02765e-10  -0.831035  -0.586022  0.00198317  0.571363  -0.809057  0.00120542
217  5.02765e-10  -0.651416  -0.787837  0.000821806  0.762522  -0.628345  -1.8032e-05
218  5.02765e-10  0.605804  0.800834  -0.00104908  -0.798623  0.601083  0.0025359
219  5.02765e-10  0.164352  0.968856  4.17872e-05  -0.994498  0.167121  0.00133414
220  5.02765e-10  -0.922277  -0.343669  -0.0013469  0.349247  -0.945108  0.00126619
221  5.02765e-10  -0.672546  -0.74987  -0.00141904  0.743744  -0.66158  0.000264964
222  5.02765e-10  0.711097  -0.708514  -0.00122587  0.69935  0.710191  0.00123242
223  5.02765e-10  -0.0244925  1.01517  -0.00187824  -0.994274  -0.027214  0.000256934
224  5.02765e-10  -0.947724  0.373463  -0.0017641  -0.358449  -0.923262  0.00306512
225  5.02765e-10  -0.820384  0.548765  0.00152518  -0.560128  -0.836098  0.00113447
226  5.02765e-10  -0.43303  0.910023  0.00197048  -0.900668  -0.427266  0.0017829
227  5.02765e-10  0.748868  0.66782  6.15052e-05  -0.665065  0.74274  -0.00105365
228  1.00553e-09  -0.743944  0.65146  -0.000546284  -0.661905  -0.756825  0.00294744
229  5.02765e-10  0.907353  -0.422687  0.000353427  0.42972  0.900847  -0.00186682
230  5.02765e-10  -0.917281  -0.407139  -0.00331425  0.408696  -0.914775  0.00103154
231  5.02765e-10  0.514445  0.862833  -0.00262998  -0.856091  0.514502  -0.00070271
232  5.02765e-10  -0.968973  0.249888  -0.00152341  -0.253042  -0.970476  5.75889e-05
233  5.02765e-10  -0.906531  0.406627  0.00268719  -0.409999  -0.913166  -0.00223854
234  5.02765e-10  -0.735492  0.701349  -0.0012202  -0.683963  -0.720632  -0.00103865
235  5.02765e-10  -0.464017  -0.902683  0.00137321  0.885436  -0.450251  3.2184e-05
236  5.02765e-10  -0.118969  1.01435  0.000969289  -0.981942  -0.112881  -0.000366783
237  5.02765e-10  -0.885774  -0.48292  -0.00176069  0.48121  -0.872504  -0.000210603
238  5.02765e-10  -0.794118  0.599748  -0.00156874  -0.603119  -0.799239  0.00163648
239  5.02765e-10  -0.959719  -0.308455  -8.81363e-05  0.303585  -0.949573  0.000664935
240  5.02765e-10  -0.77888  0.635178  -0.000183277  -0.625925  -0.773705  0.000439374
241  5.02765e-10  -0.967544  0.332996  -0.00279039  -0.323491  -0.933445  0.0010096
242  5.02765e-10  -0.70507  -0.71839  3.16367e-06  0.713547  -0.698735  -0.00137957
243  5.02765e-10  -0.123651  -0.998439  0.000617054  0.9915  -0.123749  -0.00155892
244  5.02765e-10  0.0696853  -0.979257  0.00030668  1.00534  0.0739846  0.00142845
245  5.02765e-10  -0.985008  -0.155066  -0.00242354  0.152322  -0.991892  -0.00157125
246  5.02765e-10  -0.973397  -0.0877023  0.0019731  0.0909952  -1.00797  4.80448e-05
247  5.02765e-10  0.192863  -0.984133  -0.00419449  0.982708  0.187722  -0.00329836
248  5.02765e-10  0.533215  -0.850316  0.00142932  0.846673  0.527342  0.000703637
249  5.02765e-10  -0.397425  0.907654  -0.00105904  -0.91803  -0.406489  -0.00180927
250  5.02765e-10  0.878714  -0.45664  0.000584308  0.462247  0.888404  0.000485472
251  5.02765e-10  -0.984454  -0.121932  0.00495022  0.125158  -0.994573  0.000479625
252  5.02765e-10  -0.921114  0.335956  -0.00118969  -0.344735  -0.949783  0.00147617
253  5.02765e-10  0.767209  -0.671671  -0.00155569  0.652952  0.745942  0.00109143
254  5.02765e-10  0.773944  0.625316  -0.00194998  -0.631782  0.779072  -0.0013861
255  5.02765e-10  0.344718  -0.947175  0.000388253  0.93376  0.341578  -0.00304394
256  5.02765e-10  -0.891101  0.411019  -0.00137256  -0.424393  -0.916192  8.72839e-05
