26915.4 0.0434849 5.18696 1.89827e+30


0.0252297 10.879 8.9586e+25
0.269418 9.89246 1.79172e+26
0.0182571 11.6603 8.9586e+25
0.0284346 9.65557 8.9586e+25
0.0464539 6.74251 6.27102e+26
0.0183856 14.4019 5.37516e+26
0.031816 11.2338 8.9586e+25
0.0197181 9.27792 1.79172e+26
0.0304055 11.6984 8.9586e+25
0.0314489 11.3087 8.9586e+25
0.0110449 8.41238 3.58344e+26
0.0290895 8.52735 4.4793e+26
0.00272039 14.4324 7.16688e+26
0.0615612 8.60307 7.16688e+26
0.0648561 8.32927 8.9586e+25
0.0398373 9.52446 1.79172e+26
0.0245693 10.3001 8.06274e+26
0.059405 9.64006 8.9586e+25
0.0383822 7.68201 4.4793e+26
0.150673 8.41363 3.58344e+26
0.0759614 6.99083 4.4793e+26
0.0957669 8.83399 8.9586e+25
0.033043 9.23071 3.58344e+26
0.0376714 11.1521 2.68758e+26
0.0441766 14.7309 8.9586e+25
0.0233633 9.90778 8.9586e+25
0.0156884 14.4308 1.79172e+26
0.00617592 11.8869 4.4793e+26
0.029167 11.2398 4.4793e+26
0.0248661 9.33195 4.4793e+26
0.0254752 8.6735 4.4793e+26
0.11138 8.86768 7.16688e+26
0.0150337 12.6239 1.79172e+26
0.0124006 12.4896 8.9586e+25
0.148583 8.2411 1.79172e+26
0.0544745 8.15732 3.58344e+26
0.0444108 10.0387 3.58344e+26
0.0921664 7.42354 2.68758e+26
0.0132903 13.1435 1.79172e+26
0.0331677 9.98821 8.9586e+25
0.105853 6.8338 8.9586e+25
0.0476826 14.3601 8.9586e+25
0.0131385 11.5747 4.4793e+26
0.142606 8.67945 3.58344e+26
0.0213695 14.852 8.9586e+25
0.0725362 9.82928 1.79172e+26
0.0187636 13.4735 8.9586e+25
0.0589962 6.80889 4.4793e+26
0.0635317 7.50995 8.9586e+25
0.042176 11.0175 8.9586e+25
0.0280902 11.8434 8.9586e+25
0.00881215 12.6412 3.58344e+26
0.0119294 13.8889 8.9586e+25
0.0273932 11.7628 8.9586e+25
0.0307162 8.0302 2.68758e+26
0.0124309 14.1497 8.9586e+25
0.0949756 7.95583 4.4793e+26
0.0132979 12.5478 8.9586e+25
0.0256607 10.2189 2.68758e+26
0.112784 7.95659 1.79172e+26
0.0216816 11.5646 2.68758e+26
0.160238 6.73421 2.68758e+26
0.0468946 11.2825 3.58344e+26
0.0424788 13.0662 8.9586e+25
0.0225515 14.4844 8.9586e+25
0.0261882 10.8579 1.79172e+26
0.0983964 7.25046 8.9586e+25
0.0120222 13.8449 8.9586e+25
0.0145761 13.5016 8.9586e+25
0.0402014 13.559 1.79172e+26
0.0579073 9.53335 1.79172e+26
0.0496716 10.7433 2.68758e+26
0.0204798 13.5597 3.58344e+26
0.0120266 11.8346 8.9586e+25
0.0141341 9.61465 2.68758e+26
0.0173272 8.554 8.9586e+25
0.0206253 12.2757 4.4793e+26
0.0272622 13.3398 2.68758e+26
0.0216765 12.4003 8.9586e+25
0.0121199 10.4454 6.27102e+26
0.0967297 8.84194 3.58344e+26
0.0123842 12.7072 8.9586e+25
0.0669126 10.9467 8.9586e+25
0.109921 7.12513 1.79172e+26
0.00591257 12.0984 5.37516e+26
0.0190984 11.5068 8.9586e+25
0.0233215 13.5333 6.27102e+26
0.034953 13.8674 8.9586e+25
0.0637461 7.12662 8.9586e+25
0.0148947 12.7269 1.79172e+26
0.0124797 12.6144 1.79172e+26
0.021138 10.3014 1.79172e+26
0.0127107 13.1262 1.79172e+26
0.0475018 11.7196 1.79172e+26
0.0520437 7.47456 1.79172e+26
0.0372155 11.7045 8.9586e+25
0.0482962 11.7611 8.9586e+25
0.032428 13.9427 8.9586e+25
0.0241036 13.9889 1.79172e+26
0.0844399 8.76886 2.68758e+26
0.0708007 7.44932 1.79172e+26
0.0392894 10.5761 3.58344e+26
0.0592914 11.0873 2.68758e+26
0.689217 20.7501 2.68758e+26
0.0253982 9.17985 1.79172e+26
0.0560212 8.16267 3.58344e+26
0.0239015 13.1351 8.9586e+25
0.0424876 11.9975 8.9586e+25
0.0114101 13.5288 2.68758e+26
0.0190737 10.4961 8.9586e+25
0.0241587 8.29458 5.37516e+26
0.0116056 14.1429 1.79172e+26
0.171276 8.42754 4.4793e+26
0.0223804 10.2186 1.79172e+26
0.0345231 13.7328 8.9586e+25
0.0373129 10.9594 8.9586e+25
0.00105129 14.2344 8.9586e+25
0.0441087 8.12453 1.79172e+26
0.0146698 13.6816 5.37516e+26
0.0486256 10.8179 3.58344e+26
0.0243036 11.9022 8.9586e+25
0.195291 9.20584 4.4793e+26
0.0218584 11.13 3.58344e+26
0.11542 8.17799 1.79172e+26
0.0617441 7.78959 8.9586e+25
0.0185313 8.94505 2.68758e+26
0.0234584 10.0418 4.4793e+26
0.0358362 11.9283 1.79172e+26
0.0118998 12.4622 8.9586e+25
0.0680664 8.97746 1.79172e+26
0.0152148 10.291 8.9586e+25
0.0744997 7.88638 8.9586e+25
0.06405 7.81185 8.9586e+25
0.0169318 12.0146 7.16688e+26
0.019837 14.166 8.9586e+25
0.0559181 7.81801 1.79172e+26
0.0381027 10.7288 3.58344e+26
0.0990149 11.7045 1.79172e+26
0.0348107 12.4663 8.9586e+25
0.0112478 12.6805 1.79172e+26
0.0207435 11.1466 2.68758e+26
0.122737 8.07913 8.9586e+25
0.0213101 13.2414 8.9586e+25
0.0461146 7.07909 1.79172e+26
0.0196868 13.3442 2.68758e+26
0.0401 13.5944 1.79172e+26
0.0184974 11.6072 8.9586e+25
0.0235313 14.491 1.79172e+26
0.010974 13.1162 3.58344e+26
0.109645 6.80136 8.9586e+25
0.0439329 7.54405 8.9586e+25
0.00654679 11.9761 3.58344e+26
0.00387908 15.011 8.9586e+25
0.100304 9.01209 1.79172e+26
0.0815932 3.33674 1.79172e+26
0.00207502 9.84481 1.79172e+26
0.00868699 13.309 6.27102e+26
0.0414088 8.82601 1.79172e+26
0.0211232 9.89287 8.9586e+25
0.0893318 8.64808 8.9586e+25
0.0209298 13.0212 8.9586e+25
0.0463435 9.20562 8.9586e+25
0.017972 8.85581 4.4793e+26
0.0217859 12.4537 1.79172e+26
0.00844892 7.72823 8.9586e+25
0.0354368 10.6156 8.9586e+25
0.0166431 11.3937 1.79172e+26
0.0170188 12.7849 8.9586e+25
0.0489209 9.9252 1.79172e+26
0.0310892 11.5232 8.9586e+25
0.0368843 11.1358 8.9586e+25
0.0752815 7.72867 3.58344e+26
0.0330704 7.65382 8.9586e+25
0.00391115 14.3387 1.79172e+26
0.0126027 13.0415 8.9586e+25
0.00757864 14.2111 8.9586e+25
0.0471328 11.9732 8.9586e+25
0.0133379 14.6712 1.79172e+26
0.0909407 6.98201 1.79172e+26
0.0370169 8.52439 3.58344e+26
0.0100532 12.9626 1.79172e+26
0.0187843 12.9055 8.9586e+25
0.0115656 11.5504 1.79172e+26
0.0115392 15.0087 3.58344e+26
0.0226946 12.311 8.9586e+25
0.020664 11.6162 2.68758e+26
0.0549823 8.95368 1.79172e+26
0.0275751 12.3753 8.9586e+25
0.00895255 10.6962 2.68758e+26
0.0378051 9.74021 8.9586e+25
0.0364688 8.73532 8.9586e+25
0.0300729 12.9601 2.68758e+26
0.0046062 13.1874 1.79172e+26
0.017537 12.7677 2.68758e+26
0.00954122 13.4209 4.4793e+26
0.00973093 12.7387 4.4793e+26
0.0296258 11.7818 8.9586e+25
0.023734 11.4759 8.9586e+25
0.0795468 8.46709 1.79172e+26
0.00562407 14.8812 1.79172e+26
0.0198959 10.5072 8.9586e+25
0.0612104 8.23821 8.9586e+25
0.12821 8.78106 1.79172e+26
0.220919 8.24578 8.9586e+25
0.07951 9.05189 1.79172e+26
0.054241 9.29093 8.9586e+25
0.0364855 10.7847 1.79172e+26
0.0326859 9.12731 8.9586e+25
0.05857 12.3422 8.9586e+25
0.0229224 10.2843 8.9586e+25
0.00210703 14.0199 8.9586e+25
0.0129411 9.64368 1.79172e+26
0.0681191 9.25004 2.68758e+26
0.0210366 9.39762 8.9586e+25
0.0747588 8.94036 2.68758e+26
0.0765877 7.22949 6.27102e+26
0.0620017 7.23217 8.9586e+25
0.0812949 8.73228 8.9586e+25
0.0444627 11.6235 8.9586e+25
0.0555282 9.88453 3.58344e+26
0.0304963 10.4562 8.9586e+25
0.0342483 13.5872 8.9586e+25
0.089956 10.7273 8.9586e+25
0.0445769 12.1414 8.9586e+25
0.0172717 12.2303 1.79172e+26
0.0696223 11.5436 2.68758e+26
0.0184195 10.4779 1.79172e+26
0.138546 8.49652 8.9586e+25
0.0137629 12.3928 8.9586e+25
0.0136154 13.0407 8.9586e+25
0.0234967 14.5686 8.9586e+25
0.101052 8.56375 2.68758e+26
0.0378053 11.2137 1.79172e+26
0.0115717 9.94803 8.9586e+25
0.00929574 14.796 8.9586e+25
0.0103547 14.0732 8.9586e+25
0.0145974 12.436 6.27102e+26
0.0134676 13.9528 8.9586e+25
0.00427937 13.8207 8.9586e+25
0.0334831 8.25483 1.79172e+26
0.0168382 14.7611 1.79172e+26
0.0171324 10.9472 8.9586e+25
0.0275452 12.8849 8.9586e+25
0.0565268 7.96225 1.79172e+26
0.024013 12.5064 8.9586e+25
0.0227379 12.4874 8.9586e+25
0.0879774 8.46765 8.9586e+25
0.0191553 14.645 8.9586e+25
0.0367001 7.07579 2.68758e+26
0.046483 9.72325 3.58344e+26
0.0115381 7.36246 8.9586e+25
0.0669739 9.34125 2.68758e+26
0.0115045 12.6549 2.68758e+26
0.0217586 13.3731 8.9586e+25
0.0723149 6.94708 8.9586e+25
0.0457735 12.7453 8.9586e+25
0.0290296 12.5251 1.79172e+26
0.0448095 10.082 1.79172e+26
0.0242335 9.37923 1.79172e+26
0.0276993 11.3499 8.9586e+25
0.0154732 12.7113 8.9586e+25
0.023524 11.201 8.9586e+25
0.0093637 11.0802 8.9586e+25
0.0306996 11.9259 8.9586e+25
0.00936403 12.6974 1.79172e+26
0.0215405 11.6402 8.9586e+25
0.0188907 12.0536 8.9586e+25
0.0530524 9.61335 8.9586e+25
0.109244 3.34111 8.9586e+25
0.077418 7.66734 8.9586e+25
0.0679193 11.2557 1.79172e+26
0.0740814 9.03841 8.9586e+25
0.0276758 11.9089 1.79172e+26
0.0112775 10.2989 8.9586e+25
0.0109755 13.4111 8.9586e+25
0.0117664 15.0085 8.9586e+25
0.0375605 12.1489 8.9586e+25
0.0521518 12.3279 1.79172e+26
0.0813228 6.81102 8.9586e+25
0.0196115 11.2705 2.68758e+26
0.00993479 9.69691 8.9586e+25
0.0400043 13.1003 1.79172e+26
0.0493653 7.1665 8.9586e+25
0.0141423 11.6211 8.9586e+25
0.0228913 11.186 8.9586e+25
0.109969 11.9547 8.9586e+25
0.0122178 14.6414 8.9586e+25
0.0187033 14.3225 8.9586e+25
0.0254315 13.5517 8.9586e+25
0.137649 7.35323 8.9586e+25
0.0048153 14.8459 1.79172e+26
0.0351728 10.5122 1.79172e+26
0.0236598 12.3477 1.79172e+26
0.0192662 11.4455 8.9586e+25
0.182516 6.98973 8.9586e+25
0.0485357 8.02102 8.9586e+25
0.0954665 8.22119 8.9586e+25
0.0245885 8.54043 8.9586e+25
0.021831 13.0631 8.9586e+25
0.0315253 10.9384 8.9586e+25
0.0184941 13.9802 5.37516e+26
0.0413376 10.5644 8.9586e+25
0.0308408 15.6861 1.79172e+26
0.069944 8.19495 8.9586e+25
0.0277988 7.32647 8.9586e+25
0.00911725 10.1053 1.79172e+26
0.0130384 10.7048 8.9586e+25
0.0505688 8.36955 8.9586e+25
0.0586674 8.46071 8.9586e+25
0.0244801 11.9651 8.9586e+25
0.0919241 8.97978 8.9586e+25
0.0208157 13.0376 4.4793e+26
0.0283896 14.6592 8.9586e+25
0.0238378 12.2108 1.79172e+26
0.11124 10.1859 2.68758e+26
0.00932636 13.0217 1.79172e+26
0.0233099 12.406 8.9586e+25
0.0134598 12.3774 8.9586e+25
0.0946657 8.29156 8.9586e+25
0.00374145 11.9863 8.9586e+25
0.0537392 6.92192 8.9586e+25
0.0291143 13.2816 8.9586e+25
0.179754 9.0871 8.9586e+25
0.0854546 8.49705 3.58344e+26
0.0311624 10.1014 8.9586e+25
0.013023 10.9901 8.9586e+25
0.0200211 14.0988 1.79172e+26
0.00877734 11.5909 8.9586e+25
0.00585926 14.2471 8.9586e+25
0.0281069 12.5301 8.9586e+25
0.0188409 11.74 8.9586e+25
0.00708306 14.9949 2.68758e+26
0.137694 7.16674 8.9586e+25
0.0522707 9.82046 8.9586e+25
0.0219107 9.64007 8.9586e+25
0.0667016 8.60439 1.79172e+26
0.0304408 10.4008 8.9586e+25
0.0785359 8.27556 8.9586e+25
0.0476998 9.67556 8.9586e+25
0.0159504 13.4316 8.9586e+25
0.0604302 9.76183 1.79172e+26
0.0709274 9.28607 8.9586e+25
0.0324976 11.0897 8.9586e+25
0.0324598 9.92888 8.9586e+25
0.035314 10.333 1.79172e+26
0.0320196 11.2727 8.9586e+25
0.00257007 14.372 1.79172e+26
0.075934 10.5719 1.79172e+26
0.0267576 15.0537 8.9586e+25
0.0470351 9.93962 8.9586e+25
0.0325852 11.5006 8.9586e+25
0.0296715 9.73689 8.9586e+25
0.00658384 9.82722 8.9586e+25
0.0503329 9.98577 8.9586e+25
0.0598864 10.7651 8.9586e+25
0.149894 10.9219 8.9586e+25
0.027161 11.1112 8.9586e+25
0.0399639 10.0618 8.9586e+25
0.0146595 9.81084 4.4793e+26
0.0404192 8.39302 8.9586e+25
0.00710685 13.9375 8.9586e+25
0.0565294 11.6136 1.79172e+26
0.0376213 13.4127 8.9586e+25
0.00963805 9.90323 8.9586e+25
0.0358692 13.9218 8.9586e+25
0.00544111 15.2394 8.9586e+25
0.0166676 15.0168 8.9586e+25
0.103788 8.63793 8.9586e+25
0.00828527 14.0564 8.9586e+25
0.0169468 13.3276 1.79172e+26
0.0167233 10.5211 2.68758e+26
0.0795802 9.60894 8.9586e+25
0.020687 14.6334 1.79172e+26
0.0471804 13.7859 8.9586e+25
0.0348707 11.1656 8.9586e+25
0.0573006 11.114 2.68758e+26
0.13438 10.2366 8.9586e+25
0.0315893 8.9574 8.9586e+25
0.0223415 10.718 8.9586e+25
0.126812 7.46987 1.79172e+26
0.136873 8.14056 8.9586e+25
0.207541 8.15838 2.68758e+26
0.0254267 12.9901 5.37516e+26
0.0322114 14.6347 8.9586e+25
0.0657571 10.1984 1.79172e+26
0.0296372 11.5624 8.9586e+25
0.177022 8.38898 8.9586e+25
0.00569815 13.6276 8.9586e+25
0.0217353 14.0367 8.9586e+25
0.0303906 14.163 8.9586e+25
0.0290334 12.1047 8.9586e+25
0.0257808 13.7093 8.9586e+25
0.0223452 13.3043 8.9586e+25
0.0479995 10.5188 8.9586e+25
0.0257721 13.9871 8.9586e+25
0.0258332 14.2145 1.79172e+26
0.0925593 7.74886 8.9586e+25
0.0592234 13.1305 8.9586e+25
0.0221089 12.6135 8.9586e+25
0.0231595 12.2217 1.79172e+26
0.145121 8.79015 8.9586e+25
0.0357666 3.47763 8.9586e+25
0.00999266 12.5096 8.9586e+25
0.252497 10.2231 8.9586e+25
0.00657471 14.9659 8.9586e+25
0.0528395 11.8197 8.9586e+25
0.016665 8.84099 8.9586e+25
0.0221819 11.5422 8.9586e+25
0.0195278 15.1024 8.9586e+25
0.0106985 14.046 8.9586e+25
0.0622747 7.47368 8.9586e+25
0.0269506 9.77187 8.9586e+25
0.00427716 13.9716 8.9586e+25
0.0751601 7.24478 8.9586e+25
0.0319461 13.8178 8.9586e+25
0.0465126 12.9128 8.9586e+25
0.0174546 13.6503 8.9586e+25
0.00999743 10.8215 8.9586e+25
0.0811708 8.53968 8.9586e+25
0.0376846 10.0084 8.9586e+25
0.0231445 12.9847 8.9586e+25
0.0166108 14.0107 8.9586e+25
0.0260241 12.9894 8.9586e+25
0.0152917 10.183 8.9586e+25
0.0230469 11.4004 8.9586e+25
0.0593216 6.88832 8.9586e+25
0.0289487 8.17375 8.9586e+25
0.058928 11.6601 1.79172e+26
0.043272 7.0335 2.68758e+26
0.00403219 11.8486 1.79172e+26
0.0193635 10.6963 8.9586e+25
0.0308992 12.185 1.79172e+26
0.0270247 9.7181 8.9586e+25
0.0164371 14.7693 8.9586e+25
0.00835692 11.8902 8.9586e+25
0.0691781 8.76182 8.9586e+25
0.0114604 12.5072 8.9586e+25
0.0521212 6.76495 8.9586e+25
0.0351037 11.9783 8.9586e+25
0.0625841 9.83866 8.9586e+25
0.0268693 11.1703 8.9586e+25
0.0116619 12.4661 8.9586e+25
0.0767952 10.8583 8.9586e+25
0.0488408 10.5144 1.79172e+26
0.026863 13.4844 8.9586e+25
0.0112656 13.4913 8.9586e+25
0.0238013 13.684 8.9586e+25
0.0381523 12.4918 8.9586e+25
0.026596 11.8163 8.9586e+25
0.0224542 12.818 8.9586e+25
0.0059993 15.5044 8.9586e+25
0.107235 8.22694 8.9586e+25
0.0152325 12.9737 8.9586e+25
0.0527152 7.65791 8.9586e+25
0.0139449 14.0522 8.9586e+25
0.0173971 9.1499 8.9586e+25
0.00768528 13.4479 8.9586e+25
0.0275033 9.52525 1.79172e+26
0.0481412 11.8761 8.9586e+25
0.0675293 9.36419 8.9586e+25
0.0297103 9.49641 8.9586e+25
0.0265835 13.5553 8.9586e+25
0.0220247 8.40522 8.9586e+25
0.00184553 14.0198 8.9586e+25
0.0135076 9.70917 8.9586e+25
0.0079234 10.1147 8.9586e+25
0.0231709 12.172 8.9586e+25
0.0150833 11.0826 8.9586e+25
0.025771 11.2839 8.9586e+25
0.0255519 13.2915 8.9586e+25
0.103763 7.52188 8.9586e+25
0.00692923 14.1057 8.9586e+25
0.0142337 11.1487 8.9586e+25
0.0449268 9.79424 8.9586e+25
0.0672858 11.3795 8.9586e+25
0.0511509 9.18347 8.9586e+25
0.0576389 11.7378 8.9586e+25
0.0447131 12.8513 8.9586e+25
0.0203117 12.7505 8.9586e+25
0.0047041 11.4742 8.9586e+25
0.0302061 12.6809 8.9586e+25
0.0148718 12.1809 8.9586e+25
0.0299277 13.4044 8.9586e+25
0.0310814 13.4133 8.9586e+25
0.0308334 13.4043 8.9586e+25
