83948 0.0403242 5.18171 1.89827e+30


0.0986793 7.55585 1.79172e+26
0.0728474 11.8483 7.16688e+26
0.0407604 9.4769 1.79172e+26
0.140736 7.77833 1.79172e+26
0.0317279 11.6811 8.9586e+25
0.055731 11.5017 4.4793e+26
0.0283771 13.9967 8.06274e+26
0.0375102 10.4213 5.37516e+26
0.0393798 11.5443 2.68758e+26
0.0518158 12.6601 4.4793e+26
0.0230095 8.71595 1.79172e+26
0.568285 13.738 1.79172e+26
0.0451856 13.8631 1.79172e+26
0.0548972 7.37471 5.37516e+26
0.0254575 13.7375 4.4793e+26
0.0339205 12.2639 1.79172e+26
0.0289046 14.0169 1.79172e+26
0.0778659 11.5323 1.79172e+26
0.232325 7.84055 8.06274e+26
0.0166724 14.585 4.4793e+26
0.186845 8.67272 3.58344e+26
0.0247255 12.7808 8.9586e+25
0.0579746 8.35294 2.68758e+26
0.0661113 12.3363 8.9586e+25
0.0873297 12.9187 8.9586e+25
0.194938 16.7079 2.68758e+26
0.0415229 13.3973 8.9586e+25
0.0765225 12.4629 8.9586e+25
0.109358 11.0242 8.9586e+25
0.0645892 13.9158 8.9586e+25
0.0666838 13.001 1.79172e+26
0.0328377 14.7649 1.79172e+26
0.0245094 13.1218 8.06274e+26
0.0223395 2.75725 8.9586e+25
0.107411 11.5283 8.9586e+25
0.026483 15.0109 8.9586e+25
0.0329743 11.7222 7.16688e+26
0.0513785 13.02 2.68758e+26
0.0992428 9.51922 1.79172e+26
0.0854969 9.93716 8.06274e+26
0.272023 8.27004 1.79172e+26
0.0645707 9.67294 6.27102e+26
0.0390253 14.2253 8.06274e+26
0.0453456 12.497 8.9586e+25
0.0175823 13.8455 3.58344e+26
0.0702034 9.37899 3.58344e+26
0.080025 13.0746 8.06274e+26
0.167573 11.6906 1.79172e+26
0.0970604 15.3563 1.79172e+26
0.0583845 9.12463 8.9586e+25
0.00321517 14.999 3.58344e+26
0.0550174 9.34317 3.58344e+26
0.0152357 13.6688 8.06274e+26
0.056964 9.53234 2.68758e+26
0.0112873 17.7002 2.68758e+26
0.161457 7.36467 6.27102e+26
0.0694639 9.00396 8.9586e+25
0.0552872 12.7342 2.68758e+26
0.0749231 11.1925 1.79172e+26
0.0184854 14.1483 3.58344e+26
0.0498466 10.2968 1.79172e+26
0.0516539 12.3431 8.9586e+25
0.151486 11.4802 1.79172e+26
0.0459856 10.8615 8.9586e+25
0.014023 14.2671 1.79172e+26
0.0109536 15.5606 1.79172e+26
0.022083 3.16642 2.68758e+26
0.0301512 13.3579 8.9586e+25
0.107581 7.37813 1.79172e+26
0.0326437 10.2533 8.9586e+25
0.115744 11.4018 1.79172e+26
0.0575791 7.88197 2.68758e+26
0.0458911 11.5805 4.4793e+26
0.0577082 6.75154 1.79172e+26
0.063992 12.8218 8.9586e+25
0.0703502 15.5728 2.68758e+26
0.0992984 7.2313 5.37516e+26
0.00729431 15.6036 1.79172e+26
0.126782 12.5421 1.79172e+26
0.0256608 3.13983 2.68758e+26
0.0781721 8.68061 1.79172e+26
0.0213122 12.2998 2.68758e+26
0.0237623 16.0151 8.9586e+25
0.130322 8.28472 4.4793e+26
0.055432 9.4077 1.79172e+26
0.0861278 7.63498 1.79172e+26
0.0576955 12.6469 2.68758e+26
0.0254504 13.6668 1.79172e+26
0.261969 19.2917 3.58344e+26
0.0275933 9.76022 1.79172e+26
0.065509 16.3647 3.58344e+26
0.0468625 13.108 6.27102e+26
0.0345297 14.6961 8.9586e+25
0.177903 9.18708 2.68758e+26
0.0340204 13.885 4.4793e+26
0.0565513 12.4907 5.37516e+26
0.0377837 7.69947 8.9586e+25
0.0246677 14.8263 1.79172e+26
0.182061 8.54425 8.9586e+25
0.0291539 10.4607 8.9586e+25
0.0869241 14.0811 8.9586e+25
0.0391619 10.6337 7.16688e+26
0.069571 12.1245 8.9586e+25
0.104178 9.98476 3.58344e+26
0.0275582 14.5084 8.9586e+25
0.0170844 14.9129 8.9586e+25
0.0317951 14.2387 2.68758e+26
0.0286582 6.88004 5.37516e+26
0.0320968 15.935 1.79172e+26
0.0475722 10.8807 8.9586e+25
0.283398 27.7792 2.68758e+26
0.0506121 9.12601 1.79172e+26
0.0481325 7.23977 3.58344e+26
0.0156161 15.3484 1.79172e+26
0.0561799 7.91153 8.9586e+25
0.0242525 13.7718 1.79172e+26
0.0318999 2.91208 1.79172e+26
0.0752731 6.79879 1.79172e+26
0.112026 9.84338 2.68758e+26
0.0171051 14.1343 8.9586e+25
0.101567 9.70445 8.9586e+25
0.0208716 14.254 7.16688e+26
0.0742291 13.7441 1.79172e+26
0.0614634 10.7508 8.9586e+25
0.0298071 12.9752 8.9586e+25
0.0799318 10.6265 1.79172e+26
0.153336 7.75212 1.79172e+26
0.105976 8.39016 8.9586e+25
0.0125517 15.0947 1.79172e+26
0.0362632 14.001 1.79172e+26
0.113266 9.48752 1.79172e+26
0.0720793 8.14754 3.58344e+26
0.00344112 11.6137 8.9586e+25
0.0414076 11.5924 8.9586e+25
0.0418831 10.6345 3.58344e+26
0.0255802 7.87396 8.9586e+25
0.0570695 12.4214 8.9586e+25
0.0509672 13.5739 1.79172e+26
0.0088474 14.4285 8.9586e+25
0.0198203 13.7251 2.68758e+26
0.0673849 10.9944 8.9586e+25
0.0922556 7.51772 8.9586e+25
0.0836825 8.41033 1.79172e+26
0.0180709 11.505 1.79172e+26
0.0081761 15.128 8.9586e+25
0.0450614 7.99696 8.9586e+25
0.0317525 14.1573 1.79172e+26
0.0559263 12.1895 8.9586e+25
0.0630293 12.9358 8.9586e+25
0.154749 7.7885 8.9586e+25
0.0462139 10.8083 8.9586e+25
0.0185847 14.8783 1.79172e+26
0.0468101 13.2302 8.9586e+25
0.1029 12.7005 2.68758e+26
0.0496556 7.04537 8.9586e+25
0.0534269 12.7292 8.9586e+25
0.0912821 8.19643 8.9586e+25
0.0956407 7.15601 1.79172e+26
0.0415176 13.2381 8.9586e+25
0.0191098 3.38172 8.9586e+25
0.0412975 12.8332 8.9586e+25
0.00880856 15.9926 8.9586e+25
0.0135727 11.4761 1.79172e+26
0.140342 3.95358 8.9586e+25
0.067061 12.2516 8.9586e+25
0.0323558 11.981 8.9586e+25
0.151686 11.1041 1.79172e+26
0.0390837 15.5067 1.79172e+26
0.0314241 14.781 8.9586e+25
0.00151809 15.9916 8.9586e+25
0.0442448 10.6527 8.9586e+25
0.0237198 12.2152 8.9586e+25
0.102576 9.89251 1.79172e+26
0.0247399 9.76129 8.9586e+25
0.0537318 12.8945 8.9586e+25
0.22505 7.64905 8.9586e+25
0.0449502 12.028 8.9586e+25
0.0109033 10.1844 8.9586e+25
0.0794267 6.92004 8.9586e+25
0.0404603 7.90527 8.9586e+25
0.0355279 13.5514 8.9586e+25
0.128926 8.47301 8.9586e+25
0.016008 16.1982 8.9586e+25
0.0183987 12.4621 8.9586e+25
0.0872977 7.31977 8.9586e+25
0.0976053 7.3854 8.9586e+25
0.0722488 7.3046 8.9586e+25
