70540.3 0.0413941 5.18308 1.89827e+30


0.0496492 8.31528 1.79172e+26
0.077257 12.6914 7.16688e+26
0.172369 11.2556 1.79172e+26
0.19356 8.14981 1.79172e+26
0.0224248 14.1412 8.9586e+25
0.17943 13.0135 4.4793e+26
0.00316528 14.4006 8.06274e+26
0.0909737 11.7007 5.37516e+26
0.0820581 11.695 2.68758e+26
0.0705314 8.74156 1.79172e+26
0.0602526 13.744 4.4793e+26
0.0563407 7.81922 5.37516e+26
0.228017 8.58958 1.79172e+26
0.0944827 7.38754 8.9586e+25
0.0393337 14.5581 1.79172e+26
0.0504466 7.5924 5.37516e+26
0.0274339 13.7109 4.4793e+26
0.0362105 13.8792 1.79172e+26
0.0156968 13.2095 1.79172e+26
0.0931357 8.70993 1.79172e+26
0.0448137 8.15398 8.06274e+26
0.0335165 14.1783 4.4793e+26
0.0892253 10.0041 3.58344e+26
0.0106852 13.1922 8.9586e+25
0.0649981 8.71862 2.68758e+26
0.124269 11.9917 8.9586e+25
0.286094 10.8527 8.9586e+25
0.0234644 11.9852 2.68758e+26
0.053162 11.6218 8.9586e+25
0.128418 9.46171 6.27102e+26
0.062002 12.078 8.9586e+25
0.0240889 11.7498 8.9586e+25
0.0932301 8.76633 8.9586e+25
0.0119101 13.901 8.9586e+25
0.0704006 12.7655 1.79172e+26
0.0121569 14.8776 1.79172e+26
0.0564 14.1669 8.06274e+26
0.0329056 2.86409 8.9586e+25
0.0148551 13.8817 8.9586e+25
0.0895484 10.7824 8.9586e+25
0.0167278 7.64103 8.9586e+25
0.0606597 12.529 6.27102e+26
0.050335 12.9748 2.68758e+26
0.064037 10.1149 1.79172e+26
0.110264 9.037 8.06274e+26
0.046151 7.7737 1.79172e+26
0.0278254 10.9822 6.27102e+26
0.0997941 9.33017 8.9586e+25
0.0360393 13.6327 8.06274e+26
0.0197854 13.7724 8.9586e+25
0.0549474 12.6225 3.58344e+26
0.0688544 9.93379 3.58344e+26
0.0609531 11.763 8.06274e+26
0.0841156 11.5259 1.79172e+26
0.0530933 13.9982 1.79172e+26
0.0105665 11.3528 1.79172e+26
0.0461413 10.0055 2.68758e+26
0.041892 11.3662 8.9586e+25
0.0394039 13.8608 3.58344e+26
0.0198842 10.6475 1.79172e+26
0.0196623 14.2738 8.06274e+26
0.129557 9.97404 2.68758e+26
0.0270464 17.9537 2.68758e+26
0.0967181 6.84389 6.27102e+26
0.0458631 7.41971 6.27102e+26
0.0553095 14.8664 8.9586e+25
0.0436574 8.93576 8.9586e+25
0.0475352 12.6418 2.68758e+26
0.0767339 8.79601 1.79172e+26
0.0534803 14.7388 3.58344e+26
0.104714 11.6044 1.79172e+26
0.0379021 9.8136 8.9586e+25
0.0673257 10.7615 1.79172e+26
0.039911 9.60518 8.9586e+25
0.0120853 14.8104 1.79172e+26
0.0445463 16.1455 1.79172e+26
0.0545974 3.55633 2.68758e+26
0.0172879 14.174 8.9586e+25
0.0651546 12.4882 1.79172e+26
0.0470197 10.4068 8.9586e+25
0.146769 7.32752 1.79172e+26
0.150414 9.4467 2.68758e+26
0.116547 12.6907 4.4793e+26
0.0615026 6.77287 1.79172e+26
0.0291609 14.339 1.79172e+26
0.0521251 13.0943 8.9586e+25
0.0504602 13.693 2.68758e+26
0.0555607 7.42014 1.79172e+26
0.0201987 9.05632 5.37516e+26
0.0351903 14.9225 8.9586e+25
0.0729012 10.2817 1.79172e+26
0.0276504 3.12815 2.68758e+26
0.0393027 9.01196 1.79172e+26
0.0395011 11.8235 2.68758e+26
0.104881 16.5649 8.9586e+25
0.0983455 10.2648 4.4793e+26
0.0419932 9.47441 1.79172e+26
0.108685 9.52543 1.79172e+26
0.107284 10.2598 1.79172e+26
0.0603575 11.3156 2.68758e+26
0.0224042 14.7332 1.79172e+26
0.559114 20.8918 3.58344e+26
0.085391 9.27577 1.79172e+26
0.145757 16.1246 3.58344e+26
0.0366725 12.4047 4.4793e+26
0.041798 12.8461 8.9586e+25
0.0414676 8.62457 2.68758e+26
0.0351231 12.7535 4.4793e+26
0.0554578 13.5556 1.79172e+26
0.101092 7.71608 8.9586e+25
0.0345755 14.8089 1.79172e+26
0.11769 7.46156 8.9586e+25
0.0382905 6.87665 8.9586e+25
0.380694 12.4109 8.9586e+25
0.142726 9.71908 7.16688e+26
0.0356679 9.89252 8.9586e+25
0.0252479 10.4961 3.58344e+26
0.0534204 14.8623 8.9586e+25
0.060781 12.6303 1.79172e+26
0.00906922 15.3777 8.9586e+25
0.0481085 9.51014 8.9586e+25
0.0287327 14.4654 2.68758e+26
0.2112 6.86156 5.37516e+26
0.0207668 15.2879 1.79172e+26
0.0679888 11.1278 8.9586e+25
0.713143 33.6577 2.68758e+26
0.0318252 7.69465 1.79172e+26
0.0205028 8.62876 3.58344e+26
0.0176012 15.3859 1.79172e+26
0.0228417 14.6938 8.9586e+25
0.0741616 9.50918 2.68758e+26
0.0600524 8.83786 8.9586e+25
0.0695724 13.6301 1.79172e+26
0.0227205 2.92907 1.79172e+26
0.0927518 7.19979 8.9586e+25
0.110091 10.1303 2.68758e+26
0.048164 14.3514 8.9586e+25
0.0292447 10.0604 8.9586e+25
0.0502026 13.8158 7.16688e+26
0.0342866 12.6782 1.79172e+26
0.0358762 11.7654 8.9586e+25
0.045347 10.9376 8.9586e+25
0.130954 12.527 8.9586e+25
0.0465247 10.2198 8.9586e+25
0.202683 11.8661 1.79172e+26
0.017998 9.94662 1.79172e+26
0.0897928 9.07965 8.9586e+25
0.0151988 15.7973 8.9586e+25
0.0780876 8.32462 8.9586e+25
0.03937 13.8902 1.79172e+26
0.115737 10.8015 1.79172e+26
0.0702918 9.69084 1.79172e+26
0.0226198 15.5829 8.9586e+25
0.00832596 12.3456 8.9586e+25
0.00883426 7.35159 8.9586e+25
0.0470928 12.3666 8.9586e+25
0.0471922 11.023 8.9586e+25
0.0778449 13.0188 3.58344e+26
0.0617239 8.37571 8.9586e+25
0.0460675 10.1735 8.9586e+25
0.0221342 14.5462 1.79172e+26
0.0315337 14.618 8.9586e+25
0.0495896 10.984 2.68758e+26
0.0426109 14.8262 2.68758e+26
0.00855428 12.4902 8.9586e+25
0.0659353 9.08855 8.9586e+25
0.0727644 9.1871 1.79172e+26
0.0363813 11.2633 1.79172e+26
0.0409928 10.1434 1.79172e+26
0.0314624 14.0962 8.9586e+25
0.0758878 8.93365 8.9586e+25
0.0516963 14.2154 1.79172e+26
0.0123464 13.588 8.9586e+25
0.148275 11.6523 8.9586e+25
0.0336742 13.0483 8.9586e+25
0.258066 7.46767 8.9586e+25
0.022046 11.9433 8.9586e+25
0.0630481 15 1.79172e+26
0.0303355 11.2322 8.9586e+25
0.00580642 13.6054 1.79172e+26
0.0107912 10.8224 2.68758e+26
0.0202743 8.00339 8.9586e+25
0.0473912 7.44466 2.68758e+26
0.0406394 12.5046 8.9586e+25
0.109554 8.58581 8.9586e+25
0.021842 6.93114 8.9586e+25
0.0138204 13.6568 8.9586e+25
0.0632235 3.43664 8.9586e+25
0.0337209 13.2593 8.9586e+25
0.0238189 15.8916 8.9586e+25
0.0367495 10.5315 1.79172e+26
0.0239844 3.79014 8.9586e+25
0.00345192 14.8856 8.9586e+25
0.0179803 13.2992 8.9586e+25
0.0843163 9.27886 1.79172e+26
0.0533668 13.0532 1.79172e+26
0.045999 11.2559 8.9586e+25
0.0421264 16.4116 8.9586e+25
0.0667686 8.33096 8.9586e+25
0.0404803 10.6197 8.9586e+25
0.0964008 12.7323 1.79172e+26
0.0806603 11.6224 8.9586e+25
0.0755505 11.5632 8.9586e+25
0.07203 9.24177 8.9586e+25
0.0140483 10.0034 8.9586e+25
0.0100572 14.0524 8.9586e+25
0.0243889 7.93263 8.9586e+25
0.0237116 6.93152 8.9586e+25
0.0166763 14.1975 8.9586e+25
0.0765275 9.5938 8.9586e+25
0.00632672 13.6973 8.9586e+25
0.157403 9.30622 8.9586e+25
0.0308754 12.0835 8.9586e+25
0.0489158 8.84366 8.9586e+25
0.0760985 8.24573 8.9586e+25
0.0773466 8.25693 8.9586e+25
0.114639 8.26675 8.9586e+25
