2.06048e+27  1  36320.8
1.97089e+27  2  36320.8
1.70213e+27  3  36320.8
1.16462e+27  4  36320.8
1.16462e+27  5  36320.8
1.07503e+27  6  36320.8
8.9586e+26  7  36320.8
8.9586e+26  8  36320.8
8.9586e+26  9  36320.8
8.9586e+26  10  36320.8
8.9586e+26  11  36320.8
8.06274e+26  12  36320.8
8.06274e+26  13  36320.8
8.06274e+26  14  36320.8
7.16688e+26  15  36320.8
7.16688e+26  16  36320.8
7.16688e+26  17  36320.8
7.16688e+26  18  36320.8
7.16688e+26  19  36320.8
6.27102e+26  20  36320.8
6.27102e+26  21  36320.8
6.27102e+26  22  36320.8
6.27102e+26  23  36320.8
6.27102e+26  24  36320.8
6.27102e+26  25  36320.8
6.27102e+26  26  36320.8
5.37516e+26  27  36320.8
5.37516e+26  28  36320.8
5.37516e+26  29  36320.8
5.37516e+26  30  36320.8
5.37516e+26  31  36320.8
5.37516e+26  32  36320.8
5.37516e+26  33  36320.8
4.4793e+26  34  36320.8
4.4793e+26  35  36320.8
4.4793e+26  36  36320.8
4.4793e+26  37  36320.8
4.4793e+26  38  36320.8
4.4793e+26  39  36320.8
4.4793e+26  40  36320.8
4.4793e+26  41  36320.8
4.4793e+26  42  36320.8
4.4793e+26  43  36320.8
4.4793e+26  44  36320.8
4.4793e+26  45  36320.8
4.4793e+26  46  36320.8
4.4793e+26  47  36320.8
4.4793e+26  48  36320.8
3.58344e+26  49  36320.8
3.58344e+26  50  36320.8
3.58344e+26  51  36320.8
3.58344e+26  52  36320.8
3.58344e+26  53  36320.8
3.58344e+26  54  36320.8
3.58344e+26  55  36320.8
3.58344e+26  56  36320.8
3.58344e+26  57  36320.8
3.58344e+26  58  36320.8
3.58344e+26  59  36320.8
3.58344e+26  60  36320.8
3.58344e+26  61  36320.8
3.58344e+26  62  36320.8
3.58344e+26  63  36320.8
3.58344e+26  64  36320.8
3.58344e+26  65  36320.8
3.58344e+26  66  36320.8
3.58344e+26  67  36320.8
3.58344e+26  68  36320.8
3.58344e+26  69  36320.8
3.58344e+26  70  36320.8
3.58344e+26  71  36320.8
3.58344e+26  72  36320.8
3.58344e+26  73  36320.8
3.58344e+26  74  36320.8
3.58344e+26  75  36320.8
3.58344e+26  76  36320.8
2.68758e+26  77  36320.8
2.68758e+26  78  36320.8
2.68758e+26  79  36320.8
2.68758e+26  80  36320.8
2.68758e+26  81  36320.8
2.68758e+26  82  36320.8
2.68758e+26  83  36320.8
2.68758e+26  84  36320.8
2.68758e+26  85  36320.8
2.68758e+26  86  36320.8
2.68758e+26  87  36320.8
2.68758e+26  88  36320.8
2.68758e+26  89  36320.8
2.68758e+26  90  36320.8
2.68758e+26  91  36320.8
2.68758e+26  92  36320.8
2.68758e+26  93  36320.8
2.68758e+26  94  36320.8
2.68758e+26  95  36320.8
2.68758e+26  96  36320.8
2.68758e+26  97  36320.8
2.68758e+26  98  36320.8
2.68758e+26  99  36320.8
2.68758e+26  100  36320.8
2.68758e+26  101  36320.8
2.68758e+26  102  36320.8
2.68758e+26  103  36320.8
2.68758e+26  104  36320.8
2.68758e+26  105  36320.8
2.68758e+26  106  36320.8
1.79172e+26  107  36320.8
1.79172e+26  108  36320.8
1.79172e+26  109  36320.8
1.79172e+26  110  36320.8
1.79172e+26  111  36320.8
1.79172e+26  112  36320.8
1.79172e+26  113  36320.8
1.79172e+26  114  36320.8
1.79172e+26  115  36320.8
1.79172e+26  116  36320.8
1.79172e+26  117  36320.8
1.79172e+26  118  36320.8
1.79172e+26  119  36320.8
1.79172e+26  120  36320.8
1.79172e+26  121  36320.8
1.79172e+26  122  36320.8
1.79172e+26  123  36320.8
1.79172e+26  124  36320.8
1.79172e+26  125  36320.8
1.79172e+26  126  36320.8
1.79172e+26  127  36320.8
1.79172e+26  128  36320.8
1.79172e+26  129  36320.8
1.79172e+26  130  36320.8
1.79172e+26  131  36320.8
1.79172e+26  132  36320.8
1.79172e+26  133  36320.8
1.79172e+26  134  36320.8
1.79172e+26  135  36320.8
1.79172e+26  136  36320.8
1.79172e+26  137  36320.8
1.79172e+26  138  36320.8
1.79172e+26  139  36320.8
1.79172e+26  140  36320.8
1.79172e+26  141  36320.8
1.79172e+26  142  36320.8
1.79172e+26  143  36320.8
1.79172e+26  144  36320.8
1.79172e+26  145  36320.8
1.79172e+26  146  36320.8
1.79172e+26  147  36320.8
1.79172e+26  148  36320.8
1.79172e+26  149  36320.8
1.79172e+26  150  36320.8
1.79172e+26  151  36320.8
1.79172e+26  152  36320.8
1.79172e+26  153  36320.8
1.79172e+26  154  36320.8
1.79172e+26  155  36320.8
1.79172e+26  156  36320.8
1.79172e+26  157  36320.8
1.79172e+26  158  36320.8
1.79172e+26  159  36320.8
1.79172e+26  160  36320.8
1.79172e+26  161  36320.8
1.79172e+26  162  36320.8
1.79172e+26  163  36320.8
1.79172e+26  164  36320.8
1.79172e+26  165  36320.8
1.79172e+26  166  36320.8
1.79172e+26  167  36320.8
1.79172e+26  168  36320.8
1.79172e+26  169  36320.8
1.79172e+26  170  36320.8
1.79172e+26  171  36320.8
1.79172e+26  172  36320.8
1.79172e+26  173  36320.8
1.79172e+26  174  36320.8
1.79172e+26  175  36320.8
1.79172e+26  176  36320.8
1.79172e+26  177  36320.8
1.79172e+26  178  36320.8
1.79172e+26  179  36320.8
1.79172e+26  180  36320.8
1.79172e+26  181  36320.8
1.79172e+26  182  36320.8
1.79172e+26  183  36320.8
1.79172e+26  184  36320.8
8.9586e+25  185  36320.8
8.9586e+25  186  36320.8
8.9586e+25  187  36320.8
8.9586e+25  188  36320.8
8.9586e+25  189  36320.8
8.9586e+25  190  36320.8
8.9586e+25  191  36320.8
8.9586e+25  192  36320.8
8.9586e+25  193  36320.8
8.9586e+25  194  36320.8
8.9586e+25  195  36320.8
8.9586e+25  196  36320.8
8.9586e+25  197  36320.8
8.9586e+25  198  36320.8
8.9586e+25  199  36320.8
8.9586e+25  200  36320.8
8.9586e+25  201  36320.8
8.9586e+25  202  36320.8
8.9586e+25  203  36320.8
8.9586e+25  204  36320.8
8.9586e+25  205  36320.8
8.9586e+25  206  36320.8
8.9586e+25  207  36320.8
8.9586e+25  208  36320.8
8.9586e+25  209  36320.8
8.9586e+25  210  36320.8
8.9586e+25  211  36320.8
8.9586e+25  212  36320.8
8.9586e+25  213  36320.8
8.9586e+25  214  36320.8
8.9586e+25  215  36320.8
8.9586e+25  216  36320.8
8.9586e+25  217  36320.8
8.9586e+25  218  36320.8
8.9586e+25  219  36320.8
8.9586e+25  220  36320.8
8.9586e+25  221  36320.8
8.9586e+25  222  36320.8
8.9586e+25  223  36320.8
8.9586e+25  224  36320.8
8.9586e+25  225  36320.8
8.9586e+25  226  36320.8
8.9586e+25  227  36320.8
8.9586e+25  228  36320.8
8.9586e+25  229  36320.8
8.9586e+25  230  36320.8
8.9586e+25  231  36320.8
8.9586e+25  232  36320.8
8.9586e+25  233  36320.8
8.9586e+25  234  36320.8
8.9586e+25  235  36320.8
8.9586e+25  236  36320.8
8.9586e+25  237  36320.8
8.9586e+25  238  36320.8
8.9586e+25  239  36320.8
8.9586e+25  240  36320.8
8.9586e+25  241  36320.8
8.9586e+25  242  36320.8
8.9586e+25  243  36320.8
8.9586e+25  244  36320.8
8.9586e+25  245  36320.8
8.9586e+25  246  36320.8
8.9586e+25  247  36320.8
8.9586e+25  248  36320.8
8.9586e+25  249  36320.8
8.9586e+25  250  36320.8
8.9586e+25  251  36320.8
8.9586e+25  252  36320.8
8.9586e+25  253  36320.8
8.9586e+25  254  36320.8
8.9586e+25  255  36320.8
8.9586e+25  256  36320.8
8.9586e+25  257  36320.8
8.9586e+25  258  36320.8
8.9586e+25  259  36320.8
8.9586e+25  260  36320.8
8.9586e+25  261  36320.8
8.9586e+25  262  36320.8
8.9586e+25  263  36320.8
8.9586e+25  264  36320.8
8.9586e+25  265  36320.8
8.9586e+25  266  36320.8
8.9586e+25  267  36320.8
8.9586e+25  268  36320.8
8.9586e+25  269  36320.8
8.9586e+25  270  36320.8
8.9586e+25  271  36320.8
8.9586e+25  272  36320.8
8.9586e+25  273  36320.8
8.9586e+25  274  36320.8
8.9586e+25  275  36320.8
8.9586e+25  276  36320.8
8.9586e+25  277  36320.8
8.9586e+25  278  36320.8
8.9586e+25  279  36320.8
8.9586e+25  280  36320.8
8.9586e+25  281  36320.8
8.9586e+25  282  36320.8
8.9586e+25  283  36320.8
8.9586e+25  284  36320.8
8.9586e+25  285  36320.8
8.9586e+25  286  36320.8
8.9586e+25  287  36320.8
8.9586e+25  288  36320.8
8.9586e+25  289  36320.8
8.9586e+25  290  36320.8
8.9586e+25  291  36320.8
8.9586e+25  292  36320.8
8.9586e+25  293  36320.8
8.9586e+25  294  36320.8
8.9586e+25  295  36320.8
8.9586e+25  296  36320.8
8.9586e+25  297  36320.8
8.9586e+25  298  36320.8
8.9586e+25  299  36320.8
8.9586e+25  300  36320.8
8.9586e+25  301  36320.8
8.9586e+25  302  36320.8
8.9586e+25  303  36320.8
8.9586e+25  304  36320.8
8.9586e+25  305  36320.8
8.9586e+25  306  36320.8
8.9586e+25  307  36320.8
8.9586e+25  308  36320.8
8.9586e+25  309  36320.8
8.9586e+25  310  36320.8
8.9586e+25  311  36320.8
8.9586e+25  312  36320.8
8.9586e+25  313  36320.8
8.9586e+25  314  36320.8
8.9586e+25  315  36320.8
8.9586e+25  316  36320.8
8.9586e+25  317  36320.8
8.9586e+25  318  36320.8
8.9586e+25  319  36320.8
8.9586e+25  320  36320.8
8.9586e+25  321  36320.8
8.9586e+25  322  36320.8
8.9586e+25  323  36320.8
8.9586e+25  324  36320.8
8.9586e+25  325  36320.8
8.9586e+25  326  36320.8
8.9586e+25  327  36320.8
8.9586e+25  328  36320.8
8.9586e+25  329  36320.8
8.9586e+25  330  36320.8
8.9586e+25  331  36320.8
8.9586e+25  332  36320.8
8.9586e+25  333  36320.8
8.9586e+25  334  36320.8
8.9586e+25  335  36320.8
8.9586e+25  336  36320.8
8.9586e+25  337  36320.8
8.9586e+25  338  36320.8
8.9586e+25  339  36320.8
8.9586e+25  340  36320.8
8.9586e+25  341  36320.8
8.9586e+25  342  36320.8
8.9586e+25  343  36320.8
8.9586e+25  344  36320.8
8.9586e+25  345  36320.8
8.9586e+25  346  36320.8
8.9586e+25  347  36320.8
8.9586e+25  348  36320.8
8.9586e+25  349  36320.8
8.9586e+25  350  36320.8
8.9586e+25  351  36320.8
8.9586e+25  352  36320.8
8.9586e+25  353  36320.8
8.9586e+25  354  36320.8
8.9586e+25  355  36320.8
8.9586e+25  356  36320.8
8.9586e+25  357  36320.8
8.9586e+25  358  36320.8
8.9586e+25  359  36320.8
8.9586e+25  360  36320.8
8.9586e+25  361  36320.8
8.9586e+25  362  36320.8
8.9586e+25  363  36320.8
8.9586e+25  364  36320.8
8.9586e+25  365  36320.8
8.9586e+25  366  36320.8
8.9586e+25  367  36320.8
8.9586e+25  368  36320.8
8.9586e+25  369  36320.8
8.9586e+25  370  36320.8
8.9586e+25  371  36320.8
8.9586e+25  372  36320.8
8.9586e+25  373  36320.8
8.9586e+25  374  36320.8
8.9586e+25  375  36320.8
8.9586e+25  376  36320.8
8.9586e+25  377  36320.8
8.9586e+25  378  36320.8
8.9586e+25  379  36320.8
8.9586e+25  380  36320.8
8.9586e+25  381  36320.8
8.9586e+25  382  36320.8
8.9586e+25  383  36320.8
8.9586e+25  384  36320.8
8.9586e+25  385  36320.8
8.9586e+25  386  36320.8
8.9586e+25  387  36320.8
8.9586e+25  388  36320.8
8.9586e+25  389  36320.8
8.9586e+25  390  36320.8
8.9586e+25  391  36320.8
8.9586e+25  392  36320.8
8.9586e+25  393  36320.8
8.9586e+25  394  36320.8
8.9586e+25  395  36320.8
8.9586e+25  396  36320.8
8.9586e+25  397  36320.8
8.9586e+25  398  36320.8
8.9586e+25  399  36320.8
8.9586e+25  400  36320.8
8.9586e+25  401  36320.8
8.9586e+25  402  36320.8
8.9586e+25  403  36320.8
8.9586e+25  404  36320.8
8.9586e+25  405  36320.8
8.9586e+25  406  36320.8
8.9586e+25  407  36320.8
8.9586e+25  408  36320.8
8.9586e+25  409  36320.8
8.9586e+25  410  36320.8
8.9586e+25  411  36320.8
8.9586e+25  412  36320.8
8.9586e+25  413  36320.8
8.9586e+25  414  36320.8
