1.2542e+27  1  27515.7
1.16462e+27  2  27515.7
1.16462e+27  3  27515.7
1.07503e+27  4  27515.7
8.9586e+26  5  27515.7
8.9586e+26  6  27515.7
8.9586e+26  7  27515.7
8.06274e+26  8  27515.7
7.16688e+26  9  27515.7
7.16688e+26  10  27515.7
7.16688e+26  11  27515.7
7.16688e+26  12  27515.7
6.27102e+26  13  27515.7
6.27102e+26  14  27515.7
6.27102e+26  15  27515.7
6.27102e+26  16  27515.7
6.27102e+26  17  27515.7
6.27102e+26  18  27515.7
6.27102e+26  19  27515.7
5.37516e+26  20  27515.7
5.37516e+26  21  27515.7
5.37516e+26  22  27515.7
5.37516e+26  23  27515.7
5.37516e+26  24  27515.7
4.4793e+26  25  27515.7
4.4793e+26  26  27515.7
4.4793e+26  27  27515.7
4.4793e+26  28  27515.7
4.4793e+26  29  27515.7
4.4793e+26  30  27515.7
4.4793e+26  31  27515.7
4.4793e+26  32  27515.7
4.4793e+26  33  27515.7
4.4793e+26  34  27515.7
4.4793e+26  35  27515.7
4.4793e+26  36  27515.7
4.4793e+26  37  27515.7
4.4793e+26  38  27515.7
4.4793e+26  39  27515.7
4.4793e+26  40  27515.7
4.4793e+26  41  27515.7
4.4793e+26  42  27515.7
4.4793e+26  43  27515.7
4.4793e+26  44  27515.7
3.58344e+26  45  27515.7
3.58344e+26  46  27515.7
3.58344e+26  47  27515.7
3.58344e+26  48  27515.7
3.58344e+26  49  27515.7
3.58344e+26  50  27515.7
3.58344e+26  51  27515.7
3.58344e+26  52  27515.7
3.58344e+26  53  27515.7
3.58344e+26  54  27515.7
3.58344e+26  55  27515.7
3.58344e+26  56  27515.7
3.58344e+26  57  27515.7
3.58344e+26  58  27515.7
3.58344e+26  59  27515.7
3.58344e+26  60  27515.7
3.58344e+26  61  27515.7
3.58344e+26  62  27515.7
3.58344e+26  63  27515.7
3.58344e+26  64  27515.7
3.58344e+26  65  27515.7
3.58344e+26  66  27515.7
3.58344e+26  67  27515.7
3.58344e+26  68  27515.7
2.68758e+26  69  27515.7
2.68758e+26  70  27515.7
2.68758e+26  71  27515.7
2.68758e+26  72  27515.7
2.68758e+26  73  27515.7
2.68758e+26  74  27515.7
2.68758e+26  75  27515.7
2.68758e+26  76  27515.7
2.68758e+26  77  27515.7
2.68758e+26  78  27515.7
2.68758e+26  79  27515.7
2.68758e+26  80  27515.7
2.68758e+26  81  27515.7
2.68758e+26  82  27515.7
2.68758e+26  83  27515.7
2.68758e+26  84  27515.7
2.68758e+26  85  27515.7
2.68758e+26  86  27515.7
2.68758e+26  87  27515.7
2.68758e+26  88  27515.7
2.68758e+26  89  27515.7
2.68758e+26  90  27515.7
2.68758e+26  91  27515.7
2.68758e+26  92  27515.7
2.68758e+26  93  27515.7
2.68758e+26  94  27515.7
2.68758e+26  95  27515.7
2.68758e+26  96  27515.7
2.68758e+26  97  27515.7
2.68758e+26  98  27515.7
2.68758e+26  99  27515.7
2.68758e+26  100  27515.7
2.68758e+26  101  27515.7
2.68758e+26  102  27515.7
1.79172e+26  103  27515.7
1.79172e+26  104  27515.7
1.79172e+26  105  27515.7
1.79172e+26  106  27515.7
1.79172e+26  107  27515.7
1.79172e+26  108  27515.7
1.79172e+26  109  27515.7
1.79172e+26  110  27515.7
1.79172e+26  111  27515.7
1.79172e+26  112  27515.7
1.79172e+26  113  27515.7
1.79172e+26  114  27515.7
1.79172e+26  115  27515.7
1.79172e+26  116  27515.7
1.79172e+26  117  27515.7
1.79172e+26  118  27515.7
1.79172e+26  119  27515.7
1.79172e+26  120  27515.7
1.79172e+26  121  27515.7
1.79172e+26  122  27515.7
1.79172e+26  123  27515.7
1.79172e+26  124  27515.7
1.79172e+26  125  27515.7
1.79172e+26  126  27515.7
1.79172e+26  127  27515.7
1.79172e+26  128  27515.7
1.79172e+26  129  27515.7
1.79172e+26  130  27515.7
1.79172e+26  131  27515.7
1.79172e+26  132  27515.7
1.79172e+26  133  27515.7
1.79172e+26  134  27515.7
1.79172e+26  135  27515.7
1.79172e+26  136  27515.7
1.79172e+26  137  27515.7
1.79172e+26  138  27515.7
1.79172e+26  139  27515.7
1.79172e+26  140  27515.7
1.79172e+26  141  27515.7
1.79172e+26  142  27515.7
1.79172e+26  143  27515.7
1.79172e+26  144  27515.7
1.79172e+26  145  27515.7
1.79172e+26  146  27515.7
1.79172e+26  147  27515.7
1.79172e+26  148  27515.7
1.79172e+26  149  27515.7
1.79172e+26  150  27515.7
1.79172e+26  151  27515.7
1.79172e+26  152  27515.7
1.79172e+26  153  27515.7
1.79172e+26  154  27515.7
1.79172e+26  155  27515.7
1.79172e+26  156  27515.7
1.79172e+26  157  27515.7
1.79172e+26  158  27515.7
1.79172e+26  159  27515.7
1.79172e+26  160  27515.7
1.79172e+26  161  27515.7
1.79172e+26  162  27515.7
1.79172e+26  163  27515.7
1.79172e+26  164  27515.7
1.79172e+26  165  27515.7
1.79172e+26  166  27515.7
1.79172e+26  167  27515.7
1.79172e+26  168  27515.7
1.79172e+26  169  27515.7
1.79172e+26  170  27515.7
1.79172e+26  171  27515.7
1.79172e+26  172  27515.7
1.79172e+26  173  27515.7
1.79172e+26  174  27515.7
1.79172e+26  175  27515.7
1.79172e+26  176  27515.7
1.79172e+26  177  27515.7
1.79172e+26  178  27515.7
1.79172e+26  179  27515.7
1.79172e+26  180  27515.7
1.79172e+26  181  27515.7
1.79172e+26  182  27515.7
1.79172e+26  183  27515.7
1.79172e+26  184  27515.7
1.79172e+26  185  27515.7
1.79172e+26  186  27515.7
1.79172e+26  187  27515.7
1.79172e+26  188  27515.7
1.79172e+26  189  27515.7
1.79172e+26  190  27515.7
1.79172e+26  191  27515.7
1.79172e+26  192  27515.7
1.79172e+26  193  27515.7
1.79172e+26  194  27515.7
1.79172e+26  195  27515.7
8.9586e+25  196  27515.7
8.9586e+25  197  27515.7
8.9586e+25  198  27515.7
8.9586e+25  199  27515.7
8.9586e+25  200  27515.7
8.9586e+25  201  27515.7
8.9586e+25  202  27515.7
8.9586e+25  203  27515.7
8.9586e+25  204  27515.7
8.9586e+25  205  27515.7
8.9586e+25  206  27515.7
8.9586e+25  207  27515.7
8.9586e+25  208  27515.7
8.9586e+25  209  27515.7
8.9586e+25  210  27515.7
8.9586e+25  211  27515.7
8.9586e+25  212  27515.7
8.9586e+25  213  27515.7
8.9586e+25  214  27515.7
8.9586e+25  215  27515.7
8.9586e+25  216  27515.7
8.9586e+25  217  27515.7
8.9586e+25  218  27515.7
8.9586e+25  219  27515.7
8.9586e+25  220  27515.7
8.9586e+25  221  27515.7
8.9586e+25  222  27515.7
8.9586e+25  223  27515.7
8.9586e+25  224  27515.7
8.9586e+25  225  27515.7
8.9586e+25  226  27515.7
8.9586e+25  227  27515.7
8.9586e+25  228  27515.7
8.9586e+25  229  27515.7
8.9586e+25  230  27515.7
8.9586e+25  231  27515.7
8.9586e+25  232  27515.7
8.9586e+25  233  27515.7
8.9586e+25  234  27515.7
8.9586e+25  235  27515.7
8.9586e+25  236  27515.7
8.9586e+25  237  27515.7
8.9586e+25  238  27515.7
8.9586e+25  239  27515.7
8.9586e+25  240  27515.7
8.9586e+25  241  27515.7
8.9586e+25  242  27515.7
8.9586e+25  243  27515.7
8.9586e+25  244  27515.7
8.9586e+25  245  27515.7
8.9586e+25  246  27515.7
8.9586e+25  247  27515.7
8.9586e+25  248  27515.7
8.9586e+25  249  27515.7
8.9586e+25  250  27515.7
8.9586e+25  251  27515.7
8.9586e+25  252  27515.7
8.9586e+25  253  27515.7
8.9586e+25  254  27515.7
8.9586e+25  255  27515.7
8.9586e+25  256  27515.7
8.9586e+25  257  27515.7
8.9586e+25  258  27515.7
8.9586e+25  259  27515.7
8.9586e+25  260  27515.7
8.9586e+25  261  27515.7
8.9586e+25  262  27515.7
8.9586e+25  263  27515.7
8.9586e+25  264  27515.7
8.9586e+25  265  27515.7
8.9586e+25  266  27515.7
8.9586e+25  267  27515.7
8.9586e+25  268  27515.7
8.9586e+25  269  27515.7
8.9586e+25  270  27515.7
8.9586e+25  271  27515.7
8.9586e+25  272  27515.7
8.9586e+25  273  27515.7
8.9586e+25  274  27515.7
8.9586e+25  275  27515.7
8.9586e+25  276  27515.7
8.9586e+25  277  27515.7
8.9586e+25  278  27515.7
8.9586e+25  279  27515.7
8.9586e+25  280  27515.7
8.9586e+25  281  27515.7
8.9586e+25  282  27515.7
8.9586e+25  283  27515.7
8.9586e+25  284  27515.7
8.9586e+25  285  27515.7
8.9586e+25  286  27515.7
8.9586e+25  287  27515.7
8.9586e+25  288  27515.7
8.9586e+25  289  27515.7
8.9586e+25  290  27515.7
8.9586e+25  291  27515.7
8.9586e+25  292  27515.7
8.9586e+25  293  27515.7
8.9586e+25  294  27515.7
8.9586e+25  295  27515.7
8.9586e+25  296  27515.7
8.9586e+25  297  27515.7
8.9586e+25  298  27515.7
8.9586e+25  299  27515.7
8.9586e+25  300  27515.7
8.9586e+25  301  27515.7
8.9586e+25  302  27515.7
8.9586e+25  303  27515.7
8.9586e+25  304  27515.7
8.9586e+25  305  27515.7
8.9586e+25  306  27515.7
8.9586e+25  307  27515.7
8.9586e+25  308  27515.7
8.9586e+25  309  27515.7
8.9586e+25  310  27515.7
8.9586e+25  311  27515.7
8.9586e+25  312  27515.7
8.9586e+25  313  27515.7
8.9586e+25  314  27515.7
8.9586e+25  315  27515.7
8.9586e+25  316  27515.7
8.9586e+25  317  27515.7
8.9586e+25  318  27515.7
8.9586e+25  319  27515.7
8.9586e+25  320  27515.7
8.9586e+25  321  27515.7
8.9586e+25  322  27515.7
8.9586e+25  323  27515.7
8.9586e+25  324  27515.7
8.9586e+25  325  27515.7
8.9586e+25  326  27515.7
8.9586e+25  327  27515.7
8.9586e+25  328  27515.7
8.9586e+25  329  27515.7
8.9586e+25  330  27515.7
8.9586e+25  331  27515.7
8.9586e+25  332  27515.7
8.9586e+25  333  27515.7
8.9586e+25  334  27515.7
8.9586e+25  335  27515.7
8.9586e+25  336  27515.7
8.9586e+25  337  27515.7
8.9586e+25  338  27515.7
8.9586e+25  339  27515.7
8.9586e+25  340  27515.7
8.9586e+25  341  27515.7
8.9586e+25  342  27515.7
8.9586e+25  343  27515.7
8.9586e+25  344  27515.7
8.9586e+25  345  27515.7
8.9586e+25  346  27515.7
8.9586e+25  347  27515.7
8.9586e+25  348  27515.7
8.9586e+25  349  27515.7
8.9586e+25  350  27515.7
8.9586e+25  351  27515.7
8.9586e+25  352  27515.7
8.9586e+25  353  27515.7
8.9586e+25  354  27515.7
8.9586e+25  355  27515.7
8.9586e+25  356  27515.7
8.9586e+25  357  27515.7
8.9586e+25  358  27515.7
8.9586e+25  359  27515.7
8.9586e+25  360  27515.7
8.9586e+25  361  27515.7
8.9586e+25  362  27515.7
8.9586e+25  363  27515.7
8.9586e+25  364  27515.7
8.9586e+25  365  27515.7
8.9586e+25  366  27515.7
8.9586e+25  367  27515.7
8.9586e+25  368  27515.7
8.9586e+25  369  27515.7
8.9586e+25  370  27515.7
8.9586e+25  371  27515.7
8.9586e+25  372  27515.7
8.9586e+25  373  27515.7
8.9586e+25  374  27515.7
8.9586e+25  375  27515.7
8.9586e+25  376  27515.7
8.9586e+25  377  27515.7
8.9586e+25  378  27515.7
8.9586e+25  379  27515.7
8.9586e+25  380  27515.7
8.9586e+25  381  27515.7
8.9586e+25  382  27515.7
8.9586e+25  383  27515.7
8.9586e+25  384  27515.7
8.9586e+25  385  27515.7
8.9586e+25  386  27515.7
8.9586e+25  387  27515.7
8.9586e+25  388  27515.7
8.9586e+25  389  27515.7
8.9586e+25  390  27515.7
8.9586e+25  391  27515.7
8.9586e+25  392  27515.7
8.9586e+25  393  27515.7
8.9586e+25  394  27515.7
8.9586e+25  395  27515.7
8.9586e+25  396  27515.7
8.9586e+25  397  27515.7
8.9586e+25  398  27515.7
8.9586e+25  399  27515.7
8.9586e+25  400  27515.7
8.9586e+25  401  27515.7
8.9586e+25  402  27515.7
8.9586e+25  403  27515.7
8.9586e+25  404  27515.7
8.9586e+25  405  27515.7
8.9586e+25  406  27515.7
8.9586e+25  407  27515.7
8.9586e+25  408  27515.7
8.9586e+25  409  27515.7
8.9586e+25  410  27515.7
8.9586e+25  411  27515.7
8.9586e+25  412  27515.7
8.9586e+25  413  27515.7
8.9586e+25  414  27515.7
8.9586e+25  415  27515.7
8.9586e+25  416  27515.7
8.9586e+25  417  27515.7
8.9586e+25  418  27515.7
8.9586e+25  419  27515.7
8.9586e+25  420  27515.7
8.9586e+25  421  27515.7
8.9586e+25  422  27515.7
8.9586e+25  423  27515.7
8.9586e+25  424  27515.7
8.9586e+25  425  27515.7
8.9586e+25  426  27515.7
8.9586e+25  427  27515.7
8.9586e+25  428  27515.7
8.9586e+25  429  27515.7
8.9586e+25  430  27515.7
8.9586e+25  431  27515.7
8.9586e+25  432  27515.7
8.9586e+25  433  27515.7
8.9586e+25  434  27515.7
8.9586e+25  435  27515.7
8.9586e+25  436  27515.7
8.9586e+25  437  27515.7
8.9586e+25  438  27515.7
8.9586e+25  439  27515.7
8.9586e+25  440  27515.7
8.9586e+25  441  27515.7
8.9586e+25  442  27515.7
8.9586e+25  443  27515.7
8.9586e+25  444  27515.7
8.9586e+25  445  27515.7
8.9586e+25  446  27515.7
8.9586e+25  447  27515.7
8.9586e+25  448  27515.7
8.9586e+25  449  27515.7
8.9586e+25  450  27515.7
8.9586e+25  451  27515.7
8.9586e+25  452  27515.7
8.9586e+25  453  27515.7
8.9586e+25  454  27515.7
8.9586e+25  455  27515.7
8.9586e+25  456  27515.7
8.9586e+25  457  27515.7
8.9586e+25  458  27515.7
8.9586e+25  459  27515.7
8.9586e+25  460  27515.7
8.9586e+25  461  27515.7
8.9586e+25  462  27515.7
8.9586e+25  463  27515.7
8.9586e+25  464  27515.7
8.9586e+25  465  27515.7
8.9586e+25  466  27515.7
8.9586e+25  467  27515.7
8.9586e+25  468  27515.7
8.9586e+25  469  27515.7
8.9586e+25  470  27515.7
8.9586e+25  471  27515.7
8.9586e+25  472  27515.7
8.9586e+25  473  27515.7
8.9586e+25  474  27515.7
8.9586e+25  475  27515.7
8.9586e+25  476  27515.7
8.9586e+25  477  27515.7
8.9586e+25  478  27515.7
8.9586e+25  479  27515.7
8.9586e+25  480  27515.7
8.9586e+25  481  27515.7
8.9586e+25  482  27515.7
