5.717788e+03	
286	
0	1.000000e+00	-4.332283e-05	-2.871075e-05	2.706103e-08	-4.114492e-09	-4.282692e-09	9.023917e-12
1	5.027652e-10	9.840109e-01	-2.288483e-01	-2.411033e-04	2.264970e-01	9.685581e-01	7.916365e-04
2	5.027652e-10	2.881357e-01	-9.213006e-01	-5.682324e-04	9.707522e-01	3.044491e-01	-3.392036e-04
3	5.027652e-10	-5.091628e-01	8.492454e-01	3.352464e-04	-8.600076e-01	-5.179485e-01	2.106329e-04
4	5.027652e-10	-4.349729e-01	8.481246e-01	-2.098095e-04	-9.124247e-01	-4.654141e-01	-3.529137e-04
5	5.027652e-10	8.410215e-01	-4.999589e-01	-5.582484e-04	5.170011e-01	8.688824e-01	4.165094e-04
6	5.027652e-10	-9.744350e-01	-1.681255e-01	-7.189834e-05	1.715992e-01	-9.906133e-01	6.038952e-04
7	5.027652e-10	1.079282e-01	-9.757257e-01	6.474369e-05	1.003423e+00	1.106703e-01	-3.095203e-04
8	5.027652e-10	8.006807e-01	5.336202e-01	-1.465240e-05	-5.653924e-01	8.472311e-01	8.490151e-04
9	5.027652e-10	9.632883e-01	-1.626733e-01	-7.578278e-05	1.674818e-01	9.974684e-01	3.291345e-04
10	5.027652e-10	-3.539885e-02	-9.825026e-01	4.389903e-04	1.007645e+00	-3.703391e-02	-6.790375e-04
11	5.027652e-10	-5.999682e-01	7.459727e-01	-9.410341e-04	-7.961874e-01	-6.405339e-01	4.420961e-04
12	5.027652e-10	5.688410e-01	8.075856e-01	7.965750e-04	-8.228534e-01	5.803994e-01	3.085294e-04
13	5.027652e-10	-2.927471e-01	-9.145017e-01	-6.578366e-04	9.723145e-01	-3.103304e-01	-6.904226e-04
14	5.027652e-10	3.425256e-01	9.202864e-01	8.680238e-04	-9.457699e-01	3.529752e-01	2.826136e-04
15	5.027652e-10	5.903136e-01	-7.735051e-01	-1.426421e-04	8.059090e-01	6.164726e-01	6.189093e-04
16	5.027652e-10	-5.130160e-01	8.233398e-01	-4.939875e-04	-8.609733e-01	-5.367899e-01	3.532693e-04
17	5.027652e-10	8.633005e-01	-4.390638e-01	-6.182155e-04	4.590326e-01	9.072143e-01	5.914754e-04
18	5.027652e-10	-2.991851e-01	9.062976e-01	7.251567e-04	-9.718863e-01	-3.217985e-01	-5.512905e-04
19	5.027652e-10	-1.595429e-02	-9.906670e-01	2.152420e-04	1.004748e+00	-1.511920e-02	2.707902e-04
20	5.027652e-10	7.290705e-01	6.448170e-01	2.676751e-04	-6.725046e-01	7.594857e-01	-3.881423e-04
21	5.027652e-10	9.531580e-01	-2.645146e-01	1.269907e-05	2.689745e-01	9.690687e-01	-5.325028e-04
22	5.027652e-10	-9.694774e-01	1.452643e-01	2.574238e-04	-1.512352e-01	-9.987738e-01	-1.093677e-03
23	5.027652e-10	-9.458900e-01	2.283607e-01	-8.029476e-04	-2.383118e-01	-9.854858e-01	-5.723772e-04
24	5.027652e-10	2.110703e-01	9.313919e-01	-3.337777e-04	-9.987121e-01	2.274324e-01	-1.719478e-04
25	5.027652e-10	8.015248e-01	-5.468766e-01	-6.171862e-04	5.713757e-01	8.389721e-01	-7.932529e-05
26	5.027652e-10	3.385646e-01	8.933596e-01	3.760956e-04	-9.557720e-01	3.646201e-01	-9.269485e-04
27	5.027652e-10	-5.846488e-02	-9.609850e-01	-1.230567e-04	1.017624e+00	-6.463759e-02	3.338750e-04
28	1.005530e-09	-7.545294e-01	-6.356980e-01	-9.594093e-05	6.494219e-01	-7.695302e-01	2.982947e-04
29	5.027652e-10	-3.569201e-01	8.924517e-01	9.030025e-04	-9.474737e-01	-3.783705e-01	2.711549e-04
30	5.027652e-10	6.804150e-01	7.071661e-01	-8.404436e-04	-7.283725e-01	6.984971e-01	2.865403e-04
31	5.027652e-10	-9.224928e-01	3.392492e-01	3.411487e-04	-3.474533e-01	-9.468188e-01	8.870473e-04
32	5.027652e-10	9.513983e-01	1.420072e-01	1.645217e-04	-1.490494e-01	1.009199e+00	-8.185058e-04
33	5.027652e-10	6.452055e-01	7.413044e-01	6.112073e-04	-7.615352e-01	6.614316e-01	4.442352e-04
34	5.027652e-10	1.769858e-01	-9.649024e-01	-2.543211e-04	9.920815e-01	1.806250e-01	5.234412e-04
35	5.027652e-10	-7.905629e-01	-5.497583e-01	-2.518293e-04	5.813516e-01	-8.377055e-01	-5.758275e-04
36	5.027652e-10	-9.873609e-01	-2.700903e-02	5.630635e-04	2.747287e-02	-1.005913e+00	-5.324363e-04
37	5.027652e-10	3.121544e-01	9.351933e-01	4.368499e-04	-9.550384e-01	3.189925e-01	5.620681e-04
38	5.027652e-10	6.339934e-01	-7.160700e-01	-4.728702e-04	7.648105e-01	6.777225e-01	-4.107005e-04
39	1.005530e-09	2.835875e-01	9.252559e-01	3.138483e-04	-9.728281e-01	2.986542e-01	1.635685e-04
40	5.027652e-10	-9.207778e-01	3.008479e-01	-1.458047e-04	-3.155924e-01	-9.659818e-01	9.674520e-04
41	5.027652e-10	-9.493874e-01	1.728030e-01	4.192819e-04	-1.827775e-01	-1.001437e+00	7.548069e-04
42	5.027652e-10	-9.797399e-01	-4.288330e-02	6.006351e-04	4.455114e-02	-1.008711e+00	-9.870556e-05
43	5.027652e-10	-1.072980e-02	9.506743e-01	-6.380917e-04	-1.024757e+00	-1.094073e-02	-4.399992e-04
44	5.027652e-10	7.256670e-01	-6.566569e-01	1.283458e-04	6.773844e-01	7.501299e-01	-5.870291e-04
45	5.027652e-10	7.735457e-01	-5.790632e-01	1.092475e-03	6.097376e-01	8.138790e-01	2.538569e-04
46	5.027652e-10	8.428310e-01	4.469063e-01	-3.148252e-04	-4.779920e-01	9.045871e-01	1.952877e-04
47	5.027652e-10	6.015336e-01	7.441897e-01	-5.158955e-04	-7.939204e-01	6.438990e-01	4.855403e-04
48	5.027652e-10	-5.485694e-01	-7.853489e-01	-2.879746e-07	8.375872e-01	-5.836770e-01	6.416112e-04
49	5.027652e-10	-2.415563e-01	-9.572090e-01	1.547685e-04	9.751413e-01	-2.454156e-01	4.606378e-04
50	5.027652e-10	-9.749891e-01	1.631124e-01	8.650040e-04	-1.654090e-01	-9.907591e-01	-4.607627e-04
51	5.027652e-10	-5.683853e-01	7.771560e-01	7.358348e-04	-8.232702e-01	-6.011201e-01	3.615608e-04
52	5.027652e-10	-1.188024e-01	-9.409861e-01	3.487335e-04	1.019197e+00	-1.273148e-01	1.505219e-04
53	5.027652e-10	3.816865e-02	-9.781780e-01	-2.948830e-06	1.010781e+00	3.583472e-02	-4.374962e-04
54	5.027652e-10	-8.847578e-01	-4.390271e-01	-5.120865e-06	4.471470e-01	-9.010343e-01	-8.796953e-04
55	5.027652e-10	-6.330730e-01	7.187457e-01	-5.695298e-04	-7.675145e-01	-6.759041e-01	1.377803e-04
56	5.027652e-10	4.735401e-01	-8.255211e-01	-1.613640e-04	8.892862e-01	5.107194e-01	-4.875168e-06
57	5.027652e-10	-3.575695e-01	8.993873e-01	8.811797e-04	-9.457551e-01	-3.728652e-01	4.583800e-04
58	5.027652e-10	-3.339508e-01	-9.252777e-01	2.373681e-05	9.493058e-01	-3.415110e-01	4.094532e-04
59	5.027652e-10	-9.274913e-01	2.668542e-01	-1.862394e-05	-2.833730e-01	-9.783394e-01	-1.743222e-04
60	5.027652e-10	9.420166e-01	-2.324045e-01	9.430218e-04	2.421041e-01	9.865737e-01	-7.006622e-04
61	5.027652e-10	6.154495e-01	-7.534664e-01	3.303427e-04	7.844004e-01	6.419356e-01	-2.963460e-05
62	5.027652e-10	4.133171e-01	8.992867e-01	-3.445902e-04	-9.135282e-01	4.212417e-01	9.999600e-04
63	1.005530e-09	-8.917717e-01	-4.008991e-01	2.296607e-04	4.134294e-01	-9.236495e-01	-1.111516e-04
64	5.027652e-10	-6.659833e-01	7.160337e-01	-5.465068e-04	-7.395002e-01	-6.907872e-01	-4.301530e-04
65	5.027652e-10	7.916621e-01	5.534485e-01	-1.322388e-04	-5.827992e-01	8.336650e-01	1.718086e-04
66	5.027652e-10	-5.896293e-01	-7.595124e-01	4.150333e-04	8.052114e-01	-6.253356e-01	-3.055594e-04
67	5.027652e-10	-8.297674e-01	-4.910371e-01	-3.249305e-04	5.201125e-01	-8.762604e-01	9.101983e-04
68	5.027652e-10	-9.813953e-01	-1.232705e-01	-1.938311e-05	1.250206e-01	-9.982358e-01	8.903201e-05
69	5.027652e-10	-5.817302e-01	-7.710687e-01	1.723323e-04	8.126437e-01	-6.125574e-01	2.100254e-04
70	5.027652e-10	4.348821e-01	8.710819e-01	-1.737209e-04	-9.084403e-01	4.532757e-01	1.092889e-03
71	5.027652e-10	-6.272782e-01	7.240021e-01	5.458898e-04	-7.742197e-01	-6.669416e-01	4.588337e-05
72	5.027652e-10	1.772041e-01	-9.426852e-01	-2.541448e-04	1.002893e+00	1.889341e-01	-5.447525e-04
73	5.027652e-10	-7.319165e-01	-6.452396e-01	2.109214e-05	6.711154e-01	-7.585097e-01	-7.301524e-05
74	5.027652e-10	9.281631e-01	-2.828548e-01	-4.907478e-04	2.969570e-01	9.704683e-01	-6.834771e-05
75	5.027652e-10	7.781565e-01	-6.107472e-01	-9.422220e-06	6.222249e-01	7.906343e-01	2.844508e-05
76	5.027652e-10	-2.343619e-01	-9.224390e-01	5.463529e-04	9.931646e-01	-2.537235e-01	-7.616579e-05
77	5.027652e-10	-8.559870e-01	-4.631929e-01	-5.801866e-04	4.830100e-01	-8.914445e-01	-7.003212e-04
78	5.027652e-10	5.996530e-01	7.606185e-01	6.087668e-04	-7.979899e-01	6.295520e-01	3.404822e-04
79	5.027652e-10	-7.058104e-01	-6.781777e-01	-2.160360e-04	7.000043e-01	-7.289041e-01	-1.950505e-04
80	5.027652e-10	-2.827224e-01	9.059851e-01	2.114868e-04	-9.798945e-01	-3.047103e-01	5.701799e-04
81	5.027652e-10	-9.260485e-01	3.051870e-01	-6.007528e-05	-3.177761e-01	-9.620719e-01	-1.416445e-04
82	5.027652e-10	-1.520592e-01	-9.528229e-01	1.304510e-04	1.005547e+00	-1.614563e-01	1.618840e-05
83	5.027652e-10	-8.680434e-01	-4.798814e-01	-3.403174e-04	4.847811e-01	-8.791990e-01	2.713422e-04
84	5.027652e-10	-8.975249e-01	-3.361186e-01	8.505896e-06	3.587685e-01	-9.575966e-01	-6.353148e-04
85	5.027652e-10	2.122642e-01	-9.611695e-01	-4.340218e-04	9.842779e-01	2.185230e-01	7.352878e-04
86	5.027652e-10	-7.604324e-01	-6.087185e-01	5.328688e-04	6.325687e-01	-7.907831e-01	1.864277e-04
87	5.027652e-10	6.950355e-01	-6.931759e-01	-7.613926e-04	7.119795e-01	7.137263e-01	-6.382661e-04
88	5.027652e-10	-8.960728e-01	3.704427e-01	-1.547212e-04	-3.877866e-01	-9.385035e-01	-3.084205e-06
89	5.027652e-10	4.004038e-01	-8.717773e-01	2.238371e-05	9.274703e-01	4.270415e-01	7.033008e-04
90	5.027652e-10	3.605488e-01	-9.033049e-01	1.397926e-04	9.417516e-01	3.780930e-01	-7.720681e-04
91	5.027652e-10	9.852296e-01	7.705410e-02	-1.560599e-04	-7.790515e-02	1.003259e+00	-2.820232e-04
92	5.027652e-10	9.271697e-01	3.294615e-01	6.299056e-04	-3.361754e-01	9.508253e-01	3.594943e-04
93	5.027652e-10	-4.736611e-01	8.378954e-01	1.146949e-03	-8.879210e-01	-5.007281e-01	6.676649e-04
94	1.005530e-09	9.674490e-01	1.510581e-01	-5.440996e-04	-1.562470e-01	9.983974e-01	3.504832e-04
95	5.027652e-10	-5.186297e-01	8.042483e-01	-3.386839e-04	-8.600575e-01	-5.530641e-01	-2.373287e-04
96	5.027652e-10	-3.889166e-01	8.741086e-01	1.372692e-03	-9.327236e-01	-4.173425e-01	-2.910441e-04
97	5.027652e-10	-1.061673e-01	9.462867e-01	-2.938908e-04	-1.018614e+00	-1.138727e-01	5.359819e-04
98	1.005530e-09	-2.026930e-01	9.554838e-01	-1.078395e-03	-9.904915e-01	-2.099919e-01	5.277159e-04
99	5.027652e-10	-9.092161e-01	-3.298679e-01	2.698976e-05	3.468895e-01	-9.551729e-01	6.423479e-04
100	1.005530e-09	2.799612e-01	9.258143e-01	-6.343300e-04	-9.733214e-01	2.933862e-01	5.151132e-04
101	5.027652e-10	9.564799e-01	-4.893843e-02	-1.824062e-05	5.377112e-02	1.020956e+00	2.765562e-05
102	5.027652e-10	9.341834e-01	-2.161861e-01	7.730873e-04	2.320313e-01	9.943580e-01	-6.565248e-04
103	5.027652e-10	1.807091e-01	9.579136e-01	2.377716e-04	-9.967043e-01	1.876875e-01	-9.122485e-04
104	5.027652e-10	-8.740425e-01	4.475869e-01	1.712250e-04	-4.598414e-01	-8.997002e-01	-6.555849e-04
105	5.027652e-10	5.015561e-01	-8.178862e-01	1.040941e-03	8.699976e-01	5.331941e-01	-7.829941e-04
106	5.027652e-10	-1.614162e-01	-9.504082e-01	-2.764762e-05	1.003752e+00	-1.696853e-01	1.486875e-04
107	5.027652e-10	5.141785e-01	-8.185454e-01	5.247110e-04	8.601707e-01	5.411505e-01	2.705697e-04
108	5.027652e-10	-4.142386e-01	-8.743975e-01	-5.348567e-04	9.197036e-01	-4.349146e-01	3.945947e-04
109	1.005530e-09	-1.886416e-01	-9.594391e-01	-2.861711e-04	9.914958e-01	-1.977349e-01	3.369826e-04
110	5.027652e-10	8.897062e-01	-3.443900e-01	4.185008e-04	3.699764e-01	9.548144e-01	-1.446585e-04
111	5.027652e-10	-3.261199e-01	-8.977027e-01	9.878690e-05	9.612123e-01	-3.504755e-01	-8.322069e-04
112	5.027652e-10	-3.544063e-01	9.183011e-01	4.064398e-05	-9.392170e-01	-3.634052e-01	-6.851310e-04
113	5.027652e-10	5.467556e-01	-7.956452e-01	-1.290601e-03	8.403389e-01	5.753699e-01	-7.147548e-04
114	5.027652e-10	9.470115e-01	1.321351e-01	8.762837e-04	-1.419425e-01	1.013233e+00	-6.542737e-06
115	5.027652e-10	-9.642101e-01	7.518604e-02	1.423142e-03	-7.988990e-02	-1.012550e+00	2.779328e-04
116	5.027652e-10	8.494249e-01	-4.429012e-01	2.411284e-04	4.724518e-01	9.045009e-01	7.303544e-04
117	5.027652e-10	-6.474605e-01	-7.336436e-01	-6.595880e-04	7.575904e-01	-6.710516e-01	8.610333e-05
118	5.027652e-10	6.411851e-01	-7.375700e-01	-3.401853e-05	7.634480e-01	6.627652e-01	2.024537e-04
119	5.027652e-10	-9.223294e-01	-3.624204e-01	-2.009246e-05	3.675936e-01	-9.357746e-01	8.089100e-05
120	5.027652e-10	-8.440905e-01	5.137507e-01	1.543602e-04	-5.244423e-01	-8.578527e-01	-7.480093e-04
121	5.027652e-10	-9.340764e-01	2.102113e-01	7.232788e-05	-2.238481e-01	-9.963867e-01	8.896297e-05
122	1.005530e-09	2.570814e-01	-9.324413e-01	2.664257e-04	9.800845e-01	2.701993e-01	2.410595e-04
123	5.027652e-10	6.911781e-02	-9.669961e-01	5.516503e-04	1.013748e+00	7.385803e-02	-3.146404e-04
124	5.027652e-10	5.597389e-01	8.073575e-01	6.219471e-04	-8.286517e-01	5.749412e-01	-5.937907e-04
125	5.027652e-10	9.626317e-01	-8.513385e-02	-7.507957e-04	9.013653e-02	1.013519e+00	-1.043427e-03
126	5.027652e-10	9.762574e-01	5.358025e-03	8.792090e-04	-2.998522e-03	1.011347e+00	-3.655773e-04
127	5.027652e-10	-6.643816e-01	-7.131137e-01	-1.569388e-05	7.424921e-01	-6.888640e-01	4.205662e-04
128	5.027652e-10	8.629877e-01	4.321601e-01	-4.707230e-04	-4.553988e-01	9.096193e-01	-3.351607e-04
129	5.027652e-10	-9.731212e-01	1.629853e-01	-9.745178e-05	-1.655488e-01	-9.937107e-01	-2.260322e-04
130	5.027652e-10	3.951027e-01	-8.668381e-01	-4.026759e-04	9.327211e-01	4.250553e-01	6.047768e-05
131	1.005530e-09	4.894421e-01	8.340267e-01	-1.931060e-04	-8.772874e-01	5.143348e-01	-1.608975e-04
132	5.027652e-10	-2.455392e-01	9.223737e-01	9.041900e-05	-9.889787e-01	-2.639143e-01	6.373132e-05
133	5.027652e-10	8.254339e-01	-5.188238e-01	9.115609e-04	5.396850e-01	8.568913e-01	-1.454098e-03
134	5.027652e-10	9.649268e-01	1.018807e-02	1.875996e-04	-1.330450e-02	1.017562e+00	2.942668e-04
135	5.027652e-10	-4.223080e-01	8.513997e-01	3.384274e-04	-9.184011e-01	-4.548024e-01	-8.492702e-04
136	5.027652e-10	9.784577e-01	6.703010e-02	-1.624171e-04	-6.868207e-02	1.007062e+00	7.457807e-04
137	5.027652e-10	-3.017364e-01	-9.285033e-01	-1.909588e-06	9.621093e-01	-3.141798e-01	-2.359297e-04
138	5.027652e-10	-4.753774e-01	-8.682967e-01	6.987038e-04	8.816922e-01	-4.819411e-01	-1.755121e-04
139	5.027652e-10	-9.799392e-01	1.614266e-02	7.486149e-04	-1.692438e-02	-1.009014e+00	-6.828833e-04
140	5.027652e-10	9.009389e-02	9.449173e-01	1.426642e-03	-1.022244e+00	9.653443e-02	-1.792919e-04
141	5.027652e-10	-7.827272e-01	6.161751e-01	-6.292454e-05	-6.195537e-01	-7.865975e-01	-6.458677e-04
142	5.027652e-10	-8.944987e-01	-3.658249e-01	-2.660544e-04	3.861033e-01	-9.417440e-01	3.590186e-04
143	5.027652e-10	-5.832479e-01	7.837013e-01	-2.756005e-04	-8.115907e-01	-6.024420e-01	-1.485942e-04
144	1.005530e-09	-4.507049e-01	8.761342e-01	-1.732545e-05	-8.954500e-01	-4.608678e-01	-5.367007e-04
145	5.027652e-10	3.468769e-01	9.042092e-01	2.590448e-05	-9.487907e-01	3.629969e-01	-4.757167e-04
146	5.027652e-10	-5.882851e-01	-7.472479e-01	1.513471e-05	8.053474e-01	-6.347254e-01	-5.436517e-06
147	5.027652e-10	-9.535741e-01	1.534495e-01	-6.943400e-04	-1.613499e-01	-1.004723e+00	-5.765630e-04
148	5.027652e-10	6.856515e-01	6.727399e-01	4.507245e-04	-7.141128e-01	7.284474e-01	-2.664053e-04
149	5.027652e-10	-8.237259e-01	-5.125584e-01	1.624752e-04	5.385366e-01	-8.616993e-01	-7.320815e-04
150	5.027652e-10	9.624356e-01	1.550332e-02	-8.648653e-04	-1.622225e-02	1.019161e+00	-3.392447e-04
151	5.027652e-10	3.070065e-01	9.359819e-01	-8.237280e-04	-9.563037e-01	3.145642e-01	-7.773801e-04
152	5.027652e-10	2.923492e-01	9.172922e-01	-1.398798e-04	-9.703581e-01	3.077992e-01	-2.432448e-04
153	1.005530e-09	-9.215675e-01	2.860491e-01	3.016292e-04	-3.014164e-01	-9.721530e-01	2.241020e-04
154	5.027652e-10	6.875228e-01	7.135186e-01	-6.408883e-04	-7.225302e-01	6.971060e-01	-4.178945e-04
155	5.027652e-10	1.888694e-01	9.681609e-01	9.812500e-04	-9.879821e-01	1.934562e-01	1.127285e-03
156	1.005530e-09	-9.470465e-01	1.866131e-01	-4.699315e-04	-1.977398e-01	-9.981594e-01	-5.169343e-04
157	5.027652e-10	9.239443e-01	-3.361488e-01	-2.371578e-04	3.431492e-01	9.477120e-01	1.948941e-05
158	5.027652e-10	-8.837293e-01	3.602854e-01	-2.600810e-04	-3.862880e-01	-9.488486e-01	8.797151e-05
159	5.027652e-10	-2.656490e-01	9.167120e-01	-7.733827e-04	-9.843853e-01	-2.856773e-01	-2.626249e-05
160	5.027652e-10	5.519009e-01	-7.958301e-01	-8.150676e-04	8.354724e-01	5.794978e-01	4.373831e-04
161	5.027652e-10	4.049268e-02	-9.679786e-01	-1.051773e-03	1.014941e+00	4.290978e-02	1.031613e-03
162	5.027652e-10	7.308266e-01	6.405467e-01	-8.670972e-05	-6.672461e-01	7.626341e-01	-3.203163e-04
163	5.027652e-10	7.076877e-01	-6.849690e-01	3.020492e-04	6.992639e-01	7.260255e-01	-1.842315e-05
164	5.027652e-10	9.699059e-01	-1.229614e-01	-3.783684e-04	1.277116e-01	1.003511e+00	-1.335274e-03
165	5.027652e-10	9.134225e-01	2.641571e-01	3.500754e-04	-2.864631e-01	9.849234e-01	-7.757148e-04
166	5.027652e-10	-5.722151e-01	-7.716295e-01	-2.702133e-04	8.187849e-01	-6.072984e-01	-5.941237e-05
167	5.027652e-10	8.362051e-01	5.213648e-01	-8.049881e-04	-5.349482e-01	8.544832e-01	-7.808474e-04
168	5.027652e-10	-9.478637e-01	2.732974e-01	5.719800e-04	-2.781207e-01	-9.676862e-01	4.888738e-04
169	5.027652e-10	2.206748e-01	9.366251e-01	6.651424e-05	-9.919664e-01	2.340406e-01	1.794800e-04
170	5.027652e-10	9.090870e-01	-3.715554e-01	6.220299e-04	3.805156e-01	9.345411e-01	-1.040674e-04
171	5.027652e-10	9.443687e-01	-1.061771e-01	-1.811766e-04	1.140441e-01	1.019765e+00	8.904424e-05
172	5.027652e-10	-9.649004e-01	1.155631e-01	-3.818978e-04	-1.205987e-01	-1.006858e+00	4.428096e-04
173	5.027652e-10	-9.110884e-01	3.299984e-01	-6.181490e-06	-3.457660e-01	-9.558559e-01	-8.669566e-04
174	5.027652e-10	-9.497687e-01	2.853562e-01	2.968285e-04	-2.886086e-01	-9.614402e-01	-4.218002e-04
175	5.027652e-10	9.386183e-01	-3.003057e-01	5.090622e-04	3.061890e-01	9.585582e-01	5.562649e-05
176	5.027652e-10	-9.258990e-01	3.011710e-01	-2.973080e-04	-3.116012e-01	-9.637916e-01	2.487752e-04
177	5.027652e-10	-8.125786e-01	-5.527824e-01	2.699997e-04	5.674123e-01	-8.342845e-01	1.370825e-04
178	5.027652e-10	-8.178357e-01	5.504707e-01	-3.568582e-04	-5.616680e-01	-8.358301e-01	8.912935e-04
179	5.027652e-10	7.592446e-01	-5.945151e-01	5.760254e-04	6.271837e-01	8.016216e-01	-2.221895e-04
180	5.027652e-10	7.835318e-01	5.531846e-01	6.198062e-04	-5.899199e-01	8.352037e-01	-6.153523e-04
181	5.027652e-10	3.927007e-01	8.926286e-01	-4.981498e-04	-9.259782e-01	4.084173e-01	1.524738e-03
182	5.027652e-10	-5.988228e-01	7.803344e-01	4.794022e-06	-7.998771e-01	-6.136923e-01	-7.788269e-04
183	5.027652e-10	-3.260338e-01	-9.030621e-01	2.015291e-04	9.596288e-01	-3.472156e-01	-1.813175e-04
184	5.027652e-10	2.032770e-01	-9.468905e-01	-4.393167e-04	9.924606e-01	2.130779e-01	-3.282367e-04
185	1.005530e-09	-8.876927e-01	-3.655452e-01	-1.892969e-04	3.884664e-01	-9.440849e-01	-9.365529e-05
186	5.027652e-10	9.427987e-01	-3.192936e-01	6.235603e-04	3.206696e-01	9.494558e-01	-1.181559e-04
187	5.027652e-10	2.068563e-01	9.258483e-01	-6.842443e-05	-1.002547e+00	2.247748e-01	2.644993e-04
188	5.027652e-10	-8.984734e-01	-3.505240e-01	-9.436129e-04	3.699924e-01	-9.481335e-01	-3.910592e-04
189	5.027652e-10	1.321947e-01	-9.576443e-01	2.876196e-04	1.008187e+00	1.389647e-01	-8.751052e-05
190	5.027652e-10	-9.541094e-01	-2.278063e-01	6.757530e-04	2.333043e-01	-9.818440e-01	-8.626524e-04
191	5.027652e-10	6.101446e-01	-7.749587e-01	-2.207056e-04	7.909906e-01	6.229750e-01	-1.010171e-03
192	5.027652e-10	-1.968441e-02	9.692809e-01	1.004133e-04	-1.015020e+00	-1.739029e-02	4.440797e-05
193	5.027652e-10	1.132481e-01	9.413309e-01	2.647593e-04	-1.019746e+00	1.223124e-01	1.085733e-04
194	5.027652e-10	8.168890e-01	5.301966e-01	5.298439e-04	-5.511295e-01	8.497699e-01	-6.841973e-04
195	5.027652e-10	3.372524e-01	9.060075e-01	-2.984924e-04	-9.530379e-01	3.531543e-01	-4.684598e-04
196	5.027652e-10	-7.643078e-01	-6.050381e-01	6.837734e-05	6.295169e-01	-7.942663e-01	1.900194e-04
197	5.027652e-10	-3.109819e-01	-9.348623e-01	-1.525691e-04	9.555635e-01	-3.174188e-01	1.862794e-04
198	5.027652e-10	9.391792e-01	2.938907e-01	-7.508004e-04	-3.010952e-01	9.622021e-01	-2.590659e-04
199	5.027652e-10	-9.338844e-01	2.322902e-01	7.714148e-04	-2.462419e-01	-9.890246e-01	2.248828e-04
200	5.027652e-10	9.586502e-01	-2.487469e-01	-1.719376e-04	2.518662e-01	9.725835e-01	-2.166215e-04
201	5.027652e-10	6.976764e-02	9.577071e-01	-6.771578e-04	-1.018918e+00	7.630016e-02	6.776549e-05
202	5.027652e-10	-9.767854e-01	-8.415801e-02	2.750391e-04	8.760900e-02	-1.006413e+00	5.016941e-04
203	5.027652e-10	3.933537e-01	-8.794550e-01	-2.572294e-04	9.298112e-01	4.153842e-01	9.044675e-04
204	5.027652e-10	8.508907e-01	4.681271e-01	8.834584e-04	-4.899011e-01	8.880693e-01	-2.600514e-04
205	5.027652e-10	-7.077652e-02	9.593488e-01	-9.650990e-04	-1.016563e+00	-7.466340e-02	-4.526926e-04
206	5.027652e-10	5.281531e-01	8.222783e-01	1.193072e-03	-8.517774e-01	5.453942e-01	4.234866e-04
207	5.027652e-10	-7.761456e-01	-5.867415e-01	-2.655889e-04	6.110861e-01	-8.076544e-01	6.489113e-05
208	5.027652e-10	7.012774e-01	6.658003e-01	1.044693e-03	-6.997898e-01	7.384858e-01	6.216033e-04
209	5.027652e-10	8.091375e-01	-5.783672e-01	4.333104e-04	5.847959e-01	8.146984e-01	-7.501430e-05
210	5.027652e-10	-7.113620e-01	-6.802135e-01	-7.957536e-04	6.955800e-01	-7.273630e-01	3.753468e-05
211	5.027652e-10	-9.070954e-02	9.689389e-01	-4.805490e-04	-1.009103e+00	-9.621319e-02	-8.454400e-05
212	5.027652e-10	8.363638e-01	-5.036145e-01	4.311890e-04	5.241778e-01	8.662060e-01	-1.244671e-03
213	5.027652e-10	-9.559413e-01	2.896216e-02	-9.630647e-05	-3.141703e-02	-1.021700e+00	2.381296e-04
214	5.027652e-10	7.731970e-01	-6.213610e-01	-5.716719e-06	6.293189e-01	7.823715e-01	-4.441668e-04
215	5.027652e-10	-9.275718e-01	-3.319295e-01	-2.347209e-04	3.396079e-01	-9.482491e-01	2.303303e-05
216	5.027652e-10	-1.040746e-01	-9.452353e-01	-1.203438e-04	1.019681e+00	-1.119372e-01	-2.725736e-04
217	5.027652e-10	-7.147181e-01	-6.473443e-01	4.032790e-05	6.833121e-01	-7.557080e-01	8.606838e-04
218	5.027652e-10	9.686857e-01	-8.679773e-02	-4.024510e-04	9.104994e-02	1.009835e+00	-4.896107e-05
219	5.027652e-10	-6.964866e-01	-6.782094e-01	1.584372e-04	7.096639e-01	-7.253555e-01	2.049081e-04
220	5.027652e-10	6.428745e-02	9.803680e-01	1.213078e-04	-1.007566e+00	6.479521e-02	8.322357e-06
221	5.027652e-10	9.706595e-01	9.008155e-02	-4.938432e-04	-9.162319e-02	1.008905e+00	1.143623e-04
222	5.027652e-10	-1.846157e-01	9.614377e-01	4.891956e-05	-9.921465e-01	-1.925360e-01	-2.485599e-04
223	5.027652e-10	9.381012e-01	-1.880891e-01	6.436403e-04	2.020775e-01	1.002749e+00	7.934389e-05
224	5.027652e-10	-1.079235e-01	9.611470e-01	-5.768678e-04	-1.010717e+00	-1.125122e-01	-5.578313e-04
225	5.027652e-10	3.271435e-01	9.159096e-01	4.334424e-04	-9.547912e-01	3.411520e-01	-1.150560e-03
226	5.027652e-10	4.683542e-01	8.715077e-01	-2.996314e-04	-8.867470e-01	4.749028e-01	2.049658e-04
227	5.027652e-10	9.720238e-01	-7.249930e-03	9.664725e-06	6.213975e-03	1.013860e+00	-1.489898e-04
228	5.027652e-10	9.735950e-01	-6.317635e-04	1.541671e-03	2.629996e-03	1.013725e+00	5.535508e-04
229	5.027652e-10	9.470394e-01	1.275191e-01	-3.840211e-04	-1.347888e-01	1.013965e+00	5.609562e-04
230	5.027652e-10	3.133167e-01	9.419445e-01	-5.447620e-04	-9.531867e-01	3.159619e-01	-6.280401e-05
231	5.027652e-10	-7.563312e-01	-5.958341e-01	1.255238e-04	6.323456e-01	-7.992652e-01	-8.453272e-05
232	5.027652e-10	6.504248e-01	7.473762e-01	-5.110612e-04	-7.577161e-01	6.594477e-01	2.138164e-05
233	5.027652e-10	-4.787956e-01	-8.650534e-01	-1.237011e-04	8.811477e-01	-4.863755e-01	4.269763e-04
234	5.027652e-10	-9.291421e-01	2.259687e-01	-3.696254e-04	-2.428753e-01	-9.934124e-01	1.083177e-03
235	5.027652e-10	-9.528988e-01	-5.751551e-02	3.828836e-04	6.289320e-02	-1.021922e+00	4.591381e-04
236	1.005530e-09	9.923047e-01	7.003392e-02	-4.510555e-04	-7.088827e-02	9.996417e-01	-5.303155e-04
237	5.027652e-10	9.154730e-01	-2.995497e-01	-6.502111e-04	3.157327e-01	9.686061e-01	4.480004e-04
238	5.027652e-10	9.164930e-01	3.415588e-01	-2.968709e-04	-3.532792e-01	9.482022e-01	-7.030284e-04
239	5.027652e-10	5.231943e-01	-8.263518e-01	-1.886048e-04	8.532899e-01	5.423930e-01	-6.956257e-04
240	5.027652e-10	8.910508e-01	-3.506155e-01	-8.785218e-06	3.754681e-01	9.510309e-01	4.148589e-04
241	5.027652e-10	8.956350e-01	-3.371405e-01	3.540992e-05	3.581645e-01	9.580683e-01	4.226905e-04
242	5.027652e-10	-9.364676e-01	2.670941e-01	-8.581684e-05	-2.766406e-01	-9.753251e-01	-2.541193e-04
243	5.027652e-10	1.923051e-01	9.598789e-01	1.527914e-04	-9.907306e-01	1.974795e-01	-1.895213e-04
244	5.027652e-10	-2.976892e-01	9.338705e-01	-2.936004e-04	-9.623973e-01	-3.079003e-01	2.967525e-04
245	5.027652e-10	7.841820e-01	5.902345e-01	2.032540e-04	-6.068815e-01	8.064751e-01	1.298295e-04
246	5.027652e-10	-5.991057e-01	7.613538e-01	7.242899e-04	-7.979652e-01	-6.293874e-01	-2.672843e-05
247	5.027652e-10	-8.982232e-01	-3.537704e-01	2.657708e-05	3.740780e-01	-9.459519e-01	8.170735e-04
248	5.027652e-10	-6.274647e-01	7.447474e-01	3.069269e-04	-7.756439e-01	-6.524628e-01	8.648900e-04
249	5.027652e-10	2.333301e-01	9.228123e-01	2.042579e-05	-9.944512e-01	2.496674e-01	-5.594780e-05
250	1.005530e-09	-4.208070e-02	9.713494e-01	5.705972e-04	-1.013713e+00	-4.226156e-02	7.647367e-04
251	5.027652e-10	5.890148e-01	7.893400e-01	-1.751405e-04	-8.080496e-01	6.032100e-01	-9.614393e-04
252	5.027652e-10	-1.372996e-01	9.796608e-01	1.140489e-03	-9.954833e-01	-1.404331e-01	8.939057e-05
253	5.027652e-10	8.603111e-01	-4.853481e-01	2.324392e-05	4.947367e-01	8.763555e-01	-8.042704e-05
254	5.027652e-10	8.943196e-01	3.349712e-01	3.168991e-05	-3.590683e-01	9.587611e-01	-7.730944e-05
255	5.027652e-10	-9.619471e-01	-2.343038e-01	7.558727e-04	2.384546e-01	-9.757183e-01	-3.456634e-04
256	5.027652e-10	1.633369e-01	-9.607515e-01	2.665243e-04	9.987888e-01	1.717234e-01	6.593508e-05
257	5.027652e-10	-2.651721e-01	-9.569084e-01	5.085203e-04	9.661568e-01	-2.675772e-01	-1.732027e-04
258	5.027652e-10	-7.604137e-01	5.720727e-01	9.416176e-05	-6.158783e-01	-8.204938e-01	-1.498948e-04
259	5.027652e-10	-9.231544e-01	3.292426e-01	9.402312e-04	-3.390912e-01	-9.517832e-01	-1.054414e-03
260	5.027652e-10	-6.767729e-01	-7.080911e-01	-5.515939e-04	7.291375e-01	-6.995161e-01	4.791774e-04
261	5.027652e-10	8.744645e-02	-9.665312e-01	3.065690e-04	1.012242e+00	8.983012e-02	-5.280159e-04
262	5.027652e-10	-9.349040e-01	-2.522387e-01	2.383261e-04	2.665723e-01	-9.802797e-01	-2.951425e-04
263	5.027652e-10	4.759678e-01	-8.362093e-01	-1.181278e-04	8.856613e-01	5.054556e-01	-2.948727e-04
264	5.027652e-10	-5.438096e-01	-7.998886e-01	2.861676e-04	8.399544e-01	-5.727508e-01	4.272167e-04
265	5.027652e-10	9.014852e-01	-3.737022e-01	1.676320e-05	3.859767e-01	9.362236e-01	2.404366e-04
266	5.027652e-10	2.801004e-01	9.465662e-01	6.219727e-04	-9.649924e-01	2.862835e-01	8.243541e-04
267	5.027652e-10	3.741914e-01	-9.050903e-01	6.370228e-04	9.333490e-01	3.866619e-01	3.165193e-04
268	5.027652e-10	-9.384786e-01	-2.888151e-01	-2.034717e-04	2.942012e-01	-9.660372e-01	-9.696373e-05
269	5.027652e-10	-9.566455e-01	-2.275690e-01	-5.639276e-04	2.343752e-01	-9.811631e-01	3.292208e-04
270	5.027652e-10	-8.242840e-01	-4.872216e-01	-1.254931e-04	5.186346e-01	-8.802504e-01	1.981320e-04
271	5.027652e-10	9.461605e-01	2.739370e-01	-4.879026e-04	-2.780256e-01	9.684848e-01	-4.122884e-04
272	5.027652e-10	-8.716503e-01	4.430430e-01	1.340104e-04	-4.579170e-01	-9.017470e-01	-4.248287e-04
273	5.027652e-10	8.359545e-01	5.299021e-01	3.824584e-04	-5.370238e-01	8.489936e-01	-7.322721e-04
274	5.027652e-10	-8.837761e-01	4.101510e-01	2.425138e-04	-4.247766e-01	-9.194315e-01	-8.315566e-04
275	5.027652e-10	-4.530884e-01	8.547797e-01	-2.856943e-04	-8.976706e-01	-4.779246e-01	2.130077e-04
276	5.027652e-10	9.412284e-01	-2.077624e-01	8.341754e-04	2.193008e-01	9.932676e-01	4.581756e-04
277	5.027652e-10	8.712223e-01	4.025298e-01	7.586984e-05	-4.271044e-01	9.271236e-01	8.398739e-05
278	5.027652e-10	8.505288e-01	4.936628e-01	-1.272999e-04	-5.056534e-01	8.715732e-01	-3.355890e-04
279	5.027652e-10	8.246903e-01	-4.736271e-01	3.409033e-04	5.111306e-01	8.892019e-01	-3.707158e-04
280	5.027652e-10	-9.240745e-01	2.679522e-01	-6.516059e-04	-2.834892e-01	-9.796665e-01	-7.560765e-04
281	5.027652e-10	-9.829015e-01	7.094551e-02	-2.885529e-04	-7.409874e-02	-1.004872e+00	-2.626671e-04
282	5.027652e-10	9.165386e-01	-3.353889e-01	1.855529e-04	3.477519e-01	9.499498e-01	9.744673e-04
283	5.027652e-10	-3.215719e-02	9.579541e-01	1.432669e-04	-1.020410e+00	-3.526481e-02	1.603856e-04
284	5.027652e-10	-2.084527e-01	-9.633234e-01	3.446716e-05	9.848939e-01	-2.130973e-01	-5.995130e-04
285	5.027652e-10	-3.634269e-01	-8.796312e-01	-3.701981e-05	9.473444e-01	-3.919463e-01	-2.321831e-04
