8.143999e+03
401
0	1	0.000376148	0.00023329	-3.43334e-07	7.22805e-08	1.95496e-08	-1.2095e-10
1	2.51383e-09	-0.941767	0.368826	-0.00176415	-0.357115	-0.927729	0.00208422
2	2.51383e-09	-0.472569	0.880785	-0.000435756	-0.877981	-0.479907	0.000801192
3	2.51383e-09	0.328345	-0.93692	-0.00116047	0.948045	0.334533	0.000401517
4	2.51383e-09	0.0792007	1.00718	0.00103695	-0.990491	0.0771838	-0.0019065
5	2.51383e-09	-0.992712	-0.0703715	0.000547145	0.0755927	-0.999303	-0.00161689
6	2.51383e-09	-0.410072	-0.917781	0.000439976	0.911448	-0.40676	0.00306804
7	2.51383e-09	0.99937	-0.0213168	0.00122809	0.0266579	0.998889	-0.00226025
8	2.51383e-09	-0.993615	0.0664795	0.00084977	-0.0635648	-0.999614	-0.000456494
9	2.51383e-09	-0.936279	0.368688	0.000600775	-0.361697	-0.927198	0.000440011
10	2.51383e-09	-0.363503	-0.948679	-0.000455685	0.925216	-0.35551	-0.000538964
11	2.51383e-09	-0.969216	0.255683	0.000366851	-0.254221	-0.964977	0.00056691
12	2.51383e-09	0.24486	-0.987386	-4.27436e-05	0.96158	0.23528	0.0019061
13	2.51383e-09	0.702992	-0.715518	0.000272058	0.710568	0.702188	-0.000394789
14	2.51383e-09	-0.989296	0.212579	-0.00324786	-0.208162	-0.971961	0.00143437
15	2.51383e-09	-0.759669	-0.654739	0.00043398	0.657528	-0.753181	0.00202742
16	2.51383e-09	-0.071852	-1.00178	-0.000161712	0.991856	-0.0728779	-0.0019747
17	2.51383e-09	-0.999904	-0.0931859	0.00143363	0.0889678	-0.996809	0.000363191
18	2.51383e-09	1.02462	0.0790591	-0.00179509	-0.0737819	0.981052	-0.000695621
19	2.51383e-09	-0.850359	0.563431	0.00103625	-0.553374	-0.819997	0.00279736
20	2.51383e-09	0.200809	1.00837	-0.00304422	-0.967793	0.192419	-0.000768619
21	2.51383e-09	-0.999225	0.137226	0.00249792	-0.135394	-0.98562	0.00238499
22	2.51383e-09	-0.0509756	-1.03206	0.00223343	0.980636	-0.0453899	0.00166769
23	2.51383e-09	-0.986179	-0.224269	-4.35996e-05	0.224506	-0.967519	0.00284701
24	2.51383e-09	0.512974	0.863798	-0.00158976	-0.858976	0.514231	0.000597343
25	2.51383e-09	0.786514	-0.651724	0.00260374	0.627813	0.76232	-0.00137862
26	2.51383e-09	0.063262	1.01601	0.000725941	-0.989028	0.0650835	0.00126033
27	2.51383e-09	0.984727	-0.208708	0.00232018	0.2093	0.972233	-0.00149909
28	2.51383e-09	-0.080584	1.00424	-0.00119706	-0.993107	-0.0837505	0.00258603
29	2.51383e-09	-0.989787	0.198961	0.00122844	-0.196578	-0.976411	-0.00155906
30	2.51383e-09	-0.465133	-0.898155	-0.00188074	0.882652	-0.457777	-0.000970208
31	2.51383e-09	0.0248468	-1.01044	0.00108901	0.994036	0.0228369	-0.00369209
32	2.51383e-09	-0.447997	0.900371	0.00414327	-0.895023	-0.442285	-0.000994889
33	2.51383e-09	0.492329	0.914627	-0.000137926	-0.8601	0.463231	-0.000955214
34	2.51383e-09	0.98236	-0.333845	0.00367861	0.314699	0.92865	-0.000532206
35	2.51383e-09	-0.699346	0.741162	0.00334802	-0.723155	-0.677658	-5.85286e-05
36	2.51383e-09	-0.848162	-0.561609	-0.00072213	0.553105	-0.819655	-0.00231275
37	2.51383e-09	0.716112	0.726903	-0.00181656	-0.703291	0.69671	-0.00145203
38	2.51383e-09	-0.970457	-0.240777	-0.00228314	0.23729	-0.972786	-0.00201629
39	2.51383e-09	0.700044	-0.744622	-6.78784e-05	0.716475	0.677455	0.00186755
40	2.51383e-09	0.953048	-0.376782	7.92139e-05	0.360208	0.916631	-0.00037003
41	2.51383e-09	-0.363475	0.946547	0.00216682	-0.927141	-0.35686	0.00307989
42	2.51383e-09	0.802254	0.665572	-0.000879953	-0.624292	0.753023	0.00280072
43	2.51383e-09	0.325688	0.955463	0.00320521	-0.945272	0.313956	0.000609769
44	2.51383e-09	0.676958	0.787744	0.00119616	-0.74238	0.639886	-0.000607615
45	2.51383e-09	-0.0747371	-1.01603	0.00221621	0.989645	-0.0761698	0.000544114
46	2.51383e-09	0.0408254	1.01822	-0.00062037	-0.989133	0.0435707	0.000458981
47	2.51383e-09	0.716858	0.723935	0.00175731	-0.706369	0.695493	-0.000242893
48	2.51383e-09	-1.01854	0.152117	-0.00103177	-0.144342	-0.973724	-0.0014885
49	2.51383e-09	-0.0552185	-1.00994	-0.00177311	0.99195	-0.0534183	0.00191835
50	2.51383e-09	0.737757	-0.729013	0.00238651	0.689307	0.701032	-0.00148827
51	2.51383e-09	0.678927	0.743589	0.000949718	-0.73414	0.673347	-0.00111411
52	2.51383e-09	0.263409	-0.990647	-0.00109102	0.957725	0.253243	-0.00125936
53	2.51383e-09	0.443146	0.925747	-0.00215536	-0.892083	0.423317	0.000154061
54	2.51383e-09	0.0879177	1.01966	-0.000710004	-0.984103	0.0879963	-0.00171607
55	2.51383e-09	0.82519	-0.635086	-0.000105092	0.596104	0.775846	-0.000235724
56	2.51383e-09	0.243772	0.993796	-0.000453823	-0.962623	0.233263	0.000787402
57	2.51383e-09	-1.01644	-0.255634	0.000603046	0.233412	-0.948277	0.00133152
58	2.51383e-09	-0.420854	0.951057	-0.000686096	-0.898795	-0.394266	0.000934411
59	2.51383e-09	-0.849497	0.567318	0.00253869	-0.554457	-0.823044	0.00169239
60	2.51383e-09	-0.956558	-0.378452	0.000794237	0.36102	-0.918637	0.0011411
61	2.51383e-09	0.602769	-0.838689	0.00285492	0.798768	0.577384	-0.00187417
62	2.51383e-09	1.015	-0.215356	0.00071879	0.207007	0.959185	-5.45166e-05
63	2.51383e-09	1.02847	0.0728345	-0.00109987	-0.0688722	0.981751	0.000562171
64	2.51383e-09	0.9933	0.295444	0.00109056	-0.277923	0.938533	0.00118894
65	2.51383e-09	-0.106693	1.01388	0.000751436	-0.986569	-0.105901	-0.000265213
66	2.51383e-09	-0.569538	-0.856217	-0.00101772	0.82663	-0.537376	-0.00196134
67	2.51383e-09	0.604135	0.850818	-0.00148759	-0.799467	0.56886	-0.000494449
68	2.51383e-09	-0.496973	-0.903821	-0.00194149	0.862332	-0.474882	0.00280087
69	2.51383e-09	0.216522	1.01475	0.00372127	-0.959369	0.209753	0.00133438
70	2.51383e-09	0.935483	-0.418748	-0.000244742	0.404319	0.902759	-0.000651596
71	2.51383e-09	-0.462236	-0.922443	-0.00480773	0.881266	-0.441238	0.00217818
72	2.51383e-09	-1.06012	-0.0645422	-0.00131109	0.0536399	-0.967594	0.00242295
73	2.51383e-09	0.983983	-0.320773	0.00198567	0.305173	0.936101	0.00215318
74	2.51383e-09	0.548622	-0.898918	0.000799693	0.830618	0.512835	-0.00242333
75	2.51383e-09	-0.96982	-0.387077	-0.000346282	0.362463	-0.908338	-0.000944889
76	2.51383e-09	-0.750086	-0.724909	-7.30349e-05	0.68393	-0.705046	0.00332042
77	2.51383e-09	-0.877721	0.59372	0.0009508	-0.540137	-0.807238	0.00068857
78	2.51383e-09	-0.896634	-0.548014	0.00086945	0.512538	-0.826296	-0.00299294
79	2.51383e-09	0.409479	-0.953167	-0.00240522	0.898913	0.39243	0.00415502
80	2.51383e-09	0.968909	-0.369393	0.00105917	0.347157	0.918572	-0.00120836
81	2.51383e-09	0.566105	0.856621	-0.000644593	-0.821095	0.546923	0.000671794
82	2.51383e-09	0.29338	-1.01756	0.00176405	0.93413	0.261677	-0.00041058
83	2.51383e-09	-0.589522	0.846727	0.00217945	-0.806649	-0.565329	-6.53088e-05
84	2.51383e-09	0.393117	0.963288	-3.00707e-05	-0.910431	0.367308	-0.000878602
85	2.51383e-09	-0.947496	-0.399228	0.000180112	0.38254	-0.907876	-0.00148553
86	2.51383e-09	1.03371	-0.187716	0.000340441	0.181842	0.960142	-0.000983197
87	2.51383e-09	0.0224097	-1.05152	-0.00100261	0.971849	0.0222888	0.000207527
88	2.51383e-09	-0.388827	-0.961579	0.00243881	0.90896	-0.369084	0.0018431
89	2.51383e-09	0.726403	0.759701	-0.000909355	-0.701427	0.676537	0.000700451
90	2.51383e-09	0.209738	1.03032	-0.00366155	-0.953697	0.194657	0.00116146
91	2.51383e-09	-0.825747	-0.611511	-0.000510173	0.584485	-0.795548	-0.00477298
92	2.51383e-09	-0.0848117	-1.04566	-0.000509986	0.973746	-0.0797686	-0.00207721
93	2.51383e-09	0.0908236	1.05995	6.9824e-05	-0.966684	0.0848899	-0.000318654
94	2.51383e-09	0.652944	-0.806291	0.00240328	0.76437	0.616626	0.00228725
95	2.51383e-09	0.967687	0.362789	-0.000632933	-0.344849	0.91952	0.00024223
96	2.51383e-09	0.439572	0.960146	0.00205276	-0.882584	0.410763	-0.00205728
97	2.51383e-09	0.0770995	-1.04287	-0.00187273	0.978207	0.0666828	0.000498726
98	2.51383e-09	-0.58223	0.876495	-0.00110979	-0.814311	-0.538825	-0.00136547
99	2.51383e-09	-0.138388	-1.04839	0.00112036	0.967207	-0.133258	-0.00196446
100	2.51383e-09	0.374027	-0.996488	-0.0010331	0.903046	0.340444	0.000331221
101	2.51383e-09	0.0136198	-1.032	0.00112852	0.98475	0.0132903	-0.000871559
102	2.51383e-09	0.436781	-0.924935	-0.00157774	0.896596	0.420113	-0.000435743
103	2.51383e-09	-0.977519	-0.371214	-0.000978863	0.347244	-0.915867	-0.0022163
104	2.51383e-09	-1.04329	-0.0450869	0.000698221	0.036632	-0.977985	0.00213786
105	2.51383e-09	-0.782679	0.683536	-0.00153522	-0.641724	-0.739814	0.0010165
106	2.51383e-09	0.804687	0.674089	0.00205684	-0.628486	0.746421	-0.000102964
107	2.51383e-09	0.19568	1.04394	-0.00216867	-0.952908	0.17827	-0.000927336
108	2.51383e-09	-0.899692	0.585242	0.000846446	-0.527135	-0.805325	-0.000258508
109	2.51383e-09	1.0495	-0.199608	-0.00232585	0.174244	0.950193	0.000824527
110	2.51383e-09	-1.04614	0.143891	0.00120924	-0.137395	-0.963272	-0.00346405
111	2.51383e-09	0.768455	0.738324	-0.00232178	-0.674038	0.694217	0.00103584
112	2.51383e-09	-1.038	-0.219135	0.00133023	0.203923	-0.95049	0.000698535
113	2.51383e-09	-0.70171	0.801036	0.00139269	-0.72549	-0.639317	-0.000506129
114	2.51383e-09	0.0965574	1.04651	0.00194482	-0.97166	0.0927421	0.00114032
115	2.51383e-09	-0.101992	1.06334	-0.00109562	-0.966565	-0.0942878	-0.0021876
116	2.51383e-09	1.04328	0.132772	-0.00365796	-0.128228	0.967026	0.000110719
117	2.51383e-09	-0.550027	0.90393	-0.000922122	-0.829858	-0.505041	0.000447089
118	2.51383e-09	-0.960675	-0.450666	1.82038e-05	0.40961	-0.878231	-0.000896066
119	2.51383e-09	1.00704	0.283463	0.00425299	-0.270825	0.939953	0.000690104
120	2.51383e-09	-0.391349	0.968832	0.000812479	-0.907561	-0.370424	0.00233272
121	2.51383e-09	0.91225	-0.547794	-0.00300355	0.503455	0.829586	-0.00149746
122	2.51383e-09	-0.0469948	1.0703	-0.00169738	-0.966708	-0.0390817	0.00194687
123	2.51383e-09	-1.01824	-0.210052	0.00080532	0.202744	-0.960498	0.00249258
124	2.51383e-09	0.555559	0.92213	-5.56318e-05	-0.826275	0.497591	0.00271924
125	2.51383e-09	0.217089	1.01964	0.00216027	-0.95926	0.206304	-0.00069527
126	2.51383e-09	1.04681	0.167813	-0.00137224	-0.158881	0.960064	-0.000563459
127	2.51383e-09	1.04801	0.109347	0.00109141	-0.0980787	0.970343	-0.000434274
128	2.51383e-09	0.968714	0.459042	-0.00263718	-0.410829	0.873379	-0.00154567
129	2.51383e-09	0.943276	-0.468103	0.000200558	0.429872	0.875827	-0.00242503
130	2.51383e-09	1.02147	-0.288645	0.00149457	0.263873	0.936298	8.28989e-05
131	2.51383e-09	1.01497	-0.401436	0.00035825	0.34929	0.891229	0.00148189
132	2.51383e-09	0.320103	-1.01862	-0.00215051	0.922404	0.292731	4.54055e-05
133	2.51383e-09	-0.897876	-0.585482	-0.00155334	0.525403	-0.808906	0.00123623
134	2.51383e-09	0.0127783	-1.04853	0.000295813	0.977995	0.0140626	0.000764022
135	2.51383e-09	0.926089	0.490723	-0.000514424	-0.456837	0.865946	-0.00212166
136	2.51383e-09	-0.707047	-0.813419	0.00150278	0.729083	-0.633336	-0.00177505
137	2.51383e-09	0.203885	1.04697	0.00172249	-0.948459	0.186097	0.000483464
138	2.51383e-09	0.0500309	1.0594	-0.000328991	-0.971991	0.0426783	-0.00111614
139	2.51383e-09	-0.969686	-0.43099	-0.00213458	0.391745	-0.888622	-0.00256033
140	2.51383e-09	1.04191	0.305376	0.000634052	-0.276708	0.920263	7.06607e-05
141	2.51383e-09	1.06282	-0.073568	0.00296869	0.0690799	0.96833	-0.00274342
142	2.51383e-09	1.0043	-0.379275	0.00218014	0.348284	0.901192	-0.000141791
143	2.51383e-09	0.628665	0.877802	-0.00142082	-0.778907	0.561419	0.00149045
144	2.51383e-09	0.881626	0.625134	0.00250652	-0.557104	0.786139	-1.13703e-05
145	2.51383e-09	0.495098	0.93389	0.000591451	-0.862241	0.452226	0.000730247
146	2.51383e-09	0.722524	0.827614	0.00431402	-0.72049	0.629014	0.000922408
147	2.51383e-09	0.558536	0.923781	-0.00270307	-0.825112	0.499112	-0.000818575
148	2.51383e-09	1.03773	0.297608	-0.000593385	-0.263307	0.927567	0.000996558
149	2.51383e-09	1.05435	0.18446	-0.00125084	-0.161062	0.948694	-0.00137121
150	2.51383e-09	-0.978265	-0.427066	0.0013426	0.387689	-0.891145	-0.000675817
151	2.51383e-09	0.496457	-0.953482	-0.000367718	0.85741	0.444686	0.000811116
152	2.51383e-09	-0.325311	-1.01061	-0.000633968	0.928921	-0.302711	-0.000841217
153	2.51383e-09	-1.05753	-0.222007	-0.000168764	0.197312	-0.942162	-6.32933e-06
154	2.51383e-09	-0.13852	1.09686	0.00219352	-0.944779	-0.113319	0.000680016
155	2.51383e-09	-0.745705	0.769786	-0.00210606	-0.694697	-0.67512	-0.000718871
156	2.51383e-09	0.41553	1.01352	0.00313073	-0.880842	0.365071	0.000655866
157	2.51383e-09	-0.500202	-0.936034	0.000196616	0.857749	-0.459713	-0.000753892
158	2.51383e-09	-0.227212	1.07606	-0.0022145	-0.930431	-0.198525	0.00455082
159	2.51383e-09	1.02624	-0.323763	-0.000685171	0.288322	0.918262	-8.434e-05
160	2.51383e-09	-0.494977	0.957727	-0.00300433	-0.854085	-0.444128	-0.00103942
161	2.51383e-09	0.196056	1.07063	-0.00218922	-0.943613	0.172714	0.00143703
162	2.51383e-09	0.982379	0.447589	0.00376881	-0.398498	0.876387	0.00159266
163	2.51383e-09	-0.993789	-0.42824	0.00165713	0.3771	-0.885183	0.000180445
164	2.51383e-09	0.71493	-0.792897	-0.00316709	0.720246	0.649936	0.000180959
165	2.51383e-09	-0.373926	1.03472	0.00348964	-0.897476	-0.321901	-0.00133987
166	2.51383e-09	0.835946	-0.69968	-0.00105485	0.615989	0.72998	0.00159653
167	2.51383e-09	1.01498	0.362222	0.00235323	-0.323179	0.902831	0.00318729
168	2.51383e-09	1.08899	0.0161528	-0.000114093	-0.0112261	0.958096	-0.00142466
169	2.51383e-09	-0.855273	-0.675547	0.000834337	0.5931	-0.749611	0.000679758
170	2.51383e-09	-0.382107	-1.02036	-0.000515505	0.897449	-0.33214	0.00363119
171	2.51383e-09	-1.05407	0.261391	-0.000282133	-0.233778	-0.93254	-0.00314823
172	2.51383e-09	-0.575285	-0.954087	-0.00250597	0.810437	-0.492017	5.68273e-05
173	2.51383e-09	-0.324949	-1.05397	-0.000522654	0.910629	-0.281141	0.00178572
174	2.51383e-09	-1.02784	-0.384178	0.00242516	0.333949	-0.896476	0.0006345
175	2.51383e-09	0.704437	-0.833324	0.00113798	0.735136	0.612321	-0.0012209
176	2.51383e-09	0.985136	0.443697	-0.000537039	-0.393877	0.877545	-0.000229853
177	2.51383e-09	-0.703527	-0.86941	0.00258942	0.735899	-0.592824	-0.000486763
178	2.51383e-09	-0.119609	1.07015	-0.00111945	-0.957898	-0.10561	0.000125807
179	2.51383e-09	0.613021	-0.917976	0.003784	0.789704	0.527011	0.00192327
180	2.51383e-09	-0.260958	-1.05344	-0.0027836	0.9303	-0.231422	-0.00100867
181	2.51383e-09	-0.97522	0.512153	-0.00200578	-0.44538	-0.841712	-0.000159053
182	2.51383e-09	-0.549086	-0.945247	0.000573976	0.827144	-0.481087	0.00148272
183	2.51383e-09	-0.847391	0.687479	0.00073203	-0.606143	-0.742553	0.000772056
184	2.51383e-09	0.613164	0.926406	-0.00182543	-0.792002	0.523051	0.0018704
185	2.51383e-09	-0.50059	-0.966616	-0.00110462	0.850944	-0.442933	-0.000797434
186	2.51383e-09	0.333438	-1.04131	0.00168118	0.907823	0.28896	0.000636267
187	2.51383e-09	-0.836061	0.655409	0.00397486	-0.601889	-0.76156	-0.00144148
188	2.51383e-09	0.712432	0.837431	0.00126512	-0.726289	0.621601	0.00207602
189	2.51383e-09	-0.332409	1.03562	0.00274944	-0.913343	-0.294376	-0.00168627
190	2.51383e-09	0.130765	1.08673	-8.2961e-05	-0.953004	0.11376	-0.00182095
191	2.51383e-09	0.0321868	-1.0937	-0.00318581	0.954436	0.0281553	0.00187496
192	2.51383e-09	-0.958126	0.548127	0.00114251	-0.472484	-0.824553	-0.000686195
193	2.51383e-09	0.8875	0.652501	0.00245593	-0.569237	0.765679	0.000999048
194	2.51383e-09	0.622336	-0.929195	-4.49195e-05	0.786493	0.525263	-0.000272697
195	2.51383e-09	-1.01564	-0.372555	0.000121029	0.330588	-0.903382	-0.000380621
196	2.51383e-09	-0.148731	1.08851	0.00202964	-0.941289	-0.134215	-0.00287509
197	2.51383e-09	0.844372	-0.681803	0.0011704	0.601549	0.748014	-0.00233419
198	2.51383e-09	0.291865	-1.07032	0.00227132	0.915696	0.251767	0.000876718
199	2.51383e-09	1.09603	-0.104112	-0.00327946	0.0925749	0.948037	0.00030934
200	2.51383e-09	-0.0511698	-1.11287	-0.00118182	0.947093	-0.0401634	0.000111067
201	2.51383e-09	0.39294	1.03243	-0.00132641	-0.88821	0.338266	-0.00190895
202	2.51383e-09	1.09635	-0.0529135	-0.00266434	0.0396099	0.952581	0.000617299
203	2.51383e-09	-1.06827	0.172317	-0.00256667	-0.15421	-0.949411	0.00108994
204	2.51383e-09	0.072902	-1.10975	-0.000790085	0.942608	0.0603805	-0.000391969
205	2.51383e-09	-0.539455	-0.989311	0.000997174	0.824595	-0.452716	-0.00124943
206	2.51383e-09	1.02842	-0.364334	0.000217711	0.318651	0.904579	-0.00228604
207	2.51383e-09	-0.492458	0.994182	-0.00123196	-0.852338	-0.422739	0.000237007
208	2.51383e-09	1.06024	0.278755	-0.00168934	-0.242442	0.92446	-0.00154322
209	2.51383e-09	-0.708198	-0.844742	0.00304365	0.726879	-0.614561	0.000358896
210	2.51383e-09	1.099	-0.082154	0.0022784	0.0694951	0.950688	-0.00179119
211	2.51383e-09	-0.203046	1.08119	-0.00247758	-0.936843	-0.171608	0.00110562
212	2.51383e-09	0.0441253	-1.1198	-0.00280722	0.944398	0.0427121	0.00207642
213	2.51383e-09	0.469965	-1.00307	-0.000300799	0.859401	0.403456	-0.000560945
214	2.51383e-09	-0.489804	0.991515	-0.000262666	-0.847951	-0.421247	0.00124916
215	2.51383e-09	0.171585	1.09808	-0.00295137	-0.939983	0.142432	0.00212893
216	2.51383e-09	0.226647	-1.0903	0.000615068	0.930396	0.188278	0.000869386
217	2.51383e-09	-0.601928	-0.950321	0.000882958	0.795715	-0.504227	0.00230678
218	2.51383e-09	0.724328	0.793137	0.00231982	-0.712884	0.654669	0.000922468
219	2.51383e-09	0.646022	0.929047	-0.000468639	-0.772019	0.538403	0.00120266
220	2.51383e-09	-1.0228	-0.444639	0.00170793	0.380119	-0.866326	0.00228656
221	2.51383e-09	0.395011	-1.02161	0.0018728	0.89042	0.342142	0.000460778
222	2.51383e-09	0.790657	-0.772881	-0.000212349	0.666687	0.680894	0.0027311
223	2.51383e-09	0.243743	-1.07816	0.00144585	0.930062	0.204448	-0.000953256
224	2.51383e-09	0.0736712	1.09114	0.000504848	-0.954917	0.0573542	0.000488359
225	2.51383e-09	-0.120354	1.10024	-2.58595e-05	-0.947718	-0.102873	-0.00106187
226	2.51383e-09	-0.250907	-1.08263	-0.00197236	0.924465	-0.218502	-0.00197074
227	2.51383e-09	0.859573	0.692414	0.00103702	-0.59735	0.742664	0.00083055
228	2.51383e-09	-0.551792	-0.975152	0.000709002	0.821086	-0.464613	-0.00161527
229	2.51383e-09	-1.073	-0.335276	0.00297765	0.282188	-0.901411	-0.00161299
230	2.51383e-09	-0.502244	1.02616	0.00136259	-0.836722	-0.415902	-0.00132384
231	2.51383e-09	0.24164	-1.09737	0.00611826	0.9211	0.208363	0.000708518
232	2.51383e-09	-0.077432	-1.09594	-0.00246926	0.953321	-0.0708431	0.00282367
233	2.51383e-09	-0.757852	-0.803953	0.000396707	0.693098	-0.655795	-0.000143849
234	2.51383e-09	-0.0303858	1.1035	-0.00231914	-0.954162	-0.0268555	0.00315926
235	2.51383e-09	1.03688	0.424825	0.00383599	-0.357333	0.871934	-0.00131429
236	2.51383e-09	-1.1234	0.124805	0.000990545	-0.104194	-0.932447	-0.000475536
237	2.51383e-09	0.525786	0.967854	0.00125886	-0.835687	0.463761	0.00142541
238	2.51383e-09	-0.0932445	-1.13071	-0.000938475	0.939144	-0.0730379	0.000664951
239	2.51383e-09	-0.374583	1.04606	-0.000900663	-0.89164	-0.318794	0.00308046
240	2.51383e-09	0.622834	-0.927034	0.000510945	0.789612	0.528703	0.00139051
241	2.51383e-09	-0.713425	-0.861107	-0.00130614	0.722182	-0.608671	-0.00136822
242	2.51383e-09	1.02014	0.536689	-0.00391269	-0.435793	0.823633	-0.00015363
243	2.51383e-09	-1.11915	0.0710803	0.00342902	-0.0622208	-0.942345	0.000669715
244	2.51383e-09	0.840633	-0.766651	-0.000548964	0.630369	0.694793	-0.00231864
245	2.51383e-09	-0.280713	1.09054	0.00379109	-0.91165	-0.234916	0.00316374
246	2.51383e-09	1.01314	0.492451	0.00174894	-0.409676	0.848577	0.000190119
247	2.51383e-09	0.416023	1.014	0.00130992	-0.887553	0.360563	0.000741732
248	2.51383e-09	-0.388988	1.05498	0.000100317	-0.887594	-0.322866	0.000632147
249	2.51383e-09	-1.05247	-0.398637	4.13127e-05	0.339264	-0.878194	-0.00101891
250	2.51383e-09	0.537444	0.99301	0.00146399	-0.829235	0.445962	-0.00111983
251	2.51383e-09	1.09039	-0.288005	0.0015217	0.236495	0.912583	-0.000466521
252	2.51383e-09	-1.11347	-0.0955259	0.000656272	0.081026	-0.943509	0.00134689
253	2.51383e-09	-0.330041	1.08615	0.00197051	-0.89836	-0.270306	0.00283264
254	2.51383e-09	0.826637	-0.762023	-0.000464512	0.64027	0.694091	0.00232741
255	2.51383e-09	-0.673237	0.91872	-0.000506802	-0.75518	-0.55334	-0.00093752
256	2.51383e-09	-0.901262	0.703355	-0.000885237	-0.580477	-0.731695	-0.000839409
257	2.51383e-09	-0.618528	-0.941832	0.0029472	0.789749	-0.514497	-0.00166046
258	2.51383e-09	-0.196026	-1.11181	-0.00323071	0.92547	-0.166916	-0.00274266
259	2.51383e-09	-0.45332	1.04025	-0.00136822	-0.859466	-0.372698	-0.000386119
260	2.51383e-09	-1.09741	0.23566	-0.00154506	-0.199649	-0.924388	0.00329304
261	2.51383e-09	-0.858355	0.752984	-0.000718627	-0.614939	-0.706368	0.000988262
262	2.51383e-09	0.96312	0.549108	0.00265841	-0.469327	0.829173	-0.00366056
263	2.51383e-09	-1.14221	-0.000248594	-0.00143524	-0.00306804	-0.933463	-0.00110016
264	2.51383e-09	0.866767	0.717167	-0.000830169	-0.600801	0.726333	0.0011939
265	2.51383e-09	0.248368	-1.11717	-0.00053591	0.912071	0.208298	0.00100332
266	2.51383e-09	0.927309	-0.659208	-3.92458e-05	0.544016	0.763427	-0.000565452
267	2.51383e-09	0.116043	-1.11609	-0.00140649	0.939933	0.0912047	-0.00135692
268	2.51383e-09	1.13713	0.144294	-0.00260994	-0.12183	0.921643	0.000268083
269	2.51383e-09	0.362502	1.08855	-0.00289405	-0.885142	0.299431	-0.00203663
270	2.51383e-09	-0.354923	1.07461	-0.000311014	-0.893607	-0.293512	0.00010385
271	2.51383e-09	-1.12298	-0.237386	0.00247747	0.194077	-0.912634	0.00132422
272	2.51383e-09	-0.831051	-0.784934	-0.00149333	0.643348	-0.679477	-0.00258593
273	2.51383e-09	0.336227	1.08697	-0.000437683	-0.897669	0.275648	-0.00250895
274	2.51383e-09	-0.661413	-0.909275	0.000834987	0.75685	-0.558677	-0.00136002
275	2.51383e-09	-0.998786	-0.537863	0.00177433	0.448205	-0.824394	0.00192012
276	2.51383e-09	0.979918	-0.57098	-0.000591054	0.476119	0.813099	-0.00127687
277	2.51383e-09	0.416078	1.07174	0.00456005	-0.864291	0.344194	0.000786592
278	2.51383e-09	0.750468	0.873534	0.00166285	-0.707507	0.608241	0.000465173
279	2.51383e-09	-0.103796	-1.16863	-0.000494303	0.91865	-0.078222	-0.000983803
280	2.51383e-09	0.867217	0.772889	-0.00132522	-0.621605	0.688776	-0.00108131
281	2.51383e-09	1.1041	0.287923	0.000231215	-0.238468	0.904302	0.000752381
282	2.51383e-09	-1.11882	-0.244628	0.00208321	0.199766	-0.913701	0.00139107
283	2.51383e-09	0.845525	0.773742	0.00168754	-0.630673	0.683794	0.00147745
284	2.51383e-09	0.799349	0.837204	-0.00174968	-0.671051	0.640057	-0.00142097
285	2.51383e-09	-0.602477	0.96863	-0.00182572	-0.795174	-0.496132	0.000998358
286	2.51383e-09	0.4944	-1.02529	0.00291657	0.843657	0.40671	-0.000771968
287	2.51383e-09	-0.840173	0.760302	0.00128924	-0.626518	-0.698927	-0.000238759
288	2.51383e-09	0.851388	0.794223	-0.00186787	-0.629856	0.676899	0.00085387
289	2.51383e-09	0.856312	-0.778259	0.00196508	0.629987	0.682427	0.00185068
290	2.51383e-09	1.14149	0.106359	0.00227246	-0.0834795	0.929397	0.00199367
291	2.51383e-09	-0.460933	1.04506	0.000485716	-0.857814	-0.37784	0.00112894
292	2.51383e-09	-0.34489	1.09603	-0.00254311	-0.889755	-0.280399	0.000296254
293	2.51383e-09	-0.572959	0.980895	0.00133433	-0.811524	-0.469975	-0.00219968
294	2.51383e-09	-0.219458	1.14906	-0.00661022	-0.908431	-0.172581	-0.00130277
295	2.51383e-09	-1.13903	0.0114705	-0.000630663	-0.00579956	-0.938049	0.00118268
296	2.51383e-09	1.095	-0.365768	-0.00277721	0.296292	0.882744	-0.00353079
297	2.51383e-09	-1.11424	0.263646	-0.00119525	-0.216974	-0.90798	0.00185136
298	2.51383e-09	-1.0123	-0.541693	-0.00178838	0.444417	-0.820587	-0.002178
299	2.51383e-09	-0.812161	-0.824269	-0.000311655	0.658586	-0.660662	0.000197157
300	2.51383e-09	-0.80889	0.835928	0.0031497	-0.66699	-0.645872	0.00106326
301	2.51383e-09	0.312905	-1.12732	0.0024425	0.890457	0.238089	-0.000273403
302	2.51383e-09	-1.09267	0.417915	-0.00563108	-0.322474	-0.864217	-0.0012993
303	2.51383e-09	-0.82435	0.806372	-0.00204819	-0.651574	-0.665997	-0.000753925
304	2.51383e-09	0.613073	-0.986656	0.00170599	0.784827	0.494867	-0.000234187
305	2.51383e-09	-0.0428202	1.14753	-0.00271057	-0.932426	-0.0342296	-0.00143813
306	2.51383e-09	-0.970984	-0.616151	-0.000780639	0.500733	-0.786296	0.000295332
307	2.51383e-09	0.739837	0.888996	-0.00293854	-0.716629	0.595703	-0.0013058
308	2.51383e-09	0.598058	-1.00575	-0.000212021	0.797841	0.468537	0.000982318
309	2.51383e-09	1.13712	0.0281931	4.21856e-05	-0.0193587	0.939073	-0.000207904
310	2.51383e-09	0.0742581	1.15815	-0.000709852	-0.926199	0.0626698	-0.00081211
311	2.51383e-09	-0.892595	-0.746119	-0.00340233	0.593033	-0.710665	0.000751402
312	2.51383e-09	1.15121	0.139471	0.00133201	-0.112259	0.923727	0.00104596
313	2.51383e-09	0.414981	-1.06653	-0.00271113	0.870571	0.342886	0.00157088
314	2.51383e-09	-0.98873	0.574797	2.95405e-05	-0.46943	-0.809591	-0.00134236
315	2.51383e-09	-0.576333	1.01507	-0.00294482	-0.805351	-0.456849	0.000973407
316	2.51383e-09	1.1346	0.254473	0.00118894	-0.199805	0.907453	0.00175419
317	2.51383e-09	0.687622	-0.936388	-0.00323364	0.747011	0.547374	-0.00106432
318	2.51383e-09	-0.521339	-1.03588	-0.000932606	0.826892	-0.419833	0.00158033
319	2.51383e-09	-0.490905	1.06344	0.00269012	-0.837285	-0.388263	-0.00143973
320	2.51383e-09	0.73242	-0.923852	0.000872994	0.723025	0.573221	3.04982e-05
321	2.51383e-09	-0.990835	-0.611318	0.000579046	0.490537	-0.786591	8.42857e-05
322	2.51383e-09	-0.844832	0.788782	0.00176952	-0.63329	-0.683562	-0.00252141
323	2.51383e-09	1.10312	-0.362614	-2.64839e-05	0.281611	0.88286	0.000415368
324	2.51383e-09	1.0584	0.510645	-0.00111865	-0.399714	0.830924	0.000875686
325	2.51383e-09	0.407774	-1.07922	0.00216663	0.870313	0.335095	0.00196869
326	2.51383e-09	-0.253902	-1.14928	-0.00429844	0.899116	-0.208621	-0.000499968
327	2.51383e-09	-0.66999	0.968262	0.00203927	-0.758623	-0.523211	-0.00183968
328	2.51383e-09	0.844874	-0.772799	-0.00156766	0.633716	0.688168	-0.00132822
329	2.51383e-09	1.11985	-0.386023	0.000356109	0.298893	0.864772	-0.000475547
330	2.51383e-09	-0.98341	0.609558	-0.000190681	-0.492347	-0.789544	-0.000423004
331	2.51383e-09	1.00567	-0.565848	-0.0011169	0.460224	0.807979	0.00148483
332	2.51383e-09	-1.18189	0.0553248	0.000878344	-0.0437542	-0.917388	-0.000744443
333	2.51383e-09	0.970442	0.681242	0.000372971	-0.528864	0.750948	0.00204956
334	2.51383e-09	0.266818	1.14379	0.0008794	-0.897667	0.214713	0.00141665
335	2.51383e-09	1.15744	0.257816	-0.000604368	-0.203064	0.894923	0.000531064
336	2.51383e-09	-0.303524	1.13495	0.000905701	-0.890511	-0.240953	0.00191664
337	2.51383e-09	-1.07022	-0.51013	-0.00139405	0.396205	-0.826198	0.00156225
338	2.51383e-09	-1.11004	0.360238	-0.00247947	-0.284221	-0.880226	0.00225704
339	2.51383e-09	0.330379	1.13658	-0.00107553	-0.882472	0.261156	-0.00406191
340	2.51383e-09	0.748866	-0.921141	-0.00180747	0.710349	0.577534	-0.000740038
341	2.51383e-09	-0.329552	-1.13163	0.000172701	0.884318	-0.255216	0.000208
342	2.51383e-09	0.472393	-1.06395	-0.000421386	0.84761	0.375145	0.000166006
343	2.51383e-09	0.972341	-0.629798	0.00266404	0.507745	0.777432	-0.000592999
344	2.51383e-09	-0.756924	0.894771	-0.000860198	-0.708366	-0.597741	4.18094e-05
345	2.51383e-09	-1.11683	0.32796	0.00341884	-0.257485	-0.890924	0.00108362
346	2.51383e-09	0.295881	-1.13512	0.000337658	0.891274	0.238198	-0.0019988
347	2.51383e-09	1.1201	-0.387294	-0.000774617	0.30483	0.863186	0.00104188
348	2.51383e-09	-0.906576	-0.747286	-0.00362751	0.586988	-0.711331	0.00116158
349	2.51383e-09	-1.13571	0.272953	-0.00130493	-0.221822	-0.899708	0.00253994
350	2.51383e-09	-0.603559	1.00626	-0.00109287	-0.789133	-0.475273	-0.00173434
351	2.51383e-09	-0.243112	-1.16471	0.000177274	0.898484	-0.186734	0.0021892
352	2.51383e-09	0.84516	0.821145	-0.00159339	-0.639576	0.663133	-0.00107608
353	2.51383e-09	-0.659111	-0.995376	0.00325157	0.761003	-0.509475	-0.00251591
354	2.51383e-09	1.18023	-0.00821227	-0.00258345	0.00875957	0.922008	-0.00143834
355	2.51383e-09	-0.827574	0.803054	-0.00189906	-0.647989	-0.669324	0.00215789
356	2.51383e-09	-1.09331	0.49161	0.000798656	-0.372483	-0.835323	0.000323118
357	2.51383e-09	0.195962	-1.15929	-8.55163e-05	0.910723	0.15063	-0.00147997
358	2.51383e-09	0.244533	1.17202	0.00371212	-0.895934	0.183077	-0.000311169
359	2.51383e-09	0.366031	1.14431	0.00169531	-0.868759	0.274497	0.00238546
360	2.51383e-09	1.09032	0.424571	0.000778432	-0.335039	0.863054	0.000477288
361	2.51383e-09	1.16435	-0.169423	0.00133293	0.134497	0.912388	0.00144571
362	2.51383e-09	-1.16345	0.161449	-0.000780432	-0.124956	-0.914322	-0.00102344
363	2.51383e-09	0.548984	1.05452	0.000368647	-0.810649	0.426453	-0.00165119
364	2.51383e-09	-1.15493	0.00377418	0.00156681	-0.00528665	-0.932115	-0.000404111
365	2.51383e-09	0.785776	0.907314	-0.00157328	-0.690781	0.597543	0.00128811
366	2.51383e-09	-0.72093	-0.945934	-0.000166991	0.727965	-0.556058	0.00194986
367	2.51383e-09	1.14647	0.299458	-0.000544058	-0.230318	0.891431	-0.00142332
368	2.51383e-09	-0.550819	-1.06666	0.00101068	0.812673	-0.415432	-0.000291354
369	2.51383e-09	1.17851	0.125274	-0.00051606	-0.101502	0.913783	-0.000278244
370	2.51383e-09	-1.14181	0.324086	-0.00097197	-0.253018	-0.881722	0.000517152
371	2.51383e-09	-0.39417	-1.13749	-0.00126664	0.862256	-0.298797	-0.00041632
372	2.51383e-09	0.948824	0.725901	-0.00283606	-0.554723	0.730491	0.000656459
373	2.51383e-09	-1.17351	0.176521	0.000650592	-0.135235	-0.908262	0.00258117
374	2.51383e-09	0.571666	1.06144	-0.00205354	-0.801582	0.435559	-0.00243998
375	2.51383e-09	-1.18547	0.0959749	0.00113917	-0.0719713	-0.914275	0.00137518
376	2.51383e-09	-1.17527	-0.135399	-0.00117483	0.106514	-0.913782	0.00118361
377	2.51383e-09	0.691356	-0.975641	0.000414248	0.743218	0.530595	0.00132919
378	2.51383e-09	-0.763933	0.912157	-0.000690961	-0.705153	-0.589255	0.000384891
379	2.51383e-09	0.540737	-1.04119	0.00266564	0.818006	0.432759	2.22614e-05
380	2.51383e-09	1.18411	-0.0312843	-0.000642163	0.0234026	0.91798	0.000114433
381	2.51383e-09	0.198477	1.17368	-0.000374551	-0.903731	0.151729	5.53471e-05
382	2.51383e-09	1.06632	0.539701	-0.000786905	-0.408575	0.819475	0.00202357
383	2.51383e-09	-0.579741	1.01646	-0.000478342	-0.800751	-0.464742	-0.000167359
384	2.51383e-09	-1.13519	0.394443	0.00406331	-0.301727	-0.860366	-0.00385694
385	2.51383e-09	0.951746	-0.707804	-0.00123025	0.542646	0.739905	0.000208158
386	2.51383e-09	0.569883	1.05055	0.00155776	-0.803986	0.434781	0.00109789
387	2.51383e-09	-0.0558563	1.20001	-0.00117095	-0.911027	-0.04083	0.00271986
388	2.51383e-09	-0.234504	-1.18606	-0.000815562	0.888752	-0.181747	-0.00107359
389	2.51383e-09	-1.16503	-0.194889	0.00240804	0.150092	-0.90845	-0.00372077
390	2.51383e-09	-0.42472	1.10177	-0.00290426	-0.860572	-0.330833	0.00147991
391	2.51383e-09	-0.653813	-1.00596	-0.00177781	0.768688	-0.496708	0.00118763
392	2.51383e-09	-0.469846	-1.10956	0.000398307	0.83751	-0.354902	0.00445845
393	2.51383e-09	1.1202	0.485983	-0.000356475	-0.357989	0.827517	-0.00104687
394	2.51383e-09	-0.863619	0.837102	0.000435742	-0.6354	-0.651542	0.00156037
395	2.51383e-09	-0.105286	-1.19534	0.000613905	0.908078	-0.0817857	0.000898127
396	2.51383e-09	-1.06458	-0.566807	0.000153446	0.431511	-0.802354	-0.000437002
397	2.51383e-09	0.647639	-1.00745	-0.000433833	0.768517	0.495428	-0.00247541
398	2.51383e-09	-0.881913	-0.815694	-0.00121642	0.621551	-0.671876	0.00110802
399	2.51383e-09	0.632654	1.01722	-0.00313554	-0.777503	0.482067	-0.000792685
400	2.51383e-09	-0.659	-0.992633	-0.00114959	0.76796	-0.506115	-0.00023284
