7.520000e+03
401
0	1	0.000347429	0.000215583	-3.17139e-07	-6.79567e-09	-1.07078e-08	-1.12893e-10
1	2.51383e-09	0.790737	-0.629143	0.00238693	0.623947	0.775581	-0.0010671
2	2.51383e-09	-0.784923	0.620125	-0.000368896	-0.614974	-0.789979	0.000265927
3	2.51383e-09	0.880497	0.461642	0.000472637	-0.462996	0.891276	0.00147385
4	2.51383e-09	0.987764	0.20547	0.00266051	-0.200232	0.974845	0.000918797
5	2.51383e-09	-0.00153147	-0.992471	-0.00133574	1.00543	-0.00154902	-0.000986965
6	2.51383e-09	-0.917432	-0.414546	-0.00242865	0.411913	-0.907463	0.00169979
7	2.51383e-09	-0.727678	0.683605	-0.00250449	-0.680965	-0.732584	0.000712846
8	2.51383e-09	-0.107168	-0.990595	-9.86522e-05	0.996603	-0.109504	-0.000810682
9	2.51383e-09	0.861456	0.523746	-8.2733e-05	-0.514341	0.852494	0.000199304
10	2.51383e-09	-0.853175	-0.547361	8.13262e-05	0.534522	-0.836672	-0.000712807
11	2.51383e-09	0.944903	0.314045	-0.000670708	-0.316365	0.952347	-0.000261264
12	2.51383e-09	-0.222915	-0.991336	-0.00112051	0.966261	-0.220657	0.00129891
13	2.51383e-09	-0.481974	0.883331	-0.000732176	-0.876346	-0.474765	0.000623361
14	2.51383e-09	0.846738	-0.553706	0.00279643	0.545026	0.831154	0.000900847
15	2.51383e-09	-0.40601	0.926411	-0.00146663	-0.90673	-0.3995	-0.000676325
16	2.51383e-09	-0.135445	0.981661	-0.00030599	-0.998446	-0.138244	0.0022036
17	2.51383e-09	-0.169464	-0.99505	0.00150451	0.979184	-0.174432	-0.00101096
18	2.51383e-09	0.868127	0.553261	-0.00109615	-0.530989	0.827369	0.000111803
19	2.51383e-09	0.0441366	-1.02186	0.00191618	0.984757	0.0503379	-0.00126571
20	2.51383e-09	0.591048	0.840329	-0.00186718	-0.808204	0.567428	-0.00233935
21	2.51383e-09	-0.999441	0.133091	0.00193105	-0.131947	-0.9865	0.00362262
22	2.51383e-09	-0.846077	-0.591636	-0.00146711	0.561408	-0.80442	0.00260504
23	2.51383e-09	0.979826	-0.23931	0.00225577	0.239173	0.968257	-0.00206531
24	2.51383e-09	-0.50523	-0.885503	0.00151531	0.856969	-0.48719	0.000589343
25	2.51383e-09	0.86081	0.537255	0.000107454	-0.529605	0.840707	-0.00301171
26	2.51383e-09	-0.712102	-0.733181	0.00074105	0.711106	-0.684417	-0.0016094
27	2.51383e-09	0.96027	0.307095	0.00180797	-0.303082	0.946366	-0.00198362
28	2.51383e-09	-0.280427	0.969166	-0.00116601	-0.955125	-0.281071	0.00211245
29	2.51383e-09	0.452056	0.907984	0.00065055	-0.889844	0.439896	0.00259221
30	2.51383e-09	1.0082	-0.0382211	-0.000586341	0.0368067	0.995403	0.00197776
31	2.51383e-09	1.01013	0.0490836	-0.00296759	-0.0487594	0.992462	-0.00186712
32	2.51383e-09	0.210534	0.981905	0.00344282	-0.977173	0.210504	0.00258036
33	2.51383e-09	0.838475	0.612703	0.00104409	-0.573633	0.790487	-0.000117423
34	2.51383e-09	-0.477962	-0.916671	-0.00206322	0.872234	-0.455321	0.00214792
35	2.51383e-09	1.01632	0.0254952	-0.00284106	-0.0276558	0.992967	0.00143979
36	2.51383e-09	-1.01683	0.112734	0.00173768	-0.103913	-0.979302	-0.00152111
37	2.51383e-09	-0.773233	-0.663452	-0.000101666	0.647095	-0.749109	0.00201927
38	2.51383e-09	0.300875	-0.957378	-0.00273091	0.951362	0.297462	0.00196677
39	2.51383e-09	0.879024	-0.515473	0.000276944	0.496026	0.85501	0.00182101
40	2.51383e-09	-0.58281	0.828322	-2.95523e-05	-0.813769	-0.574565	0.000342818
41	2.51383e-09	-0.264927	0.980093	-6.3461e-05	-0.958324	-0.258065	0.00313672
42	2.51383e-09	-0.761365	0.708552	0.00257231	-0.665656	-0.719656	0.00161673
43	2.51383e-09	-0.181183	-0.997189	-0.00322806	0.975303	-0.183683	-0.00161877
44	2.51383e-09	1.00873	-0.218363	0.000427237	0.209807	0.962542	0.00119855
45	2.51383e-09	0.855295	-0.563989	0.00227593	0.548365	0.821139	-0.00083873
46	2.51383e-09	-0.429427	-0.922295	0.000100439	0.901176	-0.414965	-0.000106516
47	2.51383e-09	-0.802106	-0.627032	-0.00121037	0.608298	-0.781513	-0.00112182
48	2.51383e-09	0.213397	1.006	0.00193548	-0.964101	0.204915	-0.000377575
49	2.51383e-09	0.744838	0.68065	0.00158665	-0.670843	0.735178	0.00132774
50	2.51383e-09	-0.717082	0.75662	-0.00234754	-0.710115	-0.671682	-0.000845202
51	2.51383e-09	-0.104266	-0.997355	-0.000404298	0.994351	-0.103722	0.00134802
52	2.51383e-09	-0.918576	0.480854	-0.000238913	-0.451223	-0.87107	0.00221763
53	2.51383e-09	-0.0371759	-1.0266	0.00233752	0.984841	-0.0388672	0.000576275
54	2.51383e-09	-0.53011	0.877306	-0.00081745	-0.845901	-0.508343	-0.00125312
55	2.51383e-09	1.01971	-0.205091	0.000160989	0.190526	0.960529	-0.00161327
56	2.51383e-09	0.18039	-1.01432	0.000278196	0.966863	0.170904	-0.00061052
57	2.51383e-09	0.210306	1.02465	-0.00141291	-0.960046	0.196545	-0.00102559
58	2.51383e-09	-0.583387	0.870604	-0.000951182	-0.811897	-0.541058	0.00094589
59	2.51383e-09	0.327051	0.967181	-0.00297372	-0.941095	0.31502	0.00234168
60	2.51383e-09	0.0312602	-1.03077	-0.000181564	0.983641	0.0279487	0.00147769
61	2.51383e-09	0.0429159	-1.03389	0.00351259	0.982099	0.0449464	0.000598266
62	2.51383e-09	0.686593	-0.771726	-0.000790907	0.737968	0.652604	0.000701589
63	2.51383e-09	1.00807	-0.213976	0.000287479	0.210193	0.962183	-0.00124355
64	2.51383e-09	1.03757	0.0210648	-0.00080927	-0.0162958	0.978987	0.000886939
65	2.51383e-09	-0.581782	0.834658	0.00122916	-0.815207	-0.567865	0.000971497
66	2.51383e-09	-0.497529	-0.899964	2.60507e-05	0.867864	-0.468508	-0.00238594
67	2.51383e-09	-1.044	-0.103534	-0.00205009	0.0935569	-0.970534	0.000702745
68	2.51383e-09	1.0311	-0.0160004	0.00267062	0.015983	0.98482	0.00198833
69	2.51383e-09	-0.730229	0.743532	0.00364019	-0.698565	-0.683767	-0.00079968
70	2.51383e-09	-0.492804	-0.899889	0.000584818	0.867711	-0.471675	6.70584e-05
71	2.51383e-09	-1.00693	0.234357	-0.00199424	-0.219884	-0.958656	-0.00452012
72	2.51383e-09	-1.04692	-0.165945	-0.00236411	0.148472	-0.959067	0.000379488
73	2.51383e-09	1.02986	0.131935	-0.000352714	-0.122125	0.972274	0.00147433
74	2.51383e-09	-0.318872	-1.01289	0.00266488	0.925423	-0.28699	0.00103301
75	2.51383e-09	-0.183169	-1.02918	-0.000879659	0.962543	-0.172457	-0.000471033
76	2.51383e-09	-0.6425	-0.823529	-0.000644841	0.775289	-0.602099	0.00304997
77	2.51383e-09	0.192859	-1.04608	0.000458612	0.953802	0.174872	-0.000783462
78	2.51383e-09	-0.899083	-0.538803	0.00231195	0.506122	-0.831505	-0.00195036
79	2.51383e-09	-0.409493	-0.956874	-0.00486268	0.899191	-0.382849	0.000269594
80	2.51383e-09	0.205452	1.01391	-0.000777773	-0.966032	0.195706	-0.00161106
81	2.51383e-09	-0.117636	-1.01936	-0.000183793	0.981106	-0.110329	-0.000435895
82	2.51383e-09	0.397074	0.977848	-0.000149409	-0.903712	0.360826	-0.00117044
83	2.51383e-09	1.01985	0.201512	-0.000659632	-0.19123	0.960326	0.000605675
84	2.51383e-09	1.04456	-0.0409812	0.00105406	0.0357898	0.97619	3.71158e-05
85	2.51383e-09	-0.0618095	1.02597	0.00109026	-0.984943	-0.0577774	0.0011561
86	2.51383e-09	-0.37388	-0.973153	0.000850931	0.916966	-0.350308	0.000868743
87	2.51383e-09	0.858833	0.591355	0.000535687	-0.561	0.805627	0.00108238
88	2.51383e-09	-0.78169	-0.678866	0.000655953	0.644273	-0.741127	0.00279221
89	2.51383e-09	0.64826	-0.823199	0.000228323	0.769104	0.605522	-0.00202195
90	2.51383e-09	-0.243037	-1.01598	0.00388114	0.95302	-0.228266	0.00103292
91	2.51383e-09	0.945446	-0.426527	-0.00457141	0.401851	0.893592	0.00112988
92	2.51383e-09	-0.873264	-0.580199	0.00218626	0.540507	-0.813418	-0.00113569
93	2.51383e-09	0.989318	-0.385632	9.33628e-05	0.351656	0.905897	0.000365606
94	2.51383e-09	0.804446	0.657013	0.00309216	-0.623222	0.758087	-0.000729046
95	2.51383e-09	0.220844	1.01076	-0.00101862	-0.959696	0.206141	0.000516383
96	2.51383e-09	0.444276	-0.953585	-0.000433887	0.883808	0.416508	0.00248914
97	2.51383e-09	1.00184	-0.334837	-0.00106746	0.314226	0.91961	0.00172422
98	2.51383e-09	1.05663	-0.0346662	0.001648	0.0266121	0.972574	0.000413463
99	2.51383e-09	0.9966	-0.391864	-0.00019632	0.360834	0.895987	-0.00133277
100	2.51383e-09	-0.802859	0.677354	0.00172908	-0.634286	-0.74516	0.000393103
101	2.51383e-09	0.78472	0.66431	-0.000882719	-0.636744	0.755208	-0.000435817
102	2.51383e-09	-1.02242	0.0793782	0.00130352	-0.0711035	-0.98526	-0.000586342
103	2.51383e-09	-0.61418	0.848353	0.00262729	-0.790738	-0.575929	-0.000491899
104	2.51383e-09	-0.291734	-1.00939	0.00130973	0.933925	-0.272447	0.000960593
105	2.51383e-09	-0.969859	0.369967	-0.00148132	-0.344677	-0.918573	0.000381757
106	2.51383e-09	-0.64276	-0.82482	-0.000543332	0.769041	-0.604436	-6.94644e-05
107	2.51383e-09	-0.49192	0.943437	-0.00110824	-0.857818	-0.448039	-0.00103119
108	2.51383e-09	-0.918983	-0.554668	0.000451336	0.499261	-0.823019	-0.000908038
109	2.51383e-09	-0.997961	-0.358114	0.000923787	0.322426	-0.915455	0.00135495
110	2.51383e-09	0.401151	0.973806	0.00231567	-0.903579	0.370014	0.00291968
111	2.51383e-09	-0.669607	-0.822525	0.0017338	0.750348	-0.618337	0.000213926
112	2.51383e-09	0.993332	0.392907	-0.000820878	-0.354287	0.898402	-0.000819642
113	2.51383e-09	-1.05888	0.083711	0.00148108	-0.0721176	-0.966767	-0.000587108
114	2.51383e-09	0.337434	0.992048	0.000249826	-0.92472	0.317206	0.00233054
115	2.51383e-09	0.798242	0.710449	0.00295043	-0.648195	0.720601	-0.00104091
116	2.51383e-09	1.03509	-0.189954	-0.00249986	0.171421	0.959235	-0.00207707
117	2.51383e-09	0.979409	-0.387468	0.000972223	0.360316	0.90653	-0.000677087
118	2.51383e-09	-0.903859	-0.558543	0.00181395	0.509238	-0.824721	-0.000986268
119	2.51383e-09	-1.00757	-0.28693	-0.00323083	0.260893	-0.941114	-0.00220349
120	2.51383e-09	0.953979	0.447116	-0.00325428	-0.41531	0.879689	0.000236382
121	2.51383e-09	-0.215286	-1.04207	0.00046818	0.949674	-0.191131	-0.00229836
122	2.51383e-09	1.04359	0.238499	-0.0014064	-0.217233	0.943278	-0.00151202
123	2.51383e-09	-0.303314	1.003	-0.00166575	-0.930751	-0.289598	0.000308475
124	2.51383e-09	-1.04207	-0.281337	0.00182003	0.248999	-0.929411	-0.000101158
125	2.51383e-09	0.272869	-1.01445	-0.00232802	0.939749	0.25856	-0.000622875
126	2.51383e-09	-0.843372	0.641291	-0.000994293	-0.592405	-0.770718	0.00127671
127	2.51383e-09	-1.0597	0.0119759	-0.00142121	-0.00839015	-0.969281	0.000121274
128	2.51383e-09	-1.03815	0.256439	8.18439e-06	-0.228571	-0.939917	0.0027389
129	2.51383e-09	-1.00167	0.354005	0.000476498	-0.323384	-0.911106	0.00177147
130	2.51383e-09	-1.04018	-0.231806	8.67538e-06	0.209453	-0.94348	-0.000974064
131	2.51383e-09	-1.07075	0.144295	-0.00182277	-0.134067	-0.953215	0.000575961
132	2.51383e-09	1.07296	0.058496	-0.00309576	-0.0495718	0.962256	-0.000256455
133	2.51383e-09	0.718259	-0.795767	0.000482209	0.715619	0.646116	0.00271524
134	2.51383e-09	0.574179	-0.877124	0.00114621	0.818147	0.535656	0.00188294
135	2.51383e-09	0.25662	1.01792	-0.00235092	-0.947541	0.241545	-0.000929883
136	2.51383e-09	-0.175419	-1.06528	0.00124268	0.950705	-0.160004	-0.00208132
137	2.51383e-09	-0.799868	-0.694714	-0.000154683	0.640515	-0.732439	-0.00325354
138	2.51383e-09	1.06048	0.110361	0.00130762	-0.104531	0.96248	-6.5298e-05
139	2.51383e-09	0.593122	0.881551	0.00267178	-0.806893	0.54019	0.00198957
140	2.51383e-09	0.0804044	-1.08386	-0.00182931	0.956222	0.0699839	0.000187198
141	2.51383e-09	0.481409	0.951801	-0.000410979	-0.863195	0.440681	-0.00329806
142	2.51383e-09	0.338254	1.03074	0.00134536	-0.908435	0.30079	-0.00275513
143	2.51383e-09	1.05358	0.210066	-0.00106097	-0.183713	0.946701	-0.000116096
144	2.51383e-09	0.684794	0.836469	0.00201514	-0.745129	0.61038	0.000966821
145	2.51383e-09	0.720094	0.774991	-0.000828373	-0.715157	0.659396	-0.0001532
146	2.51383e-09	-0.731248	-0.832149	-0.00127927	0.712858	-0.62568	-0.00322699
147	2.51383e-09	1.07559	0.0910883	-0.000242875	-0.0843157	0.959656	-0.00274351
148	2.51383e-09	0.170037	1.07035	-0.00050886	-0.948122	0.157162	9.06159e-05
149	2.51383e-09	0.994332	0.395173	-0.000289539	-0.352377	0.895185	-0.001973
150	2.51383e-09	0.998701	-0.429676	0.000369572	0.38345	0.875403	-0.000970505
151	2.51383e-09	0.724426	0.799555	0.000606836	-0.709934	0.647513	0.000145975
152	2.51383e-09	1.04959	-0.264138	-0.0012094	0.244934	0.926953	0.000370304
153	2.51383e-09	-0.254935	-1.06314	-0.000104901	0.927786	-0.224141	0.000722887
154	2.51383e-09	0.751745	-0.801807	-0.00170599	0.693855	0.656447	-4.09718e-05
155	2.51383e-09	0.827777	-0.701032	0.00187609	0.619205	0.731122	0.00135529
156	2.51383e-09	1.07945	-0.124263	-0.00111847	0.115798	0.953225	0.00263783
157	2.51383e-09	-0.0204878	-1.06283	-0.000174303	0.971027	-0.021422	-0.000826757
158	2.51383e-09	-1.0786	-0.136172	0.00318193	0.124327	-0.952249	0.00325129
159	2.51383e-09	-0.247941	-1.04526	0.000572625	0.937082	-0.226237	-0.000766013
160	2.51383e-09	-0.93417	-0.527529	-0.00207466	0.476271	-0.841415	0.0024168
161	2.51383e-09	0.993352	0.445158	-0.0014219	-0.394306	0.874755	-0.00213173
162	2.51383e-09	0.264721	-1.04673	-0.00354707	0.933581	0.236977	0.000791035
163	2.51383e-09	0.212055	-1.06969	-0.000521971	0.938959	0.181566	0.000217981
164	2.51383e-09	-0.959437	0.484481	0.00351225	-0.432103	-0.860147	-0.000697011
165	2.51383e-09	-0.800317	0.756294	0.00281552	-0.657901	-0.688855	-0.00143369
166	2.51383e-09	0.650746	0.872266	6.43583e-05	-0.771019	0.56871	0.00158022
167	2.51383e-09	0.929029	0.546959	0.0017713	-0.488645	0.82469	0.00379723
168	2.51383e-09	-0.78881	-0.743101	0.00058527	0.659872	-0.699843	0.00150386
169	2.51383e-09	0.579249	-0.912702	0.00100375	0.811318	0.51829	0.000703907
170	2.51383e-09	-0.315431	1.04287	-0.000942798	-0.91755	-0.273223	-0.00371381
171	2.51383e-09	-0.893023	-0.631205	-0.00111099	0.549404	-0.782544	-0.00288691
172	2.51383e-09	-0.755151	-0.818575	-0.00210644	0.695081	-0.645265	-0.00226227
173	2.51383e-09	-1.03871	0.379383	-0.00224607	-0.325532	-0.893229	-0.00125008
174	2.51383e-09	0.829275	-0.731738	0.00019473	0.630819	0.70963	-0.00247051
175	2.51383e-09	-0.571147	-0.921393	0.00135936	0.818462	-0.507726	0.00124509
176	2.51383e-09	-0.631757	0.875065	0.000580982	-0.779774	-0.563634	-0.000493426
177	2.51383e-09	-0.599247	0.934063	0.00131699	-0.801238	-0.509619	-0.000280716
178	2.51383e-09	0.0996132	1.07224	-0.000756731	-0.957762	0.0893206	3.49537e-06
179	2.51383e-09	-0.298919	-1.06116	-0.000854043	0.913948	-0.260442	0.00364153
180	2.51383e-09	-0.00853443	-1.08511	-0.00216107	0.958902	-0.0072159	-0.0024346
181	2.51383e-09	-0.724426	-0.835429	-0.00149102	0.71762	-0.620614	0.00145339
182	2.51383e-09	0.926649	0.584394	0.00140073	-0.509608	0.807874	-0.00116657
183	2.51383e-09	0.87468	-0.665772	0.000353744	0.574754	0.759872	-0.00106465
184	2.51383e-09	-0.922996	0.613987	0.00140364	-0.527127	-0.790799	0.00189375
185	2.51383e-09	-0.0909054	-1.08947	-0.00141177	0.952755	-0.0813737	-0.00132866
186	2.51383e-09	1.0878	-0.0259431	0.00220226	0.0166179	0.956946	-0.000701001
187	2.51383e-09	1.02925	0.261743	-0.00240278	-0.2427	0.941596	0.00324502
188	2.51383e-09	0.0308563	-1.10761	-0.00134609	0.948237	0.02958	-0.00113658
189	2.51383e-09	0.987218	0.469261	0.000357925	-0.411423	0.862939	0.00243427
190	2.51383e-09	-0.879586	-0.674382	-0.00241673	0.57126	-0.755792	0.000112017
191	2.51383e-09	0.618653	-0.901206	-0.00292996	0.787033	0.542787	0.00109853
192	2.51383e-09	-0.50176	0.981252	0.000973488	-0.846671	-0.431947	-0.00046672
193	2.51383e-09	-0.71767	0.830186	0.00172842	-0.725991	-0.622021	-0.00167299
194	2.51383e-09	-1.05783	0.379242	-0.000834437	-0.316446	-0.888562	0.000454313
195	2.51383e-09	-0.513483	-0.956581	0.00164175	0.841569	-0.457552	-0.000156709
196	2.51383e-09	0.561173	0.946825	0.00398785	-0.816457	0.484199	0.00018375
197	2.51383e-09	-0.771278	0.768065	-0.0025396	-0.675786	-0.679581	0.000937947
198	2.51383e-09	1.0945	0.172834	0.00289968	-0.14766	0.940044	-0.000161084
199	2.51383e-09	0.313958	-1.04801	-0.000695939	0.917716	0.271755	-0.00270089
200	2.51383e-09	-0.430085	1.02865	0.000825873	-0.873579	-0.362236	0.00146486
201	2.51383e-09	-1.10029	-0.0366777	-0.0028188	0.0341345	-0.952896	0.000305247
202	2.51383e-09	-0.785436	0.752167	0.00172699	-0.667471	-0.69239	0.0015681
203	2.51383e-09	-0.446556	-0.990974	-0.00160963	0.873685	-0.393766	-0.000379314
204	2.51383e-09	-0.278148	1.06525	-0.000315909	-0.925572	-0.239253	0.00132959
205	2.51383e-09	-0.0274248	-1.12943	0.000456631	0.939825	-0.0238624	-0.00090275
206	2.51383e-09	-0.158359	1.08246	-0.00268853	-0.94638	-0.13495	0.000243277
207	2.51383e-09	1.11558	-0.00923892	6.71412e-06	0.00573967	0.946485	-0.000596125
208	2.51383e-09	-0.389639	-1.0251	0.00204138	0.892438	-0.338914	0.000679817
209	2.51383e-09	0.860816	-0.69643	0.000939212	0.595743	0.737797	-0.00240731
210	2.51383e-09	0.397202	1.02775	0.00114453	-0.889427	0.341319	-0.00138904
211	2.51383e-09	0.835903	0.704903	-0.000891932	-0.616199	0.734626	-0.00140328
212	2.51383e-09	0.260004	-1.08339	-0.00245842	0.919265	0.224515	0.000593308
213	2.51383e-09	-0.912669	-0.622709	0.0020175	0.535081	-0.787263	0.00129613
214	2.51383e-09	0.951998	-0.529326	0.00103239	0.471512	0.837824	-0.00136175
215	2.51383e-09	1.06103	-0.350003	-0.000381278	0.292374	0.89821	-0.00325411
216	2.51383e-09	0.749087	-0.828943	-0.000647986	0.707103	0.629878	0.000315122
217	2.51383e-09	0.63615	0.92038	0.000842194	-0.778507	0.53784	-0.000882439
218	2.51383e-09	-0.361079	-1.02201	-0.0016109	0.905276	-0.315375	-0.00127252
219	2.51383e-09	-0.770855	0.821146	-0.000213644	-0.688371	-0.642197	0.00043383
220	2.51383e-09	0.0438571	1.11648	-0.00215767	-0.944158	0.0407176	-0.000777505
221	2.51383e-09	0.711309	-0.835099	0.00182518	0.726435	0.616433	0.000934041
222	2.51383e-09	-0.195321	1.10162	0.00286913	-0.928923	-0.165218	-0.000993953
223	2.51383e-09	-0.41029	-1.02481	0.00128564	0.883844	-0.356574	0.00101823
224	2.51383e-09	0.392377	-1.02983	0.000257722	0.88991	0.333774	-3.20113e-05
225	2.51383e-09	0.667271	-0.897694	0.000190235	0.75499	0.566772	0.001052
226	2.51383e-09	-0.945232	-0.586098	0.00177878	0.500243	-0.80763	-0.00175336
227	2.51383e-09	-0.500843	-0.988953	-0.00144291	0.846083	-0.428093	-0.00101804
228	2.51383e-09	-0.28355	-1.07921	0.000629774	0.916049	-0.240852	-0.000862662
229	2.51383e-09	0.265575	-1.09707	-0.000760352	0.915226	0.217234	-0.00281297
230	2.51383e-09	0.339471	-1.08227	-0.00165502	0.899413	0.277864	0.000543199
231	2.51383e-09	0.724979	-0.85658	0.0060805	0.719894	0.613939	-0.000599584
232	2.51383e-09	0.310102	1.0656	0.00198346	-0.909559	0.261846	-0.000967386
233	2.51383e-09	0.777935	0.808448	0.000323411	-0.677936	0.652213	0.00149946
234	2.51383e-09	0.304354	1.07918	-0.00222635	-0.909264	0.255157	-0.000199326
235	2.51383e-09	-0.184765	-1.09565	-0.00175422	0.935607	-0.162726	0.00302743
236	2.51383e-09	-0.912542	-0.669039	0.000757613	0.554271	-0.757301	-0.00093281
237	2.51383e-09	0.219594	-1.08115	-0.000855571	0.932492	0.197328	-0.000717556
238	2.51383e-09	-1.07973	-0.383905	-0.000482084	0.320283	-0.875788	0.000113446
239	2.51383e-09	0.437065	1.02022	-0.00380522	-0.870865	0.376434	0.000889644
240	2.51383e-09	0.496741	-0.99997	-0.000298692	0.851633	0.42178	0.000537736
241	2.51383e-09	-0.912479	-0.645603	0.000527037	0.53965	-0.776926	-0.000624206
242	2.51383e-09	1.13033	-0.220628	-0.00299192	0.178371	0.915699	-0.00181951
243	2.51383e-09	0.950812	0.593344	-0.00309613	-0.502919	0.801077	-0.000564919
244	2.51383e-09	0.991302	0.54521	-0.00236683	-0.453046	0.826359	-0.0016146
245	2.51383e-09	1.11022	0.17954	-0.0046772	-0.149058	0.931265	0.00195478
246	2.51383e-09	0.617389	-0.938203	-0.00222887	0.789463	0.517074	0.00105859
247	2.51383e-09	-0.916109	-0.615991	-0.0010266	0.525533	-0.792631	-0.000834931
248	2.51383e-09	-0.985363	-0.55451	0.00290554	0.460169	-0.817661	-0.00102347
249	2.51383e-09	0.0502695	1.12643	-0.000771877	-0.938883	0.046474	0.000889792
250	2.51383e-09	-1.01833	-0.487272	-0.00210153	0.404063	-0.850014	-0.000204238
251	2.51383e-09	-0.63856	0.929423	-0.00118961	-0.779252	-0.530018	-0.00116736
252	2.51383e-09	0.622441	0.936907	-0.000504459	-0.785894	0.51985	-0.00167416
253	2.51383e-09	0.64362	0.938913	-0.00237183	-0.770364	0.533169	0.00167462
254	2.51383e-09	1.08526	-0.293104	0.000484943	0.247232	0.911437	0.00235515
255	2.51383e-09	-1.12764	-0.134327	-4.72914e-05	0.111712	-0.931896	-0.000562621
256	2.51383e-09	1.13732	0.0261299	0.00113354	-0.0283822	0.938737	0.000542234
257	2.51383e-09	0.421126	-1.03852	0.000987797	0.876293	0.357614	-0.00289428
258	2.51383e-09	1.0113	-0.510807	-0.0044788	0.422209	0.83746	0.000685917
259	2.51383e-09	-0.612554	-0.948015	-0.00125133	0.792173	-0.508742	0.000656294
260	2.51383e-09	-0.314576	-1.0858	0.00250797	0.900733	-0.264531	0.00307678
261	2.51383e-09	-0.672938	0.932261	-0.00155028	-0.755191	-0.545537	-0.000312421
262	2.51383e-09	-0.152512	-1.10313	0.000326164	0.939426	-0.123854	0.00434857
263	2.51383e-09	0.479858	-1.03801	-0.0015396	0.845768	0.397645	0.00101711
264	2.51383e-09	1.06366	0.370447	-0.000115723	-0.307168	0.890772	-0.000741314
265	2.51383e-09	0.911644	0.692263	0.00124043	-0.564164	0.747333	0.000670999
266	2.51383e-09	1.10503	0.257276	-0.000330429	-0.21292	0.914957	-0.000404583
267	2.51383e-09	-0.923009	-0.628723	0.00214016	0.532755	-0.785804	-0.00125077
268	2.51383e-09	-0.839407	0.756515	0.000893318	-0.630466	-0.702578	0.00193493
269	2.51383e-09	-1.14784	0.08661	-0.00242368	-0.0690519	-0.926984	0.00133318
270	2.51383e-09	0.82056	0.784745	-0.000896471	-0.64831	0.678954	0.00119027
271	2.51383e-09	0.518739	-1.0139	0.00216777	0.834913	0.428182	0.000161246
272	2.51383e-09	-0.684317	0.909266	0.00309837	-0.750012	-0.564023	7.67457e-05
273	2.51383e-09	0.873951	-0.741673	0.00280463	0.602941	0.711635	0.00133667
274	2.51383e-09	1.09083	0.265613	-0.0024194	-0.229529	0.914232	9.88004e-05
275	2.51383e-09	-1.11908	0.203049	-0.00110473	-0.164955	-0.921034	0.0022848
276	2.51383e-09	-0.254486	-1.10779	0.000991776	0.917499	-0.208076	0.000193874
277	2.51383e-09	1.13193	-0.0809398	-0.00132762	0.0741702	0.93916	0.00354915
278	2.51383e-09	0.960879	0.633243	0.0012484	-0.513497	0.779766	0.00113973
279	2.51383e-09	0.282404	1.12849	-0.000439989	-0.900584	0.226073	0.000971333
280	2.51383e-09	-0.237897	-1.1383	0.00153727	0.905201	-0.195325	0.000866608
281	2.51383e-09	-0.988733	0.560634	0.000790192	-0.463002	-0.81687	-0.0004854
282	2.51383e-09	0.628516	-0.958933	0.00163741	0.782078	0.511559	-0.00209196
283	2.51383e-09	0.757216	0.856401	0.000527289	-0.700442	0.615439	0.00230617
284	2.51383e-09	-1.1132	0.304918	-0.00154173	-0.247917	-0.899208	0.00123005
285	2.51383e-09	-0.719133	-0.895776	0.000537625	0.724756	-0.586135	0.000564765
286	2.51383e-09	-0.0360544	-1.13034	0.00105483	0.939673	-0.0322547	0.00132391
287	2.51383e-09	0.613637	0.959365	-2.75752e-05	-0.788723	0.503404	0.000974743
288	2.51383e-09	-0.814708	-0.817301	0.00189164	0.660987	-0.657998	-0.000137235
289	2.51383e-09	1.1274	-0.274892	0.0021362	0.224026	0.898597	0.00131725
290	2.51383e-09	0.828357	-0.786346	-0.00201493	0.6471	0.675746	0.00217598
291	2.51383e-09	-0.978708	-0.593647	0.00264774	0.484089	-0.800348	0.00172078
292	2.51383e-09	0.170458	1.12967	-0.00169981	-0.92559	0.140323	-0.000683781
293	2.51383e-09	-0.83038	0.77572	0.00130641	-0.641933	-0.683548	-0.00217219
294	2.51383e-09	-0.0178044	-1.16786	0.00399626	0.924901	-0.0142278	0.00398687
295	2.51383e-09	0.729122	0.88352	-0.00123591	-0.720347	0.590918	-0.00194142
296	2.51383e-09	1.00626	0.569342	-0.00419641	-0.458084	0.809576	-0.00186662
297	2.51383e-09	-0.914971	-0.695069	-0.000848853	0.564913	-0.741661	0.00131769
298	2.51383e-09	-0.821065	0.818974	0.00274592	-0.650965	-0.658578	-0.00068222
299	2.51383e-09	0.76707	-0.88995	-0.000886122	0.701636	0.594063	0.000117946
300	2.51383e-09	-0.487007	-1.05347	0.00246479	0.842801	-0.392276	-0.00305523
301	2.51383e-09	1.09384	0.398508	-0.000415404	-0.315977	0.867152	-0.00203097
302	2.51383e-09	-1.04316	0.527478	-0.00426951	-0.409126	-0.826692	-0.00273816
303	2.51383e-09	0.396157	1.08261	0.00196213	-0.873627	0.320753	-0.00139053
304	2.51383e-09	-1.03798	-0.525914	-0.00065165	0.417709	-0.825784	0.00131877
305	2.51383e-09	-0.606467	0.967086	-0.00229989	-0.794031	-0.497631	-0.000736826
306	2.51383e-09	-0.760942	0.862778	-0.0016071	-0.699273	-0.617733	-0.00108199
307	2.51383e-09	0.221088	-1.14299	0.00305266	0.907599	0.177346	-0.000341883
308	2.51383e-09	-0.774788	-0.871657	-0.000879888	0.694793	-0.615409	0.000237683
309	2.51383e-09	0.84044	-0.781742	0.00017784	0.63682	0.682464	-0.00152582
310	2.51383e-09	0.716141	-0.907134	0.0013519	0.729726	0.57943	0.000738974
311	2.51383e-09	0.0407606	1.15476	0.00252853	-0.931117	0.0355982	-0.00134091
312	2.51383e-09	0.940884	0.683061	0.0013692	-0.544574	0.752336	0.00148036
313	2.51383e-09	0.040953	1.14889	0.00398672	-0.932123	0.0362271	0.000357779
314	2.51383e-09	-0.689855	-0.914259	-0.00144636	0.745736	-0.563847	-0.000668591
315	2.51383e-09	1.09592	-0.408471	0.00117818	0.321477	0.867338	-0.0011313
316	2.51383e-09	-0.628561	0.991452	0.00278069	-0.777449	-0.49262	-0.000611207
317	2.51383e-09	0.0703822	1.15417	-0.00193914	-0.929617	0.0524705	0.00252334
318	2.51383e-09	1.13274	-0.242903	0.00247748	0.190113	0.908588	0.000845017
319	2.51383e-09	-0.107699	-1.15885	-0.00287422	0.924211	-0.0856919	-0.00133625
320	2.51383e-09	-0.918965	-0.745332	-0.000182794	0.578093	-0.711784	3.80634e-05
321	2.51383e-09	0.57089	-1.01357	0.000488197	0.80995	0.454951	-0.000261536
322	2.51383e-09	1.11635	-0.316494	-0.00180025	0.253771	0.892556	0.00221272
323	2.51383e-09	-0.93296	-0.70125	0.00054723	0.55171	-0.740179	3.60321e-05
324	2.51383e-09	-1.02238	0.585503	0.00140929	-0.458215	-0.799621	0.00057499
325	2.51383e-09	1.09988	0.323395	0.00316842	-0.26251	0.900133	-0.000145418
326	2.51383e-09	0.654793	0.978859	0.00103446	-0.766183	0.509676	0.00244059
327	2.51383e-09	-0.705104	-0.941149	-0.00218206	0.738055	-0.551496	-0.00137774
328	2.51383e-09	0.501219	-1.02676	0.000162569	0.843694	0.404631	-0.00185292
329	2.51383e-09	-1.10595	0.380556	-5.39495e-05	-0.300312	-0.880224	-0.000555739
330	2.51383e-09	1.11914	-0.326797	0.000833171	0.257567	0.886893	0.00112156
331	2.51383e-09	-0.69545	0.915919	0.00270194	-0.741509	-0.565611	0.000390362
332	2.51383e-09	0.532062	1.05	-0.000328158	-0.82163	0.417426	0.000778501
333	2.51383e-09	-0.399379	1.11405	0.00258513	-0.866501	-0.310227	0.00134411
334	2.51383e-09	0.261188	1.14337	-0.00214709	-0.898845	0.21271	0.000324813
335	2.51383e-09	0.0406747	-1.18364	0.00201472	0.916875	0.0323544	-0.00116359
336	2.51383e-09	0.196515	1.15522	-0.00166865	-0.911337	0.152681	0.00145714
337	2.51383e-09	-0.0707022	1.18254	-0.000204813	-0.91637	-0.0512045	-0.00187969
338	2.51383e-09	0.240998	-1.14265	0.0030348	0.905546	0.190616	0.00165896
339	2.51383e-09	-1.11113	0.43406	-0.00608241	-0.333344	-0.85039	-0.000694011
340	2.51383e-09	-1.16964	0.0932419	0.00232748	-0.0764794	-0.921708	-7.66346e-05
341	2.51383e-09	1.15322	0.219914	0.000792881	-0.172801	0.908421	-0.0010881
342	2.51383e-09	1.13864	-0.249727	-0.00061393	0.199422	0.90467	0.000521961
343	2.51383e-09	-0.0178891	1.16042	-0.00137919	-0.927026	-0.0184679	-0.00173216
344	2.51383e-09	1.18185	-0.0802825	0.000718407	0.056595	0.91577	-6.07407e-05
345	2.51383e-09	0.0884233	-1.16159	0.00117898	0.924771	0.0705025	-0.00171016
346	2.51383e-09	-1.16876	0.0899285	0.00145233	-0.0755932	-0.919106	0.00209535
347	2.51383e-09	0.831165	-0.834471	-0.000694458	0.656043	0.643511	-0.00190878
348	2.51383e-09	0.0328181	-1.17143	-0.00230537	0.924671	0.0264626	0.00292713
349	2.51383e-09	-0.7498	0.893633	-0.00317964	-0.712871	-0.594575	0.000537406
350	2.51383e-09	0.509247	1.06609	0.002667	-0.827856	0.397041	-0.000389033
351	2.51383e-09	-1.1894	0.102471	-0.00110241	-0.0771848	-0.910319	-0.000188578
352	2.51383e-09	-1.0252	-0.580968	0.00085896	0.457362	-0.799337	0.00158685
353	2.51383e-09	1.05621	-0.57744	-0.00268253	0.437467	0.797068	-0.00265346
354	2.51383e-09	1.1809	0.00649825	-0.0011683	-0.00375078	0.921855	-0.0023078
355	2.51383e-09	-0.637534	0.959916	-0.003298	-0.776659	-0.514388	0.000890781
356	2.51383e-09	0.832458	0.867457	0.000923686	-0.656792	0.632765	0.000240903
357	2.51383e-09	0.040505	1.17688	0.00078589	-0.922403	0.0296383	0.00135364
358	2.51383e-09	-1.1918	-0.106021	0.00110237	0.0799807	-0.910832	-0.0026317
359	2.51383e-09	-1.16733	0.223467	0.00349919	-0.172084	-0.902906	-0.000982346
360	2.51383e-09	0.850047	-0.801806	-0.000984683	0.634559	0.674554	0.000232735
361	2.51383e-09	1.16933	0.0738172	0.00128589	-0.0579125	0.92185	0.0012125
362	2.51383e-09	-0.490737	-1.06746	-0.00181828	0.838155	-0.387015	4.9556e-05
363	2.51383e-09	0.388553	1.12265	0.000355542	-0.864268	0.303109	-0.00183143
364	2.51383e-09	0.742528	0.89346	-0.000867312	-0.716108	0.592192	0.000251418
365	2.51383e-09	0.11983	-1.1956	0.000378264	0.907264	0.0908432	-0.00148896
366	2.51383e-09	0.932753	-0.730303	0.00182034	0.566953	0.722978	0.00156617
367	2.51383e-09	-0.862105	-0.823307	0.000974275	0.635071	-0.65834	0.00136582
368	2.51383e-09	-0.808704	0.894534	-0.000204945	-0.67514	-0.608518	0.000783033
369	2.51383e-09	-1.18441	-0.00375449	-0.000556344	-0.000321901	-0.92049	-0.00093196
370	2.51383e-09	0.763422	-0.916833	0.000717462	0.70106	0.586779	0.000987739
371	2.51383e-09	1.13152	-0.42596	-0.000963543	0.322233	0.850044	0.000854779
372	2.51383e-09	-1.1306	0.403316	0.00171992	-0.307305	-0.857958	0.00218463
373	2.51383e-09	1.05424	-0.551766	0.00132091	0.426946	0.81105	-0.00245832
374	2.51383e-09	-1.20017	-0.17881	-0.00210339	0.133372	-0.895732	0.00234389
375	2.51383e-09	0.954989	0.715408	9.20435e-05	-0.546794	0.733122	-0.000590831
376	2.51383e-09	-0.835432	-0.844632	-0.000654252	0.653157	-0.644223	0.000955994
377	2.51383e-09	-0.820005	-0.864501	-0.00213291	0.66179	-0.631717	-0.000999489
378	2.51383e-09	-1.08654	-0.493442	-0.000839861	0.376468	-0.835837	0.000746691
379	2.51383e-09	-0.617504	1.0121	-0.00282804	-0.784	-0.472905	-0.000770298
380	2.51383e-09	1.18682	0.102224	-0.000916004	-0.0826818	0.911314	0.000274736
381	2.51383e-09	0.975619	-0.681726	0.000355036	0.527486	0.750405	0.000542813
382	2.51383e-09	0.0792587	1.19572	0.00152122	-0.910322	0.0636686	0.00180818
383	2.51383e-09	-0.421131	1.09409	-0.000490376	-0.859705	-0.338497	-1.90067e-05
384	2.51383e-09	-0.0243742	1.19693	0.00131654	-0.916241	-0.0223428	0.00171942
385	2.51383e-09	1.17069	0.17928	-0.000598924	-0.137917	0.910032	-0.000331288
386	2.51383e-09	0.914256	0.770589	-0.00145613	-0.589036	0.698928	0.00230705
387	2.51383e-09	0.235546	-1.1741	0.00205288	0.895901	0.182848	-0.00258871
388	2.51383e-09	-1.106	-0.465174	0.00102591	0.348368	-0.844824	-0.00082674
389	2.51383e-09	-0.610118	-1.01891	0.000220814	0.785048	-0.473066	-0.00365953
390	2.51383e-09	-1.01326	0.610024	-0.00334336	-0.477913	-0.786461	0.00167119
391	2.51383e-09	0.800007	-0.899784	0.000509663	0.684834	0.603493	0.00188897
392	2.51383e-09	-1.2028	0.0149726	-0.00567269	-0.0136843	-0.911286	0.00100113
393	2.51383e-09	-1.12656	-0.420673	0.00174211	0.323083	-0.855284	-0.00179261
394	2.51383e-09	0.453224	-1.10916	0.000974041	0.845936	0.348064	-0.00154544
395	2.51383e-09	1.11283	0.452911	0.00150267	-0.345922	0.842867	-0.00042015
396	2.51383e-09	0.239112	-1.17608	-0.00028435	0.896711	0.18193	-0.000559137
397	2.51383e-09	-0.841671	0.858684	0.000463923	-0.651322	-0.636941	0.00246795
398	2.51383e-09	1.17841	0.296703	0.00199238	-0.217736	0.878438	-0.00030015
399	2.51383e-09	0.30436	-1.16262	0.00259924	0.881068	0.232312	-0.000320724
400	2.51383e-09	0.592702	1.04889	0.000697925	-0.790884	0.446921	0.000788581
