2.727999e+03
401
0	1	0.000126097	7.81578e-05	-1.15078e-07	4.98472e-08	3.33353e-08	-4.77598e-11
1	2.51383e-09	0.100315	1.00094	0.000504267	-0.989828	0.099995	-0.000444248
2	2.51383e-09	0.498437	-0.875087	0.000199441	0.866682	0.491886	0.000463722
3	2.51383e-09	0.962895	0.26955	0.000990664	-0.269751	0.962997	0.000898254
4	2.51383e-09	-0.955412	0.286096	0.000689996	-0.289236	-0.958941	-0.000472639
5	2.51383e-09	0.974185	-0.237065	-0.00198281	0.236277	0.970106	-0.000840282
6	2.51383e-09	-0.890957	-0.464915	0.000781058	0.462224	-0.884968	0.000680638
7	2.51383e-09	-0.0297806	-0.99797	0.000139841	1.00059	-0.0281062	-0.000637087
8	2.51383e-09	0.516023	0.860887	0.000574152	-0.853141	0.51499	0.000317049
9	2.51383e-09	0.7208	-0.695114	-0.000183921	0.691317	0.721727	0.000684755
10	2.51383e-09	0.899796	0.442742	-0.000775702	-0.442029	0.893752	-0.000382141
11	2.51383e-09	0.16877	0.986861	0.000689532	-0.986022	0.16845	0.0010527
12	2.51383e-09	0.817296	-0.603821	-0.000104182	0.590165	0.797913	-6.84497e-05
13	2.51383e-09	-0.558494	-0.839346	0.000602853	0.826464	-0.55741	-0.00190841
14	2.51383e-09	0.822844	-0.57965	-0.000632593	0.580144	0.812074	0.00107346
15	2.51383e-09	-0.899774	-0.436129	0.00136406	0.440635	-0.901362	-0.00020966
16	2.51383e-09	-0.668044	-0.749918	0.00105577	0.744653	-0.662559	0.00107747
17	2.51383e-09	0.454187	-0.888718	0.00128164	0.891039	0.45684	0.00126443
18	2.51383e-09	-0.571339	0.831761	0.000426251	-0.817643	-0.56904	0.000656911
19	2.51383e-09	0.646746	-0.785058	-0.00194226	0.762235	0.631928	-0.000758078
20	2.51383e-09	-0.983398	-0.313237	0.00200056	0.294707	-0.936924	-0.000259852
21	2.51383e-09	0.137841	-1.00851	-0.000981372	0.979072	0.137518	0.00148672
22	2.51383e-09	0.41211	-0.926911	0.000991393	0.905733	0.405291	0.000689192
23	2.51383e-09	-0.567606	0.847843	-0.000970202	-0.819815	-0.550549	0.00107094
24	2.51383e-09	-0.723166	0.708546	-0.000437426	-0.700327	-0.707121	0.00164003
25	2.51383e-09	-0.909533	-0.458904	0.00318934	0.446075	-0.884997	-0.000155199
26	2.51383e-09	-0.793072	-0.629874	-0.000680248	0.615938	-0.778123	-0.000423773
27	2.51383e-09	-0.0938613	0.997924	-0.00177144	-0.997446	-0.0947693	-0.000126455
28	2.51383e-09	-0.448733	0.917205	-0.000193528	-0.888708	-0.432874	0.000681424
29	2.51383e-09	-0.154966	1.0133	0.00194558	-0.975336	-0.14818	-0.000582863
30	2.51383e-09	1.01283	0.0305335	0.00078378	-0.0277027	0.992043	-0.00219319
31	2.51383e-09	-0.393687	0.928719	0.000987161	-0.91709	-0.387367	0.000763873
32	2.51383e-09	-1.00772	0.0484211	-0.00130642	-0.0472153	-0.994693	0.000184707
33	2.51383e-09	0.298414	0.977243	0.000768572	-0.946459	0.288082	0.00114886
34	2.51383e-09	0.825528	-0.617233	0.000392063	0.589606	0.788773	-0.00179311
35	2.51383e-09	-0.67476	-0.751299	-0.00147291	0.742672	-0.666702	0.000758156
36	2.51383e-09	0.958849	0.34243	0.00121026	-0.332459	0.933761	0.00017037
37	2.51383e-09	-0.433371	-0.927207	0.000849792	0.895475	-0.413414	-7.51508e-05
38	2.51383e-09	-0.599147	-0.812678	0.00101202	0.799727	-0.590608	-0.000847972
39	2.51383e-09	1.00181	0.15567	-0.0015636	-0.147138	0.981503	-0.000834437
40	2.51383e-09	-0.847067	0.544997	-0.00136993	-0.539403	-0.839338	0.000729734
41	2.51383e-09	-0.657826	-0.776565	-0.00226484	0.757783	-0.638911	0.00049979
42	2.51383e-09	0.0207172	-1.02779	-0.00184591	0.986426	0.0176951	-0.00081634
43	2.51383e-09	-0.429703	0.920671	-0.0015637	-0.898757	-0.423273	-0.000740689
44	2.51383e-09	-0.986404	-0.28782	-0.000672669	0.281497	-0.946639	0.00146033
45	2.51383e-09	1.02407	0.0412132	-0.00131932	-0.0369075	0.987233	0.000572659
46	2.51383e-09	0.820993	0.616967	0.00185887	-0.593526	0.787439	-0.000803141
47	2.51383e-09	0.901577	-0.46952	0.000652979	0.456759	0.88056	-0.00101409
48	2.51383e-09	-1.01382	-0.127387	1.77352e-05	0.124434	-0.982144	-0.00057425
49	2.51383e-09	1.02588	0.024582	0.000783459	-0.0210306	0.987794	0.000505987
50	2.51383e-09	0.827002	0.605555	-0.00258967	-0.584642	0.797083	-0.000655225
51	2.51383e-09	-1.00854	-0.148932	0.000193236	0.142475	-0.977981	-0.000288393
52	2.51383e-09	0.862217	-0.571552	0.000110438	0.544347	0.818786	0.000578623
53	2.51383e-09	0.365697	-0.953919	5.38473e-05	0.924832	0.352325	-0.00117479
54	2.51383e-09	-0.960884	-0.324183	-0.000146691	0.316055	-0.943233	0.000130893
55	2.51383e-09	-0.555423	0.878662	-0.000501686	-0.828009	-0.52192	0.000404051
56	2.51383e-09	-0.0710153	-1.02586	-0.000542008	0.9822	-0.0726298	-0.00202471
57	2.51383e-09	0.39677	0.952402	-0.00122018	-0.910597	0.37863	0.0013487
58	2.51383e-09	-0.412846	-0.950306	1.44629e-05	0.900994	-0.389674	-0.00156543
59	2.51383e-09	-0.442983	0.918743	-0.000394396	-0.89501	-0.426248	-0.00106441
60	2.51383e-09	0.102624	-1.02013	0.000139003	0.981704	0.0957203	0.0024351
61	2.51383e-09	0.484424	0.918998	-0.000129438	-0.866499	0.461411	0.00204167
62	2.51383e-09	-0.743091	-0.706961	0.000902236	0.682525	-0.71442	-0.00120447
63	2.51383e-09	0.938017	0.426731	-0.000982829	-0.412056	0.893926	-8.75899e-05
64	2.51383e-09	0.193093	-1.0069	-0.00024066	0.970557	0.187602	0.00160877
65	2.51383e-09	-0.864031	0.57564	-0.00116248	-0.543263	-0.816294	-0.00152259
66	2.51383e-09	-0.0520334	-1.02628	-0.00178565	0.985152	-0.0434708	0.000748161
67	2.51383e-09	-0.786973	0.677303	-0.000379611	-0.640469	-0.743987	-0.00215826
68	2.51383e-09	0.864503	0.559712	-0.000344304	-0.535343	0.828319	-0.00209134
69	2.51383e-09	0.671617	0.784581	0.00113014	-0.749241	0.637987	0.00114679
70	2.51383e-09	0.519232	0.892288	-0.00221969	-0.849199	0.495293	0.00132084
71	2.51383e-09	-0.570856	-0.866802	-2.50955e-05	0.819921	-0.539734	0.00183746
72	2.51383e-09	-0.567698	0.871911	-0.00128564	-0.825114	-0.536295	-5.0182e-05
73	2.51383e-09	1.00374	0.264543	0.00101219	-0.250935	0.947209	-0.00143988
74	2.51383e-09	0.345126	0.98049	0.0014473	-0.923433	0.325807	-0.00163311
75	2.51383e-09	-0.927955	0.451882	-0.000142051	-0.430884	-0.886288	-0.000454038
76	2.51383e-09	-0.967518	0.404096	0.00157408	-0.375544	-0.901439	-0.000583587
77	2.51383e-09	-1.0206	-0.228542	-0.000267303	0.214259	-0.954516	-5.3935e-05
78	2.51383e-09	1.02997	0.136775	0.00167635	-0.129391	0.973993	0.00170631
79	2.51383e-09	-0.833061	0.604851	-0.00264985	-0.582297	-0.796401	0.000848967
80	2.51383e-09	0.0455084	-1.04684	-0.00154772	0.974776	0.0426969	-0.000396832
81	2.51383e-09	-0.932269	-0.47519	0.000690838	0.443822	-0.868919	0.000496719
82	2.51383e-09	-0.753705	0.719833	0.000155625	-0.677117	-0.710782	0.00126296
83	2.51383e-09	-0.728216	0.741568	-0.00124302	-0.699752	-0.689398	-0.00233047
84	2.51383e-09	-0.218889	-1.0179	0.000728989	0.956842	-0.209859	0.0021389
85	2.51383e-09	0.549176	-0.874957	-0.00210133	0.83476	0.520817	-0.000525277
86	2.51383e-09	0.111662	1.03962	-7.49587e-05	-0.971733	0.106979	-0.00047453
87	2.51383e-09	-0.215864	-1.01736	0.000287249	0.957623	-0.201457	0.000152341
88	2.51383e-09	1.01047	0.232324	-0.000643607	-0.218875	0.958732	0.00184056
89	2.51383e-09	-0.597543	0.872796	-0.000195623	-0.80021	-0.552443	-0.000518905
90	2.51383e-09	0.748034	0.730207	0.00121059	-0.683863	0.699454	-0.000431883
91	2.51383e-09	-0.916401	-0.506753	-0.000549973	0.47443	-0.852795	-0.000402167
92	2.51383e-09	-0.596524	-0.867493	0.000889011	0.803736	-0.550553	-0.000220745
93	2.51383e-09	1.05557	-0.0651866	-0.00168272	0.0561477	0.970331	-0.00128642
94	2.51383e-09	-0.551094	0.887642	-0.00140881	-0.833475	-0.513574	0.000628581
95	2.51383e-09	0.0707996	1.03905	5.96461e-05	-0.979007	0.0668545	-0.000443304
96	2.51383e-09	0.44244	0.95521	0.00120785	-0.884714	0.410581	0.000697978
97	2.51383e-09	0.917428	-0.520049	0.00366852	0.483684	0.843585	0.0013879
98	2.51383e-09	0.433084	-0.965457	0.00111082	0.886167	0.401418	-0.000144488
99	2.51383e-09	0.426567	-0.969768	0.000558895	0.890188	0.390046	-0.000133547
100	2.51383e-09	0.873945	0.574393	0.000491921	-0.539665	0.817699	0.000760243
101	2.51383e-09	-0.333762	-0.980696	0.000452568	0.930555	-0.312538	-0.000673753
102	2.51383e-09	0.781701	0.693456	0.00147263	-0.64673	0.731876	-0.000671774
103	2.51383e-09	-0.67998	-0.798401	-0.00174303	0.743358	-0.635569	-0.00147291
104	2.51383e-09	-0.605542	-0.870606	-0.000581952	0.793387	-0.555215	0.00135233
105	2.51383e-09	0.136971	1.04748	0.000286926	-0.962236	0.122589	-7.05876e-05
106	2.51383e-09	0.600934	-0.86582	-0.00024853	0.799029	0.554983	-0.00187289
107	2.51383e-09	0.246772	1.03047	-0.00115173	-0.943614	0.222922	0.000535083
108	2.51383e-09	0.956658	-0.464562	-0.00116826	0.422292	0.872592	0.000746808
109	2.51383e-09	-0.699665	0.799673	0.000229206	-0.732385	-0.634609	0.000773903
110	2.51383e-09	-1.00626	-0.325605	0.00125353	0.297339	-0.924541	-0.000798568
111	2.51383e-09	-0.633678	-0.864672	-0.00022374	0.777544	-0.56929	-0.000995397
112	2.51383e-09	0.14584	1.0483	0.00121066	-0.963086	0.133103	0.000494755
113	2.51383e-09	-1.04451	-0.1631	-0.000612492	0.149813	-0.961794	-0.00219142
114	2.51383e-09	-1.03919	0.15513	0.00187615	-0.142473	-0.964193	0.000833558
115	2.51383e-09	-0.888423	0.576904	0.00143983	-0.528183	-0.81755	0.00212002
116	2.51383e-09	-0.665214	0.82026	-0.000593956	-0.754934	-0.610866	-0.000909185
117	2.51383e-09	-1.04459	-0.157682	-2.75896e-05	0.143284	-0.962279	-2.20692e-05
118	2.51383e-09	-1.06116	0.0528015	-0.00276723	-0.0476242	-0.969889	-0.000811603
119	2.51383e-09	-0.357798	0.995709	-0.000188579	-0.913789	-0.330663	-0.000459144
120	2.51383e-09	0.956276	-0.439489	-0.00165741	0.411	0.88389	-1.21909e-05
121	2.51383e-09	-0.549882	-0.917632	0.00141367	0.826053	-0.500038	-2.24939e-05
122	2.51383e-09	-0.668832	0.827607	-0.000395832	-0.753146	-0.609549	0.00112561
123	2.51383e-09	-0.97438	-0.371948	0.00189052	0.349661	-0.917801	-0.00184772
124	2.51383e-09	0.567707	0.907088	0.00151008	-0.822716	0.510077	-0.000684157
125	2.51383e-09	1.01363	-0.332392	0.000546234	0.30333	0.91822	0.00159119
126	2.51383e-09	0.525157	-0.919909	0.0015262	0.845346	0.482527	-0.000571236
127	2.51383e-09	-0.178776	1.04706	-0.00119885	-0.956197	-0.162528	0.00109391
128	2.51383e-09	0.396259	0.99258	-0.00140696	-0.89772	0.357522	0.000276652
129	2.51383e-09	0.175284	-1.05071	-0.00180273	0.957044	0.159341	0.000250688
130	2.51383e-09	0.888861	0.556788	0.00110524	-0.518243	0.829296	0.000137428
131	2.51383e-09	-0.205916	1.05437	-0.00173424	-0.946863	-0.184227	0.00123706
132	2.51383e-09	0.868277	-0.628939	-0.00162216	0.568581	0.783127	-0.00115762
133	2.51383e-09	0.895058	-0.572298	-0.000223515	0.521619	0.818863	-0.00312728
134	2.51383e-09	-0.710922	0.798412	2.50411e-05	-0.719222	-0.64309	-0.000449855
135	2.51383e-09	0.20249	1.05196	0.00133382	-0.947705	0.182935	-0.00155581
136	2.51383e-09	0.524882	-0.945373	-0.00193332	0.840089	0.465529	0.00234564
137	2.51383e-09	-1.06413	0.0269323	-0.00244561	-0.0231909	-0.969601	0.00136605
138	2.51383e-09	0.543266	-0.921784	-0.00222222	0.834016	0.49144	0.00134569
139	2.51383e-09	0.821348	0.670036	0.000100105	-0.612755	0.755234	-0.000838512
140	2.51383e-09	1.00371	0.405129	0.000340413	-0.357571	0.891517	0.000955368
141	2.51383e-09	-0.927761	-0.527447	0.00322488	0.478487	-0.839269	0.000122572
142	2.51383e-09	0.820197	-0.694755	0.00156198	0.62666	0.73329	-0.000609097
143	2.51383e-09	0.597173	-0.887201	-0.000340016	0.802739	0.539827	-0.00196705
144	2.51383e-09	0.747748	0.783263	-0.000372248	-0.69244	0.665653	0.00018921
145	2.51383e-09	0.337139	1.0151	0.000371453	-0.918809	0.30445	-0.000959323
146	2.51383e-09	-1.08717	0.0903652	0.000843657	-0.0768829	-0.954006	-0.000679215
147	2.51383e-09	0.616065	0.886249	-0.00172303	-0.795028	0.545836	0.000727066
148	2.51383e-09	-1.06309	-0.23249	0.00087801	0.205623	-0.933528	0.000654751
149	2.51383e-09	0.153951	1.05914	-0.0001198	-0.957394	0.129289	0.000536334
150	2.51383e-09	0.642541	-0.864806	-0.00321452	0.771823	0.574849	-0.000649226
151	2.51383e-09	1.00179	-0.402112	-0.000356718	0.3593	0.893638	-0.00106102
152	2.51383e-09	0.819548	-0.689742	-0.00146639	0.62217	0.738389	-0.00222212
153	2.51383e-09	-0.390998	1.00689	0.000531212	-0.898038	-0.348615	0.000945747
154	2.51383e-09	-0.665453	-0.87106	6.62881e-05	0.757626	-0.576163	-0.000166325
155	2.51383e-09	-0.0307085	1.074	0.000869876	-0.966034	-0.0268421	-0.00275806
156	2.51383e-09	0.68568	0.822226	5.9278e-05	-0.745359	0.619356	-0.00209773
157	2.51383e-09	1.07732	0.0451627	-0.000432775	-0.0414384	0.961154	-0.000957623
158	2.51383e-09	0.401866	1.01661	0.0018313	-0.889815	0.348902	0.000175517
159	2.51383e-09	-1.06482	-0.110588	0.000753273	0.0999153	-0.961407	-0.00260542
160	2.51383e-09	-1.02797	0.318255	0.00105048	-0.284345	-0.92222	-0.000493681
161	2.51383e-09	0.223181	1.06767	-0.00012062	-0.937077	0.193583	0.000435979
162	2.51383e-09	-0.0733539	-1.0837	-0.000411775	0.95626	-0.0655639	0.00125978
163	2.51383e-09	0.205155	-1.05498	0.00248055	0.947172	0.184174	8.16793e-05
164	2.51383e-09	-1.05537	-0.170413	-0.000707924	0.154649	-0.953083	-0.00014328
165	2.51383e-09	-0.758269	-0.783824	0.00182256	0.690225	-0.662483	0.000571375
166	2.51383e-09	-1.03662	0.329866	-0.000956722	-0.291946	-0.912382	0.00040558
167	2.51383e-09	-1.08014	0.047532	-0.00137528	-0.0366849	-0.96301	0.00213746
168	2.51383e-09	-0.0227902	1.08111	0.00132297	-0.961709	-0.0269082	0.000497119
169	2.51383e-09	-0.460788	0.982691	-0.000778823	-0.867283	-0.407096	-6.56436e-05
170	2.51383e-09	1.08997	0.0794822	-0.00155212	-0.0657715	0.954287	-0.00251684
171	2.51383e-09	-1.05126	0.260315	-0.00325543	-0.231083	-0.93364	-0.000884428
172	2.51383e-09	-0.875492	-0.668295	0.000497139	0.581693	-0.754936	-6.15751e-05
173	2.51383e-09	1.00908	-0.438912	-0.00122904	0.381313	0.875313	-0.00202429
174	2.51383e-09	1.0919	-0.0604034	0.00186097	0.0518229	0.957437	-0.000409695
175	2.51383e-09	-0.456052	-0.986612	-0.00111969	0.873982	-0.400327	0.000954084
176	2.51383e-09	-1.07164	-0.0220712	-0.000147311	0.0204963	-0.967006	0.00146166
177	2.51383e-09	-0.819125	0.738496	0.00207486	-0.635277	-0.708005	-2.31309e-05
178	2.51383e-09	-1.08788	-0.0515543	-0.000316589	0.0474736	-0.957959	-0.000800236
179	2.51383e-09	0.411009	-1.01033	-0.000935796	0.886384	0.360015	0.00118168
180	2.51383e-09	-0.0453249	1.08026	0.00199236	-0.962728	-0.0375064	0.000283154
181	2.51383e-09	0.44504	-1.01328	7.27855e-05	0.86916	0.379311	-0.000581415
182	2.51383e-09	0.381064	1.01561	-0.00146533	-0.899775	0.337443	0.00155801
183	2.51383e-09	1.10202	-0.112389	0.00103832	0.0952904	0.944599	-0.000907837
184	2.51383e-09	-0.524534	-0.963206	3.02531e-05	0.837652	-0.455537	0.00196066
185	2.51383e-09	0.618642	-0.899206	-0.00137268	0.789539	0.539905	-0.000808483
186	2.51383e-09	-1.03341	-0.291039	0.000898841	0.25873	-0.930197	0.000117749
187	2.51383e-09	0.274478	-1.04862	-5.28653e-06	0.928099	0.243515	-0.000285484
188	2.51383e-09	0.771066	-0.774645	0.000255978	0.680041	0.672433	-0.00104279
189	2.51383e-09	-1.03681	-0.351748	-0.000615488	0.306605	-0.906391	0.000857645
190	2.51383e-09	-0.544428	-0.96247	0.00112006	0.825902	-0.467951	0.000387368
191	2.51383e-09	0.517402	0.96469	-0.000905833	-0.843815	0.450235	-0.00120446
192	2.51383e-09	0.694411	-0.854331	-0.00379143	0.74032	0.601715	0.00163297
193	2.51383e-09	-0.917377	0.612016	0.00110102	-0.532017	-0.79038	0.00163825
194	2.51383e-09	0.799665	0.771948	0.00179904	-0.662241	0.6796	0.00107768
195	2.51383e-09	0.79885	0.737199	0.00323515	-0.651039	0.707429	-0.000365188
196	2.51383e-09	0.491767	-0.980668	-0.00116694	0.853541	0.430272	-0.000472097
197	2.51383e-09	0.650701	0.882878	0.00111593	-0.767839	0.566188	-0.000675204
198	2.51383e-09	1.08915	-0.218963	0.00049945	0.184379	0.932818	0.00120422
199	2.51383e-09	-0.27242	-1.06779	-0.000439195	0.9211	-0.239677	-0.000923061
200	2.51383e-09	1.01315	-0.451885	0.00185217	0.388325	0.864441	0.0023973
201	2.51383e-09	0.879029	-0.663291	0.00207968	0.574987	0.76011	-0.000898898
202	2.51383e-09	-0.110009	1.09009	0.00207414	-0.952961	-0.0966995	-0.00184445
203	2.51383e-09	-0.307618	-1.04545	0.00102953	0.920545	-0.26686	1.21809e-05
204	2.51383e-09	-0.304691	1.06438	0.00186917	-0.913975	-0.259174	0.00099594
205	2.51383e-09	1.10889	0.126141	5.94623e-05	-0.107049	0.943195	-0.00198955
206	2.51383e-09	0.449426	-1.00297	-0.00172295	0.87304	0.386898	-0.00236465
207	2.51383e-09	0.976756	-0.5159	0.000159325	0.444671	0.841893	-0.00140472
208	2.51383e-09	1.07005	-0.248903	0.000473376	0.215898	0.928109	-0.000285062
209	2.51383e-09	0.568765	-0.934329	-0.000638099	0.815799	0.497759	0.000814977
210	2.51383e-09	-0.736871	-0.832304	0.000487147	0.709425	-0.628504	-0.000667936
211	2.51383e-09	-1.0835	-0.182013	0.000933408	0.155855	-0.943331	-0.000540338
212	2.51383e-09	-0.818075	-0.776394	-0.000406724	0.648286	-0.681898	0.000652747
213	2.51383e-09	-0.245568	1.06517	0.000743702	-0.932645	-0.218639	0.000852582
214	2.51383e-09	-0.193793	1.09388	0.00135549	-0.932395	-0.165571	-0.000643622
215	2.51383e-09	0.982914	-0.529009	-0.00106898	0.442439	0.835949	-0.000677758
216	2.51383e-09	-0.770025	0.797471	-0.000147693	-0.682137	-0.663203	-0.00019629
217	2.51383e-09	0.0778808	1.11073	-0.000417798	-0.945871	0.0714478	0.000187019
218	2.51383e-09	-0.340204	-1.04431	0.00038767	0.905943	-0.294113	0.000946747
219	2.51383e-09	-0.0786615	1.1149	-0.000917803	-0.94347	-0.0650805	-0.00109415
220	2.51383e-09	-0.658872	0.895373	0.002455	-0.763306	-0.562677	0.00145654
221	2.51383e-09	-1.00588	0.440107	0.00171755	-0.38483	-0.874764	3.24314e-06
222	2.51383e-09	0.923047	0.626037	0.000713322	-0.529645	0.78506	-0.00219377
223	2.51383e-09	0.928938	0.622557	0.000877919	-0.524771	0.785559	-6.29032e-05
224	2.51383e-09	0.763285	0.810406	-2.87276e-06	-0.690492	0.648436	-0.000783843
225	2.51383e-09	-1.1138	-0.136749	-0.00149415	0.117629	-0.934353	0.00132297
226	2.51383e-09	-1.10976	-0.195085	-0.00167793	0.162982	-0.927391	-4.35566e-05
227	2.51383e-09	0.986085	-0.51034	0.00060522	0.432741	0.843817	-0.00076486
228	2.51383e-09	-1.10898	0.119382	-0.00142493	-0.101343	-0.940846	-0.000432707
229	2.51383e-09	0.547096	0.998961	0.00179615	-0.821132	0.448713	0.000914814
230	2.51383e-09	-1.13007	0.110762	-0.00219368	-0.0911255	-0.934668	0.000234889
231	2.51383e-09	0.358354	1.0731	-0.0030782	-0.892021	0.299935	2.21971e-05
232	2.51383e-09	-1.02146	0.432529	0.00084831	-0.364712	-0.875936	0.000975674
233	2.51383e-09	-0.85643	-0.711753	0.000316914	0.603935	-0.732531	-0.00180914
234	2.51383e-09	0.322507	1.06459	0.000226166	-0.908982	0.272206	0.000766902
235	2.51383e-09	0.472934	-1.01598	-0.00150851	0.855119	0.398771	-0.00433316
236	2.51383e-09	-0.278614	1.09239	0.00125893	-0.912467	-0.232345	-0.000256891
237	2.51383e-09	0.672514	0.895832	-0.000256191	-0.756694	0.56594	-0.000284797
238	2.51383e-09	-0.100699	1.12595	0.00165683	-0.934937	-0.0842811	-0.00101468
239	2.51383e-09	0.849795	-0.711888	-0.00244735	0.611265	0.728152	-0.000349526
240	2.51383e-09	-0.886861	-0.707845	0.00246091	0.586907	-0.731991	0.00172814
241	2.51383e-09	-0.861718	-0.72879	-0.000281265	0.607052	-0.71535	0.00103116
242	2.51383e-09	-0.875733	0.734812	0.00291941	-0.602133	-0.715611	-0.00227404
243	2.51383e-09	1.07175	0.358063	-0.000856609	-0.300538	0.889486	0.00088534
244	2.51383e-09	0.182474	-1.11532	-0.00140963	0.927391	0.15274	-0.000230973
245	2.51383e-09	-0.950986	-0.604742	-0.000972989	0.5063	-0.793122	0.000790573
246	2.51383e-09	-0.420304	1.05224	-0.00176753	-0.87	-0.348183	-0.00173777
247	2.51383e-09	0.630714	-0.911204	0.000838778	0.78227	0.541464	0.00176073
248	2.51383e-09	1.08688	0.213425	-0.00223334	-0.180887	0.935634	0.00204187
249	2.51383e-09	-0.824459	0.759318	-4.61753e-05	-0.640513	-0.693698	-0.000122747
250	2.51383e-09	-0.650778	0.91578	-0.00118253	-0.76845	-0.547183	-6.30488e-05
251	2.51383e-09	0.408187	-1.05853	0.00304648	0.874371	0.339425	-0.000382167
252	2.51383e-09	0.378632	1.06256	-0.0014471	-0.888653	0.312326	0.00263233
253	2.51383e-09	-1.09563	-0.25545	0.00111864	0.21668	-0.916925	0.000246537
254	2.51383e-09	-0.567194	0.957287	-0.00123499	-0.814779	-0.488938	-0.000824328
255	2.51383e-09	-1.10023	-0.248347	-0.000213476	0.207746	-0.920416	0.00172066
256	2.51383e-09	1.11008	0.241328	0.000553913	-0.199153	0.91443	0.000945607
257	2.51383e-09	0.747102	0.853623	0.00185676	-0.707465	0.618204	-0.00141263
258	2.51383e-09	-0.508559	-1.00747	-0.000431992	0.842086	-0.427004	0.00102251
259	2.51383e-09	0.0681194	1.12807	-0.00156545	-0.938517	0.0584256	-0.00115434
260	2.51383e-09	0.914887	-0.673175	-0.00314092	0.556026	0.753738	-0.000631812
261	2.51383e-09	1.07871	0.381036	-0.000516365	-0.307704	0.882331	0.00035143
262	2.51383e-09	0.385654	1.05929	0.000814634	-0.882669	0.32271	0.00117762
263	2.51383e-09	1.08889	-0.311174	0.00218061	0.255542	0.904061	0.000374169
264	2.51383e-09	0.371123	-1.0591	0.00101915	0.892629	0.312664	0.000314657
265	2.51383e-09	-0.436451	1.06144	-0.000356134	-0.859812	-0.357727	-0.000230777
266	2.51383e-09	1.04866	0.443235	-0.00110744	-0.365946	0.863175	0.00150377
267	2.51383e-09	0.683041	-0.901545	0.00206313	0.750858	0.564219	0.00133597
268	2.51383e-09	-0.0683746	1.12065	-2.04868e-06	-0.943254	-0.0549778	0.000823338
269	2.51383e-09	1.08929	0.317061	-0.000949392	-0.264661	0.902417	0.0012386
270	2.51383e-09	0.599697	0.962186	0.000500414	-0.796501	0.49711	-0.000581436
271	2.51383e-09	0.772589	0.84184	-0.000441687	-0.691553	0.63162	0.000961516
272	2.51383e-09	-0.278023	1.10204	-0.00116269	-0.912038	-0.227046	-0.000399521
273	2.51383e-09	0.08316	1.13812	-7.95842e-05	-0.933396	0.0657348	0.000251374
274	2.51383e-09	0.317076	1.08757	-0.000532759	-0.902393	0.264133	-0.000209728
275	2.51383e-09	-0.690561	0.91391	0.00112497	-0.744768	-0.561377	0.00139953
276	2.51383e-09	-1.10249	0.2632	0.000514514	-0.219762	-0.914009	9.82154e-06
277	2.51383e-09	0.597967	-0.970947	-0.000274146	0.800345	0.490384	-0.00124773
278	2.51383e-09	0.345986	-1.08959	0.00111796	0.893407	0.278379	0.000150946
279	2.51383e-09	-0.374511	-1.07192	0.000550727	0.888628	-0.30568	0.000725267
280	2.51383e-09	1.13057	-0.246624	-0.00080043	0.192586	0.908533	-0.00133712
281	2.51383e-09	0.894039	-0.708365	-0.000595675	0.581278	0.732199	0.000164838
282	2.51383e-09	-0.744251	0.871435	0.00121198	-0.710939	-0.604004	-1.35939e-05
283	2.51383e-09	-0.979274	-0.591692	0.001023	0.483342	-0.801275	-2.70591e-05
284	2.51383e-09	-0.798119	-0.82759	-0.00153286	0.672014	-0.648434	0.000191543
285	2.51383e-09	-0.767318	-0.867367	-0.000993161	0.693511	-0.616523	0.000970141
286	2.51383e-09	-0.792989	-0.81149	0.00188147	0.670735	-0.656968	0.00255944
287	2.51383e-09	0.646775	-0.941541	0.00186268	0.772869	0.529985	-0.000707261
288	2.51383e-09	-1.14708	0.114462	0.000640654	-0.0917336	-0.925875	-0.000915138
289	2.51383e-09	-1.06166	0.459203	-0.00245438	-0.368568	-0.85383	0.00177216
290	2.51383e-09	-1.11674	0.236458	-0.000964214	-0.192689	-0.916535	-0.00134602
291	2.51383e-09	0.262382	-1.11404	-0.000462952	0.910536	0.214259	-0.00109613
292	2.51383e-09	-1.05629	-0.477947	-0.000999023	0.382324	-0.842792	5.33119e-06
293	2.51383e-09	0.720284	0.891966	0.00053097	-0.72712	0.587051	-0.0018702
294	2.51383e-09	-1.09816	-0.3624	0.00268801	0.290864	-0.882943	0.000732449
295	2.51383e-09	-1.10278	0.321386	0.00138361	-0.260396	-0.894543	-0.000187299
296	2.51383e-09	-0.996358	-0.589685	-0.000250479	0.469006	-0.801412	5.77629e-05
297	2.51383e-09	-0.766449	-0.851788	-0.000240219	0.693898	-0.625387	0.00280714
298	2.51383e-09	-1.09523	-0.375973	-0.000482661	0.299929	-0.878783	-0.00102595
299	2.51383e-09	1.15191	-0.0763659	0.000910866	0.057754	0.927898	-2.17096e-05
300	2.51383e-09	0.783177	-0.860628	-0.00265421	0.68795	0.621672	0.000112004
301	2.51383e-09	0.535822	1.03548	-0.00137967	-0.817576	0.42785	-0.00100834
302	2.51383e-09	1.15937	0.0608934	-0.000326672	-0.0452297	0.928457	0.00108963
303	2.51383e-09	1.04575	-0.498231	-0.000168826	0.403784	0.836153	-0.000535789
304	2.51383e-09	0.117785	-1.15242	0.00189277	0.925522	0.0945204	0.00139809
305	2.51383e-09	0.816985	-0.803982	-0.00256645	0.654208	0.666493	-0.000402712
306	2.51383e-09	0.650721	0.958343	0.00123629	-0.770049	0.518925	0.00125143
307	2.51383e-09	-0.395653	1.09317	-0.000973941	-0.869712	-0.320932	-0.00117451
308	2.51383e-09	-0.350338	-1.10461	-0.00233046	0.885044	-0.284372	-0.000269644
309	2.51383e-09	-0.00627169	1.15206	0.000693558	-0.930748	-0.00686963	0.000361334
310	2.51383e-09	-0.681472	-0.922975	-0.00101305	0.748041	-0.555143	0.00125801
311	2.51383e-09	-0.268064	-1.12607	0.000791189	0.901892	-0.213883	0.000755313
312	2.51383e-09	-1.10918	0.350262	-0.00185196	-0.276737	-0.88358	0.00149031
313	2.51383e-09	0.03648	-1.14723	-0.0018273	0.934082	0.0291613	0.00154728
314	2.51383e-09	1.15409	-0.0811229	-0.00132807	0.0673883	0.927753	0.000407423
315	2.51383e-09	1.06606	0.472767	-0.00454611	-0.377044	0.846801	0.000678948
316	2.51383e-09	0.693766	-0.92867	0.000770791	0.743829	0.55662	0.0003968
317	2.51383e-09	1.12672	-0.272726	-0.00186983	0.21619	0.903911	-0.00184491
318	2.51383e-09	-1.07191	-0.450409	0.000666663	0.361602	-0.855014	-0.00151153
319	2.51383e-09	0.777975	0.86867	0.00154963	-0.691402	0.616906	-0.00109393
320	2.51383e-09	1.09453	-0.43967	-0.000400021	0.340043	0.854059	-0.00095186
321	2.51383e-09	-0.758439	0.884552	0.0012443	-0.702672	-0.603705	0.000104279
322	2.51383e-09	1.05735	-0.489785	-0.00214027	0.387649	0.84171	-0.000521251
323	2.51383e-09	-0.706434	0.935762	0.0017173	-0.738698	-0.556737	-0.00157443
324	2.51383e-09	-1.17334	0.0752921	-0.000148398	-0.0639933	-0.920055	-0.00194415
325	2.51383e-09	1.03471	-0.527906	-0.000352918	0.418673	0.829474	0.000157146
326	2.51383e-09	-0.764978	0.880667	0.000286708	-0.697934	-0.60858	0.000935627
327	2.51383e-09	1.07088	0.482366	0.00209984	-0.378995	0.842496	-0.000967111
328	2.51383e-09	-1.16238	0.0192022	0.000160873	-0.0127955	-0.92539	-0.000524834
329	2.51383e-09	-0.656852	-0.993068	0.00190944	0.760511	-0.506975	0.00234777
330	2.51383e-09	-0.852219	0.798129	-0.00139981	-0.632842	-0.673552	0.000947449
331	2.51383e-09	0.970741	-0.646428	0.000364853	0.517703	0.767372	-0.00110128
332	2.51383e-09	0.961316	-0.648727	-0.000302994	0.520384	0.769894	0.000235519
333	2.51383e-09	-0.468063	1.08045	0.00107116	-0.844908	-0.368794	-0.000530401
334	2.51383e-09	-0.156458	-1.16268	0.000754441	0.914418	-0.123053	5.0343e-05
335	2.51383e-09	0.157835	1.15999	0.00057359	-0.916692	0.128037	-0.00221357
336	2.51383e-09	1.12318	0.347556	-0.000382	-0.272006	0.881191	-0.000841777
337	2.51383e-09	-1.03634	-0.557226	-9.33957e-05	0.437595	-0.812405	0.000832185
338	2.51383e-09	-1.16106	-0.0591567	0.00119294	0.0449339	-0.927535	0.00123062
339	2.51383e-09	-1.05188	-0.556809	0.000366797	0.42651	-0.811307	2.63055e-05
340	2.51383e-09	-1.16977	-0.190904	0.000128748	0.150192	-0.906173	-0.000941693
341	2.51383e-09	1.17978	-0.108319	0.0011387	0.0799357	0.912913	-7.04648e-06
342	2.51383e-09	-1.17018	0.0135763	-0.000515209	-0.0113862	-0.924673	0.00129574
343	2.51383e-09	0.701068	-0.940524	0.000438555	0.73914	0.550842	-0.000292104
344	2.51383e-09	-0.0657669	1.17196	-0.00114121	-0.922338	-0.0511938	-0.00050251
345	2.51383e-09	1.00408	0.599832	0.000861662	-0.475377	0.794202	0.00129638
346	2.51383e-09	0.762812	-0.869965	-0.00102161	0.698014	0.613563	0.00025745
347	2.51383e-09	1.15421	-0.201625	-0.000688125	0.154803	0.910336	0.00118289
348	2.51383e-09	-0.137152	-1.16992	-0.000891798	0.916382	-0.107964	0.000127804
349	2.51383e-09	1.00667	0.598017	9.49634e-05	-0.470058	0.798606	-0.000411896
350	2.51383e-09	1.0635	0.482817	0.000939692	-0.377638	0.845573	0.00112434
351	2.51383e-09	-0.925625	-0.751028	0.000852374	0.575141	-0.710407	0.000914283
352	2.51383e-09	1.17668	-0.0912277	-0.00306041	0.0720641	0.917905	-0.00106878
353	2.51383e-09	-1.17751	-0.147069	-0.00127282	0.115791	-0.911154	-6.67771e-05
354	2.51383e-09	-0.105795	-1.18772	0.000284108	0.912834	-0.0772949	-0.0011312
355	2.51383e-09	1.06101	-0.510652	0.00186094	0.399463	0.828208	-0.000366613
356	2.51383e-09	1.17785	0.0485606	0.000693318	-0.037022	0.921178	-0.000209328
357	2.51383e-09	-1.1392	0.334745	0.00270436	-0.256498	-0.88125	0.0015417
358	2.51383e-09	-1.04129	0.572683	6.07109e-05	-0.439791	-0.805465	0.000726725
359	2.51383e-09	-0.786481	-0.889573	0.00125516	0.68772	-0.608326	-0.00054135
360	2.51383e-09	1.06278	0.499337	-0.000357259	-0.390436	0.832963	0.000490466
361	2.51383e-09	0.60947	1.02314	0.00102433	-0.786061	0.469593	-0.000291033
362	2.51383e-09	-0.74479	-0.917624	0.00208873	0.709956	-0.583448	0.000865654
363	2.51383e-09	-1.10188	0.410922	-0.00196133	-0.319851	-0.865444	0.000302568
364	2.51383e-09	0.511477	-1.05478	-0.0013695	0.832259	0.400136	0.000672437
365	2.51383e-09	0.029909	1.19365	0.000719496	-0.914992	0.0225659	0.000523456
366	2.51383e-09	-1.16881	-0.222441	0.000416809	0.172676	-0.901809	0.000936132
367	2.51383e-09	-0.386487	1.12654	0.000700199	-0.866697	-0.29435	0.00174782
368	2.51383e-09	-0.770014	-0.910032	-0.00133431	0.698101	-0.590633	-0.000691646
369	2.51383e-09	0.553737	-1.06433	-0.000655948	0.80979	0.41909	-0.00183911
370	2.51383e-09	0.367192	1.13267	-0.000173865	-0.87074	0.281303	-0.00039182
371	2.51383e-09	-0.79551	0.887368	-0.00218386	-0.682393	-0.612291	0.000851719
372	2.51383e-09	-1.0701	0.512576	-0.00103802	-0.39755	-0.827948	-0.000956045
373	2.51383e-09	-0.650252	-1.00055	0.00222842	0.768997	-0.496851	-0.000370013
374	2.51383e-09	0.71846	0.956883	0.000703891	-0.729547	0.552494	-0.000422393
375	2.51383e-09	1.18141	0.151997	0.000259755	-0.114863	0.908922	0.000362075
376	2.51383e-09	0.213562	-1.16644	-0.00119176	0.904376	0.164698	0.000344321
377	2.51383e-09	1.13726	-0.373367	0.00265861	0.287532	0.864965	-0.000676619
378	2.51383e-09	1.06671	0.554372	-0.0022527	-0.42072	0.808816	-0.000141189
379	2.51383e-09	0.707043	0.951446	0.00101741	-0.733694	0.552396	-0.000277583
380	2.51383e-09	1.15612	0.293175	-0.000771621	-0.223751	0.888257	-0.000889924
381	2.51383e-09	0.675433	0.970862	3.25391e-05	-0.753465	0.526765	0.00195353
382	2.51383e-09	-0.203517	-1.16667	-0.000874348	0.905892	-0.15432	-4.29833e-05
383	2.51383e-09	1.17922	-0.0821478	0.00171501	0.0642226	0.917386	-0.000457694
384	2.51383e-09	-1.05442	0.579707	-0.00304084	-0.443699	-0.795843	0.00166849
385	2.51383e-09	0.484265	-1.09027	-0.00138806	0.836708	0.371332	0.000594752
386	2.51383e-09	0.635563	1.01873	-0.000471644	-0.774931	0.485957	-0.000607988
387	2.51383e-09	-0.958351	0.719707	-0.00163437	-0.549888	-0.72929	8.12867e-05
388	2.51383e-09	1.14262	0.359664	-0.000175736	-0.276272	0.870844	0.000776266
389	2.51383e-09	0.347474	-1.14163	-0.00140648	0.877353	0.26563	6.45517e-05
390	2.51383e-09	-0.0896084	-1.18823	0.000548852	0.912882	-0.0704976	0.000477646
391	2.51383e-09	-1.14762	-0.357266	0.00143016	0.270799	-0.871883	-0.000882125
392	2.51383e-09	-0.896977	0.80376	-0.00146839	-0.609576	-0.6775	0.000865848
393	2.51383e-09	-1.07589	-0.539414	0.000975225	0.411776	-0.814801	0.00140387
394	2.51383e-09	0.441385	-1.11015	-0.000376315	0.852075	0.337614	-0.000797823
395	2.51383e-09	-1.08433	0.516912	0.00103664	-0.389418	-0.825645	0.000365361
396	2.51383e-09	0.889201	-0.815754	0.00159856	0.61377	0.669087	-0.000152373
397	2.51383e-09	-1.09038	-0.512277	0.000293252	0.386305	-0.825131	-7.82634e-05
398	2.51383e-09	0.092456	1.21161	0.00147573	-0.902806	0.0667005	0.00119947
399	2.51383e-09	0.111157	1.19278	0.00315907	-0.910398	0.085362	-0.000101978
400	2.51383e-09	-0.8609	-0.843032	-0.00123652	0.639143	-0.650333	-0.000706917
