3.419999e+03
401
0	1	0.000158063	9.79536e-05	-1.44392e-07	1.08838e-07	-1.38931e-08	1.3083e-11
1	2.51383e-09	0.701504	-0.707824	0.00026234	0.715473	0.703603	0.000784376
2	2.51383e-09	-0.856534	0.534117	0.000763743	-0.525683	-0.845791	0.00109602
3	2.51383e-09	0.0859936	-0.997188	-0.00061466	0.994888	0.0863684	0.00158689
4	2.51383e-09	-0.977019	0.206198	0.000545748	-0.208268	-0.978837	-0.000619853
5	2.51383e-09	-0.731336	-0.683078	0.000741721	0.681964	-0.729682	-0.000415627
6	2.51383e-09	0.658272	0.76527	-0.000875084	-0.754565	0.648244	0.00130782
7	2.51383e-09	0.0562957	1.00186	-0.000514429	-0.997108	0.0534979	0.00339179
8	2.51383e-09	0.415912	-0.906193	-0.000315084	0.911696	0.418066	0.000375067
9	2.51383e-09	-0.357341	0.936553	-0.000105517	-0.934059	-0.353722	-0.000719524
10	2.51383e-09	0.198227	-0.981227	0.000485194	0.980352	0.193709	-0.000774464
11	2.51383e-09	-0.882538	0.479616	-0.00045245	-0.476865	-0.876211	-0.000443892
12	2.51383e-09	-0.720102	-0.721671	0.000107387	0.702454	-0.697956	2.77172e-05
13	2.51383e-09	0.883499	0.491174	0.00119104	-0.484829	0.866386	0.00240302
14	2.51383e-09	-0.290063	0.971206	0.000684099	-0.947694	-0.286889	-0.000986955
15	2.51383e-09	0.733972	0.699327	-0.000953018	-0.681834	0.717126	0.00118401
16	2.51383e-09	0.613285	-0.797076	0.00067068	0.789722	0.607171	5.94192e-05
17	2.51383e-09	0.0894979	-0.9946	0.000800268	0.996936	0.0897763	0.000655397
18	2.51383e-09	0.931412	0.408881	0.00121484	-0.399475	0.905432	0.00120404
19	2.51383e-09	-0.916205	0.430131	0.000775316	-0.427382	-0.898084	-0.00155539
20	2.51383e-09	-0.894488	0.51783	0.0019601	-0.495587	-0.848624	-0.00109293
21	2.51383e-09	0.575614	-0.828136	-0.000285449	0.813299	0.573884	0.00180039
22	2.51383e-09	0.822355	0.595764	-0.00115551	-0.58435	0.802597	-0.00106625
23	2.51383e-09	-1.00873	0.125716	0.00242561	-0.115444	-0.985152	0.00120723
24	2.51383e-09	0.518006	-0.879042	0.000188082	0.848213	0.504238	-0.00104298
25	2.51383e-09	1.00255	0.20276	-0.00239802	-0.196852	0.968346	0.00139279
26	2.51383e-09	-0.472422	0.894628	0.000195482	-0.881599	-0.46144	-0.00166762
27	2.51383e-09	-0.794005	-0.624085	0.00222464	0.610286	-0.784856	0.000728442
28	2.51383e-09	1.0216	0.0221601	0.00037252	-0.0190836	0.987371	-0.000273814
29	2.51383e-09	-1.00815	0.171549	-0.000646609	-0.164568	-0.974088	-0.00152412
30	2.51383e-09	0.430739	-0.914092	0.00230618	0.901541	0.421351	-0.00083941
31	2.51383e-09	-0.994039	0.168227	0.000673716	-0.164723	-0.981196	-0.000478681
32	2.51383e-09	0.356623	-0.942224	0.000993123	0.932091	0.352491	0.000714179
33	2.51383e-09	-0.985595	0.252919	0.00040889	-0.246683	-0.961999	-0.0018834
34	2.51383e-09	-1.03369	-0.0433578	0.000184381	0.0394864	-0.982111	0.000971622
35	2.51383e-09	-0.324453	0.970717	-0.00149204	-0.934484	-0.31719	-0.000758828
36	2.51383e-09	0.423751	0.926548	-0.000701098	-0.898802	0.412105	-0.00206305
37	2.51383e-09	-0.877297	0.523777	0.00289324	-0.509997	-0.845726	-0.00105931
38	2.51383e-09	-0.352436	0.941537	0.000790058	-0.933914	-0.349964	0.00114839
39	2.51383e-09	0.972678	-0.262234	-0.000481302	0.260492	0.962901	-0.00125599
40	2.51383e-09	-0.265613	-0.973615	0.00182057	0.959431	-0.262202	0.000211336
41	2.51383e-09	0.495094	-0.886856	0.00131782	0.866128	0.483521	0.00211563
42	2.51383e-09	0.761172	-0.693302	-0.00146797	0.664308	0.727137	0.00117647
43	2.51383e-09	0.59531	0.822418	-0.00177596	-0.805491	0.581843	-0.00138254
44	2.51383e-09	-1.00718	-0.205744	0.000740965	0.203919	-0.965505	0.0021801
45	2.51383e-09	-1.01574	0.166693	0.000285004	-0.15521	-0.973275	0.0023556
46	2.51383e-09	0.217432	-1.00074	0.000665535	0.966569	0.20778	0.00196688
47	2.51383e-09	-0.307538	-0.975241	0.00150924	0.942351	-0.294224	-0.000714435
48	2.51383e-09	-0.642715	-0.792582	-0.000576913	0.769337	-0.62423	0.00016743
49	2.51383e-09	0.376979	0.958903	0.000154189	-0.914793	0.363788	-0.000568942
50	2.51383e-09	-0.797955	-0.644865	0.0024661	0.62128	-0.766514	-0.00089796
51	2.51383e-09	-0.867731	0.539773	-0.000754763	-0.523831	-0.836805	-6.06878e-06
52	2.51383e-09	0.033395	1.03161	0.000519706	-0.984146	0.0334892	0.000309
53	2.51383e-09	0.96187	0.34231	-0.000596117	-0.331229	0.932281	0.000968202
54	2.51383e-09	1.0056	0.166654	-0.000856854	-0.16105	0.974887	0.000119327
55	2.51383e-09	-0.611779	0.834006	-0.00023582	-0.794452	-0.579478	0.000303524
56	2.51383e-09	-0.0628643	1.01975	0.00265318	-0.988951	-0.0638612	0.00160102
57	2.51383e-09	-0.275868	0.997443	0.00148196	-0.94863	-0.259647	0.000953621
58	2.51383e-09	0.443241	-0.936788	-0.00224658	0.887482	0.420805	-0.000294263
59	2.51383e-09	1.00959	0.182617	0.00143193	-0.183538	0.970912	0.000237858
60	2.51383e-09	-0.115585	-1.01851	0.00176729	0.979968	-0.115285	0.00229012
61	2.51383e-09	-0.902651	-0.525482	0.000507802	0.493213	-0.842623	-0.00205326
62	2.51383e-09	0.19688	-1.01101	-0.00151564	0.967471	0.188061	-0.00129259
63	2.51383e-09	-0.988592	0.248151	-9.99673e-05	-0.241117	-0.962889	0.000160961
64	2.51383e-09	0.89879	0.502226	5.89194e-05	-0.479988	0.860066	-0.00189272
65	2.51383e-09	-1.02825	-0.0722166	-0.00238632	0.0723296	-0.982535	-0.000154118
66	2.51383e-09	0.981436	-0.286805	0.00278724	0.275775	0.952452	-0.000116897
67	2.51383e-09	0.909514	-0.503702	0.00153267	0.474799	0.858057	0.00173992
68	2.51383e-09	0.842875	-0.584414	-0.000931931	0.561229	0.81459	-0.00101639
69	2.51383e-09	0.376159	-0.959154	-0.00124967	0.917491	0.357644	0.00115138
70	2.51383e-09	0.722385	0.736003	-0.000543655	-0.701653	0.691323	0.00313622
71	2.51383e-09	-0.628265	0.824952	-0.00190525	-0.780533	-0.596469	-0.000230539
72	2.51383e-09	-1.04187	-0.117177	0.00161617	0.103946	-0.970792	0.000825569
73	2.51383e-09	-0.482613	0.914533	-0.00181943	-0.869293	-0.4615	0.000451895
74	2.51383e-09	0.813446	0.658658	0.000798106	-0.60881	0.76371	-0.00131839
75	2.51383e-09	-0.744893	-0.719541	0.000313761	0.682413	-0.708369	0.000232629
76	2.51383e-09	-1.0323	0.177337	-8.51128e-05	-0.164181	-0.964012	0.000236262
77	2.51383e-09	-0.529286	0.914024	0.000867771	-0.841046	-0.487774	-0.000840538
78	2.51383e-09	1.02447	0.17716	-0.000428253	-0.163204	0.969064	0.000241876
79	2.51383e-09	1.0187	-0.167667	-0.000536061	0.154928	0.971914	-0.00263088
80	2.51383e-09	-0.918859	0.492973	-4.52575e-05	-0.462383	-0.864371	-0.000881936
81	2.51383e-09	-0.00481004	1.04474	0.000872187	-0.978531	-0.00267197	0.000134975
82	2.51383e-09	-1.04108	-0.0955026	6.96475e-05	0.0864105	-0.976514	-0.000494589
83	2.51383e-09	-0.639319	-0.8193	-0.00087878	0.771099	-0.606605	0.00187832
84	2.51383e-09	0.989925	-0.338196	0.000791405	0.313077	0.926113	-0.00090064
85	2.51383e-09	-1.02581	0.00530648	-0.00016337	-0.00711581	-0.988508	-0.000990576
86	2.51383e-09	0.340168	-0.986104	0.000626982	0.925912	0.321343	-0.000940428
87	2.51383e-09	-0.358586	-0.978958	0.000476517	0.917797	-0.333135	-0.00109196
88	2.51383e-09	1.00795	-0.22671	0.00117226	0.215578	0.960431	0.00203402
89	2.51383e-09	-0.272545	-1.02447	0.000349558	0.938571	-0.252638	0.000742467
90	2.51383e-09	-0.399389	-0.967957	-0.0014499	0.902376	-0.373695	0.00124593
91	2.51383e-09	-0.751458	-0.723428	-0.00133441	0.679127	-0.702557	0.000445708
92	2.51383e-09	-0.236833	1.02649	0.000965592	-0.948452	-0.217918	0.00127466
93	2.51383e-09	1.03601	0.201324	-0.00269834	-0.188663	0.955335	0.000406904
94	2.51383e-09	0.747459	0.72487	-0.00151034	-0.683589	0.704378	0.000907142
95	2.51383e-09	0.933312	0.468497	0.00130189	-0.441607	0.871478	-0.00107187
96	2.51383e-09	0.63298	-0.841479	0.00110596	0.775401	0.587983	0.000385919
97	2.51383e-09	-1.04697	0.0282636	-0.0031497	-0.023111	-0.979184	0.00233821
98	2.51383e-09	-1.05735	0.07943	0.00173531	-0.0699278	-0.967533	0.00152472
99	2.51383e-09	0.827277	-0.664254	0.001022	0.611469	0.75476	-0.000296614
100	2.51383e-09	0.835671	0.628675	0.00125658	-0.589784	0.782834	0.000673685
101	2.51383e-09	0.931925	0.447258	-0.000934793	-0.423684	0.887665	-0.00121634
102	2.51383e-09	-0.2299	1.01801	-0.00219312	-0.952485	-0.213791	-0.000737981
103	2.51383e-09	0.339091	0.999162	0.0012718	-0.922311	0.30831	-0.000917914
104	2.51383e-09	1.04405	-0.146277	0.000820762	0.130928	0.965045	-0.00124144
105	2.51383e-09	0.768399	0.72612	-0.000222503	-0.665312	0.705275	-0.000931745
106	2.51383e-09	0.00435911	-1.04991	-0.000377612	0.975539	0.00232278	-0.00196267
107	2.51383e-09	0.2149	1.03965	-9.26458e-05	-0.948013	0.195013	0.00175718
108	2.51383e-09	-0.42066	-0.980546	-0.00190328	0.888673	-0.382233	0.000363325
109	2.51383e-09	0.916724	-0.526171	-0.00187348	0.482194	0.845739	0.000804502
110	2.51383e-09	-0.271498	-1.023	-0.0010258	0.937569	-0.247696	-0.00015623
111	2.51383e-09	0.302247	-1.02658	0.000411146	0.927111	0.272895	0.000311543
112	2.51383e-09	0.761416	0.740389	-0.000648793	-0.675372	0.694293	-0.000283207
113	2.51383e-09	0.0839783	1.05338	0.000840176	-0.970707	0.0761124	-0.00132895
114	2.51383e-09	-1.04781	-0.0971355	0.000408688	0.0902645	-0.970114	-0.00185318
115	2.51383e-09	-0.763599	0.733099	0.00219445	-0.672964	-0.704396	0.00057346
116	2.51383e-09	0.588469	-0.868883	0.00105373	0.809853	0.547954	-0.000704172
117	2.51383e-09	1.03717	0.237761	0.00216675	-0.215388	0.944344	-0.00038056
118	2.51383e-09	0.739383	0.770102	-0.00037918	-0.696942	0.670227	-0.0021713
119	2.51383e-09	-0.885469	-0.567475	0.000527808	0.523505	-0.821026	0.00195614
120	2.51383e-09	-1.02801	-0.216192	8.17398e-05	0.2023	-0.954758	-0.00288911
121	2.51383e-09	0.608746	0.872553	-0.000806934	-0.797185	0.553442	0.000991458
122	2.51383e-09	0.878698	-0.610451	-0.000787735	0.554439	0.792274	-0.0016694
123	2.51383e-09	-0.670233	-0.798888	-0.00114181	0.749469	-0.633725	-0.00163495
124	2.51383e-09	-0.291183	1.03062	-0.0016798	-0.93274	-0.265857	-0.00201775
125	2.51383e-09	-1.02955	-0.232315	-0.000897686	0.21203	-0.95008	-0.000615619
126	2.51383e-09	0.471627	0.945228	-0.0008429	-0.8705	0.440092	0.00103848
127	2.51383e-09	-1.01642	-0.313725	0.00256562	0.287055	-0.924876	-0.00136521
128	2.51383e-09	0.837878	0.663597	0.000510006	-0.598879	0.757743	0.000401803
129	2.51383e-09	-0.073367	-1.05546	-0.0022548	0.971231	-0.062341	0.000880535
130	2.51383e-09	-0.472071	0.945157	2.56497e-05	-0.871052	-0.432269	-0.000824046
131	2.51383e-09	0.152914	-1.0642	7.07908e-05	0.95406	0.137663	-0.00271703
132	2.51383e-09	0.34781	1.01941	0.000899572	-0.909551	0.314751	0.00125355
133	2.51383e-09	1.01326	-0.310544	-0.00221131	0.283683	0.930202	-0.00220818
134	2.51383e-09	-1.06337	-0.0470406	-0.000970145	0.0474761	-0.966807	0.00108352
135	2.51383e-09	-0.675452	0.834916	-0.00166246	-0.747999	-0.606284	-0.00156496
136	2.51383e-09	1.03321	-0.299747	0.0018821	0.268061	0.925479	0.00169164
137	2.51383e-09	0.591914	0.885867	-0.00262534	-0.805033	0.538116	-0.00152652
138	2.51383e-09	0.122428	-1.06127	-0.000929044	0.961612	0.110639	0.00202243
139	2.51383e-09	0.602653	-0.882213	0.000996325	0.797988	0.547197	-0.000662194
140	2.51383e-09	-1.07781	0.104102	-0.000164379	-0.0889114	-0.956949	-0.000681266
141	2.51383e-09	-0.0717165	-1.07535	-0.000951795	0.958889	-0.0615758	-0.00226389
142	2.51383e-09	0.462656	0.978176	-0.00168274	-0.866195	0.409431	2.20341e-05
143	2.51383e-09	0.955411	-0.476738	-0.00113243	0.433074	0.865836	-9.70539e-05
144	2.51383e-09	-0.393966	1.01377	-0.00151963	-0.894398	-0.343882	0.00116043
145	2.51383e-09	1.05849	0.162843	0.00133293	-0.147406	0.955145	-0.000760869
146	2.51383e-09	-0.943108	-0.550986	-0.000125733	0.485114	-0.824171	-0.000913314
147	2.51383e-09	-1.02806	0.319703	0.00191707	-0.291449	-0.921109	0.000121379
148	2.51383e-09	0.696891	-0.8237	-0.000482927	0.734467	0.625366	-0.000921094
149	2.51383e-09	-0.217215	1.046	0.000142838	-0.947022	-0.206827	0.000435365
150	2.51383e-09	1.07735	0.0550753	-0.000954238	-0.0504666	0.960908	0.00256794
151	2.51383e-09	-0.940741	-0.533828	0.00143206	0.475594	-0.835219	-0.000399414
152	2.51383e-09	1.07095	0.0345119	-0.00228465	-0.0308118	0.964225	0.000230708
153	2.51383e-09	-0.533593	0.943935	0.00122722	-0.837852	-0.470706	-0.000292521
154	2.51383e-09	0.953651	0.511849	0.00116431	-0.45564	0.849605	-0.000513233
155	2.51383e-09	-0.15547	-1.06872	0.000158339	0.949551	-0.138857	0.00153445
156	2.51383e-09	-0.703445	0.810356	-0.00166316	-0.731532	-0.630805	0.00102521
157	2.51383e-09	-0.0938587	1.06993	-0.000933922	-0.961751	-0.0866879	0.00112764
158	2.51383e-09	-0.0252411	1.09226	0.001552	-0.956257	-0.0255449	-0.000906988
159	2.51383e-09	-0.643166	0.858892	0.00223782	-0.773191	-0.579829	-0.00175961
160	2.51383e-09	-0.762873	0.748691	0.0019439	-0.677996	-0.69184	-0.00172189
161	2.51383e-09	0.726242	-0.814679	0.000628159	0.713768	0.635573	-0.000995863
162	2.51383e-09	-0.902096	-0.62188	0.000333389	0.540533	-0.786825	0.000881014
163	2.51383e-09	1.06603	-0.154009	-0.000289972	0.138385	0.953084	-0.00211834
164	2.51383e-09	-0.948818	-0.479977	-3.77285e-05	0.439825	-0.862897	0.000643472
165	2.51383e-09	-0.851674	-0.691424	0.00221707	0.601285	-0.739055	-0.000607947
166	2.51383e-09	-0.125068	1.08126	9.24539e-05	-0.95134	-0.109352	-0.000457896
167	2.51383e-09	-1.07845	-0.0523225	0.000272443	0.0515678	-0.962718	0.00295081
168	2.51383e-09	-0.0368431	-1.08102	-0.00152547	0.960136	-0.0398173	0.000419163
169	2.51383e-09	-0.136635	-1.06601	0.000561982	0.9595	-0.120383	0.000539459
170	2.51383e-09	0.452077	-0.992646	0.000462283	0.873881	0.39613	-0.00289183
171	2.51383e-09	-0.776906	0.75632	-0.00286601	-0.670277	-0.688447	-0.00117605
172	2.51383e-09	-0.694098	0.860744	-0.000577308	-0.738386	-0.596175	0.000777171
173	2.51383e-09	-1.09293	-0.148225	0.00213306	0.130177	-0.942775	-0.00191926
174	2.51383e-09	0.59603	0.920714	0.000272856	-0.800233	0.522458	-0.00228932
175	2.51383e-09	-1.05024	-0.294299	-0.0011165	0.264933	-0.921454	0.000801948
176	2.51383e-09	0.829681	-0.686296	0.000901803	0.616018	0.739857	-0.00128361
177	2.51383e-09	0.869204	0.68345	0.00189109	-0.587304	0.746569	-0.000727604
178	2.51383e-09	0.929931	-0.563874	0.000308654	0.499345	0.818493	0.00108595
179	2.51383e-09	0.954285	0.528039	-0.000291997	-0.466937	0.836621	-0.000732552
180	2.51383e-09	0.725807	0.800544	0.00152614	-0.714343	0.648256	-0.00089485
181	2.51383e-09	-0.842495	-0.716609	0.00082334	0.612112	-0.725281	-0.000258362
182	2.51383e-09	-0.172922	-1.07451	-0.00218032	0.945858	-0.150556	-0.00146523
183	2.51383e-09	-1.08934	0.15548	0.000561288	-0.135047	-0.942929	0.00132234
184	2.51383e-09	1.00256	0.472037	-0.000109449	-0.403773	0.859755	-0.000156223
185	2.51383e-09	-0.978774	0.473803	0.000805197	-0.417066	-0.863329	-0.000209209
186	2.51383e-09	-0.000228381	-1.08319	-0.000770061	0.958535	-0.00166779	1.78307e-06
187	2.51383e-09	0.827869	0.699295	-0.000970235	-0.619729	0.73448	0.000117803
188	2.51383e-09	0.449388	-0.998465	-0.00129693	0.872307	0.388982	-0.000860073
189	2.51383e-09	0.935602	-0.57531	0.000824412	0.500517	0.811389	-0.000427877
190	2.51383e-09	-0.125707	1.09354	-0.00120721	-0.949463	-0.110656	0.000827515
191	2.51383e-09	0.932676	-0.573434	0.00182287	0.501548	0.812784	-0.00104074
192	2.51383e-09	-0.493238	-0.981777	-0.00318706	0.854673	-0.424825	0.00093429
193	2.51383e-09	0.561641	-0.955118	-0.00082391	0.815935	0.483647	-0.00193654
194	2.51383e-09	-1.10088	-0.127012	-0.00118443	0.103399	-0.945712	-0.000677766
195	2.51383e-09	0.125314	1.0828	0.00103868	-0.951864	0.114201	-0.0029583
196	2.51383e-09	1.09196	0.0709459	-0.000579549	-0.0625796	0.955674	0.000952039
197	2.51383e-09	-0.410312	-1.01955	0.000308458	0.88204	-0.359213	-0.000684685
198	2.51383e-09	1.11069	-0.014959	0.00108065	0.0101968	0.950464	0.000299157
199	2.51383e-09	-0.856948	-0.688546	-0.000116781	0.594865	-0.746471	-0.000270607
200	2.51383e-09	0.500786	0.992318	0.00110821	-0.846479	0.424031	-0.00163063
201	2.51383e-09	-0.695319	-0.851958	0.00218828	0.738943	-0.60367	0.000991822
202	2.51383e-09	0.0863324	1.09003	0.00106456	-0.955229	0.0752	-0.00290167
203	2.51383e-09	-0.90652	-0.583877	0.000469732	0.522042	-0.809306	5.7637e-05
204	2.51383e-09	-0.917641	0.621229	0.00208562	-0.533283	-0.785086	-0.000181707
205	2.51383e-09	0.704342	0.870043	-0.00066212	-0.733951	0.597611	0.000796313
206	2.51383e-09	-0.916857	0.611269	0.00255896	-0.524691	-0.796122	-0.00167712
207	2.51383e-09	-0.549472	-0.962575	0.000889218	0.825369	-0.472304	0.000288894
208	2.51383e-09	-0.627642	-0.890667	0.00106987	0.784817	-0.55217	-0.000284341
209	2.51383e-09	-1.0825	-0.1814	-0.000600591	0.156395	-0.941183	-0.00175
210	2.51383e-09	0.517152	0.979186	0.000305425	-0.841267	0.44564	0.000533701
211	2.51383e-09	0.280833	1.06711	0.000740702	-0.920834	0.238507	0.000801679
212	2.51383e-09	-1.03821	0.438703	-0.000290549	-0.366758	-0.866933	0.00162337
213	2.51383e-09	0.611304	-0.912868	-0.00165629	0.791848	0.528889	-0.000385141
214	2.51383e-09	-0.87093	0.68751	-0.000190925	-0.584057	-0.746076	-0.00116879
215	2.51383e-09	-1.10708	-0.0923253	0.00289807	0.0730917	-0.9456	0.000181741
216	2.51383e-09	-0.5584	-0.957323	-0.000196585	0.820305	-0.482485	0.00212457
217	2.51383e-09	-0.69327	0.875629	0.000466689	-0.743959	-0.583303	0.000274132
218	2.51383e-09	-0.243893	-1.06065	0.00121544	0.933978	-0.215301	0.00118296
219	2.51383e-09	0.077205	1.11067	-0.00158097	-0.946067	0.0659731	-0.00120267
220	2.51383e-09	-0.275316	-1.07838	-0.0011757	0.918038	-0.235053	-0.00225523
221	2.51383e-09	0.441607	1.00587	0.00106275	-0.875817	0.38103	0.00132005
222	2.51383e-09	0.635655	0.916898	-0.00124735	-0.776545	0.541479	-0.00166708
223	2.51383e-09	1.04385	-0.385067	0.00102222	0.329155	0.888982	-0.00031966
224	2.51383e-09	0.599922	0.9182	-0.00130811	-0.802021	0.522048	0.000231248
225	2.51383e-09	-0.869961	0.708238	-0.00191245	-0.595807	-0.728199	0.00117501
226	2.51383e-09	0.36298	1.06745	0.000227443	-0.891914	0.303815	-0.00133989
227	2.51383e-09	-0.389509	-1.04408	0.00135647	0.885008	-0.330908	-0.000950637
228	2.51383e-09	0.876549	-0.690941	-0.000872026	0.586355	0.742009	2.78166e-05
229	2.51383e-09	0.898005	-0.689772	0.000741827	0.573456	0.743352	0.00238133
230	2.51383e-09	1.12621	0.157946	0.00171087	-0.129814	0.927933	-0.00146798
231	2.51383e-09	0.598759	-0.958822	-0.00020917	0.79591	0.501704	-0.00168966
232	2.51383e-09	-1.03215	0.410048	0.00130658	-0.344639	-0.88291	0.000433615
233	2.51383e-09	-0.0724592	1.11655	0.00165154	-0.943141	-0.0671832	0.000489975
234	2.51383e-09	-0.553612	0.964611	0.000392244	-0.821836	-0.475108	-0.00046661
235	2.51383e-09	-1.06881	0.321705	0.00544978	-0.274753	-0.906779	0.000608941
236	2.51383e-09	-0.517117	1.0118	0.00147091	-0.832617	-0.429179	0.000799893
237	2.51383e-09	-0.896994	-0.67132	-0.000151683	0.565497	-0.756598	-0.000525438
238	2.51383e-09	0.226408	-1.09832	-0.000476532	0.927488	0.190377	0.00154028
239	2.51383e-09	-1.0889	0.219641	0.000425269	-0.184598	-0.930199	-0.00307121
240	2.51383e-09	-0.821998	0.784102	-0.000209061	-0.648155	-0.676651	0.00247884
241	2.51383e-09	0.954857	-0.582773	0.00126154	0.48795	0.810935	-0.000488819
242	2.51383e-09	1.06131	-0.432487	0.00156054	0.352366	0.865821	0.00279598
243	2.51383e-09	0.993093	0.537339	0.00200451	-0.449764	0.824193	0.000786159
244	2.51383e-09	-0.423741	1.04193	0.00102884	-0.874596	-0.352987	-0.00083681
245	2.51383e-09	-1.12236	-0.117989	-0.00188349	0.100012	-0.934281	0.000762726
246	2.51383e-09	-1.10569	0.213391	-0.00158676	-0.176317	-0.922739	0.00186875
247	2.51383e-09	1.06666	0.306054	0.000962301	-0.262296	0.913634	-0.00112819
248	2.51383e-09	0.995021	0.492796	-0.000216695	-0.419116	0.853922	0.00255941
249	2.51383e-09	-0.984985	0.548914	-0.000592502	-0.458133	-0.821175	7.72808e-07
250	2.51383e-09	0.645693	0.922866	-0.000368985	-0.77167	0.540408	-0.000437109
251	2.51383e-09	0.551021	-0.993789	0.000386889	0.818784	0.455714	-0.00138182
252	2.51383e-09	-0.878512	-0.705376	0.00159702	0.586882	-0.736802	-0.00192783
253	2.51383e-09	1.13626	-0.00685769	-0.000150511	0.00584024	0.937007	0.00066198
254	2.51383e-09	0.156536	-1.11237	0.000994679	0.934415	0.125404	-0.0008374
255	2.51383e-09	-0.689342	0.89801	-0.00183745	-0.742875	-0.576924	0.00237033
256	2.51383e-09	1.11139	-0.245603	0.00157097	0.20333	0.913643	0.000938675
257	2.51383e-09	-1.04698	-0.437179	0.000142965	0.36159	-0.867092	0.00182508
258	2.51383e-09	0.663543	0.929812	-0.000927079	-0.759985	0.54137	-0.00248147
259	2.51383e-09	-1.07367	-0.351845	-0.00033079	0.294598	-0.893132	0.00233359
260	2.51383e-09	-0.621863	-0.946333	-0.00179742	0.785433	-0.518256	-0.00311634
261	2.51383e-09	0.100733	-1.13387	-0.000493267	0.93501	0.0825478	-0.00015253
262	2.51383e-09	0.307419	1.08621	0.00178726	-0.903145	0.256526	6.89353e-05
263	2.51383e-09	-0.067428	-1.13264	0.00138468	0.937518	-0.0542382	0.00126706
264	2.51383e-09	0.68957	0.892516	-0.000545494	-0.744056	0.578397	0.000297679
265	2.51383e-09	0.621913	-0.955367	0.000374006	0.78759	0.51092	-0.000467281
266	2.51383e-09	-1.12404	-0.174227	0.000906044	0.143562	-0.925768	-0.00163845
267	2.51383e-09	-0.659253	0.909246	-0.00347219	-0.763076	-0.558045	-0.000907397
268	2.51383e-09	1.12101	-0.0773277	-0.000955689	0.0621975	0.942448	0.000462092
269	2.51383e-09	1.10682	0.258761	0.00113318	-0.214901	0.914463	0.000900979
270	2.51383e-09	1.04813	-0.430783	0.000788708	0.357838	0.868912	-0.00091409
271	2.51383e-09	-0.615563	0.961946	0.0012842	-0.789668	-0.505179	-0.00130185
272	2.51383e-09	0.722711	-0.887965	0.00377373	0.722757	0.591828	-0.000481764
273	2.51383e-09	0.83021	0.78793	-0.000572434	-0.645931	0.67525	-0.000418061
274	2.51383e-09	0.195157	1.10867	-1.45366e-05	-0.929374	0.162341	0.000779932
275	2.51383e-09	-0.250769	1.11327	0.00219674	-0.912786	-0.200546	0.000109018
276	2.51383e-09	0.237901	1.10321	0.00104195	-0.919042	0.200063	-0.000617188
277	2.51383e-09	0.634256	0.955976	-0.000416152	-0.775132	0.518758	0.000667604
278	2.51383e-09	1.15123	0.0422646	0.00015908	-0.0318595	0.929579	-0.00132545
279	2.51383e-09	-1.14454	-0.0787371	-0.000267202	0.0686732	-0.929127	0.00058656
280	2.51383e-09	0.81291	0.813184	-0.00189025	-0.664664	0.65744	0.000670508
281	2.51383e-09	1.02127	0.513178	-0.00105918	-0.422645	0.832569	-0.000401183
282	2.51383e-09	1.09789	-0.323324	-0.000134351	0.262667	0.895861	0.002792
283	2.51383e-09	-0.746736	0.857461	0.000944723	-0.706392	-0.617436	-0.00126982
284	2.51383e-09	1.0733	-0.435844	0.00150758	0.350085	0.859836	-0.000622826
285	2.51383e-09	0.556855	-1.02215	0.00117907	0.810778	0.443786	0.000311073
286	2.51383e-09	-0.892642	0.696602	-0.00214573	-0.577555	-0.741875	0.00238594
287	2.51383e-09	0.110651	1.13954	-0.0014343	-0.928825	0.0937159	0.000551907
288	2.51383e-09	0.138668	-1.14565	0.000884068	0.924077	0.113875	0.00144427
289	2.51383e-09	-1.13338	-0.210706	0.000917354	0.169763	-0.916978	0.00264284
290	2.51383e-09	1.13811	0.0919368	0.000295002	-0.0741437	0.933044	-0.00065903
291	2.51383e-09	0.750279	0.869062	0.000801177	-0.705264	0.610054	0.000700097
292	2.51383e-09	0.720581	-0.896773	-0.00179796	0.726743	0.588264	0.000310859
293	2.51383e-09	-0.996317	0.570361	-0.00215212	-0.46515	-0.808065	0.000623674
294	2.51383e-09	-1.01607	0.555718	0.0022778	-0.445729	-0.815552	0.00130332
295	2.51383e-09	0.904832	-0.698153	-0.00342425	0.574171	0.739166	0.00111485
296	2.51383e-09	0.430904	-1.07601	-0.000619792	0.860937	0.343692	-0.000477334
297	2.51383e-09	0.884835	0.720865	-0.00121088	-0.591199	0.72666	-0.00203352
298	2.51383e-09	0.884799	0.740214	0.00102402	-0.596575	0.71387	-0.000263742
299	2.51383e-09	-1.12047	0.252149	-0.000405158	-0.208916	-0.911607	0.000338151
300	2.51383e-09	0.587967	-1.00692	-0.00142354	0.802813	0.462067	-9.14465e-05
301	2.51383e-09	0.424812	1.08325	-0.00221505	-0.859635	0.338898	0.00198156
302	2.51383e-09	0.226005	1.14165	-0.00110383	-0.907828	0.182238	0.00171638
303	2.51383e-09	1.14452	-0.157257	-0.000829684	0.131614	0.921145	-5.68944e-05
304	2.51383e-09	0.741024	0.897044	-0.00227785	-0.712721	0.592108	0.000117795
305	2.51383e-09	0.449015	1.05024	0.0014495	-0.861405	0.368915	0.00165899
306	2.51383e-09	0.935529	0.687276	0.00151865	-0.55028	0.745837	0.00122663
307	2.51383e-09	0.205646	-1.14122	0.00190428	0.915574	0.158807	0.000539493
308	2.51383e-09	0.831869	0.817484	0.0022055	-0.649431	0.658231	0.000317679
309	2.51383e-09	0.969495	0.625497	-3.98574e-06	-0.504074	0.780726	0.00114415
310	2.51383e-09	0.299324	1.09726	-0.000952114	-0.907852	0.248227	-0.000537737
311	2.51383e-09	0.899509	0.717977	-0.00131545	-0.582941	0.729418	-0.00107683
312	2.51383e-09	1.07565	-0.425792	0.000933014	0.34521	0.865102	-0.00236433
313	2.51383e-09	-0.799967	0.830424	-0.00108267	-0.668837	-0.647406	-0.00194727
314	2.51383e-09	1.15053	-0.0880509	-0.00113256	0.0714428	0.928787	0.00161338
315	2.51383e-09	0.349641	-1.11559	-0.00248399	0.881	0.278566	-0.00295179
316	2.51383e-09	1.14518	0.218747	0.00163318	-0.170813	0.910428	-0.00108228
317	2.51383e-09	0.824068	-0.815955	-0.00164664	0.650997	0.660746	0.000687495
318	2.51383e-09	-0.820262	-0.821568	-0.000606488	0.65747	-0.656857	-9.02125e-05
319	2.51383e-09	0.694635	-0.940475	0.00213613	0.743072	0.550173	0.000956358
320	2.51383e-09	-0.99472	-0.630527	0.00118094	0.489913	-0.780548	1.54456e-05
321	2.51383e-09	0.912282	0.728236	0.000782882	-0.577902	0.723773	0.000268191
322	2.51383e-09	1.07213	0.474025	0.00119113	-0.372927	0.842126	0.000423845
323	2.51383e-09	0.724597	0.920614	0.00297392	-0.728744	0.570084	-0.000815404
324	2.51383e-09	-0.0701089	1.16938	0.00121532	-0.923369	-0.0561334	-0.00290529
325	2.51383e-09	-1.11992	0.345812	-0.000187986	-0.272646	-0.881562	-0.00140278
326	2.51383e-09	-0.281353	1.13356	-0.000281105	-0.899093	-0.224734	-0.000144572
327	2.51383e-09	0.408833	-1.10197	0.00220209	0.863916	0.323623	0.00057321
328	2.51383e-09	-0.841014	0.8044	-0.00133953	-0.639926	-0.667539	-0.000181625
329	2.51383e-09	-1.04739	-0.559029	0.00146882	0.427197	-0.810794	0.00215094
330	2.51383e-09	-1.16534	0.0683743	0.00043192	-0.0522735	-0.922955	0.00149963
331	2.51383e-09	0.354541	1.11587	0.00158225	-0.877738	0.278992	0.00116459
332	2.51383e-09	-1.03278	-0.52995	0.00111799	0.422937	-0.824876	-0.000786793
333	2.51383e-09	0.39261	-1.11162	-0.000649532	0.869368	0.304707	0.000570259
334	2.51383e-09	1.16996	-0.084063	-0.000866137	0.0649719	0.921299	2.00839e-05
335	2.51383e-09	1.08508	0.452461	-0.000299189	-0.357153	0.85136	-0.00129883
336	2.51383e-09	0.913742	0.73473	-0.000241348	-0.579856	0.719767	-0.000310401
337	2.51383e-09	-0.34946	1.12212	-0.000545936	-0.879346	-0.277375	-0.000531089
338	2.51383e-09	-1.10735	0.357501	0.00108179	-0.287002	-0.882824	0.000700139
339	2.51383e-09	-0.172698	-1.18133	0.00190537	0.90468	-0.131105	-0.00172656
340	2.51383e-09	-1.11998	-0.375284	0.000300487	0.293297	-0.872505	-0.00146449
341	2.51383e-09	0.304934	-1.14207	0.00107355	0.887703	0.231784	0.000849366
342	2.51383e-09	0.981826	-0.634933	0.000731751	0.502232	0.776276	-0.00125858
343	2.51383e-09	-0.901766	0.738394	0.00187217	-0.585449	-0.718412	0.000455502
344	2.51383e-09	-0.123334	1.1672	0.000392115	-0.919018	-0.0964718	-0.000490791
345	2.51383e-09	1.0683	0.449597	-0.000774265	-0.362612	0.857466	0.000917114
346	2.51383e-09	0.772242	-0.860476	-0.000294823	0.69067	0.622441	0.00103864
347	2.51383e-09	-1.00548	0.594105	0.00050932	-0.474757	-0.795698	-0.00117576
348	2.51383e-09	0.863598	-0.8029	0.000158333	0.630281	0.6734	0.00082885
349	2.51383e-09	0.555829	-1.03268	-0.00150985	0.811811	0.443712	-0.00110317
350	2.51383e-09	0.215616	-1.14237	-0.000665578	0.912516	0.175856	0.00143256
351	2.51383e-09	0.00491254	1.18103	-0.000332419	-0.921527	0.00768072	0.00155403
352	2.51383e-09	0.976757	-0.672776	-0.00338107	0.519939	0.757695	-2.10358e-05
353	2.51383e-09	0.62811	1.00752	0.000779794	-0.778972	0.483759	-0.000229373
354	2.51383e-09	0.86073	-0.825186	-0.00140393	0.632434	0.663013	0.000999829
355	2.51383e-09	-0.649163	0.970512	-0.00192719	-0.769088	-0.517671	0.000285435
356	2.51383e-09	0.206493	1.16705	0.000836362	-0.905907	0.157294	-0.000456002
357	2.51383e-09	1.02515	0.599986	-0.00101176	-0.461124	0.792365	0.00188913
358	2.51383e-09	-0.796717	0.88738	-0.000395213	-0.677164	-0.616344	0.000735066
359	2.51383e-09	-1.10779	0.452987	0.00214133	-0.342529	-0.846597	-0.0003046
360	2.51383e-09	-0.452141	1.06551	-2.91363e-05	-0.856203	-0.363621	-0.00067805
361	2.51383e-09	-1.02053	-0.60752	-0.000767045	0.470083	-0.78873	0.000267703
362	2.51383e-09	0.986621	0.646659	-0.00209525	-0.50938	0.76681	-0.000546136
363	2.51383e-09	1.11752	0.384271	-0.00049418	-0.297726	0.869984	-0.00253335
364	2.51383e-09	1.11358	0.378196	0.00267028	-0.294837	0.872725	0.00116579
365	2.51383e-09	0.15095	1.17912	-0.00107769	-0.910493	0.116154	-0.000970705
366	2.51383e-09	0.599919	-1.02184	-0.00126737	0.793421	0.464073	-0.00191139
367	2.51383e-09	0.376592	-1.12779	-8.65638e-05	0.870329	0.292176	-0.000104087
368	2.51383e-09	1.06976	0.512871	0.0017334	-0.398065	0.828112	-0.00107695
369	2.51383e-09	-1.13523	-0.361593	0.00209647	0.276318	-0.874652	-0.00108074
370	2.51383e-09	-0.869337	-0.804594	0.000496709	0.625729	-0.674467	0.000817379
371	2.51383e-09	-0.671862	0.985079	-0.000957687	-0.756378	-0.517863	0.00137205
372	2.51383e-09	1.04089	-0.56881	0.00153635	0.440603	0.805208	0.000132514
373	2.51383e-09	1.19168	-0.0419757	-0.00102645	0.0304174	0.914905	0.000187399
374	2.51383e-09	-0.880421	0.821303	0.00152767	-0.622398	-0.664083	-0.000330922
375	2.51383e-09	1.15411	-0.300425	0.000548357	0.233064	0.886497	0.000236576
376	2.51383e-09	-0.0867144	1.18713	0.000404871	-0.912427	-0.0679045	-0.000740417
377	2.51383e-09	0.15263	1.18057	-0.00257549	-0.909979	0.11859	0.00118756
378	2.51383e-09	0.885259	0.816595	-0.00161067	-0.617585	0.669169	0.000913774
379	2.51383e-09	1.05247	0.539569	-8.27385e-05	-0.413284	0.821625	-0.000869102
380	2.51383e-09	0.147685	1.17829	-0.00169438	-0.909801	0.112311	-0.00242896
381	2.51383e-09	1.18478	0.0583253	0.000340843	-0.0442711	0.917879	0.0010336
382	2.51383e-09	-1.17795	0.170223	-0.0011631	-0.130462	-0.905665	-0.000665925
383	2.51383e-09	0.00949807	1.18048	-0.00227898	-0.921221	0.00713342	-0.000170563
384	2.51383e-09	-0.438774	1.1175	-0.00315539	-0.852153	-0.331909	0.000457225
385	2.51383e-09	0.1456	1.17684	-9.01715e-05	-0.91203	0.110468	-4.71305e-05
386	2.51383e-09	-0.591618	-1.06067	0.00100294	0.790926	-0.439288	0.000473621
387	2.51383e-09	-0.228397	-1.17704	-0.000219315	0.897207	-0.171574	0.0010125
388	2.51383e-09	-0.952693	-0.731487	0.000806773	0.550336	-0.725926	-0.00138224
389	2.51383e-09	1.19547	-0.114617	0.000654426	0.0914956	0.908001	0.000710967
390	2.51383e-09	1.12575	-0.375091	0.000519647	0.291326	0.871169	-0.000343123
391	2.51383e-09	0.89684	0.812186	-0.000173103	-0.610805	0.672079	0.0012953
392	2.51383e-09	0.932562	0.759236	-0.00165686	-0.575997	0.708136	-0.00152421
393	2.51383e-09	1.20495	-0.114579	-0.000420327	0.0893408	0.903823	-0.00177062
394	2.51383e-09	-0.656667	1.00814	0.000241148	-0.762639	-0.496179	0.000939101
395	2.51383e-09	0.05377	1.20892	-0.00188494	-0.906171	0.0401014	-0.00024624
396	2.51383e-09	0.981171	0.692753	-0.000456912	-0.530104	0.742425	-0.0011995
397	2.51383e-09	-0.708898	0.976294	-0.00131938	-0.737309	-0.53246	-0.00101418
398	2.51383e-09	-1.00225	0.679591	0.00175029	-0.505792	-0.754679	-0.000974111
399	2.51383e-09	-1.17414	0.252517	-0.000694136	-0.193453	-0.891606	-0.00225959
400	2.51383e-09	-1.16487	-0.272339	0.000486492	0.210378	-0.890668	-0.00144898
