9.879999e+03
401
0	1	0.000455555	0.000282643	-4.15753e-07	-8.69315e-09	2.31039e-08	-6.71639e-11
1	2.51383e-09	0.145902	-0.999154	0.00271562	0.986648	0.140824	-0.00175944
2	2.51383e-09	-0.372452	-0.920806	0.00123827	0.93091	-0.382534	-0.00114744
3	2.51383e-09	-0.641449	0.768652	0.000618266	-0.764572	-0.638941	-0.0022514
4	2.51383e-09	0.82683	-0.566405	0.00228109	0.567677	0.823689	-0.000188706
5	2.51383e-09	0.975638	0.190682	0.000221096	-0.187619	0.985936	0.00114057
6	2.51383e-09	-0.605059	-0.809143	0.00221315	0.797433	-0.594981	0.00181292
7	2.51383e-09	-0.595363	0.802233	-0.00228131	-0.800171	-0.600195	0.00201995
8	2.51383e-09	0.990118	-0.0773876	-0.000556101	0.0814674	1.00141	0.000434634
9	2.51383e-09	0.58113	0.82353	0.000317052	-0.813348	0.574304	0.000650335
10	2.51383e-09	-0.48163	-0.894643	0.00205315	0.872123	-0.471326	0.00108654
11	2.51383e-09	0.803425	-0.59126	-0.00167265	0.596282	0.805386	-0.00068414
12	2.51383e-09	0.3851	-0.942777	0.00218138	0.916348	0.373978	0.00205061
13	2.51383e-09	-0.793952	-0.617653	0.000681297	0.611255	-0.786153	-0.00129375
14	2.51383e-09	0.683301	0.748424	-0.00293641	-0.73553	0.666742	-0.00205255
15	2.51383e-09	-0.978004	0.235421	0.000443777	-0.223997	-0.969396	0.00204905
16	2.51383e-09	-0.744046	-0.672492	-0.000710958	0.665417	-0.741566	-0.0014168
17	2.51383e-09	0.984777	0.253897	-0.000762375	-0.253092	0.957056	0.00194323
18	2.51383e-09	0.0679728	-1.01168	-0.000369079	0.992012	0.0608842	-0.00166392
19	2.51383e-09	0.932924	-0.386262	-0.00386771	0.374094	0.925339	-0.000157594
20	2.51383e-09	1.02893	-0.0410615	-0.00205668	0.0390949	0.985664	0.00166966
21	2.51383e-09	0.87622	-0.49316	-0.000739097	0.485947	0.870091	0.00109929
22	2.51383e-09	-0.118601	1.02002	-6.7535e-05	-0.982665	-0.108907	0.00145009
23	2.51383e-09	-0.895331	-0.470481	0.00237164	0.465962	-0.877961	0.000816433
24	2.51383e-09	-1.00015	0.18158	0.00155927	-0.178165	-0.972186	-0.00122848
25	2.51383e-09	0.372821	-0.950525	-0.00043468	0.919164	0.360532	-0.00171417
26	2.51383e-09	0.593974	0.832784	0.000195914	-0.803657	0.574826	0.000870446
27	2.51383e-09	0.616299	-0.788606	0.00203098	0.789819	0.612198	-0.00234022
28	2.51383e-09	1.01153	-0.102832	-0.00413434	0.100734	0.985393	0.0015708
29	2.51383e-09	-0.556511	0.839721	0.000433646	-0.830629	-0.551993	-0.00165659
30	2.51383e-09	-0.476441	0.895388	-0.0005569	-0.877552	-0.464441	-0.00160186
31	2.51383e-09	-0.231084	-0.982993	-0.00285639	0.966985	-0.232956	-0.00236668
32	2.51383e-09	0.911073	0.417968	0.00312718	-0.418908	0.908628	0.00261589
33	2.51383e-09	-0.50658	-0.878881	0.000559523	0.863211	-0.501372	-0.000272904
34	2.51383e-09	-0.0724202	1.03387	-0.00388357	-0.980284	-0.070889	-0.000341429
35	2.51383e-09	0.400857	-0.936449	-0.00282015	0.908793	0.391174	0.00112542
36	2.51383e-09	-0.803108	-0.630942	-0.000890165	0.615283	-0.769955	0.000223229
37	2.51383e-09	-0.799639	0.637066	0.000951321	-0.613714	-0.775018	1.25777e-05
38	2.51383e-09	0.996315	0.168506	0.00164734	-0.169836	0.978186	-0.000928046
39	2.51383e-09	-0.99081	-0.222061	-0.000253097	0.20612	-0.969239	0.000291912
40	2.51383e-09	0.660215	0.771705	-0.000711224	-0.75943	0.638211	-0.00131471
41	2.51383e-09	-0.655886	-0.775793	-0.00151941	0.756949	-0.641104	-0.00294152
42	2.51383e-09	-0.30627	-0.980303	-0.002065	0.942838	-0.297031	0.00298726
43	2.51383e-09	-0.323507	0.95367	0.000169732	-0.943639	-0.32547	-0.00335298
44	2.51383e-09	1.02768	-0.110076	0.00178374	0.108528	0.978457	-0.00339801
45	2.51383e-09	-0.36192	-0.95884	0.00264509	0.924349	-0.348345	-0.00122873
46	2.51383e-09	0.9989	0.172414	-0.000998281	-0.165251	0.981258	0.000310372
47	2.51383e-09	-0.738509	-0.702192	-0.000289668	0.681035	-0.719278	0.00055761
48	2.51383e-09	-0.582002	0.84988	-0.00144838	-0.812382	-0.556786	-0.00030462
49	2.51383e-09	-0.786507	0.629759	-0.00397323	-0.622939	-0.777181	-0.00103904
50	2.51383e-09	-0.391079	-0.959935	0.00125757	0.911977	-0.37052	-0.00181018
51	2.51383e-09	0.874107	0.507631	0.00130531	-0.498575	0.86109	-0.00209737
52	2.51383e-09	0.962632	-0.38468	-0.000399536	0.368867	0.90854	0.000557876
53	2.51383e-09	0.268231	0.995212	0.00153251	-0.951906	0.252856	0.000639007
54	2.51383e-09	-0.114058	-1.02839	0.00322903	0.977148	-0.107864	-0.00107874
55	2.51383e-09	-1.0338	0.0211934	-0.000218297	-0.0210736	-0.983539	-0.00025587
56	2.51383e-09	0.644793	-0.802608	-0.000221971	0.765725	0.617051	-8.56219e-05
57	2.51383e-09	0.748618	0.729095	-0.00097281	-0.684552	0.701527	2.60254e-05
58	2.51383e-09	0.537391	0.889012	-0.000980132	-0.841212	0.508237	0.000323528
59	2.51383e-09	-0.0104779	-1.03077	-0.00342341	0.982682	-0.0113422	-0.00144086
60	2.51383e-09	-0.716257	0.734228	0.000325604	-0.706703	-0.693979	0.000411785
61	2.51383e-09	-0.0806636	1.03571	-0.000968907	-0.975943	-0.0734927	0.00220572
62	2.51383e-09	-0.0554903	-1.034	-0.000699879	0.981477	-0.0521723	-0.00169341
63	2.51383e-09	0.672658	-0.769535	0.000149005	0.747629	0.650117	-0.00135528
64	2.51383e-09	0.729736	0.740944	0.00183995	-0.698742	0.683539	-0.000360883
65	2.51383e-09	0.4074	-0.944433	0.000770856	0.903648	0.391659	-0.000443075
66	2.51383e-09	-0.816184	-0.629919	-0.00294101	0.609999	-0.771259	0.00125879
67	2.51383e-09	1.02604	-0.166573	-0.000926543	0.160894	0.969707	0.00141186
68	2.51383e-09	-1.00121	0.261653	-0.00213231	-0.247386	-0.951225	0.000408624
69	2.51383e-09	-0.256416	1.00918	0.00053471	-0.95052	-0.2356	-0.00331382
70	2.51383e-09	1.02398	0.0245855	-0.00337046	-0.0255018	0.988609	-0.00168434
71	2.51383e-09	0.631188	0.834423	0.00183303	-0.776003	0.592275	-0.00478753
72	2.51383e-09	0.316351	-1.01634	0.000641719	0.923504	0.288733	-0.00107117
73	2.51383e-09	0.919665	0.496615	-0.000775709	-0.466634	0.859292	-0.00182
74	2.51383e-09	0.404802	-0.970696	-0.000899934	0.898806	0.379985	-0.00171425
75	2.51383e-09	-1.00529	0.270916	-0.00337133	-0.258531	-0.944366	-0.000451004
76	2.51383e-09	-0.294661	1.00369	0.000415454	-0.937253	-0.284965	0.0015275
77	2.51383e-09	0.397311	0.981912	0.00138082	-0.901168	0.362735	-0.000139344
78	2.51383e-09	0.297765	1.00001	0.00380666	-0.936349	0.286976	-0.000368608
79	2.51383e-09	1.01464	-0.174605	0.00508398	0.164306	0.97389	0.000574447
80	2.51383e-09	-1.04541	0.0950913	-0.000743392	-0.0889296	-0.969149	0.000387871
81	2.51383e-09	0.473245	0.904177	-0.000822952	-0.874374	0.463492	0.00175194
82	2.51383e-09	0.942265	0.478321	-0.00172602	-0.442778	0.864711	0.00278805
83	2.51383e-09	0.592981	0.847798	-0.000127382	-0.804403	0.561617	-0.000234301
84	2.51383e-09	1.04596	-0.0945874	4.97289e-05	0.0860512	0.971927	-0.000676059
85	2.51383e-09	0.874212	-0.535208	0.00091403	0.516079	0.842394	0.00142763
86	2.51383e-09	0.435271	0.967035	-0.00142664	-0.880845	0.39989	0.000314472
87	2.51383e-09	0.523284	-0.904066	0.00248062	0.845882	0.491274	0.00155526
88	2.51383e-09	1.02942	0.0129255	-0.0011202	-0.0105584	0.986399	-0.000216115
89	2.51383e-09	-0.0909635	1.05321	0.00177033	-0.967408	-0.080801	0.000119957
90	2.51383e-09	0.880935	0.566868	-0.00307379	-0.526094	0.82394	0.00144189
91	2.51383e-09	0.0995327	1.02221	0.0035269	-0.982705	0.0873831	-0.00211576
92	2.51383e-09	0.876433	0.587377	0.000250832	-0.541725	0.807328	0.000512905
93	2.51383e-09	-0.998214	-0.396146	0.00162555	0.350497	-0.897374	0.000927647
94	2.51383e-09	-0.110666	-1.02709	0.000614519	0.978805	-0.104804	-0.000808644
95	2.51383e-09	0.221833	0.99808	-0.00076451	-0.966372	0.215178	0.000819096
96	2.51383e-09	0.995646	0.335129	-0.00074258	-0.310516	0.929922	-0.000605704
97	2.51383e-09	1.01181	-0.288309	0.00117586	0.271343	0.935775	-6.76806e-05
98	2.51383e-09	0.595736	-0.874694	0.000237138	0.803304	0.546577	-0.00147811
99	2.51383e-09	1.0331	-0.269016	0.000576278	0.248923	0.933763	-0.000280528
100	2.51383e-09	-1.03558	-0.193036	0.000634676	0.1705	-0.961375	-0.000518955
101	2.51383e-09	-1.021	-0.142784	0.00201877	0.134413	-0.976921	-0.00203063
102	2.51383e-09	-0.999238	0.242882	-0.000683764	-0.228904	-0.959797	-0.00150641
103	2.51383e-09	-0.432696	-0.952501	-0.0018165	0.890125	-0.405642	0.00168451
104	2.51383e-09	-0.377695	-0.982584	-0.000917532	0.904745	-0.349811	-1.6791e-05
105	2.51383e-09	-0.619528	-0.828511	0.00102842	0.787836	-0.589548	0.00174423
106	2.51383e-09	0.72579	0.745871	-0.00196207	-0.705174	0.683778	0.000288264
107	2.51383e-09	0.00691561	-1.05687	0.00160268	0.974468	0.00449048	-0.00103951
108	2.51383e-09	-0.389541	0.993514	0.000880125	-0.903725	-0.346598	0.000483785
109	2.51383e-09	1.03649	-0.23488	0.00107097	0.20607	0.946419	0.00124972
110	2.51383e-09	0.983072	-0.383697	0.0014877	0.348713	0.908538	0.000593227
111	2.51383e-09	0.759375	-0.758454	-0.00113241	0.684964	0.677251	0.00500452
112	2.51383e-09	0.216675	-1.04369	-0.000865546	0.951755	0.192333	0.00144492
113	2.51383e-09	-0.52215	0.919973	-4.11224e-05	-0.844889	-0.478215	-0.00304854
114	2.51383e-09	0.978422	-0.3896	0.000236301	0.357571	0.904422	0.0017183
115	2.51383e-09	0.501678	-0.957433	0.00287697	0.84849	0.447091	-0.000945261
116	2.51383e-09	0.314329	0.999467	0.00408674	-0.934173	0.294935	0.00130764
117	2.51383e-09	-0.639102	-0.825189	0.000903017	0.775303	-0.599888	0.00055459
118	2.51383e-09	0.554126	-0.906642	-0.000192542	0.825602	0.507644	0.00143885
119	2.51383e-09	0.0201577	-1.0518	0.00297319	0.973276	0.0169839	0.0030793
120	2.51383e-09	-0.713991	-0.77728	-0.000252394	0.712747	-0.660707	-0.00220984
121	2.51383e-09	-0.0198984	-1.05926	-0.00270893	0.974819	-0.0191038	-0.000573164
122	2.51383e-09	-0.555235	0.920031	0.00314744	-0.829594	-0.493341	0.00186506
123	2.51383e-09	-0.767342	-0.702504	0.00393964	0.662866	-0.723215	0.00119127
124	2.51383e-09	0.642965	-0.863314	-0.0029191	0.773534	0.57566	0.00168134
125	2.51383e-09	-0.594236	0.857847	-0.000965263	-0.807852	-0.557618	6.21565e-05
126	2.51383e-09	0.929825	-0.490851	-0.00240022	0.453532	0.866064	0.00115877
127	2.51383e-09	-1.03088	-0.243605	0.000768932	0.223343	-0.943941	-0.000172759
128	2.51383e-09	-1.04271	0.22397	0.00459511	-0.198359	-0.947771	0.000829457
129	2.51383e-09	-0.238787	-1.0291	0.00186883	0.946887	-0.219621	-0.00342596
130	2.51383e-09	-0.856044	-0.637659	0.00280211	0.580239	-0.772344	0.00329845
131	2.51383e-09	0.444992	0.992683	-0.000218152	-0.876915	0.391348	-0.000531486
132	2.51383e-09	0.19649	-1.04372	0.00186887	0.954061	0.186185	0.000108206
133	2.51383e-09	0.901141	0.574665	0.000646873	-0.524309	0.813178	0.00117547
134	2.51383e-09	0.91751	0.532446	-0.00101991	-0.482735	0.84094	-0.00054724
135	2.51383e-09	-0.465992	-0.954043	0.00132684	0.870333	-0.424927	-0.00293913
136	2.51383e-09	-0.912275	-0.596438	-0.00176374	0.525678	-0.800897	0.00057313
137	2.51383e-09	0.777523	-0.714024	0.00126956	0.661284	0.717253	0.00130869
138	2.51383e-09	-1.05267	-0.09951	0.00138485	0.0877285	-0.970177	0.00263476
139	2.51383e-09	0.92183	0.529331	0.00381602	-0.483548	0.840735	-0.000996398
140	2.51383e-09	-0.0332465	1.08255	0.000884851	-0.962901	-0.029535	-0.00136016
141	2.51383e-09	-0.821914	-0.690936	0.00168004	0.621246	-0.735711	0.000215286
142	2.51383e-09	1.05804	-0.144849	0.000367674	0.140526	0.96114	-0.00260902
143	2.51383e-09	1.04929	0.21819	-0.000228163	-0.190662	0.947956	0.00232917
144	2.51383e-09	-0.909943	-0.589866	-0.000405068	0.523807	-0.803129	0.00193724
145	2.51383e-09	0.707731	-0.783346	-9.17135e-05	0.720024	0.653448	-9.29847e-05
146	2.51383e-09	-1.09505	0.135138	-0.00380082	-0.122025	-0.942071	0.000471025
147	2.51383e-09	0.504304	-0.959807	-0.00183803	0.848655	0.448109	-0.00210875
148	2.51383e-09	0.157503	1.07378	0.00273279	-0.949854	0.14129	-0.000156489
149	2.51383e-09	0.823792	0.682406	-0.00180511	-0.613358	0.740791	0.00165527
150	2.51383e-09	1.06358	-0.215325	-0.00106537	0.196705	0.935279	0.00104998
151	2.51383e-09	0.36082	1.02521	-0.00189722	-0.902374	0.319666	-0.00188459
152	2.51383e-09	-0.268985	-1.02922	3.67393e-05	0.941985	-0.25168	0.000273307
153	2.51383e-09	0.36771	1.02035	-0.000513276	-0.905846	0.321459	-0.00288612
154	2.51383e-09	0.428023	-1.01954	-0.00109647	0.874929	0.370114	0.00321448
155	2.51383e-09	-1.06516	-0.175243	-0.00156405	0.153667	-0.951366	0.00147271
156	2.51383e-09	0.385051	1.03443	0.000862653	-0.887587	0.336262	-0.00238729
157	2.51383e-09	-1.04275	0.202487	-0.000541104	-0.179023	-0.954144	-0.000265546
158	2.51383e-09	0.820277	-0.716617	-0.00381471	0.634755	0.720273	-0.00147337
159	2.51383e-09	0.9771	-0.451391	0.000396836	0.404707	0.873228	-0.00107673
160	2.51383e-09	0.833294	-0.688376	0.00105306	0.614477	0.738195	-0.00228112
161	2.51383e-09	0.907241	0.591632	-0.00122247	-0.525204	0.80547	0.00216971
162	2.51383e-09	-0.674237	-0.844944	-0.000231522	0.749185	-0.602631	0.00214132
163	2.51383e-09	-0.492645	-0.9703	-0.000941248	0.84969	-0.439326	-0.000487071
164	2.51383e-09	0.364127	-1.00874	-0.00315499	0.907996	0.330473	-0.00170654
165	2.51383e-09	0.778928	-0.775171	0.00229357	0.672747	0.677606	0.00108405
166	2.51383e-09	0.956115	-0.502018	0.00215948	0.446045	0.851525	0.00110296
167	2.51383e-09	0.705602	0.811523	0.00179067	-0.728391	0.628419	0.000926051
168	2.51383e-09	-0.663246	-0.854402	-0.000135805	0.759234	-0.594402	-0.00122211
169	2.51383e-09	1.04825	0.252813	-0.00101325	-0.229578	0.937562	0.000869275
170	2.51383e-09	-0.812108	0.730964	-0.00185086	-0.640609	-0.708881	0.0018737
171	2.51383e-09	0.126303	1.08094	0.000930989	-0.954223	0.109075	0.000170375
172	2.51383e-09	1.10658	-0.16885	0.00121569	0.140908	0.932803	-0.000555553
173	2.51383e-09	-1.09813	-0.0744383	0.00115956	0.0618602	-0.95125	0.00253222
174	2.51383e-09	0.966829	0.527803	-0.000672912	-0.45663	0.835669	0.00205571
175	2.51383e-09	1.06207	0.27542	-0.00265235	-0.2383	0.92071	-6.21827e-05
176	2.51383e-09	0.614465	0.882433	0.0002625	-0.791017	0.552249	0.00117699
177	2.51383e-09	-0.418498	-1.03224	0.000564643	0.878577	-0.355773	-0.00320737
178	2.51383e-09	-1.06183	-0.202287	0.00100103	0.182225	-0.944344	-0.000980446
179	2.51383e-09	-0.648287	-0.89637	0.00246334	0.766279	-0.559317	0.00285986
180	2.51383e-09	0.868668	-0.644304	0.00121556	0.569978	0.773987	0.0026269
181	2.51383e-09	0.206702	-1.08017	0.00225044	0.935864	0.181477	-0.000900837
182	2.51383e-09	-0.443621	1.00518	-0.000741724	-0.872184	-0.385276	0.00111433
183	2.51383e-09	-0.972612	0.496501	-0.00100829	-0.434965	-0.851178	-6.95392e-07
184	2.51383e-09	-0.426773	1.02231	0.0023764	-0.876927	-0.36675	-0.000653636
185	2.51383e-09	0.494787	-0.977659	0.00012521	0.850976	0.427547	0.0027492
186	2.51383e-09	-0.677986	-0.855525	0.000527722	0.747782	-0.594739	-0.00123389
187	2.51383e-09	0.639969	-0.855344	-0.00152519	0.771896	0.582189	0.00260475
188	2.51383e-09	-0.919798	-0.613521	-0.00336829	0.529674	-0.788278	-0.000949127
189	2.51383e-09	-0.715388	-0.822701	-0.000674416	0.72109	-0.629058	0.00286042
190	2.51383e-09	1.05255	0.313396	5.1531e-06	-0.280893	0.912858	-0.001243
191	2.51383e-09	0.821743	-0.719525	0.00179549	0.62901	0.719153	-0.000458405
192	2.51383e-09	0.690218	0.848341	0.000522528	-0.743487	0.606724	-0.00100921
193	2.51383e-09	0.98063	-0.526805	0.00248524	0.447737	0.832997	0.00142725
194	2.51383e-09	1.07358	0.301604	0.000786007	-0.257255	0.911814	0.00146165
195	2.51383e-09	-0.705721	-0.822099	0.00125328	0.726384	-0.628783	0.000506107
196	2.51383e-09	-1.09236	0.00974538	-0.00295755	-0.00242199	-0.957	0.00237702
197	2.51383e-09	-0.86251	0.664868	0.00305501	-0.583429	-0.759113	0.00121232
198	2.51383e-09	-0.025729	1.11308	-0.00151273	-0.946898	-0.0184484	0.00138072
199	2.51383e-09	-1.08759	0.192316	0.00197959	-0.162794	-0.936109	-0.00250067
200	2.51383e-09	0.345281	-1.05566	-0.000828228	0.903335	0.298032	0.00122197
201	2.51383e-09	0.922466	0.598201	-9.40119e-05	-0.514992	0.802101	-0.00100811
202	2.51383e-09	0.274737	-1.05906	-0.00283692	0.924325	0.237428	0.000870836
203	2.51383e-09	-0.983386	0.460105	0.00147193	-0.406506	-0.870811	0.00140427
204	2.51383e-09	-0.531415	0.951494	0.000399282	-0.840342	-0.469235	-0.000625643
205	2.51383e-09	-0.546038	0.974337	0.000800438	-0.828229	-0.464103	-6.13667e-05
206	2.51383e-09	-0.957239	0.531129	0.00197706	-0.463269	-0.835621	0.000404374
207	2.51383e-09	-1.05546	0.36981	0.00391262	-0.313177	-0.89295	0.0010136
208	2.51383e-09	0.0176905	-1.09813	-0.00233601	0.954062	0.0218448	-0.00126276
209	2.51383e-09	0.357596	1.0413	-0.000330179	-0.905376	0.306514	0.00268046
210	2.51383e-09	0.556241	-0.963529	0.00101622	0.819138	0.472759	-0.000983684
211	2.51383e-09	-0.0962067	1.08997	0.000861736	-0.95345	-0.0772381	0.00188898
212	2.51383e-09	-0.237344	-1.10173	0.00233342	0.919754	-0.197135	0.00304096
213	2.51383e-09	0.950715	-0.569009	-0.00284007	0.484976	0.817982	0.000599848
214	2.51383e-09	1.08052	0.196619	0.00160142	-0.164989	0.940622	0.00122342
215	2.51383e-09	1.12092	-0.0310244	-0.00242673	0.0250248	0.943256	0.000860216
216	2.51383e-09	-0.0992722	-1.11002	0.000619998	0.943169	-0.0910788	-0.000189207
217	2.51383e-09	-1.11957	0.0347887	0.000262831	-0.033709	-0.943142	0.00201579
218	2.51383e-09	0.814442	0.702323	0.00202043	-0.627705	0.732189	-0.00529907
219	2.51383e-09	-1.11998	-0.180202	-8.11526e-05	0.148311	-0.925854	-0.000416149
220	2.51383e-09	-0.493463	-1.00111	0.00245791	0.850259	-0.415695	-0.00176965
221	2.51383e-09	0.886391	-0.641568	0.000769333	0.559761	0.772271	-0.00238988
222	2.51383e-09	1.07839	-0.250824	0.00289408	0.216974	0.92652	-6.2621e-05
223	2.51383e-09	-1.04322	0.37424	0.00199235	-0.315927	-0.896601	0.00141142
224	2.51383e-09	0.427266	-1.01154	-0.000580128	0.880642	0.363978	0.000514104
225	2.51383e-09	-0.969548	-0.557641	-0.000475728	0.468508	-0.819587	-0.00037492
226	2.51383e-09	-1.06659	-0.316296	0.000752868	0.275105	-0.909671	-0.00198893
227	2.51383e-09	0.98697	-0.494722	-0.00103966	0.426952	0.851647	-0.000120769
228	2.51383e-09	0.391616	1.05527	-9.65929e-05	-0.883407	0.328042	-0.00100106
229	2.51383e-09	0.49414	-1.01846	-0.00377194	0.846677	0.40592	0.00173807
230	2.51383e-09	-0.771572	0.851949	-0.000923297	-0.687605	-0.629486	0.00092239
231	2.51383e-09	-1.11111	-0.229075	0.00494048	0.189318	-0.91742	0.00237342
232	2.51383e-09	0.0782406	-1.09359	0.00189411	0.955524	0.0640151	0.00213633
233	2.51383e-09	-0.314771	1.06762	-0.000773447	-0.906801	-0.276323	-0.00198883
234	2.51383e-09	-0.109076	1.10645	0.00170101	-0.945813	-0.0910885	0.00412685
235	2.51383e-09	-0.654765	0.902106	-0.00369428	-0.762334	-0.562819	-6.96754e-05
236	2.51383e-09	0.295721	-1.09214	-0.00133415	0.904499	0.25199	-0.00160025
237	2.51383e-09	-0.977909	0.518149	0.000369538	-0.447997	-0.834339	-0.00320876
238	2.51383e-09	-0.907976	0.721884	-0.00205343	-0.573852	-0.725232	0.00124664
239	2.51383e-09	0.55877	0.954316	0.000140745	-0.818208	0.48345	0.00344788
240	2.51383e-09	-0.595472	0.970718	-0.00254491	-0.795117	-0.487261	-3.0166e-05
241	2.51383e-09	-0.759803	-0.815408	0.00173917	0.687643	-0.651437	0.0017574
242	2.51383e-09	-1.15096	-0.0997954	0.00218142	0.0781873	-0.926962	-0.00214957
243	2.51383e-09	-1.02755	-0.46637	0.000804738	0.385335	-0.857947	-0.00342398
244	2.51383e-09	-1.13679	-0.101369	0.000787993	0.0840273	-0.930858	-0.00147054
245	2.51383e-09	-0.836622	0.758347	0.00433566	-0.632093	-0.695269	-0.0023704
246	2.51383e-09	0.65744	-0.912957	0.00193028	0.766819	0.554202	0.000835684
247	2.51383e-09	-0.286995	-1.06725	-0.00103976	0.915128	-0.252851	0.00241666
248	2.51383e-09	-0.959638	-0.59584	-0.00102142	0.498591	-0.796087	-0.000282042
249	2.51383e-09	1.11493	0.0464192	0.000536123	-0.0405366	0.946778	-0.000580961
250	2.51383e-09	-0.490727	-1.02256	0.000824411	0.845507	-0.408486	0.00132713
251	2.51383e-09	0.500557	1.00649	-0.000749687	-0.842184	0.423071	0.000323559
252	2.51383e-09	0.55902	-0.96472	-0.00163011	0.820265	0.473973	0.00122357
253	2.51383e-09	0.981436	-0.557097	-0.00381794	0.465386	0.820503	0.00305622
254	2.51383e-09	-1.10147	0.217439	-0.00147083	-0.177207	-0.928486	0.000864652
255	2.51383e-09	1.08841	0.335473	0.000724901	-0.27591	0.895489	-0.000606588
256	2.51383e-09	0.216132	-1.11927	0.000598159	0.91974	0.184466	-9.17204e-05
257	2.51383e-09	-0.201221	1.10383	0.00303327	-0.929059	-0.167754	0.000460311
258	2.51383e-09	1.12664	0.100318	0.000660078	-0.0881902	0.934471	0.00142255
259	2.51383e-09	-0.995257	0.547139	-0.000101568	-0.452115	-0.81984	0.001225
260	2.51383e-09	0.882532	-0.70486	0.000907401	0.587216	0.733268	-0.00377029
261	2.51383e-09	0.867954	0.756149	7.87129e-05	-0.611791	0.699929	5.22421e-05
262	2.51383e-09	-0.785381	-0.795247	0.00241486	0.673124	-0.661087	0.00416335
263	2.51383e-09	-1.11751	0.239533	-0.00215773	-0.202258	-0.912056	0.00108238
264	2.51383e-09	-0.982393	-0.542239	0.000881036	0.459147	-0.824627	-0.00218887
265	2.51383e-09	-1.12171	0.244436	0.000991079	-0.198377	-0.90881	0.000499841
266	2.51383e-09	-0.165801	-1.12613	-0.0010337	0.926424	-0.136368	-0.00140789
267	2.51383e-09	1.08426	-0.316117	-8.34147e-05	0.266146	0.898691	0.00166611
268	2.51383e-09	-0.22525	1.11366	0.00308013	-0.918768	-0.191395	-0.00173609
269	2.51383e-09	0.228671	1.12356	-0.00404742	-0.915144	0.188873	0.00135366
270	2.51383e-09	1.00633	0.509451	-0.0024373	-0.428411	0.838537	0.000724205
271	2.51383e-09	0.18837	1.12325	0.000467245	-0.925845	0.155689	-0.000666056
272	2.51383e-09	-0.810565	0.807059	0.000338315	-0.656981	-0.664508	-0.00336592
273	2.51383e-09	0.660053	-0.934441	0.00154181	0.763246	0.540073	-0.00253208
274	2.51383e-09	-0.64183	-0.927224	0.00108723	0.768776	-0.539684	0.000260483
275	2.51383e-09	-0.862504	-0.743484	0.000924463	0.613425	-0.707377	-0.00205941
276	2.51383e-09	1.04684	0.451824	0.000777206	-0.368743	0.861832	-0.000384179
277	2.51383e-09	1.04593	-0.431877	0.00346793	0.366268	0.870346	0.00232533
278	2.51383e-09	-0.416712	-1.07107	-0.00120043	0.868172	-0.336832	0.00121952
279	2.51383e-09	-1.15952	0.186858	-5.86402e-05	-0.153098	-0.910655	-0.000865519
280	2.51383e-09	0.489915	1.0495	-0.00184794	-0.842658	0.391847	-0.00162309
281	2.51383e-09	-0.537834	-1.00261	0.000118069	0.824037	-0.443227	-0.000916811
282	2.51383e-09	-1.07165	-0.401703	0.000237212	0.325516	-0.876071	6.5891e-05
283	2.51383e-09	0.738905	0.871258	0.00102154	-0.713689	0.600705	-0.0019293
284	2.51383e-09	-1.03601	-0.485272	0.00204803	0.397032	-0.849162	0.000279356
285	2.51383e-09	-0.155028	1.13252	-0.000362469	-0.927579	-0.129062	0.00110587
286	2.51383e-09	-0.935656	0.651376	0.000509811	-0.536969	-0.767752	0.00248385
287	2.51383e-09	0.375375	1.07697	0.00217961	-0.882114	0.305335	-0.00128771
288	2.51383e-09	0.832454	0.809154	0.00117051	-0.643963	0.665511	0.00124672
289	2.51383e-09	-0.787502	-0.827671	-0.000157266	0.679273	-0.647994	0.00269149
290	2.51383e-09	-0.856941	-0.743771	-0.0011847	0.618914	-0.706495	0.00292039
291	2.51383e-09	0.881883	-0.739537	-0.00182829	0.598667	0.715402	-0.000778887
292	2.51383e-09	-0.214835	1.13192	-0.00135733	-0.914631	-0.17266	0.00141959
293	2.51383e-09	-0.970803	-0.600709	0.00151658	0.49349	-0.791338	0.001176
294	2.51383e-09	-1.13165	-0.294479	0.00364205	0.235267	-0.89301	0.00418197
295	2.51383e-09	-0.942311	0.653904	-0.000621747	-0.528149	-0.770742	0.000846178
296	2.51383e-09	-0.0751362	-1.15366	-0.00332773	0.927338	-0.0612808	-0.00335487
297	2.51383e-09	-0.058033	-1.14104	-1.09104e-05	0.933431	-0.0513352	-0.00122457
298	2.51383e-09	1.11654	0.276997	0.00296508	-0.219657	0.906364	-0.000713706
299	2.51383e-09	-0.713264	-0.916615	-0.000993405	0.727327	-0.578781	-0.000101565
300	2.51383e-09	-1.07839	-0.444183	-0.00251256	0.348751	-0.857166	0.000367623
301	2.51383e-09	0.218713	-1.14943	0.000282242	0.906292	0.166509	-0.00197884
302	2.51383e-09	-1.04368	0.53097	-0.00544622	-0.413293	-0.823347	0.00143604
303	2.51383e-09	-1.10412	-0.316209	-9.16742e-05	0.259521	-0.898803	-0.000447515
304	2.51383e-09	0.813061	0.838259	-0.00116586	-0.665488	0.645433	-0.000388623
305	2.51383e-09	-0.900779	0.709216	-0.000471115	-0.578485	-0.73241	0.00288055
306	2.51383e-09	-1.12492	-0.22634	0.00147689	0.184558	-0.915385	0.000695738
307	2.51383e-09	0.462183	-1.065	-0.000810378	0.850986	0.369846	-0.00250594
308	2.51383e-09	-1.15374	-0.144516	-0.00208824	0.117751	-0.922142	0.00331051
309	2.51383e-09	1.0292	0.494682	0.000222444	-0.399679	0.846204	-0.00136421
310	2.51383e-09	0.96947	-0.629782	0.000846313	0.50831	0.781021	-0.000684604
311	2.51383e-09	-0.88706	0.747038	-0.00489557	-0.600505	-0.708131	-0.00141498
312	2.51383e-09	-1.15628	-0.211141	-0.0013248	0.169094	-0.902559	0.00151639
313	2.51383e-09	1.10882	-0.306448	0.00194863	0.247787	0.900305	-0.000849476
314	2.51383e-09	-1.09499	-0.311776	-0.00212734	0.258551	-0.901858	-0.000658241
315	2.51383e-09	1.11632	0.33736	-0.00333072	-0.264858	0.888153	-0.0002226
316	2.51383e-09	-0.104252	1.16766	-0.0020162	-0.918999	-0.0837277	-0.00136207
317	2.51383e-09	0.381154	1.09324	0.00363464	-0.880036	0.301632	0.000437062
318	2.51383e-09	1.07565	-0.444281	0.00196035	0.350692	0.857357	-0.00184862
319	2.51383e-09	-0.990586	0.620982	-0.00254246	-0.489369	-0.784535	-0.0013966
320	2.51383e-09	-0.5483	1.04027	0.000144609	-0.81558	-0.429292	-0.000516346
321	2.51383e-09	1.14448	-0.224762	-1.7876e-05	0.180442	0.908856	0.00104446
322	2.51383e-09	-1.1343	-0.215201	-0.0009573	0.173526	-0.915037	0.00355871
323	2.51383e-09	0.0827554	-1.16206	0.000467731	0.920419	0.0667471	-0.00159015
324	2.51383e-09	0.0572308	-1.17806	-0.00309524	0.91946	0.0436427	-0.000702116
325	2.51383e-09	-0.757327	0.881728	-0.00256185	-0.70424	-0.601079	-0.00101608
326	2.51383e-09	1.18858	-0.0602789	0.00543344	0.0468594	0.910817	0.00253184
327	2.51383e-09	0.192382	-1.16318	0.00149544	0.908001	0.15056	0.000185087
328	2.51383e-09	0.517165	1.01904	0.00225742	-0.833909	0.42062	0.00334355
329	2.51383e-09	-1.15275	0.161205	0.000431318	-0.128954	-0.922173	-0.00097657
330	2.51383e-09	0.952614	0.655314	-0.000613755	-0.528596	0.767432	0.00157339
331	2.51383e-09	-0.174681	-1.13693	0.000109158	0.921852	-0.145543	0.0024472
332	2.51383e-09	-0.414539	-1.10493	-0.00137986	0.85946	-0.32712	0.00145946
333	2.51383e-09	-0.935958	-0.720238	-0.00212253	0.558701	-0.731697	-0.00218294
334	2.51383e-09	-1.1636	-0.195205	-0.0008737	0.154204	-0.905656	-0.00115922
335	2.51383e-09	0.961421	0.696234	0.000148416	-0.541801	0.740811	-0.000531586
336	2.51383e-09	-0.986746	-0.624982	-0.00387023	0.496347	-0.782075	-0.00131011
337	2.51383e-09	0.209171	-1.15998	0.00270255	0.905867	0.167326	-3.17446e-05
338	2.51383e-09	1.11129	-0.32302	-0.000399878	0.258748	0.89309	-0.000255313
339	2.51383e-09	1.17309	-0.127686	0.00238308	0.0998593	0.917726	-0.0036108
340	2.51383e-09	-1.15747	0.205296	-0.000548069	-0.167642	-0.909023	-0.00219303
341	2.51383e-09	0.519586	-1.06144	7.57708e-05	0.824631	0.408819	-0.0018418
342	2.51383e-09	0.231272	1.13508	0.000815403	-0.91145	0.180963	-0.00135696
343	2.51383e-09	0.882257	-0.763867	-0.000684491	0.607893	0.696154	-0.00143129
344	2.51383e-09	-0.803013	-0.871979	0.000358047	0.672502	-0.623719	-0.00128768
345	2.51383e-09	0.955553	-0.66452	-0.00350423	0.53263	0.758311	0.000733212
346	2.51383e-09	-0.875584	-0.793428	0.000828361	0.61701	-0.677561	-0.00179399
347	2.51383e-09	-0.870922	-0.787323	0.000582043	0.618407	-0.685798	-0.000956244
348	2.51383e-09	0.839223	0.825885	-0.000440702	-0.644029	0.657612	-0.00238458
349	2.51383e-09	0.476118	1.06734	-0.00253519	-0.849342	0.373256	0.00123625
350	2.51383e-09	0.697172	0.936565	-0.000629784	-0.739538	0.554334	-0.00140945
351	2.51383e-09	0.0604174	1.1957	-0.0029548	-0.912472	0.0434305	0.000520882
352	2.51383e-09	1.08508	-0.426946	-0.001741	0.340061	0.864361	0.000203713
353	2.51383e-09	0.576519	-1.0513	-0.00426067	0.801782	0.434156	-0.00102584
354	2.51383e-09	1.12934	-0.316048	-0.000608696	0.250424	0.892084	-0.00129982
355	2.51383e-09	1.14905	0.0469452	-0.00159307	-0.0365383	0.932371	-1.95519e-05
356	2.51383e-09	0.973178	0.705555	-0.00247153	-0.538968	0.73567	-0.000229242
357	2.51383e-09	-0.769844	-0.875972	-0.0012009	0.697306	-0.612293	0.000706499
358	2.51383e-09	1.06705	0.534704	0.00367646	-0.412517	0.817619	-0.000205624
359	2.51383e-09	-0.905789	-0.784157	-0.00226304	0.599245	-0.69207	-0.00124031
360	2.51383e-09	-0.863529	-0.79785	0.00129539	0.624627	-0.675745	0.000819563
361	2.51383e-09	1.06794	-0.492208	0.000598501	0.39014	0.836626	-0.00170899
362	2.51383e-09	0.479282	-1.06093	0.000785546	0.848854	0.37838	0.00148598
363	2.51383e-09	1.08452	0.47022	-0.000300944	-0.36277	0.846961	-0.00185663
364	2.51383e-09	-0.88676	0.753457	3.31719e-06	-0.597814	-0.709453	-0.000723962
365	2.51383e-09	-0.762349	-0.927417	-0.000494159	0.704766	-0.577987	-0.00073334
366	2.51383e-09	-0.872236	0.808826	-0.0016576	-0.625446	-0.670941	0.00223713
367	2.51383e-09	-0.83785	0.838795	0.00100759	-0.651011	-0.647076	-0.000150398
368	2.51383e-09	0.687544	-0.982234	0.00105064	0.747872	0.526646	0.000480753
369	2.51383e-09	0.295878	-1.15256	-0.000109979	0.884886	0.230268	-0.00156341
370	2.51383e-09	0.048116	1.19152	-0.00232174	-0.913997	0.0409537	0.00183077
371	2.51383e-09	-0.914574	0.792433	-0.000872295	-0.591346	-0.69009	-0.00151703
372	2.51383e-09	1.01702	-0.62272	-0.002849	0.478653	0.784237	-0.000849707
373	2.51383e-09	-0.553124	1.04489	0.00061948	-0.812849	-0.43184	-0.000102706
374	2.51383e-09	-0.961092	-0.743814	0.00187206	0.555109	-0.714184	0.0028596
375	2.51383e-09	1.19301	0.0601637	-0.00392441	-0.0442333	0.914074	-0.000148141
376	2.51383e-09	-0.955838	0.693962	0.000812631	-0.539746	-0.746562	0.000394915
377	2.51383e-09	-0.899197	0.778915	-0.00229466	-0.604385	-0.691232	-7.57822e-05
378	2.51383e-09	-1.1897	0.0806803	0.00144193	-0.0640631	-0.914628	0.000302937
379	2.51383e-09	1.03449	-0.5547	-0.003168	0.439239	0.816641	0.00013646
380	2.51383e-09	0.302756	-1.14933	-0.00122175	0.8846	0.234169	-0.00104557
381	2.51383e-09	-0.984238	-0.668102	-0.000247563	0.513656	-0.759215	0.00153284
382	2.51383e-09	-1.05462	0.586317	0.000985656	-0.437844	-0.794232	-0.00125516
383	2.51383e-09	-0.947772	0.699308	0.000854256	-0.542381	-0.744884	0.000660233
384	2.51383e-09	-0.449793	-1.11967	-0.00614663	0.843001	-0.33846	-0.000901605
385	2.51383e-09	-1.17439	-0.110873	-0.00197282	0.083127	-0.916108	1.58884e-05
386	2.51383e-09	-0.623828	1.02028	-5.61739e-05	-0.777324	-0.48004	-0.00249247
387	2.51383e-09	0.121409	1.19769	0.00188146	-0.90541	0.0923688	0.00328073
388	2.51383e-09	1.16659	-0.329781	0.000213538	0.24358	0.87141	0.000538045
389	2.51383e-09	-1.02567	-0.590672	-0.00417306	0.458209	-0.797378	-0.00200757
390	2.51383e-09	1.10983	0.405013	-0.00207027	-0.321597	0.863289	0.00030082
391	2.51383e-09	1.19862	0.163185	0.00198151	-0.116531	0.902294	-0.00117366
392	2.51383e-09	0.136356	1.19149	-0.00425597	-0.908331	0.105134	-0.00328898
393	2.51383e-09	-1.14785	-0.350399	0.00145467	0.269441	-0.875421	-0.000168343
394	2.51383e-09	-0.869551	0.831469	0.00138992	-0.63063	-0.657676	0.000617896
395	2.51383e-09	-0.762071	-0.916497	0.00163602	0.703351	-0.587243	0.000747473
396	2.51383e-09	0.131389	1.21649	0.000677648	-0.895396	0.0932725	-0.000417343
397	2.51383e-09	-1.07423	0.547989	0.00345182	-0.413326	-0.809922	0.00111565
398	2.51383e-09	-1.18783	-0.163159	0.000128524	0.1212	-0.905681	0.000984058
399	2.51383e-09	-0.645976	1.00424	0.000662637	-0.770145	-0.495924	0.00256907
400	2.51383e-09	0.50327	-1.08302	-0.000386067	0.8348	0.383786	7.86346e-05
