7.459000e+03
401
0	1	0.000344691	0.000213726	-3.14592e-07	9.46066e-08	4.90344e-08	-1.3392e-11
1	2.51383e-09	-0.646906	0.780111	-0.00257076	-0.760609	-0.637255	0.000575926
2	2.51383e-09	0.00603355	-0.999316	0.000432445	1.00206	-0.000616701	0.000128308
3	2.51383e-09	-0.46327	0.88597	0.00137152	-0.885708	-0.460628	-0.000327626
4	2.51383e-09	-0.948528	0.340673	-0.00166541	-0.333904	-0.938151	-0.0022232
5	2.51383e-09	0.996339	-0.0146211	-0.000776747	0.0159067	1.00168	0.000510997
6	2.51383e-09	1.00078	-0.112921	0.00296373	0.113564	0.990457	-0.000208437
7	2.51383e-09	-0.520038	-0.847679	0.000988714	0.857156	-0.524576	0.000715743
8	2.51383e-09	0.993742	0.114454	-0.000887794	-0.110053	0.993272	0.00109854
9	2.51383e-09	-1.00476	0.0748782	0.000185116	-0.0703583	-0.993034	-0.000112872
10	2.51383e-09	0.851685	0.54972	-8.09512e-05	-0.540456	0.833773	0.000714756
11	2.51383e-09	-0.434347	0.898508	-0.000179107	-0.901948	-0.433607	0.000701402
12	2.51383e-09	0.101536	1.00832	0.00177544	-0.989766	0.096631	-0.00131867
13	2.51383e-09	-0.219654	-0.982559	0.00194352	0.972252	-0.214563	0.00148629
14	2.51383e-09	-0.683441	0.744008	-0.00247557	-0.731857	-0.674255	-0.0015541
15	2.51383e-09	-0.447208	-0.891168	-1.97219e-05	0.898406	-0.447915	0.00137756
16	2.51383e-09	-0.961509	-0.266663	0.00220037	0.261139	-0.965852	3.5526e-05
17	2.51383e-09	0.600008	0.813598	-0.00192836	-0.803876	0.584493	2.87667e-05
18	2.51383e-09	-0.118665	-1.01519	0.000607586	0.982065	-0.121208	-0.000838908
19	2.51383e-09	-0.437685	0.916935	-0.00128073	-0.900043	-0.419398	0.00185238
20	2.51383e-09	0.654293	-0.795094	0.00286086	0.760007	0.626561	-0.00108859
21	2.51383e-09	0.796902	-0.616417	0.00019175	0.609044	0.788728	-0.00409419
22	2.51383e-09	-0.144358	1.01272	-0.0014304	-0.980398	-0.135991	-0.00300813
23	2.51383e-09	-0.889691	0.480345	-0.00311268	-0.469178	-0.875696	0.00139653
24	2.51383e-09	0.657768	0.757393	-0.00144353	-0.757178	0.657901	-0.000893729
25	2.51383e-09	-0.734608	-0.70399	0.000499609	0.682195	-0.717556	0.00296266
26	2.51383e-09	0.32374	0.964102	2.72332e-05	-0.939109	0.321309	0.00176596
27	2.51383e-09	-0.820545	0.574937	-0.00190674	-0.570899	-0.821093	-0.00090111
28	2.51383e-09	-0.117238	-0.999607	0.00205832	0.990479	-0.120231	-0.0014629
29	2.51383e-09	-0.477358	-0.891773	-0.000550148	0.87573	-0.471825	-0.00261632
30	2.51383e-09	-0.938982	0.373906	0.00101131	-0.369332	-0.923064	-0.00123819
31	2.51383e-09	-0.948779	0.336241	0.00189154	-0.333042	-0.940411	0.00294243
32	2.51383e-09	-0.718607	-0.709775	-0.00145004	0.697355	-0.707093	-0.00402173
33	2.51383e-09	0.328134	-0.967515	-0.000208278	0.942434	0.310586	0.000985019
34	2.51383e-09	-1.01945	0.175694	-0.00275248	-0.165817	-0.969301	-0.00125012
35	2.51383e-09	-0.882196	-0.517527	0.00181252	0.498127	-0.851695	-0.00255229
36	2.51383e-09	1.00397	0.106316	-0.00135181	-0.0991699	0.993642	0.00184345
37	2.51383e-09	0.48341	0.895035	-0.000541603	-0.871723	0.47299	-0.00219367
38	2.51383e-09	0.745946	0.667746	0.00290845	-0.66902	0.742823	0.00167343
39	2.51383e-09	-0.907948	0.441482	-0.000429559	-0.44058	-0.894582	-0.00158967
40	2.51383e-09	0.809124	-0.626469	-0.000318235	0.604123	0.77869	-0.00016604
41	2.51383e-09	0.38423	-0.939261	-0.000297764	0.918492	0.376583	-0.00313114
42	2.51383e-09	0.0802978	1.03939	0.000165155	-0.975448	0.074053	0.00300142
43	2.51383e-09	0.371289	0.941747	0.00204926	-0.927037	0.35832	0.00199904
44	2.51383e-09	-0.102837	-1.0263	-0.00119474	0.980359	-0.0974707	0.000511643
45	2.51383e-09	-0.990074	-0.235251	-0.000932168	0.232413	-0.965998	0.00219407
46	2.51383e-09	-0.106332	1.01787	-0.000209889	-0.982468	-0.0984665	0.000739356
47	2.51383e-09	0.545879	0.856868	0.00147652	-0.838561	0.532085	0.000686773
48	2.51383e-09	0.830329	-0.602385	-0.000457816	0.581064	0.79901	0.00185369
49	2.51383e-09	-0.984616	-0.21054	-0.000675782	0.209699	-0.974251	-0.00194167
50	2.51383e-09	0.29336	0.996711	-0.00028269	-0.939685	0.280595	-0.00234963
51	2.51383e-09	0.696805	0.728207	0.00129605	-0.718153	0.689499	-0.000627023
52	2.51383e-09	0.194162	1.02158	-0.00223355	-0.961514	0.182855	0.000300981
53	2.51383e-09	-0.854216	0.560362	-0.00206107	-0.543078	-0.828836	0.00143283
54	2.51383e-09	0.999585	-0.204146	0.00158722	0.197569	0.971808	0.00040316
55	2.51383e-09	0.259488	-1.0082	0.00162018	0.947627	0.242285	-0.000537801
56	2.51383e-09	-0.889496	0.495983	0.00029608	-0.487133	-0.865558	0.000597958
57	2.51383e-09	0.286145	1.00507	-0.00131472	-0.943314	0.267581	-0.00112822
58	2.51383e-09	-0.170087	1.0326	-0.00128806	-0.964648	-0.155886	0.000471072
59	2.51383e-09	0.713183	-0.744991	-0.000737584	0.707509	0.681374	-0.00360394
60	2.51383e-09	-1.02228	0.110384	-0.00151887	-0.106779	-0.981057	-0.000389774
61	2.51383e-09	-0.973006	-0.36536	0.000455971	0.345596	-0.915616	0.00335196
62	2.51383e-09	-0.529611	-0.885812	-0.000947631	0.84657	-0.504792	-0.000518763
63	2.51383e-09	-0.4042	-0.940142	0.00110838	0.910701	-0.391077	0.000534631
64	2.51383e-09	0.0328652	-1.02746	-0.000936169	0.987526	0.0254485	-0.000805459
65	2.51383e-09	1.01537	-0.135769	-0.00155783	0.12775	0.979454	-0.000153075
66	2.51383e-09	-0.799589	0.664269	0.00244477	-0.624289	-0.749903	0.000524799
67	2.51383e-09	-1.02867	0.202071	-0.00217169	-0.191022	-0.95697	9.62134e-05
68	2.51383e-09	-0.0894642	-1.02641	-0.00230141	0.981552	-0.0856467	0.00237459
69	2.51383e-09	0.233459	1.01302	0.00260156	-0.954601	0.224318	0.0025153
70	2.51383e-09	-0.668997	0.784033	-0.000272631	-0.747945	-0.638381	0.000503133
71	2.51383e-09	-0.0473244	1.0372	0.00404262	-0.979026	-0.0461999	-0.00259792
72	2.51383e-09	-0.732467	-0.769503	-0.00163679	0.699959	-0.669073	0.00155507
73	2.51383e-09	0.36098	-0.967798	-0.00159214	0.923924	0.340251	-6.62104e-06
74	2.51383e-09	0.359231	-0.995395	0.00279268	0.913046	0.334324	-0.000647921
75	2.51383e-09	-0.601294	-0.853733	-0.000322188	0.799611	-0.564666	-0.00118847
76	2.51383e-09	-0.591824	-0.860612	-0.000641687	0.809444	-0.554527	0.00277117
77	2.51383e-09	1.01313	-0.328627	-0.000526711	0.299724	0.921326	-0.000748029
78	2.51383e-09	-1.03668	0.175109	0.00311671	-0.160198	-0.957249	-1.30965e-05
79	2.51383e-09	-1.03465	0.0896276	-0.00172368	-0.0886818	-0.975381	-0.00427834
80	2.51383e-09	0.940154	0.436661	0.000920294	-0.417595	0.890878	-0.00153283
81	2.51383e-09	-0.902999	0.495992	0.000849365	-0.474604	-0.861536	0.000180451
82	2.51383e-09	0.156512	1.04177	-7.27742e-05	-0.964706	0.138946	-0.000643199
83	2.51383e-09	0.516522	-0.901041	-0.000777517	0.851672	0.484328	-0.000408539
84	2.51383e-09	0.767555	-0.710641	0.000727424	0.663226	0.715985	0.000697367
85	2.51383e-09	0.991132	-0.267467	-0.00149734	0.25678	0.953924	0.000617458
86	2.51383e-09	-0.589147	-0.861829	0.000508055	0.811375	-0.550052	0.00118481
87	2.51383e-09	1.00232	0.291875	-0.000618344	-0.279852	0.93952	0.00101054
88	2.51383e-09	-0.840013	0.604811	-0.00272798	-0.574531	-0.796911	0.00120088
89	2.51383e-09	0.725699	-0.756035	5.56211e-05	0.706585	0.677278	-0.00202531
90	2.51383e-09	-0.375123	-0.975852	0.00361882	0.914327	-0.351163	0.00184083
91	2.51383e-09	-0.365946	-0.967174	-0.0013573	0.917114	-0.351897	-0.00427244
92	2.51383e-09	-0.937687	-0.468646	0.00233348	0.436756	-0.873656	-0.000851153
93	2.51383e-09	0.844218	0.64188	0.000260678	-0.587882	0.774927	0.000227808
94	2.51383e-09	0.98755	-0.330922	0.00219678	0.309555	0.928377	0.00216281
95	2.51383e-09	0.993774	-0.286318	-0.000453444	0.27569	0.942466	-0.00100859
96	2.51383e-09	0.83984	-0.631247	0.000816633	0.586439	0.783498	0.00238553
97	2.51383e-09	1.05071	-0.118089	-0.00096752	0.114418	0.964185	0.00169247
98	2.51383e-09	0.919195	0.517203	0.00166323	-0.482046	0.848091	-0.000400334
99	2.51383e-09	0.496382	0.957343	-0.00141348	-0.85167	0.441388	-6.85647e-05
100	2.51383e-09	-1.03139	0.214391	0.0017261	-0.205	-0.953835	-0.000401999
101	2.51383e-09	0.582671	-0.847902	0.000542048	0.811753	0.561101	-0.000798966
102	2.51383e-09	0.471024	0.918768	-6.11288e-06	-0.873396	0.44856	0.00132754
103	2.51383e-09	-0.545483	0.89467	0.00266614	-0.83332	-0.511518	-0.000275127
104	2.51383e-09	-0.682575	-0.795964	0.000770503	0.73682	-0.638164	0.00145387
105	2.51383e-09	-0.117368	1.03559	-0.00100412	-0.970868	-0.111986	-0.0014689
106	2.51383e-09	-0.824637	-0.640546	-0.000504996	0.598077	-0.776075	4.29454e-05
107	2.51383e-09	-1.00068	0.356269	-0.00158181	-0.322426	-0.913895	-8.08347e-05
108	2.51383e-09	0.3807	-0.99642	-0.000912767	0.903327	0.350481	-0.000581115
109	2.51383e-09	-0.505014	-0.93718	0.0017215	0.849386	-0.462069	0.00081008
110	2.51383e-09	-0.109875	1.04625	0.00344275	-0.972013	-0.101823	0.00173752
111	2.51383e-09	0.388363	-0.994497	0.00109819	0.901872	0.346346	-0.00129649
112	2.51383e-09	0.228391	1.04242	-0.00113594	-0.944765	0.203735	6.50955e-05
113	2.51383e-09	-0.790571	-0.703502	0.000583098	0.649511	-0.724285	-0.00136232
114	2.51383e-09	0.483633	0.929693	-0.000284834	-0.866121	0.453378	0.00174147
115	2.51383e-09	-0.797422	0.708313	-0.00143228	-0.647298	-0.723214	-0.00256651
116	2.51383e-09	1.03895	-0.167291	-0.00242595	0.150176	0.962767	-0.00210028
117	2.51383e-09	1.05403	-0.0230825	0.000898357	0.0234368	0.974484	-0.000723574
118	2.51383e-09	-0.18068	-1.04687	0.000413798	0.955496	-0.164323	-0.00189389
119	2.51383e-09	-1.0455	-0.0226883	-0.00220718	0.0147253	-0.978284	-0.00297898
120	2.51383e-09	0.989945	0.362856	-0.0024668	-0.336633	0.912005	-2.28448e-05
121	2.51383e-09	0.74719	-0.750457	-0.00181457	0.687573	0.689492	-0.00165521
122	2.51383e-09	-0.429526	0.98164	-0.00142936	-0.886781	-0.385142	0.00147091
123	2.51383e-09	0.329742	0.998726	-0.00154863	-0.92362	0.30081	-0.000651144
124	2.51383e-09	0.866254	-0.646857	-0.00119947	0.574237	0.770774	-0.00120836
125	2.51383e-09	0.0856569	-1.04752	-0.0021534	0.970371	0.0844729	-0.00101928
126	2.51383e-09	-1.0489	-0.178855	0.000319832	0.158178	-0.954729	0.00153567
127	2.51383e-09	-0.971747	-0.419696	-0.00139421	0.388264	-0.889407	0.000713495
128	2.51383e-09	-0.246118	-1.03806	0.00302533	0.943214	-0.224948	2.9978e-05
129	2.51383e-09	-1.06183	-0.0401258	0.00104294	0.0376551	-0.965792	0.00150221
130	2.51383e-09	-0.515034	-0.932229	-0.000827381	0.847488	-0.465505	-0.00101428
131	2.51383e-09	0.726882	-0.809287	0.0018187	0.709386	0.641515	0.000627456
132	2.51383e-09	-0.123353	1.06858	-0.000389151	-0.955904	-0.113513	0.00281578
133	2.51383e-09	0.923099	0.538423	0.00304766	-0.490314	0.833979	0.000147065
134	2.51383e-09	0.574579	-0.876438	0.00113422	0.81806	0.536097	0.00191763
135	2.51383e-09	0.00882492	1.0517	-0.00248719	-0.976264	0.0117446	-0.000526655
136	2.51383e-09	0.742632	0.797259	-0.00247126	-0.699958	0.650834	0.000914985
137	2.51383e-09	0.172738	-1.04398	-0.00307439	0.961539	0.157562	-0.0016425
138	2.51383e-09	0.358244	0.999026	0.00069248	-0.916502	0.326086	-0.00103107
139	2.51383e-09	-0.461442	0.955475	0.00327604	-0.875167	-0.423221	-0.00106344
140	2.51383e-09	0.463451	0.978607	0.00226631	-0.86875	0.411442	0.000472103
141	2.51383e-09	-0.833059	0.674129	-0.0036492	-0.608104	-0.748281	-0.000359689
142	2.51383e-09	-1.06332	-0.16489	-0.00346795	0.154569	-0.951602	6.73499e-05
143	2.51383e-09	-0.350177	1.01923	-1.74623e-05	-0.908025	-0.314685	0.000935338
144	2.51383e-09	-1.0427	-0.302759	-0.00101685	0.266228	-0.920533	-0.00183288
145	2.51383e-09	0.155598	1.04434	-0.000769709	-0.964267	0.140868	0.000221658
146	2.51383e-09	-0.270212	1.07044	0.00374092	-0.924001	-0.230264	0.00110684
147	2.51383e-09	-0.824763	0.696112	-0.0021682	-0.623754	-0.733893	0.00204304
148	2.51383e-09	-0.708415	-0.826554	0.000507995	0.729463	-0.618384	0.000194999
149	2.51383e-09	0.55027	0.916808	-0.00159223	-0.82719	0.492065	-0.0014743
150	2.51383e-09	-0.248263	1.05044	-0.00106357	-0.934624	-0.230205	0.000218775
151	2.51383e-09	-0.946477	0.512254	2.48512e-05	-0.453745	-0.849159	-0.000566399
152	2.51383e-09	-0.133411	1.07625	0.000939839	-0.948002	-0.127636	0.000828485
153	2.51383e-09	0.383782	1.01627	0.000377058	-0.900196	0.337654	-0.000607195
154	2.51383e-09	-1.10613	0.0520648	0.00143435	-0.0456901	-0.946533	-0.000837752
155	2.51383e-09	0.0033031	1.07679	1.78705e-06	-0.965274	-0.000353633	-0.00216325
156	2.51383e-09	-1.00376	0.428337	0.00199643	-0.369993	-0.881077	-0.00218159
157	2.51383e-09	1.00504	-0.3615	-0.0009255	0.330782	0.908707	-0.000131187
158	2.51383e-09	1.09015	0.0934388	-0.00302092	-0.0774605	0.951704	-0.00338908
159	2.51383e-09	1.07362	-0.0805696	-0.000928076	0.0704299	0.959722	-0.00039065
160	2.51383e-09	0.900242	-0.592087	0.00333037	0.532223	0.802775	0.000609354
161	2.51383e-09	-1.03744	-0.339021	0.00110812	0.295049	-0.909536	0.00228018
162	2.51383e-09	0.390726	1.01324	0.00279783	-0.894871	0.345884	0.00146265
163	2.51383e-09	0.0749206	1.08258	0.000794976	-0.959298	0.0617914	-0.000135002
164	2.51383e-09	-0.472414	-0.958483	-0.000738863	0.869889	-0.424835	-0.00315891
165	2.51383e-09	1.08703	-0.142349	-0.00131969	0.120617	0.949495	0.00261071
166	2.51383e-09	-0.916427	-0.575318	0.000713027	0.50851	-0.817602	-0.00146685
167	2.51383e-09	-0.26858	1.03302	0.00463118	-0.93427	-0.253453	-0.000368058
168	2.51383e-09	0.978271	0.480995	-8.54136e-06	-0.420982	0.85931	-0.00151308
169	2.51383e-09	0.0514022	1.08218	-0.00029779	-0.959634	0.0489935	-0.00109976
170	2.51383e-09	0.00440514	-1.08766	-0.000371648	0.958712	0.0082839	0.00376404
171	2.51383e-09	0.772719	0.774226	0.00147993	-0.679164	0.673572	0.00275016
172	2.51383e-09	-0.952769	0.574086	0.00223403	-0.488649	-0.814448	-0.00219276
173	2.51383e-09	0.855675	0.702226	0.00243297	-0.60332	0.734534	-0.000768242
174	2.51383e-09	-1.09502	-0.067168	0.00183635	0.0587373	-0.954915	0.00192712
175	2.51383e-09	0.630568	0.89761	-0.00120749	-0.77893	0.547875	-0.00148558
176	2.51383e-09	-0.379127	-1.00829	-0.000781084	0.902113	-0.338934	-0.000164345
177	2.51383e-09	1.0407	0.375498	2.86976e-05	-0.324842	0.895733	0.0011662
178	2.51383e-09	-1.07113	-0.0515861	0.000102684	0.0505676	-0.964197	0.00072518
179	2.51383e-09	-0.202997	1.07419	-0.000837848	-0.941562	-0.179074	-0.00380855
180	2.51383e-09	0.633293	0.876613	0.000124183	-0.780724	0.563317	0.00310745
181	2.51383e-09	-0.00873605	1.09905	0.000150386	-0.954998	-0.0047408	-0.00202285
182	2.51383e-09	-0.793877	-0.751183	-0.00113314	0.657239	-0.695276	0.00138292
183	2.51383e-09	-1.05592	0.290474	0.000123179	-0.256974	-0.920755	0.00109764
184	2.51383e-09	0.816476	0.75076	-0.00253442	-0.643781	0.698713	0.000468317
185	2.51383e-09	-0.06468	1.09129	0.00106065	-0.955063	-0.0594229	0.00140053
186	2.51383e-09	-0.908241	0.578365	-0.00214697	-0.521723	-0.813887	-0.000502142
187	2.51383e-09	0.140544	1.0519	0.00217119	-0.964141	0.130709	0.00347958
188	2.51383e-09	-0.959681	0.55246	0.00183718	-0.476637	-0.821052	-0.000321096
189	2.51383e-09	-0.989947	-0.454484	-0.000296804	0.398881	-0.871832	-0.00243873
190	2.51383e-09	0.0925795	1.09042	0.00170295	-0.956564	0.0801793	-0.00150798
191	2.51383e-09	-0.666011	0.864599	0.00288547	-0.759852	-0.582629	-0.00119282
192	2.51383e-09	0.848687	-0.687733	-0.000677572	0.604468	0.744592	0.000767146
193	2.51383e-09	1.0771	-0.226402	-0.000293191	0.191278	0.934102	0.00224012
194	2.51383e-09	-0.42512	1.04208	-0.000976833	-0.871747	-0.357246	-0.000233079
195	2.51383e-09	1.01218	0.38806	-0.00131478	-0.349227	0.894345	-0.000907808
196	2.51383e-09	-0.596247	-0.902173	-0.00386694	0.805893	-0.531697	-0.000425976
197	2.51383e-09	0.57162	-0.925903	0.00271807	0.816188	0.502994	-0.000362855
198	2.51383e-09	-0.0222949	-1.11107	-0.000717843	0.948237	-0.0162887	0.0023457
199	2.51383e-09	-0.683539	0.859605	0.00163213	-0.744222	-0.596294	0.00226686
200	2.51383e-09	1.06773	0.296602	-0.00180157	-0.252266	0.917803	0.000499885
201	2.51383e-09	0.738124	0.823775	0.00182629	-0.707042	0.634033	-0.00200002
202	2.51383e-09	0.917898	-0.606054	-0.00201085	0.520558	0.796087	-0.00126804
203	2.51383e-09	0.792253	0.742772	0.0013053	-0.657424	0.69978	0.00105255
204	2.51383e-09	1.08784	-0.207782	-0.00111911	0.172122	0.934723	-0.000912604
205	2.51383e-09	-0.608735	-0.950538	0.00105397	0.791159	-0.508988	-0.000499098
206	2.51383e-09	0.280435	-1.0555	0.00267474	0.924269	0.249273	-0.00048848
207	2.51383e-09	0.0551736	-1.11479	0.0010908	0.944393	0.0454911	8.18787e-05
208	2.51383e-09	0.00529417	1.09746	-0.00214823	-0.954447	0.00496193	-0.000181247
209	2.51383e-09	-1.09298	-0.123822	0.0012855	0.103936	-0.9486	0.00231021
210	2.51383e-09	0.367699	-1.03933	0.000165442	0.898027	0.315417	0.00169492
211	2.51383e-09	-0.419373	-1.01831	0.00150587	0.881263	-0.358295	0.000924049
212	2.51383e-09	-1.10698	-0.141257	-0.000378676	0.117105	-0.937249	-0.0021457
213	2.51383e-09	-0.14399	1.09662	-0.0024817	-0.94299	-0.126355	0.000923633
214	2.51383e-09	-1.08272	0.200696	-0.000641719	-0.166795	-0.935881	0.0014253
215	2.51383e-09	-0.350693	-1.06116	0.00383881	0.895139	-0.299302	-0.000270479
216	2.51383e-09	-0.468409	-1.00904	-0.000499757	0.862031	-0.401807	-0.000491738
217	2.51383e-09	1.10477	-0.180635	0.00127957	0.151739	0.933339	0.000280723
218	2.51383e-09	0.98817	0.421241	-1.82435e-05	-0.379014	0.890634	0.00192378
219	2.51383e-09	0.0756901	1.12051	-0.000533801	-0.941945	0.0669623	0.000154656
220	2.51383e-09	1.11451	0.0435292	0.000863439	-0.0346156	0.947365	-0.00216472
221	2.51383e-09	-0.739299	0.797303	-0.00183125	-0.703888	-0.654387	-0.000922624
222	2.51383e-09	1.08783	0.243956	0.00104391	-0.203106	0.924905	0.00251743
223	2.51383e-09	-0.758321	0.805631	-0.0016148	-0.690094	-0.654464	0.000546256
224	2.51383e-09	-0.751881	0.789946	-0.000237726	-0.693486	-0.664402	0.000110033
225	2.51383e-09	-0.752545	-0.831648	-0.000931663	0.697374	-0.633036	-0.000537933
226	2.51383e-09	-0.859777	0.711869	0.00294162	-0.601789	-0.731532	0.000963467
227	2.51383e-09	-0.578995	0.940926	0.00177245	-0.811803	-0.496771	-0.000501334
228	2.51383e-09	-1.11593	-0.0600006	0.00139341	0.0524152	-0.94448	0.000472275
229	2.51383e-09	-0.387654	-1.05774	0.00141932	0.883539	-0.328378	-0.00285975
230	2.51383e-09	0.600046	-0.964335	-0.00145421	0.800926	0.492446	0.00085116
231	2.51383e-09	0.0836278	-1.12267	0.00532355	0.93993	0.0754057	0.00253379
232	2.51383e-09	0.564977	-0.944149	-0.000589266	0.822064	0.484712	0.00190721
233	2.51383e-09	0.801435	-0.772433	-0.00198584	0.663242	0.677271	0.000220631
234	2.51383e-09	1.09319	0.253605	-0.000658649	-0.213667	0.919246	-0.0017381
235	2.51383e-09	-1.09202	0.185127	-0.00352605	-0.157002	-0.939435	-0.00161984
236	2.51383e-09	-1.12556	-0.105989	0.00122588	0.0860637	-0.935397	-0.000464248
237	2.51383e-09	-1.05346	0.364151	0.00128164	-0.309855	-0.89075	-0.000264083
238	2.51383e-09	-0.86194	-0.747901	-0.00052903	0.620041	-0.701452	0.000214941
239	2.51383e-09	0.788382	-0.773291	0.000459362	0.667888	0.680403	-0.00337143
240	2.51383e-09	-0.327255	-1.06998	-0.000517633	0.908026	-0.272103	0.0009352
241	2.51383e-09	-0.923424	0.6147	0.000885606	-0.530053	-0.792484	0.000230631
242	2.51383e-09	0.697923	0.917215	-0.00337818	-0.740845	0.566073	0.00103082
243	2.51383e-09	1.05162	-0.397551	-0.00116029	0.33043	0.882984	-0.00243862
244	2.51383e-09	1.01408	0.501476	-0.0022694	-0.416824	0.845232	-0.00171083
245	2.51383e-09	0.887073	-0.689034	-0.00481645	0.579973	0.745098	-0.00164481
246	2.51383e-09	-0.358595	-1.06101	-0.00222732	0.895556	-0.303881	-0.000993452
247	2.51383e-09	0.195674	1.07959	0.0013989	-0.942661	0.167389	-3.47663e-05
248	2.51383e-09	-1.08844	0.295764	0.00243279	-0.248425	-0.906646	0.00113624
249	2.51383e-09	0.911971	0.652722	-0.0012925	-0.54536	0.772099	2.73474e-05
250	2.51383e-09	-1.1281	-0.0475701	-0.00184676	0.0380284	-0.9407	-0.00118929
251	2.51383e-09	-0.13322	1.11731	-0.000384765	-0.938332	-0.108672	-0.00149346
252	2.51383e-09	1.12004	0.0461539	0.00126183	-0.0383304	0.943579	-0.000978292
253	2.51383e-09	0.584308	0.981399	-0.00237654	-0.800589	0.481953	0.00156898
254	2.51383e-09	0.65846	-0.910825	-0.0014091	0.765104	0.55356	0.00207574
255	2.51383e-09	-1.12595	-0.149663	-3.3734e-05	0.124148	-0.930106	-0.000567508
256	2.51383e-09	1.08632	0.329304	0.00126899	-0.27873	0.899028	0.000346177
257	2.51383e-09	-0.481959	-1.01335	0.00288167	0.854142	-0.402618	-0.000791317
258	2.51383e-09	0.622443	-0.946773	-0.00424362	0.784098	0.514232	-0.00131582
259	2.51383e-09	-0.963706	-0.590054	-0.00146387	0.493348	-0.800514	0.000131104
260	2.51383e-09	-0.908534	-0.667435	-0.000450926	0.553723	-0.76117	0.00374023
261	2.51383e-09	-1.12064	0.248837	-0.000284243	-0.201619	-0.910975	0.00105885
262	2.51383e-09	-1.11697	0.0933068	-0.00518562	-0.0779441	-0.938175	0.000346827
263	2.51383e-09	0.819132	-0.794553	-0.00110148	0.647793	0.676393	0.00141422
264	2.51383e-09	1.03062	-0.447794	0.000520616	0.37857	0.86509	-0.000608447
265	2.51383e-09	0.177462	1.13394	0.00111087	-0.922007	0.148209	-0.000116832
266	2.51383e-09	1.1208	0.179849	-0.00023225	-0.148658	0.927419	-0.000295141
267	2.51383e-09	-1.09373	0.228565	0.0024998	-0.190891	-0.929428	0.000813129
268	2.51383e-09	-0.916793	0.660084	0.00109632	-0.550638	-0.767044	0.0018657
269	2.51383e-09	-1.00693	-0.554127	-0.00115697	0.451542	-0.813999	0.00218595
270	2.51383e-09	0.885738	0.710153	-0.00105251	-0.586736	0.732922	0.00108959
271	2.51383e-09	0.884901	-0.718067	0.00209253	0.591748	0.728262	-0.000511273
272	2.51383e-09	-0.890141	0.709539	0.00298234	-0.585143	-0.733054	-0.000410605
273	2.51383e-09	1.10519	-0.303637	0.00314653	0.246043	0.900358	0.000484637
274	2.51383e-09	0.681337	-0.898921	-0.00105778	0.747589	0.566407	-0.00178835
275	2.51383e-09	-1.04649	0.446718	-0.00171735	-0.36606	-0.860746	0.00201058
276	2.51383e-09	0.313664	-1.09186	0.000977031	0.905049	0.259354	-0.000218462
277	2.51383e-09	1.08872	0.332143	0.00016453	-0.265738	0.900533	0.00354402
278	2.51383e-09	-0.0858143	1.14913	0.00208544	-0.928913	-0.0661939	0.000115014
279	2.51383e-09	-1.16386	-0.0794359	0.0011156	0.0614918	-0.923138	-7.39549e-05
280	2.51383e-09	1.12792	-0.303785	0.00120878	0.238326	0.891016	-0.00099163
281	2.51383e-09	-1.07556	0.36692	0.000697624	-0.303425	-0.888678	-0.000583335
282	2.51383e-09	1.11354	-0.276703	-0.00045343	0.226245	0.905941	-0.00259362
283	2.51383e-09	0.831764	0.784471	0.000209997	-0.641436	0.676387	0.00234087
284	2.51383e-09	-0.385139	-1.0956	0.00145662	0.873126	-0.311618	0.00135769
285	2.51383e-09	0.0213034	-1.15065	0.000850984	0.930379	0.0154455	0.000155268
286	2.51383e-09	-0.434289	-1.04249	0.000239089	0.868455	-0.363172	0.00147421
287	2.51383e-09	0.686263	0.911423	-0.000227789	-0.746939	0.561701	0.0012816
288	2.51383e-09	0.73316	-0.895544	0.000135023	0.722204	0.586516	-0.00159339
289	2.51383e-09	0.733743	0.899646	0.00372065	-0.718611	0.583161	-0.00075175
290	2.51383e-09	1.04389	-0.467256	-0.00105653	0.385092	0.851402	0.00259798
291	2.51383e-09	-0.366126	-1.08647	0.00337452	0.884409	-0.300154	-8.63662e-06
292	2.51383e-09	-0.338716	1.09187	-0.00199906	-0.893789	-0.276026	-0.000128806
293	2.51383e-09	-0.779925	0.826286	0.0015411	-0.683727	-0.641866	-0.00208637
294	2.51383e-09	1.07112	0.466109	0.00299137	-0.369761	0.848292	-0.00444264
295	2.51383e-09	0.713428	0.889686	-0.000731224	-0.731257	0.581958	-0.00195732
296	2.51383e-09	-0.284096	1.12052	-0.00369681	-0.902301	-0.229939	0.00235842
297	2.51383e-09	-0.170776	-1.13496	0.00050503	0.923277	-0.137624	0.00142349
298	2.51383e-09	-1.09606	-0.353419	0.000523834	0.292292	-0.885281	-0.0022733
299	2.51383e-09	0.598851	1.00946	0.000501484	-0.796148	0.461991	0.000681065
300	2.51383e-09	1.14688	-0.222957	-0.00430601	0.178805	0.906452	-0.00146121
301	2.51383e-09	0.129659	1.15133	-0.00241011	-0.922317	0.0962759	-0.000782344
302	2.51383e-09	-0.367259	-1.0919	-0.00287609	0.888068	-0.29512	0.00370304
303	2.51383e-09	-0.598205	0.985121	3.24392e-05	-0.794774	-0.48412	-0.00201763
304	2.51383e-09	0.482475	-1.05653	0.00160266	0.842565	0.387563	0.000578148
305	2.51383e-09	-0.997385	0.555166	-0.00244183	-0.456977	-0.817921	0.00011852
306	2.51383e-09	-1.13207	-0.205638	-0.00198463	0.165734	-0.917797	0.000539336
307	2.51383e-09	1.1531	0.0985331	-4.62992e-05	-0.0830753	0.926938	-0.00253849
308	2.51383e-09	1.16977	-0.0689663	0.000539227	0.060262	0.921574	0.000403477
309	2.51383e-09	1.14769	-0.0469961	-0.0010729	0.0389915	0.931971	-0.00132882
310	2.51383e-09	0.95138	0.657076	0.00102566	-0.527051	0.768311	-0.00103618
311	2.51383e-09	-1.13746	0.231592	-0.000601146	-0.188637	-0.907191	-0.00210093
312	2.51383e-09	-0.916336	0.72364	0.00143066	-0.574199	-0.724427	-0.00143545
313	2.51383e-09	-0.830976	0.798044	0.00300699	-0.645885	-0.669788	-0.00215372
314	2.51383e-09	0.0712591	-1.14434	-0.00164323	0.932413	0.0560534	0.000219817
315	2.51383e-09	-0.2548	1.14039	-0.00188368	-0.903824	-0.200618	-0.000221734
316	2.51383e-09	-0.664244	-0.957841	-0.00172574	0.764159	-0.524137	-0.00182054
317	2.51383e-09	-1.14594	0.15112	0.00212727	-0.122723	-0.923606	0.00205735
318	2.51383e-09	0.442247	1.06779	0.00203961	-0.861528	0.355153	-0.00163967
319	2.51383e-09	1.10843	0.370724	-0.000430233	-0.290719	0.877871	0.00261654
320	2.51383e-09	1.1477	0.252218	0.000437726	-0.200828	0.902372	4.77011e-05
321	2.51383e-09	0.681753	0.952056	-0.000493588	-0.748807	0.539856	-0.000246565
322	2.51383e-09	0.476695	1.05486	0.00165205	-0.848381	0.381384	0.00203541
323	2.51383e-09	0.742179	-0.900025	-6.53651e-05	0.710048	0.591229	-0.000385883
324	2.51383e-09	0.684135	-0.96196	-0.000975075	0.749858	0.533048	-0.0009999
325	2.51383e-09	0.109935	1.14859	0.0010189	-0.926614	0.0957696	-0.00228132
326	2.51383e-09	-1.14249	-0.24615	0.00145481	0.195615	-0.905876	-0.00232707
327	2.51383e-09	1.14363	0.261283	0.000453014	-0.20567	0.901243	0.00219789
328	2.51383e-09	0.852802	-0.76303	-0.00063988	0.62716	0.692044	-0.00181184
329	2.51383e-09	1.06277	-0.551497	-0.000142104	0.422043	0.804829	0.000505924
330	2.51383e-09	0.549226	1.01877	0.0007996	-0.821303	0.435022	-0.000415665
331	2.51383e-09	-1.14904	0.00285833	0.00250106	-0.000610133	-0.933233	-0.00124086
332	2.51383e-09	-1.05913	-0.510436	0.000863878	0.401401	-0.829906	-0.000447511
333	2.51383e-09	0.367739	-1.1304	-0.00250061	0.871044	0.28374	-0.00141347
334	2.51383e-09	-1.03667	-0.560952	0.00170311	0.441473	-0.805159	0.00106924
335	2.51383e-09	0.330971	1.13032	-0.0023829	-0.885826	0.259536	0.000593034
336	2.51383e-09	-1.00644	-0.598994	0.00251707	0.471045	-0.79535	6.08944e-05
337	2.51383e-09	-0.283137	-1.14586	-0.00057425	0.894924	-0.216813	0.00183766
338	2.51383e-09	0.917295	0.724243	0.000647523	-0.573169	0.726191	-0.00294085
339	2.51383e-09	1.12361	-0.368315	0.00611055	0.286161	0.876241	0.000485124
340	2.51383e-09	0.98732	-0.654124	-0.00207702	0.5057	0.764623	-0.000871009
341	2.51383e-09	-1.11677	0.386145	-0.00137008	-0.300855	-0.867612	0.000590149
342	2.51383e-09	-0.0448666	1.16479	0.000672969	-0.925397	-0.0364696	0.000378028
343	2.51383e-09	-1.13371	0.209508	-0.00234622	-0.16647	-0.918086	0.000495979
344	2.51383e-09	-1.08246	0.456123	-0.000684737	-0.363036	-0.850642	-0.000134462
345	2.51383e-09	1.02207	0.566955	-0.00245762	-0.446858	0.809767	-0.000180894
346	2.51383e-09	0.502285	-1.0603	0.00159448	0.831145	0.39837	-0.00198266
347	2.51383e-09	0.206361	1.1563	-0.00176246	-0.908673	0.153682	0.00145572
348	2.51383e-09	0.695349	0.950948	0.00406842	-0.741852	0.545124	-0.00106317
349	2.51383e-09	-0.164209	-1.16778	0.00266266	0.908858	-0.129695	0.00151778
350	2.51383e-09	-1.04084	-0.540464	-0.00217722	0.428809	-0.818846	-0.00114618
351	2.51383e-09	1.17598	0.160131	0.00132347	-0.121706	0.911286	5.58765e-05
352	2.51383e-09	1.17518	0.0508296	0.000222864	-0.0365043	0.92242	-0.00172291
353	2.51383e-09	-1.17768	-0.179391	0.00420801	0.136512	-0.908115	0.000927719
354	2.51383e-09	-1.1786	0.149637	0.000754076	-0.114583	-0.908584	0.00241258
355	2.51383e-09	-1.15364	-0.0188634	-0.00263467	0.014972	-0.929878	0.00222013
356	2.51383e-09	0.125205	-1.19238	-0.00083682	0.908989	0.0961315	0.000379523
357	2.51383e-09	-0.434899	-1.10004	-0.00016724	0.853072	-0.340116	-0.00146655
358	2.51383e-09	0.886821	0.804797	0.00113111	-0.615308	0.676049	0.00261224
359	2.51383e-09	1.16125	0.299379	-0.00296542	-0.228903	0.882362	0.00198309
360	2.51383e-09	0.130742	1.16433	0.000817188	-0.917877	0.105457	0.000490633
361	2.51383e-09	-0.711032	0.929371	0.000575551	-0.733653	-0.56251	-0.00150821
362	2.51383e-09	0.99467	0.634425	0.00159514	-0.494973	0.775389	0.000764718
363	2.51383e-09	-0.617828	-1.00493	-0.000877754	0.787628	-0.478915	0.00174012
364	2.51383e-09	-1.04803	0.503367	0.000498426	-0.404342	-0.835321	0.000615298
365	2.51383e-09	-0.954756	0.725773	0.00219291	-0.55302	-0.726608	0.00138152
366	2.51383e-09	-0.829067	0.845848	-0.00151501	-0.655711	-0.64361	-0.00174778
367	2.51383e-09	0.645709	0.998085	-0.00077594	-0.767993	0.502721	-0.00171152
368	2.51383e-09	1.19596	-0.00238238	-0.000675638	0.00358854	0.916209	-0.000593862
369	2.51383e-09	1.17776	0.200736	0.000633521	-0.156453	0.899922	0.000969926
370	2.51383e-09	-0.915997	0.753592	-0.000909176	-0.58617	-0.708199	-0.000885514
371	2.51383e-09	-0.786711	-0.911925	-0.000731188	0.690387	-0.59608	-0.000980844
372	2.51383e-09	1.14861	0.321797	-0.00286037	-0.248129	0.883125	-0.0011628
373	2.51383e-09	-1.11567	0.401982	-0.00130797	-0.30945	-0.86527	0.00240338
374	2.51383e-09	0.1778	1.19346	-0.00233299	-0.900701	0.137993	-0.0022199
375	2.51383e-09	-0.784912	-0.889882	5.69843e-05	0.690205	-0.606912	0.000596747
376	2.51383e-09	0.77821	0.898115	8.09787e-05	-0.692356	0.601466	-0.000449097
377	2.51383e-09	0.630776	1.00492	0.00242083	-0.78041	0.487338	0.000795704
378	2.51383e-09	0.593441	1.0418	9.68027e-05	-0.795288	0.448325	-0.000972042
379	2.51383e-09	0.040233	-1.17421	0.0018821	0.923022	0.0384117	0.00175695
380	2.51383e-09	-1.1697	-0.183243	0.000892173	0.138128	-0.909662	-0.000322383
381	2.51383e-09	-1.12988	0.385379	-0.000111247	-0.292767	-0.86635	-0.000274898
382	2.51383e-09	0.506665	-1.0774	-0.00244958	0.830251	0.392228	-0.00104375
383	2.51383e-09	-0.467097	-1.06946	0.000318339	0.848119	-0.37629	0.000334805
384	2.51383e-09	1.03063	-0.636049	-0.00263431	0.474062	0.772028	-8.97527e-05
385	2.51383e-09	-1.16515	-0.246132	0.000622497	0.190571	-0.894763	0.000312022
386	2.51383e-09	-0.519789	-1.07244	0.00011649	0.824466	-0.400213	-0.00256636
387	2.51383e-09	-0.964927	0.719616	-0.000612448	-0.545167	-0.728465	0.00286008
388	2.51383e-09	0.281485	1.16464	0.000213844	-0.89136	0.209386	0.00112665
389	2.51383e-09	0.676787	0.971727	-0.000846279	-0.75633	0.523341	0.00344153
390	2.51383e-09	0.948104	-0.715675	0.00357575	0.549405	0.733597	-0.00138381
391	2.51383e-09	-1.12204	-0.436533	-0.00250968	0.334554	-0.848936	-0.000298977
392	2.51383e-09	0.7293	0.952964	0.00238423	-0.726697	0.554533	-0.00407189
393	2.51383e-09	-0.163021	1.20501	0.00191705	-0.895887	-0.125662	0.00166584
394	2.51383e-09	-1.14896	0.364781	0.000911178	-0.274705	-0.866492	0.0015602
395	2.51383e-09	-0.603918	-1.03265	-0.000859125	0.787352	-0.465075	0.0010232
396	2.51383e-09	-1.1817	0.254073	0.00133723	-0.186732	-0.889194	7.07019e-07
397	2.51383e-09	1.19776	0.0415316	-0.00265022	-0.0313125	0.914303	-0.00148184
398	2.51383e-09	-0.0396714	-1.202	-0.000159586	0.913356	-0.033839	0.00152571
399	2.51383e-09	-1.02767	0.617626	-0.00180666	-0.472395	-0.781707	0.00143296
400	2.51383e-09	0.141012	-1.18304	-0.00112314	0.912242	0.10516	-0.000333616
