2.334001e+03
401
0	1	0.000107854	6.68295e-05	-9.84639e-08	6.45741e-08	3.19658e-08	-9.06183e-11
1	2.51383e-09	-0.650826	0.768068	-0.000334343	-0.758979	-0.645123	5.8843e-05
2	2.51383e-09	-0.275233	0.967257	0.00121751	-0.957163	-0.272999	-0.00108012
3	2.51383e-09	0.927951	-0.379257	-0.000311205	0.375869	0.924737	0.00133768
4	2.51383e-09	0.193596	0.977901	0.000471423	-0.983611	0.193531	0.000614313
5	2.51383e-09	0.788372	0.621094	-0.00202458	-0.617536	0.783781	0.000656642
6	2.51383e-09	0.589768	0.817211	-0.00137362	-0.805942	0.583877	-0.000416013
7	2.51383e-09	-0.83474	-0.551034	0.000656492	0.552024	-0.832973	-0.000229515
8	2.51383e-09	0.694607	0.724904	0.00031594	-0.717588	0.691485	0.000609306
9	2.51383e-09	0.863231	-0.498476	-2.07864e-05	0.500391	0.869048	0.000713714
10	2.51383e-09	0.963586	-0.280183	-0.000287297	0.27926	0.956509	-0.000772525
11	2.51383e-09	-0.980526	0.210546	0.00113005	-0.210818	-0.976405	-0.000118407
12	2.51383e-09	0.971762	0.28452	-0.000615009	-0.276674	0.953999	-0.00110777
13	2.51383e-09	-0.947566	-0.336106	0.00203452	0.330707	-0.94332	-0.00127749
14	2.51383e-09	-0.23039	-0.975848	-0.000938552	0.975035	-0.230371	-0.000226119
15	2.51383e-09	0.62076	0.800765	-0.00157871	-0.782762	0.606816	0.00052365
16	2.51383e-09	-0.567524	-0.82372	0.000682364	0.822787	-0.566799	0.000803924
17	2.51383e-09	0.140171	-0.991934	0.00116907	0.989052	0.141654	0.00151878
18	2.51383e-09	0.112331	1.01251	-0.00102105	-0.982903	0.106171	-0.000770738
19	2.51383e-09	0.194121	0.994795	-0.000193455	-0.976328	0.190785	0.00158245
20	2.51383e-09	0.700682	-0.748078	0.00121928	0.719881	0.675778	-0.00085523
21	2.51383e-09	0.977857	-0.260036	0.000349429	0.250438	0.963022	0.00169855
22	2.51383e-09	0.996059	0.18117	0.00148639	-0.181325	0.977969	-0.000204022
23	2.51383e-09	-0.707011	-0.723442	-4.36739e-05	0.714561	-0.693235	0.00139428
24	2.51383e-09	0.916287	-0.437509	0.00069674	0.424793	0.897485	-0.000533686
25	2.51383e-09	0.302872	0.969851	-0.00266497	-0.947668	0.295626	0.00145948
26	2.51383e-09	-0.345301	0.943364	0.000947015	-0.938904	-0.341232	-0.000205261
27	2.51383e-09	1.00269	-0.136251	0.000859803	0.127476	0.984253	-0.00167762
28	2.51383e-09	-0.52863	-0.868607	0.00181769	0.846241	-0.514244	0.000790898
29	2.51383e-09	0.383909	0.947891	0.00168917	-0.914884	0.370433	0.00154538
30	2.51383e-09	1.00768	-0.102722	0.00147578	0.102832	0.987881	-0.00178177
31	2.51383e-09	0.963334	0.296481	-0.000927988	-0.293076	0.952616	0.000831847
32	2.51383e-09	-0.659828	0.764402	-0.00045184	-0.753333	-0.650792	-0.000854422
33	2.51383e-09	0.597679	0.829824	-0.000720966	-0.802404	0.577167	0.00151407
34	2.51383e-09	-1.01398	0.151009	0.000136732	-0.146555	-0.977492	0.00166999
35	2.51383e-09	0.866917	0.538159	0.00133523	-0.519269	0.841129	0.000382338
36	2.51383e-09	-0.57254	-0.841832	-0.00113626	0.819597	-0.557062	0.00043708
37	2.51383e-09	-0.669809	0.769933	-2.20963e-05	-0.749303	-0.645581	8.79006e-05
38	2.51383e-09	-1.01026	0.0356565	0.00102119	-0.0370601	-0.993507	0.000615221
39	2.51383e-09	-0.539923	0.866095	0.000658238	-0.836952	-0.523773	0.0015271
40	2.51383e-09	-0.297112	0.963431	-0.00139412	-0.952079	-0.295717	-0.000592893
41	2.51383e-09	0.0414227	1.01455	0.00190193	-0.991895	0.0394541	-0.000935028
42	2.51383e-09	-0.177199	1.01404	0.000173338	-0.970426	-0.170605	0.0012959
43	2.51383e-09	0.938569	0.408831	0.000410757	-0.395831	0.904205	-0.00081466
44	2.51383e-09	0.52458	0.886811	-2.46274e-05	-0.846367	0.501512	-0.000283101
45	2.51383e-09	0.0202382	1.03057	-2.82205e-05	-0.983064	0.0197394	0.00130094
46	2.51383e-09	-0.993208	-0.262073	-0.00128352	0.250016	-0.955364	-0.000357082
47	2.51383e-09	-0.806896	0.616787	0.000815996	-0.603665	-0.788117	-7.00887e-05
48	2.51383e-09	-0.943298	-0.389511	0.000169511	0.37751	-0.915894	-0.000827323
49	2.51383e-09	-1.00155	-0.23222	-0.000670101	0.225305	-0.959801	-0.000689394
50	2.51383e-09	-0.775284	0.67138	-0.00177997	-0.64724	-0.745869	0.00163252
51	2.51383e-09	0.797156	0.636557	0.000128724	-0.616072	0.777084	-0.000845388
52	2.51383e-09	0.962833	-0.369402	-0.000197861	0.353421	0.920665	-0.00149871
53	2.51383e-09	1.02162	-0.0929648	-0.00179827	0.0843824	0.983773	-0.000662168
54	2.51383e-09	0.194143	1.0012	-0.000396058	-0.972914	0.185879	-0.00111641
55	2.51383e-09	-0.94745	0.422295	-0.000284574	-0.397661	-0.896245	0.000169053
56	2.51383e-09	0.866043	0.555594	-0.00181963	-0.535919	0.826438	0.000897012
57	2.51383e-09	-0.368874	0.966504	-0.000582543	-0.92011	-0.348092	0.0011126
58	2.51383e-09	-0.131813	-1.02723	-9.44764e-05	0.974463	-0.122581	-0.00153529
59	2.51383e-09	-0.308136	0.971411	1.47007e-05	-0.946811	-0.295813	-0.00103622
60	2.51383e-09	0.112721	-1.01731	-0.00073591	0.982153	0.105539	0.00270054
61	2.51383e-09	-0.205434	-1.02087	0.000478734	0.961816	-0.188135	-0.000450505
62	2.51383e-09	0.443363	0.926423	-0.0008661	-0.89097	0.428399	-0.000626898
63	2.51383e-09	-1.00629	-0.211827	0.00107022	0.200145	-0.965651	0.000343061
64	2.51383e-09	0.260567	0.994788	0.00145909	-0.951972	0.250882	-0.000619956
65	2.51383e-09	-1.01678	0.193089	-0.00161613	-0.180936	-0.965638	-0.00141682
66	2.51383e-09	-0.147795	1.0191	0.00303186	-0.97547	-0.138116	-8.51933e-05
67	2.51383e-09	0.513592	-0.901928	-0.00120181	0.852211	0.486515	0.00168537
68	2.51383e-09	0.487414	-0.908238	0.00252665	0.866802	0.46749	0.000234807
69	2.51383e-09	1.00265	0.26088	-0.0005192	-0.249874	0.949152	0.00102221
70	2.51383e-09	0.622694	-0.823159	0.000525167	0.785556	0.592389	-0.000442754
71	2.51383e-09	0.941078	0.437606	0.00104031	-0.41268	0.891054	-0.000374469
72	2.51383e-09	-0.693373	-0.789127	-0.000562104	0.72783	-0.64868	0.000540858
73	2.51383e-09	1.02331	0.168677	0.000122078	-0.158182	0.967289	8.79967e-05
74	2.51383e-09	-0.859799	0.578785	0.000204307	-0.544707	-0.816355	-0.00226173
75	2.51383e-09	-1.02947	0.0786338	-0.00104508	-0.0760495	-0.981898	0.000351106
76	2.51383e-09	-0.8509	-0.604047	0.000471257	0.570074	-0.796776	0.000753315
77	2.51383e-09	-0.434486	-0.951569	-0.000861161	0.890158	-0.40625	-0.000549254
78	2.51383e-09	-0.994784	0.310925	0.000392676	-0.291097	-0.933716	0.000185984
79	2.51383e-09	1.02454	0.10012	0.000115296	-0.0958552	0.979825	-0.0010038
80	2.51383e-09	-0.162622	-1.03566	-0.00134704	0.962399	-0.151527	-0.00125983
81	2.51383e-09	-0.110023	1.03745	-0.00141169	-0.973541	-0.099564	-0.000660457
82	2.51383e-09	-1.04086	0.0480023	5.38229e-05	-0.0488295	-0.980364	-0.000145655
83	2.51383e-09	0.555726	0.884296	0.00229817	-0.829318	0.518263	-0.000707816
84	2.51383e-09	-0.0650056	1.03568	-0.00056247	-0.980547	-0.065505	-0.00168569
85	2.51383e-09	0.497415	-0.907151	-0.00162278	0.863094	0.471171	-0.00111672
86	2.51383e-09	0.599914	0.854178	5.56756e-05	-0.79893	0.565758	-0.000510756
87	2.51383e-09	0.973057	-0.359711	-0.000682204	0.339859	0.920672	0.000423263
88	2.51383e-09	-0.482785	-0.923431	-0.00079125	0.868256	-0.451035	-0.00199611
89	2.51383e-09	-0.90453	0.547824	0.00031231	-0.501129	-0.833876	-0.000313847
90	2.51383e-09	0.98435	0.350568	0.00132689	-0.328571	0.921324	0.00019998
91	2.51383e-09	-0.949446	-0.446352	0.000632909	0.415808	-0.88142	-0.000747409
92	2.51383e-09	0.028566	1.05372	-0.000863459	-0.973409	0.0279984	0.000280629
93	2.51383e-09	0.652759	-0.83292	0.00105776	0.762668	0.599652	-0.00199455
94	2.51383e-09	-0.828146	-0.649079	0.000166888	0.601016	-0.765987	0.00155909
95	2.51383e-09	0.434962	0.946652	0.000307877	-0.892191	0.408728	-0.00071211
96	2.51383e-09	0.939513	-0.481994	-0.00145057	0.441102	0.866818	-0.000164267
97	2.51383e-09	-0.895137	0.544994	-0.00325378	-0.504172	-0.838258	-0.00252746
98	2.51383e-09	1.04688	-0.132608	0.00127635	0.125331	0.967322	-0.000766211
99	2.51383e-09	0.922745	-0.520107	-0.000129154	0.478244	0.845679	-0.000322244
100	2.51383e-09	-0.944768	-0.469224	-0.000151777	0.430611	-0.87112	-0.000304461
101	2.51383e-09	0.100162	-1.03118	-0.00079666	0.977077	0.0983805	-0.000396932
102	2.51383e-09	-0.081966	-1.03366	-0.000996164	0.980495	-0.0786948	0.00129126
103	2.51383e-09	0.125353	1.04609	0.000817784	-0.96731	0.113268	0.000226452
104	2.51383e-09	-0.997055	-0.353891	-0.00131653	0.319831	-0.917473	0.000182959
105	2.51383e-09	-0.860449	-0.586391	-0.000302263	0.5558	-0.811353	-0.000256817
106	2.51383e-09	-0.545913	0.894861	-0.000230482	-0.835056	-0.509496	0.0018843
107	2.51383e-09	0.570812	-0.884738	-0.000241825	0.820578	0.525824	-0.000195246
108	2.51383e-09	-0.938349	0.499904	0.00164244	-0.45692	-0.855392	-0.000185526
109	2.51383e-09	-0.26213	-1.02478	0.000534009	0.942113	-0.239936	0.000358768
110	2.51383e-09	-1.02257	-0.281319	0.0019241	0.257938	-0.93415	0.000191395
111	2.51383e-09	-0.942256	0.502603	0.00119842	-0.45814	-0.851511	-0.000169478
112	2.51383e-09	-0.0661412	1.05507	0.00117465	-0.970357	-0.0602179	0.000725623
113	2.51383e-09	-0.150764	-1.04991	-0.000738582	0.960337	-0.137983	-0.00179302
114	2.51383e-09	0.964717	-0.426653	-0.000573743	0.393561	0.889971	-0.000726021
115	2.51383e-09	0.431822	-0.971693	0.000932617	0.886878	0.390527	-0.00281259
116	2.51383e-09	0.153117	-1.03641	-0.000940604	0.967177	0.145629	-0.000180788
117	2.51383e-09	-0.844552	-0.632301	-0.000818213	0.584632	-0.779416	-0.00079732
118	2.51383e-09	0.928489	0.526809	0.00238825	-0.478486	0.840434	-0.000156956
119	2.51383e-09	-0.471528	0.949031	-0.000130923	-0.868448	-0.434094	-0.000669478
120	2.51383e-09	0.0707616	-1.06136	-2.86481e-05	0.96721	0.0681145	-0.000844865
121	2.51383e-09	-1.0624	-0.0777101	0.000124109	0.0666573	-0.96822	0.000969032
122	2.51383e-09	-1.04834	0.152929	0.000112238	-0.137073	-0.960879	0.00073859
123	2.51383e-09	0.798693	-0.688489	-0.00151483	0.637575	0.733178	-0.000862256
124	2.51383e-09	-0.537386	0.920806	0.000660004	-0.839473	-0.487379	-0.000978154
125	2.51383e-09	-1.05764	0.0750108	-0.000737661	-0.0672365	-0.970392	-0.00156528
126	2.51383e-09	-0.397748	0.989582	-0.00177147	-0.897132	-0.36017	-5.85959e-05
127	2.51383e-09	-1.04879	-0.139814	-0.000180281	0.129003	-0.963606	0.00159019
128	2.51383e-09	1.0146	-0.326847	-0.000510332	0.300603	0.92079	-0.000857531
129	2.51383e-09	-0.724714	-0.783266	-0.000857441	0.711945	-0.656571	-0.00150554
130	2.51383e-09	-1.03351	0.195336	-0.000483645	-0.182265	-0.956885	-0.00127525
131	2.51383e-09	-0.749041	-0.772566	0.00153139	0.69124	-0.670361	0.00108982
132	2.51383e-09	-0.946184	0.522402	0.00162807	-0.462673	-0.840695	0.00121682
133	2.51383e-09	-0.827428	0.670247	-0.00073292	-0.610719	-0.751421	0.00298315
134	2.51383e-09	-0.968238	-0.435025	-0.000348243	0.398062	-0.885537	-0.00260168
135	2.51383e-09	0.96104	0.469299	0.00210928	-0.422618	0.86898	0.00046234
136	2.51383e-09	0.350766	1.01274	0.00228896	-0.914609	0.313286	0.00111861
137	2.51383e-09	0.0205029	1.06748	-0.000857304	-0.967598	0.0164703	-0.00141646
138	2.51383e-09	0.589664	0.899615	0.00102124	-0.804939	0.529613	0.00210918
139	2.51383e-09	-1.05284	-0.168791	-0.000715204	0.153804	-0.954358	0.000479416
140	2.51383e-09	0.902113	-0.593431	-0.000787092	0.531167	0.802853	0.000674713
141	2.51383e-09	1.04495	0.160805	-0.00108317	-0.148033	0.963572	-0.00217338
142	2.51383e-09	-0.138079	1.06631	-0.000789082	-0.955707	-0.127365	-0.00087603
143	2.51383e-09	0.710191	-0.799762	-0.0001782	0.723078	0.642318	-0.00177833
144	2.51383e-09	1.07108	0.102547	-0.00274568	-0.0933445	0.959888	-0.000329463
145	2.51383e-09	-0.935276	0.523757	-0.00082439	-0.473095	-0.842627	-0.000662746
146	2.51383e-09	1.08309	-0.00685142	-0.00134878	0.00673142	0.962293	0.00010008
147	2.51383e-09	1.04176	0.290128	-0.00192588	-0.26303	0.924908	-0.00150916
148	2.51383e-09	-1.04121	-0.311681	-6.45388e-05	0.275304	-0.916645	0.00137049
149	2.51383e-09	-0.0955024	1.06532	-0.000412111	-0.962822	-0.0970323	0.000900817
150	2.51383e-09	-0.901365	0.587539	0.00243872	-0.528381	-0.806896	-0.000386158
151	2.51383e-09	0.306113	-1.03164	0.000748625	0.925466	0.275282	0.000352018
152	2.51383e-09	1.06712	-0.135193	-0.00195836	0.120747	0.955204	-0.00218243
153	2.51383e-09	0.104785	1.07356	-0.000875742	-0.95908	0.0963469	-0.000370071
154	2.51383e-09	0.826124	0.698156	-0.000191525	-0.621808	0.737493	0.000471196
155	2.51383e-09	0.904097	-0.590277	0.00109314	0.522771	0.807116	0.00256633
156	2.51383e-09	-0.639903	-0.870642	-0.000690428	0.77196	-0.570425	0.00203683
157	2.51383e-09	-1.07413	0.0265619	0.000173513	-0.0246372	-0.965248	0.00111128
158	2.51383e-09	-0.221534	-1.06404	-0.00102008	0.939508	-0.197769	-0.00111768
159	2.51383e-09	-0.672307	-0.834364	-0.00101801	0.752242	-0.606203	-0.00257258
160	2.51383e-09	0.91369	0.584305	0.00104606	-0.51416	0.80973	-0.000311426
161	2.51383e-09	1.07755	0.20406	0.000589078	-0.179386	0.936912	-0.000416881
162	2.51383e-09	0.73811	-0.796344	0.000549927	0.702735	0.652487	0.00116278
163	2.51383e-09	-0.118801	1.06987	-0.00167665	-0.957963	-0.106107	-0.00129882
164	2.51383e-09	-0.077625	1.06545	0.000423178	-0.96478	-0.0680464	-0.000439868
165	2.51383e-09	0.890913	-0.617788	-0.000748745	0.545866	0.790927	-0.001448
166	2.51383e-09	-0.521379	-0.953838	-0.00017226	0.841753	-0.458037	8.32594e-07
167	2.51383e-09	0.17062	-1.06884	0.0027243	0.951715	0.147592	0.00170369
168	2.51383e-09	0.812792	0.713141	0.000192977	-0.636397	0.719312	0.00165068
169	2.51383e-09	-0.726206	0.808088	-0.000479722	-0.711109	-0.642138	-0.000780134
170	2.51383e-09	0.528392	-0.952825	0.00254769	0.840349	0.463893	-0.00167693
171	2.51383e-09	-0.0769486	-1.08385	-0.000847071	0.956541	-0.0694721	0.00290255
172	2.51383e-09	0.997057	0.467624	-0.000964693	-0.402493	0.863792	-0.000210579
173	2.51383e-09	-1.10434	-0.000128154	-0.000221868	0.000926413	-0.950896	-0.000759304
174	2.51383e-09	0.0749496	1.09508	0.0007059	-0.952387	0.0695837	-0.000555995
175	2.51383e-09	-0.791203	0.757959	-0.000288552	-0.657645	-0.690616	-0.00140599
176	2.51383e-09	0.6754	-0.838871	0.00123242	0.750922	0.601727	0.000172305
177	2.51383e-09	-0.0765292	-1.09412	0.000174378	0.952939	-0.0681424	-0.000651861
178	2.51383e-09	0.244517	1.06669	0.00101256	-0.931115	0.212257	9.56011e-05
179	2.51383e-09	-0.499881	0.965544	0.00166356	-0.852423	-0.440974	-0.00095092
180	2.51383e-09	-1.07968	-0.138985	0.00118715	0.121221	-0.949515	-0.0016224
181	2.51383e-09	1.09713	-0.0207593	-0.000166586	0.0180867	0.954344	0.00113621
182	2.51383e-09	-1.05437	0.257499	0.00166373	-0.230385	-0.932036	0.00137528
183	2.51383e-09	0.841228	-0.722904	0.00179532	0.618976	0.721031	-0.000564072
184	2.51383e-09	0.381566	-1.02937	-0.000558627	0.896831	0.330924	0.00065027
185	2.51383e-09	-0.902104	0.607471	0.00123538	-0.534238	-0.797304	0.000354022
186	2.51383e-09	0.380705	1.01397	2.52909e-05	-0.900401	0.333332	0.000699394
187	2.51383e-09	0.811016	0.730029	-0.000476583	-0.639317	0.712136	-0.000570655
188	2.51383e-09	-0.543705	-0.945691	0.000994687	0.830517	-0.478446	0.000170941
189	2.51383e-09	-1.02355	0.367607	-0.00161818	-0.32704	-0.903447	-0.000101893
190	2.51383e-09	0.59859	0.921021	-0.00063342	-0.802105	0.519819	-0.000566678
191	2.51383e-09	0.777768	0.771023	0.000481333	-0.674681	0.676482	-0.00212776
192	2.51383e-09	0.132458	1.08681	0.000180266	-0.950832	0.116019	0.0012289
193	2.51383e-09	0.588207	-0.932127	0.000156349	0.804245	0.508993	-0.000806541
194	2.51383e-09	-0.0968196	1.10307	0.0013194	-0.947488	-0.085549	0.000424385
195	2.51383e-09	1.03298	-0.345825	0.000668473	0.301724	0.911623	0.00274324
196	2.51383e-09	-0.309732	1.05973	0.000860527	-0.913784	-0.263419	0.000891966
197	2.51383e-09	0.738992	-0.804587	-0.000388057	0.70571	0.644908	0.000772314
198	2.51383e-09	-1.05846	0.366052	0.000294287	-0.310766	-0.890207	-0.0013423
199	2.51383e-09	1.08304	0.21181	0.000285856	-0.185075	0.932025	0.000285316
200	2.51383e-09	0.33546	-1.05861	-0.00123589	0.904466	0.285078	0.00221395
201	2.51383e-09	-1.05913	-0.308297	0.00112461	0.271128	-0.91388	0.000872447
202	2.51383e-09	-0.762293	-0.805722	-0.00155957	0.687748	-0.65131	-0.000619299
203	2.51383e-09	-0.987337	0.476654	-0.0014826	-0.413967	-0.858598	0.00107664
204	2.51383e-09	1.10218	0.0130705	-0.00191558	-0.0117489	0.953479	0.000771059
205	2.51383e-09	0.600019	-0.939852	0.00108844	0.798063	0.511422	0.000558382
206	2.51383e-09	0.728924	0.828517	-0.00269533	-0.714105	0.627665	0.0017028
207	2.51383e-09	-0.819662	-0.732606	0.00148146	0.635794	-0.712005	0.000687046
208	2.51383e-09	0.119893	1.09752	0.000659866	-0.945345	0.100185	-0.000748456
209	2.51383e-09	-0.743953	-0.801044	-0.000113709	0.699938	-0.650774	-0.00108798
210	2.51383e-09	-0.354378	-1.05406	0.000437491	0.898403	-0.300135	-0.000564268
211	2.51383e-09	0.707438	0.849968	-0.000678863	-0.733861	0.604232	0.000954035
212	2.51383e-09	0.814817	-0.776749	0.000786223	0.650054	0.683168	0.00041712
213	2.51383e-09	-0.918165	0.594098	0.000476566	-0.520549	-0.804592	-0.000344565
214	2.51383e-09	0.71716	0.845667	0.00155578	-0.722661	0.614351	0.00102731
215	2.51383e-09	-0.336185	1.05677	7.28834e-05	-0.907975	-0.284603	0.00108346
216	2.51383e-09	-0.478482	-1.00688	0.000828393	0.853782	-0.409371	0.00024003
217	2.51383e-09	-0.617981	-0.932169	0.000328503	0.788681	-0.518178	0.000172518
218	2.51383e-09	-0.00150426	-1.09961	0.000317783	0.952163	1.60283e-05	0.00090367
219	2.51383e-09	0.883085	-0.684719	0.00103302	0.579842	0.748957	-0.000325046
220	2.51383e-09	-1.0651	0.301028	0.000753672	-0.258331	-0.916704	0.0011944
221	2.51383e-09	0.703739	0.849306	-0.00144709	-0.733973	0.608993	0.000692949
222	2.51383e-09	-0.638878	-0.910898	-0.000967966	0.777872	-0.544931	0.00144737
223	2.51383e-09	-1.11592	0.0419542	-0.00103999	-0.0365871	-0.944692	0.000359749
224	2.51383e-09	-0.599548	0.93618	-0.000904138	-0.797403	-0.513605	-0.000701661
225	2.51383e-09	0.551125	-0.961321	0.000965682	0.825491	0.470918	0.00173634
226	2.51383e-09	-0.255114	-1.09526	-0.00126945	0.918559	-0.214322	0.000769155
227	2.51383e-09	1.05348	0.347652	-2.89046e-05	-0.300867	0.902033	-0.000471124
228	2.51383e-09	0.802857	-0.772847	0.000304106	0.657017	0.682576	0.00118202
229	2.51383e-09	1.13615	-0.0115722	-0.000528331	0.0109369	0.937327	0.00166459
230	2.51383e-09	-1.1203	0.186703	-0.00197044	-0.15324	-0.925773	-0.000434174
231	2.51383e-09	1.12141	0.156789	-0.000392539	-0.129255	0.931982	-0.00233546
232	2.51383e-09	-0.943382	0.58325	0.0016862	-0.495458	-0.809045	0.000545802
233	2.51383e-09	-0.301629	1.07611	0.00124833	-0.910524	-0.259467	0.00116649
234	2.51383e-09	-1.08354	-0.255325	0.00247233	0.215503	-0.922714	-0.000617408
235	2.51383e-09	-1.11446	0.101801	0.00457288	-0.0880169	-0.940925	0.00200951
236	2.51383e-09	-1.0613	-0.378567	0.000716832	0.316384	-0.887491	0.000240436
237	2.51383e-09	1.12224	0.0730417	0.000173928	-0.0624963	0.939475	-0.00149327
238	2.51383e-09	-0.954863	0.597476	0.00211999	-0.496551	-0.799206	-0.000696015
239	2.51383e-09	1.1026	0.130101	-0.00186619	-0.108637	0.943291	-0.000633368
240	2.51383e-09	-0.786728	0.820181	-0.00210915	-0.676851	-0.647954	0.00198118
241	2.51383e-09	-1.11878	0.111693	-0.00237203	-0.0966904	-0.936522	-0.00143648
242	2.51383e-09	0.35689	-1.0867	-0.00399789	0.887861	0.292691	0.000338943
243	2.51383e-09	0.308643	1.08045	0.000194969	-0.908837	0.255366	0.00108529
244	2.51383e-09	0.493133	1.01267	-0.000158649	-0.84834	0.412624	0.000248765
245	2.51383e-09	0.513658	-1.0002	0.00109221	0.839621	0.432622	-0.000558342
246	2.51383e-09	-0.97484	-0.559082	-0.00235738	0.47409	-0.816754	0.0010414
247	2.51383e-09	1.04429	-0.371519	0.000856292	0.320347	0.894629	0.00199955
248	2.51383e-09	-0.711403	0.864023	0.00270951	-0.729984	-0.596524	0.00146654
249	2.51383e-09	0.609288	0.938311	5.71189e-05	-0.792425	0.51663	-0.000186764
250	2.51383e-09	-1.05324	0.395143	-0.00112758	-0.329492	-0.883204	-0.000510945
251	2.51383e-09	-1.13201	0.0657809	-0.00172972	-0.0565081	-0.936609	0.00158153
252	2.51383e-09	-0.917627	-0.65027	0.00351478	0.543831	-0.771976	-0.000652006
253	2.51383e-09	-0.961358	-0.587927	0.00116166	0.49261	-0.801822	0.000874962
254	2.51383e-09	1.12312	-0.0546469	0.00148393	0.0465216	0.939384	0.000730695
255	2.51383e-09	0.523793	1.00719	-0.000697103	-0.833288	0.429192	-0.00127537
256	2.51383e-09	-1.10311	-0.228298	-0.00058173	0.190168	-0.924415	-0.00102587
257	2.51383e-09	0.636457	-0.938067	0.000336676	0.777033	0.52718	0.000799475
258	2.51383e-09	-1.00928	-0.505187	-0.00108847	0.423662	-0.843349	0.000462682
259	2.51383e-09	-0.671748	0.903456	-0.000923362	-0.755761	-0.561344	-0.000493578
260	2.51383e-09	-1.09793	-0.259068	0.00105727	0.214113	-0.918857	-0.00109499
261	2.51383e-09	-0.986709	0.580165	0.000748636	-0.470175	-0.806551	-0.000229477
262	2.51383e-09	1.01733	0.477613	-0.000886856	-0.397244	0.854255	0.00132317
263	2.51383e-09	-1.01052	-0.515213	-0.00211769	0.423139	-0.837093	0.000687564
264	2.51383e-09	1.11627	0.137751	0.000519145	-0.112236	0.936683	0.000328085
265	2.51383e-09	-0.815144	-0.792256	0.000238767	0.655754	-0.673472	8.40721e-06
266	2.51383e-09	0.0962385	1.13369	-0.00024831	-0.935307	0.077705	0.00176912
267	2.51383e-09	0.390511	1.06064	0.000637671	-0.882868	0.32143	-0.00201442
268	2.51383e-09	-0.771996	-0.831755	-0.000148176	0.685532	-0.636909	0.000491516
269	2.51383e-09	0.856406	0.74657	-0.00177322	-0.617335	0.708041	7.32884e-05
270	2.51383e-09	0.937973	-0.63262	-2.46467e-05	0.526285	0.779553	0.00078103
271	2.51383e-09	-0.659941	-0.938184	0.000821721	0.761614	-0.538533	-0.000828689
272	2.51383e-09	-1.13773	-0.108585	-0.000988726	0.0837575	-0.930656	0.000723301
273	2.51383e-09	-0.999006	0.543981	0.00023571	-0.446997	-0.825132	0.000195368
274	2.51383e-09	1.02908	0.471462	0.000623663	-0.393919	0.855236	0.00111374
275	2.51383e-09	-0.567229	-0.989307	0.00206439	0.814671	-0.463309	-0.00135732
276	2.51383e-09	-0.719575	0.875629	1.70153e-05	-0.72753	-0.596009	0.000683344
277	2.51383e-09	-0.234354	1.12479	0.00109473	-0.910972	-0.191875	0.000388063
278	2.51383e-09	-0.108713	1.14121	-0.000563282	-0.928083	-0.0932698	-0.000693133
279	2.51383e-09	0.358805	-1.07596	0.00171927	0.89197	0.299992	7.99106e-05
280	2.51383e-09	0.225838	1.12625	-0.00181455	-0.918046	0.183078	-0.000263304
281	2.51383e-09	1.13993	-0.0532406	-0.00181307	0.0430836	0.934681	-0.00129647
282	2.51383e-09	0.228923	-1.11958	-0.000662663	0.916237	0.191008	-0.000734068
283	2.51383e-09	0.0420741	1.14735	-0.000948329	-0.932243	0.0328471	-1.75383e-05
284	2.51383e-09	-0.61732	-0.970384	-0.00193046	0.786718	-0.50118	-5.22101e-05
285	2.51383e-09	-0.302838	-1.11621	0.00156959	0.895592	-0.245334	0.000422517
286	2.51383e-09	-1.12237	0.15866	-0.00190546	-0.132054	-0.930563	0.00239858
287	2.51383e-09	-1.03195	0.508903	-0.00170741	-0.410128	-0.835484	0.000953519
288	2.51383e-09	-0.765343	0.861913	0.00106883	-0.696868	-0.616939	0.00014306
289	2.51383e-09	-0.030583	-1.15675	0.00218367	0.928497	-0.0252482	0.00231586
290	2.51383e-09	0.565003	-0.991185	-0.00103324	0.81507	0.462515	0.00126173
291	2.51383e-09	-1.13879	-0.130781	0.00128458	0.105762	-0.928386	0.000332719
292	2.51383e-09	-1.11382	0.309964	-0.000180871	-0.250493	-0.892828	-0.000403736
293	2.51383e-09	0.572097	-0.994439	4.48147e-05	0.807716	0.466778	0.00147214
294	2.51383e-09	-0.471853	-1.04928	0.00240028	0.85089	-0.382447	0.000824531
295	2.51383e-09	1.14045	0.0611665	-0.00127267	-0.0499689	0.934903	-0.000197631
296	2.51383e-09	-0.0144668	-1.15671	0.00032836	0.927883	-0.0117687	0.00127119
297	2.51383e-09	-0.042473	1.14563	-0.00179941	-0.933582	-0.0346437	-0.00240138
298	2.51383e-09	0.428914	-1.07286	-0.00108241	0.863336	0.346683	-0.000152239
299	2.51383e-09	0.914465	-0.705255	0.00136131	0.567199	0.735668	0.000242011
300	2.51383e-09	-0.750964	-0.886058	0.000936214	0.709812	-0.599101	-0.00202329
301	2.51383e-09	-0.551612	-1.01161	0.000240357	0.821808	-0.445088	0.00130012
302	2.51383e-09	0.392307	-1.08951	-0.00166395	0.875901	0.317051	-0.000318056
303	2.51383e-09	0.560831	1.0186	-0.00114795	-0.811209	0.444784	-0.000483266
304	2.51383e-09	-0.953288	0.666964	-0.0025694	-0.529457	-0.760204	-6.38848e-05
305	2.51383e-09	-1.12913	-0.213488	0.000903493	0.172726	-0.916557	-0.000243261
306	2.51383e-09	-1.09185	0.36306	0.00140877	-0.294185	-0.886503	-0.00105497
307	2.51383e-09	0.842871	-0.79306	0.000333515	0.641741	0.672848	0.00087392
308	2.51383e-09	0.404723	1.08755	0.0021217	-0.870423	0.321486	0.00146749
309	2.51383e-09	0.955289	0.639873	-0.000230544	-0.519206	0.774275	0.000594809
310	2.51383e-09	1.13699	0.128349	0.00132824	-0.107349	0.929078	0.000791019
311	2.51383e-09	0.732265	-0.896869	0.00131781	0.71692	0.59032	0.00156324
312	2.51383e-09	0.984262	0.628181	0.000237882	-0.494562	0.780763	-0.000574082
313	2.51383e-09	0.070034	-1.15237	-0.00323845	0.929341	0.0553031	-0.00112389
314	2.51383e-09	-0.400822	1.08786	0.000238244	-0.870641	-0.319909	0.0012429
315	2.51383e-09	1.12551	0.291571	-0.000794484	-0.234683	0.899134	-0.000829829
316	2.51383e-09	-1.06793	0.465446	-0.000898384	-0.369737	-0.847977	-0.000837943
317	2.51383e-09	-0.332008	-1.11981	0.00159707	0.886159	-0.260216	0.000468332
318	2.51383e-09	-1.12672	0.297164	0.00174108	-0.233842	-0.896598	-0.000606818
319	2.51383e-09	1.16376	-0.10456	-0.000359405	0.082768	0.920444	-0.000315994
320	2.51383e-09	-0.443192	1.07827	-0.000965928	-0.859011	-0.349829	0.000323024
321	2.51383e-09	0.467326	1.06752	0.000241094	-0.848182	0.371393	0.00102648
322	2.51383e-09	0.581148	-1.01281	-0.000306425	0.801166	0.461968	-0.00161318
323	2.51383e-09	0.960218	-0.686728	-0.00164136	0.53309	0.748105	0.00133915
324	2.51383e-09	1.10759	0.38582	0.000686722	-0.308365	0.87202	0.00069516
325	2.51383e-09	-1.05439	-0.492635	0.00178814	0.391589	-0.839203	-0.000566148
326	2.51383e-09	-0.572214	1.01721	-0.000231617	-0.805643	-0.455441	0.00104383
327	2.51383e-09	-0.865786	-0.797764	-0.00199494	0.625155	-0.67607	0.000809893
328	2.51383e-09	1.0081	-0.569991	-0.0002266	0.454699	0.811764	-0.000797238
329	2.51383e-09	0.559354	-1.04588	0.00303044	0.807472	0.43542	0.00171027
330	2.51383e-09	0.386891	1.09697	-0.00141458	-0.874055	0.310712	-0.00085657
331	2.51383e-09	1.17357	-0.0830589	9.46852e-06	0.0691536	0.916598	-0.000324999
332	2.51383e-09	-1.12335	0.283065	0.000570022	-0.226528	-0.901911	-0.00090655
333	2.51383e-09	1.17394	0.125114	0.000537811	-0.0969311	0.914589	0.00123898
334	2.51383e-09	1.13908	0.279279	-5.71299e-05	-0.220591	0.896769	-0.000566756
335	2.51383e-09	-0.62262	-0.999975	-0.0020265	0.7819	-0.484215	0.00156139
336	2.51383e-09	0.184403	1.15569	-0.0011031	-0.9132	0.143201	0.000676798
337	2.51383e-09	-0.43965	1.09507	-0.0010064	-0.853114	-0.344991	-0.000306809
338	2.51383e-09	-0.91111	0.719438	-0.000355761	-0.576615	-0.729703	0.00154493
339	2.51383e-09	1.18944	-0.0565354	-0.000745593	0.043744	0.914853	-0.000820318
340	2.51383e-09	-0.271098	-1.15272	-0.000411681	0.89557	-0.211084	0.000533891
341	2.51383e-09	-0.910366	-0.742676	-0.000815409	0.582246	-0.717946	0.000132507
342	2.51383e-09	-0.179274	-1.15666	0.00137863	0.913365	-0.142032	0.000823868
343	2.51383e-09	0.921355	-0.721184	-0.000635778	0.568223	0.728035	0.000631862
344	2.51383e-09	0.196249	-1.16086	1.09214e-05	0.907361	0.156333	0.00130505
345	2.51383e-09	-1.06526	0.492428	0.00141632	-0.3877	-0.838795	-0.0002694
346	2.51383e-09	0.936679	0.676138	7.02135e-05	-0.546113	0.753772	0.000760972
347	2.51383e-09	0.355454	1.11059	0.000334485	-0.88485	0.280489	0.00132669
348	2.51383e-09	-1.03963	-0.55605	-0.000581361	0.43615	-0.811687	-0.000682612
349	2.51383e-09	-0.388946	-1.1112	0.00100106	0.87205	-0.298641	0.00010542
350	2.51383e-09	-0.679904	0.965602	0.00207548	-0.749915	-0.528224	-7.26372e-05
351	2.51383e-09	0.416868	-1.11418	0.00134886	0.856557	0.323256	-2.56865e-05
352	2.51383e-09	0.432496	-1.10061	0.00135299	0.855713	0.335791	-0.00261958
353	2.51383e-09	0.264562	-1.15403	-0.000317923	0.89707	0.204573	0.000241155
354	2.51383e-09	-0.790598	0.898704	0.000432238	-0.685766	-0.601413	0.000888313
355	2.51383e-09	0.340573	1.12051	0.000765665	-0.884558	0.266261	-0.00137025
356	2.51383e-09	0.79524	-0.870613	0.00118395	0.679542	0.622746	0.000311991
357	2.51383e-09	-0.794548	-0.877206	0.00225688	0.680609	-0.617204	8.93174e-05
358	2.51383e-09	-0.75796	-0.907077	0.00117675	0.706052	-0.591683	0.00011591
359	2.51383e-09	1.12624	-0.384788	-0.000351331	0.295418	0.867074	-0.000873554
360	2.51383e-09	-1.08575	0.441802	-0.000228025	-0.345273	-0.857997	0.000548839
361	2.51383e-09	-1.16432	0.238109	0.000225783	-0.183674	-0.899429	-6.48529e-05
362	2.51383e-09	-1.10576	0.399074	-0.00114314	-0.315228	-0.867921	0.000294526
363	2.51383e-09	1.15818	0.223071	0.00185475	-0.172407	0.903029	-0.000558728
364	2.51383e-09	1.06161	0.497112	-0.000749921	-0.392822	0.835353	0.000133916
365	2.51383e-09	0.839268	-0.848511	-0.00203218	0.649874	0.645051	-0.000484687
366	2.51383e-09	0.957633	0.716907	-0.00125869	-0.548454	0.729695	-0.000290868
367	2.51383e-09	-0.583214	-1.03838	0.00212695	0.798895	-0.447173	-0.000186039
368	2.51383e-09	1.18371	0.0786755	-0.000409679	-0.0628108	0.917512	0.00107758
369	2.51383e-09	-0.576506	-1.04998	0.00216313	0.799341	-0.441924	-0.000768864
370	2.51383e-09	-0.916454	0.755906	-0.000987628	-0.58075	-0.709175	-0.000775087
371	2.51383e-09	1.18251	0.169074	0.00146424	-0.131096	0.905303	-0.00158899
372	2.51383e-09	0.711849	-0.95707	-0.00208484	0.734052	0.545956	0.00114142
373	2.51383e-09	-0.272506	1.16472	-0.00152486	-0.889457	-0.207115	0.00133051
374	2.51383e-09	1.03061	0.605253	0.000783023	-0.461986	0.791213	5.15216e-05
375	2.51383e-09	-1.1502	0.291197	4.07709e-05	-0.222617	-0.891074	-0.00050302
376	2.51383e-09	1.00618	0.633557	0.000313855	-0.487619	0.776506	0.000761559
377	2.51383e-09	-0.800999	0.876035	-0.00128453	-0.673728	-0.625419	-0.00107005
378	2.51383e-09	0.63274	1.02311	-0.0022372	-0.775276	0.478873	0.000540147
379	2.51383e-09	0.0573866	1.18799	0.000159741	-0.914029	0.0485644	-8.77379e-05
380	2.51383e-09	-0.211989	-1.17445	0.00122132	0.901838	-0.160299	7.58435e-05
381	2.51383e-09	1.08616	0.465526	-0.00220684	-0.36127	0.84606	0.000868846
382	2.51383e-09	0.80971	-0.862335	-0.000870566	0.670826	0.631615	-0.00034556
383	2.51383e-09	1.18118	-0.112861	0.00167785	0.088297	0.912734	0.000424178
384	2.51383e-09	-1.06791	-0.566269	-0.000716648	0.422164	-0.802898	0.00264905
385	2.51383e-09	-0.814542	0.870679	0.0015599	-0.669354	-0.62552	-0.0007724
386	2.51383e-09	-1.16496	-0.336408	-0.000206905	0.250182	-0.870437	0.000676985
387	2.51383e-09	-0.522332	1.07778	-0.00137899	-0.82296	-0.397633	-0.000597772
388	2.51383e-09	1.04819	-0.58557	-0.000970392	0.444792	0.796167	0.000210265
389	2.51383e-09	-0.754157	-0.925447	-0.000737431	0.711338	-0.57768	-0.000890132
390	2.51383e-09	0.520446	1.07085	0.000203939	-0.82504	0.399158	-0.000660637
391	2.51383e-09	0.60084	-1.04479	-0.00135529	0.790157	0.452239	-0.00101649
392	2.51383e-09	-0.391588	-1.14232	0.00146534	0.860391	-0.293103	0.000490756
393	2.51383e-09	1.1461	0.391665	-0.000402975	-0.290751	0.859481	-0.00157677
394	2.51383e-09	0.380165	-1.13451	-0.000801163	0.868534	0.290165	-0.000980701
395	2.51383e-09	-1.02111	-0.624502	0.0013066	0.478355	-0.781007	-0.000290521
396	2.51383e-09	1.0403	-0.605047	0.00115376	0.45561	0.78722	0.000264755
397	2.51383e-09	0.854287	-0.850136	-0.000239746	0.642443	0.645347	-0.000142529
398	2.51383e-09	0.814664	-0.893314	-0.0019268	0.675485	0.609851	-0.000293934
399	2.51383e-09	0.0846369	1.19449	0.00318612	-0.91239	0.0648623	1.12182e-05
400	2.51383e-09	1.04238	0.612622	0.000930869	-0.458983	0.784447	0.000946457
