6.858001e+03
401
0	1	0.000316874	0.000196537	-2.89333e-07	6.88906e-08	-1.96107e-08	-5.54696e-12
1	2.51383e-09	0.812561	-0.596924	0.00189432	0.594039	0.800807	0.0008847
2	2.51383e-09	0.182885	0.991202	-5.18627e-05	-0.978517	0.176656	-0.000339285
3	2.51383e-09	0.934281	0.342981	-0.000144469	-0.342653	0.943467	0.00145875
4	2.51383e-09	-0.926511	-0.390223	-0.00137459	0.389487	-0.918655	-0.00127084
5	2.51383e-09	-0.622534	-0.776859	0.000373735	0.781842	-0.627845	-0.000853574
6	2.51383e-09	0.987476	0.191203	0.00266844	-0.18825	0.979375	-0.000147108
7	2.51383e-09	0.968567	-0.270375	0.00191098	0.271535	0.958068	-0.000685474
8	2.51383e-09	0.764968	-0.639927	-0.00155396	0.646005	0.766026	-0.00043826
9	2.51383e-09	-0.695791	0.726923	-0.000630953	-0.72077	-0.687758	0.00113669
10	2.51383e-09	0.463763	-0.899518	-0.000659343	0.883215	0.453036	-0.000326207
11	2.51383e-09	0.450458	-0.888853	0.000458935	0.892383	0.455171	-0.000287356
12	2.51383e-09	-0.221646	0.988972	0.00205776	-0.969084	-0.220304	-9.97735e-05
13	2.51383e-09	-0.570117	-0.832462	0.000312657	0.821059	-0.56039	0.00260171
14	2.51383e-09	0.947184	0.358935	0.0030111	-0.351596	0.929089	-0.000595469
15	2.51383e-09	0.486724	0.882272	0.000747657	-0.868559	0.483132	-0.00134203
16	2.51383e-09	0.0413252	0.990259	-0.000939661	-1.00706	0.0403735	0.00161895
17	2.51383e-09	-1.00343	0.00836873	0.00110316	-0.0110128	-1.00106	0.00177766
18	2.51383e-09	1.01231	0.176974	-0.000287997	-0.17118	0.96863	-0.000906026
19	2.51383e-09	0.631137	-0.79752	0.00129445	0.771936	0.622555	-0.000731328
20	2.51383e-09	0.353697	-0.966569	0.00199173	0.92511	0.338098	0.00249217
21	2.51383e-09	0.999473	0.114197	-0.0019275	-0.113507	0.991398	-0.00349081
22	2.51383e-09	-0.293393	-0.982121	-0.00110743	0.94595	-0.27839	0.0027862
23	2.51383e-09	-1.01425	0.0730406	-0.00256389	-0.0649591	-0.988745	0.000169333
24	2.51383e-09	0.867197	0.507331	-6.97433e-05	-0.506578	0.86453	-0.00124754
25	2.51383e-09	0.987229	-0.251931	0.00184671	0.241312	0.960564	-0.000330725
26	2.51383e-09	0.858536	-0.538806	-0.00097191	0.5277	0.844817	-0.00210975
27	2.51383e-09	0.435425	-0.898595	0.000460725	0.90312	0.434489	0.00102326
28	2.51383e-09	0.762481	0.668494	-0.00104842	-0.654945	0.74392	-0.000452132
29	2.51383e-09	-0.645288	-0.777531	0.00122744	0.765567	-0.636951	-0.00254385
30	2.51383e-09	0.950759	-0.355083	-0.000895295	0.349175	0.927857	-0.00116448
31	2.51383e-09	0.857285	0.530208	-0.00113652	-0.524356	0.848833	-0.00267998
32	2.51383e-09	-1.00182	0.0850905	0.003045	-0.088271	-0.99232	-0.00318935
33	2.51383e-09	0.422761	-0.93163	-0.000574617	0.905677	0.402678	0.00149875
34	2.51383e-09	-0.513735	0.899969	0.00107815	-0.851731	-0.48796	-0.00228235
35	2.51383e-09	-0.797747	0.634963	0.00256807	-0.618775	-0.773311	0.00195924
36	2.51383e-09	0.509965	0.878727	-2.60584e-05	-0.854619	0.502572	0.00228237
37	2.51383e-09	-0.220327	-0.994638	0.00104067	0.966748	-0.213786	0.00272866
38	2.51383e-09	-0.422355	0.904571	0.00278038	-0.907638	-0.424835	-0.00197264
39	2.51383e-09	0.252556	0.972903	0.00109549	-0.969375	0.248749	0.000295592
40	2.51383e-09	-0.0384287	1.01018	-0.000446777	-0.996222	-0.0424223	0.000585439
41	2.51383e-09	1.01436	0.0102903	-0.00272046	-0.0110098	0.993572	-0.00164711
42	2.51383e-09	-0.284757	0.993599	1.05084e-05	-0.944557	-0.273685	0.00246575
43	2.51383e-09	0.995784	-0.218592	-0.00224004	0.211475	0.964238	0.00177327
44	2.51383e-09	0.599967	-0.837809	-0.00158569	0.803949	0.573601	0.0016016
45	2.51383e-09	0.914016	-0.463567	0.00147366	0.450655	0.878811	0.000842811
46	2.51383e-09	0.343993	0.961621	-0.00103911	-0.930364	0.336203	0.000458097
47	2.51383e-09	-0.766591	-0.668092	-0.000900094	0.648598	-0.749665	-0.000859842
48	2.51383e-09	-0.918369	-0.463138	0.000241614	0.445968	-0.877511	-0.00130633
49	2.51383e-09	0.293183	-0.962891	-0.00228532	0.954458	0.291174	-0.00115259
50	2.51383e-09	0.986638	0.274352	0.00204403	-0.26344	0.955269	-0.000497485
51	2.51383e-09	0.706822	0.721171	0.00132449	-0.709952	0.696738	-0.000382482
52	2.51383e-09	1.02959	-0.0334305	0.000352144	0.034106	0.986204	0.000701719
53	2.51383e-09	0.8554	0.574079	5.62011e-05	-0.551135	0.814777	-0.00217157
54	2.51383e-09	-1.02387	-0.0736202	-0.00181754	0.0709177	-0.984537	-0.00116711
55	2.51383e-09	0.711414	-0.76022	0.00193896	0.713522	0.669083	-0.000813871
56	2.51383e-09	-0.857717	-0.556011	0.000703519	0.533131	-0.832379	0.00118483
57	2.51383e-09	1.01318	-0.28431	0.00161577	0.259496	0.93883	-0.00066769
58	2.51383e-09	-1.04078	0.119397	0.00143872	-0.113815	-0.968641	0.00237748
59	2.51383e-09	-0.964994	-0.347108	0.00339046	0.328414	-0.93113	0.0018884
60	2.51383e-09	-0.77948	0.666194	-0.000436549	-0.641357	-0.750425	-0.00125193
61	2.51383e-09	-0.998309	-0.290236	-0.000818209	0.274791	-0.939063	0.00339383
62	2.51383e-09	0.949427	0.392783	-0.00162828	-0.376908	0.912772	-0.000414949
63	2.51383e-09	-0.435615	-0.923408	0.00105027	0.897836	-0.42304	0.000414258
64	2.51383e-09	-0.331968	0.980329	0.000310356	-0.927261	-0.323333	0.00168578
65	2.51383e-09	0.922514	-0.458128	-0.00134226	0.438233	0.882922	-0.00255998
66	2.51383e-09	0.849411	-0.554503	-0.00303682	0.541246	0.837739	-0.00154504
67	2.51383e-09	0.975193	-0.3751	-0.000721459	0.347023	0.915658	-0.000466053
68	2.51383e-09	0.586068	-0.85026	-0.00112082	0.809335	0.557345	0.00150829
69	2.51383e-09	-0.434892	-0.944091	-0.000976257	0.892037	-0.406866	-0.00370641
70	2.51383e-09	-0.33013	0.976628	-0.000418004	-0.93233	-0.313905	-6.1307e-05
71	2.51383e-09	0.015666	1.04092	0.0038056	-0.977751	0.0137923	0.000108172
72	2.51383e-09	-0.871866	-0.59841	-0.00100959	0.548279	-0.802816	-0.000713582
73	2.51383e-09	-0.926399	-0.449109	-2.59257e-06	0.429758	-0.88821	-0.00112932
74	2.51383e-09	-1.00427	-0.326179	-0.001026	0.302327	-0.923934	0.00260588
75	2.51383e-09	-0.160955	-1.03273	-0.00108524	0.96483	-0.152718	0.000663409
76	2.51383e-09	-0.816652	0.662814	-0.00252973	-0.609465	-0.75933	-0.00189186
77	2.51383e-09	-1.05498	0.094376	-0.000523743	-0.0854707	-0.969571	0.000540938
78	2.51383e-09	-1.04392	-0.147945	0.00216325	0.139547	-0.958944	-0.000216923
79	2.51383e-09	-0.65086	0.8028	0.00293002	-0.767725	-0.615735	-0.00312652
80	2.51383e-09	1.00944	-0.271281	0.00226472	0.253964	0.944235	-0.00152581
81	2.51383e-09	-0.780945	0.684984	-0.00324069	-0.644849	-0.739008	0.000333813
82	2.51383e-09	-0.642754	0.825049	0.000590524	-0.771144	-0.605714	9.58999e-06
83	2.51383e-09	0.961695	-0.39735	-0.00104706	0.373717	0.904509	-0.000136945
84	2.51383e-09	1.04812	-0.0623219	0.00027928	0.056243	0.973481	-0.00128745
85	2.51383e-09	-0.851675	-0.569781	0.00171799	0.54807	-0.821848	-0.000688187
86	2.51383e-09	0.69509	-0.773199	4.16459e-05	0.729948	0.657407	0.000989548
87	2.51383e-09	0.0856751	1.03552	0.000317624	-0.979958	0.0820043	0.000783214
88	2.51383e-09	-0.968113	0.377888	-0.00309598	-0.355837	-0.912699	0.000584329
89	2.51383e-09	-0.519453	0.922459	-0.00245691	-0.846816	-0.473973	0.00214416
90	2.51383e-09	-1.05003	0.00625716	-0.00214759	-0.000946554	-0.975494	0.00330339
91	2.51383e-09	0.174668	1.01717	-0.000654413	-0.971396	0.162113	0.00433705
92	2.51383e-09	-0.847269	-0.629813	0.00115084	0.579883	-0.780071	0.000301672
93	2.51383e-09	-0.869389	-0.612519	-0.00107546	0.556122	-0.791981	0.00142277
94	2.51383e-09	-0.213852	1.01335	0.00207478	-0.96262	-0.20513	-0.0022181
95	2.51383e-09	-0.113572	-1.02595	-0.000564837	0.980129	-0.112145	-0.000795583
96	2.51383e-09	-0.909626	-0.539968	-0.00241777	0.498971	-0.833188	-0.00195957
97	2.51383e-09	-0.635225	0.846823	0.00177742	-0.772091	-0.587126	0.00088832
98	2.51383e-09	0.580886	-0.888008	-0.00113465	0.808724	0.533213	0.00103856
99	2.51383e-09	-0.95813	0.472214	-0.000108675	-0.421098	-0.871562	0.00122473
100	2.51383e-09	0.874723	0.584804	-0.00305783	-0.546637	0.809136	0.000786534
101	2.51383e-09	0.721478	0.738873	0.00245374	-0.703435	0.689685	-0.00105714
102	2.51383e-09	0.944384	0.41923	-0.00112572	-0.395656	0.898918	0.000655854
103	2.51383e-09	-1.0497	0.041444	0.00319355	-0.0396458	-0.975021	-0.000804933
104	2.51383e-09	1.02682	-0.229671	0.00105043	0.209857	0.949923	0.0010164
105	2.51383e-09	0.0166846	-1.03563	-0.000365167	0.984262	0.01268	0.00144114
106	2.51383e-09	0.628717	0.839764	0.00037428	-0.782187	0.583325	0.000923018
107	2.51383e-09	-0.680394	0.8124	-7.98437e-05	-0.745646	-0.621491	-0.00237987
108	2.51383e-09	1.02825	-0.284701	-0.00205562	0.257727	0.934389	-0.000275572
109	2.51383e-09	0.442732	-0.969785	0.00199074	0.878317	0.402591	-8.73632e-05
110	2.51383e-09	-0.853953	0.608942	-0.000305891	-0.567797	-0.79629	-0.000941117
111	2.51383e-09	-0.472042	0.948527	-0.000531476	-0.868779	-0.438661	0.00131735
112	2.51383e-09	0.307279	-1.01707	0.000139015	0.930792	0.275337	-0.000202872
113	2.51383e-09	0.346681	-0.996223	-0.000427282	0.922422	0.318696	-0.00153236
114	2.51383e-09	0.973793	-0.38244	-0.00165101	0.357836	0.911838	-0.000922647
115	2.51383e-09	1.07142	0.065749	0.00264193	-0.0656881	0.963079	0.00178057
116	2.51383e-09	0.180507	-1.03672	0.0010205	0.959002	0.165208	-0.000160171
117	2.51383e-09	1.04951	-0.158479	0.000127034	0.147632	0.95941	0.000337995
118	2.51383e-09	-0.666845	-0.821096	0.00158487	0.752706	-0.614169	-0.000705705
119	2.51383e-09	0.884727	-0.567095	-0.00156683	0.520403	0.821934	0.00300566
120	2.51383e-09	0.350179	-0.99414	0.000816606	0.918406	0.319441	-0.00178109
121	2.51383e-09	-0.979017	0.433017	0.00210829	-0.391643	-0.880073	0.00150882
122	2.51383e-09	1.05572	-0.178909	0.00088383	0.160868	0.954261	-0.0023755
123	2.51383e-09	0.778228	0.70775	-0.000159696	-0.653346	0.718727	-0.00157679
124	2.51383e-09	0.659477	0.848346	-0.00248509	-0.76349	0.59194	0.000721239
125	2.51383e-09	-1.01534	-0.289606	0.00260413	0.265302	-0.933888	-0.00106298
126	2.51383e-09	-0.977909	-0.427601	-0.000895919	0.384656	-0.88443	0.00079677
127	2.51383e-09	-1.06161	0.0280235	-0.0014154	-0.0217098	-0.968516	-0.000886297
128	2.51383e-09	0.895824	0.591395	-0.000751281	-0.529496	0.805221	-0.00244826
129	2.51383e-09	1.02236	0.244153	-0.000369755	-0.224542	0.951283	-0.00177984
130	2.51383e-09	0.950173	-0.467409	-0.00148478	0.426564	0.874636	0.000421476
131	2.51383e-09	-0.726322	-0.807381	-0.00130198	0.709215	-0.642511	0.00149401
132	2.51383e-09	1.01692	-0.352989	-0.00200218	0.317676	0.908928	-0.00216316
133	2.51383e-09	1.04306	0.230165	0.00197899	-0.212353	0.943068	0.00230605
134	2.51383e-09	0.330908	-0.995213	-0.000224479	0.927192	0.308665	0.00197335
135	2.51383e-09	0.65097	-0.836716	0.00245065	0.764143	0.596854	0.00077756
136	2.51383e-09	1.06376	0.210936	0.000323707	-0.184637	0.941627	-0.000556852
137	2.51383e-09	0.261419	1.03249	0.00149011	-0.937964	0.238807	0.00333439
138	2.51383e-09	-0.346661	-1.0095	-0.000344526	0.914969	-0.311237	9.90788e-05
139	2.51383e-09	0.903947	0.566809	-0.000131833	-0.517466	0.819218	0.00321819
140	2.51383e-09	0.858325	0.661872	0.000315355	-0.586097	0.76099	0.00166391
141	2.51383e-09	-0.989382	-0.412729	-0.00291818	0.372674	-0.889171	0.00166999
142	2.51383e-09	-0.358888	-1.00687	-0.00287776	0.914364	-0.323628	0.000536894
143	2.51383e-09	1.04589	-0.242314	-3.73697e-05	0.221452	0.938948	-0.000843553
144	2.51383e-09	-0.217322	-1.06892	-0.00198979	0.937195	-0.186517	-0.000612512
145	2.51383e-09	0.997587	0.340402	0.000919047	-0.311702	0.924397	-0.00105178
146	2.51383e-09	0.0391711	-1.10651	-0.00216148	0.948684	0.0363098	-0.00281798
147	2.51383e-09	1.03614	0.306526	0.00092881	-0.274562	0.92225	-0.00275708
148	2.51383e-09	0.826875	-0.695231	0.000642238	0.62005	0.739717	0.000186239
149	2.51383e-09	-0.342161	1.00846	-0.00193105	-0.914025	-0.320205	9.11449e-05
150	2.51383e-09	0.456038	-0.978202	0.000904901	0.876192	0.398051	-0.000393599
151	2.51383e-09	-0.102244	1.07453	0.000770191	-0.956347	-0.09039	0.000450823
152	2.51383e-09	-0.066476	1.08309	3.5092e-06	-0.953251	-0.0686138	0.000592618
153	2.51383e-09	1.08902	0.0615101	0.000499951	-0.0586437	0.955895	-0.000522059
154	2.51383e-09	-1.06839	-0.293268	0.00229498	0.249918	-0.913155	0.000207296
155	2.51383e-09	-0.0794363	-1.07768	-0.00089612	0.958115	-0.0763502	0.00266678
156	2.51383e-09	1.06892	0.194315	-0.00129578	-0.166943	0.946135	0.00241499
157	2.51383e-09	0.632727	-0.858065	0.000188317	0.780667	0.574149	-0.00131337
158	2.51383e-09	-0.479293	-0.972493	0.00450767	0.862899	-0.425782	0.00126261
159	2.51383e-09	-1.01054	-0.344812	0.000440703	0.309219	-0.918257	0.000273075
160	2.51383e-09	1.07778	0.06065	0.00298062	-0.0513304	0.95982	-0.000428304
161	2.51383e-09	0.0108887	1.0859	-0.00305437	-0.96081	0.0107688	-0.00100848
162	2.51383e-09	-0.923456	0.57279	0.0025517	-0.504237	-0.815871	-0.00139236
163	2.51383e-09	-0.862412	-0.658895	-0.000601049	0.579355	-0.765711	-0.000932034
164	2.51383e-09	1.01303	0.326894	-0.00117809	-0.295815	0.925486	0.00201651
165	2.51383e-09	0.679068	-0.86392	-0.00306854	0.747233	0.593342	4.21518e-05
166	2.51383e-09	-0.385196	-1.01282	0.000324247	0.896507	-0.345245	-0.00130322
167	2.51383e-09	-1.03905	0.221024	0.00292535	-0.199614	-0.952981	-0.00336017
168	2.51383e-09	-0.582674	0.916992	-0.0020409	-0.807466	-0.517277	0.00116088
169	2.51383e-09	0.789009	0.7369	0.00142392	-0.656354	0.706673	-0.000238809
170	2.51383e-09	-0.142727	1.08177	0.00152533	-0.949313	-0.121326	-0.00386213
171	2.51383e-09	0.105234	1.08723	0.00255871	-0.953444	0.0890942	0.00201318
172	2.51383e-09	0.453698	-1.01772	-0.00279797	0.866634	0.380764	-0.00114573
173	2.51383e-09	0.274758	1.07098	-0.000123931	-0.920109	0.234135	-0.000623973
174	2.51383e-09	-1.0866	-0.134602	0.0010677	0.120126	-0.95043	0.0023531
175	2.51383e-09	0.843136	0.704802	0.00124117	-0.608406	0.732662	-0.00129416
176	2.51383e-09	1.05078	-0.245519	-0.00101676	0.220821	0.935999	0.00124975
177	2.51383e-09	0.989865	0.500876	-0.00242741	-0.427384	0.847968	0.000663314
178	2.51383e-09	-0.16816	1.06686	-0.00106454	-0.948561	-0.150773	-0.000438892
179	2.51383e-09	0.464409	-0.999235	-6.13917e-05	0.862542	0.40006	0.00372583
180	2.51383e-09	1.01676	0.363001	-0.00274818	-0.325259	0.908024	0.000205191
181	2.51383e-09	0.0561552	1.0972	0.001133	-0.953874	0.0523841	-0.00124389
182	2.51383e-09	-0.0827621	-1.08742	-0.0001175	0.955212	-0.0723962	0.00181152
183	2.51383e-09	1.06006	0.284838	0.00163552	-0.250461	0.921822	-0.000425294
184	2.51383e-09	0.810571	0.747797	-0.000401069	-0.646239	0.703331	0.000804516
185	2.51383e-09	-0.867658	0.65744	0.00129713	-0.577947	-0.765832	0.000379949
186	2.51383e-09	-0.336964	1.01732	0.000183951	-0.919491	-0.309639	-0.00158984
187	2.51383e-09	1.04877	-0.167798	-0.00470904	0.152722	0.960205	-0.000347158
188	2.51383e-09	0.46101	-1.00112	0.00135329	0.864709	0.4016	-0.00170866
189	2.51383e-09	-0.942233	0.552875	0.00153615	-0.483004	-0.82655	0.000301159
190	2.51383e-09	-1.09523	0.12508	-0.000894306	-0.115548	-0.945373	-0.00147352
191	2.51383e-09	-0.178375	1.07382	0.00281896	-0.947066	-0.157064	0.00122233
192	2.51383e-09	-1.09227	-0.143408	0.000508499	0.126316	-0.943073	-0.000966062
193	2.51383e-09	0.603195	-0.924171	-0.00204662	0.79534	0.521199	-0.00084914
194	2.51383e-09	1.06067	-0.379923	0.000903672	0.317873	0.886344	0.000218304
195	2.51383e-09	0.546858	-0.940573	0.00129349	0.826829	0.481635	-0.00064574
196	2.51383e-09	-1.08596	0.00535572	-7.03512e-05	0.00214394	-0.961364	-0.00332767
197	2.51383e-09	-0.880778	0.638969	-0.00159586	-0.565388	-0.7753	-0.000195626
198	2.51383e-09	0.375778	-1.04415	-0.000537964	0.892432	0.324552	0.00242131
199	2.51383e-09	0.641406	-0.88972	-0.000440253	0.777591	0.554882	-0.00223682
200	2.51383e-09	0.408102	1.03755	-0.000595407	-0.881433	0.347091	-0.00118847
201	2.51383e-09	-0.974083	-0.518342	-0.00251746	0.446393	-0.841204	-0.000546894
202	2.51383e-09	1.01678	0.406282	-0.00249585	-0.360097	0.885136	-0.000180433
203	2.51383e-09	-0.848488	0.678922	0.00157907	-0.599565	-0.748319	-0.000976415
204	2.51383e-09	-1.09188	-0.195494	0.000786133	0.161039	-0.934004	0.0012075
205	2.51383e-09	-1.032	-0.451796	0.00174674	0.375483	-0.864269	-0.000758608
206	2.51383e-09	0.0693019	-1.09039	0.00277438	0.954344	0.0634677	0.000508175
207	2.51383e-09	0.588865	0.947877	0.000414446	-0.801945	0.499994	0.000722076
208	2.51383e-09	0.0932976	-1.09234	0.00183795	0.951647	0.08125	0.000599355
209	2.51383e-09	-0.355202	-1.04574	0.00259373	0.899034	-0.309019	0.000820438
210	2.51383e-09	-0.0783032	-1.09955	-0.00180732	0.949132	-0.0696682	0.00097519
211	2.51383e-09	-0.96948	0.523945	-0.000496776	-0.453937	-0.836128	-0.000458032
212	2.51383e-09	-0.640063	-0.916443	-0.00221827	0.773646	-0.539155	-0.00154906
213	2.51383e-09	-0.882829	-0.663762	0.00111996	0.572071	-0.759678	0.00218194
214	2.51383e-09	0.677664	0.867756	-0.000507794	-0.748375	0.587846	-0.00141332
215	2.51383e-09	1.01166	-0.471586	0.00133419	0.396555	0.857614	-0.00199483
216	2.51383e-09	-0.671976	-0.882985	0.000142246	0.758304	-0.576634	-0.00118321
217	2.51383e-09	1.05559	0.371188	0.000972964	-0.313811	0.892725	0.000323382
218	2.51383e-09	-0.970091	-0.4871	0.000887928	0.429733	-0.854962	-0.00192771
219	2.51383e-09	-0.14319	-1.11545	0.00046783	0.935254	-0.116365	-3.57881e-05
220	2.51383e-09	-0.385195	-1.04635	0.00111935	0.889538	-0.325148	0.00200002
221	2.51383e-09	-0.986509	0.463073	-0.00190707	-0.407898	-0.868782	-0.00106883
222	2.51383e-09	-0.952836	0.581712	0.00241456	-0.489749	-0.808129	-0.00190675
223	2.51383e-09	0.983111	0.52186	0.000868146	-0.444109	0.835974	-0.00139818
224	2.51383e-09	1.10235	-0.0505112	0.000846268	0.0408572	0.948916	-0.000209215
225	2.51383e-09	-0.734571	0.837799	0.000924316	-0.715152	-0.622908	-0.000238653
226	2.51383e-09	-0.941269	0.607772	0.00186147	-0.510802	-0.794779	0.00172071
227	2.51383e-09	0.717231	-0.847094	-0.0019361	0.720335	0.615654	0.00178818
228	2.51383e-09	-0.994946	0.514014	-0.000903511	-0.42949	-0.840948	0.00065725
229	2.51383e-09	-0.799018	-0.791683	0.0033678	0.661236	-0.674217	-0.000607346
230	2.51383e-09	1.12325	-0.189645	-0.000885956	0.161739	0.923144	0.0014601
231	2.51383e-09	-0.83238	-0.776864	-0.000501038	0.639918	-0.679561	0.0027645
232	2.51383e-09	1.08963	0.21198	0.00121976	-0.178098	0.92956	0.001705
233	2.51383e-09	0.436006	1.03058	-0.000793806	-0.870706	0.361996	0.00235153
234	2.51383e-09	-0.69096	0.884437	-0.00223698	-0.74381	-0.581166	0.000959793
235	2.51383e-09	1.10025	0.216409	0.00324834	-0.182413	0.924325	0.0024485
236	2.51383e-09	-1.03563	0.453774	1.8217e-05	-0.380932	-0.859411	0.00100244
237	2.51383e-09	1.00045	0.45765	-0.000884762	-0.397987	0.870479	-0.000117636
238	2.51383e-09	0.888108	0.722348	0.000307363	-0.58322	0.72922	-8.0941e-05
239	2.51383e-09	0.447121	-1.01091	0.00250912	0.871159	0.386373	-0.00202926
240	2.51383e-09	-1.12775	0.106912	-0.00062501	-0.084256	-0.932796	-0.00122533
241	2.51383e-09	-0.706431	0.858482	0.000270152	-0.734508	-0.605198	0.00036722
242	2.51383e-09	0.757718	-0.872593	0.000235135	0.70083	0.611667	-0.00161664
243	2.51383e-09	-0.856153	0.715897	-0.00288896	-0.608932	-0.727899	0.00155683
244	2.51383e-09	-0.104296	-1.13163	0.00321613	0.933435	-0.0828166	0.000391253
245	2.51383e-09	-1.086	0.278724	0.00378908	-0.231156	-0.915162	0.00239376
246	2.51383e-09	1.09041	-0.265923	-0.00284457	0.226249	0.91634	0.00215284
247	2.51383e-09	-0.556891	0.944051	0.00106092	-0.824518	-0.487616	0.000291952
248	2.51383e-09	0.898213	-0.668956	-0.000599648	0.564391	0.758553	-0.00190423
249	2.51383e-09	-1.12787	0.0282962	0.00135202	-0.0219314	-0.938443	0.000144699
250	2.51383e-09	-1.10609	-0.222716	-0.000754647	0.185643	-0.922638	-0.00168773
251	2.51383e-09	-1.01899	0.490426	-0.000596183	-0.409147	-0.845294	-0.0011695
252	2.51383e-09	1.0059	0.49475	0.000652781	-0.416445	0.84742	-0.0010942
253	2.51383e-09	-0.660453	0.942089	-0.00103223	-0.759834	-0.534274	0.00251088
254	2.51383e-09	-0.544226	0.98548	0.00293571	-0.824239	-0.454961	-0.00108252
255	2.51383e-09	-0.533686	-1.00868	-0.00121526	0.826253	-0.439471	-0.000604118
256	2.51383e-09	-1.14718	0.030982	0.00158965	-0.0330664	-0.932928	-0.000238058
257	2.51383e-09	-0.82766	0.771864	-0.00230214	-0.638775	-0.687283	0.00202334
258	2.51383e-09	0.848326	-0.753585	-0.00420139	0.622863	0.700199	-0.00125126
259	2.51383e-09	-1.0963	-0.266408	-6.83674e-05	0.226486	-0.913686	-0.00107152
260	2.51383e-09	-1.11821	-0.137697	-0.00314582	0.111284	-0.936194	0.00199873
261	2.51383e-09	-0.54976	1.0049	-0.00323989	-0.818498	-0.450687	0.000278861
262	2.51383e-09	1.03282	-0.401636	0.00479999	0.34372	0.888778	0.00246054
263	2.51383e-09	0.371476	1.07142	0.00203613	-0.889595	0.310157	0.000602384
264	2.51383e-09	-0.977351	-0.557734	0.000353751	0.468749	-0.817791	0.000194503
265	2.51383e-09	-0.504985	1.03543	0.000581349	-0.839113	-0.403746	0.000199244
266	2.51383e-09	0.233671	-1.10882	0.000735376	0.919633	0.194262	-0.000701131
267	2.51383e-09	0.654329	0.923185	-0.00193974	-0.76873	0.538122	0.00107531
268	2.51383e-09	-0.779254	0.817525	-0.00028298	-0.681485	-0.654258	0.00088188
269	2.51383e-09	-1.14643	0.115818	-0.00222623	-0.0940523	-0.924589	-0.000448315
270	2.51383e-09	0.641066	-0.93753	-0.000890614	0.774742	0.529136	-0.000977153
271	2.51383e-09	-0.760748	0.856331	-0.00125292	-0.698268	-0.619573	-0.000897483
272	2.51383e-09	-1.11798	-0.213314	0.00349569	0.175092	-0.920654	-0.00108178
273	2.51383e-09	-0.683959	0.905316	-0.000798948	-0.749158	-0.568484	-0.00116873
274	2.51383e-09	1.06251	-0.379459	-0.00171509	0.310888	0.886418	-0.00146044
275	2.51383e-09	0.828032	-0.767	0.00306548	0.640336	0.692246	-0.000157517
276	2.51383e-09	-0.337515	1.09702	-5.07376e-05	-0.889027	-0.274502	-0.000358924
277	2.51383e-09	-0.994639	0.584116	0.00282286	-0.467262	-0.799625	-0.00120077
278	2.51383e-09	-0.646335	-0.952813	0.00151871	0.77304	-0.519953	-0.000961951
279	2.51383e-09	1.11594	0.291339	-0.00136363	-0.237884	0.901814	-0.000279968
280	2.51383e-09	1.03179	0.536684	0.000809649	-0.42941	0.819906	-0.000777144
281	2.51383e-09	-0.700562	0.892864	0.00076383	-0.739122	-0.579686	-0.000305702
282	2.51383e-09	1.12833	-0.212582	2.53732e-05	0.174821	0.91678	-0.00265055
283	2.51383e-09	0.354085	-1.07436	0.000147591	0.895912	0.289738	-0.00143859
284	2.51383e-09	0.909747	-0.727019	0.00232173	0.57766	0.722231	3.57869e-05
285	2.51383e-09	-0.356638	-1.09675	0.000405182	0.883178	-0.28868	0.00128832
286	2.51383e-09	0.840323	-0.757371	0.0010584	0.630229	0.696949	0.000873591
287	2.51383e-09	0.829819	0.78753	-0.00205093	-0.641727	0.677262	0.000211642
288	2.51383e-09	1.0421	0.511879	-0.000973425	-0.406066	0.834829	-0.00126883
289	2.51383e-09	-1.13864	-0.0850135	-0.000756065	0.0705297	-0.93572	-0.00235867
290	2.51383e-09	1.13946	-0.0032728	-0.00245042	0.00360161	0.936432	0.00252976
291	2.51383e-09	-0.270337	1.11063	-0.00214127	-0.906751	-0.223926	-0.00100843
292	2.51383e-09	1.14554	-0.00932109	0.00157818	0.00626647	0.93424	-0.00131741
293	2.51383e-09	0.270014	1.10332	0.00300238	-0.91187	0.225043	0.00095969
294	2.51383e-09	1.11466	0.356556	0.00455642	-0.281718	0.880092	-0.00285513
295	2.51383e-09	0.766495	-0.843276	0.00274745	0.694865	0.626434	0.000660815
296	2.51383e-09	-0.37844	1.09121	-0.004231	-0.880133	-0.305601	0.00171503
297	2.51383e-09	-1.04891	-0.466362	-0.00149699	0.378064	-0.851507	0.000507896
298	2.51383e-09	0.635561	0.969582	8.57498e-05	-0.773208	0.510672	0.00211562
299	2.51383e-09	1.15025	-0.252061	-0.00162755	0.198566	0.894786	0.000386867
300	2.51383e-09	-0.713397	-0.913019	0.00430594	0.732951	-0.574388	-0.00156905
301	2.51383e-09	-0.780202	-0.838449	-0.000255737	0.684254	-0.64016	0.0020964
302	2.51383e-09	-0.796199	0.861901	-0.000904809	-0.671946	-0.628046	-0.00413103
303	2.51383e-09	-0.891182	-0.723893	-0.002741	0.59247	-0.722407	-0.00110366
304	2.51383e-09	0.801018	0.841127	0.00223452	-0.671902	0.639364	0.000547928
305	2.51383e-09	1.09439	0.33414	0.00187417	-0.275219	0.893737	-0.00137988
306	2.51383e-09	0.809705	0.826111	0.00164806	-0.663233	0.650304	-0.000374369
307	2.51383e-09	0.853573	-0.77935	0.00267791	0.626675	0.686155	-0.000491619
308	2.51383e-09	0.994108	0.623199	-0.000788104	-0.487207	0.782884	0.000302558
309	2.51383e-09	1.14958	-0.0320574	-0.000590796	0.0274918	0.931728	-0.00131511
310	2.51383e-09	1.10388	0.331716	0.00283041	-0.270447	0.893503	0.00082148
311	2.51383e-09	-0.582376	0.997536	0.00229879	-0.805858	-0.465364	-0.0012194
312	2.51383e-09	0.959012	0.657253	0.000684495	-0.524164	0.766375	0.00179189
313	2.51383e-09	-0.375933	-1.09133	-0.00253228	0.880838	-0.298892	-0.0022971
314	2.51383e-09	0.286161	-1.10999	-0.00174382	0.905508	0.23165	0.000582356
315	2.51383e-09	-1.0941	-0.42647	-0.00108509	0.333576	-0.858796	0.00118205
316	2.51383e-09	-1.03927	-0.536525	0.000834261	0.426808	-0.819316	-0.00149247
317	2.51383e-09	-0.214719	-1.14078	0.00332868	0.91139	-0.174609	-0.00111605
318	2.51383e-09	-1.10269	0.361813	-0.00102417	-0.292098	-0.881176	-0.00208477
319	2.51383e-09	1.1441	0.24877	-0.00187941	-0.194154	0.90265	0.00120492
320	2.51383e-09	0.460558	1.08302	9.01605e-05	-0.849774	0.361617	-0.000219606
321	2.51383e-09	0.846729	-0.789968	0.000744678	0.636717	0.679888	-1.43003e-05
322	2.51383e-09	0.702578	0.918834	-0.000161056	-0.740608	0.563174	0.00133196
323	2.51383e-09	-0.583823	0.99764	8.49714e-05	-0.806897	-0.468642	0.000758753
324	2.51383e-09	0.947462	-0.700781	-0.000347783	0.547633	0.740328	-0.000976661
325	2.51383e-09	0.849156	0.777198	-0.00104143	-0.629762	0.691168	0.00128815
326	2.51383e-09	0.721639	0.930509	-0.00162194	-0.729195	0.561393	0.0028869
327	2.51383e-09	0.273442	-1.14293	-0.0032903	0.896714	0.216576	-0.00112954
328	2.51383e-09	-0.450634	-1.04844	0.00120767	0.861874	-0.370284	0.00039872
329	2.51383e-09	-1.07401	-0.486089	0.000242555	0.3764	-0.843899	-0.000505798
330	2.51383e-09	1.05471	0.491511	-0.000634137	-0.393166	0.837562	-0.000657175
331	2.51383e-09	0.957895	0.648528	-0.00100737	-0.522853	0.770792	-0.00233866
332	2.51383e-09	1.06622	0.476591	-0.000321139	-0.375241	0.846386	-0.000439487
333	2.51383e-09	-1.10086	0.425188	0.00166771	-0.332943	-0.859135	0.000523156
334	2.51383e-09	1.14409	-0.204351	-0.000237398	0.16362	0.916956	-0.00112074
335	2.51383e-09	-1.05353	0.533835	-4.9546e-05	-0.418138	-0.818836	0.000225564
336	2.51383e-09	0.988811	0.626279	-0.00181409	-0.496927	0.778241	-0.000407737
337	2.51383e-09	1.13261	0.320608	0.00200606	-0.249871	0.889291	0.000469925
338	2.51383e-09	0.660487	0.971677	0.000485809	-0.764497	0.51708	-0.00160198
339	2.51383e-09	1.02225	-0.592509	0.00227894	0.461163	0.799085	0.00151089
340	2.51383e-09	1.00008	-0.632354	-0.000830135	0.490253	0.775346	-0.00169165
341	2.51383e-09	-1.18341	-0.0180301	-0.00140735	0.0141602	-0.918071	0.00132728
342	2.51383e-09	0.822897	0.834743	-0.0017533	-0.656691	0.647352	-0.000122785
343	2.51383e-09	-1.10349	0.336198	-0.00230513	-0.270063	-0.892856	-0.000614444
344	2.51383e-09	-0.23162	-1.16399	-0.000147901	0.897219	-0.182239	0.000797156
345	2.51383e-09	-0.0281273	1.17247	-0.00343707	-0.922755	-0.0225755	-0.000331223
346	2.51383e-09	1.13814	-0.266504	0.000837171	0.206724	0.902126	-0.00239906
347	2.51383e-09	-1.15947	0.0146966	0.000888163	-0.0131811	-0.932914	0.00102054
348	2.51383e-09	1.0808	0.47041	0.00126022	-0.363041	0.847221	0.00222798
349	2.51383e-09	0.864848	0.784625	0.0012426	-0.624226	0.685269	-0.00200759
350	2.51383e-09	-1.16175	0.198531	0.000455403	-0.151194	-0.908188	-0.00186261
351	2.51383e-09	0.635114	1.00861	0.000638807	-0.773183	0.491349	3.24581e-05
352	2.51383e-09	1.13616	-0.302201	0.00338011	0.238724	0.891276	-0.00068222
353	2.51383e-09	-0.956169	0.715001	0.00150431	-0.54722	-0.736127	0.00350048
354	2.51383e-09	0.99131	0.645703	-0.00217956	-0.499981	0.772753	-0.00201923
355	2.51383e-09	1.04153	0.493633	0.00300372	-0.399369	0.84298	-0.00220834
356	2.51383e-09	-0.19782	1.17365	0.00143928	-0.903858	-0.156536	-0.000577195
357	2.51383e-09	0.886894	-0.786367	-0.00116945	0.607534	0.687003	-0.000639813
358	2.51383e-09	0.560372	-1.0611	-0.00397288	0.806951	0.423568	-0.000766756
359	2.51383e-09	-0.988685	0.658346	0.00351002	-0.507894	-0.766264	0.00170144
360	2.51383e-09	-1.15086	-0.222043	-0.00031763	0.174774	-0.9058	-0.00062202
361	2.51383e-09	-1.00221	-0.601411	-0.00193367	0.477813	-0.792604	-0.00126385
362	2.51383e-09	0.52804	-1.04886	-0.0021085	0.824653	0.414015	0.000995152
363	2.51383e-09	0.6361	1.00186	0.00187065	-0.770405	0.49581	-0.000566331
364	2.51383e-09	0.608526	0.992003	-0.00123315	-0.791105	0.485294	0.000353835
365	2.51383e-09	0.600428	1.03389	-0.000936259	-0.791258	0.458885	0.00228323
366	2.51383e-09	1.10887	-0.414156	0.00185125	0.32192	0.861295	0.00147935
367	2.51383e-09	0.567583	1.0433	-0.000464331	-0.804275	0.443942	-0.0019836
368	2.51383e-09	1.17376	0.236339	-0.000305247	-0.178218	0.897836	-0.00074591
369	2.51383e-09	-0.410044	-1.12181	-0.000787087	0.859815	-0.314752	-0.000505918
370	2.51383e-09	-0.989777	-0.66896	0.000163561	0.508884	-0.758903	0.000832047
371	2.51383e-09	-1.11568	0.458937	0.00111052	-0.34577	-0.843051	-0.000521418
372	2.51383e-09	-0.624121	-1.02043	0.0032414	0.781424	-0.473783	-6.56461e-05
373	2.51383e-09	-0.316578	1.14505	-0.00243232	-0.882914	-0.24729	-0.000718458
374	2.51383e-09	1.20086	0.0758116	0.00253061	-0.057745	0.911943	-0.00198083
375	2.51383e-09	0.365794	-1.13413	0.00118114	0.872487	0.281506	-0.0001967
376	2.51383e-09	0.441741	-1.10264	-0.00230038	0.850173	0.342322	0.000105799
377	2.51383e-09	-0.421799	1.10694	0.00231467	-0.861459	-0.325781	-0.000371688
378	2.51383e-09	0.950117	-0.732381	0.00127148	0.558777	0.720488	0.00118141
379	2.51383e-09	1.03854	-0.54411	0.00285279	0.42976	0.821778	0.000336332
380	2.51383e-09	-0.526021	1.05701	0.000283901	-0.825054	-0.412922	0.000446544
381	2.51383e-09	-0.826454	0.857243	0.00138794	-0.659211	-0.63429	0.000570989
382	2.51383e-09	-1.1603	0.309552	0.00257302	-0.233227	-0.880003	-0.000138777
383	2.51383e-09	0.390331	1.11254	0.00139267	-0.869738	0.298432	6.63394e-05
384	2.51383e-09	0.101722	1.19161	0.000662607	-0.913856	0.074854	0.00182664
385	2.51383e-09	-0.70047	-0.956443	0.000985041	0.74284	-0.541175	-0.000788691
386	2.51383e-09	0.0123752	1.1968	-0.000640762	-0.914358	0.00962462	0.00258724
387	2.51383e-09	-1.11519	0.454953	-0.000824329	-0.344189	-0.84198	0.00265091
388	2.51383e-09	-1.19545	0.0545282	-0.000261062	-0.0467906	-0.915356	-0.000481161
389	2.51383e-09	1.13762	-0.346734	-0.00189771	0.269777	0.875373	-0.00182904
390	2.51383e-09	-1.1104	0.408691	-0.00389914	-0.320723	-0.861441	0.000874866
391	2.51383e-09	-0.113773	1.20713	0.00171927	-0.902089	-0.0864641	-0.00147629
392	2.51383e-09	-0.917804	0.77225	-0.0050201	-0.589678	-0.698268	-0.00242332
393	2.51383e-09	0.874399	0.846965	-0.00122949	-0.626996	0.650588	0.00221478
394	2.51383e-09	-0.62591	-1.02605	0.00194739	0.780942	-0.471487	0.000105839
395	2.51383e-09	-1.18822	0.100532	0.00101526	-0.0782356	-0.914503	-0.000324345
396	2.51383e-09	1.10612	0.485209	-0.000878933	-0.363019	0.83378	0.000654222
397	2.51383e-09	-1.19127	0.209835	0.00196733	-0.158922	-0.89337	0.00218796
398	2.51383e-09	-1.16305	-0.305108	-0.00194905	0.235321	-0.883021	-8.80051e-05
399	2.51383e-09	-1.19714	0.0926739	-0.00213904	-0.0737964	-0.909323	0.00167613
400	2.51383e-09	-0.856757	0.832397	-0.000841419	-0.63413	-0.659747	-0.00247789
