4.638001e+03
401
0	1	0.000214367	0.000132873	-1.9565e-07	9.89865e-08	2.54084e-08	-2.6414e-11
1	2.51383e-09	-0.0298565	1.0018	0.000531569	-0.997618	-0.0324028	0.000565095
2	2.51383e-09	0.713013	-0.714425	-0.00169254	0.704263	0.70239	-0.00067957
3	2.51383e-09	-0.617717	0.783631	-0.000442936	-0.784475	-0.619958	0.000633351
4	2.51383e-09	-0.0363843	1.00564	0.000649176	-0.995828	-0.0386107	0.00120255
5	2.51383e-09	0.829689	-0.564249	-0.000710063	0.560236	0.825133	0.000218055
6	2.51383e-09	0.370514	-0.940838	-0.00167436	0.925399	0.363322	-5.5091e-05
7	2.51383e-09	0.490577	-0.874296	-0.00162936	0.869687	0.489641	0.000398684
8	2.51383e-09	0.281502	0.966087	-0.000461859	-0.954716	0.27883	-0.000917895
9	2.51383e-09	0.919432	0.390884	8.80783e-05	-0.39147	0.922594	-0.00119804
10	2.51383e-09	0.319552	0.951133	-0.000224762	-0.945556	0.315781	0.00065263
11	2.51383e-09	-0.55277	0.832562	-0.00021681	-0.835141	-0.551118	-0.000449603
12	2.51383e-09	0.998776	0.210011	-0.00110674	-0.20303	0.967131	0.00122841
13	2.51383e-09	0.0843699	1.00182	0.000867467	-0.994372	0.0820723	-0.00193513
14	2.51383e-09	-0.378766	0.939761	0.00191829	-0.918929	-0.373449	-0.00155362
15	2.51383e-09	-0.370198	0.936407	0.00208588	-0.922172	-0.368518	0.00126374
16	2.51383e-09	0.825419	0.559672	-0.00148267	-0.565512	0.828271	-0.000853238
17	2.51383e-09	0.53337	-0.860958	0.00150026	0.84499	0.519549	0.00105516
18	2.51383e-09	-0.757109	-0.666143	0.00040436	0.653869	-0.753351	0.000382406
19	2.51383e-09	-0.96908	-0.320138	-0.00198083	0.307172	-0.937352	-0.000606842
20	2.51383e-09	-0.293246	-0.984396	-0.00299971	0.945508	-0.279509	0.000880827
21	2.51383e-09	0.782802	-0.633087	0.00258713	0.622846	0.779413	0.00152016
22	2.51383e-09	1.00777	-0.147803	-0.00156513	0.140146	0.97946	-0.000117585
23	2.51383e-09	0.960274	-0.327484	-0.00118203	0.326005	0.939336	0.00141031
24	2.51383e-09	0.98555	0.219273	-0.00164199	-0.216702	0.974985	0.00012939
25	2.51383e-09	-0.958204	0.348866	0.00136606	-0.340528	-0.9307	-0.00113097
26	2.51383e-09	0.980454	-0.238336	0.00153148	0.23387	0.97056	-0.000359903
27	2.51383e-09	-0.871292	0.501075	0.00140772	-0.500102	-0.865642	0.00139991
28	2.51383e-09	0.765248	-0.669204	0.0005204	0.656773	0.741029	0.000311713
29	2.51383e-09	1.0074	-0.106017	0.00093447	0.103763	0.987849	-0.000951545
30	2.51383e-09	0.842031	0.549158	-0.000179684	-0.544928	0.836033	-6.06462e-05
31	2.51383e-09	0.261591	-0.969087	0.00128612	0.965523	0.260924	0.00180536
32	2.51383e-09	0.818193	0.585771	-0.00106336	-0.581023	0.811193	0.000549603
33	2.51383e-09	0.821818	0.616922	0.000908962	-0.591886	0.785122	2.305e-05
34	2.51383e-09	-0.874145	0.547658	0.00142912	-0.52041	-0.834605	0.00109251
35	2.51383e-09	-0.620464	-0.8133	0.00126275	0.786088	-0.598814	0.00216096
36	2.51383e-09	-0.811622	0.617051	-0.00200957	-0.598189	-0.788209	0.00209761
37	2.51383e-09	-0.297379	0.974515	0.00244277	-0.949115	-0.288015	-0.00287296
38	2.51383e-09	-0.959584	-0.292486	0.00159462	0.289053	-0.956436	-0.00175628
39	2.51383e-09	0.413891	0.918721	-0.000334543	-0.90652	0.412679	0.00193171
40	2.51383e-09	0.271522	-0.975753	0.000933639	0.959165	0.260524	-0.00286754
41	2.51383e-09	1.0094	-0.0950538	0.00216989	0.0918581	0.988389	-0.00127745
42	2.51383e-09	0.847617	0.586435	0.00175261	-0.560422	0.809528	0.000247002
43	2.51383e-09	-0.395419	0.928725	-0.00121237	-0.917549	-0.389937	0.002421
44	2.51383e-09	0.607567	-0.826869	2.0905e-05	0.798556	0.585153	-0.00173287
45	2.51383e-09	0.169773	1.02	-0.000142237	-0.969728	0.162185	0.00190426
46	2.51383e-09	-0.222121	-0.993788	0.00139789	0.969387	-0.214192	0.000995822
47	2.51383e-09	-0.341422	0.961674	0.000339959	-0.933593	-0.328373	0.00116883
48	2.51383e-09	0.0629375	1.02749	3.4156e-05	-0.981821	0.0613433	0.000580774
49	2.51383e-09	0.128014	1.01902	0.000831688	-0.97838	0.123313	3.44223e-05
50	2.51383e-09	-0.572591	0.860053	0.00219783	-0.819554	-0.543179	0.000945507
51	2.51383e-09	-0.349502	0.959506	-0.0012676	-0.92972	-0.336651	0.000199753
52	2.51383e-09	0.237412	1.00098	0.000798152	-0.958687	0.229568	-0.00103269
53	2.51383e-09	1.02423	-0.0927397	0.000250475	0.0892591	0.980527	0.000586165
54	2.51383e-09	0.654863	0.790472	-0.00128574	-0.760098	0.625862	0.000504183
55	2.51383e-09	0.967424	0.34116	-1.82015e-05	-0.332676	0.932128	0.00105156
56	2.51383e-09	-0.973248	0.317212	-0.00168136	-0.306919	-0.940903	-0.000983809
57	2.51383e-09	0.104087	1.03395	0.00221966	-0.978492	0.0992744	0.000571779
58	2.51383e-09	0.65775	-0.809836	0.000243104	0.760932	0.615752	0.00156078
59	2.51383e-09	-0.729955	-0.730525	0.000792165	0.691035	-0.696428	0.00267171
60	2.51383e-09	0.423645	0.929563	-6.31425e-05	-0.89977	0.409951	-0.000801053
61	2.51383e-09	-0.912129	0.494133	-4.15036e-05	-0.468535	-0.861043	-0.00348355
62	2.51383e-09	-0.711362	-0.74477	-0.000854094	0.712021	-0.681975	-0.000647406
63	2.51383e-09	-0.723036	-0.718268	-0.00109427	0.697459	-0.705992	0.000654103
64	2.51383e-09	0.238626	-0.999819	0.0017815	0.960561	0.223534	-0.000207193
65	2.51383e-09	-0.823496	-0.631439	-0.00109214	0.599032	-0.776709	0.00173313
66	2.51383e-09	-0.0333956	-1.02743	0.00289259	0.985477	-0.0253203	0.000675389
67	2.51383e-09	-1.03063	0.127104	-0.00213888	-0.124812	-0.972138	-0.0008595
68	2.51383e-09	-1.00597	0.226544	0.00213425	-0.218932	-0.959202	-0.000304432
69	2.51383e-09	-0.597	-0.849311	0.00322908	0.803433	-0.56126	0.000428253
70	2.51383e-09	0.0696275	-1.02756	-0.00307119	0.984158	0.0685773	-1.21079e-07
71	2.51383e-09	0.571473	0.866198	-0.000465892	-0.818948	0.538472	-0.000139323
72	2.51383e-09	-0.579203	-0.87956	0.000155976	0.811438	-0.536894	-0.000994264
73	2.51383e-09	-0.381857	0.963364	-0.000649825	-0.913507	-0.364223	0.00132924
74	2.51383e-09	-0.134492	-1.0401	-6.84417e-05	0.968721	-0.12031	-0.000433768
75	2.51383e-09	-0.905277	-0.509929	-0.00079889	0.481524	-0.855845	5.29887e-05
76	2.51383e-09	-0.527269	-0.901438	-0.00181921	0.845353	-0.495585	-0.001071
77	2.51383e-09	-0.923765	-0.51725	-0.00112927	0.477672	-0.847021	0.000524163
78	2.51383e-09	0.0319589	1.04827	0.000874822	-0.974192	0.0353473	-0.00102577
79	2.51383e-09	0.318257	0.976789	-8.10857e-05	-0.940814	0.307434	0.00248634
80	2.51383e-09	1.04352	0.121337	0.000445861	-0.111231	0.969394	0.00124958
81	2.51383e-09	-0.833242	-0.622056	-0.00224919	0.58603	-0.785891	0.000126892
82	2.51383e-09	0.164562	1.03718	-0.000171814	-0.965359	0.148444	0.00200719
83	2.51383e-09	-1.02712	-0.159148	1.61287e-05	0.148507	-0.970935	0.00216832
84	2.51383e-09	1.05049	0.00942879	-0.00106111	-0.00784766	0.975783	-0.000513273
85	2.51383e-09	0.752109	-0.705934	0.00131249	0.672971	0.717232	-0.000332517
86	2.51383e-09	0.595935	-0.858572	-0.00231564	0.804639	0.557117	-0.000380843
87	2.51383e-09	0.815628	0.629945	-0.000597014	-0.603259	0.782429	0.00133389
88	2.51383e-09	0.991062	0.288992	0.00213287	-0.27565	0.945386	-0.000383025
89	2.51383e-09	-0.451395	-0.952011	0.00108281	0.882511	-0.414558	-9.31438e-05
90	2.51383e-09	0.914247	-0.505409	-0.000129933	0.475153	0.854323	0.000278895
91	2.51383e-09	-0.45551	0.934097	-0.00288192	-0.879721	-0.430229	0.000729451
92	2.51383e-09	0.28198	-1.01186	-0.00156296	0.939595	0.263624	0.00120677
93	2.51383e-09	-1.02637	0.224889	0.00103546	-0.211832	-0.952713	-0.000586904
94	2.51383e-09	-1.01049	-0.270601	0.00121021	0.248092	-0.943959	-0.0018092
95	2.51383e-09	-0.174533	-1.02284	0.00233336	0.966865	-0.170537	-0.000717727
96	2.51383e-09	-0.0902011	1.04621	-0.000988748	-0.973506	-0.0848845	-9.04345e-05
97	2.51383e-09	-0.314637	1.0044	-0.0047847	-0.928627	-0.296272	0.00124224
98	2.51383e-09	-0.530113	0.926134	0.00228698	-0.83764	-0.480766	-0.00078222
99	2.51383e-09	0.61749	-0.858072	1.14892e-05	0.793381	0.564923	-0.00112436
100	2.51383e-09	-0.566572	0.885585	-0.00170752	-0.825251	-0.523404	-0.00139831
101	2.51383e-09	-0.943044	-0.438624	0.00148756	0.41462	-0.887647	0.000347507
102	2.51383e-09	0.738217	-0.713615	0.000755735	0.689488	0.707657	-0.00201203
103	2.51383e-09	0.998703	-0.32483	0.00174054	0.301902	0.927451	-0.00251063
104	2.51383e-09	-0.333156	0.991176	0.000754631	-0.929029	-0.313552	-0.000165619
105	2.51383e-09	-0.00926645	-1.04219	-0.000108232	0.98337	-0.0111212	-6.40144e-05
106	2.51383e-09	0.942011	-0.454203	0.000826468	0.425316	0.879907	0.000467755
107	2.51383e-09	-1.00337	-0.317086	0.000189117	0.295715	-0.929963	-0.00169626
108	2.51383e-09	1.04943	-0.156339	0.00222466	0.142456	0.961403	0.000141116
109	2.51383e-09	-0.711445	0.783966	3.44743e-05	-0.72124	-0.653162	-0.00261367
110	2.51383e-09	0.292438	1.00955	0.00115705	-0.939231	0.272886	0.00198113
111	2.51383e-09	-0.985194	-0.39809	0.000479466	0.36073	-0.901786	0.000323801
112	2.51383e-09	0.451275	-0.961076	0.000373338	0.879784	0.408618	-0.000994684
113	2.51383e-09	1.04848	-0.122972	0.00211305	0.114718	0.966457	-0.00138599
114	2.51383e-09	0.47782	0.930567	-0.000304142	-0.870688	0.449556	-0.00207541
115	2.51383e-09	-1.03814	-0.255439	-0.000303101	0.230984	-0.939249	-0.00102493
116	2.51383e-09	0.98767	-0.365933	-0.00140068	0.339014	0.912608	0.00113103
117	2.51383e-09	0.689021	0.818869	-0.000700662	-0.741222	0.618956	-0.000701466
118	2.51383e-09	-0.801282	0.690886	-0.00039243	-0.634488	-0.737767	0.000762292
119	2.51383e-09	0.918489	-0.513407	-0.000267888	0.474008	0.849754	-0.00216864
120	2.51383e-09	-0.121205	1.04093	-0.000755439	-0.969191	-0.115069	-0.00232008
121	2.51383e-09	0.451838	-0.957179	6.46949e-05	0.878948	0.417435	-0.000386388
122	2.51383e-09	0.06365	-1.06146	-0.00131105	0.970284	0.0562082	-0.000383292
123	2.51383e-09	1.02301	-0.240845	0.000985807	0.224537	0.946991	0.0016784
124	2.51383e-09	0.335553	1.01566	-0.00267835	-0.921819	0.300945	-0.00065739
125	2.51383e-09	0.824831	-0.663559	0.00209764	0.607014	0.758597	0.000719354
126	2.51383e-09	0.531549	0.912924	0.000240685	-0.840918	0.494462	0.000146188
127	2.51383e-09	-0.322188	1.00885	0.00233812	-0.926082	-0.293114	0.00188679
128	2.51383e-09	-0.860011	0.634106	-0.00334772	-0.572908	-0.780655	-0.00179212
129	2.51383e-09	-1.02607	0.2871	-0.000166503	-0.258026	-0.929466	-0.000352365
130	2.51383e-09	0.124895	-1.05557	0.00159065	0.961767	0.117329	-0.00053037
131	2.51383e-09	-0.537174	-0.94017	-0.002507	0.830785	-0.478409	-0.000896589
132	2.51383e-09	-0.736648	-0.782844	-0.00253986	0.706623	-0.656595	-0.000320111
133	2.51383e-09	-0.561363	-0.913369	-4.20605e-05	0.820182	-0.507427	-0.00305843
134	2.51383e-09	0.756233	-0.739411	-0.00125268	0.67941	0.697615	-0.00204761
135	2.51383e-09	-0.843781	0.660999	-0.00308587	-0.592652	-0.760656	0.00085622
136	2.51383e-09	1.00957	0.376768	0.00180932	-0.337839	0.902286	-0.00129487
137	2.51383e-09	0.890939	-0.575509	-0.000576371	0.529764	0.813767	-0.00280913
138	2.51383e-09	-1.02365	0.312427	-0.00255413	-0.280802	-0.9247	-0.000447993
139	2.51383e-09	-0.314501	-1.02306	0.00160767	0.923234	-0.283479	-0.00121828
140	2.51383e-09	-1.03431	-0.329789	0.00304539	0.291259	-0.914503	0.000526158
141	2.51383e-09	-0.143615	-1.05753	-0.00145651	0.96043	-0.124484	-0.00138529
142	2.51383e-09	1.0636	-0.172222	-0.00255916	0.158429	0.948758	-0.000379364
143	2.51383e-09	0.613642	0.876466	0.000254603	-0.791732	0.554345	0.00066759
144	2.51383e-09	1.03705	-0.311268	-0.00216562	0.275065	0.922805	-0.00165116
145	2.51383e-09	1.06173	-0.0334926	-0.000898652	0.0322525	0.969893	0.00054682
146	2.51383e-09	0.625955	0.904883	0.00237058	-0.782424	0.543847	0.000994793
147	2.51383e-09	0.603094	0.89624	0.00149641	-0.801234	0.534197	5.9499e-05
148	2.51383e-09	0.321457	1.03921	0.00084003	-0.914674	0.286056	-0.000852354
149	2.51383e-09	0.0299618	-1.06003	-0.000954038	0.973078	0.0187635	0.000396797
150	2.51383e-09	1.06666	0.179237	0.00344526	-0.158044	0.947901	0.00094431
151	2.51383e-09	-1.04734	-0.241953	0.00177097	0.21618	-0.940391	-4.43716e-05
152	2.51383e-09	-0.695032	0.808621	0.00165906	-0.733326	-0.633299	0.0008497
153	2.51383e-09	0.952142	-0.532083	0.000830378	0.467098	0.835821	0.00210208
154	2.51383e-09	-0.283714	-1.05928	0.000908472	0.921877	-0.242789	0.0021981
155	2.51383e-09	-0.36071	1.00384	-5.21875e-05	-0.912349	-0.330637	-0.000110585
156	2.51383e-09	-0.815955	0.733232	2.22534e-05	-0.635784	-0.706838	0.00215768
157	2.51383e-09	-0.987516	-0.417792	0.00167057	0.374424	-0.890623	-0.000312498
158	2.51383e-09	0.846413	-0.68929	0.00306369	0.606158	0.739777	0.00174094
159	2.51383e-09	-0.51951	-0.941311	-0.00205455	0.842614	-0.468579	0.000322259
160	2.51383e-09	-0.995928	-0.393956	-0.00163255	0.354417	-0.900318	0.000116217
161	2.51383e-09	-0.886254	0.630873	0.00157145	-0.557876	-0.780864	-0.00132638
162	2.51383e-09	0.520352	0.95641	-0.00184312	-0.841301	0.456208	0.00175927
163	2.51383e-09	0.976027	0.458938	-0.00109134	-0.411279	0.871164	0.001319
164	2.51383e-09	0.975615	-0.418797	0.000989462	0.384725	0.893989	-0.00220854
165	2.51383e-09	1.09626	0.0831323	0.000466201	-0.0764101	0.951268	-0.00179152
166	2.51383e-09	0.328989	-1.03244	0.00223976	0.916907	0.292513	0.000299243
167	2.51383e-09	1.00865	0.383032	-0.00392106	-0.345441	0.894677	-0.00117601
168	2.51383e-09	-0.90755	-0.572682	-0.0019913	0.514519	-0.820773	0.000532429
169	2.51383e-09	0.991939	0.416943	-0.000683257	-0.372208	0.890841	0.00186576
170	2.51383e-09	-0.374399	-1.02964	-0.00266937	0.898498	-0.323722	-0.0014103
171	2.51383e-09	1.04362	0.306746	-0.00177915	-0.271347	0.919448	-0.00229876
172	2.51383e-09	-0.437779	-1.00753	0.00069709	0.876482	-0.378059	-0.00150059
173	2.51383e-09	1.07302	0.235436	0.000848026	-0.201828	0.933436	0.00098346
174	2.51383e-09	-1.08926	-0.174523	0.000511032	0.153399	-0.93856	0.000961434
175	2.51383e-09	-0.800995	0.74811	0.00184526	-0.646028	-0.699867	0.000681473
176	2.51383e-09	-0.0892701	1.07947	-0.000502409	-0.955763	-0.0823495	0.00184497
177	2.51383e-09	0.810452	0.747862	-0.000820473	-0.646186	0.699976	-0.00227661
178	2.51383e-09	-0.615798	-0.892513	-0.000575905	0.790296	-0.545808	0.000977994
179	2.51383e-09	-1.07446	0.181631	0.000779674	-0.162086	-0.94638	0.000220833
180	2.51383e-09	-0.057053	-1.08855	0.00116889	0.954465	-0.0439381	0.00102314
181	2.51383e-09	-1.08916	-0.0756876	-0.000553555	0.0629374	-0.955042	-0.00107169
182	2.51383e-09	-0.646703	0.874784	0.00196985	-0.772299	-0.568173	-0.00155591
183	2.51383e-09	0.145554	1.09823	0.00273589	-0.94163	0.122038	0.000285822
184	2.51383e-09	0.952002	0.568131	-0.000411911	-0.485628	0.815153	-0.00159492
185	2.51383e-09	-0.705699	-0.826331	-0.00132155	0.727725	-0.623805	-0.000195551
186	2.51383e-09	-0.900391	-0.608219	0.000338086	0.529379	-0.797251	-0.000690138
187	2.51383e-09	-0.336215	1.01879	-0.00133922	-0.917208	-0.303711	0.00108905
188	2.51383e-09	0.424588	1.01392	0.000712495	-0.880665	0.370256	0.00189805
189	2.51383e-09	-1.07309	0.25906	0.00122908	-0.226152	-0.924555	-0.00131893
190	2.51383e-09	0.854795	0.69964	-0.00141793	-0.609082	0.73358	0.00130468
191	2.51383e-09	0.941873	-0.56316	0.000741825	0.488058	0.818731	-0.00251651
192	2.51383e-09	0.380815	1.03499	0.00116616	-0.891755	0.333063	-0.0030476
193	2.51383e-09	-0.681492	-0.867334	0.00191116	0.747424	-0.587594	-0.000721398
194	2.51383e-09	-0.876205	0.68673	0.000823757	-0.585854	-0.746448	0.00063891
195	2.51383e-09	-0.852256	-0.687549	0.000313122	0.598778	-0.741448	0.000984043
196	2.51383e-09	0.50102	-0.965824	-0.000229101	0.854268	0.439796	-0.00171979
197	2.51383e-09	0.806602	0.752895	-0.00174222	-0.646979	0.695387	0.000852893
198	2.51383e-09	-0.862297	0.693399	0.00227072	-0.598088	-0.740668	0.000112108
199	2.51383e-09	0.0135143	1.09747	0.00225161	-0.954529	0.0090123	-0.000840169
200	2.51383e-09	0.371804	1.04551	-0.000532321	-0.894624	0.316736	-0.000446587
201	2.51383e-09	0.064197	-1.09364	0.000122913	0.955626	0.0519081	-0.00172326
202	2.51383e-09	0.418741	1.0115	-0.00152156	-0.885813	0.364001	-0.00265364
203	2.51383e-09	-1.06033	0.209157	0.000562517	-0.185541	-0.944617	0.0011568
204	2.51383e-09	-0.444213	-1.01349	-0.00143158	0.871448	-0.378072	-4.50316e-05
205	2.51383e-09	-1.07589	-0.34409	-0.00123068	0.286351	-0.89575	0.000540635
206	2.51383e-09	0.0580293	1.10381	0.00236475	-0.948838	0.0470338	-0.00145219
207	2.51383e-09	-1.1055	0.110343	-0.000833415	-0.0939521	-0.944722	0.00115581
208	2.51383e-09	0.077961	1.08452	0.000535953	-0.957594	0.0682029	-0.000181281
209	2.51383e-09	-0.930505	0.559496	-0.00125873	-0.495214	-0.823041	-0.00188366
210	2.51383e-09	0.323518	1.05886	0.00134308	-0.911064	0.278438	-0.000424102
211	2.51383e-09	-1.01252	0.424419	5.14086e-06	-0.36867	-0.881445	0.000696039
212	2.51383e-09	-0.958667	-0.586919	0.001065	0.492838	-0.804011	-0.000134035
213	2.51383e-09	0.0655084	-1.09853	-0.0011119	0.950326	0.0572604	0.00142586
214	2.51383e-09	1.00854	-0.448893	0.00101464	0.393563	0.867171	0.000180082
215	2.51383e-09	0.158266	1.09311	0.000593996	-0.944623	0.134438	-0.000839498
216	2.51383e-09	1.08282	0.29007	-0.00105258	-0.23998	0.911415	-0.000786253
217	2.51383e-09	-1.04483	0.40797	0.000534128	-0.345384	-0.875844	-0.000553385
218	2.51383e-09	0.0451722	1.08801	-0.000390351	-0.956023	0.0420273	0.000518394
219	2.51383e-09	-0.413869	1.03259	3.2779e-05	-0.881959	-0.350787	-0.000357914
220	2.51383e-09	0.189724	-1.09596	-0.00249803	0.933568	0.160786	0.000505504
221	2.51383e-09	0.324867	1.04821	0.00190015	-0.914159	0.280038	0.00104635
222	2.51383e-09	0.323243	1.07463	-0.00170349	-0.901541	0.273474	0.000924136
223	2.51383e-09	-0.735445	0.848281	-0.000412264	-0.713904	-0.617126	0.00183632
224	2.51383e-09	0.636506	0.894987	7.15949e-05	-0.78212	0.549691	0.00128176
225	2.51383e-09	0.582006	-0.949924	0.000625089	0.805566	0.500056	-0.00101356
226	2.51383e-09	-0.497125	-1.00791	0.00113539	0.847439	-0.415422	-0.000616795
227	2.51383e-09	-0.601813	0.922663	0.00110154	-0.801536	-0.518114	0.00175828
228	2.51383e-09	1.05475	0.369383	0.000631198	-0.3128	0.891772	0.00142441
229	2.51383e-09	-0.309507	1.07794	-0.00335322	-0.907875	-0.264204	-0.00126497
230	2.51383e-09	0.530497	1.00559	-0.00344565	-0.829444	0.434925	-0.000596494
231	2.51383e-09	-0.588796	-0.966807	-0.000485054	0.803133	-0.485939	-0.00137423
232	2.51383e-09	-0.999835	0.481547	0.00170267	-0.405074	-0.856969	-0.00216047
233	2.51383e-09	1.10108	0.234902	0.0013296	-0.195756	0.917383	-0.00222276
234	2.51383e-09	-0.830366	0.747602	-0.00171753	-0.631302	-0.706127	-9.68591e-05
235	2.51383e-09	-0.588337	0.9441	0.0054781	-0.804704	-0.504113	0.000395094
236	2.51383e-09	-0.33048	-1.07858	-0.00105541	0.902727	-0.275895	0.000524904
237	2.51383e-09	-0.923116	0.635817	0.000736588	-0.538433	-0.777141	-0.000190061
238	2.51383e-09	-0.910756	-0.67175	-0.000313251	0.562745	-0.753477	0.00145389
239	2.51383e-09	-1.07809	0.257082	-0.00199378	-0.218554	-0.92391	-0.00056803
240	2.51383e-09	-0.276775	-1.09627	0.000357982	0.913161	-0.22612	-0.0020079
241	2.51383e-09	0.1801	-1.10765	0.00355302	0.929535	0.154811	-0.00102013
242	2.51383e-09	-1.14379	-0.162984	-0.000504853	0.128024	-0.920741	0.00184278
243	2.51383e-09	-1.04549	0.38871	-0.00197903	-0.328648	-0.890644	-0.000899513
244	2.51383e-09	-0.208969	-1.11808	-0.000236075	0.920897	-0.171144	0.00092448
245	2.51383e-09	0.749331	-0.827711	0.00286603	0.702008	0.636816	-0.000854742
246	2.51383e-09	0.468184	1.01166	-0.00257959	-0.857327	0.40438	-0.000320647
247	2.51383e-09	-1.10149	0.126792	2.0869e-05	-0.1116	-0.942055	0.00220645
248	2.51383e-09	0.218949	-1.08981	0.000362827	0.931939	0.186915	0.00168577
249	2.51383e-09	-1.08006	0.323206	-0.00102117	-0.268019	-0.901351	0.000184689
250	2.51383e-09	1.11257	-0.213678	0.000106471	0.179393	0.921468	-0.00224517
251	2.51383e-09	-1.11011	0.213715	0.00203019	-0.179348	-0.922772	-0.00209086
252	2.51383e-09	-0.0737007	1.11964	0.00301968	-0.943681	-0.0642666	-0.0002872
253	2.51383e-09	0.526629	1.00222	0.00141474	-0.833554	0.436649	-0.000318275
254	2.51383e-09	-0.745289	0.834375	0.00148731	-0.704313	-0.633168	0.000683309
255	2.51383e-09	0.549892	-0.991542	-0.000935616	0.82269	0.451022	-0.00296977
256	2.51383e-09	0.498796	1.03195	0.000257842	-0.839783	0.404847	-0.00177116
257	2.51383e-09	-0.415635	1.05227	-0.000245038	-0.873719	-0.347301	0.000647165
258	2.51383e-09	-0.000829181	-1.1323	0.00327172	0.941359	-0.00498228	-0.000885822
259	2.51383e-09	-1.00537	-0.515336	0.00114408	0.43256	-0.834675	0.00200956
260	2.51383e-09	-0.0719785	1.13339	0.00396785	-0.936406	-0.0637563	-0.00120974
261	2.51383e-09	-0.168756	-1.12518	-0.00127107	0.929499	-0.139352	0.0010712
262	2.51383e-09	0.640903	-0.901669	-0.00336332	0.776291	0.555023	0.00217806
263	2.51383e-09	-0.209478	-1.12027	0.00148386	0.919294	-0.172404	-0.000985643
264	2.51383e-09	-1.01872	-0.494527	-0.00132476	0.411934	-0.842405	0.000408634
265	2.51383e-09	0.121486	-1.13628	-0.00135754	0.930719	0.103331	-0.000443174
266	2.51383e-09	0.988147	0.555847	0.000932126	-0.458641	0.820251	-0.00099102
267	2.51383e-09	-0.554044	-0.980244	0.00317238	0.819101	-0.467782	0.00096693
268	2.51383e-09	0.870187	0.722412	0.00047689	-0.602159	0.723085	0.000371387
269	2.51383e-09	0.223575	-1.12318	0.00123296	0.914651	0.186261	0.000905508
270	2.51383e-09	0.988225	-0.552118	-0.00118642	0.458968	0.821853	-0.00159569
271	2.51383e-09	-0.529856	1.01677	-0.00130116	-0.8292	-0.432165	-0.000416597
272	2.51383e-09	1.11178	-0.271244	0.000152486	0.219442	0.908487	-0.00285616
273	2.51383e-09	-0.238861	1.11452	1.69534e-05	-0.916336	-0.201072	0.000661766
274	2.51383e-09	-0.96621	-0.571823	-0.000326814	0.475293	-0.815358	0.000804491
275	2.51383e-09	0.756707	-0.837676	-0.000476013	0.69859	0.634678	0.00246158
276	2.51383e-09	-0.278891	1.09922	-0.00158196	-0.909909	-0.23041	0.000282597
277	2.51383e-09	0.313022	1.10131	-4.17431e-05	-0.897086	0.260046	-0.000549032
278	2.51383e-09	-0.493398	-1.02377	-0.00015483	0.846929	-0.408521	0.000723658
279	2.51383e-09	-1.13869	-0.148301	-2.81351e-05	0.124305	-0.923524	-0.000120583
280	2.51383e-09	-0.157816	-1.15319	0.00095432	0.917876	-0.12695	0.00106624
281	2.51383e-09	1.13682	-0.0960231	-0.00106473	0.0773986	0.931501	0.000485978
282	2.51383e-09	0.877581	0.735563	0.0031109	-0.602414	0.714276	-0.000503085
283	2.51383e-09	1.12217	0.1791	0.00152367	-0.144118	0.925511	-0.000927713
284	2.51383e-09	-0.669344	0.937798	0.00195777	-0.756577	-0.54459	0.000747951
285	2.51383e-09	0.980016	-0.62524	-0.00183139	0.493741	0.783181	-0.000129026
286	2.51383e-09	0.403799	1.05293	-7.97137e-05	-0.880851	0.336139	0.0029511
287	2.51383e-09	-0.761061	0.859484	0.000983491	-0.698129	-0.616357	0.000475275
288	2.51383e-09	1.10218	0.324799	0.00119851	-0.263465	0.895813	0.000761979
289	2.51383e-09	0.0120101	1.15688	-0.00163093	-0.928723	0.00772932	0.0023598
290	2.51383e-09	-0.102501	1.13869	-0.00112467	-0.931873	-0.0835227	0.00243357
291	2.51383e-09	0.345535	-1.09068	-0.000723908	0.892272	0.280062	0.00151488
292	2.51383e-09	1.12939	-0.229557	0.00190449	0.185202	0.915028	0.0011431
293	2.51383e-09	0.879191	0.726289	-0.00297602	-0.596711	0.723499	0.000233258
294	2.51383e-09	0.892941	-0.759138	-0.00136053	0.599775	0.69979	0.00180268
295	2.51383e-09	-1.11908	0.199194	-0.00105266	-0.160327	-0.924574	-0.00179378
296	2.51383e-09	0.379629	1.09018	0.000864709	-0.881299	0.30342	-5.11852e-05
297	2.51383e-09	0.999745	-0.553851	0.00040148	0.453327	0.819842	0.000743235
298	2.51383e-09	0.503913	1.04031	-0.00083159	-0.835088	0.407744	-0.000131637
299	2.51383e-09	0.826085	0.826367	-0.0036439	-0.6577	0.646645	-0.00100003
300	2.51383e-09	-1.14352	-0.166677	-0.000842581	0.135349	-0.922805	-0.000123017
301	2.51383e-09	-0.0103428	-1.14518	-0.0010251	0.937632	-0.0110695	0.000112049
302	2.51383e-09	-0.392942	1.10502	0.00375863	-0.867182	-0.309757	0.000416763
303	2.51383e-09	-0.00604137	-1.14521	-0.00153436	0.936629	-0.00125248	-0.00218271
304	2.51383e-09	-0.638792	0.973436	0.00187191	-0.774505	-0.507756	0.00270806
305	2.51383e-09	-0.788838	0.822593	0.000370852	-0.676378	-0.64902	-0.00240251
306	2.51383e-09	-0.645374	0.954636	-0.00141645	-0.77204	-0.52417	-0.00218536
307	2.51383e-09	1.00955	-0.549821	0.00101268	0.446842	0.818842	0.00110899
308	2.51383e-09	1.1659	0.102107	0.00166756	-0.0821933	0.919233	-0.0012477
309	2.51383e-09	1.12189	0.260721	0.00147159	-0.20982	0.906538	-0.000375326
310	2.51383e-09	0.57776	0.985097	-0.00124256	-0.809729	0.47522	0.0004389
311	2.51383e-09	-0.34423	-1.10696	0.00203434	0.886482	-0.272942	-0.00157991
312	2.51383e-09	0.97669	0.63744	-0.00285805	-0.504812	0.776147	-0.000434922
313	2.51383e-09	-0.511872	1.03785	-0.00268086	-0.833693	-0.411366	-0.000227886
314	2.51383e-09	-0.0857801	-1.15	0.00230081	0.92913	-0.0696387	-0.00108379
315	2.51383e-09	0.743581	-0.904802	-0.00130891	0.712127	0.588195	0.000754603
316	2.51383e-09	-0.800846	-0.84089	0.00234614	0.673617	-0.639146	0.000702587
317	2.51383e-09	-0.371469	-1.09819	-0.00124799	0.877911	-0.296638	0.00125725
318	2.51383e-09	0.194148	1.13684	0.00219477	-0.919998	0.157845	0.0019494
319	2.51383e-09	0.372618	1.10421	-0.00324347	-0.877513	0.295206	0.000225469
320	2.51383e-09	-0.690744	-0.960707	-0.000629599	0.743057	-0.538331	-0.000533012
321	2.51383e-09	-1.08503	0.437671	-0.00101362	-0.342746	-0.856773	0.000457298
322	2.51383e-09	0.686725	-0.944431	-0.000579925	0.750135	0.538183	0.000741913
323	2.51383e-09	-0.254218	1.13823	-0.00118912	-0.906218	-0.201896	-0.0025082
324	2.51383e-09	-1.14535	-0.261453	-0.00229754	0.203995	-0.901438	0.00200256
325	2.51383e-09	0.513339	1.04665	0.00175475	-0.832397	0.408918	0.000249271
326	2.51383e-09	-1.16283	0.113656	-0.00235335	-0.0902632	-0.923037	0.00152658
327	2.51383e-09	0.974843	-0.662651	0.000455158	0.516812	0.763084	-0.0025427
328	2.51383e-09	0.624918	0.967435	-0.000856186	-0.782247	0.508767	-1.35989e-05
329	2.51383e-09	1.1887	-0.105567	-0.0015554	0.0756989	0.910918	-0.00190418
330	2.51383e-09	0.0477394	1.15885	-0.000840712	-0.926849	0.0389299	0.000138881
331	2.51383e-09	-0.679546	-0.93526	-0.00224756	0.75497	-0.545576	-0.000243182
332	2.51383e-09	-1.16138	0.0234963	-0.00080638	-0.0221225	-0.925792	-0.00020359
333	2.51383e-09	0.0775858	-1.17246	-0.000293701	0.921322	0.0595529	0.000702021
334	2.51383e-09	1.11254	-0.367855	0.00148987	0.287074	0.879488	0.00060242
335	2.51383e-09	1.04603	-0.547117	-0.000147813	0.42302	0.817439	-0.00118847
336	2.51383e-09	1.13569	-0.283826	0.000911385	0.226743	0.897312	0.00124756
337	2.51383e-09	1.03715	0.548965	-0.00151673	-0.428659	0.817872	0.0011026
338	2.51383e-09	-1.16519	-0.0140721	0.000366887	0.0100482	-0.928081	-0.00177523
339	2.51383e-09	-0.679491	0.97599	-0.000781245	-0.755489	-0.519875	0.000496915
340	2.51383e-09	-0.817216	0.861574	0.000542144	-0.665012	-0.631586	-0.000738951
341	2.51383e-09	1.17575	-0.168213	0.000569899	0.128033	0.905032	-0.00127331
342	2.51383e-09	0.777604	-0.875193	0.0010613	0.69125	0.612511	-0.000688999
343	2.51383e-09	0.88202	-0.7648	-0.00146958	0.607867	0.696656	0.0019168
344	2.51383e-09	-0.986495	-0.648763	-0.00112902	0.503198	-0.770251	0.000540821
345	2.51383e-09	1.08448	0.435542	0.00224856	-0.345022	0.859149	-0.000807509
346	2.51383e-09	1.14197	0.163711	0.0013424	-0.134331	0.923409	-0.000968661
347	2.51383e-09	1.00464	-0.600632	-0.000201906	0.473968	0.793088	0.0022924
348	2.51383e-09	-0.175704	-1.17102	-0.000188382	0.909888	-0.133573	0.000863058
349	2.51383e-09	-1.10768	-0.40215	-0.00140895	0.315861	-0.862525	-0.00162284
350	2.51383e-09	-0.537716	-1.03686	0.00161517	0.823665	-0.423807	0.000502337
351	2.51383e-09	-0.461746	1.08703	0.000749514	-0.850372	-0.354493	-5.48079e-05
352	2.51383e-09	0.478969	-1.08062	-0.00423746	0.840587	0.373212	0.00156717
353	2.51383e-09	0.552236	1.06025	-0.000810813	-0.811381	0.420014	-0.000440122
354	2.51383e-09	-1.19083	0.00483673	-0.00172378	-0.00410151	-0.915811	-0.000539654
355	2.51383e-09	0.980269	-0.628995	-0.00147693	0.498485	0.780485	-0.000481865
356	2.51383e-09	-0.76959	0.89883	0.000796734	-0.697143	-0.600438	0.000178274
357	2.51383e-09	-1.05628	0.53164	-0.000670019	-0.412188	-0.820466	-0.00102136
358	2.51383e-09	1.14573	0.356368	-0.00227191	-0.270064	0.872163	0.000199624
359	2.51383e-09	1.15538	0.339624	-0.000580791	-0.251878	0.873697	-0.000346378
360	2.51383e-09	-1.03763	0.526631	-0.00109643	-0.420672	-0.826434	0.00188085
361	2.51383e-09	-1.17246	-0.0606913	0.0010631	0.0476893	-0.921055	-0.000639829
362	2.51383e-09	0.742836	0.91478	-0.00173528	-0.716508	0.578696	0.000987929
363	2.51383e-09	-0.0725193	-1.16957	0.000248697	0.925241	-0.0553397	-0.0025552
364	2.51383e-09	0.768649	0.890236	-6.39688e-05	-0.69901	0.597978	-0.00166611
365	2.51383e-09	-0.498445	1.07727	-0.00101448	-0.834674	-0.385566	0.000872233
366	2.51383e-09	0.971656	0.680823	-0.00136629	-0.52513	0.754389	0.00184487
367	2.51383e-09	1.10859	0.418955	0.00145334	-0.322212	0.862272	0.000213505
368	2.51383e-09	0.521991	-1.07428	0.00257081	0.820662	0.401854	0.000109218
369	2.51383e-09	0.659241	1.00242	0.000403467	-0.764278	0.498277	0.000951387
370	2.51383e-09	-1.17756	-0.157051	0.0013353	0.12323	-0.910458	0.00117308
371	2.51383e-09	-0.758885	0.925644	0.00213505	-0.707596	-0.5823	0.00133273
372	2.51383e-09	1.08496	0.47684	0.000856734	-0.368737	0.841455	-0.00112994
373	2.51383e-09	-0.83206	-0.851723	3.92699e-05	0.65505	-0.64008	-0.000758538
374	2.51383e-09	0.615665	-1.03026	-0.00113698	0.782748	0.470989	0.000581864
375	2.51383e-09	1.13319	-0.371186	-0.000210986	0.286187	0.870619	-0.000361335
376	2.51383e-09	-1.17672	0.0951725	4.07882e-06	-0.0689109	-0.919244	-2.15911e-05
377	2.51383e-09	-0.66027	-0.997033	0.000766751	0.759792	-0.504651	-0.00101466
378	2.51383e-09	1.06842	0.545944	-0.00111165	-0.414236	0.812766	0.00183301
379	2.51383e-09	0.135161	1.18454	-0.000552997	-0.905852	0.105962	0.00050194
380	2.51383e-09	0.636684	0.999888	-0.00232922	-0.774469	0.491972	-0.000558467
381	2.51383e-09	-1.16564	0.231116	-0.00144527	-0.175793	-0.899339	-0.00108615
382	2.51383e-09	-0.538435	1.06211	-0.000205814	-0.819475	-0.411475	3.62378e-05
383	2.51383e-09	-1.16185	-0.142425	0.0030354	0.110127	-0.918916	0.00126712
384	2.51383e-09	-0.0948515	1.19689	-0.00326008	-0.911664	-0.0716304	0.000873291
385	2.51383e-09	1.17498	0.124552	0.0015334	-0.0959209	0.915887	-0.000603589
386	2.51383e-09	-0.625025	1.03273	-0.000140792	-0.78092	-0.466498	-0.000273912
387	2.51383e-09	-0.962781	-0.722417	-0.000685496	0.547568	-0.727481	0.0023969
388	2.51383e-09	-0.746372	-0.949736	-0.000559453	0.709943	-0.566148	-8.66317e-05
389	2.51383e-09	0.45628	1.10985	0.000127476	-0.844019	0.346128	-0.000769514
390	2.51383e-09	0.559719	-1.04851	-0.00171777	0.808845	0.4349	0.000977679
391	2.51383e-09	-1.02727	-0.626546	-0.000404051	0.475351	-0.780347	-0.00140125
392	2.51383e-09	0.146558	1.19842	-0.0029107	-0.902303	0.11182	-0.000182389
393	2.51383e-09	-1.17666	-0.257083	0.00149022	0.1978	-0.890407	0.00135748
394	2.51383e-09	0.37679	-1.13194	-0.00014036	0.870384	0.29149	1.78265e-05
395	2.51383e-09	-0.975414	0.705057	0.000669902	-0.531703	-0.740686	0.00101819
396	2.51383e-09	-0.798761	-0.900647	0.00188453	0.677777	-0.607244	-0.000872157
397	2.51383e-09	-1.19381	-0.163835	-0.000965204	0.122669	-0.902091	0.00278828
398	2.51383e-09	-0.973858	-0.706305	-0.00195157	0.538282	-0.738058	-0.00102188
399	2.51383e-09	0.357924	1.14424	0.0028268	-0.87302	0.272466	-0.000998061
400	2.51383e-09	-0.874979	-0.800629	-0.0018751	0.62139	-0.679786	-0.000868588
