1.236500e+04
401
0	1	0.000568544	0.000352598	-5.18645e-07	1.03417e-07	6.26859e-08	-1.15981e-12
1	2.51383e-09	-0.550879	0.852689	0.00233522	-0.828018	-0.543744	0.00126141
2	2.51383e-09	-0.97842	0.136176	0.00103755	-0.13238	-1.00061	-0.000869612
3	2.51383e-09	0.808233	0.575167	0.00176647	-0.577578	0.822979	-0.000842439
4	2.51383e-09	0.83539	0.563548	-0.00121265	-0.555639	0.825996	-0.000741802
5	2.51383e-09	-0.197099	-0.96981	-0.00115897	0.986456	-0.201252	0.000996118
6	2.51383e-09	0.912579	-0.434612	-0.00336488	0.431762	0.896954	-0.00347121
7	2.51383e-09	0.556247	0.830732	-0.00275078	-0.829488	0.557022	0.00328173
8	2.51383e-09	0.894119	0.444697	0.000699081	-0.44228	0.898345	-0.000957534
9	2.51383e-09	-0.722618	0.69776	0.0006827	-0.69475	-0.720181	-0.00128953
10	2.51383e-09	0.928092	0.410144	-0.00283733	-0.399497	0.908493	0.000746055
11	2.51383e-09	-0.212015	-0.975251	-0.00143198	0.978925	-0.214496	-0.000808681
12	2.51383e-09	-1.01006	-0.177706	-0.000378588	0.170383	-0.971396	0.00108332
13	2.51383e-09	0.233694	0.97836	0.00156866	-0.971449	0.227406	2.3603e-05
14	2.51383e-09	0.563406	0.843863	-0.00128691	-0.827437	0.546933	0.00185713
15	2.51383e-09	0.900381	0.442613	-0.00164702	-0.430882	0.900183	0.00147771
16	2.51383e-09	0.438079	0.891346	0.00112688	-0.904241	0.443484	-0.0013149
17	2.51383e-09	-0.450066	-0.903723	0.000344697	0.888292	-0.448401	0.00131008
18	2.51383e-09	0.0728473	-1.00842	-0.00142793	0.993615	0.0637625	0.000453159
19	2.51383e-09	0.923187	-0.41103	-0.00239833	0.399682	0.913872	0.00388607
20	2.51383e-09	0.853928	0.582605	0.00215504	-0.554366	0.814531	-0.000363041
21	2.51383e-09	0.986677	0.144673	-0.0006243	-0.143442	0.992881	-0.000821517
22	2.51383e-09	-0.812682	-0.663521	-0.000288862	0.616149	-0.753988	-0.0010607
23	2.51383e-09	1.01071	0.075923	-0.00310809	-0.0729063	0.992254	0.00257175
24	2.51383e-09	-0.932747	0.393007	-0.00109358	-0.389251	-0.91071	-0.00184415
25	2.51383e-09	-1.00825	-0.123509	0.00110861	0.112636	-0.985777	-0.00160089
26	2.51383e-09	0.812759	-0.627559	0.000464917	0.604089	0.781248	0.000371306
27	2.51383e-09	-0.999087	0.0658201	0.00332712	-0.063783	-0.997994	-2.0209e-05
28	2.51383e-09	0.504327	-0.879508	-0.00335482	0.862932	0.491426	0.00369382
29	2.51383e-09	0.807718	0.593063	-0.00105902	-0.590856	0.804789	-0.00288862
30	2.51383e-09	-1.01439	-0.0268956	-0.00132628	0.0254218	-0.993216	0.00191283
31	2.51383e-09	0.411344	-0.928598	0.00131775	0.907783	0.393732	0.00246767
32	2.51383e-09	0.217334	-0.985669	0.00261286	0.971145	0.218316	0.0037983
33	2.51383e-09	-0.648997	-0.789213	0.000647443	0.763185	-0.636418	0.000368948
34	2.51383e-09	-1.0256	0.162542	-0.000459642	-0.153804	-0.96883	0.00133279
35	2.51383e-09	-0.805983	0.614307	-0.00222527	-0.602546	-0.791492	-0.000963932
36	2.51383e-09	-1.00459	0.206931	-0.000873305	-0.201558	-0.958982	0.000530141
37	2.51383e-09	-0.307236	0.975295	0.00146138	-0.942534	-0.294682	-0.000870828
38	2.51383e-09	1.00719	-0.0905538	5.62642e-05	0.0822577	0.988367	-0.000458195
39	2.51383e-09	-1.02149	0.0543864	0.000469478	-0.0547582	-0.985275	-0.00128125
40	2.51383e-09	-0.204987	-1.00581	0.00171154	0.961917	-0.205022	-0.00289132
41	2.51383e-09	1.00188	0.176219	0.00135106	-0.173796	0.975724	-3.0539e-05
42	2.51383e-09	0.316264	0.974068	0.000512152	-0.939242	0.303575	-0.000675329
43	2.51383e-09	0.850847	0.541371	0.000912043	-0.539347	0.835473	-0.00386287
44	2.51383e-09	-1.02129	-0.152451	0.0021756	0.148595	-0.972923	0.000124324
45	2.51383e-09	-0.998715	0.237585	0.00169272	-0.225856	-0.959722	-0.00141389
46	2.51383e-09	0.993045	0.1124	0.000328553	-0.115539	0.996044	0.0015613
47	2.51383e-09	-0.873828	0.511328	-0.000729313	-0.503565	-0.857088	4.46524e-05
48	2.51383e-09	-0.965885	0.376563	0.000628241	-0.35459	-0.914507	-2.9694e-05
49	2.51383e-09	-0.873636	0.513603	-0.00028297	-0.502594	-0.853426	0.00309173
50	2.51383e-09	0.985048	0.354951	0.00188697	-0.329183	0.918305	0.000347306
51	2.51383e-09	0.207118	0.997415	-0.00163128	-0.971171	0.202404	6.11072e-05
52	2.51383e-09	-1.03191	0.0413747	-0.000302563	-0.0381392	-0.984389	0.00258982
53	2.51383e-09	0.454447	-0.928377	0.000295972	0.885251	0.423264	0.000569005
54	2.51383e-09	-0.643982	-0.810503	-0.000440067	0.768418	-0.610585	-0.00274741
55	2.51383e-09	1.01185	-0.179828	8.56139e-05	0.177005	0.969775	-6.10938e-05
56	2.51383e-09	-0.825714	-0.608156	-0.00028231	0.580709	-0.795078	9.81897e-05
57	2.51383e-09	-0.772096	-0.713885	-0.000106676	0.659715	-0.715959	-0.000896575
58	2.51383e-09	-0.183543	1.0181	0.0026943	-0.967509	-0.17245	0.000248797
59	2.51383e-09	-0.316529	-0.981161	-0.000753161	0.933095	-0.310755	0.00287008
60	2.51383e-09	-0.533798	0.895062	-0.00194978	-0.838726	-0.502374	0.000484757
61	2.51383e-09	0.128136	-1.02809	-0.00362094	0.974095	0.124556	-0.0022106
62	2.51383e-09	0.646508	0.808003	0.00146984	-0.770515	0.610878	0.000744851
63	2.51383e-09	-1.02689	0.0880123	0.000815767	-0.0827683	-0.980082	-0.00139259
64	2.51383e-09	-0.207207	-1.00533	0.00214312	0.968035	-0.206166	-0.000278334
65	2.51383e-09	0.706071	0.742946	8.42653e-05	-0.715772	0.682699	0.000334011
66	2.51383e-09	0.618357	-0.807049	0.00210593	0.792912	0.606681	-0.00163291
67	2.51383e-09	1.03691	-0.0138635	0.00143907	0.0132362	0.983712	0.000959008
68	2.51383e-09	-0.977641	0.342048	0.00161853	-0.317742	-0.929757	0.0002668
69	2.51383e-09	0.882524	-0.551348	-1.47206e-05	0.52345	0.832807	-0.00137324
70	2.51383e-09	-0.471006	0.909139	0.00320443	-0.879899	-0.451957	0.00137413
71	2.51383e-09	0.698451	0.776382	-0.00486247	-0.72336	0.657736	-0.00384785
72	2.51383e-09	-0.20792	-1.04817	-0.00313088	0.946862	-0.187686	0.000251681
73	2.51383e-09	-0.53107	0.898614	0.00152148	-0.842803	-0.500325	0.00194117
74	2.51383e-09	-0.969221	-0.447646	-0.00279889	0.407808	-0.873805	-0.00108849
75	2.51383e-09	1.03373	-0.0518935	-0.00143668	0.043942	0.982859	-0.00395278
76	2.51383e-09	-0.798204	0.667445	-0.00153805	-0.627351	-0.759438	0.000736791
77	2.51383e-09	-0.626282	-0.842881	0.00163018	0.783465	-0.582299	0.00113179
78	2.51383e-09	-0.849188	0.613366	-0.00411815	-0.573232	-0.787179	-0.000945005
79	2.51383e-09	0.788836	0.661072	-0.00276946	-0.631633	0.76026	-0.00498377
80	2.51383e-09	1.02965	-0.162056	-0.000686201	0.153732	0.96987	-0.000389498
81	2.51383e-09	-0.518893	0.883194	-0.00172419	-0.848529	-0.499481	-0.0020509
82	2.51383e-09	-0.443068	0.94494	0.00181432	-0.886857	-0.419202	-0.002379
83	2.51383e-09	-0.866153	-0.54272	0.00126628	0.528632	-0.840383	-0.00112232
84	2.51383e-09	0.599442	-0.867191	0.000365714	0.801591	0.548972	0.00179593
85	2.51383e-09	0.554202	0.864444	-0.000472772	-0.829062	0.536208	-0.000962779
86	2.51383e-09	1.02016	0.295228	0.0020122	-0.264868	0.929182	0.00150977
87	2.51383e-09	-0.0565248	1.04243	-0.00358383	-0.978224	-0.0511144	0.000690667
88	2.51383e-09	0.737072	-0.719681	-0.000827865	0.690473	0.701284	0.000509264
89	2.51383e-09	0.133543	1.04761	-0.00217383	-0.963056	0.126762	-0.00142552
90	2.51383e-09	0.991202	0.33732	0.0018926	-0.311013	0.92713	0.00193687
91	2.51383e-09	1.00379	-0.236483	9.35364e-05	0.225793	0.956011	-0.0012498
92	2.51383e-09	-0.42033	0.959659	0.00151603	-0.893154	-0.393148	-0.000389673
93	2.51383e-09	-0.128604	-1.0712	-0.00145028	0.952952	-0.119215	-0.002349
94	2.51383e-09	0.556058	-0.863678	0.00134829	0.831561	0.533441	-3.1925e-05
95	2.51383e-09	0.0268264	-1.02979	-0.00200465	0.983459	0.0257812	-0.00215115
96	2.51383e-09	0.874866	-0.58685	0.00064432	0.542504	0.815404	-0.000551228
97	2.51383e-09	0.434694	-0.956443	-0.000864844	0.888879	0.403769	-0.00237176
98	2.51383e-09	0.985072	-0.386414	-0.00253523	0.359376	0.901588	0.00301717
99	2.51383e-09	-0.199671	1.04867	0.00315348	-0.947133	-0.186162	0.0015385
100	2.51383e-09	0.380415	0.979714	0.000134397	-0.916061	0.345311	0.001311
101	2.51383e-09	1.02257	-0.155753	0.00164737	0.14521	0.973307	0.000758901
102	2.51383e-09	0.939702	-0.432672	0.0010754	0.41616	0.88859	-0.00226517
103	2.51383e-09	-0.680487	0.798106	-0.000882046	-0.741829	-0.637624	0.00129944
104	2.51383e-09	0.272547	0.99422	-0.00224283	-0.954131	0.261417	-0.00137814
105	2.51383e-09	0.82215	-0.626959	9.13795e-05	0.594728	0.784975	-0.00113887
106	2.51383e-09	-0.265929	-0.999067	-0.000667619	0.951268	-0.250793	0.00062653
107	2.51383e-09	0.585903	-0.886776	-0.00334866	0.809994	0.535406	-0.000814266
108	2.51383e-09	-0.979068	0.434322	-0.000470535	-0.395789	-0.878687	0.00134779
109	2.51383e-09	1.03288	-0.224175	0.000448619	0.202355	0.952167	-0.000798627
110	2.51383e-09	1.03906	0.193821	0.000451581	-0.187201	0.954704	-0.000603738
111	2.51383e-09	-1.02958	0.253669	-0.0054224	-0.22968	-0.946132	-0.000652596
112	2.51383e-09	0.768419	0.764877	-0.000780091	-0.676487	0.678223	-0.00167214
113	2.51383e-09	-0.362273	-1.00014	0.00171536	0.912521	-0.325716	0.000246136
114	2.51383e-09	-0.889499	-0.552846	-0.000490053	0.508778	-0.833022	0.0011368
115	2.51383e-09	0.38119	1.00814	-0.00141659	-0.902485	0.340266	0.00217642
116	2.51383e-09	1.02501	-0.236994	0.00460948	0.216006	0.952778	0.00237713
117	2.51383e-09	-0.421975	-0.956197	-0.00222437	0.895697	-0.397204	-0.00125298
118	2.51383e-09	-0.981372	0.381236	0.000499234	-0.35866	-0.906105	3.63539e-05
119	2.51383e-09	-0.361258	-0.990458	0.00438804	0.911493	-0.336719	-0.000209713
120	2.51383e-09	0.93223	-0.51065	0.00172097	0.462962	0.851226	-0.000627371
121	2.51383e-09	0.456808	0.968788	0.000268108	-0.87276	0.413608	-0.00328506
122	2.51383e-09	1.07213	-0.0152578	0.000691993	0.0113649	0.96779	0.00282304
123	2.51383e-09	1.04233	0.0362826	-0.00336745	-0.0344643	0.9785	0.00137718
124	2.51383e-09	-0.823751	0.695089	-0.00342264	-0.623408	-0.734713	-0.00124293
125	2.51383e-09	-0.85922	0.586467	0.00128845	-0.558845	-0.806346	-0.000660786
126	2.51383e-09	0.930016	-0.487028	0.000106427	0.454036	0.86633	0.00022071
127	2.51383e-09	-0.547473	-0.896574	0.00228472	0.834467	-0.509343	-0.00297804
128	2.51383e-09	0.354046	-1.00231	-0.00382127	0.917819	0.319057	-5.73319e-05
129	2.51383e-09	-0.302339	1.01232	0.00273952	-0.935065	-0.277034	3.11407e-05
130	2.51383e-09	-0.881578	0.602714	0.00357716	-0.547878	-0.794382	0.00261746
131	2.51383e-09	-0.85615	-0.702399	0.00175312	0.604008	-0.730292	-0.000208097
132	2.51383e-09	0.0891042	1.07294	-0.00144014	-0.959711	0.0871755	0.00299151
133	2.51383e-09	-1.06605	0.0118699	-0.00164033	-0.0152889	-0.969287	0.000461959
134	2.51383e-09	1.06359	-0.0113966	0.000616581	0.0155219	0.96828	0.001615
135	2.51383e-09	-0.903388	0.553919	0.00130347	-0.510554	-0.825259	-0.00205801
136	2.51383e-09	1.09495	-0.0972628	-0.00163796	0.085101	0.950132	-0.000477233
137	2.51383e-09	-0.823251	-0.669126	0.000858122	0.615024	-0.749895	0.00177864
138	2.51383e-09	-0.849453	0.629695	0.00251872	-0.582323	-0.782008	0.00213337
139	2.51383e-09	0.263348	1.02361	-0.00385376	-0.943902	0.241291	-0.00116735
140	2.51383e-09	0.180923	-1.0903	-0.00071251	0.9349	0.156882	0.000808255
141	2.51383e-09	-0.876367	0.587482	0.000289232	-0.545743	-0.805478	-0.00227303
142	2.51383e-09	0.634161	0.872829	-0.000559314	-0.772629	0.572752	0.0014721
143	2.51383e-09	0.690264	0.820616	0.00302425	-0.733581	0.629041	-0.00157523
144	2.51383e-09	1.0064	0.391108	-0.00226865	-0.347821	0.897686	0.000723929
145	2.51383e-09	0.665268	0.813326	0.00212509	-0.754053	0.617893	-0.00195318
146	2.51383e-09	0.272739	1.0497	-0.00152874	-0.933779	0.240506	0.00149358
147	2.51383e-09	-0.957854	0.504013	-0.0015549	-0.446146	-0.849505	-0.00391078
148	2.51383e-09	-1.08894	0.0446215	-0.00139528	-0.0336204	-0.954806	-0.000881155
149	2.51383e-09	-0.499136	0.932389	0.00266617	-0.852271	-0.468787	-0.00214171
150	2.51383e-09	-1.06225	0.023933	-0.00146534	-0.0166549	-0.97353	0.00137802
151	2.51383e-09	-0.737376	0.799214	0.00058718	-0.700398	-0.652976	0.00147855
152	2.51383e-09	-1.06146	0.0948288	-0.00033463	-0.0754495	-0.971113	0.000124588
153	2.51383e-09	-0.84802	0.667233	0.00283067	-0.597777	-0.756832	0.00218384
154	2.51383e-09	-1.09993	0.068032	-0.00327921	-0.0592801	-0.948779	0.00270408
155	2.51383e-09	1.09225	-0.0103621	-0.00142434	0.00561317	0.955694	-0.000575208
156	2.51383e-09	-0.798465	-0.741565	0.00232175	0.65853	-0.698187	0.00180875
157	2.51383e-09	0.309794	-1.01527	-0.00224011	0.930054	0.284095	0.00136698
158	2.51383e-09	-1.07378	-0.167405	-0.00252863	0.155342	-0.948104	-0.00255518
159	2.51383e-09	-1.00599	-0.369821	-0.00116615	0.331173	-0.907494	-0.000510586
160	2.51383e-09	-0.256861	-1.04146	0.000830993	0.93682	-0.237423	-0.00154291
161	2.51383e-09	1.05155	-0.264583	0.00165343	0.238546	0.931026	0.000175055
162	2.51383e-09	0.836773	0.669725	-0.00353882	-0.606658	0.753233	-0.000966558
163	2.51383e-09	-1.02084	-0.350697	-0.000476583	0.303565	-0.914641	0.000653054
164	2.51383e-09	-0.418862	0.989479	0.00399573	-0.890665	-0.376566	-0.00294242
165	2.51383e-09	0.589516	0.923961	-0.00363599	-0.801694	0.516165	0.00143398
166	2.51383e-09	-0.515018	-0.941749	0.00201311	0.844857	-0.466641	-0.000220105
167	2.51383e-09	-0.783697	0.721922	-0.00129889	-0.65008	-0.71867	0.000720445
168	2.51383e-09	-0.135241	1.08659	-0.00134778	-0.947465	-0.121703	-0.000925028
169	2.51383e-09	-1.08842	-0.0880522	-0.00108872	0.0787646	-0.951555	0.00261258
170	2.51383e-09	-0.152715	1.08326	0.00172546	-0.946856	-0.130335	-0.000568789
171	2.51383e-09	0.0866033	1.0861	-0.000148122	-0.95564	0.0757743	-0.00110079
172	2.51383e-09	-1.10324	-0.114062	-0.00148298	0.0959794	-0.943847	-0.00107102
173	2.51383e-09	0.893469	0.641376	-0.00163703	-0.558609	0.773696	0.00200758
174	2.51383e-09	0.651385	-0.894733	-0.000337903	0.768978	0.555746	0.00252966
175	2.51383e-09	-0.816051	0.711784	0.000514625	-0.630911	-0.729779	-0.00365657
176	2.51383e-09	0.719632	0.808188	2.62506e-05	-0.721151	0.636269	-0.00225663
177	2.51383e-09	-1.11733	0.0602522	0.000110761	-0.0458677	-0.943374	-0.00268873
178	2.51383e-09	-0.673448	0.848349	-0.00044069	-0.749367	-0.599007	0.00109656
179	2.51383e-09	-1.1039	0.0594032	0.00333825	-0.054654	-0.948341	-0.000398553
180	2.51383e-09	1.08141	0.0396681	-0.00151377	-0.0353427	0.962608	-0.00162244
181	2.51383e-09	1.02596	-0.390334	-0.00013792	0.336959	0.894816	-0.000801661
182	2.51383e-09	1.06752	-0.257012	-0.00234549	0.218315	0.931369	-0.000273906
183	2.51383e-09	-1.09004	0.104406	0.000620182	-0.0896946	-0.952403	-1.13055e-05
184	2.51383e-09	-0.709991	-0.845741	-0.00169717	0.728221	-0.609519	0.000978227
185	2.51383e-09	0.850334	0.671361	0.000353203	-0.596871	0.754879	-0.00136911
186	2.51383e-09	0.938069	-0.560687	0.00271191	0.489677	0.819853	0.0019035
187	2.51383e-09	-0.106682	-1.05664	0.000857205	0.965865	-0.096126	0.00234174
188	2.51383e-09	0.335801	1.04486	-0.00278143	-0.910546	0.296866	-0.000588643
189	2.51383e-09	0.82791	0.710928	-0.00333545	-0.627148	0.723835	-0.000736476
190	2.51383e-09	-0.42994	-1.02531	0.000128237	0.870305	-0.365924	0.0010321
191	2.51383e-09	0.776888	-0.759575	-0.000549752	0.671854	0.682552	0.000221036
192	2.51383e-09	1.05787	-0.255855	-0.000661972	0.228135	0.932221	0.000399029
193	2.51383e-09	-0.674945	0.879004	-0.00292266	-0.7511	-0.583588	0.00156473
194	2.51383e-09	-0.211689	1.10574	-0.00277115	-0.924508	-0.175598	-9.15968e-05
195	2.51383e-09	-0.310591	1.02848	0.000552327	-0.925442	-0.278219	0.00101973
196	2.51383e-09	-0.210646	-1.06506	0.00346375	0.943634	-0.188401	-0.00121713
197	2.51383e-09	-1.07948	-0.123469	-0.00134479	0.110647	-0.952702	-0.00186658
198	2.51383e-09	0.332253	1.05901	-3.57961e-05	-0.908289	0.281405	0.00246004
199	2.51383e-09	-0.984502	-0.507228	-0.00363881	0.435622	-0.84158	0.00175518
200	2.51383e-09	-0.763868	0.816871	0.000226298	-0.689918	-0.644248	0.000276446
201	2.51383e-09	0.715035	0.834828	-0.00240872	-0.72563	0.619881	0.000519846
202	2.51383e-09	0.436884	0.994202	0.00116378	-0.880476	0.384291	-0.00120421
203	2.51383e-09	-0.959307	-0.488548	-0.00140911	0.434252	-0.861034	-0.00295068
204	2.51383e-09	-1.04585	0.316766	-0.00105756	-0.285654	-0.915544	0.000826994
205	2.51383e-09	-0.789913	-0.808579	0.0012482	0.666844	-0.66131	-0.000109502
206	2.51383e-09	-0.726001	-0.823501	-0.00206661	0.715887	-0.630036	0.00044174
207	2.51383e-09	0.150173	-1.10539	-0.00386511	0.93865	0.124826	-0.0013255
208	2.51383e-09	0.90001	0.61677	0.00326746	-0.539646	0.794603	-0.000474824
209	2.51383e-09	0.868976	-0.699279	-0.000642074	0.590895	0.734028	0.00229681
210	2.51383e-09	-0.55955	-0.956361	-0.00128023	0.816901	-0.480603	-0.00222641
211	2.51383e-09	-1.08122	0.230874	-0.00194843	-0.195251	-0.927717	-0.000401154
212	2.51383e-09	0.508845	-1.01197	-0.000193067	0.835033	0.430345	-0.00221044
213	2.51383e-09	-1.10397	0.0926087	-0.00288032	-0.0729444	-0.943823	-0.00300452
214	2.51383e-09	-0.995741	-0.445924	-0.000201604	0.39283	-0.875809	0.00218448
215	2.51383e-09	0.203905	1.09823	0.0016073	-0.931071	0.170991	-0.000186069
216	2.51383e-09	0.075574	1.11306	-0.000262178	-0.941892	0.0588849	0.00117849
217	2.51383e-09	0.829933	0.739963	-0.00252738	-0.635666	0.708538	-0.0012056
218	2.51383e-09	0.379867	1.00937	-0.00592517	-0.898624	0.339609	-0.0016999
219	2.51383e-09	-0.426663	-1.05976	-0.000556261	0.866015	-0.349454	0.00050619
220	2.51383e-09	0.962347	-0.554736	-0.00423048	0.473218	0.823701	0.00100964
221	2.51383e-09	0.93316	0.551072	0.00140228	-0.488834	0.827157	0.00332024
222	2.51383e-09	0.821686	0.746284	-0.00160523	-0.639857	0.700698	-0.00141713
223	2.51383e-09	-1.00851	-0.446177	-0.00031492	0.389734	-0.872108	-0.000890328
224	2.51383e-09	-1.09002	-0.0188035	0.00348148	0.0119344	-0.958374	0.000849585
225	2.51383e-09	1.03196	0.418991	-0.00164837	-0.359792	0.878794	0.00155278
226	2.51383e-09	-1.11298	0.0156006	-0.00344233	-0.00815584	-0.948701	-0.000883587
227	2.51383e-09	-1.0667	-0.302941	-0.00201546	0.261606	-0.913052	0.000906197
228	2.51383e-09	-1.07473	0.291654	0.00242841	-0.248543	-0.915336	-0.000174688
229	2.51383e-09	1.10779	0.19581	0.00433839	-0.165392	0.928881	0.00114774
230	2.51383e-09	1.13622	0.192324	-0.00346395	-0.153024	0.918054	0.000632311
231	2.51383e-09	-0.0629906	-1.12563	-0.00340772	0.940463	-0.0496152	-0.00386247
232	2.51383e-09	-1.07695	0.144484	0.00229548	-0.124937	-0.954243	0.000561395
233	2.51383e-09	0.332106	1.06566	-0.00128563	-0.904656	0.276144	0.000459239
234	2.51383e-09	1.11787	-0.101568	0.000693717	0.0840174	0.940273	0.00509266
235	2.51383e-09	-0.096817	1.11356	-0.00154842	-0.945698	-0.093558	0.00253852
236	2.51383e-09	0.719927	-0.87005	0.00133812	0.720292	0.603284	0.00153399
237	2.51383e-09	0.682143	0.855776	0.00122975	-0.745849	0.60263	-0.00307362
238	2.51383e-09	0.463215	1.05802	0.000409308	-0.848783	0.378582	0.000464252
239	2.51383e-09	-1.10485	0.0771362	-0.00185856	-0.0644217	-0.948181	-0.00194704
240	2.51383e-09	-0.85684	-0.725637	0.00332101	0.618984	-0.714124	-0.000341461
241	2.51383e-09	-1.10117	-0.112288	0.00241759	0.102394	-0.947141	0.00113886
242	2.51383e-09	1.13556	0.229595	0.0034876	-0.186618	0.911368	0.000693723
243	2.51383e-09	-1.1262	-0.0452779	-0.00121639	0.0347299	-0.941	-0.0034672
244	2.51383e-09	-0.0905066	-1.13623	-3.36294e-06	0.933803	-0.0698015	0.00133692
245	2.51383e-09	1.0888	-0.288184	0.00391945	0.242069	0.912511	0.00207291
246	2.51383e-09	-0.32647	1.0901	-0.00276197	-0.895797	-0.267522	0.00186752
247	2.51383e-09	-0.00960153	-1.1062	0.00371313	0.947876	-0.0158921	0.000341746
248	2.51383e-09	-1.08871	0.264204	-0.00137332	-0.221221	-0.918305	-0.00135853
249	2.51383e-09	-0.280767	-1.0959	-0.000545528	0.90663	-0.233519	-0.00157631
250	2.51383e-09	-0.547029	-0.996361	0.000361617	0.821242	-0.451533	-0.0015142
251	2.51383e-09	-0.949115	-0.585703	-0.00273946	0.500691	-0.803776	0.000727456
252	2.51383e-09	-1.10027	0.200577	-0.00129463	-0.163971	-0.930149	0.000940443
253	2.51383e-09	-0.539883	-0.991606	-0.00507344	0.827479	-0.448469	0.00105563
254	2.51383e-09	0.153386	-1.12337	-0.000820233	0.930968	0.120895	0.00120047
255	2.51383e-09	0.553565	1.00198	0.0035946	-0.81548	0.450276	0.000339682
256	2.51383e-09	0.73515	0.869009	-0.00120733	-0.714331	0.610292	-0.00151623
257	2.51383e-09	-0.887648	0.693575	-0.00183631	-0.578522	-0.741993	0.000845623
258	2.51383e-09	-0.73494	0.847596	-0.00245549	-0.713686	-0.622388	-0.00190221
259	2.51383e-09	-1.14012	-0.065263	0.00151	0.046449	-0.9314	-0.000907941
260	2.51383e-09	0.331563	1.07209	0.00104017	-0.903372	0.274842	0.00434317
261	2.51383e-09	0.770836	-0.844173	-0.00103576	0.68934	0.630436	0.000400384
262	2.51383e-09	-0.4577	1.01621	0.000398926	-0.865453	-0.382969	0.00465986
263	2.51383e-09	0.304774	-1.1204	0.00102353	0.889284	0.248347	-0.00224732
264	2.51383e-09	0.401826	1.04938	0.00104534	-0.88034	0.333981	0.00189701
265	2.51383e-09	1.0156	0.533146	-0.00105713	-0.433327	0.828207	0.00227158
266	2.51383e-09	1.13262	0.005471	0.000370536	-0.00497171	0.940664	0.000839289
267	2.51383e-09	0.0192177	1.12114	-0.000674618	-0.94356	0.0126615	0.000238699
268	2.51383e-09	-0.15066	-1.11424	0.0012775	0.93555	-0.130302	0.00116501
269	2.51383e-09	0.105936	1.14354	0.00251442	-0.928451	0.0918921	0.000593998
270	2.51383e-09	-0.843671	0.739673	0.00186665	-0.623464	-0.713026	-0.000587441
271	2.51383e-09	-0.923726	0.701072	0.000150462	-0.558692	-0.739533	0.000872329
272	2.51383e-09	1.03842	0.483817	0.00244565	-0.390803	0.848918	-0.00275263
273	2.51383e-09	-1.15062	0.0392066	-0.000932278	-0.0346677	-0.929671	-0.000799618
274	2.51383e-09	0.329198	1.07703	-0.00332909	-0.904038	0.270773	0.00146309
275	2.51383e-09	-0.100385	1.14038	0.00179035	-0.928614	-0.0792538	-0.0010905
276	2.51383e-09	-0.235085	-1.12034	0.00392604	0.915876	-0.19767	-0.000443821
277	2.51383e-09	-0.134874	1.15167	-0.00524435	-0.917887	-0.105577	-0.00163728
278	2.51383e-09	-0.506914	1.02889	-0.00528047	-0.838611	-0.411009	-0.000295444
279	2.51383e-09	-0.857454	0.782163	-0.000465052	-0.627972	-0.689198	0.000302679
280	2.51383e-09	-0.0303305	1.15705	-0.00255405	-0.931339	-0.0215956	-7.37057e-05
281	2.51383e-09	-0.487344	-1.02936	0.00104925	0.845633	-0.396372	4.03736e-05
282	2.51383e-09	0.976059	0.601575	-0.00168377	-0.491166	0.792438	0.000419843
283	2.51383e-09	1.08532	0.349156	-0.00251904	-0.284823	0.889992	-0.00287738
284	2.51383e-09	1.09983	0.342563	0.00211799	-0.278931	0.886187	-0.00230491
285	2.51383e-09	-1.10307	-0.333728	0.000818021	0.26629	-0.890879	-0.00130651
286	2.51383e-09	-0.168702	-1.1332	-0.00229513	0.921804	-0.136694	-0.000148568
287	2.51383e-09	-1.12771	-0.0355395	0.00156893	0.0365873	-0.9433	0.000635472
288	2.51383e-09	0.708957	0.918534	0.00142677	-0.733025	0.565794	-0.00177573
289	2.51383e-09	1.11196	-0.290604	-0.000938951	0.239238	0.901457	-0.00404498
290	2.51383e-09	0.146195	-1.1226	0.00515288	0.933072	0.124385	-0.000909068
291	2.51383e-09	1.12094	0.267606	0.00266399	-0.218869	0.904323	-0.000430051
292	2.51383e-09	1.08222	-0.396446	-0.0013094	0.322672	0.874708	0.000547316
293	2.51383e-09	-0.365357	1.07682	0.00257606	-0.888669	-0.29718	0.00143392
294	2.51383e-09	1.08055	-0.421982	-0.00603302	0.338953	0.866551	-0.0024158
295	2.51383e-09	0.555199	-0.993914	-0.000658513	0.821239	0.45354	-0.0029925
296	2.51383e-09	1.10717	-0.339447	0.00105542	0.272978	0.888913	0.00390009
297	2.51383e-09	-0.214032	1.12349	-0.000566648	-0.918411	-0.175435	0.000656946
298	2.51383e-09	0.83896	-0.789284	0.00157061	0.642616	0.67584	-0.00155158
299	2.51383e-09	-1.11682	0.284166	-0.00277353	-0.231886	-0.90705	0.00220211
300	2.51383e-09	0.0106469	-1.16211	0.00395543	0.928706	0.00760417	-8.72585e-05
301	2.51383e-09	-0.176154	1.14648	0.00210155	-0.917484	-0.149074	0.000521369
302	2.51383e-09	-1.17524	-0.0168187	0.00253471	0.0174169	-0.918893	0.00180735
303	2.51383e-09	0.0637481	-1.14961	0.00283505	0.930421	0.0464189	0.00159435
304	2.51383e-09	0.626354	0.994193	-0.000800008	-0.782127	0.495686	4.94957e-05
305	2.51383e-09	-1.14533	0.00808255	-0.000516166	-0.00928051	-0.934056	-0.00359233
306	2.51383e-09	-0.644773	0.946612	0.0022342	-0.771181	-0.525953	-0.00139644
307	2.51383e-09	-1.09423	-0.404405	-0.00135251	0.324334	-0.866798	-0.00173227
308	2.51383e-09	0.965009	0.661827	-0.00246347	-0.527992	0.758856	0.0014174
309	2.51383e-09	-1.12583	0.196211	0.000941108	-0.158209	-0.919357	-0.00207419
310	2.51383e-09	0.0404324	1.16095	-0.00241749	-0.927021	0.0369029	0.00155595
311	2.51383e-09	0.617431	0.983221	-0.00348926	-0.785571	0.492828	0.00248738
312	2.51383e-09	-0.576109	1.02004	-0.00188874	-0.805505	-0.448614	0.00262935
313	2.51383e-09	-0.230117	1.12561	-0.00140795	-0.915233	-0.182711	0.00211377
314	2.51383e-09	0.990335	-0.59103	0.000264512	0.4806	0.794463	-0.00163034
315	2.51383e-09	0.930863	-0.689942	-0.00180717	0.558606	0.744772	0.00189522
316	2.51383e-09	-0.686761	-0.938445	0.000631097	0.750352	-0.5492	6.14693e-05
317	2.51383e-09	-0.346866	1.10054	-0.00361433	-0.889114	-0.283747	-0.00392905
318	2.51383e-09	-0.459657	-1.06696	0.000724735	0.851868	-0.368805	6.67545e-05
319	2.51383e-09	-0.161244	-1.15827	0.0031654	0.917652	-0.12891	0.00100493
320	2.51383e-09	1.07669	-0.442888	0.000470696	0.352804	0.859802	-0.000532288
321	2.51383e-09	-0.136269	-1.15476	0.00106157	0.92164	-0.108067	0.00137315
322	2.51383e-09	-1.01593	0.550506	0.00222056	-0.441437	-0.818773	0.00159458
323	2.51383e-09	1.07174	-0.436459	-0.00029695	0.345172	0.862696	0.00104184
324	2.51383e-09	-1.07632	-0.502989	0.000968778	0.387844	-0.829323	-0.000558276
325	2.51383e-09	1.15133	-0.0365125	-0.000613369	0.0329692	0.934941	-0.00219099
326	2.51383e-09	-1.07455	0.445847	-0.00753856	-0.354572	-0.861602	0.000117185
327	2.51383e-09	0.964973	-0.67445	-0.00191208	0.528082	0.755746	0.000492549
328	2.51383e-09	-1.04946	0.412975	-0.00168372	-0.341409	-0.879484	-0.00444591
329	2.51383e-09	-0.607331	1.00445	-0.000833959	-0.79062	-0.481157	-0.000831026
330	2.51383e-09	-0.0779288	1.14424	0.00155394	-0.934594	-0.0609807	-0.000821829
331	2.51383e-09	-0.560842	-1.00451	0.00249683	0.816705	-0.454623	-0.000672378
332	2.51383e-09	-0.128611	-1.17937	0.004202	0.909984	-0.103337	0.000534657
333	2.51383e-09	-1.10658	-0.403348	-0.000559845	0.317038	-0.864158	0.00104275
334	2.51383e-09	-0.953587	-0.671019	0.00149732	0.537132	-0.753177	0.000696345
335	2.51383e-09	0.172447	-1.18319	0.000182261	0.90264	0.130319	-0.00109074
336	2.51383e-09	-1.15194	-0.249306	-0.00188945	0.202064	-0.89882	0.00160382
337	2.51383e-09	0.897051	-0.763948	-0.00142624	0.598551	0.702565	0.000451546
338	2.51383e-09	-1.00362	0.572614	0.000135084	-0.461414	-0.809042	0.00069226
339	2.51383e-09	-0.193404	-1.17313	0.00415964	0.904465	-0.146395	-0.00227999
340	2.51383e-09	-0.935279	-0.725382	-0.00461283	0.556295	-0.731085	0.00216545
341	2.51383e-09	0.193779	1.16399	-0.000724486	-0.908371	0.153917	0.000894177
342	2.51383e-09	0.525269	-1.01556	0.000544268	0.82741	0.431348	-0.000892773
343	2.51383e-09	-0.960495	-0.641746	-0.00139407	0.515425	-0.777018	-0.000304201
344	2.51383e-09	1.07811	0.474597	0.00120299	-0.370008	0.844818	-0.000896811
345	2.51383e-09	-1.02453	-0.541458	-0.00179127	0.436848	-0.819891	0.000187072
346	2.51383e-09	0.782228	-0.86733	0.000851492	0.68628	0.62452	0.000698454
347	2.51383e-09	1.12292	0.359861	-0.000390292	-0.281641	0.875527	-0.00116137
348	2.51383e-09	0.429795	-1.08696	-0.00134933	0.862961	0.336384	-0.00084456
349	2.51383e-09	-0.671601	-0.97602	-0.000756157	0.754961	-0.521764	0.000681476
350	2.51383e-09	-0.56178	-1.01443	0.00266856	0.813775	-0.448652	-0.00195673
351	2.51383e-09	-0.564705	1.05086	-0.000112953	-0.809586	-0.432435	0.00207307
352	2.51383e-09	0.069807	-1.1733	-0.00206894	0.920386	0.0588127	-0.00156893
353	2.51383e-09	-0.552174	1.06932	0.00271102	-0.807624	-0.421101	-0.00131944
354	2.51383e-09	1.14207	0.239901	0.00447384	-0.189127	0.908338	0.00014354
355	2.51383e-09	0.235873	-1.13337	0.00150918	0.910304	0.187659	0.000366955
356	2.51383e-09	0.855362	0.841088	-0.000988292	-0.643668	0.647757	0.00242968
357	2.51383e-09	-0.0716336	-1.16507	0.000449407	0.923938	-0.0602129	-0.00142727
358	2.51383e-09	-0.464274	1.09649	-0.00297437	-0.845163	-0.358556	-0.000734882
359	2.51383e-09	0.172326	-1.19233	-0.000677156	0.902767	0.12665	0.00236653
360	2.51383e-09	-0.763238	0.886074	-0.00141833	-0.703184	-0.604178	-0.000788137
361	2.51383e-09	1.0587	0.5331	0.00160614	-0.412962	0.819097	-0.000260765
362	2.51383e-09	-0.626112	0.991888	-0.0023714	-0.777865	-0.496221	0.00122413
363	2.51383e-09	0.833461	0.838846	-0.000403731	-0.649943	0.652943	0.00164888
364	2.51383e-09	-0.719752	0.915409	-0.00327422	-0.725542	-0.575221	-6.19992e-05
365	2.51383e-09	0.678766	-0.975841	0.000119463	0.755203	0.52626	-0.00175338
366	2.51383e-09	1.15359	-0.311948	-0.0017695	0.234539	0.884027	-0.0020962
367	2.51383e-09	-1.13678	-0.273819	-0.0024803	0.212278	-0.902016	-0.00309551
368	2.51383e-09	-0.0795103	-1.19562	-0.00206977	0.911044	-0.0596433	-0.002753
369	2.51383e-09	-0.688138	-0.984502	-0.00292007	0.744603	-0.519196	-0.0011483
370	2.51383e-09	1.02983	-0.58442	-0.00375131	0.454729	0.801677	-0.000302759
371	2.51383e-09	0.856917	-0.853919	0.00162708	0.644281	0.641355	0.000584007
372	2.51383e-09	-0.561673	1.06483	0.00182109	-0.803596	-0.425664	-0.000838323
373	2.51383e-09	0.951153	0.710581	-0.000607851	-0.552382	0.731309	-0.00184379
374	2.51383e-09	1.04117	0.603598	-0.00292031	-0.457994	0.792029	-0.00192743
375	2.51383e-09	0.604132	1.0172	0.00464	-0.794827	0.464099	0.0015382
376	2.51383e-09	-1.17186	-0.0459463	-0.00111333	0.0316171	-0.924299	0.000157008
377	2.51383e-09	0.439382	1.09397	7.0144e-05	-0.855179	0.34785	0.00108835
378	2.51383e-09	-0.723488	0.945054	-0.000115916	-0.728747	-0.557789	-0.00045374
379	2.51383e-09	0.898553	0.76781	0.00311032	-0.592819	0.704321	0.00243988
380	2.51383e-09	-0.914061	0.741625	0.00221235	-0.582608	-0.713996	-0.00136344
381	2.51383e-09	1.04448	-0.578461	-0.00123104	0.443928	0.800274	-0.000983993
382	2.51383e-09	0.12985	1.20114	0.000468179	-0.902208	0.101274	-0.00020073
383	2.51383e-09	1.18464	-0.0246374	0.000131051	0.0234052	0.91804	0.00168528
384	2.51383e-09	-0.612949	1.03444	0.000199554	-0.784703	-0.464263	-0.00467142
385	2.51383e-09	-1.16688	0.157713	2.19362e-05	-0.12345	-0.913431	0.00156622
386	2.51383e-09	-1.16084	-0.239727	0.000327976	0.187209	-0.901754	0.00245196
387	2.51383e-09	-0.65248	1.00534	0.00228202	-0.763852	-0.501155	-0.000942098
388	2.51383e-09	1.19524	0.149636	-0.002852	-0.116119	0.902232	-0.000275089
389	2.51383e-09	-0.888667	0.78096	-0.0036332	-0.605233	-0.692815	-0.00221802
390	2.51383e-09	1.12519	-0.384633	-0.00229313	0.295411	0.867185	0.00080357
391	2.51383e-09	-1.12424	-0.442988	0.00127903	0.339324	-0.844051	0.00175271
392	2.51383e-09	-1.1792	-0.216848	0.00126539	0.163113	-0.897727	0.00493196
393	2.51383e-09	-0.616341	1.04232	0.00140084	-0.778039	-0.466276	0.00183644
394	2.51383e-09	1.16047	0.294968	-0.00126625	-0.224203	0.8895	0.00115994
395	2.51383e-09	-0.608635	1.02421	0.000968545	-0.791441	-0.469865	-3.75841e-05
396	2.51383e-09	-0.309453	1.18331	-0.001358	-0.869849	-0.235755	-0.00142931
397	2.51383e-09	-0.375733	-1.13742	-0.00217143	0.869342	-0.283505	-0.00129532
398	2.51383e-09	-1.18653	-0.187465	0.00182812	0.140427	-0.902357	0.000607537
399	2.51383e-09	-0.914483	0.780096	0.00120922	-0.590222	-0.694185	-0.000498167
400	2.51383e-09	-1.13569	-0.380441	-0.00217935	0.295222	-0.866155	0.00138843
