7.451999e+03
401
0	1	0.000344377	0.000213524	-3.14313e-07	9.75234e-08	5.48092e-08	-2.5019e-12
1	2.51383e-09	-0.0907665	1.0119	-0.00244972	-0.985792	-0.0914162	-0.000954691
2	2.51383e-09	-0.636076	-0.766398	0.000249595	0.771844	-0.64404	0.000376773
3	2.51383e-09	0.274965	0.958665	0.0012184	-0.961176	0.279937	0.000715032
4	2.51383e-09	-0.555367	0.843042	0.000158129	-0.829296	-0.548607	-0.00271642
5	2.51383e-09	0.7053	-0.702526	-0.000908142	0.708429	0.709356	-0.000178425
6	2.51383e-09	0.728989	-0.693373	0.00248624	0.688542	0.722111	0.00161053
7	2.51383e-09	-0.95632	-0.280097	0.000257413	0.285928	-0.96126	0.00119853
8	2.51383e-09	0.808534	-0.583268	-0.00139498	0.590008	0.810499	0.000213039
9	2.51383e-09	-0.754774	0.670491	0.000215898	-0.658159	-0.74452	2.16754e-05
10	2.51383e-09	1.01471	-0.00998616	-0.000469518	0.0081736	0.992461	0.000552755
11	2.51383e-09	0.296923	0.951014	-0.000608134	-0.956537	0.300721	0.000388173
12	2.51383e-09	0.629834	0.796438	0.00222002	-0.780777	0.613035	-0.000170936
13	2.51383e-09	-0.780131	-0.638687	0.000599108	0.630753	-0.768403	0.00235539
14	2.51383e-09	-0.131619	1.00262	-0.00111589	-0.985749	-0.130936	-0.00267205
15	2.51383e-09	-0.919514	-0.39303	-0.000955903	0.398403	-0.918249	0.00103685
16	2.51383e-09	-0.879226	0.462061	0.00157916	-0.472075	-0.887554	0.00154254
17	2.51383e-09	0.96716	0.306402	-0.0015747	-0.303084	0.942846	-0.00109191
18	2.51383e-09	-0.579363	-0.838471	0.000942617	0.813453	-0.5682	-0.000465049
19	2.51383e-09	0.102028	1.00627	-0.00207657	-0.99185	0.107671	0.000929716
20	2.51383e-09	0.259658	-0.996713	0.0030737	0.952654	0.248534	0.000164392
21	2.51383e-09	0.266479	-0.972163	0.00264388	0.960077	0.263996	-0.00315645
22	2.51383e-09	0.333115	0.965608	0.000146556	-0.936397	0.325639	-0.00331075
23	2.51383e-09	-0.442289	0.910896	-0.00335524	-0.891867	-0.434824	-0.000662775
24	2.51383e-09	0.975025	0.241787	-0.000667965	-0.24563	0.971089	-0.00155587
25	2.51383e-09	-0.99464	-0.202831	-0.00122804	0.194082	-0.97324	0.00275415
26	2.51383e-09	0.770817	0.659161	-0.000903569	-0.643685	0.759213	0.00152904
27	2.51383e-09	-0.275984	0.966048	-0.000907381	-0.957989	-0.278169	-0.00189583
28	2.51383e-09	-0.687041	-0.732825	0.00253236	0.727953	-0.684933	3.51024e-05
29	2.51383e-09	-0.893023	-0.472435	0.001084	0.464596	-0.880823	-0.00247184
30	2.51383e-09	-0.547146	0.848528	0.00155056	-0.837483	-0.538106	-0.000421692
31	2.51383e-09	-0.566755	0.832782	-0.000365477	-0.823356	-0.562688	0.00342868
32	2.51383e-09	-1.0002	-0.132185	0.00133852	0.127882	-0.986019	-0.00405502
33	2.51383e-09	-0.121418	-1.01152	-0.000614293	0.987277	-0.123758	0.000781041
34	2.51383e-09	-0.888174	0.530961	-0.00207784	-0.503197	-0.844625	-0.00211047
35	2.51383e-09	-1.02162	-0.00672439	0.00289146	0.00364705	-0.987841	-0.00133009
36	2.51383e-09	0.899839	-0.452661	-0.00214557	0.451397	0.89311	0.000829696
37	2.51383e-09	0.878659	0.510497	0.000711789	-0.497311	0.859314	-0.00214649
38	2.51383e-09	1.00295	0.0164635	0.00109674	-0.0184969	0.99754	0.00316546
39	2.51383e-09	-0.511234	0.868141	0.000534105	-0.8622	-0.505549	-0.00155556
40	2.51383e-09	0.366935	-0.953701	-0.000182937	0.922402	0.350528	-0.000302721
41	2.51383e-09	-0.183188	-0.998607	0.00147993	0.975902	-0.178256	-0.00279088
42	2.51383e-09	0.409565	0.958935	-0.000871987	-0.899606	0.383898	0.00289188
43	2.51383e-09	0.842272	0.568201	0.000529595	-0.558031	0.818114	0.00278597
44	2.51383e-09	-0.490618	-0.909921	-0.00168317	0.868304	-0.463679	0.000774593
45	2.51383e-09	-0.985504	0.261672	-0.00188747	-0.249703	-0.959767	0.00150597
46	2.51383e-09	0.403841	0.937697	-0.000557707	-0.907231	0.396019	0.000544174
47	2.51383e-09	0.913166	0.44796	0.000894208	-0.438912	0.889661	0.00133705
48	2.51383e-09	0.482774	-0.904689	-0.00125489	0.872078	0.464689	0.00147329
49	2.51383e-09	-0.913993	0.424778	0.000644411	-0.418279	-0.903622	-0.00195309
50	2.51383e-09	0.614146	0.835993	0.000592812	-0.789114	0.584873	-0.0022963
51	2.51383e-09	0.995591	0.14747	0.00141204	-0.143671	0.986549	0.000293006
52	2.51383e-09	0.546871	0.884105	-0.00218939	-0.831877	0.516433	-0.000489696
53	2.51383e-09	-0.507789	0.887319	-0.00250971	-0.858661	-0.493568	0.000378068
54	2.51383e-09	0.785309	-0.652551	0.00120236	0.631556	0.763368	0.00108451
55	2.51383e-09	-0.102678	-1.03479	0.00170571	0.97395	-0.0993237	4.08231e-05
56	2.51383e-09	-0.550419	0.855291	-2.98665e-05	-0.836999	-0.53735	0.000664287
57	2.51383e-09	0.51499	0.909738	-0.00099135	-0.853973	0.481283	-0.00138946
58	2.51383e-09	0.113933	1.03937	-0.00137538	-0.971933	0.109726	0.000126826
59	2.51383e-09	0.314461	-0.983067	0.00100029	0.934517	0.299402	-0.00354656
60	2.51383e-09	-0.88832	0.517343	-0.00122616	-0.496813	-0.853053	-0.00112123
61	2.51383e-09	-1.0397	0.00586622	-0.000845664	-0.00528549	-0.978346	0.00328408
62	2.51383e-09	-0.814088	-0.635473	-0.000685873	0.607823	-0.775038	-0.000810873
63	2.51383e-09	-0.760662	-0.685621	0.000776145	0.665185	-0.733743	0.000932305
64	2.51383e-09	-0.376869	-0.954046	-0.000527815	0.919056	-0.367629	-0.0010959
65	2.51383e-09	0.835712	-0.594919	-0.00130274	0.570084	0.804761	-0.000838121
66	2.51383e-09	-0.45798	0.931715	0.00199834	-0.879121	-0.426621	0.00142816
67	2.51383e-09	-0.943338	0.455432	-0.00214369	-0.427529	-0.878176	-0.000435091
68	2.51383e-09	-0.488752	-0.904872	-0.00272433	0.865928	-0.470548	0.000561464
69	2.51383e-09	0.554796	0.877269	0.00156003	-0.827764	0.528602	0.00320014
70	2.51383e-09	-0.266952	0.995267	-0.000474407	-0.950472	-0.253596	0.000341515
71	2.51383e-09	0.329033	0.985152	0.00475885	-0.929522	0.310059	-0.00103911
72	2.51383e-09	-0.836583	-0.65426	-0.00186776	0.594773	-0.76448	0.00131877
73	2.51383e-09	-0.0227939	-1.03124	-0.00147922	0.985503	-0.0250581	-0.00056931
74	2.51383e-09	0.207765	-1.0382	0.00286464	0.951918	0.195181	-0.00025281
75	2.51383e-09	-0.808832	-0.659857	3.46835e-05	0.618348	-0.75922	-0.00122216
76	2.51383e-09	-0.772787	-0.703279	-0.00134603	0.662688	-0.722665	0.00242537
77	2.51383e-09	0.97575	-0.426915	-0.000442637	0.389179	0.887287	-0.000791378
78	2.51383e-09	-0.938848	0.473604	0.00299306	-0.43821	-0.865969	0.00102165
79	2.51383e-09	-0.931723	0.454855	2.52363e-05	-0.434929	-0.879497	-0.00457814
80	2.51383e-09	1.03241	0.10729	0.00139628	-0.105706	0.97688	-0.00116467
81	2.51383e-09	-0.601512	0.835454	0.000683442	-0.800372	-0.573379	0.000514828
82	2.51383e-09	0.362526	0.98874	0.000691132	-0.917302	0.329133	6.51208e-05
83	2.51383e-09	0.159671	-1.02474	-0.000571352	0.969961	0.146842	-0.000645919
84	2.51383e-09	0.520239	-0.90714	0.000469028	0.847437	0.484397	0.00086881
85	2.51383e-09	0.782806	-0.665085	-0.00162651	0.638415	0.752995	-7.49236e-05
86	2.51383e-09	-0.78057	-0.695196	0.000228933	0.654236	-0.72866	0.00140049
87	2.51383e-09	1.04548	0.0210613	-0.000877676	-0.0261395	0.978289	0.000825146
88	2.51383e-09	-0.55658	0.872132	-0.00300061	-0.828989	-0.528223	0.000151906
89	2.51383e-09	0.548398	-0.892938	0.000517065	0.83395	0.512325	-0.00196742
90	2.51383e-09	-0.59568	-0.859385	0.00304829	0.805424	-0.556953	0.00259224
91	2.51383e-09	-0.709158	-0.749901	0.000480914	0.71172	-0.679675	-0.00444148
92	2.51383e-09	-1.02195	-0.234938	0.0024834	0.219156	-0.951632	-0.000294642
93	2.51383e-09	0.908896	0.546289	0.000231987	-0.500481	0.83415	0.000252563
94	2.51383e-09	0.821823	-0.640203	0.00129411	0.600796	0.772049	0.00274112
95	2.51383e-09	0.794126	-0.659079	2.10692e-05	0.632154	0.753872	-0.00109414
96	2.51383e-09	0.722799	-0.763081	0.000376241	0.708177	0.674796	0.00247887
97	2.51383e-09	1.0057	-0.322117	-0.00131232	0.302832	0.923749	0.00148431
98	2.51383e-09	0.99023	0.365324	0.00171095	-0.341724	0.912942	-0.000151321
99	2.51383e-09	0.546009	0.929928	-0.0014079	-0.827098	0.485905	-0.000136355
100	2.51383e-09	-0.97954	0.384591	0.00177384	-0.362399	-0.906907	-0.000115551
101	2.51383e-09	0.191153	-1.0122	0.000833475	0.967696	0.186	-0.00052113
102	2.51383e-09	0.820643	0.625061	-0.000607266	-0.593165	0.78355	0.00119451
103	2.51383e-09	-0.324344	0.99725	0.00266186	-0.92819	-0.305333	0.000307061
104	2.51383e-09	-0.869763	-0.583199	0.000288077	0.539186	-0.813611	0.00160364
105	2.51383e-09	0.242816	1.01395	-0.000407328	-0.950223	0.227339	-0.00170716
106	2.51383e-09	-0.958782	-0.411337	-0.00050028	0.384017	-0.90231	-7.77445e-05
107	2.51383e-09	-0.943276	0.489119	-0.00155504	-0.443775	-0.861206	-0.000278412
108	2.51383e-09	0.316778	-1.01895	-0.000873826	0.923372	0.292362	-0.000641495
109	2.51383e-09	-0.625077	-0.860763	0.00152215	0.780478	-0.572109	0.00108978
110	2.51383e-09	0.0678203	1.04986	0.00307596	-0.975337	0.0625447	0.00225681
111	2.51383e-09	0.28665	-1.02792	0.00124153	0.93257	0.254086	-0.00118789
112	2.51383e-09	0.340251	1.01177	-0.00113548	-0.916693	0.305363	-4.8717e-05
113	2.51383e-09	-0.876664	-0.593432	0.000808205	0.548339	-0.803123	-0.00129
114	2.51383e-09	0.691628	0.786457	-0.000783027	-0.733262	0.647553	0.00159439
115	2.51383e-09	-0.774203	0.733265	-0.00132687	-0.670143	-0.702295	-0.00260773
116	2.51383e-09	0.977683	-0.392071	-0.00186474	0.358236	0.905053	-0.00254438
117	2.51383e-09	1.03238	-0.211745	0.00102441	0.197753	0.954837	-0.000562435
118	2.51383e-09	-0.310143	-1.01618	0.000674351	0.927294	-0.282561	-0.0018324
119	2.51383e-09	-1.01592	0.240679	-0.00133576	-0.23164	-0.952269	-0.00340279
120	2.51383e-09	1.04697	0.127746	-0.00239529	-0.118872	0.964456	-0.000544394
121	2.51383e-09	0.660245	-0.828527	-0.00160348	0.758747	0.609602	-0.00182936
122	2.51383e-09	-0.40789	0.990704	-0.00147158	-0.895067	-0.365751	0.00143261
123	2.51383e-09	0.601179	0.864194	-0.00129322	-0.797648	0.552973	-0.00103814
124	2.51383e-09	0.888334	-0.616041	-0.00124467	0.546889	0.790508	-0.00117162
125	2.51383e-09	-0.169571	-1.0385	-0.00182376	0.960789	-0.152462	-0.00147124
126	2.51383e-09	-1.0625	-0.0438156	0.000101894	0.0350511	-0.967726	0.00156108
127	2.51383e-09	-1.03013	-0.245295	-0.00150793	0.22784	-0.942873	0.000459493
128	2.51383e-09	-0.289754	-1.02665	0.00301837	0.932976	-0.264479	0.000148156
129	2.51383e-09	-1.05243	0.14731	0.000735512	-0.133969	-0.957132	0.00164722
130	2.51383e-09	-0.628688	-0.860361	-0.000615667	0.781379	-0.568584	-0.00117784
131	2.51383e-09	0.773172	-0.764897	0.00185632	0.670295	0.682544	0.000532745
132	2.51383e-09	-0.0895047	1.07207	-0.000490658	-0.95893	-0.0830932	0.00280216
133	2.51383e-09	0.956635	0.476922	0.00303009	-0.434467	0.864125	0.00033028
134	2.51383e-09	0.364127	-0.982738	0.000643732	0.916899	0.340138	0.0021045
135	2.51383e-09	0.211644	1.02951	-0.00233011	-0.956419	0.199723	-0.000965199
136	2.51383e-09	0.684259	0.847759	-0.00239063	-0.744546	0.599438	0.00106364
137	2.51383e-09	0.0585817	-1.05642	-0.00285968	0.973002	0.0529738	-0.00193872
138	2.51383e-09	0.448017	0.962435	0.000793455	-0.882853	0.407914	-0.000967587
139	2.51383e-09	-0.360766	0.997997	0.00338432	-0.913919	-0.331149	-0.000738974
140	2.51383e-09	0.401481	1.00558	0.00229446	-0.892746	0.356435	0.00034683
141	2.51383e-09	-0.787226	0.727091	-0.00362045	-0.655854	-0.707001	-0.000576674
142	2.51383e-09	-1.06108	-0.178175	-0.00346476	0.166457	-0.94969	0.000102046
143	2.51383e-09	-0.323563	1.02809	-4.51516e-05	-0.915882	-0.290802	0.000934389
144	2.51383e-09	-1.01995	-0.372521	-0.00115331	0.327917	-0.900323	-0.00176927
145	2.51383e-09	0.309598	1.01173	-0.001457	-0.931069	0.282578	-0.000565896
146	2.51383e-09	-0.5277	0.970764	0.00394268	-0.83733	-0.451731	0.000274721
147	2.51383e-09	-0.85629	0.657308	-0.00206659	-0.589012	-0.761784	0.00212945
148	2.51383e-09	-0.641826	-0.878684	0.00052378	0.775766	-0.559913	0.000159877
149	2.51383e-09	0.679667	0.82621	-0.00127016	-0.744235	0.609507	-0.00164221
150	2.51383e-09	-0.282026	1.0416	-0.00105816	-0.926924	-0.260336	0.000245326
151	2.51383e-09	-0.939909	0.524322	3.22046e-05	-0.464554	-0.843226	-0.000565383
152	2.51383e-09	-0.137209	1.07577	0.00094315	-0.947554	-0.131002	0.000827036
153	2.51383e-09	0.250183	1.0569	0.000285271	-0.936158	0.219939	-0.000650364
154	2.51383e-09	-1.09058	-0.192806	0.00118444	0.164892	-0.933026	-0.00108442
155	2.51383e-09	-0.0386765	1.07604	-8.44051e-05	-0.964598	-0.0379696	-0.00216839
156	2.51383e-09	-1.04352	0.317175	0.00171743	-0.272498	-0.916529	-0.00235744
157	2.51383e-09	0.972135	-0.441607	-0.000910802	0.403546	0.879112	-0.000199139
158	2.51383e-09	1.06915	0.235175	-0.00350148	-0.201441	0.932873	-0.00301558
159	2.51383e-09	1.07146	-0.106041	-0.000917053	0.093289	0.957718	-0.000410597
160	2.51383e-09	0.9068	-0.58212	0.00333718	0.523275	0.80858	0.000579055
161	2.51383e-09	-0.987761	-0.465016	0.00142056	0.405459	-0.86567	0.00214305
162	2.51383e-09	0.308526	1.04124	0.00291996	-0.919596	0.273141	0.00126762
163	2.51383e-09	-0.0402484	1.08384	0.000763357	-0.960918	-0.0399712	-0.000203032
164	2.51383e-09	-0.511436	-0.938454	-0.000592667	0.851612	-0.460015	-0.00318448
165	2.51383e-09	1.09168	0.0922318	-0.00066113	-0.0835049	0.954198	0.00279754
166	2.51383e-09	-0.858882	-0.658858	0.000555953	0.582328	-0.766295	-0.00151944
167	2.51383e-09	-0.194138	1.05032	0.00464894	-0.949371	-0.185827	-6.0535e-05
168	2.51383e-09	0.924501	0.577948	-0.000182197	-0.506232	0.811851	-0.00150622
169	2.51383e-09	-0.0217696	1.08336	-0.000378791	-0.960545	-0.0158737	-0.00108078
170	2.51383e-09	0.120385	-1.08042	8.19463e-05	0.952881	0.11058	0.00377754
171	2.51383e-09	0.640159	0.886304	0.00195262	-0.777537	0.557925	0.00251748
172	2.51383e-09	-1.0907	0.216347	0.00123377	-0.184378	-0.931992	-0.00270812
173	2.51383e-09	0.645987	0.898698	0.00212377	-0.772225	0.554431	-0.00127941
174	2.51383e-09	-1.05071	-0.315791	0.00229277	0.2745	-0.916399	0.00151318
175	2.51383e-09	0.510368	0.971052	-0.00141516	-0.843019	0.442868	-0.00133885
176	2.51383e-09	-0.35456	-1.01715	-0.000785359	0.91009	-0.316986	-0.00014785
177	2.51383e-09	0.884887	0.663534	0.000424051	-0.572162	0.762279	0.00110761
178	2.51383e-09	-1.07213	-0.0260374	8.3637e-05	0.0275241	-0.965059	0.000726979
179	2.51383e-09	-0.402619	1.01633	-0.00161091	-0.890902	-0.353349	-0.00359851
180	2.51383e-09	0.572839	0.91722	0.000353705	-0.816823	0.509584	0.00309328
181	2.51383e-09	-0.249897	1.07117	-0.000353752	-0.930033	-0.213602	-0.00200418
182	2.51383e-09	-0.663299	-0.868779	-0.000865673	0.759987	-0.581063	0.00152339
183	2.51383e-09	-1.09176	0.0961746	0.000345778	-0.0875055	-0.951179	0.00106008
184	2.51383e-09	0.568724	0.951927	-0.00227212	-0.816203	0.486706	0.00106199
185	2.51383e-09	-0.23614	1.06694	0.00129555	-0.934047	-0.209486	0.0012404
186	2.51383e-09	-0.949055	0.50911	-0.00218223	-0.459869	-0.850109	-0.000359796
187	2.51383e-09	0.231449	1.03561	0.00182654	-0.949339	0.213768	0.003642
188	2.51383e-09	-1.06855	0.294048	0.00168221	-0.254541	-0.913713	-0.000706099
189	2.51383e-09	-0.918131	-0.586586	-0.000675075	0.514805	-0.808573	-0.00237988
190	2.51383e-09	-0.166638	1.08155	0.0012571	-0.948764	-0.145429	-0.00181335
191	2.51383e-09	-0.782692	0.761097	0.00266287	-0.668829	-0.684687	-0.00153945
192	2.51383e-09	0.962529	-0.517157	-0.000504788	0.45523	0.843916	0.000865094
193	2.51383e-09	1.09938	0.00881088	0.000263107	-0.0125037	0.954505	0.00224334
194	2.51383e-09	-0.798813	0.791685	-0.00100736	-0.662275	-0.670784	0.000106217
195	2.51383e-09	0.986469	0.448941	-0.00132188	-0.403113	0.871619	-0.000900989
196	2.51383e-09	-0.469223	-0.974284	-0.00389702	0.869743	-0.419271	3.76592e-05
197	2.51383e-09	0.670689	-0.856854	0.00267363	0.755466	0.590355	-0.000619957
198	2.51383e-09	0.307385	-1.06695	0.000127067	0.911441	0.265325	0.00242195
199	2.51383e-09	-0.82836	0.719848	0.00207618	-0.623181	-0.722701	0.00197147
200	2.51383e-09	0.92875	0.606071	-0.0015538	-0.5168	0.798406	0.000941138
201	2.51383e-09	0.53147	0.970012	0.00125288	-0.833	0.456059	-0.00230358
202	2.51383e-09	1.00183	-0.452015	-0.00221817	0.386997	0.869755	-0.000974524
203	2.51383e-09	0.718062	0.814517	0.00141201	-0.720927	0.634325	0.000939403
204	2.51383e-09	1.10181	0.0897287	-0.00135664	-0.0833357	0.948567	-0.000626307
205	2.51383e-09	-0.151685	-1.11945	0.00070345	0.931327	-0.127816	-0.000822617
206	2.51383e-09	0.43778	-0.999887	0.00255899	0.876086	0.387287	-0.000838988
207	2.51383e-09	0.405479	-1.04028	0.00106539	0.880971	0.342721	-0.000215518
208	2.51383e-09	-0.192923	1.08037	-0.00215614	-0.939563	-0.167575	0.000154498
209	2.51383e-09	-1.03662	-0.3708	0.00185645	0.317415	-0.899011	0.0019984
210	2.51383e-09	0.584716	-0.935248	0.000586896	0.807737	0.502772	0.00162324
211	2.51383e-09	-0.21559	-1.07892	0.00168169	0.934711	-0.181956	0.000656271
212	2.51383e-09	-1.01506	-0.465437	-0.00111316	0.392247	-0.858564	-0.00195389
213	2.51383e-09	-0.427524	1.01906	-0.00214521	-0.877113	-0.370374	0.00144733
214	2.51383e-09	-1.09971	0.00633793	-0.000342055	0.00172958	-0.951832	0.00150054
215	2.51383e-09	-0.00387359	-1.11855	0.00356409	0.943131	-0.00532227	-0.00125032
216	2.51383e-09	-0.0646936	-1.11162	-0.000680398	0.948391	-0.0589946	-0.000308243
217	2.51383e-09	1.09491	0.231681	0.0013142	-0.196427	0.925286	-0.000128754
218	2.51383e-09	0.969505	0.462042	1.94321e-05	-0.41585	0.874224	0.00198913
219	2.51383e-09	-0.372189	1.06137	-0.000419624	-0.890819	-0.308737	0.000318202
220	2.51383e-09	1.03302	0.423106	-5.99161e-05	-0.356447	0.877544	-0.00228564
221	2.51383e-09	-0.846268	0.682415	-0.00196205	-0.602826	-0.748636	-0.000682093
222	2.51383e-09	0.957327	0.574108	0.00192124	-0.483236	0.812944	0.00211259
223	2.51383e-09	-0.945185	0.573115	-0.00138791	-0.490798	-0.815591	0.000896165
224	2.51383e-09	-0.885743	0.635317	-0.000208599	-0.558344	-0.781931	0.000149437
225	2.51383e-09	-0.430935	-1.03584	-0.00109215	0.86939	-0.361699	-0.000244196
226	2.51383e-09	-1.05385	0.364476	0.00315189	-0.307803	-0.896745	2.92666e-05
227	2.51383e-09	-0.798177	0.76487	0.00156843	-0.659793	-0.684952	-0.000870014
228	2.51383e-09	-1.0239	-0.445882	0.00149732	0.37912	-0.867266	3.63457e-05
229	2.51383e-09	0.094279	-1.12483	-0.000136183	0.937899	0.074178	-0.00309333
230	2.51383e-09	1.00899	-0.529553	-0.000738402	0.441046	0.827048	0.001341
231	2.51383e-09	0.543173	-0.983176	0.00610074	0.825238	0.460892	0.000450019
232	2.51383e-09	0.766939	-0.791425	-8.99572e-05	0.688755	0.658449	0.00196916
233	2.51383e-09	1.00367	-0.486604	-0.00187995	0.419367	0.847976	0.00053787
234	2.51383e-09	0.92263	0.638782	-0.00136067	-0.537989	0.775533	-0.00141112
235	2.51383e-09	-1.09371	-0.17143	-0.00393861	0.147974	-0.941298	-0.000588466
236	2.51383e-09	-0.976502	-0.571468	0.000875409	0.473114	-0.810624	-0.000850265
237	2.51383e-09	-1.111	0.0917163	0.00116525	-0.0774404	-0.939695	-0.000526236
238	2.51383e-09	-0.34661	-1.08174	-0.000317184	0.897856	-0.28038	0.000409395
239	2.51383e-09	0.971564	-0.52636	-0.000570026	0.454891	0.837415	-0.00315048
240	2.51383e-09	0.138027	-1.10829	-2.54298e-05	0.942163	0.119969	0.00103137
241	2.51383e-09	-1.08432	0.241015	0.000921982	-0.211371	-0.928277	-5.7803e-05
242	2.51383e-09	0.0218159	1.15417	-0.00198243	-0.930594	0.019856	0.00243294
243	2.51383e-09	1.12214	0.0366531	-0.002184	-0.0341309	0.943538	-0.0018784
244	2.51383e-09	0.651557	0.926257	-0.00297632	-0.768419	0.543894	-0.000604725
245	2.51383e-09	1.0882	-0.280825	-0.00520001	0.237149	0.913535	8.81398e-05
246	2.51383e-09	0.0735147	-1.11847	-0.00253772	0.943136	0.0601825	-0.000221158
247	2.51383e-09	-0.0615376	1.09466	0.00135072	-0.956387	-0.0559263	-0.000316022
248	2.51383e-09	-1.11742	-0.158304	0.0027732	0.13096	-0.930241	0.000243038
249	2.51383e-09	0.592092	0.955719	-0.00118113	-0.798411	0.501603	0.000442212
250	2.51383e-09	-0.993255	-0.539315	-0.00228431	0.446971	-0.827498	-0.000399021
251	2.51383e-09	-0.604318	0.951641	-0.00111447	-0.798158	-0.501673	-0.00120827
252	2.51383e-09	1.02755	0.448786	0.00075376	-0.377683	0.865381	-0.00129584
253	2.51383e-09	0.0311517	1.14402	-0.00113717	-0.932076	0.0278263	0.0023201
254	2.51383e-09	0.974689	-0.559768	-0.000273147	0.470799	0.818713	0.00237955
255	2.51383e-09	-0.915049	-0.672682	-0.000359505	0.555939	-0.756081	-0.000484874
256	2.51383e-09	0.762595	0.836962	0.00135934	-0.699338	0.633403	-0.000197598
257	2.51383e-09	-0.0501659	-1.11969	0.00229575	0.94468	-0.0396979	-0.00166492
258	2.51383e-09	0.964338	-0.595001	-0.00451666	0.491996	0.798335	0.000291263
259	2.51383e-09	-0.611897	-0.948183	-0.00124941	0.792523	-0.508469	0.000644294
260	2.51383e-09	-0.555373	-0.983576	0.00142639	0.816237	-0.465209	0.00356725
261	2.51383e-09	-1.07191	-0.409434	0.000479311	0.333619	-0.871656	0.00101136
262	2.51383e-09	-1.08916	-0.262748	-0.0047925	0.223015	-0.914965	0.00170294
263	2.51383e-09	1.10878	-0.254848	-6.4857e-05	0.20577	0.916803	0.00168374
264	2.51383e-09	1.12498	0.00551117	0.000185824	-0.0017564	0.94329	-0.000732334
265	2.51383e-09	-0.480987	1.04507	0.000845549	-0.847575	-0.386328	-0.000596036
266	2.51383e-09	0.900334	0.691567	-0.000373874	-0.571739	0.745071	-0.000167956
267	2.51383e-09	-1.09271	-0.228836	0.00267419	0.19522	-0.929261	-9.14615e-05
268	2.51383e-09	-1.12388	0.117762	0.00205943	-0.100664	-0.938431	0.00117036
269	2.51383e-09	-0.553858	-1.00393	0.000461595	0.819128	-0.446932	0.00234897
270	2.51383e-09	0.448227	1.04348	-0.000311204	-0.862041	0.370932	0.00137049
271	2.51383e-09	1.13125	-0.14563	0.00145577	0.121807	0.929769	-0.00133713
272	2.51383e-09	-1.12718	0.163457	0.00232468	-0.135819	-0.927395	-0.00159011
273	2.51383e-09	1.09875	0.321875	0.00298897	-0.2647	0.896162	-0.000935292
274	2.51383e-09	0.953626	-0.601611	-0.00174298	0.498654	0.794929	-0.00135956
275	2.51383e-09	-1.13411	-0.0758693	-0.000424876	0.0653646	-0.933962	0.002434
276	2.51383e-09	0.850528	-0.755593	0.000685379	0.627557	0.700241	-0.000615283
277	2.51383e-09	0.76836	0.847649	0.00229787	-0.686261	0.633882	0.00293419
278	2.51383e-09	-0.727763	0.896106	0.00179289	-0.722772	-0.584296	-0.000867031
279	2.51383e-09	-0.829853	-0.821372	0.000783169	0.649792	-0.657396	-0.000633919
280	2.51383e-09	1.07071	0.459652	0.000171017	-0.369508	0.84773	-0.0013731
281	2.51383e-09	-1.11556	-0.219557	0.000252342	0.179844	-0.921117	-0.000793381
282	2.51383e-09	1.08353	0.379815	-0.00212667	-0.307888	0.880994	-0.00196844
283	2.51383e-09	0.371528	1.07878	0.0015151	-0.884897	0.299038	0.00199167
284	2.51383e-09	0.377358	-1.10164	0.0022102	0.875676	0.29714	0.000348714
285	2.51383e-09	0.644226	-0.954302	0.000817713	0.770899	0.520617	-0.000249665
286	2.51383e-09	0.0690037	-1.12797	0.000987698	0.939139	0.0557361	0.00123972
287	2.51383e-09	0.173307	1.12671	0.00054018	-0.924743	0.139835	0.00122044
288	2.51383e-09	1.13384	-0.247714	-0.00112663	0.201831	0.905746	-0.00131735
289	2.51383e-09	0.0739139	1.15537	0.00248442	-0.92629	0.0539329	-0.0023418
290	2.51383e-09	1.13813	0.131297	0.000714234	-0.104632	0.92704	0.00267441
291	2.51383e-09	0.289228	-1.1109	0.00283759	0.90334	0.233129	-0.00150164
292	2.51383e-09	-0.861046	0.753163	-0.00178471	-0.616198	-0.70274	0.000745652
293	2.51383e-09	-1.07865	0.361462	0.000166791	-0.29947	-0.887352	-0.00243973
294	2.51383e-09	0.487474	1.06094	-0.00150307	-0.841508	0.385925	-0.00489284
295	2.51383e-09	0.215813	1.11707	-0.0017565	-0.920603	0.172652	-0.00145134
296	2.51383e-09	-0.915039	0.70582	-0.00111061	-0.569031	-0.737133	0.00369494
297	2.51383e-09	0.48882	-1.03757	0.00139197	0.844856	0.398894	0.000955007
298	2.51383e-09	-0.673848	-0.928538	-0.00122693	0.759958	-0.546109	-0.00208712
299	2.51383e-09	-0.211786	1.14529	0.000941311	-0.910066	-0.178991	0.000252657
300	2.51383e-09	1.02048	0.571387	-0.00447874	-0.450903	0.805417	0.00109018
301	2.51383e-09	-0.567028	1.00281	-0.00252771	-0.807434	-0.466265	0.000497607
302	2.51383e-09	0.4345	-1.06732	0.000735	0.867975	0.349873	0.00432976
303	2.51383e-09	-1.04953	0.473106	-0.00138563	-0.38091	-0.85002	-0.00167798
304	2.51383e-09	1.03584	-0.520232	0.00170882	0.414937	0.831738	-0.000350795
305	2.51383e-09	-1.14135	-0.0586067	-0.00199393	0.0455406	-0.934559	0.0011594
306	2.51383e-09	-0.803701	-0.824774	-0.00123194	0.66627	-0.65144	0.00136993
307	2.51383e-09	0.838202	0.794309	-0.00199906	-0.643021	0.675637	-0.00196337
308	2.51383e-09	0.910643	0.745015	0.000743464	-0.579631	0.714239	9.20082e-06
309	2.51383e-09	0.986419	0.589166	-0.00179305	-0.478129	0.800685	-0.000635239
310	2.51383e-09	0.333725	1.11018	-2.42322e-06	-0.888696	0.271352	-0.00132459
311	2.51383e-09	-1.04759	-0.505194	-0.00206719	0.400385	-0.833535	-0.00138258
312	2.51383e-09	-1.1675	-0.0463524	-9.25171e-05	0.036624	-0.922855	-0.00182675
313	2.51383e-09	-1.13593	0.197489	0.00100219	-0.159574	-0.915826	-0.00314469
314	2.51383e-09	0.689275	-0.918202	-0.00122654	0.74742	0.558485	0.000915554
315	2.51383e-09	-0.962951	0.664566	-0.00156648	-0.52646	-0.759831	0.000845382
316	2.51383e-09	0.145095	-1.15297	-0.00281127	0.922019	0.118674	-0.000439899
317	2.51383e-09	-0.986571	-0.60561	0.00326322	0.484079	-0.794375	0.000525542
318	2.51383e-09	-0.320286	1.1101	0.000328924	-0.895628	-0.257824	-0.00230646
319	2.51383e-09	0.585156	1.01405	0.00186975	-0.798951	0.462538	0.00218721
320	2.51383e-09	0.598487	1.01218	0.000412086	-0.795207	0.470701	-0.000261971
321	2.51383e-09	-0.120662	1.16632	-0.000596229	-0.91688	-0.0943283	7.12581e-05
322	2.51383e-09	-0.277104	1.12271	0.00286173	-0.903593	-0.223942	0.000780659
323	2.51383e-09	1.1393	-0.228321	-0.000358801	0.176605	0.910871	-0.000264448
324	2.51383e-09	1.1683	-0.167615	-0.00160139	0.130229	0.911105	-0.000138267
325	2.51383e-09	-0.594995	0.994832	-0.000855711	-0.798741	-0.470584	-0.00232442
326	2.51383e-09	-0.640073	-0.979184	-0.00102627	0.773581	-0.508754	-0.00246751
327	2.51383e-09	0.623712	0.994378	0.00226658	-0.78185	0.492136	0.00131522
328	2.51383e-09	1.12631	-0.220232	-0.00167583	0.182757	0.913287	-0.00129252
329	2.51383e-09	1.12671	0.403109	0.000391707	-0.311144	0.854566	0.000422402
330	2.51383e-09	-0.178139	1.13806	0.000329392	-0.921461	-0.150158	-0.000723318
331	2.51383e-09	-0.944927	-0.652037	0.00119396	0.531017	-0.768302	-0.00217486
332	2.51383e-09	-0.387741	-1.1086	0.000209222	0.871498	-0.303758	-0.000796078
333	2.51383e-09	1.09289	-0.464246	-0.00302294	0.357021	0.845022	0.000529859
334	2.51383e-09	-0.366252	-1.11363	0.00217593	0.879292	-0.281649	-0.000137493
335	2.51383e-09	-0.610979	1.00839	-0.00105291	-0.789524	-0.475852	0.00177476
336	2.51383e-09	-0.309107	-1.13229	0.00186852	0.889356	-0.245221	-0.00133199
337	2.51383e-09	0.655928	-0.977076	0.00135071	0.765888	0.516496	0.001568
338	2.51383e-09	0.196911	1.15205	-0.00200437	-0.911819	0.155716	-0.00252875
339	2.51383e-09	1.00343	0.62706	0.00440212	-0.48622	0.782509	-0.00333208
340	2.51383e-09	1.15503	0.2507	-0.00225466	-0.198646	0.897079	0.000550503
341	2.51383e-09	-1.05649	-0.528262	-0.000413156	0.412097	-0.820892	0.00117457
342	2.51383e-09	-0.792304	0.853909	0.000819959	-0.678518	-0.630924	-6.20115e-05
343	2.51383e-09	-1.02034	-0.533944	-0.00147634	0.433076	-0.827573	0.001557
344	2.51383e-09	-1.07475	-0.488471	-0.000590555	0.374923	-0.840267	0.000301424
345	2.51383e-09	0.386948	1.10438	-0.00198663	-0.871403	0.306334	0.00115785
346	2.51383e-09	1.08158	-0.442678	-0.000513563	0.345812	0.858509	-0.00231073
347	2.51383e-09	-0.637509	0.976688	-2.52284e-05	-0.772588	-0.513821	0.00201329
348	2.51383e-09	-0.174251	1.16643	0.00195381	-0.909332	-0.135819	-0.0029901
349	2.51383e-09	0.681387	-0.962309	0.00327097	0.748271	0.53252	-0.00032613
350	2.51383e-09	-0.344319	-1.11901	-0.00256758	0.885174	-0.27186	0.000411553
351	2.51383e-09	0.621561	1.01509	0.000894081	-0.780051	0.481526	-0.000756937
352	2.51383e-09	0.780095	0.885309	-0.0014322	-0.688127	0.611043	-0.0013206
353	2.51383e-09	-0.549674	-1.06195	0.00346538	0.810222	-0.424928	-0.0020542
354	2.51383e-09	-0.895033	-0.77829	0.00283265	0.603861	-0.690423	0.00117012
355	2.51383e-09	-0.931822	-0.680372	-0.000574674	0.548911	-0.750732	0.00303702
356	2.51383e-09	1.05182	-0.576326	-7.05983e-05	0.440162	0.801089	0.000741883
357	2.51383e-09	0.504042	-1.07185	-0.00147381	0.830364	0.389811	-0.000923536
358	2.51383e-09	-0.124163	1.18971	0.0034251	-0.909999	-0.0957006	0.00084934
359	2.51383e-09	0.476983	1.09649	0.00021866	-0.839804	0.36111	0.00300973
360	2.51383e-09	-0.703246	0.93996	0.00102417	-0.739192	-0.551024	-7.64222e-05
361	2.51383e-09	-1.15275	0.196457	-0.000877305	-0.154805	-0.911851	-0.00141524
362	2.51383e-09	0.246544	1.15258	0.00181644	-0.900688	0.19084	-0.000351166
363	2.51383e-09	0.341299	-1.12588	0.00107686	0.884442	0.26912	0.00166912
364	2.51383e-09	-1.12622	-0.299733	0.000881483	0.235015	-0.895358	0.000209629
365	2.51383e-09	-1.14664	-0.352061	0.00293048	0.267174	-0.872559	-0.000603236
366	2.51383e-09	-1.1822	-0.0607324	-0.00269145	0.0475629	-0.917855	-0.00027915
367	2.51383e-09	-0.361093	1.13819	-0.0022219	-0.871919	-0.272641	-0.000630359
368	2.51383e-09	0.693738	0.978566	-0.00102523	-0.743196	0.531184	7.80435e-05
369	2.51383e-09	0.592566	1.03011	0.00133649	-0.797955	0.453899	0.000270991
370	2.51383e-09	-1.16785	-0.228776	-0.00146392	0.172559	-0.899715	-2.27333e-05
371	2.51383e-09	0.349409	-1.15454	-0.00148742	0.872493	0.261739	-6.07041e-05
372	2.51383e-09	0.423175	1.11625	-0.00291171	-0.856394	0.326699	0.00106716
373	2.51383e-09	-1.0223	-0.598225	0.00153268	0.464725	-0.793868	0.00232137
374	2.51383e-09	-0.916752	0.792312	-0.00373956	-0.595504	-0.68428	0.00029202
375	2.51383e-09	0.198676	-1.16968	0.000634371	0.9066	0.152734	0.000341721
376	2.51383e-09	-0.175534	1.17599	-0.000390162	-0.906388	-0.135278	-0.000341804
377	2.51383e-09	-0.394313	1.11861	0.00231352	-0.868317	-0.304622	-0.000968095
378	2.51383e-09	-0.485605	1.09085	-0.000966752	-0.835883	-0.375803	-0.000635551
379	2.51383e-09	0.877856	-0.773127	0.00291409	0.611433	0.698229	0.000131002
380	2.51383e-09	-0.61903	-1.01553	0.00024804	0.779561	-0.480856	-0.000737717
381	2.51383e-09	-1.00125	-0.644255	-0.000347282	0.498184	-0.769649	-0.000104227
382	2.51383e-09	1.1664	-0.239839	-0.00255768	0.186852	0.899127	0.000880713
383	2.51383e-09	0.413651	-1.09816	0.000523592	0.866217	0.318584	6.47956e-05
384	2.51383e-09	1.10348	0.485544	-0.00159157	-0.371985	0.830821	0.00158424
385	2.51383e-09	-0.566632	-1.04446	0.000710858	0.807277	-0.434678	-0.000163612
386	2.51383e-09	0.529321	-1.06917	-0.00256409	0.821318	0.405	-0.00164716
387	2.51383e-09	-1.14898	-0.360516	0.00253103	0.273946	-0.867327	0.00210312
388	2.51383e-09	-0.811383	0.875804	0.00134255	-0.673695	-0.624475	0.000489572
389	2.51383e-09	-0.291886	1.14521	0.00278527	-0.892562	-0.228563	0.00275434
390	2.51383e-09	1.1591	0.239049	0.00102285	-0.18968	0.900317	-0.00299251
391	2.51383e-09	-0.224305	-1.18012	-0.00167186	0.898495	-0.171033	0.0014517
392	2.51383e-09	-0.377769	1.13865	-0.00306062	-0.867901	-0.2871	-0.00379927
393	2.51383e-09	-1.10127	0.496604	0.00290358	-0.368461	-0.832406	-0.000340775
394	2.51383e-09	-0.959855	-0.725681	0.00221153	0.551387	-0.724613	0.000337124
395	2.51383e-09	0.471391	-1.10453	0.000566914	0.839212	0.354835	0.0011356
396	2.51383e-09	-0.850487	-0.850711	0.000728658	0.648182	-0.642806	-0.000847761
397	2.51383e-09	0.648178	1.0101	-0.00310822	-0.767736	0.495129	0.000814071
398	2.51383e-09	1.0055	-0.672441	0.00162959	0.510147	0.752365	0.000911282
399	2.51383e-09	-1.10348	-0.475633	0.000478495	0.359123	-0.837432	0.00195174
400	2.51383e-09	1.04321	-0.587821	-0.00101205	0.453681	0.793375	0.00049393
