5.970000e+03
401
0	1	0.000275955	0.00017115	-2.51869e-07	4.56804e-08	2.65682e-08	-1.81797e-10
1	2.51383e-09	0.218328	0.981382	0.0012877	-0.972753	0.213913	0.000738541
2	2.51383e-09	0.0919032	1.00322	0.000311568	-0.991492	0.0911193	-0.000606685
3	2.51383e-09	0.000272244	-0.995651	-0.000357302	1.0023	0.000816088	-0.00131991
4	2.51383e-09	0.7318	0.688638	0.00061901	-0.68334	0.725754	0.00112788
5	2.51383e-09	-0.779225	0.621503	0.000778782	-0.624017	-0.783885	0.000465288
6	2.51383e-09	-0.652909	0.770147	0.000221433	-0.759141	-0.644153	-0.00157807
7	2.51383e-09	0.43763	-0.909335	-0.00042713	0.896659	0.429383	0.000223388
8	2.51383e-09	0.988571	-0.151075	-0.000195942	0.154879	0.98811	-6.08064e-05
9	2.51383e-09	-0.798955	0.607751	-0.000751261	-0.60487	-0.792471	0.00108678
10	2.51383e-09	0.37338	-0.927191	-0.000606267	0.930622	0.368315	-0.000265163
11	2.51383e-09	-0.990084	-0.138045	-0.00105292	0.137741	-0.989471	0.00125282
12	2.51383e-09	0.669613	0.758449	-0.000571434	-0.745163	0.657057	0.00113258
13	2.51383e-09	0.378508	0.930522	-2.93795e-05	-0.924597	0.37589	-0.00208361
14	2.51383e-09	-0.36885	0.944646	-0.000393661	-0.922311	-0.362325	-0.00231698
15	2.51383e-09	0.803869	-0.588504	0.000400871	0.598602	0.807317	0.0011322
16	2.51383e-09	0.813882	0.576069	-0.00183209	-0.582133	0.817106	-0.000243556
17	2.51383e-09	0.926923	-0.408845	0.000291685	0.400758	0.907339	-0.00142306
18	2.51383e-09	-0.905398	-0.467534	-0.000880313	0.452765	-0.882473	0.00107619
19	2.51383e-09	0.389244	0.927125	0.00025275	-0.92215	0.390087	-0.00141838
20	2.51383e-09	-0.305002	-0.980274	-0.00159573	0.941612	-0.293322	0.00259827
21	2.51383e-09	-1.01064	0.0378418	-0.00260342	-0.0391246	-0.991434	0.00275706
22	2.51383e-09	0.597526	-0.818047	-0.00014647	0.803668	0.586548	0.00212649
23	2.51383e-09	-0.000246215	1.02464	0.00140353	-0.984135	-0.000229285	-0.00217647
24	2.51383e-09	-0.693201	-0.753072	0.000880163	0.725402	-0.664488	0.00113814
25	2.51383e-09	0.93038	0.415493	0.00213293	-0.406305	0.903923	0.000221898
26	2.51383e-09	-0.42009	0.930062	-0.00218664	-0.903284	-0.403671	0.00154367
27	2.51383e-09	0.948926	-0.343292	-0.000806804	0.337811	0.935376	0.00134427
28	2.51383e-09	-0.725489	-0.699568	0.000639906	0.68998	-0.721507	0.00176371
29	2.51383e-09	0.51999	0.86979	-0.00139882	-0.851485	0.508716	0.00171737
30	2.51383e-09	0.426632	-0.919827	-0.000525782	0.901077	0.415185	0.00119723
31	2.51383e-09	-0.952018	-0.344487	-0.000562504	0.340354	-0.932246	0.00272465
32	2.51383e-09	0.861783	-0.5231	-0.00359467	0.51562	0.852299	-0.000400222
33	2.51383e-09	0.954764	-0.390646	-0.000282157	0.378068	0.908343	0.000141529
34	2.51383e-09	0.597807	0.841623	0.00107823	-0.802012	0.569534	0.00182488
35	2.51383e-09	0.766451	0.669655	-0.00222094	-0.653417	0.746062	-0.00051591
36	2.51383e-09	-0.175429	-1.00192	0.00102967	0.977064	-0.167646	-0.00165155
37	2.51383e-09	1.0126	-0.0781256	0.00370075	0.0760464	0.991769	0.00126902
38	2.51383e-09	0.824021	-0.574672	-0.00242592	0.569432	0.817967	0.00234961
39	2.51383e-09	0.747074	0.68467	-0.00132802	-0.676057	0.728247	0.00204059
40	2.51383e-09	0.835195	0.582508	-0.000830922	-0.572416	0.808126	0.000474743
41	2.51383e-09	0.974849	-0.274405	0.00108033	0.265796	0.957329	-0.00232476
42	2.51383e-09	-0.521203	-0.879776	0.00122349	0.850674	-0.507864	0.000391414
43	2.51383e-09	0.810053	0.614739	-0.00180448	-0.602823	0.787567	0.00280509
44	2.51383e-09	-0.442737	0.944057	0.00164192	-0.883195	-0.415309	-0.000301067
45	2.51383e-09	1.00024	0.25667	-0.000321172	-0.242435	0.954319	0.00196681
46	2.51383e-09	0.982408	-0.269893	-0.000608305	0.265415	0.956395	4.89089e-05
47	2.51383e-09	-0.823889	0.593185	0.00154025	-0.582613	-0.804193	-0.000288344
48	2.51383e-09	-0.294845	0.98801	0.000972063	-0.94195	-0.279216	0.000835264
49	2.51383e-09	-0.68515	0.749341	0.00250479	-0.730936	-0.669269	0.00164718
50	2.51383e-09	0.713058	0.733395	0.00166853	-0.709656	0.691625	0.000659086
51	2.51383e-09	0.880074	-0.5022	5.99074e-05	0.495225	0.860866	-0.00137973
52	2.51383e-09	-0.446986	-0.924873	-0.000406709	0.890243	-0.426921	-0.000611285
53	2.51383e-09	-0.960522	-0.34621	-0.00141406	0.332068	-0.933355	0.00116546
54	2.51383e-09	-0.0233644	1.02452	0.00213245	-0.987581	-0.0245487	0.00112361
55	2.51383e-09	-0.888345	0.522695	-0.000425682	-0.503968	-0.847828	-0.00103875
56	2.51383e-09	0.0553396	-1.02629	0.00129016	0.984414	0.0524741	0.00234366
57	2.51383e-09	-0.478344	-0.934425	-0.00175339	0.865292	-0.445939	0.00224294
58	2.51383e-09	0.824179	-0.640574	0.00208263	0.598448	0.775588	-0.0023241
59	2.51383e-09	0.493253	0.892399	-0.00426969	-0.871396	0.476697	-0.0010543
60	2.51383e-09	0.212136	-1.0002	-0.00101409	0.968363	0.203872	0.00149272
61	2.51383e-09	0.351472	0.978171	-0.000948606	-0.921164	0.334873	-0.00347955
62	2.51383e-09	-0.712775	-0.74603	0.00066074	0.710814	-0.680865	0.000535925
63	2.51383e-09	0.00235408	-1.02266	0.00067295	0.990153	-0.00249002	-0.000504638
64	2.51383e-09	1.02462	-0.144833	-0.00128146	0.138969	0.97025	-0.00113555
65	2.51383e-09	-0.439604	0.93304	-0.0021173	-0.891009	-0.417421	0.00156455
66	2.51383e-09	-0.746777	0.713399	0.000836926	-0.682699	-0.704321	0.00286311
67	2.51383e-09	0.995712	0.288094	-0.000879153	-0.277096	0.945285	-0.000616332
68	2.51383e-09	-0.133903	1.02002	0.00162525	-0.978327	-0.129323	-0.000114342
69	2.51383e-09	0.847824	0.601643	-0.00266001	-0.565122	0.80246	0.00194974
70	2.51383e-09	0.749079	-0.705695	0.000724414	0.6775	0.716723	0.00180272
71	2.51383e-09	0.0620488	1.04328	0.00259505	-0.973317	0.0571786	0.000371016
72	2.51383e-09	0.486135	0.92828	0.000752161	-0.867909	0.453482	0.00123321
73	2.51383e-09	0.927249	-0.4673	-0.00136715	0.441816	0.875564	0.000292851
74	2.51383e-09	0.218793	1.03783	0.00141927	-0.948699	0.201705	-0.00261868
75	2.51383e-09	-0.496168	-0.918538	-0.000109209	0.859108	-0.467439	0.000803295
76	2.51383e-09	-0.89286	-0.544669	-0.00264304	0.513109	-0.834267	0.000242631
77	2.51383e-09	0.551199	-0.90142	0.00206958	0.832217	0.506103	0.000487173
78	2.51383e-09	0.967888	-0.37487	-2.01479e-05	0.355206	0.919543	-0.00149016
79	2.51383e-09	0.0508819	-1.03694	-0.00323031	0.97797	0.0516555	-0.000915557
80	2.51383e-09	0.0564821	1.04478	-0.000344663	-0.975679	0.0530011	-0.00207183
81	2.51383e-09	-0.842192	-0.609485	-0.00210346	0.574821	-0.794543	0.00263179
82	2.51383e-09	0.683495	-0.805313	-0.000855844	0.741595	0.625766	-0.000367595
83	2.51383e-09	-0.346141	-0.979	0.000982598	0.923102	-0.332233	-0.00117552
84	2.51383e-09	1.05063	0.00251694	0.00144519	-0.000883083	0.974836	-0.00048926
85	2.51383e-09	-0.846008	0.576968	0.000933719	-0.557217	-0.817476	0.00172039
86	2.51383e-09	0.381346	0.974875	0.0015359	-0.909491	0.356767	0.000113384
87	2.51383e-09	0.965626	0.381033	-0.000120001	-0.362399	0.913449	0.000375661
88	2.51383e-09	0.773227	-0.683477	0.00228323	0.651859	0.738239	0.00130186
89	2.51383e-09	-0.463563	-0.942972	0.000643188	0.877357	-0.428848	0.000767677
90	2.51383e-09	0.92528	-0.495836	0.00407734	0.465559	0.858395	-7.38813e-05
91	2.51383e-09	-1.03371	-0.0290455	0.00278689	0.0288569	-0.983857	0.00251886
92	2.51383e-09	1.0194	-0.263749	0.000761243	0.241006	0.942585	-0.000403634
93	2.51383e-09	1.02387	0.246332	0.000680127	-0.227267	0.947542	0.00093501
94	2.51383e-09	-1.03616	0.0273299	-0.000513188	-0.0271358	-0.982847	-0.00296378
95	2.51383e-09	-0.935731	0.432979	0.00196569	-0.412977	-0.896248	0.00130797
96	2.51383e-09	0.871691	0.593222	-0.000584216	-0.547372	0.807694	0.0029828
97	2.51383e-09	-0.910619	0.532914	0.00196149	-0.486245	-0.842252	0.00196223
98	2.51383e-09	0.142438	1.04609	0.00175451	-0.964306	0.132009	0.000939372
99	2.51383e-09	0.714642	0.803551	-0.00117906	-0.717623	0.639841	-0.000280561
100	2.51383e-09	-1.04826	-0.137685	0.00251797	0.1213	-0.96449	0.00137241
101	2.51383e-09	-1.01476	-0.217453	-0.00161006	0.208135	-0.957758	-0.00122509
102	2.51383e-09	-0.443502	0.931697	-0.000304257	-0.884883	-0.426765	0.00108444
103	2.51383e-09	-0.733631	-0.745531	0.00383819	0.695429	-0.687248	-0.000674131
104	2.51383e-09	1.05353	0.0237657	-0.00092252	-0.0218258	0.971894	-0.000277011
105	2.51383e-09	0.242257	-1.01708	-0.00112301	0.951582	0.2241	0.000548307
106	2.51383e-09	1.05039	0.0304563	0.000328301	-0.0266591	0.973944	0.000830409
107	2.51383e-09	0.665227	-0.817227	-0.000918079	0.75544	0.616032	0.00208758
108	2.51383e-09	0.0864409	1.06027	-0.00163608	-0.966642	0.0804853	0.00139703
109	2.51383e-09	0.67756	0.809298	0.00079398	-0.750579	0.623734	-0.00195356
110	2.51383e-09	-0.594376	0.866816	-0.000131541	-0.808525	-0.549795	-0.000651854
111	2.51383e-09	-0.00326574	1.06377	-0.00114215	-0.970439	-0.00850957	-0.000413975
112	2.51383e-09	-1.02454	0.263356	-0.000221063	-0.239011	-0.94377	0.000234082
113	2.51383e-09	-0.860406	0.613352	-0.000120323	-0.562162	-0.793008	0.00131443
114	2.51383e-09	0.701401	0.774221	-0.00167374	-0.725659	0.659714	-0.000841056
115	2.51383e-09	-0.200917	-1.06352	-0.00267593	0.940906	-0.179342	3.34238e-05
116	2.51383e-09	-0.881761	0.571337	-0.000636183	-0.530603	-0.819064	-0.000215302
117	2.51383e-09	0.935519	-0.512466	-0.00134173	0.466472	0.847805	0.00113107
118	2.51383e-09	-0.675129	0.814821	-0.00121952	-0.74783	-0.622002	0.00108324
119	2.51383e-09	-0.98376	0.347102	0.00259184	-0.330816	-0.92271	-0.00123189
120	2.51383e-09	-0.869116	-0.586729	0.00112302	0.545501	-0.811498	0.00145218
121	2.51383e-09	-0.628047	0.865262	-0.000823094	-0.78325	-0.563176	0.00159089
122	2.51383e-09	-0.911029	-0.55947	-0.00123885	0.503223	-0.825973	0.000458786
123	2.51383e-09	-0.992079	0.316881	-0.0022062	-0.294835	-0.936057	0.000116553
124	2.51383e-09	0.151502	1.06272	-0.00218105	-0.95676	0.136142	0.00110492
125	2.51383e-09	-0.327081	0.999385	-5.67076e-05	-0.928583	-0.29952	0.00221904
126	2.51383e-09	0.918619	-0.529568	-1.99956e-05	0.47947	0.845318	0.000931598
127	2.51383e-09	0.6862	0.801855	0.00151105	-0.739078	0.633517	0.000465544
128	2.51383e-09	0.697332	-0.807512	0.00241025	0.735117	0.630781	0.00020192
129	2.51383e-09	0.533729	-0.90901	0.00258502	0.839466	0.499482	-0.000285998
130	2.51383e-09	-0.593517	0.881887	0.000815719	-0.806843	-0.537468	0.00099148
131	2.51383e-09	-1.07087	-0.145929	-0.00160864	0.12171	-0.953681	-0.000749733
132	2.51383e-09	-0.499994	-0.947925	0.00151715	0.85348	-0.4536	0.00168369
133	2.51383e-09	-1.04684	0.193852	0.00127237	-0.179491	-0.953418	-0.0026305
134	2.51383e-09	0.0129359	1.05124	0.00150078	-0.976562	0.0130884	0.000696897
135	2.51383e-09	1.05629	-0.0924526	-0.000132629	0.0830603	0.96907	-7.02927e-05
136	2.51383e-09	0.809939	-0.718256	0.000780364	0.63864	0.716946	4.39997e-05
137	2.51383e-09	0.0672265	-1.05726	-0.000676314	0.970867	0.0622376	-0.00362859
138	2.51383e-09	-0.495546	-0.939746	0.000213781	0.859648	-0.451193	-0.000492303
139	2.51383e-09	0.920554	0.541954	-0.00157541	-0.4939	0.833671	0.00288463
140	2.51383e-09	-0.635157	-0.881568	0.000513933	0.778114	-0.560415	-0.00160518
141	2.51383e-09	-0.347489	1.01237	0.000133553	-0.914617	-0.310532	-0.00282273
142	2.51383e-09	0.0894928	-1.0638	-0.00214156	0.968202	0.0817056	-7.53937e-05
143	2.51383e-09	0.675413	-0.829543	-0.000277236	0.752056	0.607367	-0.00306908
144	2.51383e-09	0.0200612	-1.08788	-0.00117468	0.958235	0.0218484	-0.00159944
145	2.51383e-09	0.890749	0.577587	0.000672815	-0.527052	0.814564	0.00106145
146	2.51383e-09	0.324057	-1.05017	0.000593855	0.91324	0.282949	-0.0010703
147	2.51383e-09	-0.500447	0.959131	-0.00200382	-0.853868	-0.44374	-0.00214583
148	2.51383e-09	1.07475	0.139019	0.00101863	-0.118701	0.954926	-0.000147551
149	2.51383e-09	1.01117	-0.34688	0.00176534	0.320464	0.909213	4.52504e-05
150	2.51383e-09	0.433769	0.993432	-0.00164461	-0.879203	0.380428	-0.00244272
151	2.51383e-09	-0.506859	0.951184	0.000897527	-0.849136	-0.453504	0.000468766
152	2.51383e-09	1.07235	0.181722	-0.000525297	-0.151977	0.941726	0.000291723
153	2.51383e-09	0.324173	-1.0497	0.000102338	0.907884	0.280784	-4.96966e-05
154	2.51383e-09	0.882662	-0.652326	0.0011877	0.563927	0.771938	-0.00198818
155	2.51383e-09	0.65872	0.854967	0.00363641	-0.764622	0.583377	-0.000535509
156	2.51383e-09	-0.968726	0.513384	0.00249219	-0.442425	-0.842992	0.00102774
157	2.51383e-09	-0.926428	0.531566	-0.00109875	-0.480714	-0.839503	0.00140511
158	2.51383e-09	0.814623	-0.722019	0.00376184	0.638757	0.71488	-0.0021833
159	2.51383e-09	0.331597	-1.02308	0.00244686	0.916767	0.296694	0.000577664
160	2.51383e-09	0.269677	1.04435	0.00205686	-0.932029	0.238364	-0.00256514
161	2.51383e-09	-0.355423	-1.03038	0.000345234	0.904935	-0.312009	0.0027189
162	2.51383e-09	-0.147263	1.07771	0.001833	-0.948989	-0.132622	0.00190961
163	2.51383e-09	0.84405	0.680109	-0.000539814	-0.606064	0.744501	0.00237908
164	2.51383e-09	0.612437	-0.872117	-0.00207243	0.791854	0.560396	-0.00177833
165	2.51383e-09	0.46893	0.993345	-0.000399819	-0.863927	0.409087	0.00169129
166	2.51383e-09	-1.03115	0.330774	0.000747658	-0.294521	-0.916442	0.000472525
167	2.51383e-09	-1.06011	0.00373609	0.00382806	-0.0021747	-0.974883	-0.00212427
168	2.51383e-09	0.981726	-0.464951	0.0022344	0.41422	0.864866	-0.00117856
169	2.51383e-09	0.132328	1.07115	0.00164089	-0.955281	0.121013	-0.000854276
170	2.51383e-09	1.01048	0.408917	0.00411815	-0.35767	0.890126	0.00262793
171	2.51383e-09	0.743881	-0.797267	-0.00206294	0.69944	0.65248	-0.00234726
172	2.51383e-09	0.765015	-0.807342	-0.00306929	0.689603	0.64926	-0.0017435
173	2.51383e-09	-0.587561	-0.92832	-0.000716376	0.805708	-0.510633	0.00156398
174	2.51383e-09	-0.275222	-1.05828	0.00164217	0.926708	-0.24369	0.00133789
175	2.51383e-09	0.862766	0.67405	0.00174524	-0.584307	0.755017	0.000555816
176	2.51383e-09	1.05977	-0.186315	-0.00249192	0.169097	0.948589	-0.000220273
177	2.51383e-09	-0.769349	0.78827	0.00121779	-0.68263	-0.664736	0.00250555
178	2.51383e-09	-0.580278	0.909192	-0.00113276	-0.809135	-0.519869	-0.000261546
179	2.51383e-09	-1.00615	0.419869	0.000372208	-0.368499	-0.885964	-0.00106237
180	2.51383e-09	-0.000783562	1.07809	-0.00253028	-0.964801	0.0047471	0.000319216
181	2.51383e-09	-1.089	-0.177919	-0.00127746	0.150925	-0.938397	-0.00196312
182	2.51383e-09	-0.924244	0.579703	-0.000761333	-0.509139	-0.810612	-0.00213496
183	2.51383e-09	-1.09841	0.13229	-0.00125564	-0.113303	-0.942966	5.4328e-05
184	2.51383e-09	-0.944147	0.579504	0.000891906	-0.494839	-0.809361	0.00130461
185	2.51383e-09	0.515905	0.964457	-0.00086417	-0.844525	0.448311	0.000226935
186	2.51383e-09	-1.02397	0.330318	-7.78256e-05	-0.301334	-0.919412	-0.001042
187	2.51383e-09	-0.0871937	-1.06414	0.000604484	0.965069	-0.0761426	-0.00170117
188	2.51383e-09	-0.889274	0.652295	0.000434457	-0.566123	-0.767426	-0.00173352
189	2.51383e-09	-0.164669	-1.08832	4.55987e-05	0.941636	-0.142908	0.00191461
190	2.51383e-09	0.946207	-0.569178	-0.000830212	0.485354	0.81671	0.00109427
191	2.51383e-09	0.3468	1.0322	0.000544627	-0.910394	0.304518	0.0028163
192	2.51383e-09	-0.47372	-0.9887	0.00186166	0.860565	-0.413944	-5.21766e-05
193	2.51383e-09	-0.122778	1.09004	-0.000328545	-0.950686	-0.103787	0.00242474
194	2.51383e-09	0.71874	0.857009	0.00101973	-0.726146	0.607564	0.00124256
195	2.51383e-09	0.717307	0.810755	-1.71779e-05	-0.720975	0.636671	-0.00159877
196	2.51383e-09	-0.46836	0.992845	0.00331727	-0.859042	-0.409051	0.00111208
197	2.51383e-09	-0.861689	-0.680141	-0.000855374	0.589999	-0.7488	-0.00106502
198	2.51383e-09	-0.360347	1.04794	0.00207588	-0.898386	-0.306299	-0.00150789
199	2.51383e-09	-0.906466	-0.613444	0.000823973	0.534279	-0.794335	0.000810077
200	2.51383e-09	-0.0704151	-1.11129	-0.000627811	0.945787	-0.0598096	0.000398297
201	2.51383e-09	-0.640188	0.897246	0.00195777	-0.774054	-0.555316	-0.00058431
202	2.51383e-09	-1.09086	-0.0539235	0.00105963	0.0430877	-0.957413	0.00282827
203	2.51383e-09	1.00885	0.40572	-3.90619e-05	-0.356811	0.889747	0.00109394
204	2.51383e-09	1.04968	0.35295	0.000827829	-0.305182	0.901628	-0.00183904
205	2.51383e-09	0.0295595	-1.1316	0.00130519	0.939036	0.0252018	-0.000268439
206	2.51383e-09	0.0791024	-1.09321	0.00148556	0.952203	0.0693377	0.00180722
207	2.51383e-09	0.362909	1.0516	-6.19927e-05	-0.895925	0.308633	0.000572369
208	2.51383e-09	-1.0566	0.307353	-0.000682466	-0.264202	-0.914389	0.000670575
209	2.51383e-09	-0.0581231	-1.09617	0.00170414	0.951507	-0.0495379	0.00176836
210	2.51383e-09	-0.832896	-0.725968	-0.000365788	0.624732	-0.717738	-0.00139987
211	2.51383e-09	0.533914	-0.964999	-0.00250894	0.834132	0.46051	-0.000745852
212	2.51383e-09	-0.831449	0.750948	0.00273936	-0.634064	-0.699328	-8.29473e-05
213	2.51383e-09	-0.301697	1.05594	-0.00218267	-0.919223	-0.260972	-0.00246796
214	2.51383e-09	0.166219	-1.07975	-0.00122797	0.947086	0.145864	-0.000418799
215	2.51383e-09	1.08476	0.230342	0.00103633	-0.203198	0.928867	-0.00111753
216	2.51383e-09	-1.11024	-0.0495183	0.00212332	0.0485674	-0.948698	0.000137256
217	2.51383e-09	0.597902	0.933117	0.00133288	-0.800785	0.516656	-0.000616114
218	2.51383e-09	-0.448818	0.983222	0.00063227	-0.877248	-0.395311	0.00158382
219	2.51383e-09	-0.413289	-1.04194	0.000388841	0.878489	-0.345296	-0.000124557
220	2.51383e-09	0.899759	-0.655959	0.000821408	0.556567	0.76484	0.00209492
221	2.51383e-09	0.581106	-0.93521	-0.0014887	0.808678	0.501414	0.00223661
222	2.51383e-09	0.335583	-1.05761	-0.00286092	0.906254	0.287462	-0.0015185
223	2.51383e-09	-1.11475	0.0824912	-0.00202611	-0.0647787	-0.942446	0.000522372
224	2.51383e-09	0.469967	-0.995885	0.000542577	0.860332	0.403864	0.00139445
225	2.51383e-09	0.964186	-0.552506	-0.00049992	0.467582	0.826557	-0.00037895
226	2.51383e-09	0.337918	1.07309	-0.00221276	-0.899599	0.279797	0.00119084
227	2.51383e-09	0.511717	0.976992	0.000843454	-0.845227	0.443328	0.00162058
228	2.51383e-09	0.363693	-1.05259	0.000655746	0.898478	0.304911	0.000672288
229	2.51383e-09	-1.10823	-0.181179	0.00213099	0.150599	-0.934051	0.00291489
230	2.51383e-09	0.776066	0.829618	-0.00171065	-0.684785	0.641269	0.00180457
231	2.51383e-09	-0.199476	-1.11657	-0.000571706	0.923579	-0.158207	0.00237902
232	2.51383e-09	-0.216691	-1.07421	-0.00367344	0.93936	-0.191152	0.00110379
233	2.51383e-09	-0.432573	-1.01968	0.00259692	0.875274	-0.377286	-0.000650279
234	2.51383e-09	-0.668431	0.899878	-0.00157144	-0.759404	-0.563434	-0.000356036
235	2.51383e-09	-0.925372	-0.607829	-0.00301059	0.521081	-0.797351	-0.00278983
236	2.51383e-09	-0.548698	-0.992259	-0.000339903	0.821032	-0.453377	0.0012276
237	2.51383e-09	1.09023	0.201706	-0.000335234	-0.174251	0.93576	6.32979e-05
238	2.51383e-09	0.895012	-0.700051	0.000400635	0.583581	0.73728	0.000241679
239	2.51383e-09	-0.325748	-1.05712	0.00169062	0.911059	-0.278564	0.00158476
240	2.51383e-09	1.11787	-0.103339	-0.000619155	0.0908049	0.942173	0.00118322
241	2.51383e-09	-0.309864	-1.08272	-1.4311e-05	0.902639	-0.263912	-0.00013086
242	2.51383e-09	1.09533	-0.375132	-0.00128865	0.298086	0.879951	-0.00201265
243	2.51383e-09	1.09587	-0.260492	0.00314068	0.217682	0.914262	-0.0015659
244	2.51383e-09	-0.109292	1.12671	-0.004391	-0.935778	-0.0887338	-0.000286079
245	2.51383e-09	0.461254	-1.01525	0.00268686	0.863484	0.39223	-0.00250662
246	2.51383e-09	0.704777	-0.873363	-0.000928187	0.734949	0.593072	-0.00379716
247	2.51383e-09	-0.846621	-0.720411	0.00106468	0.611311	-0.722255	-0.000551117
248	2.51383e-09	-0.0853361	-1.11836	0.00140056	0.941587	-0.0712989	0.00132207
249	2.51383e-09	-0.849002	-0.743334	0.00262091	0.621694	-0.704095	-1.12164e-05
250	2.51383e-09	-0.819903	0.772311	0.00310158	-0.645563	-0.68758	-6.31085e-05
251	2.51383e-09	0.182469	1.1096	0.00294342	-0.931641	0.154701	-0.000630816
252	2.51383e-09	0.446731	-1.03158	-0.00172008	0.865718	0.374293	0.00117222
253	2.51383e-09	-0.431015	1.06657	-0.00356073	-0.861276	-0.348885	0.000952612
254	2.51383e-09	0.335914	1.07768	0.000720664	-0.89805	0.278812	0.00108192
255	2.51383e-09	0.641584	0.943935	0.000194013	-0.774778	0.52299	0.00180774
256	2.51383e-09	-1.14619	-0.0159714	0.00104079	0.0112988	-0.933713	-0.000969893
257	2.51383e-09	0.359386	1.07216	0.00097309	-0.890234	0.303087	-0.00185235
258	2.51383e-09	0.81418	0.790534	-0.0040261	-0.655484	0.67095	0.00196028
259	2.51383e-09	0.803697	0.7906	-0.000766681	-0.658425	0.672607	6.8475e-05
260	2.51383e-09	0.104278	1.12063	0.00177024	-0.940219	0.0827429	-0.00270279
261	2.51383e-09	-0.0969677	-1.134	0.000432884	0.934358	-0.0818779	0.00164158
262	2.51383e-09	-0.808786	-0.773591	-0.00550221	0.655558	-0.678472	0.00124186
263	2.51383e-09	-0.569772	0.980092	0.00117024	-0.813995	-0.471296	0.00129968
264	2.51383e-09	0.906504	0.673107	-0.00208503	-0.558192	0.757543	0.000816222
265	2.51383e-09	0.989623	0.572414	-0.000133597	-0.468101	0.812519	-0.00159349
266	2.51383e-09	-0.85385	0.74544	-0.00146059	-0.619082	-0.706288	0.000228975
267	2.51383e-09	-0.210175	-1.10433	0.00166804	0.925744	-0.183562	-0.000815951
268	2.51383e-09	-1.10992	-0.199868	-0.0010308	0.16353	-0.929834	0.000967347
269	2.51383e-09	-0.959746	-0.622054	-1.55793e-05	0.508069	-0.783228	-0.000595763
270	2.51383e-09	0.941413	0.642825	0.000566146	-0.525517	0.774277	0.000758466
271	2.51383e-09	-0.819525	0.799166	-0.00110882	-0.651998	-0.669294	-0.000415036
272	2.51383e-09	1.0801	0.367048	-0.00364132	-0.301153	0.886709	-0.000374295
273	2.51383e-09	0.767335	-0.848564	-0.00103715	0.693524	0.624482	0.000387656
274	2.51383e-09	-0.759924	-0.827595	0.00204548	0.688974	-0.642259	0.000788971
275	2.51383e-09	-0.881871	-0.721572	-0.0002826	0.595471	-0.721877	0.00168936
276	2.51383e-09	-0.437305	-1.04424	0.00130073	0.869337	-0.361146	-0.00174116
277	2.51383e-09	-1.14901	0.11125	0.000453847	-0.0863152	-0.921914	0.000713576
278	2.51383e-09	1.14405	-0.111733	-0.000865729	0.0951729	0.928903	-0.00164444
279	2.51383e-09	0.510497	1.02878	-0.000172458	-0.833524	0.417575	-0.000166753
280	2.51383e-09	-1.05631	-0.474274	9.38924e-05	0.377415	-0.849525	0.000686626
281	2.51383e-09	-1.10805	-0.246756	-0.000455605	0.201025	-0.917445	0.000485712
282	2.51383e-09	-0.626781	0.950658	-0.00252196	-0.781977	-0.518145	-0.00245033
283	2.51383e-09	-1.10388	-0.246697	0.000299516	0.209626	-0.918486	0.000766668
284	2.51383e-09	0.933694	0.685787	0.00202685	-0.553889	0.744311	1.16496e-05
285	2.51383e-09	-1.12169	-0.243329	-0.00177936	0.193273	-0.913134	0.000251379
286	2.51383e-09	0.943524	0.630048	0.00126293	-0.520972	0.780241	0.00125992
287	2.51383e-09	-0.246942	1.11474	-0.000506789	-0.910797	-0.205329	0.000233579
288	2.51383e-09	-1.0956	0.374139	0.000630178	-0.300558	-0.878064	-0.000175485
289	2.51383e-09	-1.14875	-0.00667841	0.00128051	0.00724359	-0.933758	-0.00286489
290	2.51383e-09	-0.927406	-0.664902	0.00185727	0.545453	-0.760534	-0.00270757
291	2.51383e-09	-0.0955804	-1.13578	0.00066293	0.934305	-0.0792245	0.00212031
292	2.51383e-09	-1.01261	-0.558884	0.00164264	0.446039	-0.813489	-0.000750173
293	2.51383e-09	0.300731	1.10081	0.000613466	-0.903511	0.24949	0.00225403
294	2.51383e-09	0.901593	-0.750107	0.0015763	0.59078	0.709112	0.00249904
295	2.51383e-09	-0.58014	0.979666	-0.00271702	-0.806243	-0.479043	-0.00117921
296	2.51383e-09	0.34009	-1.11335	0.000521164	0.88445	0.269089	0.0011379
297	2.51383e-09	-0.0210636	1.14759	0.00132912	-0.933566	-0.0141214	-0.0013892
298	2.51383e-09	0.999819	-0.565135	-0.00196509	0.460464	0.814223	-0.000318039
299	2.51383e-09	0.933938	0.705477	-0.00194449	-0.561718	0.730567	0.000997754
300	2.51383e-09	1.01313	0.597789	-0.00178135	-0.466489	0.791285	-0.00230594
301	2.51383e-09	1.12086	-0.288139	0.00141825	0.23537	0.89749	0.000508034
302	2.51383e-09	-0.624894	-0.974274	-0.00423036	0.787711	-0.499083	-0.00035684
303	2.51383e-09	0.858422	0.773056	0.00107515	-0.617771	0.694618	0.0020533
304	2.51383e-09	-0.215683	-1.13697	-0.00149901	0.914038	-0.171886	-0.00140384
305	2.51383e-09	-0.955898	-0.633373	-0.00206995	0.515251	-0.778443	0.00111648
306	2.51383e-09	-1.15846	-0.0085753	-0.000133927	0.00887548	-0.929983	0.00176787
307	2.51383e-09	-0.76496	0.861699	-0.0018581	-0.695716	-0.619083	-0.000216903
308	2.51383e-09	0.830841	-0.825204	0.00196245	0.650891	0.654474	-0.00083006
309	2.51383e-09	0.676229	-0.927644	0.00162282	0.755397	0.548328	-0.000767155
310	2.51383e-09	-0.671474	-0.946058	-0.000347738	0.755066	-0.533622	0.000372307
311	2.51383e-09	0.504911	1.03409	0.000376969	-0.838737	0.410861	0.00241137
312	2.51383e-09	-0.645545	0.968646	0.0022965	-0.773216	-0.511135	0.00125618
313	2.51383e-09	-1.04465	-0.496916	0.00188329	0.402933	-0.837514	-0.000771634
314	2.51383e-09	0.0613142	-1.1438	-0.000289338	0.934581	0.0496541	-0.00178324
315	2.51383e-09	0.104253	-1.17037	-0.00089725	0.91721	0.0842102	0.00189967
316	2.51383e-09	0.584078	1.0133	-0.000993162	-0.799568	0.463126	0.00068136
317	2.51383e-09	0.337493	1.10279	-0.00145696	-0.891513	0.272613	-0.000182075
318	2.51383e-09	-0.37475	1.0963	0.00317868	-0.880846	-0.299708	-0.00111202
319	2.51383e-09	-0.648423	-0.964555	0.00185746	0.771154	-0.517546	-0.0016532
320	2.51383e-09	-0.301215	-1.14692	-0.0016675	0.885749	-0.233194	0.000734166
321	2.51383e-09	1.02736	-0.538925	0.000752803	0.432662	0.822892	0.00029141
322	2.51383e-09	-0.974622	0.617413	5.8054e-06	-0.497339	-0.78953	0.000125766
323	2.51383e-09	-1.16691	-0.0232714	-0.000734935	0.0112611	-0.925093	0.00212842
324	2.51383e-09	-0.840549	0.82726	-0.00221813	-0.646582	-0.657714	0.00199417
325	2.51383e-09	-0.371562	-1.0969	0.00164442	0.881133	-0.294006	-0.000460713
326	2.51383e-09	-0.393931	-1.10706	0.00326498	0.867021	-0.31562	-0.00159886
327	2.51383e-09	-0.739581	-0.909682	0.000818816	0.718387	-0.580447	-0.00244518
328	2.51383e-09	-0.446218	-1.06052	4.115e-06	0.859288	-0.362527	0.0015557
329	2.51383e-09	1.14878	0.330809	-0.000383972	-0.254647	0.876529	0.000948031
330	2.51383e-09	-0.651619	0.949682	-0.000819969	-0.767771	-0.530709	0.000743781
331	2.51383e-09	-0.892908	0.738963	-0.00309402	-0.592673	-0.71458	-0.000686359
332	2.51383e-09	-0.45579	-1.07148	0.000403987	0.854573	-0.358248	0.000837364
333	2.51383e-09	0.935144	0.722949	-0.00145592	-0.563404	0.726376	-0.000881061
334	2.51383e-09	-0.694506	-0.953579	-0.000137633	0.745483	-0.538488	0.00137163
335	2.51383e-09	1.17157	0.137667	0.000114465	-0.110258	0.914904	0.000159656
336	2.51383e-09	1.0978	0.406312	0.000324259	-0.322629	0.865966	-0.000831711
337	2.51383e-09	-0.702153	-0.950037	-0.003	0.741375	-0.544146	-0.00132198
338	2.51383e-09	0.927063	0.726419	0.00198771	-0.569984	0.723449	-0.000322267
339	2.51383e-09	-0.594746	-1.03457	-0.00276646	0.79471	-0.45187	0.000769615
340	2.51383e-09	-1.16676	0.145987	-0.000924507	-0.116476	-0.916475	0.00189601
341	2.51383e-09	-0.899149	0.765874	-0.00172641	-0.596381	-0.700952	-0.000729928
342	2.51383e-09	0.924601	0.725437	-6.46505e-05	-0.566009	0.72635	-0.000896524
343	2.51383e-09	0.582218	-1.00461	0.000362375	0.804733	0.460679	0.0021133
344	2.51383e-09	-1.17738	0.103994	0.000679461	-0.0868911	-0.916044	-0.000411022
345	2.51383e-09	-0.972705	0.649636	-0.00343528	-0.512449	-0.769308	0.000126449
346	2.51383e-09	-0.842558	-0.812281	0.000287938	0.639629	-0.663662	0.00292423
347	2.51383e-09	-1.15692	-0.105939	-0.000363939	0.0805208	-0.927262	0.00128479
348	2.51383e-09	-0.127171	-1.17603	0.000504889	0.914312	-0.095131	0.000146462
349	2.51383e-09	-1.17449	0.0198696	-0.00257634	-0.016192	-0.920603	4.75972e-05
350	2.51383e-09	-0.910532	-0.741999	0.00233395	0.585556	-0.712882	-0.000932967
351	2.51383e-09	0.232444	-1.16081	0.000726337	0.901094	0.185451	-0.00116875
352	2.51383e-09	1.11094	-0.387325	0.00311887	0.304508	0.870727	0.00225386
353	2.51383e-09	-1.19186	0.0485962	0.00162171	-0.0382102	-0.917059	0.00224191
354	2.51383e-09	-0.961551	0.697757	-0.00178791	-0.536885	-0.742757	-0.0002276
355	2.51383e-09	-1.1622	-0.0109753	-0.00226128	0.00522491	-0.927076	-0.00210199
356	2.51383e-09	1.13543	-0.363501	-0.00175299	0.277985	0.871113	0.000852985
357	2.51383e-09	0.770346	-0.892921	-0.000302773	0.696598	0.60077	-0.000991421
358	2.51383e-09	-0.430717	-1.12477	0.00104865	0.848855	-0.327773	-0.00170619
359	2.51383e-09	-1.16022	-0.247431	0.00410477	0.19054	-0.899901	0.000688737
360	2.51383e-09	-0.318192	-1.12891	-0.000310372	0.888699	-0.248593	-0.00192485
361	2.51383e-09	1.14324	-0.265739	-0.00033769	0.211719	0.898646	0.00131259
362	2.51383e-09	-0.215545	-1.15407	-0.00197771	0.90775	-0.170651	-0.00135276
363	2.51383e-09	0.263922	-1.14231	-0.00218536	0.902801	0.208955	1.65759e-05
364	2.51383e-09	0.891741	0.763117	-0.0017929	-0.599325	0.700212	-0.00016739
365	2.51383e-09	-0.442383	-1.10837	0.00148337	0.849511	-0.341269	-0.00160433
366	2.51383e-09	0.217872	1.1696	0.00260204	-0.900556	0.169021	-0.000389422
367	2.51383e-09	0.771265	0.902325	0.0010371	-0.695358	0.601348	-0.0011823
368	2.51383e-09	0.0320034	1.20082	-0.000730613	-0.91093	0.0276015	-0.000201103
369	2.51383e-09	-1.168	-0.249569	-0.000754751	0.188294	-0.896192	0.000174193
370	2.51383e-09	1.15592	-0.301381	-0.00172936	0.227853	0.885846	0.000300754
371	2.51383e-09	0.329966	-1.16563	-0.00110868	0.87403	0.244534	-0.000871924
372	2.51383e-09	-0.319064	1.14413	-0.00247511	-0.883051	-0.246223	0.00166413
373	2.51383e-09	-0.677845	-0.969147	-0.000561571	0.75399	-0.528106	0.00167177
374	2.51383e-09	-0.0371087	1.20394	-0.000874418	-0.910849	-0.0255557	-0.00156664
375	2.51383e-09	0.694638	0.975386	-0.000349719	-0.742894	0.530282	-0.000370422
376	2.51383e-09	1.06442	0.519552	-0.000324408	-0.406105	0.825161	0.000993913
377	2.51383e-09	-0.691965	0.965337	0.00329883	-0.749493	-0.532093	0.000401048
378	2.51383e-09	-0.454928	-1.10268	-0.0024281	0.846667	-0.351335	0.000455341
379	2.51383e-09	-0.490304	1.0836	-0.000959988	-0.831257	-0.376398	-0.000240613
380	2.51383e-09	0.377885	1.11658	-0.000592727	-0.87352	0.293186	0.00106609
381	2.51383e-09	0.725607	-0.937309	0.00113232	0.72692	0.563274	-0.000717662
382	2.51383e-09	1.1549	-0.284473	-0.00023872	0.22152	0.891714	-0.00150943
383	2.51383e-09	1.11082	-0.401864	-0.00106015	0.315648	0.861798	0.000669488
384	2.51383e-09	-1.12427	-0.400705	0.00249568	0.303022	-0.86473	-0.00126562
385	2.51383e-09	0.708377	0.955753	-0.000928237	-0.734876	0.54651	0.000447461
386	2.51383e-09	-0.437014	1.11632	-0.00155247	-0.851877	-0.330968	0.00202548
387	2.51383e-09	-0.37979	-1.14016	0.00360067	0.865698	-0.284795	0.00167195
388	2.51383e-09	-1.06823	0.540069	0.000565976	-0.416363	-0.817385	-0.000954403
389	2.51383e-09	1.18092	-0.173053	-0.00134272	0.133652	0.905385	-0.0021046
390	2.51383e-09	-0.773827	0.895181	-0.0023522	-0.697939	-0.598697	-0.00197303
391	2.51383e-09	-0.865245	0.844106	0.000906243	-0.63217	-0.652346	-0.00197724
392	2.51383e-09	0.222326	1.19324	0.00129959	-0.889787	0.17026	-0.000728655
393	2.51383e-09	-0.781072	-0.912105	0.00139065	0.696584	-0.594649	-0.00204267
394	2.51383e-09	0.969803	0.706319	-0.000568786	-0.534438	0.740119	0.000165599
395	2.51383e-09	-1.18838	-0.116681	0.0015528	0.088753	-0.912486	-0.000289592
396	2.51383e-09	-0.111367	-1.19816	-0.00120394	0.906102	-0.0853869	0.000315714
397	2.51383e-09	-0.251746	1.1805	-0.00420864	-0.891097	-0.186675	0.000782587
398	2.51383e-09	0.704991	-0.979153	8.73044e-05	0.74271	0.527745	0.00140675
399	2.51383e-09	0.80298	-0.896018	0.00282345	0.676552	0.609902	0.000731863
400	2.51383e-09	1.03316	-0.60346	0.000350053	0.464498	0.786921	0.00276785
