2.142000e+03
401
0	1	9.8989e-05	6.13602e-05	-9.03868e-08	1.88173e-08	5.62669e-08	2.61108e-11
1	2.51383e-09	0.676228	-0.742144	0.000328601	0.739096	0.67164	-6.6235e-05
2	2.51383e-09	-0.678956	-0.73387	-0.0015272	0.736551	-0.67791	-0.000539568
3	2.51383e-09	0.373688	0.925722	0.00100063	-0.929077	0.374233	0.000687494
4	2.51383e-09	-0.912127	0.404369	0.00106888	-0.406648	-0.91561	-0.000192037
5	2.51383e-09	-1.0012	0.0186444	0.0017009	-0.0178994	-1.00004	0.00121743
6	2.51383e-09	-0.273925	-0.965272	0.000904237	0.962667	-0.271002	0.000654021
7	2.51383e-09	0.335896	-0.93862	-5.18304e-05	0.943405	0.339131	-0.000683004
8	2.51383e-09	-0.827347	0.567981	0.000916835	-0.561664	-0.823321	-0.000152498
9	2.51383e-09	0.688836	0.721154	0.000683404	-0.723526	0.693755	0.000199543
10	2.51383e-09	0.018574	1.00037	-0.000484985	-1.00005	0.0141039	1.14984e-05
11	2.51383e-09	0.779685	-0.634124	-0.00103948	0.628341	0.77405	-0.000482969
12	2.51383e-09	0.545952	-0.84904	0.00138829	0.838878	0.538055	-0.000833692
13	2.51383e-09	-0.113133	1.00187	0.000740933	-0.990008	-0.117933	0.00243673
14	2.51383e-09	-0.879481	0.500107	0.000549003	-0.486053	-0.866342	-0.000779664
15	2.51383e-09	-0.748154	-0.661372	0.00153059	0.664846	-0.751609	0.000608424
16	2.51383e-09	0.640229	-0.767358	0.000962471	0.767219	0.641735	-0.000407108
17	2.51383e-09	0.744952	0.667765	0.000647731	-0.666967	0.745962	-0.00180204
18	2.51383e-09	0.779926	0.652332	0.00171386	-0.633873	0.760378	-0.000512184
19	2.51383e-09	-0.144644	1.00583	-0.000320052	-0.983515	-0.138649	0.00158716
20	2.51383e-09	0.288013	0.981589	-0.00136407	-0.949459	0.278168	-0.000629309
21	2.51383e-09	0.484089	-0.894232	-0.00137242	0.868447	0.475492	0.00112549
22	2.51383e-09	0.837019	-0.576216	0.000161839	0.559315	0.817965	0.000582348
23	2.51383e-09	-0.983539	-0.247938	-0.000812975	0.246926	-0.961806	0.00113465
24	2.51383e-09	0.917511	-0.438092	0.000912811	0.424163	0.896697	-0.00055561
25	2.51383e-09	0.182191	0.999268	-0.00160838	-0.976757	0.17697	-0.000566969
26	2.51383e-09	0.563383	-0.835668	-0.000820555	0.823286	0.559302	0.000296749
27	2.51383e-09	-0.788411	-0.63102	0.000209731	0.616041	-0.780172	0.00164673
28	2.51383e-09	-0.957347	-0.340902	0.000785668	0.331467	-0.933758	0.00180501
29	2.51383e-09	0.20698	0.999394	0.000964544	-0.967645	0.197344	0.00188821
30	2.51383e-09	0.0854611	-1.00562	0.00181938	0.992917	0.0832168	0.00142572
31	2.51383e-09	-0.274579	-0.971113	1.51263e-05	0.957739	-0.270033	-0.00135471
32	2.51383e-09	0.834782	0.571512	-0.000224931	-0.562356	0.819708	-0.000999176
33	2.51383e-09	-0.815436	0.615143	0.00025601	-0.595517	-0.790195	0.00083542
34	2.51383e-09	0.92821	-0.444348	0.000491587	0.424461	0.888644	-0.00160684
35	2.51383e-09	0.680054	0.762775	0.00132998	-0.736099	0.658147	8.8431e-05
36	2.51383e-09	-0.305792	-0.970012	-0.0010296	0.946003	-0.297532	0.000633171
37	2.51383e-09	-1.01058	-0.167312	-0.000178924	0.160879	-0.973295	-8.2879e-05
38	2.51383e-09	0.0616139	1.0093	-0.000575089	-0.993068	0.0594326	0.0011216
39	2.51383e-09	-0.234427	0.991017	-0.000194457	-0.962807	-0.225732	0.00134971
40	2.51383e-09	1.00516	0.132567	0.00099777	-0.131894	0.982617	-0.00103623
41	2.51383e-09	0.0718964	1.01468	0.00199617	-0.989199	0.0713887	0.00129961
42	2.51383e-09	0.473851	-0.913228	-0.000509212	0.875765	0.453257	-0.0012093
43	2.51383e-09	0.0261997	1.02002	-0.000523194	-0.990003	0.0222716	-0.000766029
44	2.51383e-09	-0.450859	-0.923355	-0.000351379	0.886778	-0.434423	0.000377519
45	2.51383e-09	-0.609194	-0.821888	0.00097799	0.796302	-0.58711	-0.000690961
46	2.51383e-09	0.773372	0.68102	0.00130291	-0.652557	0.73838	0.000140795
47	2.51383e-09	-0.883705	0.502715	0.00079919	-0.491773	-0.861509	-0.000122218
48	2.51383e-09	0.492983	-0.896918	-0.000886893	0.866672	0.474516	-0.000190529
49	2.51383e-09	0.959819	0.370619	0.000721388	-0.352724	0.920512	0.000761535
50	2.51383e-09	0.288811	-0.985439	0.00243716	0.946371	0.278283	-0.000259853
51	2.51383e-09	-0.784544	0.661322	-0.000606868	-0.636943	-0.752177	-0.000120829
52	2.51383e-09	-0.423161	-0.941602	0.00174643	0.898471	-0.402889	0.000531699
53	2.51383e-09	-0.832592	0.59318	0.00094477	-0.57778	-0.804473	0.00154667
54	2.51383e-09	-0.81612	0.610055	0.000103636	-0.592579	-0.795717	-0.000281581
55	2.51383e-09	0.33503	0.980475	-0.00049947	-0.928838	0.317922	-0.000211894
56	2.51383e-09	-0.973406	-0.314176	0.00216285	0.300996	-0.943627	-0.000137371
57	2.51383e-09	0.734371	0.725554	-0.00140285	-0.692675	0.700665	-0.000514912
58	2.51383e-09	-1.02394	-0.163372	0.00153772	0.154349	-0.968696	-0.000422642
59	2.51383e-09	-1.01974	-0.0937688	-0.00101637	0.0869055	-0.983042	-0.000489227
60	2.51383e-09	1.02109	0.0867137	0.00254931	-0.0847223	0.983017	0.00112573
61	2.51383e-09	0.504377	-0.908886	0.000415906	0.857411	0.479345	2.58901e-05
62	2.51383e-09	0.364236	-0.96608	0.00102257	0.918798	0.350726	-1.52579e-05
63	2.51383e-09	1.0188	0.135589	-0.000880812	-0.131598	0.977646	-0.000800654
64	2.51383e-09	-1.00552	-0.204658	-0.000907254	0.200865	-0.96489	-0.00132712
65	2.51383e-09	0.0742766	1.03403	0.00142873	-0.978554	0.0709988	-0.0015885
66	2.51383e-09	0.32097	-0.975159	-0.0029313	0.937463	0.311412	0.000179802
67	2.51383e-09	-0.266361	-1.00087	-0.00209317	0.949886	-0.250463	-9.97506e-05
68	2.51383e-09	-0.920152	0.466123	-0.00234588	-0.446551	-0.876942	0.000921273
69	2.51383e-09	0.102432	-1.02948	-0.000708903	0.977699	0.0946687	-0.000931223
70	2.51383e-09	-1.03095	-0.0118526	-0.000383596	0.0108012	-0.984982	0.000456389
71	2.51383e-09	1.03691	0.0217853	0.00112283	-0.0192279	0.982328	0.000102823
72	2.51383e-09	1.05141	-0.0648471	0.000583478	0.0560611	0.970259	0.000588274
73	2.51383e-09	-0.101927	-1.02587	-7.07799e-05	0.980694	-0.100685	0.000134934
74	2.51383e-09	0.434586	0.943541	0.00231706	-0.888811	0.410343	0.000152784
75	2.51383e-09	-0.0248649	1.03297	-0.000411839	-0.984091	-0.0257053	-0.00101654
76	2.51383e-09	0.466063	-0.931147	0.00101502	0.879002	0.437719	-0.000220407
77	2.51383e-09	1.04694	-0.0221609	-0.000369367	0.0221932	0.977145	0.00101374
78	2.51383e-09	-0.91993	0.489334	0.000319591	-0.459009	-0.863855	0.000283229
79	2.51383e-09	-1.0247	0.0530934	-0.000261499	-0.0516676	-0.98652	0.000664561
80	2.51383e-09	0.674702	-0.799787	-0.00183716	0.743607	0.63223	-0.000141686
81	2.51383e-09	-0.73774	0.741406	-0.00156404	-0.69309	-0.687301	0.000197419
82	2.51383e-09	-0.075458	-1.04835	-0.000200892	0.970171	-0.0743368	0.000202099
83	2.51383e-09	-0.404743	0.959323	0.000908824	-0.90323	-0.382918	-0.0020123
84	2.51383e-09	-0.134734	1.03004	0.000130792	-0.973201	-0.129673	-0.00168453
85	2.51383e-09	-0.733308	-0.728292	0.000939071	0.693626	-0.698289	-0.00147534
86	2.51383e-09	-0.204029	1.02457	-0.00085808	-0.95873	-0.188877	-0.000720247
87	2.51383e-09	0.375124	-0.968264	-0.000805453	0.914376	0.354138	-0.000183435
88	2.51383e-09	-0.573983	-0.868623	-0.000351293	0.818183	-0.537439	-0.00217347
89	2.51383e-09	0.507747	0.932233	-0.000283209	-0.851673	0.462028	0.000249748
90	2.51383e-09	0.00809526	1.04331	0.00091657	-0.979077	0.00764197	-0.00119105
91	2.51383e-09	0.321281	-0.992107	-0.000604205	0.931301	0.304972	-0.000492791
92	2.51383e-09	0.392741	-0.976528	0.000690524	0.904171	0.365186	-0.000562569
93	2.51383e-09	-0.982874	0.374098	-1.90413e-05	-0.349692	-0.91174	0.00158472
94	2.51383e-09	0.670026	0.808269	0.00059454	-0.75376	0.622951	-0.00179656
95	2.51383e-09	-0.873768	0.571339	-0.000806529	-0.538827	-0.81777	-0.000484438
96	2.51383e-09	-1.04984	-0.0857325	0.00203818	0.0779155	-0.971433	0.000352546
97	2.51383e-09	0.765434	-0.721622	0.00220026	0.672465	0.705089	0.00344553
98	2.51383e-09	0.142498	-1.04522	0.00022536	0.966041	0.134365	0.00104575
99	2.51383e-09	-0.515425	-0.924216	-0.000663042	0.849279	-0.472855	-0.00018715
100	2.51383e-09	0.867555	0.589122	0.00017378	-0.550458	0.809091	0.000403976
101	2.51383e-09	-0.961867	-0.390959	0.000681015	0.369977	-0.906939	-0.000878107
102	2.51383e-09	0.259329	-1.00754	-0.00118245	0.951465	0.240375	0.000633906
103	2.51383e-09	0.0959461	-1.04839	3.61267e-05	0.970904	0.0862084	-0.000108901
104	2.51383e-09	0.339218	0.99541	0.000216934	-0.925265	0.313139	0.000497408
105	2.51383e-09	1.02465	-0.237377	-1.99709e-05	0.226595	0.94659	0.000368912
106	2.51383e-09	0.621666	-0.852821	0.000236554	0.785557	0.572959	-0.00176885
107	2.51383e-09	-0.169487	1.0341	-0.000321944	-0.963778	-0.16458	0.00133136
108	2.51383e-09	-0.617335	0.863181	0.000888841	-0.791324	-0.56393	0.00102766
109	2.51383e-09	-0.994179	0.368147	-0.000479049	-0.337465	-0.90967	0.000257267
110	2.51383e-09	0.379637	0.983443	-0.00261182	-0.908703	0.353109	0.000771652
111	2.51383e-09	-0.9886	-0.423018	0.000809944	0.376758	-0.884336	-0.000409586
112	2.51383e-09	0.881263	-0.579951	-0.00140545	0.535365	0.813491	0.000128721
113	2.51383e-09	-1.05722	-0.0400102	0.00201019	0.0347478	-0.971676	-0.000866687
114	2.51383e-09	-0.983307	-0.37972	0.000798092	0.348594	-0.90994	0.000128726
115	2.51383e-09	-0.301348	-1.0162	0.00273961	0.930662	-0.279747	-0.00132301
116	2.51383e-09	0.325868	0.99919	0.000735386	-0.926101	0.305577	0.00058656
117	2.51383e-09	-0.439276	0.963438	0.00139535	-0.882645	-0.404346	0.000257737
118	2.51383e-09	0.311535	1.02391	0.00218969	-0.924014	0.280249	-0.00149169
119	2.51383e-09	0.978253	0.404503	0.000946012	-0.37146	0.897864	1.95568e-05
120	2.51383e-09	-0.183848	-1.04768	0.000292271	0.955233	-0.162512	-0.000744137
121	2.51383e-09	-0.413732	-0.987768	0.000928952	0.888152	-0.377922	0.000402623
122	2.51383e-09	0.382472	0.98605	-6.51538e-05	-0.904634	0.354692	-0.000747446
123	2.51383e-09	-0.898942	0.550165	0.000690028	-0.505761	-0.83257	0.000492985
124	2.51383e-09	-0.941238	-0.515139	-0.000843635	0.460361	-0.847061	-0.000930246
125	2.51383e-09	-0.989335	0.376816	0.000128029	-0.345114	-0.909932	-0.0016655
126	2.51383e-09	-0.373477	1.00184	-0.00139458	-0.904945	-0.336028	-0.000789047
127	2.51383e-09	-0.131488	1.0511	-0.00202589	-0.963514	-0.119803	-0.00143005
128	2.51383e-09	1.0644	0.0874755	-0.000821311	-0.0757256	0.963915	-0.000651573
129	2.51383e-09	0.401892	-0.990318	-0.00205968	0.897406	0.362742	-0.000189666
130	2.51383e-09	0.974956	-0.389802	-0.000156771	0.363065	0.906953	0.0011282
131	2.51383e-09	0.990571	-0.410632	0.000834976	0.368123	0.89279	-0.000933547
132	2.51383e-09	0.895354	-0.591002	-0.00137278	0.534262	0.806645	-0.00143186
133	2.51383e-09	-0.578378	0.892779	-0.00237321	-0.814578	-0.525497	0.00223408
134	2.51383e-09	-1.05723	0.102437	0.00136546	-0.0937033	-0.965827	-0.00227677
135	2.51383e-09	0.713115	0.792759	0.00168542	-0.72103	0.6462	-0.000393175
136	2.51383e-09	-1.03059	-0.296993	0.000214432	0.263706	-0.929107	-0.00230138
137	2.51383e-09	-0.624808	0.864479	-0.000875369	-0.783507	-0.56926	-0.00102797
138	2.51383e-09	-1.04611	-0.241005	0.00109266	0.219092	-0.940067	-0.00218682
139	2.51383e-09	-1.00093	0.360001	-0.000703124	-0.327813	-0.911768	-0.000473379
140	2.51383e-09	-1.0745	0.0279463	0.0027104	-0.0246193	-0.965145	0.000423667
141	2.51383e-09	0.96905	-0.424811	0.000450739	0.389472	0.892827	-0.00230763
142	2.51383e-09	-0.493825	-0.95106	0.000501069	0.858044	-0.446872	0.000792354
143	2.51383e-09	0.87081	0.621683	-0.00206864	-0.561787	0.787097	-0.000269795
144	2.51383e-09	-1.0778	-0.0786643	0.000188203	0.069781	-0.958631	-6.33408e-05
145	2.51383e-09	-0.0209085	-1.07431	-0.000405484	0.963594	-0.0195874	0.000993825
146	2.51383e-09	0.501162	-0.962141	-5.22822e-05	0.851051	0.445257	-0.000855364
147	2.51383e-09	-0.38368	-1.01453	0.00201768	0.895349	-0.342292	0.000180893
148	2.51383e-09	0.685551	0.826875	-0.00068186	-0.743205	0.617994	-0.00165095
149	2.51383e-09	-0.994297	-0.374211	0.00104961	0.341183	-0.912889	0.000686421
150	2.51383e-09	0.783737	-0.738962	-0.00251463	0.658645	0.702777	-0.000232036
151	2.51383e-09	-0.960633	0.494632	-0.0012013	-0.43692	-0.856925	0.0005143
152	2.51383e-09	-0.243889	1.04312	-0.00175698	-0.940617	-0.222705	0.00235851
153	2.51383e-09	0.696695	-0.825258	0.000947306	0.733737	0.623083	-0.000270554
154	2.51383e-09	1.0629	0.205186	-0.000425267	-0.184337	0.946041	0.000297656
155	2.51383e-09	-1.02759	0.326345	-0.00144848	-0.294803	-0.916797	-0.00246145
156	2.51383e-09	0.244993	1.04842	0.000290641	-0.940186	0.22052	-0.00176903
157	2.51383e-09	1.05691	-0.213089	8.5512e-05	0.189491	0.943473	-0.00112299
158	2.51383e-09	-0.599166	-0.903626	-0.00108811	0.802824	-0.52942	-0.000679566
159	2.51383e-09	1.06801	-0.110636	-0.00231086	0.100224	0.95984	0.00149153
160	2.51383e-09	0.0705343	-1.0741	-0.000533389	0.963904	0.063784	0.000417685
161	2.51383e-09	0.183281	1.07868	0.000364483	-0.943705	0.159648	-0.000520307
162	2.51383e-09	-0.89955	-0.606935	-0.00158349	0.534351	-0.795869	-0.000406871
163	2.51383e-09	0.0346344	-1.07764	0.000111414	0.962081	0.0302596	0.00208966
164	2.51383e-09	-0.793815	0.716127	0.00011306	-0.64806	-0.716806	-0.000657411
165	2.51383e-09	-0.232912	-1.06263	0.00166953	0.935848	-0.2031	-0.00154206
166	2.51383e-09	-1.08492	0.0878469	-7.55265e-05	-0.0778892	-0.954304	-9.54564e-05
167	2.51383e-09	-1.01315	-0.378217	-0.00204644	0.34058	-0.900508	0.00194402
168	2.51383e-09	-0.729134	-0.790208	1.43283e-05	0.705917	-0.658389	-0.00223737
169	2.51383e-09	0.834217	0.695512	0.000976051	-0.611769	0.73792	-0.000313782
170	2.51383e-09	1.05457	-0.284322	0.000874358	0.252505	0.923871	-0.00288956
171	2.51383e-09	-0.929355	-0.558669	-0.0030141	0.493381	-0.825219	0.000764752
172	2.51383e-09	-1.00186	0.456677	0.000404812	-0.394137	-0.867243	0.00135036
173	2.51383e-09	1.038	-0.367063	-0.00017716	0.318484	0.898876	0.000803778
174	2.51383e-09	-1.04399	-0.360687	0.000592235	0.308527	-0.897739	-0.00162009
175	2.51383e-09	-1.00582	0.434126	0.000734083	-0.374308	-0.877601	-0.00133557
176	2.51383e-09	0.0660419	1.07196	-0.000704681	-0.963435	0.0580571	-0.000757269
177	2.51383e-09	1.087	0.172648	-0.000838065	-0.148485	0.940651	-0.000195501
178	2.51383e-09	-0.159941	1.08162	0.000990671	-0.945216	-0.141155	-0.000186524
179	2.51383e-09	-0.11354	1.08183	0.00189215	-0.954132	-0.100567	-0.000233256
180	2.51383e-09	-0.528136	0.948375	0.00206558	-0.83978	-0.464208	0.000661221
181	2.51383e-09	0.58616	0.92683	0.000530026	-0.807351	0.508164	0.00050703
182	2.51383e-09	-0.315378	1.03606	-0.00169458	-0.920536	-0.280622	0.00161535
183	2.51383e-09	-0.802328	-0.767906	-7.54423e-05	0.656983	-0.68398	0.00170046
184	2.51383e-09	0.370954	1.03871	0.000825469	-0.895844	0.319316	-2.94301e-05
185	2.51383e-09	-0.743963	0.794026	0.00116282	-0.698362	-0.657658	0.000617134
186	2.51383e-09	0.615599	-0.892404	0.000339935	0.791694	0.541381	-0.000446212
187	2.51383e-09	0.883198	0.6398	-0.000252596	-0.560635	0.776076	-0.00062511
188	2.51383e-09	0.20516	-1.07365	0.000961758	0.940005	0.177692	-0.000337344
189	2.51383e-09	-1.087	-0.0759599	-0.00162862	0.0625516	-0.957004	0.000170803
190	2.51383e-09	-0.994181	-0.474105	-0.000930882	0.408142	-0.860138	0.000596439
191	2.51383e-09	-0.454748	0.993361	-0.00128989	-0.870645	-0.400724	-0.00196314
192	2.51383e-09	-0.963751	-0.535873	-0.000519685	0.45989	-0.833294	0.000364937
193	2.51383e-09	0.239487	1.07311	-0.000825111	-0.931345	0.209596	0.000230185
194	2.51383e-09	1.06191	-0.333388	-0.001002	0.282766	0.903272	0.000828889
195	2.51383e-09	0.908341	0.601874	0.00277089	-0.5297	0.801019	0.00151448
196	2.51383e-09	-0.144031	-1.09321	-0.000276691	0.944381	-0.12059	-0.00113603
197	2.51383e-09	0.824347	-0.717413	-0.000703668	0.62981	0.719011	0.000757015
198	2.51383e-09	-0.672315	0.893321	0.00156107	-0.757345	-0.564592	-0.000649683
199	2.51383e-09	-0.73613	0.812199	-2.7175e-05	-0.708029	-0.643129	-2.95101e-05
200	2.51383e-09	-1.08751	0.207045	-0.00145807	-0.177788	-0.934405	-0.00211478
201	2.51383e-09	0.900058	0.651863	-0.00113991	-0.551557	0.768665	-0.000615405
202	2.51383e-09	0.813408	0.738816	0.00138603	-0.643204	0.707561	0.000888358
203	2.51383e-09	-1.09194	0.0883114	-0.00103404	-0.0753493	-0.950818	0.00137146
204	2.51383e-09	-1.10522	-0.0258594	0.00195933	0.0220207	-0.950029	-0.000546482
205	2.51383e-09	-0.00915175	-1.11247	0.000633265	0.948827	-0.0062239	0.00122662
206	2.51383e-09	-1.09877	0.0209004	0.00308944	-0.016588	-0.954295	0.000881383
207	2.51383e-09	1.10032	0.103625	-0.000168342	-0.0864133	0.946369	-0.000907656
208	2.51383e-09	-0.602785	-0.917932	-0.000974422	0.798095	-0.526081	-0.00036677
209	2.51383e-09	-0.359339	-1.03579	0.000564728	0.900364	-0.316427	-0.00125899
210	2.51383e-09	-1.11487	-0.0263307	0.000737146	0.0218775	-0.946182	0.000298284
211	2.51383e-09	-0.370683	-1.04332	0.000759145	0.893489	-0.322176	-0.00142712
212	2.51383e-09	0.69257	0.88583	4.69129e-05	-0.739143	0.582428	0.000692948
213	2.51383e-09	-0.313609	-1.05374	-0.000567468	0.912736	-0.274972	-0.000367631
214	2.51383e-09	-0.682307	-0.865776	-0.000118789	0.750068	-0.58817	-0.00143695
215	2.51383e-09	0.60751	0.928708	-0.00107415	-0.796504	0.52145	0.000620443
216	2.51383e-09	-1.00787	0.458454	-0.000367884	-0.39529	-0.865585	0.000596526
217	2.51383e-09	-1.1188	0.0346692	-0.000192312	-0.0304413	-0.941946	0.000395561
218	2.51383e-09	1.03449	-0.362174	0.000937549	0.31196	0.902661	0.000358684
219	2.51383e-09	1.08302	-0.276491	0.000814095	0.234309	0.91752	-0.000630568
220	2.51383e-09	0.295743	1.07141	-0.00128527	-0.915352	0.248499	0.000453533
221	2.51383e-09	-0.00137994	-1.1113	0.000708848	0.947025	0.00105331	-0.000718733
222	2.51383e-09	-0.602107	-0.938352	-0.000989169	0.798529	-0.511942	0.00135153
223	2.51383e-09	-0.86162	0.709227	-0.000999744	-0.603741	-0.728752	-0.000406708
224	2.51383e-09	0.811702	0.763802	0.000743721	-0.648888	0.68888	-0.000794246
225	2.51383e-09	-1.10688	-0.0377854	-0.00221961	0.034396	-0.950252	-0.000189253
226	2.51383e-09	1.08941	-0.284445	0.000805463	0.238571	0.911531	0.00109761
227	2.51383e-09	0.408487	-1.03385	0.00146763	0.880982	0.350401	0.000911049
228	2.51383e-09	0.282558	-1.0802	-0.000753774	0.915436	0.240377	0.000920739
229	2.51383e-09	-1.11105	-0.209473	0.000335713	0.175604	-0.925125	-0.0017153
230	2.51383e-09	1.01381	-0.498722	0.00106949	0.416931	0.842934	0.000909668
231	2.51383e-09	-0.984804	-0.567579	0.00126918	0.469158	-0.811076	0.00210355
232	2.51383e-09	1.10109	0.11216	-0.00225103	-0.0938108	0.94529	-0.000105025
233	2.51383e-09	-0.58512	0.950422	0.00152573	-0.805485	-0.499816	0.000913338
234	2.51383e-09	-0.591044	0.940261	0.00083321	-0.804338	-0.505134	0.00185182
235	2.51383e-09	-0.730517	-0.852203	0.00245257	0.71746	-0.614045	-0.000461586
236	2.51383e-09	0.862862	-0.729424	0.000798432	0.60741	0.717023	-0.00171404
237	2.51383e-09	0.916858	0.647984	-0.00068364	-0.546776	0.768327	-0.00137495
238	2.51383e-09	-0.959565	-0.580297	0.000636118	0.491682	-0.807002	-0.00158927
239	2.51383e-09	0.12251	-1.10146	0.000897853	0.945247	0.105838	-0.00151754
240	2.51383e-09	0.999347	-0.52992	0.00157636	0.441156	0.83248	-0.00143674
241	2.51383e-09	-1.12482	-0.00627191	0.000186663	0.000430775	-0.940321	-0.00103486
242	2.51383e-09	-0.589311	-0.98168	-0.00277394	0.800874	-0.480488	-0.00239933
243	2.51383e-09	-1.12471	0.0225467	0.000936666	-0.0224751	-0.943433	0.000250513
244	2.51383e-09	-1.06343	0.360336	0.000690029	-0.304316	-0.894305	-4.72735e-05
245	2.51383e-09	0.612785	0.94763	-0.00111786	-0.788517	0.513909	-0.000549248
246	2.51383e-09	0.485209	-1.00888	0.000401377	0.854452	0.409074	0.0024268
247	2.51383e-09	-0.792435	-0.77469	-0.00197	0.665525	-0.678967	-0.000528364
248	2.51383e-09	0.442351	1.02103	-0.001109	-0.868359	0.382026	0.00246804
249	2.51383e-09	0.417131	1.03546	0.000561093	-0.877691	0.355765	-3.52216e-05
250	2.51383e-09	-0.898573	-0.670421	-0.00117211	0.564967	-0.757254	0.000127228
251	2.51383e-09	1.0938	-0.276536	0.00240082	0.230177	0.914617	-0.00203098
252	2.51383e-09	0.974718	-0.576933	-0.000940741	0.478369	0.805796	-0.00246699
253	2.51383e-09	0.730571	-0.853299	0.00154623	0.715709	0.616391	-0.00112196
254	2.51383e-09	1.1157	-0.134415	0.00136021	0.113537	0.934058	0.00092813
255	2.51383e-09	-0.544408	-0.988743	0.000455209	0.824621	-0.457128	0.00144983
256	2.51383e-09	1.07915	-0.352012	-0.00153542	0.29198	0.890415	0.000913633
257	2.51383e-09	-0.675203	0.908705	-0.000324967	-0.754693	-0.560776	-0.000814889
258	2.51383e-09	0.796605	0.816785	0.000908684	-0.668666	0.651499	-0.000401549
259	2.51383e-09	-1.11131	-0.173979	-0.000997554	0.147329	-0.930647	0.000380603
260	2.51383e-09	1.10025	0.290077	-0.00121725	-0.240753	0.904028	0.000986199
261	2.51383e-09	0.213751	1.12545	-0.000182922	-0.916254	0.175906	0.000427533
262	2.51383e-09	0.496123	1.01136	0.000251884	-0.846502	0.415126	8.47443e-05
263	2.51383e-09	0.895569	0.699514	0.00110955	-0.577179	0.740186	0.000102294
264	2.51383e-09	-0.219619	1.10816	0.000407187	-0.921563	-0.182073	-0.000470744
265	2.51383e-09	-1.03108	0.489804	5.81242e-05	-0.397784	-0.847554	0.000187908
266	2.51383e-09	1.1309	-0.158136	-0.00213511	0.127921	0.926357	-0.000401528
267	2.51383e-09	-1.11362	-0.147295	-0.00243451	0.124455	-0.937132	-4.58172e-05
268	2.51383e-09	0.997215	-0.52598	0.000307511	0.435215	0.835934	-0.000311103
269	2.51383e-09	0.42558	-1.05671	0.000633475	0.868397	0.351319	-0.00137032
270	2.51383e-09	-0.851247	0.748723	0.000185539	-0.619669	-0.704951	-0.000769472
271	2.51383e-09	-1.08784	-0.35594	0.00136044	0.287875	-0.889113	-3.12347e-05
272	2.51383e-09	-0.317734	1.09111	-0.00108423	-0.90365	-0.259121	-0.000832855
273	2.51383e-09	0.812415	0.801788	-0.000126332	-0.657919	0.663924	-3.04412e-05
274	2.51383e-09	-0.602942	-0.967761	-0.00124655	0.793278	-0.493831	-0.000735172
275	2.51383e-09	-1.14327	0.0697722	0.0023345	-0.0541238	-0.931572	0.000996116
276	2.51383e-09	1.12073	-0.199828	-0.000723851	0.16206	0.92237	-0.000577389
277	2.51383e-09	0.817922	0.799822	0.00072791	-0.653003	0.66704	-1.36387e-05
278	2.51383e-09	0.903779	0.710561	0.000249531	-0.574292	0.731488	-0.000674161
279	2.51383e-09	-1.14057	-0.0885348	-0.000661667	0.075878	-0.929962	0.00109712
280	2.51383e-09	-1.10516	0.325328	-0.000722427	-0.269291	-0.892726	0.00135985
281	2.51383e-09	-0.0987139	-1.13683	0.00181782	0.932061	-0.0819171	-0.00123099
282	2.51383e-09	-0.731914	-0.882047	0.00038599	0.720044	-0.593106	-0.000902665
283	2.51383e-09	0.323099	1.10207	-0.00086371	-0.895179	0.261063	-0.000291362
284	2.51383e-09	0.101441	-1.14566	-0.00163422	0.92925	0.0812863	0.00086172
285	2.51383e-09	0.881281	-0.748953	0.00126441	0.599952	0.708188	-0.000900804
286	2.51383e-09	0.387227	1.07084	-0.000176898	-0.882628	0.317213	-0.00197724
287	2.51383e-09	-0.960967	0.634466	-0.00193518	-0.511356	-0.777098	0.000608707
288	2.51383e-09	-1.10322	0.338491	0.00126234	-0.272951	-0.888764	-0.000208528
289	2.51383e-09	1.15278	-0.0794418	0.00303609	0.0624047	0.928104	-0.00142233
290	2.51383e-09	-0.500618	-1.02414	-0.00181637	0.842748	-0.411706	-6.87026e-05
291	2.51383e-09	-1.1461	9.25731e-05	0.00114392	-0.000818836	-0.934413	0.000519923
292	2.51383e-09	-1.15404	-0.073318	-0.000261205	0.0585634	-0.925289	-0.000416484
293	2.51383e-09	0.0855894	-1.14489	-0.000972158	0.929746	0.0704997	0.00117872
294	2.51383e-09	0.525212	-1.02464	0.00245535	0.830009	0.42438	-0.000831235
295	2.51383e-09	0.698258	-0.904131	-0.000468429	0.740304	0.572711	-0.00100992
296	2.51383e-09	0.921481	-0.698557	0.00131776	0.559182	0.741888	0.000551762
297	2.51383e-09	0.0200699	1.14601	-0.00127016	-0.934602	0.0158301	-0.00267437
298	2.51383e-09	1.09139	0.375442	-0.000332562	-0.302774	0.881057	0.000807998
299	2.51383e-09	1.15309	-0.00939363	0.00178947	0.00514089	0.930427	-0.000264414
300	2.51383e-09	0.638132	0.978091	-0.00048825	-0.773881	0.504745	7.32213e-05
301	2.51383e-09	1.09182	0.397731	-0.00052973	-0.311386	0.872693	0.000361463
302	2.51383e-09	-0.432916	1.08601	0.00149876	-0.857673	-0.340529	0.000417476
303	2.51383e-09	-1.11369	0.30008	-0.000523221	-0.239232	-0.901183	0.00104155
304	2.51383e-09	0.732207	-0.898626	0.00212336	0.721196	0.587061	0.000642107
305	2.51383e-09	-0.539896	-1.01833	-0.000975989	0.822229	-0.439084	-0.00164744
306	2.51383e-09	-0.999626	-0.569434	0.000594676	0.460445	-0.810423	-0.000214709
307	2.51383e-09	0.349351	1.11187	0.00104114	-0.881531	0.27501	-0.000597892
308	2.51383e-09	-1.00871	-0.573531	0.000252992	0.459959	-0.806725	-0.00199642
309	2.51383e-09	0.861651	0.760743	-0.000163339	-0.618061	0.698332	0.000636589
310	2.51383e-09	1.03616	-0.490562	0.000515093	0.397365	0.84483	0.00129383
311	2.51383e-09	0.877978	0.744186	0.00194472	-0.604951	0.711742	-0.00101645
312	2.51383e-09	-0.784555	-0.855684	-0.000565736	0.686222	-0.627648	0.000367743
313	2.51383e-09	1.15427	0.0935614	-0.00203755	-0.0741096	0.925812	0.00234939
314	2.51383e-09	-1.00104	-0.581939	0.00171855	0.468494	-0.802311	-0.000272672
315	2.51383e-09	-0.94457	-0.683016	0.000856328	0.541101	-0.749877	0.000653506
316	2.51383e-09	0.751672	-0.880682	0.000186662	0.706551	0.605664	0.0010569
317	2.51383e-09	0.286061	1.12389	-0.00165062	-0.900916	0.231506	-0.000505773
318	2.51383e-09	1.13314	0.281441	-0.00123546	-0.221047	0.898021	0.00115582
319	2.51383e-09	-1.09136	-0.401351	0.000501788	0.319557	-0.87169	0.000179039
320	2.51383e-09	1.14246	-0.242283	0.000425878	0.188461	0.905995	0.000408254
321	2.51383e-09	-0.319617	-1.11806	-0.000350311	0.892063	-0.255034	-0.00103246
322	2.51383e-09	-1.03158	0.544841	0.00121184	-0.433984	-0.817716	0.00138795
323	2.51383e-09	0.359804	-1.12488	-0.00242852	0.874883	0.278777	8.10097e-05
324	2.51383e-09	1.1245	-0.352944	0.000275743	0.270637	0.879605	0.000755696
325	2.51383e-09	1.15293	0.131645	-0.00186996	-0.1061	0.922978	1.71466e-05
326	2.51383e-09	1.08788	-0.427963	-0.000335041	0.339555	0.859564	-0.00188758
327	2.51383e-09	-1.11403	0.361786	-0.00194778	-0.288392	-0.877378	-0.00113531
328	2.51383e-09	-0.666604	0.951951	-0.00029212	-0.762129	-0.528316	0.000812979
329	2.51383e-09	1.1819	0.0631793	0.00285451	-0.05159	0.918876	-0.000514334
330	2.51383e-09	-0.100399	-1.16111	0.0015718	0.922955	-0.0781669	0.000631548
331	2.51383e-09	-0.563718	-1.01544	0.000294073	0.812613	-0.454015	0.000234156
332	2.51383e-09	1.128	-0.309351	-0.00214195	0.243432	0.890656	-0.00111609
333	2.51383e-09	1.18088	-0.0281004	-0.000119689	0.0223416	0.919029	0.00120305
334	2.51383e-09	0.380887	-1.10649	0.000345618	0.87421	0.300295	0.000576797
335	2.51383e-09	-1.17567	-0.127553	-0.00250905	0.100873	-0.91209	-0.000506972
336	2.51383e-09	1.13276	-0.31655	-0.000676838	0.248206	0.886246	-0.000890727
337	2.51383e-09	-0.158287	1.16884	-0.000555329	-0.911741	-0.124965	-0.000498035
338	2.51383e-09	0.866417	-0.776436	0.000889929	0.619734	0.688295	0.000699802
339	2.51383e-09	-0.278608	1.15608	-0.000819148	-0.891397	-0.216054	0.000740853
340	2.51383e-09	1.13382	-0.361188	9.84136e-05	0.279121	0.872751	0.000135774
341	2.51383e-09	-0.923156	-0.725814	-0.00075393	0.570101	-0.728153	0.000170065
342	2.51383e-09	-1.12081	0.338089	-0.00128868	-0.267174	-0.884802	0.000838691
343	2.51383e-09	-1.15737	-0.147677	-7.65368e-05	0.114728	-0.918839	-0.000770931
344	2.51383e-09	-0.667322	-0.972697	-0.00130279	0.75877	-0.518892	0.000799513
345	2.51383e-09	-0.433935	1.09066	0.00124234	-0.857713	-0.342478	0.000593237
346	2.51383e-09	-0.763325	0.866093	0.000952135	-0.699325	-0.615152	-6.97549e-05
347	2.51383e-09	1.07602	-0.468279	-0.00130199	0.364211	0.84705	-0.000456169
348	2.51383e-09	-0.9491	-0.698315	-0.000647084	0.547603	-0.741551	-0.000639526
349	2.51383e-09	-0.755148	-0.908011	0.000885859	0.710013	-0.583267	0.000337414
350	2.51383e-09	0.440144	1.09382	0.000842431	-0.851147	0.347337	0.00127001
351	2.51383e-09	1.14428	-0.301536	0.00164422	0.230234	0.890137	-0.00140732
352	2.51383e-09	0.825442	-0.846458	0.00018812	0.658489	0.641833	-0.00283975
353	2.51383e-09	1.18657	-0.00139076	0.000570685	0.00240751	0.918139	-0.000526822
354	2.51383e-09	-0.419559	-1.11457	0.00150677	0.858141	-0.319788	-0.000944743
355	2.51383e-09	0.982574	-0.638952	0.00115779	0.504089	0.773162	0.00127755
356	2.51383e-09	1.03553	-0.565077	0.000127292	0.441407	0.808897	0.000626294
357	2.51383e-09	-0.201314	-1.16546	0.00202986	0.905943	-0.156725	-0.000764379
358	2.51383e-09	0.551889	-1.04945	0.000695641	0.814163	0.424855	-0.000791982
359	2.51383e-09	0.359441	1.12992	-0.000742536	-0.87655	0.27673	0.000169086
360	2.51383e-09	-0.519378	1.05587	-0.000641586	-0.825161	-0.410492	0.000272457
361	2.51383e-09	0.332701	-1.14381	-0.000170767	0.879845	0.254595	-0.000125814
362	2.51383e-09	-1.14361	0.285457	-0.00122665	-0.22471	-0.89391	0.000276146
363	2.51383e-09	0.890555	-0.764089	-0.000118983	0.60298	0.69981	0.00112767
364	2.51383e-09	0.697537	-0.948336	0.00175861	0.741549	0.545157	-0.00106791
365	2.51383e-09	-0.521111	1.07145	0.000866163	-0.824473	-0.397328	0.000754448
366	2.51383e-09	-1.17784	0.156482	-0.000177364	-0.119619	-0.909014	0.00134865
367	2.51383e-09	1.10399	-0.425491	0.000168421	0.330783	0.859413	-0.00138646
368	2.51383e-09	-0.522576	1.07263	0.00209884	-0.824195	-0.400454	0.000423996
369	2.51383e-09	0.470877	1.09857	-0.00212799	-0.841765	0.358769	0.000809313
370	2.51383e-09	-1.13735	-0.319915	-0.00124738	0.251545	-0.886049	0.000184582
371	2.51383e-09	-1.1239	0.400395	-0.00291066	-0.308557	-0.861975	0.000364615
372	2.51383e-09	0.393912	1.12543	0.00107664	-0.864367	0.302599	0.00169625
373	2.51383e-09	-0.3362	-1.14323	0.00204311	0.880039	-0.257093	-0.000293448
374	2.51383e-09	-0.692715	-0.980075	-0.000745034	0.746746	-0.523863	0.000175253
375	2.51383e-09	-0.294089	-1.14729	-0.000623827	0.891242	-0.229393	-8.72789e-06
376	2.51383e-09	-0.752139	0.921204	0.00116868	-0.709399	-0.58066	0.000268146
377	2.51383e-09	-0.132785	-1.17877	-0.000849755	0.913738	-0.109068	0.00180281
378	2.51383e-09	0.468482	-1.10606	0.000863964	0.840848	0.354491	-0.00165504
379	2.51383e-09	-1.11266	0.428969	-0.000364619	-0.326208	-0.853428	0.000175536
380	2.51383e-09	0.355941	1.14159	0.00125362	-0.872902	0.272366	0.000243977
381	2.51383e-09	0.81803	0.853412	-0.00169013	-0.663121	0.637226	0.00139872
382	2.51383e-09	0.863902	0.814604	-0.000768765	-0.628482	0.668811	-0.000100031
383	2.51383e-09	0.872719	0.805631	0.00197759	-0.621103	0.674394	0.000495533
384	2.51383e-09	-0.0479223	1.19533	-0.00238757	-0.916005	-0.0341543	-0.00191486
385	2.51383e-09	0.26045	-1.16552	-0.00188177	0.892583	0.200098	-6.444e-05
386	2.51383e-09	-0.577244	1.05814	-0.000950956	-0.802129	-0.432046	2.29461e-05
387	2.51383e-09	0.886711	-0.80634	0.00162738	0.613808	0.676504	0.000231752
388	2.51383e-09	-1.19651	-0.050147	0.000788304	0.0379915	-0.913658	-0.000545103
389	2.51383e-09	0.611701	1.03235	0.000775129	-0.783814	0.465869	0.000857515
390	2.51383e-09	-1.17737	0.156132	8.08959e-05	-0.122845	-0.911658	-0.000765648
391	2.51383e-09	-1.13006	-0.408606	0.0015644	0.31007	-0.85874	-0.000794887
392	2.51383e-09	-1.14883	0.370189	-0.000669893	-0.280508	-0.864966	0.00109141
393	2.51383e-09	0.852146	-0.852862	0.00174593	0.647224	0.641592	-0.00091281
394	2.51383e-09	-1.05393	0.578998	0.00141759	-0.436558	-0.799706	0.000322829
395	2.51383e-09	0.0367653	1.20388	-0.00242984	-0.909389	0.0264073	9.46694e-05
396	2.51383e-09	-1.13999	0.35137	-0.00116215	-0.273032	-0.875676	-0.00010213
397	2.51383e-09	-0.0787972	-1.20254	-0.00183474	0.910384	-0.0607296	-0.000188567
398	2.51383e-09	-0.662612	-1.00481	0.00154688	0.760861	-0.503313	-0.000829135
399	2.51383e-09	0.568191	-1.05742	-0.00292383	0.803349	0.432462	0.000934785
400	2.51383e-09	0.983112	-0.698776	-0.000822915	0.529019	0.741479	0.00101198
