1.015000e+04
401
0	1	0.000467809	0.000290181	-4.26863e-07	8.56799e-08	-2.0663e-08	1.39605e-10
1	2.51383e-09	-0.931062	-0.385814	0.00273219	0.384909	-0.920647	0.00181237
2	2.51383e-09	-0.116456	0.996846	-0.000399506	-0.988669	-0.124207	0.00163492
3	2.51383e-09	-0.0508949	0.999045	0.00180699	-0.996434	-0.0477198	-0.00147972
4	2.51383e-09	0.103677	1.0024	-0.00155763	-0.989537	0.102651	-0.00172984
5	2.51383e-09	0.987912	-0.0969435	-8.41186e-05	0.102812	0.999748	0.00115921
6	2.51383e-09	-1.00784	-0.077711	0.000678684	0.0785018	-0.991282	0.00276523
7	2.51383e-09	0.987029	0.176678	-0.000915954	-0.17353	0.981972	-0.00292476
8	2.51383e-09	0.82838	-0.546821	-0.00053649	0.555827	0.837802	0.00021333
9	2.51383e-09	-0.510562	0.868669	0.00136945	-0.860324	-0.505507	-0.000138547
10	2.51383e-09	-0.452513	0.908453	-0.00203896	-0.888474	-0.443236	0.00155401
11	2.51383e-09	-0.907842	-0.41187	0.0013625	0.416252	-0.911346	-0.00120819
12	2.51383e-09	-0.844138	0.562334	-0.00356794	-0.551749	-0.825913	-0.000136408
13	2.51383e-09	0.914941	-0.414612	-0.00147938	0.410354	0.90978	4.06418e-05
14	2.51383e-09	0.987017	0.234578	-0.00161285	-0.2306	0.964187	-0.00289487
15	2.51383e-09	0.752088	-0.651909	0.000393337	0.663477	0.756283	-0.00213016
16	2.51383e-09	0.0707195	0.991888	0.00155182	-1.00313	0.0711942	0.000475789
17	2.51383e-09	0.712475	-0.726251	-0.00165502	0.705469	0.692062	0.000751753
18	2.51383e-09	-0.435362	0.917365	0.00109007	-0.894334	-0.431208	0.00116115
19	2.51383e-09	-0.877859	-0.528354	0.00246909	0.505742	-0.842662	-0.00314486
20	2.51383e-09	-0.44358	-0.932749	-0.00103024	0.888653	-0.420677	-0.0024717
21	2.51383e-09	-0.180194	0.982986	0.00104659	-0.98637	-0.179582	-0.000375282
22	2.51383e-09	1.02395	-0.0354246	-0.00170838	0.0302368	0.990248	-0.000211182
23	2.51383e-09	-0.869696	0.521791	0.0016779	-0.509274	-0.851198	0.00284859
24	2.51383e-09	-0.893484	0.4838	0.00152407	-0.472953	-0.868409	-0.00148761
25	2.51383e-09	-0.510813	0.873825	0.000735613	-0.860373	-0.502445	0.00121645
26	2.51383e-09	-1.00933	0.152178	0.00067725	-0.144646	-0.978592	-0.000672196
27	2.51383e-09	-0.707501	0.711852	-0.000607822	-0.705213	-0.706363	0.00250012
28	2.51383e-09	-0.146879	-1.00267	-0.00179754	0.982188	-0.146948	-0.00371555
29	2.51383e-09	-0.719981	0.696727	-0.00154183	-0.692473	-0.719863	-0.00122231
30	2.51383e-09	0.995235	0.190221	0.00188615	-0.187846	0.976851	-0.000330745
31	2.51383e-09	-0.413935	-0.921052	-0.00253231	0.905268	-0.412566	-0.00240638
32	2.51383e-09	-0.671633	0.746159	0.000602897	-0.743767	-0.665618	-0.00404497
33	2.51383e-09	-0.76523	-0.665445	0.000601448	0.655656	-0.753259	-0.000135505
34	2.51383e-09	-0.836846	-0.610142	0.00216748	0.577529	-0.795039	0.00311161
35	2.51383e-09	-0.965764	0.312341	0.000624305	-0.308469	-0.943125	-0.00280828
36	2.51383e-09	-0.384646	0.944131	-0.000129365	-0.918172	-0.363819	-0.000846023
37	2.51383e-09	-0.702698	-0.737255	-0.000174631	0.718951	-0.683112	-0.00114929
38	2.51383e-09	-0.435229	0.898986	-0.00146411	-0.9012	-0.441122	-0.0012689
39	2.51383e-09	-0.062195	1.00103	0.000106619	-1.00246	-0.0614842	-0.000150275
40	2.51383e-09	0.354813	-0.959365	0.00107384	0.926613	0.334847	-0.000603991
41	2.51383e-09	0.138369	1.00675	0.00305949	-0.983122	0.13412	0.000918966
42	2.51383e-09	-0.80646	0.640255	-0.0027642	-0.609557	-0.774473	-0.00232098
43	2.51383e-09	0.114694	1.00445	0.00173365	-0.98938	0.106157	-0.00255998
44	2.51383e-09	-1.02997	-0.0440202	-0.000438376	0.042731	-0.984633	0.00297621
45	2.51383e-09	-0.466128	-0.914411	0.00247886	0.879669	-0.447351	-0.00135999
46	2.51383e-09	-0.836038	-0.57866	0.000384213	0.566857	-0.812366	-0.000998747
47	2.51383e-09	1.01908	-0.0500107	0.00113551	0.0476049	0.988925	-0.000429819
48	2.51383e-09	0.631145	0.813747	-0.000317331	-0.778364	0.604476	-0.00138466
49	2.51383e-09	-1.00748	-0.0397739	-0.00339205	0.0385169	-0.994365	0.00211117
50	2.51383e-09	0.0343066	-1.03597	-0.000195661	0.98387	0.0311954	-0.00203188
51	2.51383e-09	1.00398	-0.107354	0.00214257	0.107046	0.990592	-0.00111432
52	2.51383e-09	-1.01752	0.161479	-8.97402e-05	-0.149841	-0.975371	-0.00102497
53	2.51383e-09	1.03259	-0.0511941	-7.35453e-05	0.0497322	0.980875	0.0018038
54	2.51383e-09	0.964422	0.378076	-0.00294654	-0.35853	0.91578	-0.00171936
55	2.51383e-09	0.924992	-0.46988	0.00185309	0.444473	0.874256	-0.000209061
56	2.51383e-09	0.784148	-0.66657	-0.000204625	0.635846	0.750891	1.87996e-05
57	2.51383e-09	0.863177	-0.589133	-4.38109e-05	0.548763	0.810521	-0.00178617
58	2.51383e-09	0.0918192	1.03482	-0.000651522	-0.978709	0.0882378	0.000870296
59	2.51383e-09	-0.375299	-0.956379	-0.00271002	0.915138	-0.36391	-0.0021016
60	2.51383e-09	0.980772	-0.347493	-0.00184183	0.326227	0.92174	0.000809751
61	2.51383e-09	0.171446	-1.01481	0.000237501	0.973814	0.166877	-0.00236078
62	2.51383e-09	0.691723	0.771881	-0.00151856	-0.731709	0.655488	0.000444637
63	2.51383e-09	0.881533	-0.520293	-0.00108966	0.506712	0.849573	-0.00140681
64	2.51383e-09	-0.0999427	-1.02383	-0.000824887	0.9821	-0.103169	0.00151229
65	2.51383e-09	0.189153	-1.01104	0.000659023	0.967525	0.18282	-0.000276032
66	2.51383e-09	-0.919555	0.487925	-0.0024907	-0.453278	-0.862101	-0.00175808
67	2.51383e-09	0.917432	-0.4887	-0.00085909	0.463004	0.866805	0.000983553
68	2.51383e-09	0.87766	-0.547857	0.00226566	0.52218	0.833382	-8.10945e-06
69	2.51383e-09	-1.04357	0.0669193	-0.00357546	-0.0622922	-0.972508	-0.00099997
70	2.51383e-09	1.00431	0.20247	-0.00367926	-0.196764	0.969084	-0.000803292
71	2.51383e-09	0.50743	0.91673	0.000560536	-0.85131	0.475399	-0.00508957
72	2.51383e-09	0.00526802	-1.06413	0.000617937	0.968173	0.00475898	-0.00222325
73	2.51383e-09	1.0122	0.26672	-0.000899382	-0.251286	0.943785	-0.00219524
74	2.51383e-09	0.366152	0.98638	-0.000189986	-0.913471	0.343589	0.00194244
75	2.51383e-09	-0.716758	-0.760772	-0.00153206	0.708473	-0.670346	0.00293907
76	2.51383e-09	0.745097	-0.7522	-0.00136634	0.692726	0.676618	-0.000519495
77	2.51383e-09	-0.515162	0.922556	0.00064535	-0.84896	-0.476272	-0.00114173
78	2.51383e-09	0.468462	0.929959	0.0039492	-0.872737	0.447946	-0.000168759
79	2.51383e-09	-1.03319	-0.11991	-0.00508201	0.11271	-0.970213	0.00234244
80	2.51383e-09	-0.510513	0.917692	-0.000827981	-0.853287	-0.470554	0.000162052
81	2.51383e-09	-0.879853	-0.515339	0.00125194	0.505324	-0.851034	-0.00121304
82	2.51383e-09	-1.0343	0.179894	0.00276613	-0.166955	-0.96321	-0.00200796
83	2.51383e-09	1.00995	-0.211651	0.00015905	0.207423	0.961145	-0.000230989
84	2.51383e-09	-0.808909	-0.669121	0.000638442	0.620545	-0.752559	0.000438971
85	2.51383e-09	1.00712	-0.184905	0.00147474	0.1787	0.972586	0.000928356
86	2.51383e-09	-0.681257	-0.790828	0.00147271	0.745539	-0.639781	-0.000896606
87	2.51383e-09	-0.0408076	-1.04531	0.00163036	0.975931	-0.0370262	0.00223892
88	2.51383e-09	-0.108553	-1.02233	0.000263579	0.981443	-0.102721	-0.00106064
89	2.51383e-09	-0.040819	-1.04432	-0.00188424	0.979888	-0.0356937	0.00129129
90	2.51383e-09	0.205524	-1.02327	-0.00130836	0.961215	0.195286	-0.00323629
91	2.51383e-09	0.183273	1.01177	0.00322509	-0.97135	0.167721	-0.00249254
92	2.51383e-09	-0.75815	-0.721934	-0.000402778	0.674028	-0.709499	-0.00046592
93	2.51383e-09	0.978276	-0.446963	-0.0006056	0.396126	0.877921	-0.00159676
94	2.51383e-09	0.00597161	1.0363	0.00180488	-0.981574	0.00751918	0.000705514
95	2.51383e-09	-0.241286	0.994767	-0.000764553	-0.961525	-0.232175	0.00208275
96	2.51383e-09	0.906771	0.533275	-0.00115904	-0.491931	0.846844	-4.77447e-05
97	2.51383e-09	-0.85615	-0.598505	-0.000607883	0.562964	-0.801968	0.00097507
98	2.51383e-09	0.98289	0.388171	-0.00147599	-0.358955	0.904548	-0.000226123
99	2.51383e-09	0.344964	-1.003	0.000901437	0.920529	0.311438	-0.000541171
100	2.51383e-09	-0.747376	-0.748674	3.45128e-06	0.680751	-0.693717	-0.000646353
101	2.51383e-09	1.03782	-0.0348912	-0.00221315	0.0314198	0.979463	0.00182543
102	2.51383e-09	0.277647	0.995746	0.00130554	-0.946231	0.262217	-0.000839426
103	2.51383e-09	-0.483284	0.930471	-0.00137701	-0.866483	-0.451223	-0.00140804
104	2.51383e-09	-0.386783	-0.978211	-0.00092585	0.901169	-0.358739	0.00028277
105	2.51383e-09	0.907466	-0.505238	0.0012995	0.479891	0.855757	-0.00162885
106	2.51383e-09	0.962712	0.398642	-0.00209515	-0.378007	0.905287	-0.000232089
107	2.51383e-09	-0.214868	-1.03418	0.00177291	0.954323	-0.198661	-0.00115225
108	2.51383e-09	1.05736	0.0113162	-0.000498889	-0.0125556	0.976309	0.000498046
109	2.51383e-09	0.8569	0.612934	0.00207491	-0.574005	0.790354	0.000199493
110	2.51383e-09	0.203093	1.02971	0.00056684	-0.962103	0.18745	-0.00199812
111	2.51383e-09	-0.925222	0.524725	-0.00144609	-0.475732	-0.847371	-0.00497332
112	2.51383e-09	0.353759	1.01952	0.00125174	-0.907063	0.312539	-0.00101895
113	2.51383e-09	-0.842104	-0.641667	-0.00203783	0.590143	-0.770393	0.000350243
114	2.51383e-09	-1.02338	-0.222279	-0.00155825	0.203685	-0.956655	-0.000780432
115	2.51383e-09	0.940567	0.511526	-0.0022304	-0.466783	0.848388	-0.00235416
116	2.51383e-09	-0.772358	-0.724557	-0.0041148	0.663066	-0.706171	-0.00270191
117	2.51383e-09	-0.434464	0.957112	-0.00099413	-0.886286	-0.405187	0.000546347
118	2.51383e-09	0.554435	-0.906929	-1.34922e-05	0.825182	0.507626	0.00136558
119	2.51383e-09	-0.653404	0.817891	-0.00458955	-0.764313	-0.611926	-3.45078e-05
120	2.51383e-09	1.05547	-0.0325642	-0.00152073	0.0260424	0.972479	0.00163466
121	2.51383e-09	-0.658707	0.847629	0.0023604	-0.757022	-0.594026	-0.0014119
122	2.51383e-09	-1.07875	0.0723343	0.00316269	-0.068126	-0.956901	-0.00145641
123	2.51383e-09	-0.79765	-0.669009	0.0037974	0.631051	-0.750441	0.00083799
124	2.51383e-09	0.899106	-0.600405	-0.00118505	0.533226	0.799024	0.00366726
125	2.51383e-09	1.00036	-0.331359	0.000689926	0.301651	0.924697	-0.000606589
126	2.51383e-09	0.356917	0.991075	0.00206666	-0.916603	0.334176	0.00174975
127	2.51383e-09	-0.0755042	-1.0558	0.000152048	0.9688	-0.0686925	-0.000738082
128	2.51383e-09	0.920508	0.548385	-0.0038698	-0.491293	0.830334	0.00248277
129	2.51383e-09	1.05135	0.0868743	-0.00448743	-0.0807243	0.970915	7.66613e-05
130	2.51383e-09	-0.774145	0.737306	-0.00209778	-0.666608	-0.697686	0.00371109
131	2.51383e-09	-0.972374	-0.497228	-0.000155643	0.432662	-0.85243	0.000432915
132	2.51383e-09	-1.07003	0.0907118	-0.000447264	-0.0792364	-0.957651	0.00167643
133	2.51383e-09	-0.555002	-0.914262	-0.00153624	0.823286	-0.505755	-0.000514731
134	2.51383e-09	-0.287712	1.0207	-0.000188987	-0.9321	-0.264911	0.00122509
135	2.51383e-09	0.468815	-0.951955	-0.00169607	0.867557	0.431397	-0.00125665
136	2.51383e-09	1.01305	-0.408526	0.00240079	0.360572	0.886641	0.000477003
137	2.51383e-09	0.897856	-0.555223	0.00209526	0.51521	0.827988	0.000866781
138	2.51383e-09	-0.942834	0.474609	-0.000502133	-0.440364	-0.87104	0.00344682
139	2.51383e-09	0.98674	0.386759	0.00317905	-0.355598	0.904827	-0.00191068
140	2.51383e-09	0.187218	-1.07748	-0.000634059	0.93936	0.164934	0.00140916
141	2.51383e-09	0.806338	0.699235	-0.00117924	-0.633697	0.733696	-0.000142936
142	2.51383e-09	0.429287	0.994291	-0.0027356	-0.876079	0.387506	-9.06748e-05
143	2.51383e-09	-0.812028	0.709216	0.00177732	-0.629753	-0.722998	-0.00117655
144	2.51383e-09	-1.00532	0.409726	-0.00184654	-0.36006	-0.888034	0.00103718
145	2.51383e-09	-0.492246	0.926065	0.00122733	-0.862694	-0.457565	-0.000854886
146	2.51383e-09	-0.969393	0.522369	-0.00390419	-0.457396	-0.834836	-0.000230908
147	2.51383e-09	-0.744477	-0.789005	0.00135934	0.696618	-0.658488	-0.00224199
148	2.51383e-09	0.849526	-0.673438	-0.000484984	0.596288	0.753709	0.00239992
149	2.51383e-09	-0.190741	1.04381	0.00104973	-0.951669	-0.18339	0.00208176
150	2.51383e-09	0.523857	0.95091	0.00153945	-0.840178	0.454975	0.00116726
151	2.51383e-09	0.946835	0.52781	-0.000515743	-0.464178	0.840219	-0.00223773
152	2.51383e-09	0.664084	-0.842866	0.00030119	0.767249	0.588602	0.000164417
153	2.51383e-09	0.608885	-0.903921	0.00313393	0.793448	0.532834	0.000799375
154	2.51383e-09	-1.09393	-0.163969	-0.00367074	0.138845	-0.939481	-0.00121219
155	2.51383e-09	-0.313052	1.03348	-0.00190412	-0.921913	-0.281825	-0.00101353
156	2.51383e-09	0.0819704	1.1044	-0.000287005	-0.943553	0.0741642	-0.00229781
157	2.51383e-09	-0.00445061	1.07058	-6.93781e-05	-0.964041	-0.00607208	-0.000476564
158	2.51383e-09	0.65428	0.882209	-0.000873822	-0.763234	0.569952	0.00371978
159	2.51383e-09	-0.372438	1.00468	-0.00054671	-0.905067	-0.339753	0.0011813
160	2.51383e-09	1.00012	-0.416522	-7.53396e-05	0.370544	0.884317	-0.00191851
161	2.51383e-09	0.732301	-0.795621	-0.00248766	0.708604	0.651413	0.000396129
162	2.51383e-09	-1.00103	0.396106	-0.00118911	-0.357145	-0.897517	0.00075548
163	2.51383e-09	-1.07597	-0.0748052	-0.000983054	0.0609196	-0.961892	-0.000758603
164	2.51383e-09	0.971218	0.452189	-0.00100729	-0.407189	0.878071	0.00325401
165	2.51383e-09	0.13791	-1.09069	0.00119905	0.94626	0.12114	0.00173562
166	2.51383e-09	1.01973	0.350608	0.00188638	-0.31528	0.909442	-0.000906239
167	2.51383e-09	-0.478843	-0.947941	-0.00198478	0.866121	-0.442722	0.000101641
168	2.51383e-09	0.959593	0.532789	-0.00015229	-0.463948	0.831058	0.00120042
169	2.51383e-09	0.559473	-0.931576	-0.000366701	0.818125	0.498084	-0.000330513
170	2.51383e-09	0.273524	-1.05537	0.00261157	0.926362	0.242872	-0.00095275
171	2.51383e-09	-0.895116	-0.62608	0.000169487	0.542687	-0.786951	-0.000727084
172	2.51383e-09	0.444295	1.02033	-0.00114772	-0.871798	0.374823	-0.000825649
173	2.51383e-09	-0.724183	0.824117	-0.000898117	-0.71881	-0.630786	0.00237356
174	2.51383e-09	1.07518	0.23834	-0.00121394	-0.205608	0.929932	0.00181973
175	2.51383e-09	-1.03003	-0.323122	0.00257245	0.289711	-0.921626	-0.000393183
176	2.51383e-09	-0.524316	0.942528	0.0020074	-0.840479	-0.470089	-0.000251967
177	2.51383e-09	0.628833	-0.919629	-0.00298266	0.783088	0.534228	-0.00194136
178	2.51383e-09	-0.691455	0.840721	-7.01223e-05	-0.737836	-0.610404	0.000778814
179	2.51383e-09	-1.05176	0.31854	-0.0020776	-0.280497	-0.912925	0.00317968
180	2.51383e-09	0.720759	-0.804376	0.0010909	0.71512	0.643868	0.00172905
181	2.51383e-09	0.0205159	-1.09951	0.00224117	0.95263	0.0196588	-0.000857065
182	2.51383e-09	-0.733613	0.817501	-4.1796e-05	-0.709659	-0.636943	0.00124063
183	2.51383e-09	0.639924	-0.879918	0.00119814	0.775257	0.565617	5.58227e-05
184	2.51383e-09	0.461198	-1.0092	-0.00193438	0.862858	0.39428	0.00100993
185	2.51383e-09	-0.316709	1.03543	4.46695e-05	-0.920396	-0.285636	-0.00278354
186	2.51383e-09	0.749572	0.785745	-0.000292817	-0.696363	0.662814	0.00129192
187	2.51383e-09	-1.05925	-0.151462	-0.00216989	0.133942	-0.955365	-0.00222007
188	2.51383e-09	-0.560741	0.954794	0.000861667	-0.818855	-0.479028	-0.00296622
189	2.51383e-09	0.984672	0.469746	0.00145186	-0.413407	0.863476	-0.00278221
190	2.51383e-09	1.09664	0.0889244	0.000322427	-0.0856349	0.949395	-0.00122289
191	2.51383e-09	-0.682939	0.842522	-0.00216826	-0.746426	-0.606286	0.000501899
192	2.51383e-09	1.01831	0.394511	0.000928705	-0.34827	0.895147	-0.000918351
193	2.51383e-09	-0.99775	0.473751	-0.00338831	-0.407442	-0.86185	-0.00209991
194	2.51383e-09	0.435227	1.02671	0.00198296	-0.872532	0.369693	-0.000162943
195	2.51383e-09	-0.929889	0.544681	0.0013195	-0.488728	-0.831479	-3.17309e-05
196	2.51383e-09	-0.197905	-1.06884	0.00259304	0.945817	-0.175022	0.00277944
197	2.51383e-09	0.941547	-0.545324	-0.00280615	0.481361	0.829732	-0.000228424
198	2.51383e-09	-0.613659	-0.925461	0.002204	0.792407	-0.521003	-0.00117846
199	2.51383e-09	-0.282594	1.0691	0.0036073	-0.918204	-0.241724	0.000137105
200	2.51383e-09	0.921007	-0.618534	0.000758591	0.531742	0.790113	0.00117947
201	2.51383e-09	0.640747	0.892027	-0.00110109	-0.7739	0.557841	-0.00104368
202	2.51383e-09	0.311599	1.0425	0.00301327	-0.920766	0.271809	-3.58572e-05
203	2.51383e-09	1.06985	-0.212651	-0.00250089	0.187353	0.937622	-0.000870344
204	2.51383e-09	0.00324276	1.09139	0.000649716	-0.961218	-0.0016607	-0.0005762
205	2.51383e-09	1.12863	0.0440084	0.000677488	-0.0421066	0.939141	-0.000416449
206	2.51383e-09	-0.736688	-0.808917	0.000581015	0.707088	-0.643005	-0.00164493
207	2.51383e-09	-0.550435	0.974538	0.00244379	-0.823449	-0.465895	0.00284612
208	2.51383e-09	-0.245102	-1.07249	-0.00233347	0.93022	-0.205788	-0.00162454
209	2.51383e-09	0.587557	-0.944191	-0.0027171	0.802598	0.499534	-0.00179424
210	2.51383e-09	-0.925386	0.597012	-4.08552e-05	-0.519191	-0.801625	0.00119684
211	2.51383e-09	-0.547742	0.955585	0.00178378	-0.82766	-0.468405	0.000601373
212	2.51383e-09	-1.00629	0.50324	-0.00363894	-0.424079	-0.841127	0.00188771
213	2.51383e-09	-0.476848	1.00149	0.0030935	-0.859813	-0.404703	0.000272264
214	2.51383e-09	1.08943	0.134325	0.00174308	-0.111329	0.948774	0.000843501
215	2.51383e-09	1.12049	-0.0338225	-0.00221815	0.0277115	0.943642	0.00111489
216	2.51383e-09	0.759479	-0.824347	0.000260896	0.697023	0.634452	-0.000489945
217	2.51383e-09	-1.12052	-0.0150555	0.000648791	0.0084606	-0.943252	0.00193076
218	2.51383e-09	-0.5462	0.929847	-0.00570808	-0.828835	-0.48734	-0.0021107
219	2.51383e-09	0.75737	-0.840954	-0.000312089	0.697164	0.63107	0.000495556
220	2.51383e-09	-0.0284559	-1.11567	0.00111571	0.946926	-0.0215333	-0.00248438
221	2.51383e-09	-0.727031	0.805829	-0.0008144	-0.71222	-0.645888	0.00215803
222	2.51383e-09	-1.0956	0.162037	-0.00242946	-0.13766	-0.939359	0.000393505
223	2.51383e-09	0.650521	-0.898214	-0.00110517	0.773202	0.552464	-0.0020136
224	2.51383e-09	1.01314	-0.433856	-0.000708757	0.375704	0.872344	0.00130776
225	2.51383e-09	-0.243792	-1.0931	-0.000505174	0.920242	-0.205661	9.25054e-05
226	2.51383e-09	-1.09128	-0.21699	0.000799899	0.190195	-0.931033	-0.00196691
227	2.51383e-09	-0.969472	-0.53422	0.000504691	0.459582	-0.830659	-0.000744632
228	2.51383e-09	1.09539	-0.246284	0.00106721	0.207497	0.920859	-0.00106625
229	2.51383e-09	-0.417186	1.04681	0.00370148	-0.874267	-0.353043	-0.00179408
230	2.51383e-09	1.11136	0.282377	-3.19304e-05	-0.227803	0.905388	-0.00163168
231	2.51383e-09	1.12314	0.0416594	-0.00463042	-0.0343646	0.945047	-0.00207048
232	2.51383e-09	-1.09192	-0.124183	-0.00099203	0.113748	-0.948579	0.00253196
233	2.51383e-09	-0.982616	-0.500524	-0.00210941	0.432447	-0.852777	0.00153335
234	2.51383e-09	-0.458278	1.02052	0.00406775	-0.863753	-0.385766	0.00296509
235	2.51383e-09	-1.07577	0.274164	-0.00211303	-0.228417	-0.923743	0.00215802
236	2.51383e-09	-0.28958	1.08871	0.00157543	-0.913559	-0.236147	0.00171626
237	2.51383e-09	-0.816032	0.744862	0.000738163	-0.644834	-0.696055	-0.00306089
238	2.51383e-09	1.0016	-0.551156	0.00044266	0.456378	0.819944	-0.0017902
239	2.51383e-09	0.95599	-0.540422	-0.00375866	0.472607	0.83145	0.000612908
240	2.51383e-09	0.827178	-0.751132	0.00213525	0.640611	0.702349	-0.001364
241	2.51383e-09	0.345273	-1.06788	0.00261407	0.896808	0.284024	-0.00065001
242	2.51383e-09	0.0242328	-1.15775	-0.00336305	0.928251	0.0185326	-0.00144633
243	2.51383e-09	0.735077	0.850967	0.00151937	-0.716947	0.61533	0.00327433
244	2.51383e-09	-1.02793	-0.495544	-0.000899026	0.407264	-0.841165	-0.00207225
245	2.51383e-09	1.08654	0.285641	0.000550584	-0.238554	0.914099	0.00431673
246	2.51383e-09	0.497344	1.02031	-0.000231633	-0.840379	0.417177	-0.00208763
247	2.51383e-09	-1.06965	-0.242968	-0.00290854	0.205944	-0.933984	0.000737468
248	2.51383e-09	-0.0441618	1.12404	0.00100104	-0.941761	-0.0353364	-8.98204e-05
249	2.51383e-09	1.01619	0.460802	-0.000451213	-0.391417	0.863166	-0.000924914
250	2.51383e-09	1.12939	-0.11442	-8.569e-05	0.0944593	0.932934	-0.00159923
251	2.51383e-09	1.02318	0.459003	0.000597612	-0.383365	0.863063	0.0011986
252	2.51383e-09	1.10849	-0.126836	0.000408336	0.109039	0.940686	0.00190379
253	2.51383e-09	0.0239968	1.13526	0.00514012	-0.937316	0.022842	0.00083632
254	2.51383e-09	0.978296	0.574577	3.46727e-05	-0.472464	0.808014	-0.00175094
255	2.51383e-09	0.546528	0.997169	-5.92682e-05	-0.823173	0.449734	-0.000846448
256	2.51383e-09	-0.938524	-0.664965	0.000843727	0.541098	-0.755593	8.57242e-05
257	2.51383e-09	0.621065	0.930391	0.00202113	-0.786364	0.527468	0.00194401
258	2.51383e-09	-0.680592	-0.897847	-0.00158187	0.746635	-0.573965	-0.000728595
259	2.51383e-09	0.59126	-0.960173	-9.37725e-05	0.801835	0.496488	-0.000666266
260	2.51383e-09	-1.0034	-0.502678	0.00419389	0.421065	-0.845754	0.00196602
261	2.51383e-09	1.09125	0.331857	-0.00114196	-0.275418	0.894267	0.000638711
262	2.51383e-09	0.865709	-0.694214	0.00434642	0.592153	0.743942	-0.00309173
263	2.51383e-09	-0.803651	0.80875	-0.00279627	-0.669665	-0.655557	0.000502943
264	2.51383e-09	-0.870364	0.716401	0.00089969	-0.598232	-0.724681	-0.000616593
265	2.51383e-09	-0.199672	1.12724	-0.00197222	-0.920597	-0.162315	0.00268263
266	2.51383e-09	0.872177	-0.730539	-0.00164729	0.600628	0.719198	0.000924476
267	2.51383e-09	0.89429	-0.686376	-0.00067217	0.576587	0.741158	0.00152677
268	2.51383e-09	-1.04307	0.437922	-0.000652928	-0.361816	-0.869689	-0.00325662
269	2.51383e-09	0.902927	-0.704068	-0.00010698	0.573373	0.739201	-0.0035232
270	2.51383e-09	-0.525723	-0.999044	0.00130845	0.830346	-0.440529	-0.00192438
271	2.51383e-09	0.877395	0.728579	0.000695847	-0.600124	0.720318	-0.000862129
272	2.51383e-09	0.348299	1.09277	0.00334	-0.888305	0.283608	-0.00201549
273	2.51383e-09	-0.687484	-0.916266	0.00343791	0.746891	-0.559844	0.000222364
274	2.51383e-09	-0.970968	0.555314	0.000189993	-0.473888	-0.821102	0.000697117
275	2.51383e-09	-0.451111	-1.04405	-0.000508447	0.861752	-0.369753	-0.00205163
276	2.51383e-09	0.501493	-1.02609	0.00197506	0.845282	0.40889	0.00168757
277	2.51383e-09	0.676279	-0.905097	0.00181471	0.758621	0.564831	0.00337284
278	2.51383e-09	-0.95709	0.630883	-0.00186235	-0.514883	-0.778796	-0.00106645
279	2.51383e-09	0.29292	-1.15182	-0.000733231	0.88512	0.225092	0.000719456
280	2.51383e-09	-0.476762	1.05654	-0.00180273	-0.846595	-0.383519	0.000437003
281	2.51383e-09	0.892769	-0.709064	-0.000793246	0.578165	0.735069	-0.00127768
282	2.51383e-09	-0.558261	0.995582	0.00056796	-0.817262	-0.458901	-8.48256e-05
283	2.51383e-09	-0.936657	0.628596	-0.00290142	-0.520744	-0.787094	-0.000162105
284	2.51383e-09	0.476385	1.05034	0.00172516	-0.847087	0.382361	0.000650704
285	2.51383e-09	1.14474	0.119299	-0.00108	-0.0984712	0.925643	0.000155049
286	2.51383e-09	-0.514708	1.01709	-0.000199005	-0.837096	-0.421766	0.00228369
287	2.51383e-09	-1.12185	0.125426	-0.00225033	-0.0991366	-0.93762	-0.000668819
288	2.51383e-09	-1.07444	0.430408	0.000853973	-0.33996	-0.863933	-0.000694717
289	2.51383e-09	0.923358	0.703055	-0.000236579	-0.560205	0.736004	-0.00288652
290	2.51383e-09	0.0258266	-1.13004	0.00245928	0.942689	0.0230225	0.00240361
291	2.51383e-09	-0.579812	0.997323	0.00146636	-0.804844	-0.466907	0.00104915
292	2.51383e-09	0.0150346	-1.14945	0.00121642	0.93351	0.0145942	-0.00150449
293	2.51383e-09	0.550243	-0.987976	0.00124664	0.819995	0.46399	-0.00151428
294	2.51383e-09	-0.697423	0.938699	-0.00309688	-0.741262	-0.550198	0.00480226
295	2.51383e-09	1.11935	0.284606	0.000137925	-0.227618	0.899811	-0.00127061
296	2.51383e-09	1.0977	0.360182	-0.00167045	-0.291533	0.883841	0.00408948
297	2.51383e-09	-0.964288	-0.600918	0.000776924	0.495832	-0.799115	-0.00104063
298	2.51383e-09	-1.09304	-0.356655	-0.00274214	0.294025	-0.885066	0.00104536
299	2.51383e-09	-1.00567	0.56828	-0.000293111	-0.458649	-0.815132	-0.00144238
300	2.51383e-09	-0.921961	0.706872	-0.00180847	-0.567148	-0.736099	-0.00149484
301	2.51383e-09	0.0313551	-1.16823	0.000438745	0.922158	0.0181586	-0.00187257
302	2.51383e-09	-0.460024	1.07974	-0.00532528	-0.845769	-0.360791	-0.00101488
303	2.51383e-09	0.77253	-0.858522	-0.000208143	0.695583	0.618316	0.000300937
304	2.51383e-09	-0.207724	-1.15734	0.00177858	0.90649	-0.161622	-0.000221205
305	2.51383e-09	0.907914	0.702768	-0.00391527	-0.572132	0.738501	-0.000180733
306	2.51383e-09	0.872557	0.747209	-0.00156385	-0.605733	0.709019	0.000202532
307	2.51383e-09	0.733997	-0.899406	-0.00225933	0.719782	0.586528	-0.00213553
308	2.51383e-09	0.457214	1.08085	-0.00197208	-0.85079	0.354297	-0.00178146
309	2.51383e-09	1.10968	0.250147	0.000206849	-0.200202	0.91716	-0.00134021
310	2.51383e-09	1.13572	-0.220001	0.000415392	0.178455	0.914541	-0.000990655
311	2.51383e-09	-1.10229	0.366885	-0.00538131	-0.294982	-0.879002	0.000946704
312	2.51383e-09	-0.579981	1.02104	-0.00239405	-0.802901	-0.448938	-0.000210212
313	2.51383e-09	-0.792697	0.839503	-0.00172653	-0.67899	-0.634984	0.000189937
314	2.51383e-09	-1.07688	0.373487	-0.00167789	-0.304931	-0.886279	-0.00093859
315	2.51383e-09	0.788472	-0.852302	-0.00144944	0.684362	0.629354	-0.00231279
316	2.51383e-09	1.11145	-0.368434	0.00181729	0.294174	0.875824	-0.00117021
317	2.51383e-09	-0.857675	0.766118	0.000706891	-0.622366	-0.698033	-0.0026506
318	2.51383e-09	1.16156	-0.0162056	0.000586884	0.0100645	0.927346	-0.00229085
319	2.51383e-09	1.05966	0.500611	0.00270001	-0.394035	0.835317	-0.00122104
320	2.51383e-09	0.048956	-1.17466	-0.000363418	0.92135	0.0400434	0.000357987
321	2.51383e-09	0.00891886	-1.16413	-0.00097924	0.927674	0.00769011	0.000421116
322	2.51383e-09	0.199721	-1.14009	0.00456736	0.915141	0.159035	-3.05716e-05
323	2.51383e-09	1.15022	-0.114977	-0.00181021	0.0853204	0.926833	-0.000477178
324	2.51383e-09	1.10465	-0.421051	-0.00154265	0.328396	0.8594	0.00234574
325	2.51383e-09	-1.03544	-0.526523	-0.00216002	0.42171	-0.823797	0.00153237
326	2.51383e-09	-0.549329	1.03523	-0.000619645	-0.813676	-0.441831	-0.00495746
327	2.51383e-09	1.0952	0.437349	-0.00199425	-0.341508	0.855377	-0.00121744
328	2.51383e-09	0.0831362	1.13806	0.00444948	-0.933146	0.0643318	0.00206322
329	2.51383e-09	0.936322	-0.726171	-0.00091491	0.563783	0.720978	0.000755619
330	2.51383e-09	0.381047	1.09227	0.00117784	-0.878769	0.308185	0.00131177
331	2.51383e-09	0.816343	0.820446	0.00107808	-0.659464	0.652912	-0.00221408
332	2.51383e-09	1.17845	0.0973567	0.00267834	-0.0790071	0.914725	-0.000376907
333	2.51383e-09	-0.164883	-1.17127	-0.00356204	0.909358	-0.131987	-0.000110588
334	2.51383e-09	1.04654	-0.524617	7.83305e-05	0.414457	0.828589	0.00123903
335	2.51383e-09	0.949828	0.711015	1.25977e-05	-0.554023	0.731829	-0.000696041
336	2.51383e-09	0.905946	0.752849	0.00402316	-0.587259	0.708568	0.000143456
337	2.51383e-09	0.980817	0.648252	-0.00231574	-0.507164	0.772189	-0.00144288
338	2.51383e-09	0.715802	0.912238	-0.000340542	-0.730928	0.573151	-3.22902e-05
339	2.51383e-09	1.17937	0.0185254	0.00146043	-0.0138798	0.923032	-0.00396485
340	2.51383e-09	-0.668481	-0.977659	-0.00299301	0.753021	-0.523089	-0.000284977
341	2.51383e-09	1.14664	-0.259783	-0.00210703	0.201847	0.902303	-0.000938057
342	2.51383e-09	-0.950134	0.653274	-0.00152201	-0.527045	-0.769944	-0.00134318
343	2.51383e-09	0.665516	-0.957602	-0.00061808	0.761585	0.52437	-0.00159762
344	2.51383e-09	0.324299	-1.13582	-0.0012894	0.884272	0.251756	-8.53861e-05
345	2.51383e-09	0.772217	-0.86716	-0.00374686	0.695153	0.615239	0.00111135
346	2.51383e-09	0.771756	0.874006	0.000891821	-0.694992	0.616628	0.00217861
347	2.51383e-09	1.13951	-0.306907	-0.00143436	0.239739	0.88806	0.000290651
348	2.51383e-09	-0.890159	-0.759465	0.000445895	0.602359	-0.70279	0.00246948
349	2.51383e-09	-0.962717	-0.683734	0.00286153	0.525767	-0.752655	-0.000246578
350	2.51383e-09	0.887609	0.752461	-0.00067909	-0.596494	0.709513	-0.00144696
351	2.51383e-09	0.174273	-1.18416	0.0033427	0.904649	0.129591	-0.00126013
352	2.51383e-09	-1.14867	-0.249154	0.0017998	0.197784	-0.898878	-0.000344977
353	2.51383e-09	-1.07983	0.495701	0.00399378	-0.381392	-0.83692	-0.0014293
354	2.51383e-09	0.71282	0.9404	-0.00147979	-0.730667	0.561498	-0.000110291
355	2.51383e-09	-1.12566	-0.238111	0.000767307	0.192435	-0.91175	-0.000984811
356	2.51383e-09	-1.18554	0.154173	0.00165277	-0.120464	-0.908261	0.0014365
357	2.51383e-09	0.676232	0.967083	0.000317575	-0.75222	0.527383	-0.00223502
358	2.51383e-09	-0.177259	-1.18374	-0.00168877	0.902681	-0.136608	0.00247351
359	2.51383e-09	0.667967	-1.0018	-0.00162204	0.761332	0.501489	0.0017534
360	2.51383e-09	0.141026	1.15961	-0.00156416	-0.91978	0.113532	2.74078e-05
361	2.51383e-09	-0.0383306	1.18178	-0.00209589	-0.917419	-0.029834	0.000557264
362	2.51383e-09	-1.10212	0.396251	-0.00202354	-0.305881	-0.871498	-0.000502136
363	2.51383e-09	1.0182	0.597365	-0.000374478	-0.462964	0.797713	-0.00134105
364	2.51383e-09	0.0774127	1.16815	0.000991824	-0.920642	0.0588805	-0.000160514
365	2.51383e-09	1.07697	0.523164	-0.00186238	-0.396215	0.82594	-0.000182945
366	2.51383e-09	1.16814	0.245339	-0.000236914	-0.193515	0.895228	-0.00173306
367	2.51383e-09	-1.0036	0.629905	0.000947568	-0.489987	-0.776379	-0.000791185
368	2.51383e-09	0.770102	0.922041	0.000269865	-0.698866	0.588159	-0.000907733
369	2.51383e-09	-0.0433653	-1.19704	-0.000264247	0.90909	-0.0317275	-0.00234039
370	2.51383e-09	1.05454	0.542919	-0.00356536	-0.41893	0.819328	-6.87792e-05
371	2.51383e-09	-0.937907	0.76492	-0.00103249	-0.570452	-0.707325	-0.00144583
372	2.51383e-09	-0.469852	1.11013	0.00195101	-0.838324	-0.350632	0.00195724
373	2.51383e-09	-0.942801	0.712535	-0.00014048	-0.5538	-0.735215	-0.000385579
374	2.51383e-09	-0.841211	-0.875012	0.00262778	0.654246	-0.625989	0.00252755
375	2.51383e-09	-0.76313	-0.916151	0.00263528	0.704399	-0.585809	-0.00220044
376	2.51383e-09	-1.11486	0.382401	0.000737368	-0.297112	-0.873261	1.04488e-05
377	2.51383e-09	0.720277	0.941789	-0.00227899	-0.731088	0.560135	-0.00062465
378	2.51383e-09	1.16122	0.300638	-0.00148924	-0.23152	0.882328	0.000135643
379	2.51383e-09	1.14888	-0.246442	-0.00288987	0.197447	0.905337	0.0011067
380	2.51383e-09	1.1678	0.154733	-0.000699157	-0.125114	0.913366	0.000372707
381	2.51383e-09	-1.02291	0.607498	-0.00166267	-0.470052	-0.787413	0.000989525
382	2.51383e-09	1.137	-0.348193	-0.000409913	0.273513	0.878587	0.00121925
383	2.51383e-09	-0.3176	-1.12771	-5.33487e-05	0.890638	-0.253155	-0.00101473
384	2.51383e-09	1.17177	-0.275408	0.000180879	0.205327	0.888383	0.00483523
385	2.51383e-09	0.588081	-1.0233	0.000970127	0.796705	0.458897	0.00128113
386	2.51383e-09	1.19154	-0.12812	0.00282995	0.100846	0.906632	0.000557822
387	2.51383e-09	-0.741787	-0.939491	0.000452266	0.719417	-0.564868	-0.00355763
388	2.51383e-09	0.0579722	1.19552	0.00049596	-0.915922	0.0373259	-0.000225108
389	2.51383e-09	-1.02998	-0.582976	-0.00434378	0.452794	-0.800438	-0.00140107
390	2.51383e-09	0.704325	0.94234	-0.00109761	-0.743548	0.549948	0.00123563
391	2.51383e-09	1.19883	0.155473	0.00194248	-0.110907	0.903451	-0.00123684
392	2.51383e-09	-1.13527	-0.401439	-0.00181611	0.302022	-0.858397	0.00436683
393	2.51383e-09	-1.16472	-0.296069	0.00203129	0.229269	-0.886172	-0.000283335
394	2.51383e-09	-0.373577	-1.14309	-0.000145181	0.867008	-0.28118	-0.000982017
395	2.51383e-09	-0.526127	1.06877	-0.00013425	-0.82162	-0.407729	0.000869315
396	2.51383e-09	0.858233	0.872876	0.000885155	-0.640124	0.632637	-2.58161e-05
397	2.51383e-09	-0.267068	-1.17185	-0.000228117	0.889316	-0.200991	-0.00216306
398	2.51383e-09	0.855962	-0.848368	0.000851493	0.639769	0.646384	-0.000735058
399	2.51383e-09	1.11322	-0.436513	-0.00248278	0.333619	0.851374	-0.00139866
400	2.51383e-09	1.08074	0.535287	0.00212196	-0.399908	0.816204	0.000358952
