4.457000e+03
401
0	1	0.000206044	0.000127712	-1.87978e-07	8.26733e-08	5.73184e-08	-1.55496e-12
1	2.51383e-09	-0.747064	0.670847	-0.000625001	-0.662568	-0.744478	8.72847e-05
2	2.51383e-09	-0.73524	0.692232	0.00129295	-0.680553	-0.726244	0.000718021
3	2.51383e-09	-0.442891	0.895959	-0.000818728	-0.89555	-0.443039	-0.000520298
4	2.51383e-09	-0.777478	-0.635687	0.00071756	0.630753	-0.77379	-0.00108015
5	2.51383e-09	0.834008	0.554434	-0.000160579	-0.554921	0.831415	0.000700579
6	2.51383e-09	-0.880342	-0.494645	-0.000282287	0.485478	-0.871879	-0.00227086
7	2.51383e-09	0.998086	-0.0655757	-0.000643479	0.0634192	0.99833	0.00156205
8	2.51383e-09	-0.710963	0.703743	-1.18527e-05	-0.702176	-0.710881	-0.00061953
9	2.51383e-09	-0.180792	0.985348	-0.000719447	-0.983742	-0.176272	-0.000244448
10	2.51383e-09	-0.422671	0.907381	0.000283181	-0.90391	-0.425256	0.000628558
11	2.51383e-09	-0.992609	0.128972	0.000516821	-0.129372	-0.990792	-0.000124783
12	2.51383e-09	0.658065	-0.773125	-0.00164808	0.758904	0.640604	-0.000597352
13	2.51383e-09	-0.810432	-0.593674	-0.00215315	0.588482	-0.805685	0.000364536
14	2.51383e-09	0.627156	-0.788343	-0.00146174	0.783023	0.617998	0.00201577
15	2.51383e-09	-0.921877	0.393469	0.00237843	-0.384737	-0.920417	-0.000512265
16	2.51383e-09	0.200443	0.976286	-0.00186922	-0.983005	0.201235	0.000245733
17	2.51383e-09	-0.335727	0.945007	-0.000581597	-0.941733	-0.337938	-0.00118641
18	2.51383e-09	-0.122108	1.00297	-0.000827169	-0.988279	-0.126898	-0.000228036
19	2.51383e-09	-0.135641	1.00108	0.000958008	-0.988698	-0.127936	-0.00139589
20	2.51383e-09	0.904283	-0.481836	0.000142228	0.463668	0.873336	0.00302615
21	2.51383e-09	-0.778385	0.644596	-0.00251187	-0.638224	-0.761672	-0.00165325
22	2.51383e-09	0.0595105	-1.01778	0.00043649	0.986783	0.0554904	-0.00149886
23	2.51383e-09	0.391714	-0.933344	-0.00241302	0.91974	0.384271	-0.000524536
24	2.51383e-09	0.642751	-0.787251	-0.000722983	0.76423	0.632402	-0.00131184
25	2.51383e-09	-1.01707	0.086335	0.00107193	-0.0857257	-0.986437	-0.00140541
26	2.51383e-09	-0.57462	-0.839207	0.00128569	0.817428	-0.557502	0.00185705
27	2.51383e-09	0.986088	-0.236133	-0.00185433	0.22694	0.964537	-0.00110568
28	2.51383e-09	-0.839672	-0.558171	-0.000265704	0.55159	-0.832595	0.000293037
29	2.51383e-09	-0.73611	-0.69202	-0.00166978	0.683447	-0.723573	0.000491889
30	2.51383e-09	-0.980085	0.222681	0.000646326	-0.221155	-0.972862	0.000826762
31	2.51383e-09	-0.0347889	1.01125	-0.000672729	-0.991703	-0.0330427	-0.00213338
32	2.51383e-09	-0.968669	-0.27932	0.00119037	0.27479	-0.956602	-1.70512e-05
33	2.51383e-09	0.886581	0.520409	0.00088051	-0.49843	0.846916	0.000186883
34	2.51383e-09	0.320754	-0.979597	-0.000242076	0.936659	0.306254	-0.00111968
35	2.51383e-09	-0.279929	-0.980561	0.00182019	0.953291	-0.272197	0.00214015
36	2.51383e-09	-0.128049	1.01107	-0.00299661	-0.981932	-0.123728	-0.000368835
37	2.51383e-09	-0.239554	0.989369	0.00340139	-0.964378	-0.233253	-0.00206005
38	2.51383e-09	0.767383	-0.652999	-0.0023903	0.645218	0.75733	-0.00045755
39	2.51383e-09	-0.83466	-0.565083	0.00138928	0.560492	-0.822251	-0.00140714
40	2.51383e-09	-0.409244	0.923306	-0.00171229	-0.908794	-0.403506	0.00302621
41	2.51383e-09	-0.35013	-0.954818	0.000291839	0.929713	-0.34196	0.00237755
42	2.51383e-09	-0.97075	0.34071	-0.000750954	-0.325497	-0.930686	-0.00152507
43	2.51383e-09	1.01183	-0.0602523	-0.00138764	0.0561424	0.991934	-0.00212488
44	2.51383e-09	0.470051	0.921791	-0.00160338	-0.871916	0.449471	0.00117257
45	2.51383e-09	-0.123879	-1.02529	0.000172947	0.977188	-0.117461	-0.00188178
46	2.51383e-09	0.000396809	-1.01702	0.0017764	0.993079	0.000876956	0.00069203
47	2.51383e-09	0.055023	1.01662	-0.000344609	-0.990109	0.0568904	0.000903801
48	2.51383e-09	-0.895673	0.510359	-0.000133515	-0.485412	-0.854081	9.06567e-05
49	2.51383e-09	-0.827585	0.606337	0.000453372	-0.581404	-0.796809	-0.000575421
50	2.51383e-09	0.0971492	-1.02371	-0.00100457	0.981898	0.095813	-0.0025746
51	2.51383e-09	-0.468221	0.909755	-0.00129416	-0.878826	-0.451213	0.000189103
52	2.51383e-09	-0.993642	-0.268733	-0.000711921	0.257172	-0.951186	-0.000886969
53	2.51383e-09	0.522517	0.884417	0.000607862	-0.850392	0.499217	0.000149673
54	2.51383e-09	0.633936	0.805252	-0.00130441	-0.776578	0.606895	0.00048481
55	2.51383e-09	-0.966691	0.357064	0.000844754	-0.345874	-0.92192	-0.00028263
56	2.51383e-09	-0.316266	-0.97717	-0.00134288	0.937624	-0.306583	0.00146297
57	2.51383e-09	0.361522	0.975628	0.00206795	-0.921678	0.340526	0.0014258
58	2.51383e-09	0.00816113	-1.0426	-0.00105537	0.97962	0.00598518	0.00127128
59	2.51383e-09	0.870969	-0.550929	0.00270093	0.520136	0.83517	-0.00120211
60	2.51383e-09	0.576809	0.844876	0.000122845	-0.815851	0.557275	-0.000756296
61	2.51383e-09	1.02474	-0.114081	0.00105804	0.108957	0.980821	0.00337566
62	2.51383e-09	0.943928	0.420815	0.000377624	-0.400829	0.897619	0.000977993
63	2.51383e-09	-0.340691	-0.961606	-0.000716091	0.932153	-0.335044	0.000733839
64	2.51383e-09	0.922655	0.465745	-0.000465983	-0.44326	0.875336	-0.0013786
65	2.51383e-09	-0.140557	1.03044	-0.000648292	-0.970853	-0.130374	-0.00182826
66	2.51383e-09	1.01997	0.0160283	0.0011271	-0.0157846	0.993481	-0.00278045
67	2.51383e-09	0.868334	0.552059	0.00205308	-0.532269	0.833636	-0.000502373
68	2.51383e-09	0.426963	-0.9377	-0.00135851	0.89478	0.410558	-0.00138848
69	2.51383e-09	0.335015	0.975618	-0.00340801	-0.931338	0.319982	-0.000627405
70	2.51383e-09	0.0651768	1.03311	0.0029539	-0.979574	0.063782	0.000763383
71	2.51383e-09	-0.371534	-0.960959	0.000124342	0.919384	-0.35782	0.000244325
72	2.51383e-09	0.363637	-0.989443	-0.000325956	0.911747	0.336902	-0.000516503
73	2.51383e-09	1.03739	0.0867459	-0.000913882	-0.083061	0.975406	-0.00109289
74	2.51383e-09	0.45459	-0.940935	-0.000158908	0.880594	0.429929	-0.000271955
75	2.51383e-09	-0.634105	0.821345	-2.02676e-05	-0.776623	-0.601568	-0.000570894
76	2.51383e-09	-0.0472966	-1.04372	-0.00204818	0.978502	-0.0461212	-0.000392335
77	2.51383e-09	0.930712	0.500772	0.000684931	-0.458035	0.858206	0.000311691
78	2.51383e-09	0.128145	1.04133	0.000988665	-0.966712	0.125167	-0.000703769
79	2.51383e-09	-0.215236	-1.01666	-2.83923e-05	0.957183	-0.200858	-0.00238844
80	2.51383e-09	0.361911	0.988997	0.00137066	-0.913893	0.335185	0.000351065
81	2.51383e-09	-0.954874	0.421718	-0.000386127	-0.395582	-0.894721	-0.00081812
82	2.51383e-09	-0.838581	0.623294	0.00130689	-0.584471	-0.78754	0.00158828
83	2.51383e-09	-0.873104	0.56245	-0.0017865	-0.532166	-0.826806	0.00141134
84	2.51383e-09	0.450256	0.948618	-0.000522484	-0.882321	0.417882	0.000527715
85	2.51383e-09	0.228138	1.00173	-0.000890324	-0.963246	0.217937	-0.00100547
86	2.51383e-09	0.706135	-0.771639	-0.00222242	0.722302	0.659515	-0.00040202
87	2.51383e-09	-0.239775	-1.01107	0.000177416	0.953743	-0.222225	-0.00144099
88	2.51383e-09	-1.01231	-0.207192	-0.00256042	0.196701	-0.963413	-0.000177624
89	2.51383e-09	0.787575	0.712105	-0.000292212	-0.64828	0.721071	-0.00155162
90	2.51383e-09	0.340098	-0.983356	-0.000509052	0.927995	0.316964	0.000140653
91	2.51383e-09	0.899336	-0.508002	0.00212646	0.486599	0.856706	-0.00185225
92	2.51383e-09	1.04126	-0.123905	0.000443885	0.115843	0.970425	0.0019056
93	2.51383e-09	-0.261719	-1.02545	0.000302918	0.940037	-0.240323	-0.000484845
94	2.51383e-09	-0.935712	0.457308	0.00218265	-0.435816	-0.877838	-0.00031131
95	2.51383e-09	-0.903178	0.499514	-0.00056281	-0.47491	-0.865006	0.00139413
96	2.51383e-09	-1.03754	-0.174782	-8.87793e-05	0.159151	-0.961831	0.000909977
97	2.51383e-09	-0.77542	-0.70484	0.00267557	0.656745	-0.726975	0.00359951
98	2.51383e-09	1.01114	-0.314635	-0.00124618	0.293345	0.92763	0.00153542
99	2.51383e-09	-0.848661	0.63848	-4.01461e-05	-0.577961	-0.778417	0.00111559
100	2.51383e-09	-0.311773	-1.01117	-0.00117095	0.925974	-0.287096	0.00157513
101	2.51383e-09	0.00735576	1.03813	-0.00124753	-0.980905	0.00857672	0.0009809
102	2.51383e-09	-0.83987	0.613091	-0.000607575	-0.576223	-0.790801	0.00178479
103	2.51383e-09	1.02446	0.219514	0.00101007	-0.205326	0.955482	-0.00272091
104	2.51383e-09	-0.974703	0.37898	0.00033978	-0.358744	-0.911427	-0.000926464
105	2.51383e-09	0.982023	-0.373591	-0.000826553	0.354865	0.909191	-0.000211237
106	2.51383e-09	0.83106	-0.636307	0.000526144	0.594139	0.775221	0.000732863
107	2.51383e-09	0.910608	-0.532949	-0.00148118	0.495027	0.838777	0.00089479
108	2.51383e-09	-0.756557	-0.749164	-0.00155474	0.681915	-0.687023	0.0014668
109	2.51383e-09	0.974959	-0.423224	0.000431488	0.383937	0.889658	0.00291973
110	2.51383e-09	-0.786336	-0.712596	0.000435235	0.649053	-0.71869	-0.00216409
111	2.51383e-09	-1.06948	0.0720819	-0.000392029	-0.0666837	-0.96318	0.00103798
112	2.51383e-09	-0.468364	0.947547	-0.000410703	-0.871178	-0.434677	0.000422992
113	2.51383e-09	-0.578169	0.883329	-0.00239588	-0.813402	-0.533974	-0.000762449
114	2.51383e-09	-0.669964	0.810009	-0.0023513	-0.754534	-0.61794	-0.00101694
115	2.51383e-09	-0.117993	1.05625	0.00186038	-0.964223	-0.112586	0.000331238
116	2.51383e-09	0.375858	0.985926	0.00017488	-0.909097	0.3447	0.00166704
117	2.51383e-09	0.981856	-0.424215	0.000535001	0.383199	0.885913	-0.00059125
118	2.51383e-09	1.02876	-0.271915	0.000338982	0.247971	0.93631	-0.00081587
119	2.51383e-09	1.02472	-0.223714	-0.000630407	0.206851	0.953064	-0.00213744
120	2.51383e-09	-0.25467	1.01697	-0.000743876	-0.945914	-0.239856	-0.00196163
121	2.51383e-09	-0.983798	0.399401	0.00115441	-0.365722	-0.89772	0.000536894
122	2.51383e-09	-0.696012	-0.804417	-0.000656402	0.735857	-0.634801	-0.0011297
123	2.51383e-09	1.04588	-0.128536	0.000688746	0.119061	0.964321	0.00142842
124	2.51383e-09	-0.416261	0.984493	-0.0028974	-0.894194	-0.377061	0.000836986
125	2.51383e-09	-0.559764	0.894844	-0.00148856	-0.826987	-0.515055	-0.00150182
126	2.51383e-09	0.145119	-1.05309	-0.000411822	0.959286	0.138885	3.47172e-05
127	2.51383e-09	0.26576	-1.02424	-0.00194453	0.940327	0.247053	-0.00260357
128	2.51383e-09	-0.594468	0.888873	-0.00229272	-0.802961	-0.540272	-0.00281103
129	2.51383e-09	0.702487	-0.777704	-1.84545e-06	0.725689	0.659523	0.00057302
130	2.51383e-09	-0.463769	0.952826	-0.00150893	-0.875642	-0.421093	0.00069987
131	2.51383e-09	0.68517	-0.839773	-0.0022193	0.741362	0.606518	0.000703196
132	2.51383e-09	-0.152782	-1.05998	-0.00171692	0.958755	-0.13246	0.000300288
133	2.51383e-09	-0.996712	-0.389516	0.00224908	0.348347	-0.901425	-0.00232524
134	2.51383e-09	-1.03757	0.252069	0.00147798	-0.2265	-0.938726	0.00140175
135	2.51383e-09	0.0213854	1.07216	-0.0022462	-0.963658	0.0199582	-0.00154166
136	2.51383e-09	0.232789	1.05001	-0.000290011	-0.942169	0.208069	-0.0025974
137	2.51383e-09	-1.03384	0.229804	0.00135128	-0.208156	-0.949718	0.00257017
138	2.51383e-09	-0.721241	0.792214	-0.00179102	-0.71327	-0.650938	-0.00162928
139	2.51383e-09	-0.959183	-0.47605	0.00198184	0.428504	-0.865119	0.000464423
140	2.51383e-09	1.04931	0.284289	-0.00283678	-0.251142	0.925376	-0.00094776
141	2.51383e-09	-0.905275	-0.577356	0.000950754	0.520922	-0.809351	-0.00166694
142	2.51383e-09	1.06204	0.200532	-0.00274608	-0.174401	0.943281	0.000477688
143	2.51383e-09	1.05841	0.150882	-0.000372082	-0.135981	0.957542	0.000639155
144	2.51383e-09	-1.07352	0.196007	0.00220174	-0.172983	-0.939345	0.00162766
145	2.51383e-09	-0.158485	-1.05504	0.00187316	0.957385	-0.141069	7.08099e-05
146	2.51383e-09	1.00439	0.445546	0.000905268	-0.385239	0.872933	0.00216611
147	2.51383e-09	-1.0754	0.0753867	-0.000528525	-0.0708081	-0.961903	-0.00121639
148	2.51383e-09	-0.508328	-0.956659	-0.00108634	0.850576	-0.447057	0.000559067
149	2.51383e-09	-1.04912	0.125081	0.000281312	-0.109194	-0.97015	-0.00105856
150	2.51383e-09	-0.37571	1.01323	0.00160587	-0.900896	-0.335887	-0.00310225
151	2.51383e-09	-0.688306	-0.825701	0.00145371	0.739069	-0.619486	-0.000186829
152	2.51383e-09	0.440602	0.97417	-0.000248876	-0.88136	0.396779	0.00173034
153	2.51383e-09	-1.01716	-0.393468	-0.00230529	0.345099	-0.892874	-0.000988568
154	2.51383e-09	-0.998469	0.451055	-0.00263221	-0.396204	-0.867519	-0.000314451
155	2.51383e-09	-0.517452	0.936823	0.000275053	-0.846375	-0.469969	0.000183907
156	2.51383e-09	1.01168	-0.380204	-0.000758791	0.341482	0.903085	-0.00209355
157	2.51383e-09	-0.541529	-0.929084	0.00125671	0.832118	-0.487763	-0.00100589
158	2.51383e-09	-1.08519	-0.0376977	-0.00353121	0.0345703	-0.960537	0.000173651
159	2.51383e-09	0.0826976	-1.07363	-0.00203715	0.96004	0.0725556	0.0018549
160	2.51383e-09	-0.848761	-0.653044	-0.001805	0.588438	-0.767304	-0.000522508
161	2.51383e-09	1.05817	-0.257479	-0.00136838	0.225046	0.930767	0.00113552
162	2.51383e-09	-0.730748	-0.797606	0.00231201	0.709495	-0.650999	-0.00126663
163	2.51383e-09	-0.387524	1.00665	0.000996589	-0.899277	-0.345797	0.00151405
164	2.51383e-09	-0.674466	-0.818522	0.000515987	0.752517	-0.615215	-0.000336628
165	2.51383e-09	1.09709	-0.0613276	0.000924024	0.0489513	0.953261	-0.00156101
166	2.51383e-09	-0.616258	0.901678	-0.00231197	-0.787922	-0.53956	0.000197775
167	2.51383e-09	1.08225	0.0332773	-0.00281613	-0.0317106	0.956045	-0.00280144
168	2.51383e-09	0.89996	-0.612375	0.00113179	0.541628	0.787422	0.00191623
169	2.51383e-09	-0.241753	1.05241	0.00171275	-0.937956	-0.212907	0.00101617
170	2.51383e-09	-1.09957	-0.00313467	0.00121398	0.00446996	-0.951681	-0.002162
171	2.51383e-09	-0.982566	-0.463807	0.00202732	0.408591	-0.868119	0.0021279
172	2.51383e-09	-0.619207	-0.906282	0.0010691	0.790818	-0.535711	-0.000891881
173	2.51383e-09	1.09557	0.0730308	0.000646344	-0.0609443	0.953518	0.00109852
174	2.51383e-09	-1.08292	-0.210535	0.000309766	0.184316	-0.932995	0.000893031
175	2.51383e-09	1.08874	0.0342024	-0.00189415	-0.0216396	0.958168	0.00037731
176	2.51383e-09	-0.830532	0.678111	0.000642867	-0.608917	-0.751015	0.00168078
177	2.51383e-09	0.379729	1.03639	-0.00107513	-0.893908	0.325798	-0.00172945
178	2.51383e-09	0.834779	0.696317	0.00100436	-0.613924	0.736308	-0.000602773
179	2.51383e-09	0.247511	1.05931	-0.000713234	-0.936141	0.215322	0.000185316
180	2.51383e-09	0.301404	1.04051	-0.000559866	-0.924231	0.271563	-0.00135854
181	2.51383e-09	0.104459	1.08504	0.00122228	-0.954914	0.0919825	1.82661e-05
182	2.51383e-09	0.886486	-0.626997	-0.00153895	0.553594	0.784669	0.00189974
183	2.51383e-09	-1.03335	0.390527	0.00150498	-0.336053	-0.891258	-0.00146791
184	2.51383e-09	-0.0764814	1.10601	-0.000682847	-0.946734	-0.0667687	-5.51558e-05
185	2.51383e-09	0.862038	0.656836	0.00123292	-0.584253	0.763464	0.000558111
186	2.51383e-09	1.03987	-0.312828	0.000110005	0.268601	0.920493	0.000511532
187	2.51383e-09	-0.945989	0.512027	-0.000431316	-0.459078	-0.848176	0.00149043
188	2.51383e-09	0.488524	0.978858	-0.000815835	-0.856651	0.430098	0.000594966
189	2.51383e-09	-0.972864	-0.526116	0.000150034	0.449297	-0.837121	-0.00158384
190	2.51383e-09	-0.755158	0.801245	0.00145276	-0.69839	-0.653111	0.0013757
191	2.51383e-09	-0.517798	-0.964673	0.0028803	0.840015	-0.454258	0.00063554
192	2.51383e-09	0.307306	1.05696	0.00182135	-0.914019	0.270825	-0.00258676
193	2.51383e-09	-0.710416	-0.844954	0.00194813	0.727008	-0.611943	-0.000427067
194	2.51383e-09	0.486556	-1.00812	0.00052031	0.849169	0.408738	-0.000261357
195	2.51383e-09	0.373372	1.01287	-0.000950693	-0.904952	0.336676	-0.00128199
196	2.51383e-09	-1.04281	-0.31589	0.00192317	0.283551	-0.916324	0.000248189
197	2.51383e-09	1.09266	0.13957	-0.00198809	-0.116964	0.944344	-0.000282071
198	2.51383e-09	-0.477287	-1.00581	-0.000141693	0.853794	-0.407464	-0.00194613
199	2.51383e-09	0.749338	0.804178	0.00169213	-0.698562	0.648408	0.00116217
200	2.51383e-09	-1.01982	0.425809	-0.00241756	-0.364856	-0.879825	0.00134317
201	2.51383e-09	-0.0501242	-1.09613	0.0012258	0.954919	-0.0468805	-0.00199265
202	2.51383e-09	0.705001	0.839888	0.000866841	-0.734946	0.612337	-0.00282706
203	2.51383e-09	0.670506	-0.853467	0.000451193	0.755943	0.590481	-0.000282816
204	2.51383e-09	0.559018	-0.951516	-0.00130397	0.820306	0.48457	0.00149963
205	2.51383e-09	-1.1014	0.23998	-0.00134827	-0.198802	-0.918961	-0.000661957
206	2.51383e-09	-0.183031	1.08986	0.0023515	-0.936347	-0.161406	-0.00134931
207	2.51383e-09	0.865152	-0.701596	0.00152244	0.597585	0.734815	-0.000383611
208	2.51383e-09	0.843776	-0.693995	-0.000705099	0.60582	0.739702	0.000395633
209	2.51383e-09	1.07871	0.159596	0.00184894	-0.143466	0.94651	0.00114216
210	2.51383e-09	-1.05303	-0.359702	-0.000978978	0.303722	-0.896681	-0.000887329
211	2.51383e-09	-1.05067	0.318302	6.7735e-05	-0.275147	-0.915476	9.13829e-05
212	2.51383e-09	-0.786576	0.802949	0.000195276	-0.674324	-0.659837	0.000885685
213	2.51383e-09	-0.684833	-0.859814	-0.00209205	0.74462	-0.594265	-1.35482e-05
214	2.51383e-09	1.00118	0.480108	0.000847	-0.404636	0.85606	-0.000520506
215	2.51383e-09	-0.875305	-0.693883	-0.00124558	0.582774	-0.74288	0.000230433
216	2.51383e-09	-1.09377	-0.187654	0.000634386	0.165144	-0.936935	0.000963541
217	2.51383e-09	1.05083	-0.357375	-0.000753103	0.303338	0.902334	0.000293538
218	2.51383e-09	-0.297307	-1.04174	0.000606806	0.925799	-0.262254	0.000395911
219	2.51383e-09	0.179813	-1.10309	-0.000187472	0.931996	0.153986	0.000334027
220	2.51383e-09	0.923686	0.616025	0.0014576	-0.528255	0.788714	0.00179541
221	2.51383e-09	0.132669	1.09195	0.00136311	-0.948118	0.111202	0.000237401
222	2.51383e-09	-0.0744136	-1.10911	0.00157521	0.948174	-0.062621	-0.00135696
223	2.51383e-09	1.06153	0.353211	-0.000871028	-0.296122	0.898788	-0.00159837
224	2.51383e-09	0.326818	1.04834	-0.000625213	-0.914267	0.281474	0.0014313
225	2.51383e-09	-0.16897	1.10022	-0.00197547	-0.937822	-0.136487	0.00107782
226	2.51383e-09	-1.11305	0.184675	-0.000187913	-0.153654	-0.929294	0.0011761
227	2.51383e-09	-1.10686	-0.0489971	0.00249873	0.0370049	-0.948296	0.000428511
228	2.51383e-09	-1.07983	-0.273397	-0.000371066	0.2324	-0.919194	-0.00147873
229	2.51383e-09	0.943115	0.622152	0.00183379	-0.51973	0.782689	-0.00196536
230	2.51383e-09	-0.235892	1.11244	-0.00333248	-0.91626	-0.19609	0.000695341
231	2.51383e-09	-0.738027	-0.862258	0.000961212	0.713028	-0.607411	-0.00141118
232	2.51383e-09	-0.639962	-0.895238	-0.00166992	0.779997	-0.553033	-0.00212626
233	2.51383e-09	-1.1039	0.0333626	-0.00102427	-0.0261936	-0.955106	-0.000285572
234	2.51383e-09	0.892014	0.68701	-0.000229606	-0.576069	0.74536	0.000670609
235	2.51383e-09	0.623054	-0.929803	-0.005494	0.78535	0.523551	-0.000525887
236	2.51383e-09	0.298677	-1.08763	-0.000685082	0.910934	0.247884	0.000909273
237	2.51383e-09	0.716748	0.859942	-6.79451e-06	-0.72793	0.60475	0.00066494
238	2.51383e-09	-0.59244	-0.961213	0.000154314	0.805014	-0.49035	0.00142967
239	2.51383e-09	-0.451243	-1.00922	-0.0013022	0.868782	-0.388256	0.00144726
240	2.51383e-09	-0.125829	-1.12326	0.000192187	0.935722	-0.100846	-0.00201477
241	2.51383e-09	-0.871251	0.702166	-0.00239841	-0.596675	-0.733746	0.00199049
242	2.51383e-09	0.261533	1.1195	-0.0018667	-0.909876	0.21259	-0.00118413
243	2.51383e-09	0.696298	0.885904	0.00184454	-0.74273	0.577225	-0.00128667
244	2.51383e-09	0.945846	-0.632468	-6.79875e-05	0.518745	0.780214	-0.000783326
245	2.51383e-09	-1.12049	-0.0711621	-0.000878065	0.0608032	-0.940803	0.00177177
246	2.51383e-09	-0.51108	-0.99286	0.00235524	0.843541	-0.427339	0.000757765
247	2.51383e-09	-0.340497	-1.05884	0.00238716	0.901609	-0.288274	0.000694189
248	2.51383e-09	-0.426743	1.03752	-0.000471198	-0.870822	-0.359088	-0.00158766
249	2.51383e-09	0.14333	1.11755	-0.000348518	-0.93311	0.122355	-0.000818256
250	2.51383e-09	1.06855	-0.373309	0.000670512	0.312017	0.886039	-0.00211719
251	2.51383e-09	-0.954494	0.603287	0.00291242	-0.503801	-0.794625	-0.000939549
252	2.51383e-09	1.00173	0.513354	0.000356197	-0.434595	0.83595	0.00188533
253	2.51383e-09	0.0435812	1.13121	0.0019875	-0.939907	0.0347535	6.00668e-05
254	2.51383e-09	0.789948	0.804808	-0.00135989	-0.673877	0.656106	0.00135057
255	2.51383e-09	0.596568	-0.964242	-0.000981854	0.800077	0.489782	-0.00299343
256	2.51383e-09	-1.1383	0.0180878	-0.00243068	-0.0121181	-0.938157	0.00031933
257	2.51383e-09	-0.587965	0.967347	-0.000156299	-0.802434	-0.48996	0.000689663
258	2.51383e-09	1.02795	-0.496313	0.000602266	0.410561	0.839569	-0.0025863
259	2.51383e-09	-1.12918	0.0769643	-0.000436467	-0.0610423	-0.936527	0.00217403
260	2.51383e-09	-0.964555	0.593384	0.00160998	-0.491251	-0.802718	-0.00303531
261	2.51383e-09	0.82865	0.795835	0.00182019	-0.642677	0.673573	-0.000127785
262	2.51383e-09	-0.673014	0.898846	0.00390687	-0.753938	-0.562842	-0.00219109
263	2.51383e-09	0.355291	-1.07675	0.000736676	0.891008	0.296455	-6.6364e-05
264	2.51383e-09	-1.11782	0.186196	-0.00036396	-0.153872	-0.924213	-0.000618693
265	2.51383e-09	0.30799	1.10373	0.000563034	-0.898459	0.254287	0.000900495
266	2.51383e-09	0.400083	1.06273	0.000485674	-0.877224	0.332822	-0.00102095
267	2.51383e-09	-1.04444	-0.410882	0.00134598	0.345455	-0.880332	0.00318415
268	2.51383e-09	0.796879	0.797008	0.000482313	-0.667552	0.666427	0.000510562
269	2.51383e-09	0.762217	0.842694	0.000665973	-0.69698	0.631775	-0.00117219
270	2.51383e-09	1.0866	0.320498	-0.00218381	-0.264528	0.902769	-0.000474404
271	2.51383e-09	0.928031	-0.683823	0.00137123	0.550923	0.749629	1.5752e-05
272	2.51383e-09	-0.620833	0.956624	-0.00284532	-0.786849	-0.509384	0.00170035
273	2.51383e-09	-0.568179	-0.991219	0.000559014	0.809071	-0.470074	-0.000506913
274	2.51383e-09	-0.502803	0.996843	-0.000752981	-0.847337	-0.428178	-0.000546931
275	2.51383e-09	1.12716	0.0785649	0.00182086	-0.0629962	0.941432	0.00183432
276	2.51383e-09	-0.496103	1.01853	-0.00164076	-0.844305	-0.41095	0.000290559
277	2.51383e-09	-0.972854	-0.606158	-0.000487204	0.497111	-0.789261	0.000407433
278	2.51383e-09	1.09377	0.347806	0.000742446	-0.279144	0.888914	-0.000309428
279	2.51383e-09	1.10894	-0.266952	-5.5195e-05	0.222285	0.911609	0.000123491
280	2.51383e-09	-0.356451	-1.10622	0.000414126	0.882743	-0.285203	0.00172047
281	2.51383e-09	0.661768	0.929252	-0.000639935	-0.765047	0.538507	0.000632519
282	2.51383e-09	-1.12871	-0.17502	-0.00252721	0.140852	-0.925678	-0.00110092
283	2.51383e-09	0.996034	0.548328	0.00119539	-0.449787	0.821354	-0.00114511
284	2.51383e-09	0.913327	0.712555	-0.00131829	-0.572254	0.731008	0.00124
285	2.51383e-09	0.125078	-1.15863	-0.000823626	0.918105	0.0988362	-0.00139427
286	2.51383e-09	0.752282	0.839608	-0.00201647	-0.703507	0.627119	0.000579969
287	2.51383e-09	-0.0621171	-1.13975	-8.2006e-05	0.935543	-0.0473236	-0.000496129
288	2.51383e-09	-0.713461	-0.903385	-0.00148711	0.731586	-0.576735	-0.000105313
289	2.51383e-09	1.08292	-0.39991	-0.00170626	0.324341	0.871914	-0.002354
290	2.51383e-09	-0.63784	-0.94869	0.00293522	0.775779	-0.522005	-0.00113272
291	2.51383e-09	0.236672	1.12203	0.00164993	-0.913348	0.191017	-0.000988906
292	2.51383e-09	0.262906	-1.12636	-0.0011044	0.905058	0.215295	0.00205465
293	2.51383e-09	-1.14359	0.081243	0.00211326	-0.0665802	-0.9302	0.00199756
294	2.51383e-09	1.13078	-0.309521	-0.000993172	0.244295	0.887996	0.00150928
295	2.51383e-09	-0.447827	-1.04056	-0.00255019	0.864846	-0.372034	0.000172759
296	2.51383e-09	1.15966	0.0375797	-1.97452e-06	-0.0334922	0.926769	0.000769235
297	2.51383e-09	-0.888143	0.730257	8.87105e-05	-0.592374	-0.7184	-0.000691777
298	2.51383e-09	0.860513	-0.764393	0.000417316	0.620994	0.697198	-0.000602511
299	2.51383e-09	1.12515	0.331443	-0.00220198	-0.262701	0.8805	-0.00234486
300	2.51383e-09	-1.14692	0.149714	-0.000855108	-0.118121	-0.924578	-0.000374615
301	2.51383e-09	-1.14894	0.0947215	0.00272512	-0.0702076	-0.929895	-0.000670954
302	2.51383e-09	-0.797516	0.85813	0.00427207	-0.673059	-0.629765	-0.000383454
303	2.51383e-09	-0.861934	0.774333	0.00287186	-0.617652	-0.690164	0.000947416
304	2.51383e-09	-0.523543	1.04102	0.000898737	-0.827156	-0.415268	0.00270359
305	2.51383e-09	-0.378259	-1.07735	-0.00289809	0.882317	-0.311226	0.000187039
306	2.51383e-09	0.879406	0.753697	0.00282766	-0.607367	0.702458	-0.000933762
307	2.51383e-09	-1.14623	-0.0849558	-0.00153897	0.0697325	-0.930324	-0.000574933
308	2.51383e-09	0.949011	0.681436	0.000984155	-0.541679	0.749448	-0.00213771
309	2.51383e-09	-0.826706	-0.795053	-0.00132403	0.646832	-0.674949	0.000636981
310	2.51383e-09	-0.228674	-1.13304	0.000964475	0.909626	-0.180555	-0.000719473
311	2.51383e-09	-1.1512	0.144856	0.00176329	-0.117092	-0.918961	0.00137964
312	2.51383e-09	0.732033	0.907034	-0.00280006	-0.720107	0.582647	0.000107222
313	2.51383e-09	1.049	0.486993	0.00102903	-0.39032	0.84348	-0.00208926
314	2.51383e-09	-1.10258	0.340873	-0.000279656	-0.27365	-0.889513	0.000577564
315	2.51383e-09	1.163	0.0735391	0.000776111	-0.0610753	0.925698	0.0016829
316	2.51383e-09	-0.783716	-0.858535	0.00133541	0.68623	-0.624925	0.000900475
317	2.51383e-09	-1.04157	0.495601	-0.00103771	-0.403398	-0.839646	-0.00133563
318	2.51383e-09	0.990314	0.597838	-0.00146241	-0.483678	0.795627	0.00221848
319	2.51383e-09	0.413139	1.08993	-0.00314001	-0.865626	0.327766	-0.000114414
320	2.51383e-09	0.940725	0.70947	-7.97512e-05	-0.559033	0.733171	0.000447658
321	2.51383e-09	-1.16814	-0.00927754	-0.000763657	0.0106794	-0.924038	0.00072995
322	2.51383e-09	0.357154	-1.10824	-0.000873688	0.883368	0.277704	0.000653296
323	2.51383e-09	-1.14145	-0.272307	-0.00297219	0.209453	-0.898289	0.000654751
324	2.51383e-09	1.0741	-0.49035	0.00244934	0.380592	0.836207	-0.000125111
325	2.51383e-09	-0.459838	1.07167	0.00148352	-0.85265	-0.363378	-0.000679322
326	2.51383e-09	0.20283	-1.15834	0.00226959	0.907858	0.154628	0.00166353
327	2.51383e-09	-0.853329	0.814805	-0.00132876	-0.636723	-0.664786	0.00238173
328	2.51383e-09	0.813721	-0.814205	0.000216435	0.658191	0.661625	-0.000665435
329	2.51383e-09	-0.183531	-1.18183	0.00323704	0.900636	-0.142929	-0.000943544
330	2.51383e-09	1.08876	0.390779	-0.000248707	-0.311825	0.876454	-1.85275e-06
331	2.51383e-09	-1.15795	-0.0607932	-0.000824747	0.0531084	-0.92674	-0.000538437
332	2.51383e-09	-0.690523	0.93063	0.000487192	-0.747994	-0.551375	-0.000323991
333	2.51383e-09	0.555538	1.04378	0.00096274	-0.810914	0.430868	-0.000573618
334	2.51383e-09	0.220948	1.14743	0.00127999	-0.909369	0.178688	-0.000726922
335	2.51383e-09	-0.959926	0.685648	-0.000176433	-0.538368	-0.747061	0.00121792
336	2.51383e-09	-0.260331	1.14948	0.00075424	-0.897259	-0.202924	-0.000942735
337	2.51383e-09	-0.782202	0.880198	0.00170318	-0.687563	-0.611212	0.00108693
338	2.51383e-09	-0.408796	-1.09631	-0.000933398	0.864678	-0.326539	-0.00111961
339	2.51383e-09	0.769693	0.902706	-0.00088991	-0.700463	0.59737	-0.000246096
340	2.51383e-09	1.16181	0.238648	2.63641e-05	-0.183082	0.900282	0.000684936
341	2.51383e-09	-0.91567	0.726646	-0.00129957	-0.574836	-0.729052	0.000545549
342	2.51383e-09	1.12787	0.318754	-5.53036e-05	-0.252063	0.887992	-0.00111069
343	2.51383e-09	0.988132	-0.620056	-0.00170769	0.494615	0.781888	0.00163686
344	2.51383e-09	1.03061	0.576401	0.00120161	-0.451738	0.801909	-0.000443626
345	2.51383e-09	0.0344245	1.16927	0.000128421	-0.924355	0.0278269	-0.00194827
346	2.51383e-09	0.474762	-1.05651	0.00161326	0.845951	0.383241	0.000997448
347	2.51383e-09	1.04241	0.530656	0.00222679	-0.420533	0.823432	0.00145327
348	2.51383e-09	-0.846349	0.83742	-0.000632127	-0.643035	-0.650452	-0.000917495
349	2.51383e-09	0.440853	-1.08274	-0.00248418	0.85606	0.353646	0.00102482
350	2.51383e-09	0.845519	-0.803547	0.00117893	0.639596	0.671692	-0.000827087
351	2.51383e-09	0.934943	-0.724722	-0.00113342	0.558872	0.730426	7.68278e-05
352	2.51383e-09	-0.631011	0.99913	0.00396877	-0.777806	-0.491142	-0.00187953
353	2.51383e-09	1.19369	-0.0456271	0.000766143	0.0355538	0.913291	-0.000689974
354	2.51383e-09	0.0165362	1.18882	0.000745754	-0.917416	0.0134334	-0.00129969
355	2.51383e-09	0.659577	-0.958467	-0.00068688	0.761813	0.527021	-0.000991473
356	2.51383e-09	1.17213	-0.190714	-0.00114509	0.147923	0.90464	-0.000212226
357	2.51383e-09	0.93176	-0.721029	-0.000148644	0.564757	0.729239	0.00127861
358	2.51383e-09	1.15685	0.312045	-0.00208278	-0.236449	0.882459	2.14505e-05
359	2.51383e-09	1.16663	0.301273	-0.000547093	-0.222308	0.881298	-0.000394035
360	2.51383e-09	-1.0058	0.583281	-0.0022021	-0.467534	-0.800926	0.00173119
361	2.51383e-09	0.281585	-1.13878	-0.000936486	0.896534	0.222128	-0.000790434
362	2.51383e-09	-1.10831	-0.394637	0.00212191	0.308139	-0.869464	-5.09201e-05
363	2.51383e-09	0.244687	1.16248	-0.00107189	-0.894298	0.191411	0.00236733
364	2.51383e-09	-0.504504	1.05387	-0.0018567	-0.832722	-0.404948	-0.000852254
365	2.51383e-09	1.02229	0.606812	-0.00114907	-0.471103	0.787614	-0.000744657
366	2.51383e-09	0.290223	-1.14797	-0.00148566	0.891636	0.226572	-0.00192297
367	2.51383e-09	0.449999	-1.09941	-0.000795921	0.849211	0.351471	0.00064437
368	2.51383e-09	-0.89343	-0.794654	0.000104305	0.605489	-0.682892	0.00186934
369	2.51383e-09	0.849611	0.847557	7.7288e-05	-0.646408	0.643373	0.00100897
370	2.51383e-09	-0.524691	1.07061	-0.00107862	-0.82073	-0.405835	0.00134475
371	2.51383e-09	-1.16716	0.261381	0.00310836	-0.201421	-0.894205	0.000323998
372	2.51383e-09	-0.550391	-1.04854	-0.000154084	0.813965	-0.42653	0.00121127
373	2.51383e-09	-0.881076	0.79902	0.0009336	-0.61707	-0.678701	3.93415e-05
374	2.51383e-09	1.06779	-0.543808	-0.000592786	0.41396	0.816018	0.00094224
375	2.51383e-09	0.469794	-1.09328	0.000618679	0.843296	0.362211	0.000108287
376	2.51383e-09	0.70166	0.970361	-8.12145e-05	-0.737615	0.533484	-0.000759721
377	2.51383e-09	-1.02548	0.600773	0.00116235	-0.467835	-0.789565	0.000893434
378	2.51383e-09	1.09395	0.496915	-0.00149872	-0.376356	0.830383	0.00184172
379	2.51383e-09	0.151832	-1.16216	0.00046693	0.919834	0.121027	-0.000497954
380	2.51383e-09	-0.300143	-1.14149	0.00229793	0.890352	-0.235996	0.00030346
381	2.51383e-09	0.866313	0.811997	0.00221922	-0.625251	0.671534	-0.000136139
382	2.51383e-09	1.00412	0.630105	0.00100301	-0.489846	0.779212	-0.000942167
383	2.51383e-09	0.518625	-1.05877	0.00108185	0.825967	0.403268	-0.00248481
384	2.51383e-09	-1.13116	0.414025	-0.00039696	-0.316741	-0.854595	0.00260379
385	2.51383e-09	-0.974634	-0.673937	-0.00116831	0.523396	-0.754164	0.000917071
386	2.51383e-09	-1.17812	-0.291865	-0.000853969	0.216914	-0.878425	-8.33206e-05
387	2.51383e-09	-0.479198	-1.10176	0.000188871	0.83715	-0.361607	0.00187878
388	2.51383e-09	0.0424011	-1.21022	-0.00176762	0.9048	0.0293589	0.00042724
389	2.51383e-09	0.634701	1.01837	0.000496747	-0.773649	0.482791	-0.000496996
390	2.51383e-09	-0.682313	-0.980912	-0.000294245	0.75178	-0.520111	-0.000421647
391	2.51383e-09	0.81267	-0.899266	-0.00156708	0.675868	0.605402	4.03094e-05
392	2.51383e-09	-0.934261	0.765792	-0.00179093	-0.575151	-0.703309	0.00173721
393	2.51383e-09	0.139111	-1.19483	0.00198104	0.907389	0.104039	-0.000926511
394	2.51383e-09	0.333789	-1.14276	-0.00039072	0.881633	0.25966	0.000138042
395	2.51383e-09	-1.13272	-0.398245	0.00148292	0.304179	-0.861727	0.000181306
396	2.51383e-09	-0.39372	-1.14201	0.00168716	0.856778	-0.299264	-0.000979223
397	2.51383e-09	-0.625921	-1.03083	0.00218405	0.777502	-0.472238	0.00236182
398	2.51383e-09	0.851582	-0.854998	-0.00109251	0.648731	0.640079	0.0015957
399	2.51383e-09	-0.256651	1.17102	0.00183917	-0.893442	-0.195171	-0.00190523
400	2.51383e-09	-1.11468	0.412886	0.00030084	-0.314181	-0.863033	-0.00150858
