1.215100e+04
401
0	1	0.000558767	0.000346719	-5.10029e-07	-2.54929e-08	1.54743e-08	-1.21966e-10
1	2.51383e-09	-0.415519	0.9267	0.00199948	-0.900672	-0.411403	0.00176782
2	2.51383e-09	-0.45652	-0.874903	-0.000489612	0.893769	-0.471354	-0.00150921
3	2.51383e-09	0.464624	0.87917	0.00126818	-0.883448	0.474344	-0.00150576
4	2.51383e-09	-0.1927	-0.98383	0.00189694	0.980474	-0.191833	0.00135233
5	2.51383e-09	0.29014	-0.946398	-0.000554853	0.963242	0.291859	0.00144723
6	2.51383e-09	0.932538	-0.390761	-0.00341098	0.388338	0.916307	-0.00346927
7	2.51383e-09	-0.844717	0.531932	0.00241507	-0.530676	-0.847495	0.00259678
8	2.51383e-09	-0.843929	0.539628	-0.00114383	-0.535582	-0.841037	-8.75299e-05
9	2.51383e-09	-0.458249	0.894478	0.00116884	-0.889038	-0.458464	-0.000879149
10	2.51383e-09	0.776828	0.653044	-0.00267989	-0.637475	0.760253	0.00124939
11	2.51383e-09	0.282951	0.964025	0.00134878	-0.956567	0.279214	0.000926992
12	2.51383e-09	0.999853	0.174053	0.000828169	-0.174196	0.980349	-0.00131777
13	2.51383e-09	0.95933	-0.319415	-0.000223038	0.313472	0.941746	0.00154867
14	2.51383e-09	0.619613	0.80337	-0.00157284	-0.788256	0.601728	0.00155795
15	2.51383e-09	-0.900622	-0.432013	0.00202057	0.442687	-0.898137	-0.00128094
16	2.51383e-09	-0.821821	-0.579689	-0.00200654	0.569386	-0.81494	0.000255385
17	2.51383e-09	-0.738446	-0.686859	-0.000164914	0.674663	-0.732875	0.00138858
18	2.51383e-09	0.557493	-0.847617	-0.00109087	0.832624	0.539297	0.000906894
19	2.51383e-09	0.812765	0.593998	0.00197502	-0.590114	0.80907	0.00405161
20	2.51383e-09	-0.143652	1.02569	0.00095394	-0.974	-0.134025	-0.00187222
21	2.51383e-09	-0.837617	0.552543	-0.000758524	-0.549018	-0.831175	0.00110789
22	2.51383e-09	0.632486	0.823962	0.000281295	-0.779464	0.600772	0.00127901
23	2.51383e-09	0.313096	0.966995	0.000909945	-0.942731	0.308149	0.00381738
24	2.51383e-09	0.527112	0.849449	0.00187633	-0.849904	0.534528	-0.000470854
25	2.51383e-09	0.232845	-0.998298	-0.00172989	0.958088	0.22309	-0.00097693
26	2.51383e-09	-0.855416	-0.555797	-0.000920747	0.543547	-0.828309	-0.000436011
27	2.51383e-09	0.865943	0.513315	-0.00289676	-0.506956	0.856927	0.00171021
28	2.51383e-09	0.913055	-0.44413	-0.00083396	0.435907	0.890842	0.0048481
29	2.51383e-09	-0.993791	-0.0939689	-0.000908353	0.0952834	-0.996654	0.00285216
30	2.51383e-09	0.130414	-1.00927	0.00231902	0.982462	0.12443	0.00159535
31	2.51383e-09	-0.0239821	-1.01024	-0.000700978	0.993599	-0.0338945	0.00283539
32	2.51383e-09	-0.310868	-0.962657	-0.00029074	0.946078	-0.301863	0.00436649
33	2.51383e-09	-0.723492	-0.720755	0.000491066	0.698195	-0.707865	0.000463753
34	2.51383e-09	-0.312515	-0.988972	0.00152411	0.934559	-0.298877	-0.000209024
35	2.51383e-09	-0.603143	-0.818315	-0.00162906	0.796192	-0.590573	0.00173881
36	2.51383e-09	-0.972867	0.319831	-0.000789186	-0.311124	-0.930438	0.00030878
37	2.51383e-09	-0.431851	-0.922194	-0.000892235	0.899316	-0.416738	-0.000122906
38	2.51383e-09	-0.599555	-0.806573	0.000503946	0.7948	-0.601145	0.000340353
39	2.51383e-09	0.782764	-0.652798	-0.00137993	0.631683	0.763653	0.000430271
40	2.51383e-09	0.740986	0.700598	-0.00309524	-0.68894	0.71198	0.00110168
41	2.51383e-09	0.213999	0.992184	0.000891386	-0.97177	0.20744	-0.00106257
42	2.51383e-09	-0.663635	-0.770708	-0.000734374	0.752441	-0.647587	0.00039027
43	2.51383e-09	0.280279	-0.970542	0.0021681	0.95554	0.26871	0.00119784
44	2.51383e-09	-0.846129	-0.590982	0.00254082	0.564555	-0.806823	-6.56293e-05
45	2.51383e-09	0.696768	0.754577	0.000234589	-0.722521	0.671443	0.00211685
46	2.51383e-09	-0.815388	-0.591671	0.000110495	0.582682	-0.804615	-0.00205899
47	2.51383e-09	-0.997755	-0.179852	7.97944e-05	0.174186	-0.977291	0.000786503
48	2.51383e-09	-1.00507	-0.243558	0.000298702	0.233241	-0.954558	-0.000438492
49	2.51383e-09	-0.0110187	1.00981	-0.00257351	-0.994727	-0.00576415	2.2207e-05
50	2.51383e-09	-1.02553	0.163422	-0.00114448	-0.15122	-0.970816	-0.00147343
51	2.51383e-09	-0.440148	-0.921714	0.00158806	0.893515	-0.423597	0.000545212
52	2.51383e-09	-0.615954	-0.827964	0.000960529	0.789807	-0.589448	0.00270617
53	2.51383e-09	-0.743068	-0.697798	-0.000542663	0.675992	-0.726936	-0.000477599
54	2.51383e-09	-0.288789	-0.995032	-0.00114703	0.942381	-0.272869	-0.00232124
55	2.51383e-09	-0.279794	-0.990841	0.00118843	0.947391	-0.269276	-0.000404091
56	2.51383e-09	0.559178	0.858639	-1.45734e-05	-0.829938	0.537741	0.000344501
57	2.51383e-09	-0.773282	0.707154	0.000950268	-0.661235	-0.719873	-0.000146652
58	2.51383e-09	-0.378494	0.963563	0.00266973	-0.914667	-0.357542	3.12529e-05
59	2.51383e-09	-0.972722	-0.317448	-0.00310439	0.301278	-0.944157	2.31606e-05
60	2.51383e-09	-0.652565	-0.806172	0.00123308	0.764965	-0.616376	0.00130193
61	2.51383e-09	0.876289	-0.548257	-0.00414739	0.520472	0.836044	0.00099032
62	2.51383e-09	0.212265	1.01092	0.0017016	-0.965067	0.198209	0.000140294
63	2.51383e-09	-0.358886	0.966774	0.00167321	-0.922762	-0.341006	0.000189923
64	2.51383e-09	-0.0739315	-1.02596	0.00194682	0.985185	-0.0789792	-0.000160986
65	2.51383e-09	0.521297	-0.882488	-0.000352616	0.849864	0.504589	-0.000187249
66	2.51383e-09	-0.0212767	-1.01899	0.00294174	0.995519	-0.0127077	0.000200676
67	2.51383e-09	-0.684497	0.787294	-0.000838281	-0.738946	-0.640573	-0.00102771
68	2.51383e-09	-0.744545	-0.709866	0.00122029	0.684334	-0.713786	-0.00118674
69	2.51383e-09	-0.942979	-0.457364	0.00107969	0.431863	-0.875089	0.00109762
70	2.51383e-09	1.02198	0.0582439	-0.00276646	-0.0586002	0.988416	0.00201343
71	2.51383e-09	-1.01716	-0.225	0.000870409	0.216837	-0.954658	0.00600058
72	2.51383e-09	0.617883	0.867435	0.00148309	-0.790487	0.561286	0.00136699
73	2.51383e-09	1.03354	0.190632	-0.00233377	-0.177672	0.958426	0.000178829
74	2.51383e-09	0.580569	-0.881962	-0.000976808	0.811843	0.540651	0.00259322
75	2.51383e-09	0.602285	0.836206	-0.00381625	-0.80314	0.575871	-0.00137678
76	2.51383e-09	0.0923736	1.04666	-0.000870938	-0.97347	0.074976	-0.0012062
77	2.51383e-09	-1.04676	-0.0543126	-0.000395603	0.0506733	-0.975995	0.000932532
78	2.51383e-09	0.0590797	-1.0379	0.000986272	0.978542	0.0631382	0.00389566
79	2.51383e-09	0.526977	0.8865	-0.00395586	-0.845271	0.508511	-0.0042984
80	2.51383e-09	-0.792218	-0.68643	0.000864293	0.640711	-0.735407	-0.000320113
81	2.51383e-09	-0.875965	-0.513314	-0.00257404	0.50782	-0.852674	0.000976673
82	2.51383e-09	1.04471	-0.125732	0.000677895	0.114264	0.96604	0.00285411
83	2.51383e-09	-1.0143	-0.138349	0.00178654	0.139199	-0.981474	-0.000459971
84	2.51383e-09	-0.984605	-0.342745	-0.00191966	0.319336	-0.927708	-0.00144391
85	2.51383e-09	0.582386	-0.84347	0.00108137	0.812329	0.562664	-1.01204e-05
86	2.51383e-09	0.93863	-0.482454	-0.000281094	0.4522	0.860488	0.00225124
87	2.51383e-09	0.294548	-1.00219	0.003743	0.93807	0.277469	-0.000690066
88	2.51383e-09	-0.587552	-0.839	-0.000202891	0.808433	-0.570279	-0.00112904
89	2.51383e-09	0.887995	0.562502	0.00023466	-0.517006	0.827852	-0.00235309
90	2.51383e-09	-0.274938	-1.00633	-0.00278152	0.946474	-0.25576	0.000202382
91	2.51383e-09	-0.699943	-0.744642	0.000596287	0.717103	-0.684525	0.00215132
92	2.51383e-09	0.780345	-0.691867	-0.00125908	0.652301	0.732077	0.000536864
93	2.51383e-09	-0.981109	-0.429977	0.00219751	0.382159	-0.887983	-0.00163131
94	2.51383e-09	-0.146496	-1.01707	0.000806154	0.977512	-0.140381	0.00129607
95	2.51383e-09	-1.00147	-0.241974	0.00225035	0.230006	-0.956782	-0.00205776
96	2.51383e-09	-0.34586	1.01177	-0.000930947	-0.915686	-0.303514	-0.000462043
97	2.51383e-09	-0.293584	-1.0089	0.00121795	0.937039	-0.271588	-0.00220942
98	2.51383e-09	0.913368	-0.532474	-0.00321936	0.494482	0.836257	0.00239896
99	2.51383e-09	-0.882922	-0.576121	0.00128595	0.536288	-0.816446	-0.00259599
100	2.51383e-09	-0.387599	0.970572	0.000988083	-0.912694	-0.367453	0.00108989
101	2.51383e-09	0.864749	0.564872	0.00179762	-0.540456	0.824338	-0.000399076
102	2.51383e-09	0.412434	-0.943253	0.0024571	0.906472	0.387556	-0.000749846
103	2.51383e-09	-0.188544	1.03246	-0.00161136	-0.960779	-0.180559	0.000551043
104	2.51383e-09	-1.03877	-0.0776095	-0.000764023	0.065308	-0.975779	0.00235282
105	2.51383e-09	0.92561	0.457676	-0.00101385	-0.436938	0.884562	-0.000625054
106	2.51383e-09	0.522094	-0.891156	-0.000221032	0.849756	0.498268	0.000755861
107	2.51383e-09	-0.417823	0.982658	0.00282736	-0.889738	-0.378319	0.00179815
108	2.51383e-09	0.949009	-0.47501	0.000578785	0.43044	0.872795	-0.00132174
109	2.51383e-09	0.850574	0.624212	-0.00012551	-0.578832	0.785269	-0.00230085
110	2.51383e-09	0.731787	0.757088	-0.000277192	-0.707483	0.674337	-0.000839165
111	2.51383e-09	1.06922	-0.0976572	0.0055243	0.0899802	0.958106	0.000289024
112	2.51383e-09	1.03141	0.326262	0.00128799	-0.284747	0.915514	-0.00182304
113	2.51383e-09	0.959048	0.449764	-0.000904942	-0.410613	0.883082	-0.00138497
114	2.51383e-09	-0.0528393	1.04097	-0.00081423	-0.981334	-0.0520512	-0.0012243
115	2.51383e-09	-0.0705141	1.07565	-0.000990862	-0.961997	-0.0631697	0.00281982
116	2.51383e-09	1.04345	-0.121939	0.00461973	0.109873	0.972072	0.00218074
117	2.51383e-09	-1.02686	0.205273	0.00114084	-0.186668	-0.960059	-0.00144323
118	2.51383e-09	-0.944862	0.465964	0.000202139	-0.435663	-0.871517	-0.000505804
119	2.51383e-09	-1.04171	-0.132501	0.00191049	0.118408	-0.968884	0.00365795
120	2.51383e-09	0.516285	0.922317	-5.7492e-05	-0.852273	0.472772	-0.0019965
121	2.51383e-09	0.271143	-1.02779	0.000979506	0.940163	0.24568	0.00302418
122	2.51383e-09	0.97724	-0.447987	-0.000287289	0.398009	0.880525	0.00230719
123	2.51383e-09	-0.900157	0.521235	0.0034575	-0.491164	-0.848796	0.00110144
124	2.51383e-09	-0.978158	0.459186	-0.00364917	-0.410853	-0.869157	-0.000785111
125	2.51383e-09	0.645307	-0.823819	-0.00138982	0.764096	0.607081	-0.000114296
126	2.51383e-09	0.762173	-0.721235	3.28074e-05	0.672173	0.710878	0.000262519
127	2.51383e-09	-0.24859	-1.02027	0.00147361	0.949852	-0.232654	-0.00347608
128	2.51383e-09	-0.311806	1.02246	0.00463565	-0.922291	-0.285592	0.000943101
129	2.51383e-09	-1.05079	-0.142564	0.000848489	0.125652	-0.961113	-0.00253388
130	2.51383e-09	0.327847	-1.00925	-0.000453812	0.922499	0.305694	-0.00428067
131	2.51383e-09	-0.958614	-0.532747	0.00142952	0.465181	-0.833127	0.000549949
132	2.51383e-09	0.808526	0.698821	-0.00324342	-0.629468	0.738624	0.000848912
133	2.51383e-09	0.80003	0.707389	0.000892618	-0.645448	0.722474	-0.00130805
134	2.51383e-09	0.166057	1.05303	0.00198771	-0.954979	0.147428	-0.000246092
135	2.51383e-09	-1.00232	-0.353738	-0.000274503	0.319896	-0.913663	-0.00262609
136	2.51383e-09	0.487717	-0.98253	0.00024541	0.856227	0.424518	-0.00147443
137	2.51383e-09	0.636856	-0.842372	0.00198826	0.777199	0.589146	-0.00061303
138	2.51383e-09	0.0174774	-1.06998	0.000531215	0.963085	0.0130548	-0.00310314
139	2.51383e-09	-0.890457	0.568987	-0.00256156	-0.526031	-0.819256	0.00292044
140	2.51383e-09	-0.838982	-0.71807	-0.00087231	0.613972	-0.723385	-0.000286173
141	2.51383e-09	-0.779774	0.708591	0.000828692	-0.658851	-0.717694	-0.00216788
142	2.51383e-09	1.00032	0.38722	-0.00225935	-0.342048	0.905066	0.000906382
143	2.51383e-09	0.744954	-0.75522	0.000602919	0.693956	0.686184	0.0028104
144	2.51383e-09	0.302623	1.04375	-0.00134502	-0.920249	0.267192	0.0017549
145	2.51383e-09	0.580562	-0.871607	0.00146639	0.815032	0.539883	0.00229847
146	2.51383e-09	0.54503	-0.955702	0.000602904	0.824359	0.474422	-0.00210197
147	2.51383e-09	-1.06414	0.194383	-0.00245427	-0.170903	-0.944383	-0.00348666
148	2.51383e-09	0.347848	-1.02089	-0.000504576	0.913777	0.31316	0.00165145
149	2.51383e-09	-1.03448	0.166325	-4.88912e-05	-0.149789	-0.969649	-0.00327506
150	2.51383e-09	-0.594512	0.894632	-0.00147462	-0.796586	-0.545093	-0.000846296
151	2.51383e-09	-0.762371	-0.761007	0.00164509	0.684088	-0.681927	-0.000395936
152	2.51383e-09	-0.874529	0.621632	5.52966e-05	-0.549463	-0.795063	0.000190969
153	2.51383e-09	-0.689128	-0.840652	0.00287095	0.738463	-0.609621	-0.00218878
154	2.51383e-09	-0.642589	0.894588	-0.00443746	-0.774514	-0.553493	-0.00087953
155	2.51383e-09	-0.944524	0.528824	0.000699924	-0.47087	-0.840116	0.00148452
156	2.51383e-09	-0.490482	0.990241	-0.00291163	-0.847556	-0.422608	0.00126622
157	2.51383e-09	-0.273892	1.03369	0.00240003	-0.933127	-0.247505	-0.000728056
158	2.51383e-09	0.861963	0.68287	0.00353497	-0.586859	0.74817	0.00150476
159	2.51383e-09	-0.745956	0.768455	0.000446985	-0.694426	-0.673602	-0.000834536
160	2.51383e-09	-0.839373	-0.662674	0.00107907	0.598619	-0.762127	-0.000992215
161	2.51383e-09	0.60337	0.900453	0.0011914	-0.797359	0.534349	-0.00105326
162	2.51383e-09	0.877324	-0.623663	0.000386178	0.556454	0.785546	-0.00312097
163	2.51383e-09	0.35897	-1.03427	0.000870432	0.89975	0.308367	0.000275749
164	2.51383e-09	-0.751912	0.76814	0.00274763	-0.692091	-0.67458	-0.00392525
165	2.51383e-09	0.796115	-0.753315	-0.000351392	0.658927	0.691636	-0.00394385
166	2.51383e-09	-1.06752	-0.062746	0.00100116	0.0554235	-0.966887	0.00139798
167	2.51383e-09	0.923069	-0.541772	0.00104876	0.495447	0.828686	-0.00076641
168	2.51383e-09	0.946562	-0.555152	0.00192612	0.483772	0.821322	0.000763938
169	2.51383e-09	1.08488	0.0151755	-0.00161227	-0.013377	0.962676	-0.00157374
170	2.51383e-09	0.736333	-0.802219	-0.00126508	0.705485	0.650959	0.000796583
171	2.51383e-09	-0.0601572	-1.0888	-3.5222e-05	0.955686	-0.0529836	0.00106204
172	2.51383e-09	-0.144638	-1.09922	-0.00102403	0.941079	-0.121826	0.000887019
173	2.51383e-09	1.09744	-0.0866547	-0.00312391	0.0737379	0.949852	0.000331261
174	2.51383e-09	0.581404	-0.939916	-0.000882231	0.809536	0.496489	0.00244802
175	2.51383e-09	1.05536	-0.315719	0.000959481	0.272562	0.908931	0.00348124
176	2.51383e-09	-0.383151	1.00756	-0.00150372	-0.901472	-0.34528	-0.00131583
177	2.51383e-09	1.07426	0.31115	0.000162385	-0.258731	0.909328	0.00276466
178	2.51383e-09	-0.947146	0.519416	-0.000389118	-0.458639	-0.844986	0.00136345
179	2.51383e-09	-1.0802	-0.2355	0.00330904	0.198927	-0.928471	-0.0009351
180	2.51383e-09	-0.562044	0.930421	-0.00122049	-0.821949	-0.493268	0.00158782
181	2.51383e-09	0.647982	-0.889497	-0.000367194	0.767727	0.563823	-0.000422107
182	2.51383e-09	1.08462	-0.171209	-0.00222699	0.144185	0.946091	-0.000474376
183	2.51383e-09	-0.370384	1.03517	-0.000586706	-0.896662	-0.323845	0.000256155
184	2.51383e-09	-0.761414	-0.804716	-0.00196439	0.688967	-0.650751	0.000828464
185	2.51383e-09	-0.936352	0.548472	-0.00154702	-0.487365	-0.827158	-0.000359954
186	2.51383e-09	-0.662201	0.859497	-0.00144251	-0.761003	-0.587862	-0.00286861
187	2.51383e-09	0.772484	0.725932	0.00270298	-0.66557	0.710207	-0.0022804
188	2.51383e-09	0.00798626	1.09913	-0.00298273	-0.956164	0.0119525	-8.10544e-05
189	2.51383e-09	-0.654482	-0.873917	0.00332733	0.762629	-0.576515	0.000335896
190	2.51383e-09	-0.179903	-1.09936	-0.000575989	0.930678	-0.151843	0.00104774
191	2.51383e-09	1.00873	0.407121	-0.00016997	-0.360621	0.886959	0.000403738
192	2.51383e-09	-0.954337	-0.548304	0.00130498	0.475133	-0.8248	-0.000709272
193	2.51383e-09	-0.0591427	-1.10964	0.003418	0.947271	-0.0555324	0.000917518
194	2.51383e-09	1.10763	-0.158077	0.000702386	0.137116	0.936485	-0.00163289
195	2.51383e-09	-0.227165	1.05074	0.000315352	-0.944498	-0.203516	0.00104987
196	2.51383e-09	-0.533185	0.961976	-0.00317716	-0.829928	-0.465026	0.00265275
197	2.51383e-09	0.858819	-0.666111	-0.00107423	0.588999	0.757502	0.0023254
198	2.51383e-09	-0.848269	-0.72409	0.00168151	0.612402	-0.720498	-0.00138499
199	2.51383e-09	-0.851056	-0.706354	-0.0041437	0.60874	-0.727949	0.000187508
200	2.51383e-09	0.598514	-0.936271	0.000208276	0.799758	0.512544	-0.00047843
201	2.51383e-09	0.169764	-1.07645	0.000735262	0.947243	0.150904	-0.00139403
202	2.51383e-09	-0.984318	-0.459461	-0.00182617	0.402228	-0.870862	2.35233e-05
203	2.51383e-09	-0.823214	-0.695211	-0.00161662	0.618831	-0.738395	-0.00291019
204	2.51383e-09	-0.50766	0.962669	-0.00101964	-0.852727	-0.448375	-0.000271463
205	2.51383e-09	-0.853871	-0.739891	0.00124443	0.609995	-0.71477	2.61505e-06
206	2.51383e-09	-0.975751	0.503064	-0.000782213	-0.437188	-0.847837	-0.0017216
207	2.51383e-09	-0.372975	1.05222	0.00410237	-0.891283	-0.318802	0.000709275
208	2.51383e-09	0.763681	-0.780141	0.000748228	0.682509	0.674526	0.0029509
209	2.51383e-09	0.601833	-0.932887	-0.00226277	0.795168	0.511795	0.00262271
210	2.51383e-09	-0.355698	-1.04849	-0.000710846	0.896725	-0.307031	-0.00196491
211	2.51383e-09	-0.575815	0.940229	-0.00035953	-0.811778	-0.494214	-0.00106157
212	2.51383e-09	0.965575	-0.577022	-0.00105749	0.478079	0.815682	-0.0022974
213	2.51383e-09	-0.942172	0.587956	-0.000213897	-0.497386	-0.802746	-0.003591
214	2.51383e-09	-0.82817	0.717727	-0.00237735	-0.621679	-0.726252	0.000617985
215	2.51383e-09	0.417077	-1.03894	-0.00146222	0.877172	0.350642	0.000993769
216	2.51383e-09	-1.04319	0.361313	0.00114254	-0.304886	-0.902904	0.000423195
217	2.51383e-09	-0.446294	-1.02885	0.0017787	0.864001	-0.374771	-0.000893784
218	2.51383e-09	1.06906	-0.0993344	0.00096712	0.0948313	0.960654	-0.00570476
219	2.51383e-09	1.02828	0.48587	0.000831765	-0.403151	0.847985	0.00014096
220	2.51383e-09	-0.401944	1.0376	0.00400764	-0.88486	-0.340231	0.00164205
221	2.51383e-09	-0.324444	1.03259	0.0040208	-0.917233	-0.288937	0.000206735
222	2.51383e-09	-0.525289	0.972756	-0.00203223	-0.83667	-0.454252	0.000958473
223	2.51383e-09	1.03395	-0.420836	-0.000737072	0.36281	0.873306	0.000706452
224	2.51383e-09	1.06615	0.247357	-0.000592602	-0.219863	0.929189	-0.00171731
225	2.51383e-09	-0.762194	-0.824618	0.00178727	0.68821	-0.64138	-0.00121818
226	2.51383e-09	0.957789	0.586643	0.00369016	-0.489993	0.804432	-0.000366787
227	2.51383e-09	0.482341	-0.996733	0.00192891	0.856846	0.413118	0.00184261
228	2.51383e-09	1.1109	-0.138472	-0.00247423	0.116266	0.936822	0.000126203
229	2.51383e-09	0.984941	-0.545592	0.00214502	0.456195	0.825125	0.00332461
230	2.51383e-09	0.132642	-1.13899	6.49389e-06	0.928682	0.106194	-0.00281269
231	2.51383e-09	-0.137095	-1.12078	-0.00226229	0.93432	-0.110033	-0.00394901
232	2.51383e-09	0.752907	0.804353	-0.00249654	-0.695728	0.646586	0.000817021
233	2.51383e-09	-0.580443	-0.94664	0.00109471	0.807592	-0.501011	1.7691e-05
234	2.51383e-09	-0.130792	-1.11648	-0.00630085	0.935679	-0.110024	1.7339e-05
235	2.51383e-09	0.15788	1.1099	-0.0024009	-0.939954	0.120604	0.00195134
236	2.51383e-09	0.0294747	-1.13362	-0.000686422	0.93498	0.0284841	0.00137988
237	2.51383e-09	1.05436	0.282699	0.00321181	-0.246479	0.929176	-0.00167604
238	2.51383e-09	1.14577	0.0237806	-0.000479866	-0.0138492	0.936788	0.000382199
239	2.51383e-09	-0.180927	-1.09233	-0.0026621	0.937957	-0.15504	0.00057235
240	2.51383e-09	-1.04606	-0.420526	0.00318495	0.361532	-0.86909	0.000698766
241	2.51383e-09	0.970904	-0.543681	0.000641847	0.468839	0.823627	-0.0025731
242	2.51383e-09	0.606278	0.984589	0.00310915	-0.793631	0.488483	-0.00140783
243	2.51383e-09	-1.08004	0.315066	0.000226671	-0.267252	-0.904751	-0.00356995
244	2.51383e-09	0.463996	1.04078	0.00101371	-0.854579	0.386294	-0.00133692
245	2.51383e-09	1.11096	-0.185155	0.00399866	0.155917	0.930706	0.00217449
246	2.51383e-09	-0.909539	0.682129	-0.0010989	-0.559506	-0.749476	0.00248241
247	2.51383e-09	-0.528766	-0.965606	0.00214782	0.831098	-0.465191	0.00237542
248	2.51383e-09	0.467185	1.0249	0.000133533	-0.856493	0.390812	0.000279892
249	2.51383e-09	-1.12285	0.0369596	0.00170624	-0.0380539	-0.942232	-0.000695489
250	2.51383e-09	1.08068	-0.353206	-0.00237396	0.291519	0.891632	-0.000312175
251	2.51383e-09	0.643954	0.917422	0.00223087	-0.770662	0.544482	-0.00146152
252	2.51383e-09	1.10989	0.12758	0.00118196	-0.101426	0.941002	-0.0012647
253	2.51383e-09	-0.170962	-1.11527	-0.00460946	0.931275	-0.140823	0.00180956
254	2.51383e-09	1.00268	-0.541107	0.000411281	0.446345	0.820705	0.00102365
255	2.51383e-09	-1.03958	0.456259	0.000544738	-0.37006	-0.862803	-0.00233371
256	2.51383e-09	-0.58606	-0.985731	0.00175433	0.804556	-0.472114	0.000885773
257	2.51383e-09	0.497825	1.00519	0.000690132	-0.845729	0.420107	-0.00204647
258	2.51383e-09	-0.642905	0.918805	-0.00196842	-0.774219	-0.545102	-0.00241713
259	2.51383e-09	-0.0591933	-1.14105	-0.000783736	0.930713	-0.0450946	-0.0016774
260	2.51383e-09	1.1125	-0.183401	-0.00503441	0.151184	0.928165	0.00086771
261	2.51383e-09	-0.32819	1.08887	0.00112352	-0.899092	-0.271257	0.000240587
262	2.51383e-09	-0.312578	-1.07078	0.0037084	0.90913	-0.259159	-0.00359352
263	2.51383e-09	-1.10211	-0.349554	0.00360548	0.271446	-0.885967	0.00116192
264	2.51383e-09	0.34327	-1.06268	-0.00167438	0.902581	0.285564	-0.00106543
265	2.51383e-09	0.262454	-1.11699	-0.00213963	0.908952	0.214324	-0.00161116
266	2.51383e-09	0.312925	1.08965	0.00109981	-0.90322	0.260265	3.85592e-05
267	2.51383e-09	0.648389	-0.910879	0.000502266	0.77341	0.544058	-0.00039198
268	2.51383e-09	-0.183286	-1.11036	0.000440317	0.930411	-0.157474	0.000682504
269	2.51383e-09	0.916549	-0.678096	-0.00202708	0.556934	0.756714	0.00121674
270	2.51383e-09	-0.981529	0.543241	0.00160401	-0.458727	-0.828571	-0.000709593
271	2.51383e-09	-0.683458	0.93637	-0.000442729	-0.748026	-0.547327	0.000365511
272	2.51383e-09	-0.708184	-0.893288	-0.00175015	0.736337	-0.580135	0.00336872
273	2.51383e-09	-0.0941201	1.14322	0.00196548	-0.932431	-0.0741313	-0.000813256
274	2.51383e-09	0.286136	1.08784	-0.00339308	-0.914826	0.235626	0.00141934
275	2.51383e-09	-0.986036	-0.565489	-0.00203775	0.471454	-0.810257	-0.00155947
276	2.51383e-09	-0.634578	-0.95657	0.00279105	0.779384	-0.518458	-0.00082738
277	2.51383e-09	0.955628	-0.614599	0.00528907	0.51416	0.78965	-0.00186148
278	2.51383e-09	1.1438	-0.0431723	0.00326006	0.0341398	0.935439	-0.00330795
279	2.51383e-09	1.00923	-0.616434	0.00078747	0.476929	0.781848	0.000108978
280	2.51383e-09	-1.11502	0.339	-0.00118222	-0.273417	-0.883686	0.00169368
281	2.51383e-09	0.458013	-1.03693	0.00135408	0.856677	0.383873	0.000283519
282	2.51383e-09	-1.09839	-0.2869	0.0021761	0.235132	-0.910369	0.000678723
283	2.51383e-09	0.132492	1.13083	-0.00445279	-0.930045	0.104394	0.000197119
284	2.51383e-09	-1.03054	-0.473034	-0.0023311	0.390136	-0.857685	0.00184252
285	2.51383e-09	-0.324505	1.09946	0.000683446	-0.897388	-0.263089	0.00117247
286	2.51383e-09	0.563999	0.983639	0.00107506	-0.818206	0.467661	0.00120817
287	2.51383e-09	0.0774678	-1.12386	0.00124884	0.943793	0.059391	-1.18982e-05
288	2.51383e-09	1.1267	0.275017	0.00270378	-0.215605	0.901189	-0.000462134
289	2.51383e-09	-0.525577	-1.01561	0.00450419	0.831995	-0.43022	0.000802253
290	2.51383e-09	1.07004	0.375994	-0.00145773	-0.307989	0.888708	-0.0037334
291	2.51383e-09	0.438155	-1.06637	0.000393291	0.861088	0.351506	0.00208556
292	2.51383e-09	0.463413	-1.05269	-0.00137654	0.854379	0.375321	-0.00064339
293	2.51383e-09	-1.11114	-0.256435	0.00242448	0.211397	-0.909564	-0.00145698
294	2.51383e-09	0.201648	1.14918	-0.00243977	-0.910745	0.163298	0.00507195
295	2.51383e-09	-0.208093	1.12484	-0.000741754	-0.917591	-0.173581	0.00301709
296	2.51383e-09	1.13854	0.212772	0.0026877	-0.17022	0.914026	0.00346264
297	2.51383e-09	0.573398	-0.989132	0.000151938	0.810415	0.467599	-0.000700089
298	2.51383e-09	0.0740685	-1.14522	0.00290529	0.933236	0.0587232	0.000105733
299	2.51383e-09	0.284537	-1.13846	0.00281119	0.894515	0.215803	0.00155002
300	2.51383e-09	1.09367	0.40624	-0.000941319	-0.320515	0.868431	-0.00301549
301	2.51383e-09	-1.1301	0.221828	0.00161892	-0.180532	-0.918201	-0.00175706
302	2.51383e-09	0.889701	-0.741781	-5.71169e-05	0.596891	0.716999	-0.00268497
303	2.51383e-09	-0.997882	-0.56176	-0.000667371	0.457408	-0.817246	0.00236375
304	2.51383e-09	1.1083	0.391	-0.00053691	-0.309611	0.872494	-0.000298401
305	2.51383e-09	0.892432	0.715568	0.00214235	-0.58648	0.729746	0.00235381
306	2.51383e-09	0.818888	-0.795529	-0.00208433	0.653158	0.671357	0.00141174
307	2.51383e-09	0.818342	-0.82093	-0.00242525	0.660362	0.655147	0.00121717
308	2.51383e-09	-1.11133	-0.352862	0.00320209	0.275695	-0.885095	-0.000539733
309	2.51383e-09	0.305144	-1.08922	-0.00282552	0.906626	0.256634	-8.74643e-05
310	2.51383e-09	-0.906588	0.732565	6.5383e-06	-0.582421	-0.71755	0.00246788
311	2.51383e-09	0.205969	1.14259	-0.00235856	-0.912933	0.163095	0.00325784
312	2.51383e-09	-0.403077	-1.09769	0.0036245	0.869269	-0.31201	-0.000397206
313	2.51383e-09	1.09655	0.328311	-0.00273008	-0.269105	0.897892	-0.00146608
314	2.51383e-09	-1.09043	-0.319107	0.00125679	0.264136	-0.903834	0.0013228
315	2.51383e-09	0.893534	0.752109	0.00145384	-0.5917	0.709317	0.00164183
316	2.51383e-09	0.829882	0.836587	-0.00135294	-0.651611	0.647204	-0.000200897
317	2.51383e-09	-0.988867	0.591891	-0.00561078	-0.480278	-0.801176	-0.00140993
318	2.51383e-09	1.12781	-0.301356	1.58408e-05	0.240296	0.892958	-0.000586427
319	2.51383e-09	-0.808381	0.856464	-0.00303513	-0.666423	-0.634761	0.00124562
320	2.51383e-09	-1.04311	0.543146	-0.000629392	-0.425442	-0.815519	0.000411259
321	2.51383e-09	1.12686	0.301588	0.00163101	-0.236836	0.895162	-0.00114301
322	2.51383e-09	-1.01133	0.560801	0.00116677	-0.44951	-0.813743	0.00273156
323	2.51383e-09	1.05414	-0.478789	-0.00084684	0.378463	0.848667	0.00112083
324	2.51383e-09	-1.18166	-0.117919	0.0011593	0.0902674	-0.911449	-0.000251202
325	2.51383e-09	0.837065	0.797482	-0.0011646	-0.638224	0.679124	-0.00114794
326	2.51383e-09	0.860775	0.813596	0.00352658	-0.634639	0.660835	-0.00524963
327	2.51383e-09	-0.893325	-0.766543	3.43965e-06	0.600179	-0.698779	-0.00159133
328	2.51383e-09	-0.882004	-0.700538	-0.00540442	0.58672	-0.740241	-0.00126904
329	2.51383e-09	0.725459	0.932022	0.000700671	-0.729881	0.560575	-0.000999316
330	2.51383e-09	0.826894	0.79317	0.00193815	-0.650099	0.675295	0.000826656
331	2.51383e-09	-0.884226	-0.731877	0.00296033	0.597624	-0.719667	0.00257145
332	2.51383e-09	-1.04652	-0.543642	0.00132557	0.420128	-0.819377	0.00313623
333	2.51383e-09	0.0334284	1.17846	-0.000965888	-0.920109	0.0269352	-0.000853072
334	2.51383e-09	0.954025	-0.657505	0.00134894	0.528954	0.767542	-0.000919629
335	2.51383e-09	0.927229	-0.753118	-0.00056577	0.574411	0.709754	-0.000784305
336	2.51383e-09	-0.676583	0.975482	-0.00254245	-0.74927	-0.525174	-0.000925528
337	2.51383e-09	0.186356	-1.16519	-0.00141893	0.909571	0.148179	-0.000608912
338	2.51383e-09	-1.13215	0.22395	0.00056334	-0.181277	-0.914025	0.000112132
339	2.51383e-09	0.23198	-1.16512	0.00326588	0.898916	0.182319	-0.00307831
340	2.51383e-09	-1.16651	-0.160446	-0.00483627	0.118384	-0.915713	-0.000173418
341	2.51383e-09	0.850423	0.821747	-0.000193488	-0.636233	0.666585	0.00128966
342	2.51383e-09	0.564926	0.983161	-0.00078538	-0.816721	0.467868	-0.000348341
343	2.51383e-09	0.0779714	-1.15832	-0.00111031	0.926032	0.056446	0.000554911
344	2.51383e-09	0.608708	-1.00777	0.00185935	0.789363	0.477098	0.000537625
345	2.51383e-09	-0.30349	-1.11557	-0.00122268	0.89871	-0.243736	0.000969887
346	2.51383e-09	-1.1596	0.225874	-0.00141801	-0.17571	-0.899496	-0.000268617
347	2.51383e-09	-0.650146	-0.974224	0.000806627	0.767216	-0.515802	0.000782599
348	2.51383e-09	-0.825383	0.834316	0.00152534	-0.652113	-0.652913	0.000311845
349	2.51383e-09	-1.04118	-0.565087	-0.00103829	0.435707	-0.808084	0.000287793
350	2.51383e-09	0.88878	-0.74786	-0.00121116	0.599212	0.710232	-0.00251733
351	2.51383e-09	-0.0418407	-1.20298	0.00208885	0.90871	-0.0348152	-0.00122796
352	2.51383e-09	-0.996038	0.631823	0.0030051	-0.493862	-0.774804	-0.000171797
353	2.51383e-09	0.130221	-1.18838	-0.00349352	0.910591	0.0972161	-0.000130945
354	2.51383e-09	-1.13369	-0.307249	-0.00444416	0.242328	-0.888513	-0.00035497
355	2.51383e-09	0.661666	-0.949654	0.00131703	0.764726	0.529411	9.86937e-05
356	2.51383e-09	-1.15908	-0.289172	0.00250857	0.217922	-0.88966	-0.00165531
357	2.51383e-09	0.463562	1.07752	-0.0016677	-0.848464	0.362347	0.00106917
358	2.51383e-09	-0.967921	-0.700076	-0.000376441	0.533412	-0.742605	0.00238903
359	2.51383e-09	-1.0864	0.517739	-0.00213002	-0.389271	-0.825149	-0.00198644
360	2.51383e-09	1.16875	-0.148416	0.00154981	0.111761	0.913161	3.57776e-06
361	2.51383e-09	1.00892	-0.618751	0.00104716	0.482439	0.781293	0.00100343
362	2.51383e-09	0.712716	-0.927871	0.00232347	0.736377	0.559844	-0.00127543
363	2.51383e-09	1.06884	0.488834	-0.00165386	-0.383347	0.842157	0.000351133
364	2.51383e-09	-1.08312	-0.410147	-0.00118762	0.331568	-0.86917	0.00229456
365	2.51383e-09	0.186086	1.18766	-0.00199872	-0.899037	0.145934	0.00110266
366	2.51383e-09	0.252944	1.16072	-0.00272717	-0.899141	0.194671	0.00130668
367	2.51383e-09	0.453167	1.08168	0.00361657	-0.854933	0.352875	0.00131163
368	2.51383e-09	0.787434	0.902204	-0.000915499	-0.688479	0.602054	0.00253286
369	2.51383e-09	0.314252	-1.15468	-0.00316688	0.877624	0.24603	0.000308329
370	2.51383e-09	1.11938	0.391926	-0.00286477	-0.300983	0.869716	0.00183781
371	2.51383e-09	-0.863209	-0.840016	-0.000870166	0.63622	-0.65421	0.00118393
372	2.51383e-09	-0.0722558	-1.1917	-0.00241662	0.915197	-0.0522655	-0.000507229
373	2.51383e-09	1.1869	-0.0871153	0.00124389	0.0650923	0.911834	-0.00166097
374	2.51383e-09	0.885063	-0.82042	0.00204757	0.616427	0.671621	-0.00264002
375	2.51383e-09	0.889901	0.785503	0.00333943	-0.611806	0.683689	0.00310782
376	2.51383e-09	0.0212099	1.17166	2.23343e-05	-0.926484	0.0123392	-0.00126933
377	2.51383e-09	0.917698	0.73897	-0.00141506	-0.57888	0.719841	0.000677392
378	2.51383e-09	-0.936224	-0.741332	-0.000928838	0.566244	-0.718131	0.0003665
379	2.51383e-09	1.17621	0.0183606	9.77151e-05	-0.00906955	0.924792	0.00343901
380	2.51383e-09	0.985924	0.636625	0.000681156	-0.502783	0.776276	0.00218412
381	2.51383e-09	0.641246	1.00773	-0.00119075	-0.772317	0.490204	0.000780566
382	2.51383e-09	0.0446348	-1.19516	-0.000534669	0.915673	0.037729	0.000250452
383	2.51383e-09	0.865297	-0.80209	-0.00187677	0.6296	0.673044	0.00128751
384	2.51383e-09	0.845232	-0.858059	-0.000359468	0.646793	0.641461	0.00456707
385	2.51383e-09	0.0583932	1.17624	-0.00206917	-0.921026	0.0445864	-9.11812e-05
386	2.51383e-09	0.195353	-1.17575	0.00323482	0.904874	0.144976	4.60648e-05
387	2.51383e-09	0.46317	-1.10668	-0.00252604	0.844209	0.348673	0.000480115
388	2.51383e-09	-1.13967	0.352659	0.00238857	-0.272735	-0.876064	0.00124197
389	2.51383e-09	-0.544627	1.05009	-0.00196103	-0.815099	-0.426313	-0.00344626
390	2.51383e-09	1.1465	-0.314889	-0.00213535	0.240953	0.884289	0.000577332
391	2.51383e-09	-0.526117	1.09806	-0.0022705	-0.813949	-0.391627	0.00102208
392	2.51383e-09	1.0059	-0.651448	0.0036838	0.494902	0.767611	-0.00416763
393	2.51383e-09	1.21054	0.00998207	-0.0028008	-0.00202343	0.907807	-0.000108357
394	2.51383e-09	-0.664347	-1.01051	-1.74308e-05	0.761195	-0.493909	-0.00150928
395	2.51383e-09	0.821338	-0.891314	-0.000139898	0.665974	0.612302	0.000425609
396	2.51383e-09	0.348784	1.17641	3.62747e-07	-0.862416	0.25192	-0.00196273
397	2.51383e-09	0.579096	1.0539	0.00203872	-0.796937	0.442886	0.00213034
398	2.51383e-09	0.857673	0.84809	-0.00209904	-0.642604	0.644904	0.000111353
399	2.51383e-09	0.660782	-0.997672	-0.00107547	0.763328	0.505361	0.000301416
400	2.51383e-09	1.01707	0.651822	0.00182698	-0.486895	0.76661	-0.00156489
