8.170012e+02
401
0	1	3.76386e-05	2.32955e-05	-3.43014e-08	3.06365e-08	3.02518e-08	-3.57289e-11
1	2.51383e-09	-0.898073	0.438146	0.00087758	-0.438406	-0.899717	-0.000829236
2	2.51383e-09	-0.26996	-0.967353	0.000595014	0.961684	-0.268562	-0.000323775
3	2.51383e-09	-0.375716	-0.929389	0.00143731	0.925767	-0.376136	-0.000592844
4	2.51383e-09	-0.727675	-0.688003	0.00121489	0.686664	-0.726151	0.000104246
5	2.51383e-09	-0.949941	0.318034	0.00145828	-0.315602	-0.947027	0.000657076
6	2.51383e-09	-0.936666	0.371661	0.000949321	-0.366649	-0.924858	-0.00036405
7	2.51383e-09	-0.411777	-0.913604	0.000278526	0.910678	-0.412101	-0.00085607
8	2.51383e-09	0.11082	0.996583	-9.32659e-05	-0.991167	0.111186	9.73514e-05
9	2.51383e-09	0.955326	-0.301067	9.82353e-05	0.299465	0.953089	0.000163071
10	2.51383e-09	0.548172	0.840441	0.00156063	-0.837308	0.544089	0.000275607
11	2.51383e-09	0.278048	-0.968693	0.00069522	0.956691	0.273978	-0.000969463
12	2.51383e-09	0.527892	0.860462	6.47727e-05	-0.848182	0.520462	-0.000891396
13	2.51383e-09	-0.347007	-0.941937	0.000149998	0.936234	-0.348426	0.000412849
14	2.51383e-09	0.948204	-0.349762	-0.00145894	0.347821	0.932499	-0.00140975
15	2.51383e-09	0.976388	-0.24126	0.00131976	0.244468	0.966026	-0.000882413
16	2.51383e-09	0.866318	-0.503219	0.00105902	0.500193	0.86386	-0.000211757
17	2.51383e-09	0.33365	-0.943428	-0.000417067	0.942394	0.335153	0.0014731
18	2.51383e-09	0.938835	-0.374136	-0.000408917	0.371343	0.923355	0.00143204
19	2.51383e-09	0.95638	-0.329138	-0.000816669	0.321244	0.941127	0.000686812
20	2.51383e-09	1.01016	0.101216	-0.000215509	-0.100095	0.988035	-0.000599901
21	2.51383e-09	-1.01106	-0.0479622	-0.00113039	0.046431	-0.992652	0.000955737
22	2.51383e-09	0.985883	0.228733	-0.000575991	-0.228157	0.967406	0.00101338
23	2.51383e-09	0.820197	0.594954	0.000851444	-0.582173	0.804526	0.000218526
24	2.51383e-09	0.994261	0.1979	0.000442112	-0.195321	0.972944	-0.000612841
25	2.51383e-09	-0.605059	0.814693	0.000945706	-0.79836	-0.590395	0.000709533
26	2.51383e-09	-0.891672	-0.473538	0.00111135	0.464195	-0.877909	0.000698116
27	2.51383e-09	-0.129102	1.00239	-0.000177453	-0.986995	-0.127329	-0.000584246
28	2.51383e-09	-1.02212	0.046844	0.000303257	-0.0448904	-0.985729	0.000269271
29	2.51383e-09	0.937034	0.400064	-0.00251398	-0.387913	0.90944	4.36507e-05
30	2.51383e-09	-0.982268	-0.248676	-0.000552103	0.243425	-0.96231	-0.00110696
31	2.51383e-09	-0.126594	1.00472	-0.000963422	-0.985621	-0.124479	-0.000466744
32	2.51383e-09	-0.88131	-0.495158	-0.000679874	0.486221	-0.868776	0.00040244
33	2.51383e-09	-0.870842	-0.53186	-0.000381052	0.516359	-0.844303	0.000780624
34	2.51383e-09	0.0701118	1.02716	0.00129646	-0.981146	0.0680802	0.00103468
35	2.51383e-09	-0.335459	0.960378	0.000985497	-0.935859	-0.328396	-4.44723e-05
36	2.51383e-09	-0.336525	0.962186	-0.000330485	-0.936625	-0.324612	0.000569759
37	2.51383e-09	-1.00218	0.162864	-0.000642282	-0.163518	-0.977963	0.00176369
38	2.51383e-09	0.923685	0.431152	0.00137408	-0.419881	0.896568	-0.000826906
39	2.51383e-09	0.0843857	-1.00929	0.000941889	0.992038	0.0840787	-0.000369118
40	2.51383e-09	0.0932993	-1.01153	-0.000209957	0.987984	0.0933578	0.000964787
41	2.51383e-09	0.448901	0.909063	-0.0017992	-0.891234	0.440865	0.000774885
42	2.51383e-09	0.204418	-1.00525	0.00159322	0.96729	0.194481	0.000436571
43	2.51383e-09	1.02716	0.0586031	0.000921191	-0.0573272	0.982786	0.000871045
44	2.51383e-09	-1.02272	0.00777769	-0.000981376	-0.0077137	-0.987111	-0.000662236
45	2.51383e-09	-0.707163	0.7497	-0.00137564	-0.717688	-0.675055	-1.65704e-05
46	2.51383e-09	-0.436885	0.922006	0.000579569	-0.894573	-0.424903	-0.000654653
47	2.51383e-09	0.264778	-0.983183	-0.000622585	0.957211	0.255715	-0.000576014
48	2.51383e-09	-0.933532	-0.41624	-0.000926286	0.403406	-0.904007	1.72217e-05
49	2.51383e-09	0.0926713	1.0218	-0.000685961	-0.982851	0.0919093	0.00158295
50	2.51383e-09	-0.595136	-0.839428	-0.000641154	0.803465	-0.569927	0.00201478
51	2.51383e-09	-1.02257	0.0170129	-0.000337585	-0.0198504	-0.989457	-0.000145132
52	2.51383e-09	-0.637641	-0.804222	-0.000658199	0.774277	-0.61211	-0.000824786
53	2.51383e-09	0.920861	-0.449495	-0.000595047	0.4312	0.888979	-0.00146734
54	2.51383e-09	1.00602	0.200075	0.000464356	-0.191833	0.968318	-0.00110288
55	2.51383e-09	-1.01868	-0.173539	-0.000247293	0.166113	-0.969722	0.000577988
56	2.51383e-09	0.215486	-1.00796	0.000108643	0.96305	0.204904	0.000979773
57	2.51383e-09	-1.01991	0.183885	-0.000847594	-0.17501	-0.965447	0.000802067
58	2.51383e-09	-0.103184	1.02337	-0.00028936	-0.980014	-0.0993346	-0.000187456
59	2.51383e-09	0.367485	-0.962427	0.000564596	0.92065	0.349741	-0.00136978
60	2.51383e-09	0.516424	-0.887207	-0.000734172	0.853715	0.493482	-0.000393675
61	2.51383e-09	1.03593	-0.118806	0.000441862	0.114696	0.972807	0.000577078
62	2.51383e-09	0.280551	-0.997652	-0.00193983	0.945123	0.265507	0.000225487
63	2.51383e-09	0.488155	-0.908672	0.00109899	0.867626	0.464289	0.00082585
64	2.51383e-09	0.0744256	-1.0235	0.00132041	0.985527	0.0693993	3.6095e-05
65	2.51383e-09	0.760058	0.699651	0.000346948	-0.665259	0.724807	0.00135801
66	2.51383e-09	-1.01864	-0.142996	0.00141259	0.135548	-0.976328	0.000573541
67	2.51383e-09	0.0240922	-1.03474	0.00106724	0.981871	0.0247348	0.00103672
68	2.51383e-09	0.709459	0.753494	0.00123704	-0.716483	0.67277	-0.000360948
69	2.51383e-09	0.556066	0.871516	-0.00100265	-0.829638	0.528775	-0.000898819
70	2.51383e-09	0.644858	0.81507	0.00120748	-0.768957	0.608547	-0.000506837
71	2.51383e-09	-0.76252	-0.699894	0.000237954	0.668114	-0.721391	-0.000952323
72	2.51383e-09	-0.72808	-0.732475	0.000381146	0.696587	-0.693847	-0.00122509
73	2.51383e-09	-0.351172	-0.970339	-0.00144817	0.925183	-0.337258	-0.00151906
74	2.51383e-09	-0.399524	-0.953617	-0.000222584	0.908419	-0.381246	-0.00130673
75	2.51383e-09	1.00041	-0.254331	-0.000263411	0.243276	0.954233	3.54829e-05
76	2.51383e-09	0.415261	0.957322	-3.56248e-05	-0.898229	0.388808	-0.000402711
77	2.51383e-09	0.702404	-0.763664	-0.00070702	0.724147	0.661898	0.00247896
78	2.51383e-09	0.788629	-0.674511	0.000664117	0.639659	0.745956	0.0006992
79	2.51383e-09	0.46359	-0.927163	-0.00137363	0.878406	0.440227	0.000422209
80	2.51383e-09	-0.550596	-0.889642	-9.51668e-05	0.829304	-0.515186	-0.000780973
81	2.51383e-09	-0.606572	-0.850998	0.000710989	0.798094	-0.564567	1.60727e-05
82	2.51383e-09	0.0215334	1.03221	0.000692963	-0.986111	0.0229495	-0.000390254
83	2.51383e-09	-0.783746	-0.69534	-0.00122525	0.646195	-0.731967	-0.000771215
84	2.51383e-09	-0.553109	0.88415	0.000876314	-0.831632	-0.518353	0.000473031
85	2.51383e-09	0.581343	-0.869101	0.00165417	0.812264	0.541327	-0.00124349
86	2.51383e-09	0.0419245	1.04196	0.0010943	-0.977138	0.0373667	0.000959685
87	2.51383e-09	-0.0750325	-1.04128	0.000593875	0.976787	-0.0690181	0.000485302
88	2.51383e-09	0.0916254	1.04207	3.65691e-05	-0.973311	0.0860478	-0.000897909
89	2.51383e-09	0.987961	-0.356717	0.000563657	0.331416	0.918814	0.000314265
90	2.51383e-09	0.751721	0.723959	0.000831533	-0.678642	0.705113	0.0010552
91	2.51383e-09	-1.04133	-0.0556138	0.000618959	0.0534612	-0.976882	0.0005983
92	2.51383e-09	-1.05424	0.0613109	9.70481e-05	-0.0549649	-0.969538	-0.00123488
93	2.51383e-09	0.768715	0.716893	0.00156047	-0.667087	0.712837	0.000281345
94	2.51383e-09	0.244299	-1.02269	-0.00172782	0.948209	0.224572	-0.000425956
95	2.51383e-09	0.896436	-0.53894	9.93732e-05	0.49963	0.839665	0.000950381
96	2.51383e-09	-0.700532	-0.787201	0.000579769	0.725073	-0.649651	0.00107809
97	2.51383e-09	1.03995	0.179505	-0.000270307	-0.165705	0.956323	0.00156428
98	2.51383e-09	0.964398	0.438312	-0.000161902	-0.400519	0.884915	0.000135687
99	2.51383e-09	0.783055	-0.709762	-0.0013633	0.652259	0.720859	0.00047077
100	2.51383e-09	-0.945788	0.466537	-0.00102183	-0.429633	-0.872459	4.01795e-05
101	2.51383e-09	0.824216	0.637157	4.18567e-05	-0.598074	0.776287	4.31713e-05
102	2.51383e-09	0.949301	0.454053	-0.00121193	-0.422942	0.879336	0.000652711
103	2.51383e-09	0.298886	1.00015	0.000122187	-0.940355	0.277234	-0.000145839
104	2.51383e-09	0.990296	-0.360915	-0.00114203	0.334114	0.91559	0.000714653
105	2.51383e-09	-1.02843	0.182218	0.00105935	-0.168534	-0.96533	-0.000730912
106	2.51383e-09	1.05764	-0.0185284	0.00107886	0.0148434	0.972399	-0.00150355
107	2.51383e-09	-0.422295	-0.957862	0.00152823	0.893739	-0.39543	0.00103316
108	2.51383e-09	-0.84397	-0.637551	0.000526716	0.586892	-0.775597	-5.09433e-05
109	2.51383e-09	1.00772	-0.323234	0.000905484	0.296101	0.927334	-0.000256926
110	2.51383e-09	-0.481743	-0.937458	-0.000491945	0.868597	-0.443876	0.000175455
111	2.51383e-09	-0.338624	1.00178	0.000463887	-0.92118	-0.314591	0.000212121
112	2.51383e-09	-0.135735	-1.04453	-0.00102894	0.965686	-0.126312	-0.00066091
113	2.51383e-09	-0.360802	0.988607	0.000781988	-0.915447	-0.334118	0.00101639
114	2.51383e-09	1.04934	-0.13978	-0.000180143	0.126887	0.964029	-0.00211249
115	2.51383e-09	-1.02257	0.26413	-0.00118872	-0.241209	-0.94362	0.00187631
116	2.51383e-09	-0.800373	-0.690633	0.000629269	0.637317	-0.736222	0.000559889
117	2.51383e-09	0.876665	-0.598178	0.00117136	0.547309	0.802372	-0.00175126
118	2.51383e-09	-0.994925	0.392081	-0.000137427	-0.353694	-0.899469	-0.000216509
119	2.51383e-09	-0.597865	0.867663	-0.00166693	-0.801765	-0.553973	5.98029e-05
120	2.51383e-09	-0.535223	0.913767	-0.000747635	-0.836989	-0.493336	0.0013246
121	2.51383e-09	0.82889	0.666497	0.000824885	-0.609136	0.754924	0.000322447
122	2.51383e-09	-0.806169	0.679714	-0.000488317	-0.627807	-0.745999	0.000207016
123	2.51383e-09	0.559649	0.89934	0.000526393	-0.824802	0.51514	0.00124135
124	2.51383e-09	-0.950113	0.486729	0.000798508	-0.444106	-0.85924	0.00131183
125	2.51383e-09	-0.915704	0.549324	5.27031e-05	-0.496927	-0.829578	0.000667588
126	2.51383e-09	-1.03671	0.251913	0.00210068	-0.228538	-0.940589	-0.000853866
127	2.51383e-09	-1.01671	0.301609	0.000114065	-0.274862	-0.931467	-0.00061311
128	2.51383e-09	0.589621	0.892862	-0.00118954	-0.80566	0.534152	0.000954523
129	2.51383e-09	0.771733	-0.736978	-0.000505533	0.668519	0.700543	-0.000588999
130	2.51383e-09	0.0824618	1.05105	-0.00113254	-0.971059	0.0793107	0.00140356
131	2.51383e-09	0.757003	0.747668	-0.00125238	-0.682374	0.689105	-0.00027394
132	2.51383e-09	0.917485	0.549236	-0.00133821	-0.49522	0.830705	-0.000819416
133	2.51383e-09	1.00837	0.345855	0.00165837	-0.315797	0.915474	-0.00108904
134	2.51383e-09	-1.00621	-0.357647	-9.54002e-05	0.322021	-0.912974	-0.00162345
135	2.51383e-09	0.314503	1.01442	0.000415086	-0.925744	0.291739	0.00057802
136	2.51383e-09	-1.02576	0.294692	0.000679474	-0.268316	-0.929591	0.000526888
137	2.51383e-09	0.570239	0.905522	0.00165537	-0.818796	0.513451	-0.000152323
138	2.51383e-09	0.85748	-0.641146	-0.00172101	0.57971	0.774556	-0.00137506
139	2.51383e-09	0.60942	0.880068	0.000275062	-0.793416	0.550963	-0.000170017
140	2.51383e-09	-0.261011	-1.04406	0.00102725	0.934406	-0.237606	0.00010489
141	2.51383e-09	-0.259725	-1.03202	-0.000633075	0.940669	-0.233794	-0.000237404
142	2.51383e-09	1.07311	0.00727403	-0.000462575	-0.00743584	0.96551	0.00101825
143	2.51383e-09	0.27754	1.03457	-0.000339151	-0.934282	0.248896	0.000616821
144	2.51383e-09	0.437158	-0.98116	-0.000137245	0.881256	0.39019	0.0007933
145	2.51383e-09	-0.308714	-1.04136	0.000710842	0.919526	-0.271992	-0.0014856
146	2.51383e-09	0.955136	-0.514801	0.000541082	0.456716	0.843695	0.000822942
147	2.51383e-09	0.396099	0.997861	0.00169463	-0.899502	0.353064	-0.000801647
148	2.51383e-09	-1.05357	-0.214015	-0.00232789	0.190021	-0.945518	0.000513082
149	2.51383e-09	1.08016	-0.0339613	-0.000692958	0.0311292	0.958967	0.00144194
150	2.51383e-09	-0.930913	0.536546	6.86229e-05	-0.48322	-0.834605	0.00126328
151	2.51383e-09	-0.965412	0.489132	-0.000836794	-0.433497	-0.85631	-0.000964477
152	2.51383e-09	-0.206406	1.05255	-0.00324814	-0.947393	-0.186428	-0.000861865
153	2.51383e-09	-0.910586	0.584339	-0.000317637	-0.519627	-0.80839	0.000875667
154	2.51383e-09	1.06007	0.227522	-0.000713313	-0.204259	0.937839	-0.00155256
155	2.51383e-09	-0.56858	-0.919953	-0.00131643	0.817321	-0.503414	-0.00175728
156	2.51383e-09	-1.01532	0.387651	0.000208738	-0.346329	-0.894274	-0.00216171
157	2.51383e-09	1.0704	-0.139298	-0.000854033	0.124474	0.954819	-0.000372768
158	2.51383e-09	-1.05527	0.229689	-0.000230887	-0.205162	-0.939263	0.000880334
159	2.51383e-09	-0.747194	0.776398	8.26479e-05	-0.693618	-0.668162	0.000342841
160	2.51383e-09	-0.24553	1.05611	-1.49436e-05	-0.934594	-0.2159	0.000369726
161	2.51383e-09	0.50632	0.965322	0.000503463	-0.850114	0.44168	-0.000246959
162	2.51383e-09	-0.166064	-1.0709	-0.00130266	0.949797	-0.147774	-0.000761414
163	2.51383e-09	0.65173	0.857472	-0.000416801	-0.76598	0.584679	0.000814159
164	2.51383e-09	-0.00373816	-1.07613	0.000507651	0.963361	-0.00532836	0.000477378
165	2.51383e-09	-0.0221535	1.0832	-0.00181262	-0.961095	-0.019876	0.000595194
166	2.51383e-09	0.996272	0.422804	0.000906208	-0.375113	0.887028	-8.85213e-05
167	2.51383e-09	-0.708306	0.826952	-0.000692369	-0.725031	-0.626692	-0.00224306
168	2.51383e-09	1.03604	-0.319034	-0.000205596	0.283285	0.916263	-0.00128361
169	2.51383e-09	-1.08462	-0.0406546	-0.000472259	0.0374924	-0.959149	-0.000782779
170	2.51383e-09	-0.689499	0.850045	-0.000494163	-0.739314	-0.603706	0.000436492
171	2.51383e-09	-0.627214	-0.885264	0.000421299	0.784278	-0.557176	-0.000461871
172	2.51383e-09	0.785579	-0.762536	-0.000486297	0.664646	0.686231	3.55131e-05
173	2.51383e-09	0.61187	0.908991	0.00047794	-0.793084	0.532805	0.000831804
174	2.51383e-09	-0.544947	0.948312	-0.00128001	-0.82719	-0.479046	-0.000801186
175	2.51383e-09	-1.0221	0.387508	0.000160797	-0.338255	-0.893219	0.00044423
176	2.51383e-09	0.925635	0.54922	0.000254504	-0.496145	0.827517	-0.000200068
177	2.51383e-09	0.384999	-1.01949	0.000981577	0.897155	0.339944	0.000327738
178	2.51383e-09	-1.02853	-0.347077	-0.000748135	0.310691	-0.909136	-0.000412156
179	2.51383e-09	0.899121	-0.616402	-0.00110096	0.541311	0.789814	0.000935359
180	2.51383e-09	0.693906	-0.831062	-9.12573e-05	0.738417	0.616353	-0.000892925
181	2.51383e-09	0.905622	-0.605852	-0.00174567	0.53283	0.795557	0.000607179
182	2.51383e-09	-0.331915	-1.03206	0.00023858	0.913115	-0.295033	0.00190441
183	2.51383e-09	1.02528	-0.412188	0.000835283	0.355327	0.881334	-0.000194826
184	2.51383e-09	0.00669763	1.10053	0.000672727	-0.952738	0.00422057	0.000388058
185	2.51383e-09	0.173418	1.08315	-0.000489097	-0.9437	0.150454	0.00182739
186	2.51383e-09	0.0972528	-1.08942	0.00225324	0.952941	0.08465	-0.00057971
187	2.51383e-09	-0.351597	-1.0315	-0.00097427	0.906926	-0.308588	0.00115163
188	2.51383e-09	-1.046	-0.307923	0.000820345	0.27091	-0.919629	-0.000634933
189	2.51383e-09	-0.602325	0.921514	0.000336051	-0.798855	-0.519282	-0.000265022
190	2.51383e-09	0.833462	0.730073	0.000449775	-0.623337	0.714739	5.39198e-05
191	2.51383e-09	1.09973	-0.00409062	0.000772235	0.0036761	0.953139	0.00173914
192	2.51383e-09	-1.10278	0.028593	-0.000654905	-0.0263565	-0.951416	-0.00028314
193	2.51383e-09	1.03133	-0.38502	0.000374596	0.330617	0.894105	-0.000173624
194	2.51383e-09	-0.275843	-1.06687	0.00125706	0.921636	-0.236017	-0.000887996
195	2.51383e-09	0.508949	-0.970902	-0.00248789	0.844755	0.444543	-0.00146192
196	2.51383e-09	-0.225759	-1.07588	-0.000907704	0.933365	-0.194877	0.000816939
197	2.51383e-09	-0.77345	0.779014	6.22263e-05	-0.677029	-0.673554	0.000921091
198	2.51383e-09	0.12369	-1.09602	0.000669753	0.946302	0.109087	-0.000626948
199	2.51383e-09	-0.79379	-0.762484	-0.000676299	0.658954	-0.688924	-0.00101278
200	2.51383e-09	-0.677214	0.881352	4.52851e-05	-0.750568	-0.578075	-0.000244646
201	2.51383e-09	-0.725721	0.841404	0.00133252	-0.716242	-0.6201	-0.000140398
202	2.51383e-09	0.601761	-0.930931	-0.00236833	0.797271	0.514436	0.000757208
203	2.51383e-09	1.09153	0.0970033	0.00138388	-0.0831196	0.951684	9.74861e-05
204	2.51383e-09	0.249674	1.07428	-0.000767264	-0.927157	0.217391	0.000650671
205	2.51383e-09	0.0359321	1.10523	-0.000497774	-0.95045	0.0297575	0.00123912
206	2.51383e-09	-0.723875	0.823994	-0.00177748	-0.71847	-0.629098	0.00153506
207	2.51383e-09	0.827313	0.728666	-0.000496661	-0.630513	0.714927	0.000252769
208	2.51383e-09	1.07861	-0.281266	0.000926518	0.237317	0.91582	0.000695273
209	2.51383e-09	-1.04945	0.295678	-0.000785644	-0.261309	-0.922788	0.000122506
210	2.51383e-09	0.131844	1.10118	-0.00162178	-0.9434	0.110805	-0.000114312
211	2.51383e-09	-0.830621	0.72866	0.0005913	-0.627731	-0.714324	-0.000894553
212	2.51383e-09	-1.1129	0.00599575	0.000350989	-0.00276543	-0.946995	0.00132024
213	2.51383e-09	0.225065	1.08215	0.00025988	-0.931825	0.190392	0.00010091
214	2.51383e-09	-0.827494	0.739288	-0.00124572	-0.633062	-0.707935	0.000605303
215	2.51383e-09	-1.0318	0.398778	-0.000156033	-0.341428	-0.886886	0.000848225
216	2.51383e-09	-0.986311	-0.519208	0.00131337	0.440248	-0.837139	-0.000101458
217	2.51383e-09	-1.02572	-0.425249	0.000863081	0.362691	-0.876707	0.000960032
218	2.51383e-09	-0.942878	-0.575247	-0.000505664	0.495216	-0.812162	-0.000945454
219	2.51383e-09	-1.03543	0.424927	0.000278958	-0.360106	-0.872769	-0.00150724
220	2.51383e-09	-0.737698	-0.824838	-0.00110128	0.708892	-0.636291	-0.000675726
221	2.51383e-09	1.11025	0.0449421	0.0011671	-0.0408111	0.948572	-0.000726143
222	2.51383e-09	0.486101	1.00554	0.00194481	-0.850998	0.410932	0.00115116
223	2.51383e-09	-0.445947	-1.02265	0.0010601	0.867939	-0.378582	0.000640425
224	2.51383e-09	-1.03314	-0.417945	0.000999722	0.355542	-0.877784	-0.000991882
225	2.51383e-09	1.01445	0.4667	0.000255958	-0.396738	0.859217	0.000888401
226	2.51383e-09	0.369271	-1.05985	-1.45531e-06	0.891994	0.306845	-0.000148735
227	2.51383e-09	0.681782	0.880309	0.000414513	-0.750023	0.5805	-0.000343919
228	2.51383e-09	1.09688	0.199993	0.000164177	-0.16988	0.932173	0.00090051
229	2.51383e-09	-1.09709	0.206592	-0.000445104	-0.176555	-0.93164	-1.57605e-06
230	2.51383e-09	-0.431426	1.03181	0.000487051	-0.872701	-0.365538	0.000933262
231	2.51383e-09	1.10531	-0.223098	0.00134726	0.185464	0.924173	0.000428221
232	2.51383e-09	-0.641068	-0.908852	0.00149569	0.775051	-0.546616	0.00124881
233	2.51383e-09	0.622468	-0.925977	-0.000315291	0.787102	0.526731	-0.00133854
234	2.51383e-09	-1.10233	-0.165061	-0.00124566	0.141346	-0.935708	-8.43302e-05
235	2.51383e-09	-1.08982	-0.3004	-0.000699559	0.251914	-0.90487	-0.000944558
236	2.51383e-09	-0.826116	0.759534	-0.00086991	-0.638777	-0.695089	0.000502409
237	2.51383e-09	0.50286	-1.00748	0.000124989	0.844003	0.41874	0.000453342
238	2.51383e-09	-0.836199	-0.751007	6.75995e-05	0.630567	-0.702189	0.000929957
239	2.51383e-09	-0.0708746	-1.11593	0.00136106	0.943865	-0.059005	0.00115955
240	2.51383e-09	-0.622123	-0.944107	-0.000336442	0.785724	-0.517185	0.000210886
241	2.51383e-09	-1.12647	-0.0623213	0.0012739	0.0488657	-0.939368	0.000931433
242	2.51383e-09	-0.935593	-0.644887	0.00250228	0.53145	-0.77359	-3.84936e-05
243	2.51383e-09	0.878038	-0.70543	0.00013978	0.589045	0.734384	-0.00147965
244	2.51383e-09	0.781242	-0.803849	-0.00122664	0.67801	0.657814	-0.000255896
245	2.51383e-09	0.543999	-0.982995	0.00134255	0.826797	0.456181	0.000142641
246	2.51383e-09	1.11594	-0.141155	-0.000222647	0.119266	0.93518	0.00109525
247	2.51383e-09	-0.258744	-1.09586	-0.000344898	0.916912	-0.216849	-0.000842324
248	2.51383e-09	0.155867	1.10556	-0.000724369	-0.937018	0.136837	-0.000995391
249	2.51383e-09	1.11558	-0.0540596	-0.00178948	0.0464357	0.946275	0.00114368
250	2.51383e-09	-0.378194	-1.05897	-0.000154632	0.888391	-0.316055	-0.00138046
251	2.51383e-09	-0.34724	-1.07171	-0.000202264	0.898513	-0.289405	2.44652e-05
252	2.51383e-09	-0.765819	0.831985	-0.000816724	-0.690619	-0.639005	-0.00124184
253	2.51383e-09	-0.0705746	1.12245	-0.0018486	-0.941362	-0.0558923	-0.00109829
254	2.51383e-09	-0.982592	0.55139	0.000919563	-0.461911	-0.821016	-0.000500676
255	2.51383e-09	-0.188344	1.12528	-0.000788362	-0.922601	-0.154238	0.000206302
256	2.51383e-09	0.901434	0.678153	-0.00137528	-0.567601	0.750567	-0.000200177
257	2.51383e-09	-0.558244	0.98719	-0.00124947	-0.817727	-0.460657	0.000418287
258	2.51383e-09	0.0870024	-1.1252	-0.00102404	0.939141	0.070264	9.57755e-05
259	2.51383e-09	-0.926167	-0.628513	-0.000716946	0.530951	-0.782609	4.37221e-05
260	2.51383e-09	1.13854	-0.0448268	0.000221685	0.0360269	0.933191	-0.00131804
261	2.51383e-09	-0.852522	-0.756758	0.000898855	0.623623	-0.699619	0.000423637
262	2.51383e-09	1.05225	0.425072	7.21392e-05	-0.350595	0.870528	-0.00109259
263	2.51383e-09	-0.882286	-0.717201	-8.79604e-06	0.590625	-0.728861	0.000109828
264	2.51383e-09	0.0590733	-1.13288	-0.000559823	0.937606	0.0485566	0.000828415
265	2.51383e-09	1.03826	-0.471643	-0.000214628	0.389653	0.851988	0.000843897
266	2.51383e-09	-0.567229	0.982199	-0.0020758	-0.81344	-0.471722	0.0002415
267	2.51383e-09	0.471713	-1.02589	-0.00153508	0.855719	0.392718	0.000302563
268	2.51383e-09	0.0952161	-1.13104	0.000501992	0.935233	0.0808539	0.00152892
269	2.51383e-09	-1.00744	-0.524954	-0.000159022	0.432884	-0.831758	0.00109312
270	2.51383e-09	-0.398206	-1.05949	0.000179877	0.880198	-0.330071	0.00056743
271	2.51383e-09	-0.540681	-1.00637	-0.000302376	0.822629	-0.443402	-0.000592657
272	2.51383e-09	0.188929	1.11859	0.0011243	-0.926796	0.158747	-0.00183462
273	2.51383e-09	-0.817938	0.802223	-0.000825459	-0.65513	-0.665504	-0.000203831
274	2.51383e-09	-0.495006	-1.02924	-0.000299425	0.842281	-0.405169	-0.00104845
275	2.51383e-09	0.717492	-0.880285	0.00181897	0.727858	0.594601	-0.000550012
276	2.51383e-09	-0.0793974	1.1342	-0.000401248	-0.935665	-0.0648131	0.000500273
277	2.51383e-09	1.13504	-0.111184	-0.000856288	0.0914448	0.932404	-0.000711527
278	2.51383e-09	-0.334889	-1.09006	-0.00235019	0.896465	-0.275039	-0.000277549
279	2.51383e-09	0.931002	0.665641	9.17624e-05	-0.541665	0.761737	-0.000679696
280	2.51383e-09	-1.10602	-0.286616	-0.00135255	0.234613	-0.905951	-0.000967108
281	2.51383e-09	0.813045	0.800754	-0.00108858	-0.656579	0.668376	0.00018211
282	2.51383e-09	0.0922637	1.13925	-0.000936092	-0.93212	0.0772913	0.000288888
283	2.51383e-09	1.05936	0.446443	-0.000105065	-0.361467	0.860356	-0.000634106
284	2.51383e-09	0.571201	-0.998705	-0.00102718	0.808243	0.464516	-8.09391e-05
285	2.51383e-09	-1.10024	-0.32438	-0.00101671	0.262951	-0.895806	0.000688796
286	2.51383e-09	-0.0778787	-1.14403	-0.00114037	0.931561	-0.0643048	0.000678695
287	2.51383e-09	0.11723	-1.13358	-0.00139395	0.931899	0.0948232	-0.00118214
288	2.51383e-09	0.731812	-0.883643	0.000371046	0.719346	0.595845	-0.00112033
289	2.51383e-09	0.364168	-1.08415	-0.000186907	0.886699	0.298407	0.000951486
290	2.51383e-09	-1.05709	0.435934	0.000687373	-0.356968	-0.864398	0.000307999
291	2.51383e-09	0.65755	0.948141	0.000384518	-0.766082	0.529507	8.28715e-05
292	2.51383e-09	0.351496	1.09038	-0.000788987	-0.889114	0.287204	-0.000427508
293	2.51383e-09	0.790506	0.827405	-0.00134406	-0.677378	0.646054	-0.000355034
294	2.51383e-09	0.695375	0.917968	0.000483273	-0.743873	0.560062	-0.00161097
295	2.51383e-09	-0.657087	0.942118	0.00128064	-0.766405	-0.532122	0.000133158
296	2.51383e-09	-0.206112	1.1314	-0.000713391	-0.918017	-0.168314	-0.00080011
297	2.51383e-09	0.380339	1.08406	0.00276777	-0.880757	0.309598	-0.0011273
298	2.51383e-09	-1.15682	-0.015837	0.00151934	0.0113795	-0.930342	0.000349328
299	2.51383e-09	-1.08144	-0.402943	-0.00171494	0.321897	-0.872637	-0.000989301
300	2.51383e-09	-0.93106	0.688898	0.000209169	-0.55348	-0.744944	0.000786507
301	2.51383e-09	0.170169	-1.13792	0.0011718	0.923601	0.136023	0.000679482
302	2.51383e-09	1.14861	-0.165431	-0.00186023	0.132416	0.919345	-0.00121112
303	2.51383e-09	-0.808142	-0.818476	0.000200317	0.664466	-0.6558	-0.000399891
304	2.51383e-09	0.76513	-0.869928	-0.000272523	0.694841	0.616922	0.00154042
305	2.51383e-09	1.15737	-0.0641926	-3.03639e-06	0.0516025	0.926351	-0.00134488
306	2.51383e-09	-0.873843	0.759993	0.000226065	-0.609041	-0.702087	0.000885484
307	2.51383e-09	0.0613568	1.16423	0.000445693	-0.922328	0.045813	-5.09186e-05
308	2.51383e-09	0.879957	0.757485	-0.00143734	-0.603622	0.705374	0.00145026
309	2.51383e-09	0.876295	-0.749746	0.00213927	0.607597	0.703836	-0.00086183
310	2.51383e-09	0.983204	0.60511	0.000775688	-0.488684	0.791363	0.000124354
311	2.51383e-09	-0.397962	-1.08834	-0.00092753	0.872227	-0.318273	-0.00063442
312	2.51383e-09	0.167457	-1.15122	0.000479226	0.916963	0.132465	0.00045758
313	2.51383e-09	-0.309572	1.11662	-0.000736092	-0.894803	-0.250056	0.00110769
314	2.51383e-09	1.15992	-0.0287192	-0.00047523	0.025757	0.928657	-0.000855562
315	2.51383e-09	-0.127022	1.14979	-0.000175383	-0.924369	-0.101338	0.000120007
316	2.51383e-09	-1.09632	0.391195	0.00127649	-0.311568	-0.871638	-0.000962353
317	2.51383e-09	0.416351	1.08536	0.000670364	-0.866421	0.332141	-0.000915015
318	2.51383e-09	-0.389314	1.08963	0.00040019	-0.874631	-0.314348	2.15189e-05
319	2.51383e-09	-1.05005	-0.49033	0.00023921	0.391621	-0.843295	8.25667e-05
320	2.51383e-09	0.366762	-1.11425	-0.00109073	0.87453	0.28824	-5.56309e-05
321	2.51383e-09	0.0736776	-1.16045	0.00105258	0.925959	0.0593198	0.000247584
322	2.51383e-09	0.00275079	1.16631	-0.00141667	-0.926321	0.00392483	-0.000218365
323	2.51383e-09	0.70417	-0.932035	0.000996247	0.737386	0.557671	0.000703749
324	2.51383e-09	1.14452	0.252237	-0.00207861	-0.202177	0.901463	4.0228e-05
325	2.51383e-09	-0.800687	0.850342	-0.00134938	-0.674509	-0.632842	0.000797772
326	2.51383e-09	-1.07524	0.442419	-0.00176593	-0.353902	-0.858495	0.000210132
327	2.51383e-09	-0.86908	0.77431	0.000752443	-0.615624	-0.693351	-0.00135988
328	2.51383e-09	1.05006	-0.50847	0.0014996	0.400578	0.8348	-0.000412702
329	2.51383e-09	0.58233	-1.02651	0.00046723	0.801205	0.453811	-0.000846156
330	2.51383e-09	0.121948	1.16953	-0.000683441	-0.915622	0.0947084	-8.90227e-05
331	2.51383e-09	-1.16179	0.150763	0.000627176	-0.116157	-0.917123	5.21816e-05
332	2.51383e-09	-1.15713	0.143669	0.000706609	-0.116115	-0.918888	0.0011775
333	2.51383e-09	-0.840676	-0.820292	-0.00163954	0.645812	-0.659926	-0.00070558
334	2.51383e-09	0.478586	1.06484	0.000679333	-0.844632	0.380265	0.000968965
335	2.51383e-09	-1.13245	-0.29431	0.000276998	0.234025	-0.893971	-0.00130783
336	2.51383e-09	0.372012	1.11237	-0.002889	-0.875882	0.292071	-0.00024842
337	2.51383e-09	0.668223	-0.966356	-0.000124902	0.759303	0.524418	0.001362
338	2.51383e-09	1.06569	-0.487986	-0.0012474	0.383554	0.839371	-0.000343344
339	2.51383e-09	-1.08206	-0.474894	0.001774	0.369922	-0.842529	0.000857524
340	2.51383e-09	-0.185382	-1.16794	0.000239106	0.909885	-0.140136	0.000199209
341	2.51383e-09	-1.17266	0.129995	0.000362151	-0.0987381	-0.916462	-9.8998e-05
342	2.51383e-09	0.690057	-0.941635	-0.00163124	0.74681	0.547827	-0.000426021
343	2.51383e-09	0.997105	0.630944	0.00045505	-0.489384	0.779706	0.000431156
344	2.51383e-09	-0.117768	-1.16308	-0.000585256	0.920075	-0.09488	0.000195878
345	2.51383e-09	-0.35081	1.12379	-0.000836309	-0.879177	-0.276212	-0.00028468
346	2.51383e-09	1.15705	0.192668	0.00138448	-0.151699	0.910591	0.000412531
347	2.51383e-09	0.748693	0.906861	-0.000470645	-0.713193	0.58573	-0.00122301
348	2.51383e-09	1.17725	0.102968	-0.000489296	-0.0785409	0.915626	0.000675565
349	2.51383e-09	1.07021	0.476158	-0.000775881	-0.377276	0.845063	0.000436995
350	2.51383e-09	0.807903	0.857982	-0.00054762	-0.668628	0.633283	0.000318099
351	2.51383e-09	-0.819734	-0.842347	-0.000185373	0.659764	-0.643778	0.000368088
352	2.51383e-09	-0.765867	0.897876	-0.00139603	-0.698473	-0.598262	0.000616691
353	2.51383e-09	-0.52695	1.04554	0.000949136	-0.827608	-0.414801	-0.000593731
354	2.51383e-09	-1.07302	-0.498707	-0.00127065	0.385786	-0.834712	-5.25672e-05
355	2.51383e-09	0.0474265	-1.17996	0.000449458	0.918307	0.0383459	-0.000758032
356	2.51383e-09	-1.08017	-0.484449	-0.000612357	0.375181	-0.83938	-0.00119059
357	2.51383e-09	0.661508	0.98134	-0.000898318	-0.763361	0.513253	-0.000839506
358	2.51383e-09	-1.15146	-0.29801	-0.00216207	0.227702	-0.888928	0.000275455
359	2.51383e-09	-0.0178721	1.18621	-9.71939e-05	-0.918398	-0.0145467	-0.00165529
360	2.51383e-09	1.01327	-0.612401	0.000681429	0.476351	0.78569	-0.00103211
361	2.51383e-09	0.257536	1.15485	-0.00184495	-0.897586	0.199474	0.00137565
362	2.51383e-09	1.06627	-0.503714	0.000979087	0.39091	0.833533	0.000766025
363	2.51383e-09	0.257535	1.14634	-0.00010477	-0.900212	0.201466	0.00146361
364	2.51383e-09	-0.992602	0.639651	0.000263421	-0.498617	-0.775391	-0.000322314
365	2.51383e-09	0.147507	-1.17717	-0.000769241	0.911153	0.116386	-0.00092282
366	2.51383e-09	-1.17283	-0.172067	-0.00221355	0.13369	-0.908477	-0.000510196
367	2.51383e-09	1.09726	0.459199	0.000310242	-0.353051	0.845404	-0.000158267
368	2.51383e-09	0.83567	-0.843548	-0.000711825	0.651373	0.648224	-0.00178042
369	2.51383e-09	0.863632	-0.826179	3.4306e-05	0.633516	0.659141	-0.000681517
370	2.51383e-09	0.360926	-1.1299	0.000359343	0.87463	0.278993	-0.00074054
371	2.51383e-09	0.956272	0.717408	0.00235301	-0.548764	0.731779	-0.00126106
372	2.51383e-09	-0.927781	0.744322	0.00124106	-0.573317	-0.715875	0.000633947
373	2.51383e-09	1.1768	0.147709	0.000741926	-0.111942	0.912135	-0.000764186
374	2.51383e-09	-1.10397	0.474958	0.000812356	-0.359845	-0.837004	-0.000861218
375	2.51383e-09	-0.938781	0.746143	-0.000335352	-0.567946	-0.714256	2.55377e-05
376	2.51383e-09	1.18959	-0.0575431	-0.00128872	0.0437027	0.915458	0.000415489
377	2.51383e-09	-1.05061	0.561298	0.00150517	-0.432188	-0.809325	-0.00124624
378	2.51383e-09	-0.0288418	-1.191	0.00137238	0.916468	-0.0227202	-0.000507452
379	2.51383e-09	1.16561	0.247481	0.000825418	-0.184568	0.897476	0.000647245
380	2.51383e-09	1.15633	-0.318351	-0.00186494	0.241355	0.879685	0.000137573
381	2.51383e-09	-0.849285	-0.835644	0.000371729	0.64323	-0.653177	0.00141281
382	2.51383e-09	0.402505	-1.11961	-0.000433385	0.863407	0.311933	0.000663299
383	2.51383e-09	-0.883504	-0.790469	-0.000461204	0.611705	-0.685681	0.00095116
384	2.51383e-09	0.471069	-1.10011	-0.000638999	0.839985	0.359785	0.000925702
385	2.51383e-09	-0.484415	-1.09817	0.000528888	0.834127	-0.367902	-0.00099601
386	2.51383e-09	-1.16241	-0.30684	0.000771968	0.231508	-0.881794	-0.000577645
387	2.51383e-09	-1.15703	-0.323363	0.00129153	0.245358	-0.878682	-0.000420751
388	2.51383e-09	0.470927	1.10463	-0.000596067	-0.838358	0.35922	0.000453248
389	2.51383e-09	-0.334353	1.15597	-0.000811656	-0.873843	-0.254853	4.85224e-05
390	2.51383e-09	0.100116	1.1905	-0.00133895	-0.911806	0.0748331	0.000923509
391	2.51383e-09	0.812226	-0.8889	-0.000551617	0.672837	0.613388	-0.000977207
392	2.51383e-09	0.167642	-1.19186	0.00131844	0.902009	0.127461	0.000554049
393	2.51383e-09	-0.987881	0.699673	0.00027924	-0.521395	-0.743978	-0.000424804
394	2.51383e-09	0.517098	1.08252	-0.00138713	-0.823948	0.39354	-0.000623534
395	2.51383e-09	1.16713	-0.2893	0.00167139	0.220676	0.884456	-0.000321412
396	2.51383e-09	-0.718835	-0.962037	-0.000441806	0.728075	-0.547534	8.42875e-05
397	2.51383e-09	-0.328838	-1.15463	-0.000537469	0.879184	-0.249194	-0.000876924
398	2.51383e-09	-1.15127	-0.349209	0.000819128	0.266545	-0.872086	0.00122786
399	2.51383e-09	1.15751	-0.335	-0.00156767	0.252471	0.875108	0.000113886
400	2.51383e-09	1.20395	0.00809752	0.000496226	-0.00445683	0.911907	-0.000936504
