6.434999e+03
401
0	1	0.000297388	0.000184427	-2.71386e-07	8.37838e-08	-1.02863e-08	9.15702e-12
1	2.51383e-09	-1.00804	0.0583229	-0.00180906	-0.0522015	-0.993759	4.58991e-05
2	2.51383e-09	0.266041	0.972036	0.000411894	-0.959723	0.259262	-0.000111839
3	2.51383e-09	-0.657521	0.754857	0.00142321	-0.752487	-0.654779	-0.000233458
4	2.51383e-09	0.602598	-0.804455	-0.0012396	0.800218	0.596506	0.00131579
5	2.51383e-09	0.98797	-0.147923	-0.000865566	0.148645	0.988923	0.000109919
6	2.51383e-09	-0.988816	-0.196574	-0.00136297	0.193158	-0.977554	-0.00058948
7	2.51383e-09	0.255935	-0.968478	0.00130023	0.967767	0.249842	0.00142485
8	2.51383e-09	-0.340475	0.941787	0.000487941	-0.937933	-0.340228	0.0013164
9	2.51383e-09	-0.912014	0.421203	-0.000408998	-0.419004	-0.903958	0.00130019
10	2.51383e-09	-0.804354	0.608294	0.00110007	-0.600658	-0.795713	-3.09495e-05
11	2.51383e-09	0.887267	0.448344	-0.000264911	-0.453027	0.896614	-0.000476388
12	2.51383e-09	0.209032	0.994662	5.09478e-05	-0.97003	0.202792	0.00124532
13	2.51383e-09	0.965517	-0.275593	0.00226088	0.273005	0.9617	-0.00055471
14	2.51383e-09	-0.248739	-0.976808	-0.00214805	0.965578	-0.246653	0.00215228
15	2.51383e-09	0.917147	-0.395442	0.00138524	0.403088	0.917693	0.00076711
16	2.51383e-09	-0.856421	-0.516628	0.00209523	0.510941	-0.857662	0.000134874
17	2.51383e-09	0.861303	0.533728	-0.00158246	-0.526598	0.841169	-0.000953761
18	2.51383e-09	-0.548107	-0.857376	0.000547207	0.832232	-0.539917	0.000663663
19	2.51383e-09	1.00475	-0.0747461	0.00126641	0.0678983	0.99704	-0.000976197
20	2.51383e-09	0.71863	0.731889	0.00211489	-0.706572	0.691314	-0.00218353
21	2.51383e-09	0.985592	0.170707	-0.000629369	-0.170326	0.987291	-0.00363513
22	2.51383e-09	-0.205356	0.998138	0.00168834	-0.970284	-0.197598	-0.00236403
23	2.51383e-09	-0.363442	-0.940785	-0.00137495	0.932894	-0.357953	0.00214432
24	2.51383e-09	0.556768	0.839792	-0.000941473	-0.832653	0.555712	-0.00151261
25	2.51383e-09	-0.23973	0.985085	6.59457e-05	-0.966587	-0.236098	-0.00122701
26	2.51383e-09	-0.957943	0.361608	0.00058573	-0.350218	-0.921744	0.0021609
27	2.51383e-09	-0.76223	-0.645159	-0.00101658	0.648195	-0.76461	-0.000393814
28	2.51383e-09	-0.626441	-0.787827	0.00149897	0.77994	-0.623132	0.000527067
29	2.51383e-09	-0.647075	0.773804	0.00182866	-0.761469	-0.64201	0.00186135
30	2.51383e-09	0.268891	-0.97683	-0.000181382	0.957797	0.260316	0.00112077
31	2.51383e-09	-0.191526	-0.99178	0.00245816	0.976984	-0.186137	0.002274
32	2.51383e-09	-0.974093	0.250798	0.00366805	-0.25268	-0.963364	-0.00203306
33	2.51383e-09	0.701378	0.762068	0.00160377	-0.719733	0.663886	-0.000379197
34	2.51383e-09	0.706648	0.75295	0.00143875	-0.71647	0.673232	0.00176872
35	2.51383e-09	0.976852	0.289447	-0.00307614	-0.282087	0.951658	-4.13697e-05
36	2.51383e-09	0.295947	0.972507	-0.000809262	-0.947257	0.292753	0.00224678
37	2.51383e-09	0.481481	0.896421	0.000563953	-0.872669	0.472149	-0.00318273
38	2.51383e-09	1.00283	0.0248221	0.000140058	-0.026421	0.997163	0.00337873
39	2.51383e-09	0.9611	-0.328583	-0.00128541	0.315147	0.9393	0.00115933
40	2.51383e-09	-1.01098	0.00111311	0.000436721	-0.00556165	-0.997228	0.000221023
41	2.51383e-09	0.956066	-0.331641	-0.000419299	0.324647	0.939765	-0.00312825
42	2.51383e-09	0.919918	-0.465481	-0.00130686	0.446754	0.877158	-0.00132881
43	2.51383e-09	0.721273	-0.722014	-0.00228513	0.700562	0.694921	-0.000265753
44	2.51383e-09	0.809174	-0.635061	-0.00133139	0.612942	0.776118	0.00122287
45	2.51383e-09	1.00191	0.246022	0.00198706	-0.233259	0.954672	0.00212745
46	2.51383e-09	0.643265	-0.789512	-0.000407616	0.768547	0.628254	-1.37593e-05
47	2.51383e-09	0.801325	-0.632419	-0.00132805	0.611902	0.775388	0.000702571
48	2.51383e-09	-0.0707912	-1.02069	-0.000777868	0.987894	-0.0653389	-0.000748261
49	2.51383e-09	-0.313659	0.96097	0.00201175	-0.945312	-0.307289	0.00160684
50	2.51383e-09	-0.872	0.55098	-0.00115304	-0.525699	-0.830004	-0.00150284
51	2.51383e-09	0.288689	-0.96898	0.000717063	0.954532	0.281986	-0.00103088
52	2.51383e-09	-0.0950699	-1.022	-0.00114538	0.984443	-0.0879765	-0.000523796
53	2.51383e-09	-0.163175	1.01091	-0.00168831	-0.975861	-0.162584	-0.00125563
54	2.51383e-09	-0.0947299	-1.02235	-0.00222468	0.982353	-0.0918926	0.000197012
55	2.51383e-09	1.03548	0.00807295	0.0010869	-0.012107	0.983185	-0.000204984
56	2.51383e-09	-0.315518	0.967106	-0.00205089	-0.94474	-0.308091	-0.000819219
57	2.51383e-09	0.934069	0.472767	0.00165741	-0.44454	0.870878	-0.00145937
58	2.51383e-09	-0.807362	0.664862	-0.000670189	-0.624093	-0.751887	0.00272598
59	2.51383e-09	-0.324124	-0.978554	0.00439778	0.930945	-0.312474	-0.000483177
60	2.51383e-09	-0.954116	0.374993	4.11399e-05	-0.36086	-0.919056	-0.0012398
61	2.51383e-09	-0.936905	-0.450249	-0.00111288	0.426718	-0.881018	0.00353131
62	2.51383e-09	-1.0294	-0.0601996	0.00131881	0.0577934	-0.982619	0.00146478
63	2.51383e-09	0.998393	0.266807	-0.000185236	-0.248746	0.949821	-0.000661313
64	2.51383e-09	0.927611	0.471689	-0.00167016	-0.442412	0.87047	0.000107678
65	2.51383e-09	-1.02323	0.110432	0.00135387	-0.105969	-0.979619	0.00267696
66	2.51383e-09	0.642634	-0.791208	-0.00129317	0.765856	0.632217	-0.0031167
67	2.51383e-09	0.694099	-0.778499	-8.68815e-05	0.727197	0.655699	-0.00131904
68	2.51383e-09	-0.435636	0.930836	0.00144348	-0.894087	-0.419571	-0.000787506
69	2.51383e-09	0.932691	0.449438	-0.00250719	-0.424826	0.888608	0.00233027
70	2.51383e-09	0.211971	-1.00907	0.000322554	0.9642	0.204435	0.00137645
71	2.51383e-09	-1.01501	0.217933	0.000209185	-0.199843	-0.960509	-0.00267515
72	2.51383e-09	-0.847691	-0.63313	-0.000763003	0.579527	-0.780239	-0.00105693
73	2.51383e-09	-0.768568	0.691233	0.00121766	-0.656654	-0.732606	-0.000232498
74	2.51383e-09	-0.981841	0.402892	-0.00301986	-0.365687	-0.897495	-0.000569532
75	2.51383e-09	-0.940387	0.442479	-0.00106579	-0.419632	-0.888188	-0.000374946
76	2.51383e-09	-0.455775	-0.938402	-0.00170435	0.88339	-0.427694	0.00201407
77	2.51383e-09	1.05789	0.0382951	0.00151643	-0.030603	0.971848	-0.00182512
78	2.51383e-09	-0.856152	0.613724	0.000681146	-0.568615	-0.78628	0.00128897
79	2.51383e-09	-0.724971	0.738898	0.00223141	-0.705597	-0.684385	-0.0021901
80	2.51383e-09	0.380043	-0.972014	0.00201301	0.912108	0.356132	0.00145591
81	2.51383e-09	-0.236183	-1.00999	0.00125009	0.956453	-0.224439	0.0030804
82	2.51383e-09	0.72254	-0.770467	-0.000901203	0.709282	0.662089	-8.71498e-05
83	2.51383e-09	1.01843	0.206802	-0.0012275	-0.196703	0.959471	0.000783469
84	2.51383e-09	0.649101	0.822966	-5.32038e-05	-0.767622	0.604186	-0.00141899
85	2.51383e-09	0.205189	-1.00738	0.000312351	0.966047	0.195331	-0.00180252
86	2.51383e-09	-0.345036	-0.985336	-0.00121005	0.924507	-0.322469	0.000324769
87	2.51383e-09	0.937918	-0.45799	-0.000828239	0.425354	0.881064	0.00043729
88	2.51383e-09	-0.984099	-0.325085	-0.00203396	0.308379	-0.931391	0.00165196
89	2.51383e-09	0.311786	1.00855	-0.00259667	-0.929126	0.291719	-0.000685816
90	2.51383e-09	0.741846	-0.7381	0.0040449	0.693314	0.692164	-1.30881e-05
91	2.51383e-09	1.03825	0.00792437	-0.00388745	-0.00822456	0.97933	-0.00152325
92	2.51383e-09	0.930777	0.491	-5.68424e-05	-0.458084	0.859707	-0.00073426
93	2.51383e-09	0.313134	-1.0141	0.000767852	0.924485	0.286918	0.00208988
94	2.51383e-09	-0.768748	-0.697944	-0.00288211	0.657514	-0.72854	-0.00120947
95	2.51383e-09	0.705422	-0.761992	-0.00157531	0.722724	0.663048	-0.000950362
96	2.51383e-09	-0.933258	0.500645	0.00269418	-0.460083	-0.854675	-0.00169611
97	2.51383e-09	0.846057	0.638659	-0.00212855	-0.580226	0.775983	0.00153719
98	2.51383e-09	-0.0901847	-1.05775	-0.00149737	0.964527	-0.0809576	-0.000127895
99	2.51383e-09	-1.05662	0.137577	-0.000426775	-0.118426	-0.962712	0.00206595
100	2.51383e-09	0.929259	-0.506601	-0.00145092	0.461285	0.854143	-0.00237177
101	2.51383e-09	0.937797	0.431658	0.0024674	-0.409862	0.896172	0.000418042
102	2.51383e-09	-1.01734	-0.131698	0.00134147	0.130168	-0.980135	-7.9878e-05
103	2.51383e-09	0.968242	-0.41312	-0.00310954	0.383507	0.894609	-0.00232357
104	2.51383e-09	0.0737331	1.044	0.000851459	-0.976371	0.0634827	0.00111559
105	2.51383e-09	-0.173686	1.03147	0.000583868	-0.96287	-0.166569	-0.00048919
106	2.51383e-09	-0.203084	1.02757	0.000358872	-0.958494	-0.19136	-0.000646021
107	2.51383e-09	-0.866809	0.60614	-0.000341025	-0.557948	-0.794521	-0.00244448
108	2.51383e-09	0.140539	-1.0568	0.000136173	0.959391	0.130189	-0.00210454
109	2.51383e-09	0.602497	0.868965	1.01148e-05	-0.802783	0.552353	-0.00210666
110	2.51383e-09	0.847762	-0.623295	-0.0002207	0.576055	0.785329	0.000812656
111	2.51383e-09	0.80969	-0.699221	0.000398137	0.632981	0.727267	-0.00118419
112	2.51383e-09	-0.580902	0.889367	0.000412497	-0.809461	-0.535649	0.000353549
113	2.51383e-09	0.842895	-0.63345	-8.91559e-05	0.586398	0.778995	-0.00150984
114	2.51383e-09	-0.0732964	1.04712	-0.00103722	-0.973818	-0.0648617	0.00150032
115	2.51383e-09	-0.915023	0.553011	-0.000154825	-0.505508	-0.82695	-0.00274612
116	2.51383e-09	0.046485	1.04889	-0.000791017	-0.975977	0.0418963	-0.000688278
117	2.51383e-09	-0.962949	0.452217	0.000913999	-0.410925	-0.878974	-0.00105844
118	2.51383e-09	-0.79206	-0.700024	0.00147051	0.64296	-0.72921	0.000666886
119	2.51383e-09	0.672601	-0.808621	-0.00287646	0.745458	0.624362	0.000307203
120	2.51383e-09	-0.697967	0.783305	-0.0015718	-0.72802	-0.653129	0.00142746
121	2.51383e-09	1.05371	-0.0902194	-0.00180609	0.0842629	0.971965	-0.00131045
122	2.51383e-09	-1.06193	0.170535	-0.00197995	-0.154626	-0.951453	0.000684296
123	2.51383e-09	0.883395	-0.563718	0.00231728	0.530569	0.819422	-0.000104356
124	2.51383e-09	0.411117	-0.996147	0.000932244	0.889098	0.36821	-0.00215329
125	2.51383e-09	0.916133	0.507861	-0.0020255	-0.474797	0.856763	0.000894013
126	2.51383e-09	0.397377	-0.983971	0.000288792	0.89732	0.369239	0.00109044
127	2.51383e-09	-1.00437	-0.331919	-0.00156005	0.308342	-0.921611	-0.000638098
128	2.51383e-09	0.730019	0.787355	-0.000698276	-0.705618	0.655293	-0.00196242
129	2.51383e-09	1.04255	-0.159203	0.000484246	0.151044	0.964225	-0.00102332
130	2.51383e-09	-0.197519	1.041	0.000931168	-0.9558	-0.177545	0.00112546
131	2.51383e-09	-0.682262	-0.845067	-0.00151212	0.741185	-0.604987	0.000622859
132	2.51383e-09	-0.898059	0.584758	4.60139e-05	-0.526051	-0.811265	0.00177619
133	2.51383e-09	0.675616	-0.83136	-0.00192869	0.748338	0.608629	0.00208967
134	2.51383e-09	0.58608	0.869457	0.00162603	-0.808996	0.548691	0.000302291
135	2.51383e-09	0.646152	-0.84371	0.000858171	0.767889	0.591498	0.000493532
136	2.51383e-09	1.0743	0.145901	0.000264538	-0.126969	0.950465	-0.000700737
137	2.51383e-09	-0.838452	-0.648909	0.00216395	0.597036	-0.766306	-0.00308469
138	2.51383e-09	-0.662296	0.834791	0.000495786	-0.757865	-0.600909	0.000380788
139	2.51383e-09	0.794082	0.714709	-0.000110357	-0.650017	0.718436	0.00319818
140	2.51383e-09	-0.529299	0.946405	0.00191366	-0.837741	-0.468958	0.000286939
141	2.51383e-09	-1.00848	-0.363558	-0.00349983	0.328224	-0.906321	0.000842919
142	2.51383e-09	-0.128598	1.07577	0.00282434	-0.950628	-0.115554	-0.00120169
143	2.51383e-09	0.956114	0.486719	-0.00334648	-0.436805	0.859227	4.90145e-05
144	2.51383e-09	0.0761693	1.08083	0.00180007	-0.95963	0.0721144	0.000916184
145	2.51383e-09	1.02251	0.289915	0.00116884	-0.263797	0.933253	0.000882027
146	2.51383e-09	0.0763007	-1.10363	-0.00115235	0.948054	0.0665487	-0.00344604
147	2.51383e-09	0.829651	0.696673	0.000939426	-0.618821	0.735811	-0.00254898
148	2.51383e-09	-1.08145	0.165635	-0.000967332	-0.140725	-0.943018	0.000191349
149	2.51383e-09	0.334361	-1.00767	0.00166839	0.924436	0.296009	0.000645631
150	2.51383e-09	-0.954057	-0.483263	0.000903035	0.439155	-0.865057	0.00263493
151	2.51383e-09	0.530529	-0.935068	-0.000950138	0.840128	0.475145	-0.00036175
152	2.51383e-09	-0.427831	-0.970382	-3.07124e-06	0.891938	-0.398534	-0.000712542
153	2.51383e-09	0.912734	-0.605676	0.000434945	0.524076	0.797128	0.000558652
154	2.51383e-09	0.267135	1.0635	-0.00259219	-0.927205	0.237415	0.000889292
155	2.51383e-09	-1.0044	-0.377996	-0.00331026	0.338004	-0.906089	-6.28646e-05
156	2.51383e-09	-0.20607	-1.06375	-0.000593133	0.946173	-0.179053	-0.00236945
157	2.51383e-09	-0.224802	-1.04238	0.00127493	0.94682	-0.204399	-0.000624701
158	2.51383e-09	-0.533746	0.950034	-0.00424347	-0.833082	-0.471493	0.0016106
159	2.51383e-09	-0.359118	-1.01133	0.00111405	0.906742	-0.326258	0.000552352
160	2.51383e-09	-0.532025	-0.932145	-0.00179288	0.838794	-0.480641	0.00233025
161	2.51383e-09	1.08928	-0.0025688	0.00214358	0.000529628	0.958742	-0.00198132
162	2.51383e-09	0.795041	-0.741461	-0.00282428	0.655993	0.699323	-5.99048e-05
163	2.51383e-09	1.08681	-0.0626826	-0.00152107	0.0534325	0.955014	0.00167352
164	2.51383e-09	1.00013	0.363731	-0.00183403	-0.329384	0.914017	0.00176792
165	2.51383e-09	-0.971401	0.516575	0.00206662	-0.451379	-0.839688	1.43577e-05
166	2.51383e-09	1.04597	0.306144	-0.00142751	-0.270779	0.917129	0.000265147
167	2.51383e-09	-0.627843	-0.859649	-0.00103943	0.780901	-0.57797	-0.00395607
168	2.51383e-09	-0.190471	-1.06499	0.00229005	0.947221	-0.171496	0.0008946
169	2.51383e-09	-0.547957	0.934942	-8.53451e-05	-0.829232	-0.482799	-0.00137638
170	2.51383e-09	0.968187	0.499691	0.004517	-0.438548	0.853465	0.00137882
171	2.51383e-09	0.326766	1.04058	0.000324343	-0.915561	0.283864	0.00278491
172	2.51383e-09	-0.622004	0.919721	0.00317848	-0.784089	-0.535874	0.00138404
173	2.51383e-09	1.10012	-0.108745	0.000759459	0.0959618	0.945174	2.50117e-05
174	2.51383e-09	0.696102	0.860063	-0.00228067	-0.737992	0.595385	-0.00129059
175	2.51383e-09	0.321162	1.04937	0.00107158	-0.910347	0.280408	-0.00088344
176	2.51383e-09	-0.866286	-0.632252	0.000150923	0.570029	-0.780867	-0.0014504
177	2.51383e-09	-0.297346	1.06495	-0.000238597	-0.916128	-0.25599	0.00193996
178	2.51383e-09	0.833235	-0.676631	0.00116338	0.611734	0.748138	-0.00020048
179	2.51383e-09	0.402642	1.01936	0.00354916	-0.889977	0.348666	-0.00185923
180	2.51383e-09	-0.195194	1.06302	-0.000634461	-0.94781	-0.170389	0.00242315
181	2.51383e-09	0.728749	-0.823303	0.000178065	0.712327	0.634707	0.00155087
182	2.51383e-09	-0.862382	-0.667951	-0.00176017	0.587161	-0.7559	0.000752803
183	2.51383e-09	-0.886097	-0.655037	-0.00167778	0.564088	-0.766338	-7.22179e-05
184	2.51383e-09	-0.796568	0.769911	0.00132511	-0.658058	-0.683231	0.00139673
185	2.51383e-09	0.232012	1.06611	-0.000246282	-0.935921	0.201393	0.00104505
186	2.51383e-09	-0.649566	0.852552	0.000102986	-0.772327	-0.587593	-0.00154755
187	2.51383e-09	1.03306	-0.257736	-0.00185088	0.235058	0.942231	-0.000558172
188	2.51383e-09	-0.957866	-0.548862	-0.000259517	0.471812	-0.824684	0.00110122
189	2.51383e-09	-1.09024	0.0431311	0.000661065	-0.0375168	-0.957848	0.000221202
190	2.51383e-09	-0.12549	1.08539	0.00164596	-0.954159	-0.108967	-0.000653681
191	2.51383e-09	0.143175	1.07988	0.00190287	-0.951592	0.1255	0.0024007
192	2.51383e-09	1.06007	0.284266	-0.00145247	-0.246408	0.923351	-0.000547778
193	2.51383e-09	-0.990913	-0.493132	0.00272621	0.420644	-0.849751	-0.00126573
194	2.51383e-09	-1.09817	0.23435	-0.00102083	-0.196857	-0.92364	-0.000573674
195	2.51383e-09	0.875955	0.633029	-0.00034391	-0.565098	0.779521	-0.00134879
196	2.51383e-09	-0.925929	0.58291	0.00245802	-0.502307	-0.812396	-0.00157811
197	2.51383e-09	-1.04615	0.323409	-0.00169465	-0.285908	-0.91106	-0.000944058
198	2.51383e-09	0.923987	0.605666	0.00265365	-0.520127	0.798111	0.000955844
199	2.51383e-09	-0.902881	0.639817	-0.000497543	-0.552217	-0.774041	0.00198584
200	2.51383e-09	0.976017	-0.535744	0.000791839	0.457227	0.830753	0.00103887
201	2.51383e-09	-1.091	0.137027	-0.00106077	-0.119378	-0.947483	-0.00199766
202	2.51383e-09	0.177589	1.0761	-0.00269675	-0.947458	0.152604	0.00134401
203	2.51383e-09	-0.173504	-1.07009	-0.0012942	0.948389	-0.152389	-0.000846818
204	2.51383e-09	-0.545864	-0.971848	0.00133651	0.822745	-0.462487	0.001006
205	2.51383e-09	-1.09364	0.288129	0.000166366	-0.240754	-0.909048	0.00116651
206	2.51383e-09	-0.165136	-1.08058	0.00231626	0.945438	-0.141899	0.00132708
207	2.51383e-09	-0.767648	-0.79879	-0.000128634	0.686816	-0.658011	-0.000680209
208	2.51383e-09	0.957299	0.537109	0.000893127	-0.465915	0.832924	-0.00156586
209	2.51383e-09	-0.689622	0.850497	-0.00265314	-0.743795	-0.602681	0.000500334
210	2.51383e-09	-1.07628	-0.244688	8.35677e-05	0.210343	-0.928497	-0.00190189
211	2.51383e-09	1.05003	0.32659	0.000854151	-0.281021	0.912409	0.000723021
212	2.51383e-09	0.028704	1.11027	0.00280103	-0.950592	0.0292452	0.000820253
213	2.51383e-09	-1.10148	0.0542533	-0.00208046	-0.0463931	-0.9509	0.0024694
214	2.51383e-09	-1.09449	0.0519695	-0.000247676	-0.0411634	-0.954041	-0.000905992
215	2.51383e-09	-1.02035	0.442145	-0.00220403	-0.378596	-0.869325	0.000774856
216	2.51383e-09	-1.0335	-0.403274	0.00212289	0.350533	-0.884951	-0.000995326
217	2.51383e-09	0.680816	0.884891	0.000358674	-0.750408	0.578957	-0.00067475
218	2.51383e-09	-1.03507	0.321792	0.00188078	-0.288967	-0.913387	9.4453e-05
219	2.51383e-09	0.546052	0.980848	0.000263948	-0.824167	0.461976	-0.000978693
220	2.51383e-09	-0.937701	0.588402	-0.00168284	-0.505609	-0.805876	-0.00161304
221	2.51383e-09	-0.909926	-0.608897	-0.00337221	0.528929	-0.796003	4.78156e-05
222	2.51383e-09	1.03776	0.403525	-0.000571375	-0.340277	0.884863	0.00269224
223	2.51383e-09	-1.11778	0.0252043	-0.00149278	-0.0172932	-0.94439	0.0014038
224	2.51383e-09	-0.837107	0.702279	-0.00091346	-0.616093	-0.734885	-0.000732164
225	2.51383e-09	0.235432	1.08636	0.000860745	-0.92928	0.201472	0.000724976
226	2.51383e-09	-0.482201	-1.00987	0.00216021	0.853103	-0.40949	-0.00133187
227	2.51383e-09	1.05994	-0.31554	-0.00105637	0.266529	0.913171	0.00160708
228	2.51383e-09	-1.09252	0.22741	4.33331e-05	-0.188854	-0.92917	0.00105251
229	2.51383e-09	-1.01792	0.472814	0.000865387	-0.397107	-0.858972	0.00339966
230	2.51383e-09	-1.04494	0.447924	0.00210756	-0.364825	-0.863544	-0.000736308
231	2.51383e-09	-1.06035	-0.416309	-0.00237127	0.342092	-0.867969	0.00191423
232	2.51383e-09	0.520895	-0.96927	-0.00150743	0.843759	0.446092	0.00140323
233	2.51383e-09	0.340865	-1.05937	-0.000654305	0.90505	0.282283	-0.00255851
234	2.51383e-09	-0.228492	-1.10237	0.00085938	0.921454	-0.192133	0.00113168
235	2.51383e-09	0.221457	-1.09386	-0.00343298	0.928188	0.182414	0.00219565
236	2.51383e-09	-0.740144	0.85535	-0.00126719	-0.712409	-0.613865	-0.000575958
237	2.51383e-09	-0.348222	1.05135	-0.000538005	-0.904802	-0.292204	0.000734983
238	2.51383e-09	0.327694	-1.08041	0.000449971	0.904775	0.273489	0.000172702
239	2.51383e-09	0.366577	1.0504	-0.00305819	-0.893523	0.314005	-0.000780612
240	2.51383e-09	1.06819	0.341971	0.000305924	-0.283803	0.902606	0.00126352
241	2.51383e-09	-1.01814	0.447008	0.000454491	-0.385186	-0.869593	0.000190833
242	2.51383e-09	-0.626175	-0.977033	0.00301846	0.779096	-0.501228	-0.00110668
243	2.51383e-09	-0.95949	-0.568269	-0.000316316	0.480708	-0.817804	0.00324714
244	2.51383e-09	0.973664	-0.57365	0.00142121	0.475651	0.812686	-0.00172677
245	2.51383e-09	-1.0039	-0.496645	0.00464951	0.420648	-0.845333	0.00177589
246	2.51383e-09	-0.293432	1.08659	0.0012831	-0.90862	-0.247069	0.00273482
247	2.51383e-09	1.1035	0.0149997	-0.000958403	-0.0171514	0.950475	0.000866166
248	2.51383e-09	0.39851	1.05091	-0.0022314	-0.881109	0.336143	0.000456306
249	2.51383e-09	0.987804	-0.523094	-0.00119093	0.441897	0.839467	-0.00192097
250	2.51383e-09	-0.427994	1.04262	0.00306524	-0.871319	-0.359711	0.000107605
251	2.51383e-09	0.234755	1.10214	0.00137118	-0.922051	0.197002	0.000115257
252	2.51383e-09	0.000762452	1.12303	0.00169613	-0.943306	-0.000506433	-0.00153158
253	2.51383e-09	0.885922	0.725349	-0.00248353	-0.586921	0.726272	-0.00158328
254	2.51383e-09	-0.798198	-0.788308	-0.00121577	0.664172	-0.670938	-0.00287954
255	2.51383e-09	-0.366763	1.07568	0.00134148	-0.887738	-0.305459	0.000824131
256	2.51383e-09	-0.0596346	-1.15475	0.000392554	0.926265	-0.0477408	-0.000699954
257	2.51383e-09	0.798629	0.80116	-0.00141616	-0.661748	0.666605	-0.00219053
258	2.51383e-09	0.559669	-0.985643	-0.00269878	0.816258	0.462368	-0.00347378
259	2.51383e-09	-0.103314	1.12539	0.0013505	-0.935259	-0.0851244	0.00027617
260	2.51383e-09	0.116146	1.11584	-0.000513371	-0.941493	0.0957796	-0.00347796
261	2.51383e-09	-0.784113	0.835213	-0.00369548	-0.679103	-0.641707	0.000135263
262	2.51383e-09	-0.545624	-0.975313	-0.0041665	0.827013	-0.456487	0.00320584
263	2.51383e-09	-0.864434	-0.747417	-5.31893e-05	0.607166	-0.708692	-0.00117749
264	2.51383e-09	0.731488	0.856754	-0.000643473	-0.715402	0.613037	0.00070449
265	2.51383e-09	-1.15435	0.0538181	-0.00027082	-0.0452689	-0.925584	0.00194091
266	2.51383e-09	1.05371	-0.419361	0.000901851	0.345677	0.872969	-0.00110547
267	2.51383e-09	0.399512	-1.05586	0.000547425	0.881876	0.326166	-0.0016269
268	2.51383e-09	0.690171	-0.917201	0.00233741	0.744752	0.556568	-0.000326788
269	2.51383e-09	-1.09652	0.323753	-0.000372105	-0.26633	-0.896075	-0.00104479
270	2.51383e-09	-0.104576	1.13539	-0.000471222	-0.931683	-0.0863873	-3.24109e-05
271	2.51383e-09	0.364001	1.08612	0.000940755	-0.884422	0.296853	-0.00023129
272	2.51383e-09	1.04915	0.445802	-0.00351054	-0.366651	0.862021	0.000452015
273	2.51383e-09	1.04865	-0.454942	0.000730682	0.371652	0.856912	0.00186935
274	2.51383e-09	0.0559344	1.11129	-0.00177751	-0.950476	0.045105	0.00131498
275	2.51383e-09	1.09062	-0.29226	0.00131199	0.242948	0.91157	-0.000373901
276	2.51383e-09	0.942991	-0.63117	-0.000371725	0.527457	0.779149	0.000536624
277	2.51383e-09	-0.0974202	1.14608	0.00141236	-0.927348	-0.0708914	0.00207877
278	2.51383e-09	0.849443	0.779533	-0.00232818	-0.626896	0.688526	-0.000106573
279	2.51383e-09	0.109209	-1.14162	0.000137944	0.930205	0.0888586	-0.000222445
280	2.51383e-09	1.00678	0.575606	-0.000482114	-0.463525	0.804583	-0.000731041
281	2.51383e-09	-0.149096	-1.12903	0.000615127	0.927923	-0.123776	-0.000167328
282	2.51383e-09	1.09251	0.359079	0.000248861	-0.291024	0.884586	-0.00265592
283	2.51383e-09	1.1011	0.295737	-0.00164767	-0.239039	0.903152	0.000146619
284	2.51383e-09	1.01676	-0.567905	0.00247251	0.452026	0.806656	0.000561756
285	2.51383e-09	1.01382	-0.548935	0.00185428	0.439805	0.81855	5.97328e-05
286	2.51383e-09	0.489526	-1.0184	-0.00129255	0.84882	0.406345	0.000898725
287	2.51383e-09	-0.887454	-0.700855	0.000773398	0.58597	-0.738182	0.000256704
288	2.51383e-09	0.93664	0.68496	-0.000125712	-0.545243	0.751409	-0.000467875
289	2.51383e-09	0.181653	-1.13469	-0.00307911	0.921788	0.142938	0.000230727
290	2.51383e-09	-1.01504	-0.517281	0.00146363	0.425633	-0.834727	-0.00287901
291	2.51383e-09	0.611899	-0.957306	0.00221262	0.793031	0.502978	0.00082761
292	2.51383e-09	1.11941	0.236274	0.00139183	-0.195482	0.915567	0.000881684
293	2.51383e-09	1.09605	-0.313603	-0.00255364	0.256643	0.902324	0.000865118
294	2.51383e-09	-0.753598	-0.890594	-0.0028037	0.70669	-0.597827	0.00392054
295	2.51383e-09	-0.620959	0.954694	-0.00318391	-0.784515	-0.513351	-0.00198354
296	2.51383e-09	-0.631343	0.96656	-0.0012042	-0.780326	-0.510905	0.00013841
297	2.51383e-09	-0.716974	-0.902112	-0.0018162	0.729324	-0.576282	0.000875841
298	2.51383e-09	0.430696	-1.06479	-0.00124587	0.867415	0.35061	-0.00181096
299	2.51383e-09	-0.238757	1.132	0.00113803	-0.910175	-0.201499	0.0014021
300	2.51383e-09	1.09236	0.422339	-0.00295532	-0.330561	0.86069	-0.00244812
301	2.51383e-09	1.12242	0.274874	0.00180456	-0.218642	0.902432	-0.000656594
302	2.51383e-09	-0.0225514	-1.15423	-0.00337643	0.934444	-0.016984	0.00253621
303	2.51383e-09	0.838981	0.79564	0.00212576	-0.635762	0.677246	0.0018341
304	2.51383e-09	0.182085	1.14732	0.00251039	-0.915857	0.145047	0.000518858
305	2.51383e-09	0.878949	0.732136	0.000875103	-0.599572	0.718691	-0.00148782
306	2.51383e-09	0.886366	-0.747719	-0.000460127	0.59956	0.708607	-0.000497767
307	2.51383e-09	-1.02876	0.519289	-0.00160803	-0.418696	-0.832104	0.000572531
308	2.51383e-09	-0.332527	-1.12063	0.00139515	0.88548	-0.262853	-0.000295789
309	2.51383e-09	0.270755	1.11696	-0.00189672	-0.906304	0.219078	-3.59818e-05
310	2.51383e-09	-0.0541197	-1.15782	-0.000977247	0.924952	-0.0385678	0.00129799
311	2.51383e-09	1.10269	0.324199	-0.000146383	-0.264399	0.896966	0.00217145
312	2.51383e-09	-1.1284	0.29143	0.00329993	-0.233559	-0.895762	-0.000986349
313	2.51383e-09	-0.537613	1.02574	0.00339733	-0.823297	-0.427466	0.000844743
314	2.51383e-09	1.14835	0.0399906	-0.000100636	-0.0309925	0.932691	0.00144614
315	2.51383e-09	-0.935323	0.706063	-0.00183666	-0.558737	-0.734989	-0.000858874
316	2.51383e-09	0.924574	0.710745	-0.00110371	-0.562302	0.736241	0.000521541
317	2.51383e-09	0.500627	-1.04824	0.00190947	0.837828	0.397686	-0.00164455
318	2.51383e-09	-0.933909	-0.69672	-0.00264809	0.551741	-0.742275	-0.00128626
319	2.51383e-09	-0.951586	-0.670222	0.00177636	0.535323	-0.758045	-0.00153659
320	2.51383e-09	-0.527491	-1.06127	-9.61856e-05	0.821218	-0.407862	0.000192847
321	2.51383e-09	0.679139	0.945726	1.62267e-05	-0.750417	0.543386	-0.000547041
322	2.51383e-09	1.16229	-0.0660035	0.000216992	0.0528283	0.922965	-0.000306041
323	2.51383e-09	-0.765319	-0.884333	0.00124095	0.692955	-0.608041	0.000319146
324	2.51383e-09	0.347265	1.12463	-0.00102656	-0.881866	0.27021	0.00135935
325	2.51383e-09	0.523478	1.03307	-0.0010857	-0.827736	0.424798	0.000636329
326	2.51383e-09	1.08964	0.448352	-0.00404237	-0.351001	0.849847	0.000129761
327	2.51383e-09	1.06987	-0.484225	-0.00353536	0.380245	0.841791	0.000683965
328	2.51383e-09	0.136621	-1.14143	0.00151646	0.926551	0.111074	0.000769647
329	2.51383e-09	-1.13855	0.299098	0.000443296	-0.235267	-0.894579	-0.000413316
330	2.51383e-09	1.12774	-0.280981	-0.000716594	0.224136	0.897929	-0.00109293
331	2.51383e-09	1.15404	-0.0928275	0.00235463	0.0734068	0.926612	-0.00163431
332	2.51383e-09	-0.442965	-1.07726	0.000702029	0.858637	-0.351066	0.000122386
333	2.51383e-09	1.18015	0.0863505	-0.00110583	-0.0686642	0.91608	-0.000588373
334	2.51383e-09	0.964254	-0.664241	0.00103403	0.524155	0.763555	-0.00111571
335	2.51383e-09	0.770453	-0.89461	0.000177758	0.695627	0.602691	5.82137e-05
336	2.51383e-09	-0.0273998	-1.17103	0.00150249	0.923069	-0.0234609	0.00025035
337	2.51383e-09	-1.15932	-0.237004	-0.00209903	0.185043	-0.899197	-0.00185592
338	2.51383e-09	-0.573054	1.02372	-0.00124714	-0.8066	-0.452383	-0.00146816
339	2.51383e-09	0.933945	-0.726272	0.00132407	0.563625	0.729514	0.00182379
340	2.51383e-09	-0.855636	0.805512	-0.00161125	-0.633201	-0.673756	0.00141866
341	2.51383e-09	0.890595	0.779379	0.000727285	-0.60472	0.692826	-0.00146354
342	2.51383e-09	0.25164	-1.13793	0.000674059	0.906583	0.198187	4.70113e-05
343	2.51383e-09	-0.815772	0.817865	-0.00151704	-0.65665	-0.66086	-0.0016961
344	2.51383e-09	0.283634	1.14128	0.000838355	-0.898208	0.220824	0.000239461
345	2.51383e-09	0.967573	0.662865	-0.000821644	-0.521155	0.761894	-0.00289134
346	2.51383e-09	-0.855769	-0.805028	0.000936419	0.628729	-0.671398	0.00252924
347	2.51383e-09	0.0659572	1.1648	-0.00186997	-0.925975	0.0443258	0.000105079
348	2.51383e-09	-1.09358	0.457071	0.00152663	-0.350467	-0.846113	-0.00115837
349	2.51383e-09	1.10101	0.393179	0.00257181	-0.312378	0.872215	-0.000468788
350	2.51383e-09	0.144022	-1.16541	-0.00227931	0.917316	0.113681	-0.000699914
351	2.51383e-09	0.380349	1.12584	-0.000761511	-0.8681	0.297306	0.00080403
352	2.51383e-09	0.934329	0.715918	0.00378675	-0.559201	0.732356	-0.00159819
353	2.51383e-09	1.06807	0.556092	-0.00462513	-0.421987	0.805842	-0.000850837
354	2.51383e-09	0.805846	-0.866653	0.00264236	0.675131	0.62647	-0.001545
355	2.51383e-09	1.05171	-0.487491	0.00306862	0.388701	0.843165	0.00281481
356	2.51383e-09	-0.437956	1.10139	0.00171295	-0.854005	-0.341866	-0.00025306
357	2.51383e-09	1.07905	0.471858	-0.000912112	-0.37103	0.842898	1.69459e-05
358	2.51383e-09	-0.462456	1.09775	0.00236196	-0.845458	-0.358114	0.00143062
359	2.51383e-09	-0.722732	-0.942891	0.00307207	0.726883	-0.56172	-0.00191633
360	2.51383e-09	-0.486018	1.06571	0.00228347	-0.841187	-0.382225	0.000874143
361	2.51383e-09	-1.11044	0.374816	0.00048928	-0.292727	-0.876116	-0.00187681
362	2.51383e-09	1.10085	-0.413752	-0.00124011	0.325579	0.862928	0.00192693
363	2.51383e-09	-0.671246	-0.964092	-0.001872	0.762458	-0.523347	0.000239714
364	2.51383e-09	0.488723	-1.0604	0.000436373	0.842764	0.384607	-0.00106512
365	2.51383e-09	-1.10217	-0.458257	0.00225518	0.350844	-0.845454	-0.0012164
366	2.51383e-09	-0.716761	-0.942411	-0.00241671	0.731709	-0.55601	0.000754922
367	2.51383e-09	-0.453992	1.10499	-0.00144791	-0.846387	-0.343321	-0.00169417
368	2.51383e-09	0.332251	-1.15021	0.00105064	0.878644	0.255837	-0.000211057
369	2.51383e-09	-0.0236542	1.19828	0.000460929	-0.913037	-0.0167699	0.000747299
370	2.51383e-09	0.940992	-0.733407	0.000267331	0.564716	0.72142	0.000262446
371	2.51383e-09	-0.498212	-1.09925	-0.000393159	0.828402	-0.3779	-0.00106663
372	2.51383e-09	0.609381	-1.01368	0.00154797	0.789265	0.473988	-0.0022955
373	2.51383e-09	0.805907	0.875087	0.000498098	-0.673494	0.620656	-0.00171534
374	2.51383e-09	-0.000102134	1.20687	-0.00193224	-0.910726	0.00346372	-0.00219786
375	2.51383e-09	0.929226	0.751787	-0.000248595	-0.573857	0.711506	-0.000933978
376	2.51383e-09	-1.04587	-0.562776	0.000108388	0.43213	-0.808302	-0.00145901
377	2.51383e-09	-1.07969	0.503635	0.00258561	-0.391427	-0.828236	-0.00124827
378	2.51383e-09	-0.92666	0.752631	-0.000952768	-0.575368	-0.71333	-0.00182415
379	2.51383e-09	-1.02334	0.603061	-0.00234389	-0.464298	-0.788216	0.000276799
380	2.51383e-09	0.988817	0.652264	-0.000773933	-0.509197	0.764604	-0.000304391
381	2.51383e-09	0.0190929	1.18894	-0.0016508	-0.91606	0.016654	0.000458604
382	2.51383e-09	0.937536	-0.740219	-0.0016526	0.563395	0.721068	-0.00149955
383	2.51383e-09	0.00574077	1.17728	0.00161281	-0.920522	-0.00213946	0.000312009
384	2.51383e-09	1.07609	0.536442	-0.00234618	-0.411243	0.813732	0.00121076
385	2.51383e-09	-0.980982	-0.667118	0.00117969	0.518514	-0.758165	-0.000613604
386	2.51383e-09	0.806716	-0.886333	-0.00104094	0.674571	0.615957	-0.00235792
387	2.51383e-09	0.428318	1.11947	-0.00361368	-0.852713	0.329748	-0.00128296
388	2.51383e-09	-1.17894	-0.226473	-0.000450519	0.166392	-0.898943	-0.000870948
389	2.51383e-09	1.19068	-0.0902108	-0.00179954	0.069218	0.912189	-0.00186051
390	2.51383e-09	1.07784	0.477038	0.00273464	-0.374937	0.843304	-0.00194513
391	2.51383e-09	-1.15047	0.364627	-0.000957237	-0.271114	-0.868864	-0.00182601
392	2.51383e-09	0.144676	1.19042	0.000991394	-0.907878	0.109257	-0.00400449
393	2.51383e-09	-1.0662	0.572028	0.00311997	-0.423441	-0.804302	0.000293883
394	2.51383e-09	-1.20118	0.0992227	0.000952169	-0.0725775	-0.906278	0.00060347
395	2.51383e-09	1.03293	0.614597	-0.00100422	-0.468323	0.781419	0.000699889
396	2.51383e-09	0.613683	1.04142	-0.000359803	-0.782155	0.462298	0.000992488
397	2.51383e-09	-1.18935	0.209684	0.00121456	-0.158696	-0.894366	0.00252165
398	2.51383e-09	0.24819	-1.17727	-0.000311716	0.894604	0.18443	0.0014616
399	2.51383e-09	-0.300939	1.15888	-0.00243511	-0.886268	-0.228953	-0.0012818
400	2.51383e-09	0.246359	-1.16617	-0.00188841	0.898033	0.186004	0.00236431
