2.883000e+03
401
0	1	0.000133288	8.26222e-05	-1.21568e-07	3.45828e-08	5.38778e-08	5.87287e-12
1	2.51383e-09	0.963097	-0.269722	0.000424951	0.27431	0.962287	0.000604439
2	2.51383e-09	-0.525775	0.858934	-0.00022325	-0.849194	-0.521528	-0.000455627
3	2.51383e-09	0.4719	-0.881457	-0.000641263	0.881748	0.471681	0.00116877
4	2.51383e-09	-0.30059	0.949332	0.000775172	-0.956587	-0.302448	0.000287624
5	2.51383e-09	-0.527232	-0.851399	0.00139805	0.849433	-0.526536	-0.00162717
6	2.51383e-09	0.755011	0.66913	-0.00125417	-0.659866	0.744404	-0.000103613
7	2.51383e-09	-0.92672	-0.376096	0.000656053	0.376591	-0.925404	-0.00017063
8	2.51383e-09	0.892481	-0.446764	-0.000269243	0.451789	0.894626	0.000521509
9	2.51383e-09	-0.868323	-0.505902	-0.000639779	0.500699	-0.860821	-0.000353259
10	2.51383e-09	0.660315	-0.754023	0.000164464	0.752207	0.655181	-0.000845586
11	2.51383e-09	0.783896	-0.625627	-0.000957673	0.620854	0.781855	0.000676577
12	2.51383e-09	0.98923	0.242483	0.00103496	-0.233616	0.963484	0.00053602
13	2.51383e-09	0.946834	0.365993	-0.00141192	-0.360639	0.922145	0.0012054
14	2.51383e-09	-0.613699	0.806299	0.000877623	-0.785407	-0.604704	-0.000888067
15	2.51383e-09	0.90517	0.457274	-0.00140202	-0.44332	0.884933	0.000352209
16	2.51383e-09	-0.477023	0.88101	-0.00138307	-0.879871	-0.47354	0.00071774
17	2.51383e-09	-0.626509	-0.778893	-0.000581406	0.779558	-0.625799	0.00169214
18	2.51383e-09	-0.144714	-1.00135	-0.000321034	0.982968	-0.14775	-0.00070999
19	2.51383e-09	0.72848	0.700113	-0.000366574	-0.692928	0.716489	0.00194914
20	2.51383e-09	-0.213343	1.00356	0.000996981	-0.968432	-0.202347	0.00235814
21	2.51383e-09	0.901493	0.447855	0.000611599	-0.449806	0.892442	-0.000175899
22	2.51383e-09	0.790041	0.631697	0.000328178	-0.621887	0.776782	-0.00124307
23	2.51383e-09	-0.941612	-0.378474	0.00091011	0.374929	-0.919205	0.00113211
24	2.51383e-09	-0.843725	-0.573052	0.00160023	0.55147	-0.819363	0.000683237
25	2.51383e-09	-0.711577	-0.729465	0.00219232	0.708679	-0.692656	-0.00189756
26	2.51383e-09	0.994411	-0.182195	0.000471247	0.175835	0.979166	0.000815431
27	2.51383e-09	-0.1582	-1.00234	0.00221562	0.977553	-0.157023	-5.24132e-05
28	2.51383e-09	-0.881536	0.511913	0.000160983	-0.493521	-0.858196	0.000195103
29	2.51383e-09	0.122249	1.01757	0.00203663	-0.979521	0.119266	-0.000108334
30	2.51383e-09	-0.601307	0.814567	-0.00230401	-0.797258	-0.5929	0.000742011
31	2.51383e-09	0.176071	-0.992708	-0.000845135	0.98034	0.174905	-0.000841591
32	2.51383e-09	0.91619	-0.423639	0.00129204	0.418906	0.902816	0.000232601
33	2.51383e-09	0.370105	0.952415	0.000703394	-0.922452	0.357614	0.00118893
34	2.51383e-09	-0.871587	-0.54958	0.00166434	0.524826	-0.833438	0.000926163
35	2.51383e-09	0.139765	-1.00306	-0.000302615	0.987249	0.132951	0.00165755
36	2.51383e-09	0.503655	0.885808	0.00102868	-0.860559	0.4902	-0.000678576
37	2.51383e-09	0.0966989	-1.0139	0.000367098	0.985342	0.100133	-0.000602202
38	2.51383e-09	0.677171	0.744319	-0.00113745	-0.737617	0.671369	0.00107799
39	2.51383e-09	-0.710413	0.723886	0.000304954	-0.704663	-0.697162	0.0016682
40	2.51383e-09	0.358747	-0.946041	0.00159582	0.929696	0.350475	0.000116649
41	2.51383e-09	0.42416	-0.922546	-0.000362827	0.902058	0.414661	0.00245459
42	2.51383e-09	-1.02292	0.0896286	0.000963744	-0.0856791	-0.984019	-0.00173577
43	2.51383e-09	-0.889674	0.492222	-0.00163414	-0.483204	-0.866862	0.000797556
44	2.51383e-09	0.0419494	1.03521	-0.00134205	-0.97876	0.0391229	-0.000979271
45	2.51383e-09	0.776961	-0.664371	-0.00129833	0.64445	0.751629	-0.00040594
46	2.51383e-09	1.01335	-0.169221	0.00190916	0.163029	0.972069	0.000642756
47	2.51383e-09	0.833943	0.57682	-0.00072063	-0.566491	0.817277	-0.000934402
48	2.51383e-09	-0.993836	0.240824	0.000115916	-0.230944	-0.961602	-0.000469922
49	2.51383e-09	0.185466	-1.00805	-0.000388644	0.972541	0.179651	0.000855176
50	2.51383e-09	0.905538	-0.483227	-0.000646305	0.463695	0.871462	-0.00253152
51	2.51383e-09	-0.423566	-0.928917	2.18218e-05	0.900286	-0.40706	0.000468225
52	2.51383e-09	-0.972589	0.353055	0.000594108	-0.335502	-0.923631	-0.000136805
53	2.51383e-09	0.15942	-1.00839	0.000232584	0.978361	0.152992	-0.00117183
54	2.51383e-09	-0.188115	-0.993778	0.000915468	0.977278	-0.18912	-0.000407305
55	2.51383e-09	0.654304	-0.796863	0.000470478	0.76215	0.626948	-0.00051816
56	2.51383e-09	-0.908145	-0.475008	0.0015544	0.45375	-0.877957	-0.00271687
57	2.51383e-09	-0.325587	-0.985797	0.000682905	0.93063	-0.306826	-0.0012732
58	2.51383e-09	0.127936	1.02415	0.00117485	-0.977588	0.122734	0.000935906
59	2.51383e-09	-0.193412	1.00025	-0.000130889	-0.975348	-0.184341	-0.00112967
60	2.51383e-09	-0.297643	-0.980291	-0.00015913	0.943764	-0.290428	0.00216751
61	2.51383e-09	-1.01801	-0.230003	0.00161704	0.217556	-0.952322	-0.0013255
62	2.51383e-09	-0.858195	0.567547	0.00149022	-0.542229	-0.822493	0.000480835
63	2.51383e-09	0.451178	-0.929324	-0.0011899	0.884214	0.426487	-0.000944433
64	2.51383e-09	-0.925697	-0.445079	-0.00166615	0.428872	-0.888531	0.00112555
65	2.51383e-09	0.740411	-0.722647	0.000928251	0.68756	0.704054	0.00169164
66	2.51383e-09	-1.00019	-0.259709	-0.00144214	0.248642	-0.948666	-0.000884475
67	2.51383e-09	0.163296	-1.02688	-0.00107713	0.968199	0.153662	0.00191434
68	2.51383e-09	-0.227379	-1.00976	0.00303899	0.958057	-0.214959	0.00154923
69	2.51383e-09	-0.0253236	-1.03425	-0.00165081	0.981775	-0.02637	-5.40638e-05
70	2.51383e-09	0.739216	-0.714434	-0.00104949	0.688072	0.70763	-0.00226285
71	2.51383e-09	0.93737	0.447912	0.000987231	-0.422419	0.885393	-0.00155493
72	2.51383e-09	-0.924356	0.480786	-0.00042498	-0.458559	-0.868766	0.00151649
73	2.51383e-09	-0.859376	-0.569458	-0.000389289	0.54302	-0.82337	0.00169642
74	2.51383e-09	-0.226235	-1.00493	-0.000951862	0.963527	-0.215891	0.00195434
75	2.51383e-09	1.01969	-0.187581	0.000512618	0.177345	0.96494	0.00067837
76	2.51383e-09	-1.04659	-0.0708083	0.000631223	0.0679515	-0.973878	-0.00118724
77	2.51383e-09	-0.589828	-0.863758	0.000110466	0.807709	-0.55153	-0.000109945
78	2.51383e-09	-0.410037	0.96015	-1.34005e-06	-0.899578	-0.382824	-0.00110059
79	2.51383e-09	1.01036	0.208436	0.000643024	-0.202581	0.96375	-0.00270519
80	2.51383e-09	0.931447	-0.47834	-0.000985246	0.44488	0.869606	0.00114367
81	2.51383e-09	0.141735	-1.03602	0.000217693	0.968242	0.134489	-0.000581458
82	2.51383e-09	-1.0424	-0.00904127	0.0010907	0.00580959	-0.981494	0.000647483
83	2.51383e-09	-0.587408	-0.859944	-0.00198946	0.807647	-0.555483	0.00184607
84	2.51383e-09	0.974435	0.37159	0.00124126	-0.351779	0.912679	-0.00193142
85	2.51383e-09	-0.969816	0.349625	0.00140307	-0.332579	-0.927979	-0.00161516
86	2.51383e-09	-0.946839	0.448384	-0.000542351	-0.417723	-0.881443	-3.05306e-05
87	2.51383e-09	0.267481	0.997268	-0.00109433	-0.951751	0.25865	0.000260147
88	2.51383e-09	-0.921979	0.481327	0.00150591	-0.453106	-0.868492	-0.0018908
89	2.51383e-09	1.03315	0.254659	0.000983714	-0.230621	0.940381	-0.0004775
90	2.51383e-09	-0.345939	0.984859	0.00108868	-0.924446	-0.323953	-0.00183613
91	2.51383e-09	0.607822	-0.8427	0.000116187	0.794842	0.577769	0.000552984
92	2.51383e-09	-0.822096	-0.65824	0.000907715	0.610098	-0.759005	5.05001e-07
93	2.51383e-09	0.372631	-0.992738	0.000408759	0.907325	0.340923	-0.00195832
94	2.51383e-09	-1.02428	-0.211318	0.000727627	0.195343	-0.957141	0.00139792
95	2.51383e-09	-0.981481	0.351661	-0.000672279	-0.332641	-0.922344	-0.00040999
96	2.51383e-09	0.9544	0.442257	0.000811383	-0.409971	0.886198	0.000520265
97	2.51383e-09	0.787066	-0.700715	0.00337429	0.651375	0.723403	0.00194849
98	2.51383e-09	-1.05026	-0.173424	-2.82106e-05	0.157991	-0.954127	0.0012323
99	2.51383e-09	-1.01174	0.323553	-0.00116698	-0.292852	-0.925036	0.000455949
100	2.51383e-09	0.675509	0.796735	0.000795613	-0.748529	0.633544	0.000508293
101	2.51383e-09	-0.107786	1.02743	-0.00057283	-0.978768	-0.100006	0.000248955
102	2.51383e-09	-0.921338	0.491536	-0.00145753	-0.455761	-0.865044	-0.000832704
103	2.51383e-09	-0.923937	-0.493955	-0.00126254	0.461349	-0.863616	-0.00191968
104	2.51383e-09	-1.04641	-0.14127	-0.00143139	0.125028	-0.964267	0.000891911
105	2.51383e-09	-0.107914	1.0492	3.44851e-05	-0.965739	-0.103911	-0.000210636
106	2.51383e-09	0.511569	-0.921734	-0.000122981	0.850317	0.4722	-0.00190274
107	2.51383e-09	1.0019	0.347846	-0.00152351	-0.315076	0.916455	-0.000422639
108	2.51383e-09	-1.0531	-0.149472	0.000238424	0.134494	-0.960034	-0.00135447
109	2.51383e-09	0.970998	0.412471	-0.000921551	-0.381838	0.897604	0.000945471
110	2.51383e-09	-0.834972	0.644149	0.00161217	-0.597715	-0.769412	0.000481185
111	2.51383e-09	0.600034	0.875113	0.000101152	-0.801065	0.551568	5.04123e-05
112	2.51383e-09	1.05444	-0.108269	9.09326e-06	0.0977187	0.965369	0.00108341
113	2.51383e-09	-0.123734	1.04942	0.00213032	-0.966488	-0.115981	-0.00118874
114	2.51383e-09	-1.02686	-0.222347	0.00228544	0.207734	-0.952518	-0.000241961
115	2.51383e-09	1.06842	0.0297491	-0.00244242	-0.0266781	0.964485	0.000112474
116	2.51383e-09	-0.35794	0.994422	-0.000315846	-0.914247	-0.326669	-0.000655346
117	2.51383e-09	-0.52536	0.915672	3.78001e-05	-0.844891	-0.484247	-5.7859e-05
118	2.51383e-09	1.06894	-0.0289364	0.00304641	0.0268674	0.9655	0.000184182
119	2.51383e-09	0.813511	0.676426	7.89367e-05	-0.620714	0.74744	-0.000535486
120	2.51383e-09	0.835925	-0.636019	-0.001596	0.594164	0.774448	-0.000210327
121	2.51383e-09	0.740624	0.767917	-0.00167095	-0.700505	0.669132	0.000336888
122	2.51383e-09	0.992628	-0.381667	-0.0013519	0.350904	0.904701	-0.000862443
123	2.51383e-09	-0.840852	-0.618622	0.000643974	0.579653	-0.791802	-0.00225575
124	2.51383e-09	-0.876238	0.618303	-0.00227549	-0.560179	-0.789073	-0.00117819
125	2.51383e-09	-1.02715	-0.260982	-0.00141618	0.240503	-0.9424	-0.000918075
126	2.51383e-09	-1.06231	-0.00290255	0.000973589	0.00450782	-0.969241	0.00134721
127	2.51383e-09	0.945152	-0.481051	-0.00036502	0.440739	0.865947	-0.00152401
128	2.51383e-09	-0.153496	-1.04861	0.000847402	0.962302	-0.141853	-0.000692243
129	2.51383e-09	0.217973	1.04922	0.00174331	-0.944254	0.196486	0.000234852
130	2.51383e-09	0.992335	0.34075	0.00105779	-0.31742	0.924791	0.000319536
131	2.51383e-09	-1.05864	-0.181873	0.00187779	0.162314	-0.951092	0.000951055
132	2.51383e-09	0.792012	0.727257	-0.000329856	-0.648609	0.714009	0.00160674
133	2.51383e-09	-1.06314	0.0800439	0.00195734	-0.0735954	-0.964486	0.00256745
134	2.51383e-09	1.0554	-0.0882002	0.000721948	0.0852551	0.969425	-2.25836e-05
135	2.51383e-09	-0.72627	-0.782344	-0.00184522	0.712041	-0.656599	0.00126868
136	2.51383e-09	1.03281	-0.315371	0.000943546	0.279907	0.919937	0.00291305
137	2.51383e-09	1.03393	0.264866	0.00146178	-0.238723	0.937497	-0.00192393
138	2.51383e-09	0.734584	0.778766	0.00132948	-0.702618	0.664281	0.000533345
139	2.51383e-09	-0.239467	-1.03837	0.000713456	0.943995	-0.21466	0.000597974
140	2.51383e-09	0.781118	0.750173	0.000737969	-0.663999	0.693242	0.000578388
141	2.51383e-09	0.787859	0.713688	-0.00312076	-0.652171	0.720518	0.00161854
142	2.51383e-09	0.938186	0.537724	-0.000599886	-0.475297	0.833598	-0.00133455
143	2.51383e-09	0.183346	1.05455	-0.00103134	-0.952023	0.16641	0.00164733
144	2.51383e-09	0.646105	0.868561	-0.000822297	-0.769134	0.575875	-0.00024021
145	2.51383e-09	-1.05693	-0.186171	-0.00128649	0.166305	-0.950191	0.000454277
146	2.51383e-09	0.0634361	1.09184	0.000859783	-0.953627	0.055684	0.000679455
147	2.51383e-09	0.777461	0.750748	-0.00169123	-0.673498	0.688638	0.000975848
148	2.51383e-09	-1.06383	-0.228083	0.00108076	0.202127	-0.93437	0.000472635
149	2.51383e-09	-0.668338	-0.825968	0.000169163	0.751512	-0.617979	-0.000243073
150	2.51383e-09	0.976055	0.448746	-0.000868083	-0.405234	0.876328	0.0028184
151	2.51383e-09	1.073	-0.122258	-0.000974013	0.109241	0.956583	-0.00103666
152	2.51383e-09	-0.148651	1.05871	-0.000339755	-0.957962	-0.136421	0.00242465
153	2.51383e-09	-0.304922	1.03709	0.000715897	-0.923561	-0.271837	0.000950411
154	2.51383e-09	-1.00987	0.41939	3.93336e-05	-0.371221	-0.879342	-0.000141781
155	2.51383e-09	-1.03956	0.260061	-0.00148679	-0.237731	-0.936713	-0.0017682
156	2.51383e-09	-0.539424	0.926173	-0.00212997	-0.838325	-0.48347	-0.000552886
157	2.51383e-09	0.35182	1.01812	-0.00133586	-0.911085	0.312584	0.000132181
158	2.51383e-09	0.940116	-0.560651	-0.000400824	0.49069	0.818809	0.00154894
159	2.51383e-09	0.679703	-0.829024	-0.00264034	0.747119	0.611609	0.00107076
160	2.51383e-09	-0.97806	-0.449216	0.000206564	0.401522	-0.87731	-0.000844248
161	2.51383e-09	0.992789	0.443538	-0.000595297	-0.39237	0.874722	-0.00099235
162	2.51383e-09	-0.438131	-0.993395	-0.000776257	0.876861	-0.388232	0.00112301
163	2.51383e-09	1.06896	-0.132604	0.000297793	0.119216	0.955829	-0.00208865
164	2.51383e-09	1.01388	0.310596	0.000976985	-0.28443	0.930519	1.43348e-05
165	2.51383e-09	-0.969161	0.50609	0.000119857	-0.442888	-0.84549	0.00156589
166	2.51383e-09	-0.50678	0.961333	-0.00102314	-0.849371	-0.445549	-0.000271961
167	2.51383e-09	-0.759338	0.777381	-0.00251482	-0.681236	-0.675011	0.000863452
168	2.51383e-09	-0.103238	1.07541	0.00144547	-0.957819	-0.0987563	0.000340005
169	2.51383e-09	-0.65317	0.866167	-0.000749315	-0.764382	-0.57834	7.0674e-05
170	2.51383e-09	-0.320619	-1.04008	0.00322325	0.917973	-0.281847	-0.000420024
171	2.51383e-09	-0.737423	0.794784	-0.00228913	-0.703405	-0.654759	-0.0022248
172	2.51383e-09	1.07055	0.252098	-0.000347738	-0.214704	0.930239	-0.000214633
173	2.51383e-09	-0.393583	1.03445	0.000997755	-0.88719	-0.33683	0.00173787
174	2.51383e-09	-1.10306	0.0555757	-0.00189462	-0.0484267	-0.947831	0.000499009
175	2.51383e-09	-0.87931	0.655034	-0.0011374	-0.566211	-0.766494	-0.000762374
176	2.51383e-09	-0.110188	-1.06757	0.00157361	0.960439	-0.102184	0.000250234
177	2.51383e-09	0.513724	-0.971264	-0.00172222	0.845573	0.444062	-9.43041e-05
178	2.51383e-09	0.0309065	1.09298	0.000924151	-0.954822	0.0252775	-0.000385407
179	2.51383e-09	-0.817192	-0.720698	-0.00128642	0.631772	-0.720366	0.000169738
180	2.51383e-09	0.527841	0.942399	0.00158671	-0.841242	0.471866	0.00112083
181	2.51383e-09	-0.0542182	1.09431	-0.000130854	-0.95622	-0.0476568	0.0013909
182	2.51383e-09	1.06928	0.210032	-0.00231899	-0.183402	0.939827	0.00116975
183	2.51383e-09	-0.310467	1.0589	-0.0023354	-0.914208	-0.267493	-0.000444705
184	2.51383e-09	-0.49577	0.974467	-0.00182862	-0.854302	-0.431784	-0.000533682
185	2.51383e-09	-0.77681	-0.760054	0.000501277	0.671237	-0.685953	-0.000277373
186	2.51383e-09	0.21382	-1.05632	0.000114042	0.942957	0.189517	-0.000864374
187	2.51383e-09	0.346451	-1.02717	-3.76379e-05	0.909068	0.307184	-0.000278702
188	2.51383e-09	-0.977138	-0.479751	0.00133728	0.422191	-0.862222	-0.00114105
189	2.51383e-09	0.93239	0.584178	0.000216302	-0.506842	0.80628	-0.00099376
190	2.51383e-09	0.959146	0.537059	-0.000758624	-0.468681	0.832175	-0.00078605
191	2.51383e-09	0.142461	-1.08505	0.000693201	0.947942	0.124428	0.00156523
192	2.51383e-09	0.0523901	1.10367	0.00391853	-0.949415	0.0457654	0.000535692
193	2.51383e-09	0.0632454	-1.10627	0.000830311	0.946518	0.055959	-0.00187434
194	2.51383e-09	0.066257	1.10656	0.00212662	-0.95026	0.0533001	-0.000409183
195	2.51383e-09	0.558593	-0.936408	3.59446e-05	0.820393	0.494904	0.00291823
196	2.51383e-09	-0.431499	1.01201	0.00130867	-0.877616	-0.370956	0.0003937
197	2.51383e-09	0.0989471	-1.0941	0.00030804	0.949506	0.0833041	-0.000357243
198	2.51383e-09	1.10643	-0.0862858	0.000756845	0.0714524	0.949071	0.000507656
199	2.51383e-09	0.5019	0.978447	0.000255569	-0.850956	0.431069	0.000971996
200	2.51383e-09	-0.0228953	1.10567	0.00120786	-0.950155	-0.0243863	-0.00255201
201	2.51383e-09	-0.494685	0.983752	-0.00282074	-0.851424	-0.428406	0.000498768
202	2.51383e-09	-0.236464	-1.07953	-0.00242057	0.926602	-0.205149	0.0017799
203	2.51383e-09	-1.02273	0.392647	-7.54302e-05	-0.341037	-0.890229	0.000909893
204	2.51383e-09	-0.991551	-0.496146	0.000603459	0.42562	-0.847913	-0.00179961
205	2.51383e-09	0.682273	-0.886538	0.00158937	0.748132	0.580617	-0.00123261
206	2.51383e-09	0.14406	1.09844	0.00100616	-0.940375	0.119503	0.00250811
207	2.51383e-09	0.0295821	1.1089	-0.000747938	-0.94793	0.0250928	-0.000249757
208	2.51383e-09	-1.01642	-0.401983	-0.00012249	0.350925	-0.890884	0.000507856
209	2.51383e-09	-1.08772	-0.118109	-0.000616564	0.101688	-0.950079	-0.000874741
210	2.51383e-09	0.244367	-1.08598	-0.000345407	0.923783	0.208626	-0.000668359
211	2.51383e-09	0.877773	-0.677965	-0.00110503	0.5804	0.748415	-0.000204587
212	2.51383e-09	-0.732404	0.854956	-0.000754802	-0.7159	-0.612088	-0.000381372
213	2.51383e-09	0.757211	-0.798729	-0.00152335	0.690704	0.653937	-0.000662459
214	2.51383e-09	-1.03281	-0.392839	-0.00106316	0.342185	-0.88817	-0.000932669
215	2.51383e-09	1.09558	0.178894	-0.00168488	-0.158835	0.936082	-0.000434586
216	2.51383e-09	-1.10471	-0.0450122	-1.10485e-05	0.039342	-0.952244	1.53393e-05
217	2.51383e-09	-0.208492	1.09427	-0.000119175	-0.931979	-0.171301	0.000176099
218	2.51383e-09	-0.533176	0.953372	-0.0011023	-0.836881	-0.464674	-0.000357466
219	2.51383e-09	0.0115204	1.11647	-0.00106423	-0.946584	0.0113047	-0.00104804
220	2.51383e-09	-1.10504	0.126982	0.00286708	-0.108513	-0.942069	-0.000842076
221	2.51383e-09	0.711529	-0.845706	-0.00153877	0.726454	0.611682	-0.000628483
222	2.51383e-09	0.611826	0.932112	-0.000522585	-0.790228	0.521499	-0.0021344
223	2.51383e-09	1.00462	0.497575	0.00102812	-0.41801	0.845556	-0.000889441
224	2.51383e-09	-0.122933	1.10451	-0.000708062	-0.942731	-0.106962	-0.000507651
225	2.51383e-09	-1.12228	0.0796577	-0.00153247	-0.0655068	-0.937462	0.00114889
226	2.51383e-09	-0.104674	1.12056	0.00012023	-0.9388	-0.0870884	-0.00144136
227	2.51383e-09	0.804768	0.759223	-0.00186013	-0.656041	0.690266	-0.000988328
228	2.51383e-09	-1.03643	-0.407542	-0.00152961	0.346996	-0.881376	0.000373528
229	2.51383e-09	-0.814729	-0.786753	-0.00170772	0.653374	-0.677601	-0.0009324
230	2.51383e-09	1.03684	-0.465758	0.00222833	0.384764	0.855032	0.000161949
231	2.51383e-09	-0.378948	-1.07142	0.00217412	0.885083	-0.309324	-0.000676852
232	2.51383e-09	-0.319605	-1.0529	0.000946626	0.915187	-0.276991	-0.000927108
233	2.51383e-09	-1.00536	-0.475886	0.0007376	0.404248	-0.860167	-0.00169775
234	2.51383e-09	-0.159643	1.10082	0.000660888	-0.938957	-0.138586	0.000525439
235	2.51383e-09	0.157428	-1.10996	-0.000117058	0.933852	0.132095	-0.0045274
236	2.51383e-09	1.13273	0.0114782	0.000359252	-0.00496788	0.938561	0.00138247
237	2.51383e-09	1.07173	0.325976	-0.000336246	-0.274783	0.90391	0.000411314
238	2.51383e-09	1.12593	0.0432035	0.00124371	-0.0316374	0.941863	0.00112457
239	2.51383e-09	1.1088	-0.0676414	-0.00223884	0.0586184	0.94851	0.00218759
240	2.51383e-09	0.786562	0.812893	-0.00258002	-0.675705	0.655199	-0.00089056
241	2.51383e-09	-1.10285	0.231294	-0.00112218	-0.196632	-0.91905	0.000542421
242	2.51383e-09	-0.544063	-1.0052	-0.00333128	0.822898	-0.442704	-0.000307655
243	2.51383e-09	0.582897	-0.96605	-0.00128458	0.80631	0.482082	-0.000210537
244	2.51383e-09	-1.05943	0.391009	0.000670658	-0.327566	-0.881605	-0.00105365
245	2.51383e-09	-0.642136	0.927349	-0.00105041	-0.774923	-0.533679	-0.00075415
246	2.51383e-09	1.09387	0.220722	0.00172556	-0.186688	0.930186	-0.0013934
247	2.51383e-09	1.10417	-0.112608	0.00216883	0.0987078	0.945006	0.000490224
248	2.51383e-09	0.951147	0.57534	-0.000553663	-0.488428	0.8149	0.00275313
249	2.51383e-09	-0.243488	1.09368	-0.000219214	-0.922046	-0.204687	-0.000794054
250	2.51383e-09	0.723579	0.863705	-0.000151032	-0.721239	0.604744	-0.00102687
251	2.51383e-09	-0.871756	0.720936	-0.000683177	-0.601188	-0.722292	0.0011351
252	2.51383e-09	0.706764	-0.885217	-0.00207097	0.734262	0.583508	-0.00226214
253	2.51383e-09	-0.539357	0.990094	0.00011785	-0.825733	-0.449805	0.000884562
254	2.51383e-09	-0.3109	1.06812	-0.000764666	-0.911108	-0.270802	-0.000300254
255	2.51383e-09	1.02486	0.496171	-0.00036296	-0.407908	0.8414	-0.00170574
256	2.51383e-09	-0.748441	-0.842934	-0.000736243	0.703668	-0.62832	-0.00022428
257	2.51383e-09	-0.888424	-0.705244	-0.000730383	0.584167	-0.735791	0.00183526
258	2.51383e-09	0.704625	0.900417	0.000541492	-0.734538	0.573876	-0.00101416
259	2.51383e-09	0.895196	-0.684007	0.00194829	0.572298	0.749536	-0.000607245
260	2.51383e-09	-1.11412	0.172621	0.00293373	-0.144676	-0.9322	-0.000791765
261	2.51383e-09	-0.635571	0.952695	0.000539422	-0.775042	-0.519719	0.000147898
262	2.51383e-09	1.11017	0.1704	-0.000390391	-0.1393	0.933499	0.00122766
263	2.51383e-09	-1.11882	-0.176963	-0.00207547	0.14445	-0.92807	0.00051131
264	2.51383e-09	-1.12864	-0.0256184	-0.000503898	0.0243048	-0.940231	0.000776186
265	2.51383e-09	-0.836182	-0.768007	-8.3355e-05	0.638828	-0.690227	0.000366036
266	2.51383e-09	-1.13757	0.0228793	0.0015857	-0.0193109	-0.936252	-0.00127203
267	2.51383e-09	-1.1175	-0.11274	-0.00231859	0.0951814	-0.940872	0.00090554
268	2.51383e-09	1.12328	-0.0341278	-0.000996817	0.026266	0.943864	6.83961e-06
269	2.51383e-09	-1.00917	0.526171	0.00178123	-0.436919	-0.830254	-0.000582833
270	2.51383e-09	-0.273792	-1.09934	0.00100544	0.911581	-0.226459	0.000809675
271	2.51383e-09	-0.423214	1.06231	0.0010066	-0.869775	-0.346923	0.000578076
272	2.51383e-09	-0.88675	-0.725717	0.000176505	0.588601	-0.723044	0.00104803
273	2.51383e-09	-0.915124	-0.678608	-0.00100161	0.556564	-0.753474	-0.000863514
274	2.51383e-09	-0.191273	-1.11887	0.000603935	0.924595	-0.157284	0.000152065
275	2.51383e-09	-0.79099	-0.827522	0.00134247	0.677959	-0.642259	-0.0012915
276	2.51383e-09	0.969583	-0.600207	-0.000587368	0.491986	0.795402	1.08045e-05
277	2.51383e-09	1.11194	0.277586	-0.00141939	-0.221873	0.907377	2.61908e-06
278	2.51383e-09	1.13761	0.179638	0.000450732	-0.143296	0.918152	-0.00121587
279	2.51383e-09	1.03512	0.475162	0.000244945	-0.385248	0.854966	-0.000894615
280	2.51383e-09	1.03192	-0.53169	-0.000511739	0.419682	0.825656	-0.00162261
281	2.51383e-09	-0.427197	1.05262	-0.00105363	-0.869157	-0.356537	4.94533e-05
282	2.51383e-09	-0.620707	-0.961521	-0.000198258	0.785048	-0.506335	-0.00218368
283	2.51383e-09	0.122934	-1.13968	0.000342137	0.928849	0.0978542	-0.000770065
284	2.51383e-09	-0.70243	-0.908646	-0.00153686	0.739092	-0.571962	0.000432028
285	2.51383e-09	-0.998068	-0.586883	-0.00107492	0.467679	-0.801568	0.000718453
286	2.51383e-09	0.76665	0.836538	-0.00209666	-0.692366	0.633398	-0.00245035
287	2.51383e-09	1.09934	0.319594	-0.000356637	-0.258108	0.898633	-0.00166949
288	2.51383e-09	-1.15341	-0.0797198	-0.000698723	0.0639019	-0.92699	-0.0010131
289	2.51383e-09	-0.742782	0.884053	-0.00311594	-0.711397	-0.600571	0.000813553
290	2.51383e-09	-0.115504	-1.1361	-0.00149155	0.931286	-0.0961587	0.000963335
291	2.51383e-09	1.13236	-0.166176	-0.00125908	0.137594	0.925063	7.68826e-05
292	2.51383e-09	-0.954144	-0.658918	-0.000950181	0.52818	-0.760462	0.000307213
293	2.51383e-09	-0.638534	0.950361	-0.00212077	-0.777039	-0.519672	-0.000610371
294	2.51383e-09	-1.11965	0.290907	0.00198038	-0.234504	-0.899661	0.00172295
295	2.51383e-09	-0.598614	-0.976622	-3.79311e-05	0.797678	-0.486139	-0.00118024
296	2.51383e-09	-1.14219	-0.173167	-0.00010247	0.134069	-0.920664	-6.30457e-05
297	2.51383e-09	0.525466	-1.01945	0.00309748	0.830242	0.426916	0.000825261
298	2.51383e-09	-1.11526	-0.291757	0.000623146	0.235151	-0.900596	-0.00114305
299	2.51383e-09	1.12679	0.246571	0.000860007	-0.203137	0.908115	-0.000262369
300	2.51383e-09	-1.00435	-0.580611	0.000260175	0.466403	-0.804561	-0.00213147
301	2.51383e-09	1.04607	0.502695	-0.000479699	-0.394333	0.838926	-0.00146594
302	2.51383e-09	-0.265653	-1.13014	0.00132623	0.90573	-0.209559	-0.00104086
303	2.51383e-09	0.60305	-0.985116	0.000235793	0.796797	0.482034	-0.000532914
304	2.51383e-09	-1.04228	-0.509664	-0.000863989	0.409776	-0.833122	0.00192122
305	2.51383e-09	1.0216	0.514611	-0.0011722	-0.421619	0.835389	0.00189216
306	2.51383e-09	1.07679	0.435631	0.000231717	-0.349065	0.85803	0.00157825
307	2.51383e-09	0.970946	0.649764	0.000896819	-0.51452	0.765802	-0.00133335
308	2.51383e-09	-1.15575	-0.0494418	-0.000674123	0.0402737	-0.930618	-0.0018648
309	2.51383e-09	-0.650404	0.949292	0.000826471	-0.767121	-0.528868	-5.19401e-05
310	2.51383e-09	1.06123	-0.42536	0.00168144	0.343252	0.869284	0.000355236
311	2.51383e-09	-0.0529473	-1.15641	0.000940949	0.926387	-0.0410875	0.000633604
312	2.51383e-09	0.00586926	1.16505	-0.00268895	-0.925188	0.00715102	-0.00101864
313	2.51383e-09	0.455712	-1.05386	-0.000789139	0.858046	0.369649	0.00243817
314	2.51383e-09	0.788339	-0.844813	-0.00132513	0.681711	0.634472	-0.000378495
315	2.51383e-09	-0.457827	-1.07838	0.00226072	0.849495	-0.359718	-0.0033528
316	2.51383e-09	-0.489084	-1.05109	0.000369956	0.842246	-0.391832	0.000679739
317	2.51383e-09	0.324289	-1.11601	-0.000865229	0.888973	0.260411	-0.000794486
318	2.51383e-09	-0.0209975	1.16888	0.00153719	-0.923363	-0.0175004	0.000923198
319	2.51383e-09	0.0974149	-1.1668	-8.25894e-05	0.919928	0.0772877	0.00167127
320	2.51383e-09	-0.772445	0.881035	-4.5924e-05	-0.697209	-0.609084	0.00101452
321	2.51383e-09	1.16722	-0.0522429	-0.000624513	0.0412836	0.924148	0.000573754
322	2.51383e-09	-0.700554	-0.932239	-0.000951549	0.739756	-0.555832	-0.000803242
323	2.51383e-09	0.161857	-1.16879	-0.00244976	0.910475	0.125185	0.000758241
324	2.51383e-09	0.938543	-0.715582	-4.89174e-05	0.55418	0.733242	0.00237902
325	2.51383e-09	-0.871108	-0.783769	-6.61947e-05	0.616491	-0.684596	-0.000340456
326	2.51383e-09	1.0142	0.578714	-0.00109867	-0.457246	0.803112	0.000550916
327	2.51383e-09	-1.13214	0.334406	-0.00243026	-0.260444	-0.881527	0.000458211
328	2.51383e-09	-0.8646	0.777852	0.00044974	-0.618941	-0.687594	-0.000343831
329	2.51383e-09	0.832218	-0.849432	0.00336704	0.651189	0.643042	-0.00136631
330	2.51383e-09	0.972531	0.636605	-0.00086325	-0.506591	0.778288	-0.00127428
331	2.51383e-09	-0.908553	-0.718198	0.00112757	0.578683	-0.730208	0.000446405
332	2.51383e-09	-0.471263	-1.06173	0.000995471	0.84923	-0.374216	-0.001311
333	2.51383e-09	-0.452495	-1.08566	-0.00133539	0.850653	-0.357265	-0.000113015
334	2.51383e-09	-0.0542142	1.1695	-0.000749987	-0.9237	-0.0426299	7.23945e-05
335	2.51383e-09	-0.420097	-1.10337	0.000639077	0.858526	-0.326077	0.00149817
336	2.51383e-09	-1.17103	0.093837	0.000124295	-0.0761163	-0.919094	0.000330056
337	2.51383e-09	1.0546	-0.52738	0.00111058	0.413855	0.8228	-0.000173144
338	2.51383e-09	0.39079	1.09538	-0.00158874	-0.875275	0.309363	0.000658881
339	2.51383e-09	-0.710392	-0.956972	0.000370289	0.733569	-0.54762	-0.000105911
340	2.51383e-09	-0.0893569	-1.17881	-0.0010504	0.917939	-0.0696198	-0.00131203
341	2.51383e-09	-0.778664	0.871094	-0.00101387	-0.690906	-0.619874	-0.000532501
342	2.51383e-09	1.13469	0.294208	4.86283e-06	-0.232669	0.893544	-0.00135161
343	2.51383e-09	-1.09163	0.408815	-0.000143107	-0.326811	-0.868116	0.000435339
344	2.51383e-09	-0.239472	-1.14869	-0.000491838	0.90361	-0.18718	0.00136201
345	2.51383e-09	-0.835557	-0.824585	-0.00125968	0.647171	-0.656625	-0.000864259
346	2.51383e-09	0.31364	-1.11418	-0.0010559	0.894035	0.252196	-4.52386e-05
347	2.51383e-09	-1.13349	-0.295325	-0.000129917	0.228414	-0.894724	-0.00126152
348	2.51383e-09	1.17383	0.140031	0.000478529	-0.106421	0.913443	0.000642272
349	2.51383e-09	-1.17751	0.130025	0.000635191	-0.0997451	-0.90998	9.76903e-07
350	2.51383e-09	-0.690481	-0.940466	-0.00140902	0.750323	-0.543759	-0.000324534
351	2.51383e-09	0.0540116	-1.19007	0.000961781	0.913711	0.0448829	-0.000580364
352	2.51383e-09	-0.132598	1.17523	-0.000369203	-0.913547	-0.102804	0.00258347
353	2.51383e-09	-0.743776	-0.923108	-0.000943619	0.716619	-0.576366	0.00068192
354	2.51383e-09	0.0265118	-1.18987	-0.000263651	0.916865	0.0240254	-0.0012954
355	2.51383e-09	-1.15442	0.143652	-0.00147798	-0.114847	-0.922733	0.00120237
356	2.51383e-09	-0.193566	1.16909	7.96423e-05	-0.906247	-0.146619	-0.000726708
357	2.51383e-09	-0.993753	-0.646766	0.0031293	0.502023	-0.769796	-0.00073268
358	2.51383e-09	-1.18235	-0.101825	0.000596212	0.0807699	-0.915421	0.000570117
359	2.51383e-09	-0.867207	-0.82134	0.00123496	0.632065	-0.661867	-0.000289617
360	2.51383e-09	-0.0234614	-1.16155	-0.000839642	0.929073	-0.0235922	-0.000322736
361	2.51383e-09	-0.210528	1.17263	0.00042377	-0.900833	-0.161662	-0.000770191
362	2.51383e-09	1.16243	-0.228855	-4.49854e-05	0.172996	0.900384	-0.00180658
363	2.51383e-09	0.595301	-1.01379	0.00184447	0.797262	0.464763	0.000671119
364	2.51383e-09	-0.669196	0.961438	0.00115193	-0.756702	-0.530621	-0.000860637
365	2.51383e-09	0.109668	1.18882	0.000733844	-0.911481	0.0836489	0.000501181
366	2.51383e-09	-1.16907	-0.218685	0.000637509	0.169831	-0.902348	0.000862793
367	2.51383e-09	-1.06552	0.535789	0.00214227	-0.411159	-0.816266	0.000780245
368	2.51383e-09	-0.0520696	-1.19059	-0.000608861	0.914016	-0.0391934	0.00114381
369	2.51383e-09	0.082894	-1.19476	0.000197706	0.911102	0.060769	-0.00192058
370	2.51383e-09	-0.690746	0.969504	-0.000471844	-0.743862	-0.533167	0.000482713
371	2.51383e-09	-0.784379	0.895868	-0.00213391	-0.689931	-0.604682	0.000882817
372	2.51383e-09	-1.10427	-0.438657	-0.00168586	0.337938	-0.852965	0.000162524
373	2.51383e-09	0.213768	-1.17036	0.000452616	0.900962	0.163558	-0.00189776
374	2.51383e-09	1.18647	0.132752	0.000895316	-0.100654	0.911711	9.11086e-05
375	2.51383e-09	1.13309	0.374375	0.000435541	-0.28563	0.86965	0.000215442
376	2.51383e-09	0.938396	-0.729688	-0.000566376	0.56475	0.722947	0.000867439
377	2.51383e-09	1.18329	0.189906	0.00191975	-0.143582	0.899077	-0.00155715
378	2.51383e-09	0.916468	-0.777312	-0.000882534	0.591083	0.694782	-0.00164156
379	2.51383e-09	-0.687361	0.97646	-0.000424228	-0.746692	-0.52366	-0.000971693
380	2.51383e-09	1.03916	0.582466	-0.0011562	-0.44675	0.799911	-0.000597701
381	2.51383e-09	-1.0685	0.509424	0.00117909	-0.394471	-0.830215	-0.000696559
382	2.51383e-09	1.0139	-0.607071	0.000106432	0.47259	0.790955	0.0011093
383	2.51383e-09	-0.395315	1.11174	-0.0014927	-0.867276	-0.309422	-0.000832975
384	2.51383e-09	0.337735	1.14719	-0.00287694	-0.879211	0.260879	-0.00182389
385	2.51383e-09	0.599843	-1.0309	-0.00120885	0.791603	0.460104	0.00075485
386	2.51383e-09	0.781999	-0.916942	0.000956269	0.690425	0.594841	-0.000475285
387	2.51383e-09	-0.223234	1.17651	-0.00168825	-0.89841	-0.169064	-0.00073218
388	2.51383e-09	1.1693	-0.263247	-0.000478596	0.198227	0.891032	0.000597945
389	2.51383e-09	-0.692259	-0.974438	-0.00112519	0.748517	-0.528967	8.64646e-06
390	2.51383e-09	0.520683	-1.0721	0.001142	0.823532	0.399392	-0.000450286
391	2.51383e-09	-0.313707	1.16266	0.00132023	-0.879578	-0.23941	0.000899987
392	2.51383e-09	0.91427	0.781432	-0.000963047	-0.593595	0.693431	-0.0012092
393	2.51383e-09	0.066224	1.21151	-0.00237717	-0.904617	0.0480991	0.000178987
394	2.51383e-09	-0.0539205	-1.19204	-0.000536458	0.915691	-0.0415036	-0.00171358
395	2.51383e-09	0.256149	1.17943	0.000140841	-0.888406	0.19083	0.000841494
396	2.51383e-09	-0.223859	-1.18301	0.00108864	0.893264	-0.173297	0.00092262
397	2.51383e-09	-0.334199	1.15526	2.91914e-05	-0.876525	-0.253784	0.000158174
398	2.51383e-09	0.723478	-0.967303	-0.0022365	0.731882	0.54199	0.000129
399	2.51383e-09	1.00626	0.649944	0.00208805	-0.496714	0.767716	0.00180977
400	2.51383e-09	-0.35046	1.1584	0.00139756	-0.868724	-0.263741	-0.000517274
