3.130999e+03
401
0	1	0.00014483	8.97093e-05	-1.32124e-07	6.8997e-08	9.95031e-08	-9.54717e-11
1	2.51383e-09	-0.551062	-0.829476	-0.000634714	0.837904	-0.553148	0.000286492
2	2.51383e-09	-0.176067	-0.989986	0.00101216	0.982213	-0.173691	-0.000153512
3	2.51383e-09	-0.910307	-0.413479	-0.00108295	0.41295	-0.910989	-0.000438701
4	2.51383e-09	0.56051	0.823987	0.000293675	-0.829671	0.563011	0.000785638
5	2.51383e-09	-0.615936	0.787305	0.000317953	-0.788272	-0.615348	0.000804053
6	2.51383e-09	-0.98153	0.216089	0.00155197	-0.214991	-0.974322	0.000220048
7	2.51383e-09	-0.211839	0.978902	0.000603052	-0.97686	-0.211344	0.00188132
8	2.51383e-09	-0.703885	-0.70908	-0.000426764	0.712775	-0.703331	-0.0003191
9	2.51383e-09	0.129147	0.99142	0.000532195	-0.992532	0.131699	-0.000436604
10	2.51383e-09	-0.746992	-0.661201	0.000924639	0.662832	-0.751869	0.000159711
11	2.51383e-09	-0.996087	0.126676	-0.000404965	-0.125984	-0.989403	-0.000265932
12	2.51383e-09	-0.516381	-0.872818	0.000311639	0.857667	-0.502748	0.000574689
13	2.51383e-09	-0.467792	0.889301	0.00212332	-0.881303	-0.470447	0.000759794
14	2.51383e-09	-0.76542	-0.646012	-0.00113622	0.648682	-0.764005	-0.000575421
15	2.51383e-09	-0.648495	0.772995	0.000959717	-0.757052	-0.645638	0.00133149
16	2.51383e-09	0.671841	-0.746458	0.000887548	0.740631	0.66816	6.13387e-05
17	2.51383e-09	-0.947254	0.320746	-0.0017933	-0.32074	-0.946432	0.000173654
18	2.51383e-09	-0.0368396	-1.01229	-0.00182492	0.992731	-0.0404722	0.000298069
19	2.51383e-09	0.817262	0.592751	-0.000329484	-0.587954	0.805135	0.00190606
20	2.51383e-09	-0.138144	1.01787	0.00111841	-0.979856	-0.130369	0.00243523
21	2.51383e-09	0.124539	0.994885	0.00166467	-0.993515	0.128198	-0.000780702
22	2.51383e-09	0.999972	-0.195736	0.000780656	0.188211	0.971347	-0.00264092
23	2.51383e-09	-0.911082	0.455561	8.6177e-05	-0.439415	-0.885976	0.00105772
24	2.51383e-09	-1.01293	-0.0505012	0.0005369	0.0420063	-0.991393	0.000985184
25	2.51383e-09	0.400938	0.938393	-0.000995321	-0.910843	0.387698	0.0025994
26	2.51383e-09	1.00858	0.0595247	0.0013359	-0.0616963	0.994344	0.00110469
27	2.51383e-09	0.992408	-0.191588	-0.000567478	0.183248	0.976515	-0.00225249
28	2.51383e-09	0.938653	0.407415	0.000321785	-0.390664	0.906125	0.000358546
29	2.51383e-09	-0.363295	-0.95368	-0.00175606	0.925922	-0.351141	0.000162001
30	2.51383e-09	-0.81203	0.602425	-0.00185549	-0.590196	-0.800602	0.00160161
31	2.51383e-09	0.941197	-0.371366	-0.000586027	0.365841	0.923779	0.00085199
32	2.51383e-09	0.506441	0.87391	0.000143522	-0.860942	0.497606	-0.00119525
33	2.51383e-09	-0.474973	-0.905322	-0.00108677	0.874193	-0.461582	-0.00114591
34	2.51383e-09	-0.9004	-0.509713	0.000802957	0.482797	-0.856154	0.00151426
35	2.51383e-09	-0.825951	0.596446	-0.00130401	-0.574491	-0.807414	-2.77659e-05
36	2.51383e-09	0.983008	-0.249077	0.00138383	0.247098	0.962337	0.000235387
37	2.51383e-09	-0.980414	0.290954	0.00280001	-0.28407	-0.944836	-0.00110912
38	2.51383e-09	-0.984199	0.212997	0.00138779	-0.209651	-0.974317	0.000121426
39	2.51383e-09	-0.872977	0.516306	0.00120718	-0.502199	-0.855322	0.00125405
40	2.51383e-09	0.986547	0.207905	-0.000497199	-0.206829	0.974326	-0.00171277
41	2.51383e-09	-0.566766	-0.841535	-0.00188197	0.823469	-0.554652	0.00140415
42	2.51383e-09	-0.970406	-0.336178	-8.97939e-05	0.322728	-0.933436	-0.0019939
43	2.51383e-09	0.690383	0.743556	-0.00134118	-0.729417	0.675705	-0.00194394
44	2.51383e-09	-0.0734414	1.03386	-0.00163133	-0.976728	-0.0712652	-0.000570701
45	2.51383e-09	0.47206	0.913588	-0.00222529	-0.873592	0.455842	-0.00129743
46	2.51383e-09	-0.12347	1.01822	-9.0654e-05	-0.979852	-0.120772	-0.00205616
47	2.51383e-09	0.116658	-1.01479	0.00125791	0.981025	0.116383	-0.000597924
48	2.51383e-09	0.870086	-0.536344	-0.000190571	0.520992	0.840772	0.000388477
49	2.51383e-09	0.824328	-0.609611	-0.00010898	0.588776	0.794933	0.00143018
50	2.51383e-09	0.631643	0.807143	-0.00228872	-0.777893	0.610165	0.000624938
51	2.51383e-09	-0.767338	0.673141	-0.00074526	-0.654204	-0.740487	-0.00016742
52	2.51383e-09	0.0851322	1.02931	0.00029601	-0.980996	0.0821514	0.000351698
53	2.51383e-09	-0.0430451	1.02209	0.000581872	-0.987007	-0.0429966	0.000925509
54	2.51383e-09	-0.327802	-0.956031	0.000647735	0.94032	-0.327154	-0.000703342
55	2.51383e-09	-1.01912	-0.210891	0.000393278	0.20105	-0.957376	0.000631958
56	2.51383e-09	0.329224	-0.976478	-0.00270287	0.931902	0.31295	-0.00112333
57	2.51383e-09	-0.949919	0.412685	0.00135739	-0.394166	-0.89973	0.000684227
58	2.51383e-09	1.02073	0.174276	-0.00138937	-0.166194	0.969182	0.00181816
59	2.51383e-09	-0.707344	-0.754447	-0.000512115	0.711759	-0.673487	0.000585434
60	2.51383e-09	0.877032	0.532294	0.0010453	-0.514423	0.841398	-0.00251178
61	2.51383e-09	1.01304	0.216725	-0.00152315	-0.204187	0.962951	0.00148105
62	2.51383e-09	-0.993527	-0.259692	0.00114379	0.251119	-0.954724	-0.00117935
63	2.51383e-09	0.943916	-0.420751	-0.000702325	0.398855	0.896233	-8.39594e-05
64	2.51383e-09	-0.119477	-1.01858	0.00120149	0.981537	-0.116192	0.00106894
65	2.51383e-09	-0.979365	-0.33991	-0.00200099	0.324275	-0.926776	0.000265854
66	2.51383e-09	-0.616396	-0.82755	-0.00214424	0.791061	-0.583691	0.00081817
67	2.51383e-09	-0.313142	0.990163	0.000534404	-0.935931	-0.295822	-0.00206385
68	2.51383e-09	-0.801175	-0.652719	0.00190066	0.620732	-0.759772	0.00130435
69	2.51383e-09	-0.636405	-0.811615	-0.00161131	0.772967	-0.609964	-0.000891846
70	2.51383e-09	0.938736	-0.421796	-0.00193657	0.407321	0.897806	-0.00165563
71	2.51383e-09	-0.658182	-0.80169	-3.86385e-05	0.759015	-0.623265	0.00180261
72	2.51383e-09	-0.999798	0.301728	0.000565781	-0.288832	-0.93658	0.00144292
73	2.51383e-09	-0.809331	0.639187	-0.00181383	-0.609086	-0.77517	0.000548922
74	2.51383e-09	-1.03261	0.0658066	-0.00222406	-0.0579672	-0.980888	-0.000222114
75	2.51383e-09	-0.0630743	-1.03261	-0.000764399	0.981062	-0.0623821	0.000847761
76	2.51383e-09	-1.04612	0.0689828	-4.78813e-05	-0.0630511	-0.975047	0.000120195
77	2.51383e-09	-0.319336	-1.00458	0.000844155	0.926786	-0.295977	0.00139539
78	2.51383e-09	-0.522717	-0.900197	0.000286863	0.8502	-0.489257	0.00119707
79	2.51383e-09	0.959112	-0.388261	0.00156448	0.365313	0.911346	-0.00257487
80	2.51383e-09	0.773167	0.703137	0.00140432	-0.65893	0.722508	0.000871867
81	2.51383e-09	1.03711	-0.108552	-0.000140557	0.101413	0.97512	-3.3865e-05
82	2.51383e-09	-1.02368	-0.210213	0.000167576	0.19352	-0.960863	-0.000448492
83	2.51383e-09	1.00745	0.275566	0.00212137	-0.26018	0.941705	-0.000704317
84	2.51383e-09	-1.02578	-0.157376	-0.00142249	0.146541	-0.971732	0.00175153
85	2.51383e-09	-0.531364	0.884975	0.0020961	-0.842856	-0.508301	-0.000523235
86	2.51383e-09	-0.832611	-0.634275	0.00112453	0.594349	-0.775564	0.0002862
87	2.51383e-09	0.813533	-0.639514	-0.000813903	0.602913	0.777434	-0.0008671
88	2.51383e-09	1.00354	0.243606	0.00158322	-0.232888	0.957198	0.00176619
89	2.51383e-09	-0.878404	0.591388	-0.00110003	-0.541702	-0.807915	-0.000220518
90	2.51383e-09	-1.04085	0.0829225	-0.00173935	-0.0796671	-0.975719	-0.00150577
91	2.51383e-09	0.32798	0.98831	0.000368421	-0.929244	0.313345	-0.000398207
92	2.51383e-09	-0.957761	0.44281	0.00160788	-0.406138	-0.883123	0.000611934
93	2.51383e-09	-0.960945	0.432667	0.00211782	-0.402968	-0.887781	0.00139025
94	2.51383e-09	0.233299	-1.0183	0.000207424	0.952544	0.220821	-0.00178389
95	2.51383e-09	-0.582264	-0.868869	-0.000362504	0.810387	-0.545244	0.000137255
96	2.51383e-09	1.00597	-0.30653	0.00016867	0.279006	0.934467	0.000921727
97	2.51383e-09	-0.340006	-0.990818	0.000476556	0.924838	-0.321662	0.00365173
98	2.51383e-09	1.03536	0.207946	-0.00122177	-0.188125	0.955649	-0.00128077
99	2.51383e-09	-0.214019	-1.03736	0.000680964	0.953125	-0.197519	0.000694962
100	2.51383e-09	0.675631	0.795608	0.000886966	-0.748312	0.634747	0.000403765
101	2.51383e-09	0.83869	0.601563	-0.000493673	-0.573034	0.80166	-0.000156042
102	2.51383e-09	-0.101317	-1.03132	0.000320921	0.980409	-0.0946416	0.00177838
103	2.51383e-09	-0.834151	0.63459	0.000626641	-0.589493	-0.781092	-0.00198451
104	2.51383e-09	-0.101364	1.04278	-0.00104208	-0.975153	-0.0946842	-0.00118656
105	2.51383e-09	0.371481	0.989791	-5.53439e-05	-0.90832	0.33916	-0.000378971
106	2.51383e-09	-0.190467	-1.03199	0.000380361	0.959297	-0.178582	-0.00195671
107	2.51383e-09	-0.694631	-0.789478	0.00155103	0.735344	-0.644344	-0.000557283
108	2.51383e-09	-0.501713	-0.941245	-0.00195685	0.853476	-0.456058	0.000100145
109	2.51383e-09	-1.04702	-0.185353	0.000995896	0.167634	-0.953223	-0.000805045
110	2.51383e-09	1.00959	0.296578	-0.000994994	-0.278319	0.935578	0.000927792
111	2.51383e-09	0.826647	0.684445	-0.00170813	-0.617626	0.741481	-6.25323e-05
112	2.51383e-09	-0.818026	-0.661738	9.69396e-05	0.613368	-0.759568	0.000641256
113	2.51383e-09	0.250551	-1.02896	-0.00182623	0.944114	0.228223	0.00153769
114	2.51383e-09	-0.982384	-0.372306	0.000776682	0.345537	-0.91095	-0.00181187
115	2.51383e-09	0.0969081	1.05801	0.000536681	-0.967139	0.083067	0.00219112
116	2.51383e-09	0.924514	0.50396	-0.000563192	-0.463706	0.857432	-0.00113746
117	2.51383e-09	0.456653	-0.957758	-0.000519444	0.877487	0.416795	0.00162975
118	2.51383e-09	0.858599	0.635662	0.00218293	-0.575296	0.776621	-0.00181657
119	2.51383e-09	-0.169323	-1.04096	0.000344707	0.961683	-0.156667	0.000429592
120	2.51383e-09	-0.209737	-1.03003	-0.00231243	0.956125	-0.195466	-0.00176128
121	2.51383e-09	0.377922	0.993736	-0.00117581	-0.909154	0.342765	0.00144294
122	2.51383e-09	1.01044	0.343105	-0.000462421	-0.308203	0.917474	-0.000597587
123	2.51383e-09	-0.938689	-0.453441	0.000251993	0.425738	-0.885079	-0.00174224
124	2.51383e-09	1.04714	-0.266824	0.00262629	0.23355	0.931491	6.36633e-05
125	2.51383e-09	0.974863	-0.409944	0.000106772	0.375208	0.89632	0.00101243
126	2.51383e-09	0.781691	-0.713935	-0.000195441	0.653206	0.721882	-0.00126226
127	2.51383e-09	-0.252168	1.03281	0.000966874	-0.941892	-0.227803	0.00245669
128	2.51383e-09	1.06445	0.0163211	-0.000908663	-0.0123486	0.968465	-0.000619777
129	2.51383e-09	-1.00421	0.362729	1.65708e-05	-0.326386	-0.90792	-0.0021479
130	2.51383e-09	-0.403275	-0.975871	-0.000714863	0.900158	-0.368835	0.000301555
131	2.51383e-09	0.124569	1.0642	-0.00108347	-0.96009	0.112811	0.00169224
132	2.51383e-09	-0.0922161	-1.06772	-0.00106363	0.964479	-0.0794623	-0.0013178
133	2.51383e-09	-0.0817449	-1.05943	0.00243994	0.967153	-0.0726642	-0.00220272
134	2.51383e-09	-0.239617	1.04105	-0.00132737	-0.94046	-0.215961	-0.000801981
135	2.51383e-09	-0.965633	-0.460268	-0.00219374	0.419126	-0.871056	0.000695531
136	2.51383e-09	-1.05352	0.219294	-0.0015409	-0.197663	-0.944189	-0.00261095
137	2.51383e-09	0.823432	0.681322	-0.000399688	-0.615516	0.745543	-0.00221231
138	2.51383e-09	1.0661	0.0865606	0.00122776	-0.0768575	0.96422	0.00107042
139	2.51383e-09	0.849252	-0.638164	0.000804439	0.581523	0.778006	-0.000537141
140	2.51383e-09	-1.06406	0.192415	-3.16486e-05	-0.168866	-0.94667	-0.000630376
141	2.51383e-09	0.938302	0.50347	-0.00234268	-0.462213	0.854942	0.00132929
142	2.51383e-09	-0.271534	-1.03481	0.00172581	0.936995	-0.247226	0.000198114
143	2.51383e-09	0.73086	0.782341	-0.000673707	-0.705192	0.660441	0.000964558
144	2.51383e-09	-1.05137	0.281162	-4.72483e-05	-0.247117	-0.924506	0.00178119
145	2.51383e-09	-0.599326	0.887553	-0.00113282	-0.801716	-0.54002	-0.000800046
146	2.51383e-09	0.943906	0.550421	-0.000154503	-0.479699	0.827443	0.000955586
147	2.51383e-09	-0.931747	0.538148	0.00193093	-0.487003	-0.835322	0.000852482
148	2.51383e-09	0.605616	-0.892509	-6.04769e-05	0.795524	0.545187	-0.00109544
149	2.51383e-09	-0.85966	-0.621266	0.000517292	0.565726	-0.793825	-0.000272344
150	2.51383e-09	-0.527359	-0.940492	-0.00176989	0.838311	-0.472567	-0.00245738
151	2.51383e-09	-0.716692	0.809309	0.000322362	-0.719365	-0.637508	0.0013336
152	2.51383e-09	0.480464	0.956455	-0.00162059	-0.864418	0.432143	0.00194737
153	2.51383e-09	-1.0816	0.107902	0.000531123	-0.096865	-0.953553	-0.00094219
154	2.51383e-09	-0.931658	0.572382	-0.000798216	-0.503433	-0.810578	-0.000811498
155	2.51383e-09	0.215357	1.04872	0.0015053	-0.948645	0.193521	-0.0016573
156	2.51383e-09	1.00298	-0.391008	0.00202938	0.34514	0.899852	-0.000985526
157	2.51383e-09	0.392865	-1.00291	0.00077353	0.897449	0.348732	-0.000916651
158	2.51383e-09	0.0590081	-1.08995	-0.00164751	0.955941	0.0483159	0.000646521
159	2.51383e-09	-0.284248	-1.03281	-0.00262481	0.931327	-0.257008	-0.00109811
160	2.51383e-09	1.05639	0.236998	-0.00021706	-0.210611	0.936113	0.000759663
161	2.51383e-09	0.650355	0.871133	-0.00111486	-0.770133	0.571883	-0.00056291
162	2.51383e-09	0.750601	-0.785922	0.000985558	0.692201	0.662843	0.00101351
163	2.51383e-09	-0.954117	-0.494977	0.00130312	0.444847	-0.856342	0.00176156
164	2.51383e-09	-0.3379	1.00978	-0.000654447	-0.918283	-0.305098	-0.000217098
165	2.51383e-09	-0.0129534	1.09371	-0.00117948	-0.956057	-0.00799984	0.00151899
166	2.51383e-09	-1.00919	0.406519	4.53519e-06	-0.358449	-0.888372	0.00124904
167	2.51383e-09	-0.983305	-0.441013	0.00061461	0.398457	-0.87992	0.00257697
168	2.51383e-09	-0.877439	-0.621452	-0.000954825	0.554202	-0.792158	-0.00106786
169	2.51383e-09	-0.525569	-0.94248	0.000223978	0.843046	-0.467508	0.000604114
170	2.51383e-09	-1.07472	0.211556	0.0013163	-0.179848	-0.937853	0.00242872
171	2.51383e-09	-1.08217	-0.0825009	-0.0031177	0.0719833	-0.95713	0.000655618
172	2.51383e-09	-0.787667	0.777374	-0.000840741	-0.665343	-0.675976	0.000667173
173	2.51383e-09	-0.844831	-0.707812	0.00141256	0.613961	-0.728573	-0.00159056
174	2.51383e-09	1.09172	0.0503197	0.00174169	-0.0442867	0.958131	-0.000778809
175	2.51383e-09	0.534869	0.962283	0.000929142	-0.829223	0.463376	-0.00120378
176	2.51383e-09	-0.895804	0.589928	-0.000901357	-0.529472	-0.808562	0.00123208
177	2.51383e-09	0.425793	1.0207	0.00139328	-0.876482	0.364705	-0.000924888
178	2.51383e-09	0.580936	0.926706	0.000977668	-0.809334	0.50649	1.8819e-05
179	2.51383e-09	-1.0736	-0.180608	-0.00136619	0.157226	-0.946162	-0.000235
180	2.51383e-09	-0.346315	1.02662	0.00152918	-0.91279	-0.303452	-0.000973399
181	2.51383e-09	-0.651212	-0.892602	0.000633635	0.765554	-0.561985	-0.000177279
182	2.51383e-09	1.06733	0.21493	-0.00203534	-0.187505	0.939777	0.00134288
183	2.51383e-09	-1.05759	-0.319508	0.000999407	0.273247	-0.911404	0.0010937
184	2.51383e-09	1.09314	-0.0622402	0.00116269	0.051778	0.954759	-0.00131144
185	2.51383e-09	-0.602277	-0.903811	0.000375974	0.798745	-0.532282	-0.000321706
186	2.51383e-09	-1.0334	0.284347	0.000837681	-0.258356	-0.932032	0.000393181
187	2.51383e-09	0.849435	0.668945	-0.000326144	-0.596365	0.755279	0.00011683
188	2.51383e-09	-0.7906	0.749704	0.00167315	-0.658127	-0.697847	0.000494971
189	2.51383e-09	-0.535166	-0.955472	0.000509414	0.833172	-0.468956	0.000695268
190	2.51383e-09	-1.04205	0.355601	-6.12046e-05	-0.31119	-0.90093	0.00100679
191	2.51383e-09	-1.0866	0.122892	-0.00180583	-0.107539	-0.950066	0.00081969
192	2.51383e-09	-0.794002	-0.761588	-0.00299184	0.662428	-0.685173	-0.00102296
193	2.51383e-09	1.09741	0.0958482	-0.00236892	-0.0863724	0.950082	-0.000377567
194	2.51383e-09	0.835375	0.73401	0.0019319	-0.630839	0.708459	0.000116158
195	2.51383e-09	-0.3562	-1.03446	-0.00223484	0.903877	-0.307213	0.00227535
196	2.51383e-09	0.645693	-0.885511	-0.00121362	0.770798	0.565877	6.22975e-06
197	2.51383e-09	-0.907354	0.606549	0.000559214	-0.534165	-0.796598	0.000110521
198	2.51383e-09	-0.135551	-1.111	-0.00067088	0.937087	-0.109617	0.00085342
199	2.51383e-09	-0.855591	-0.690362	0.000104769	0.59591	-0.745334	-0.00119319
200	2.51383e-09	-1.04506	0.343722	-0.00177864	-0.295719	-0.908804	-0.00129639
201	2.51383e-09	-0.562211	-0.947273	0.00213012	0.819035	-0.487236	0.00151732
202	2.51383e-09	0.586512	0.925183	0.00263939	-0.810983	0.509145	-0.00122991
203	2.51383e-09	-1.07272	0.1569	0.000429361	-0.138476	-0.949542	0.000297357
204	2.51383e-09	-0.241392	-1.07999	-0.00131345	0.927942	-0.205238	-0.0014843
205	2.51383e-09	-0.0816637	1.12016	-0.000753409	-0.941261	-0.0649673	0.000427319
206	2.51383e-09	-1.08436	-0.172422	0.00220007	0.153855	-0.944217	-0.00197804
207	2.51383e-09	0.324133	1.06383	-0.000576796	-0.907503	0.274437	-0.000520813
208	2.51383e-09	-0.0366713	1.09579	-0.00073523	-0.95374	-0.03396	0.000754455
209	2.51383e-09	0.0429254	1.0921	0.00215944	-0.957003	0.0381285	0.000567755
210	2.51383e-09	-0.143276	-1.10292	0.000134363	0.939448	-0.12248	-0.000629084
211	2.51383e-09	0.122079	1.09577	0.000774966	-0.946594	0.101058	0.000729606
212	2.51383e-09	-0.367898	-1.06305	0.00299624	0.891495	-0.306726	0.000653441
213	2.51383e-09	-1.08288	-0.14612	0.00149591	0.125247	-0.949529	-0.000897763
214	2.51383e-09	-0.311285	-1.05757	-0.00150088	0.915796	-0.267812	0.000223608
215	2.51383e-09	1.11013	0.0315623	-0.00246511	-0.0328004	0.948264	-0.000569934
216	2.51383e-09	-0.788324	0.786437	-0.000687929	-0.666405	-0.674174	-0.00121674
217	2.51383e-09	0.918099	0.618895	-0.000146812	-0.530502	0.791843	0.000229637
218	2.51383e-09	0.876507	0.647015	0.000156833	-0.570077	0.772109	-0.000994501
219	2.51383e-09	1.06768	-0.318224	0.00190814	0.26981	0.908318	-0.000884084
220	2.51383e-09	-0.595833	0.938696	0.00264865	-0.800674	-0.509138	0.00113773
221	2.51383e-09	0.407711	1.02209	0.000556163	-0.887566	0.350488	0.00125551
222	2.51383e-09	1.05563	-0.350138	0.00250999	0.299999	0.901061	-0.00139359
223	2.51383e-09	-0.45417	-1.01811	0.000231463	0.865722	-0.387663	0.00100881
224	2.51383e-09	-0.811759	0.754718	-0.000450833	-0.645241	-0.696248	0.000461131
225	2.51383e-09	0.790311	0.786197	-0.000223242	-0.664906	0.67612	-0.00192026
226	2.51383e-09	-1.09798	-0.250623	-0.00165135	0.209006	-0.918411	0.000259493
227	2.51383e-09	0.809197	0.753184	-0.00211942	-0.65194	0.69504	-0.0003392
228	2.51383e-09	-1.09908	0.152523	-0.000135652	-0.132115	-0.940094	0.000439655
229	2.51383e-09	-1.10993	0.205046	-0.000777035	-0.169963	-0.927165	-0.00117352
230	2.51383e-09	0.319764	-1.08924	0.00177599	0.900764	0.262735	0.00140833
231	2.51383e-09	-1.10381	-0.282876	0.00201653	0.232712	-0.905625	0.00089516
232	2.51383e-09	0.284509	-1.06371	-0.000118092	0.923634	0.245808	-0.00120658
233	2.51383e-09	0.406953	1.04327	0.000976914	-0.881382	0.338684	0.00161519
234	2.51383e-09	1.03284	0.427506	8.78268e-05	-0.363351	0.871849	0.00126059
235	2.51383e-09	-0.816769	0.759071	0.00400828	-0.646255	-0.693932	0.00299358
236	2.51383e-09	1.12387	0.157091	-0.00117792	-0.125139	0.929542	0.00087718
237	2.51383e-09	-0.930367	-0.622613	6.69825e-05	0.525078	-0.785774	-0.000472215
238	2.51383e-09	0.351451	1.07703	0.00133042	-0.890866	0.292156	-0.000812579
239	2.51383e-09	1.05445	-0.343429	-0.00156491	0.297491	0.902444	0.00262667
240	2.51383e-09	1.0686	0.369426	-0.00198177	-0.307381	0.890199	-0.0015867
241	2.51383e-09	1.07479	-0.301841	0.00104593	0.251226	0.914405	-0.000539448
242	2.51383e-09	0.119596	1.13836	0.00332353	-0.929734	0.0976223	-0.00139808
243	2.51383e-09	0.0330734	1.11982	0.00211937	-0.945296	0.0220546	-0.00058258
244	2.51383e-09	-0.830806	-0.765756	-0.00123786	0.637844	-0.690029	-0.000746334
245	2.51383e-09	-0.111452	-1.11529	-0.000578934	0.940799	-0.0912213	0.000829571
246	2.51383e-09	-1.10239	-0.226551	-0.00151933	0.191461	-0.920868	0.00175836
247	2.51383e-09	-0.0957381	-1.11277	0.000345677	0.942284	-0.0777736	0.00116372
248	2.51383e-09	0.613032	-0.926073	-0.00322366	0.790971	0.527839	-0.000131124
249	2.51383e-09	-0.507406	-1.00454	0.000111537	0.842091	-0.422687	0.000419732
250	2.51383e-09	-1.06028	0.376266	-0.000883107	-0.313519	-0.88923	0.000294198
251	2.51383e-09	-1.07051	0.366906	0.000133929	-0.30783	-0.887792	0.000700254
252	2.51383e-09	1.13289	-0.0195289	-0.00339431	0.014271	0.937623	0.000199286
253	2.51383e-09	-0.903795	-0.670732	-0.000404229	0.563416	-0.755744	-0.00070132
254	2.51383e-09	0.648266	-0.919596	0.000755249	0.771234	0.538728	-0.00104897
255	2.51383e-09	1.11347	0.22696	-0.000876811	-0.18656	0.917449	-0.00264494
256	2.51383e-09	-0.507611	-1.00905	-0.00133173	0.838985	-0.42644	0.000407791
257	2.51383e-09	-0.996318	0.543693	-0.0018346	-0.449252	-0.824811	0.00109699
258	2.51383e-09	1.1399	-0.0286803	0.0021019	0.0280952	0.934309	-0.00104633
259	2.51383e-09	1.08067	0.326092	0.000711925	-0.270297	0.901959	-0.00209818
260	2.51383e-09	-1.10316	0.254991	0.00307092	-0.209502	-0.917289	-0.00219733
261	2.51383e-09	0.930902	-0.659076	-0.000542309	0.5437	0.76319	0.000152983
262	2.51383e-09	-0.878114	0.707168	0.00129575	-0.587497	-0.733856	-0.000637537
263	2.51383e-09	-1.13405	-0.0158344	-0.00193016	0.0118725	-0.938147	0.000441961
264	2.51383e-09	-0.689038	-0.893588	-4.64313e-05	0.746505	-0.573582	-0.000148753
265	2.51383e-09	0.743992	0.87474	-0.000540886	-0.708557	0.604744	-0.000476507
266	2.51383e-09	-0.622766	0.950864	0.00221672	-0.785079	-0.512449	0.000216726
267	2.51383e-09	-0.261286	-1.09412	0.000968384	0.916498	-0.223929	0.00290141
268	2.51383e-09	-0.292953	1.08483	0.000696696	-0.91212	-0.243402	0.000726028
269	2.51383e-09	1.07663	0.372194	-0.000592808	-0.310024	0.884833	0.00155639
270	2.51383e-09	-0.629344	-0.942734	0.000712518	0.781608	-0.520695	0.000946558
271	2.51383e-09	-0.564687	-1.00102	-0.000572369	0.810743	-0.459188	-0.00089259
272	2.51383e-09	0.907358	0.692384	0.000281201	-0.569529	0.744748	-0.00287562
273	2.51383e-09	-0.192306	1.12263	-0.000751482	-0.924604	-0.160524	0.000215301
274	2.51383e-09	-0.442451	-1.04444	0.00052765	0.863937	-0.365382	0.000250046
275	2.51383e-09	0.0905353	1.13812	0.00165536	-0.93137	0.0802191	0.00146226
276	2.51383e-09	-0.110543	-1.12935	-0.000448319	0.93393	-0.0946463	-0.000272552
277	2.51383e-09	-1.06277	0.43647	0.00112267	-0.350477	-0.863107	0.000448212
278	2.51383e-09	-0.94411	0.647284	-0.00121408	-0.525093	-0.774398	0.000858412
279	2.51383e-09	-0.460681	-1.04138	0.000423175	0.860709	-0.373847	0.000622315
280	2.51383e-09	1.0037	-0.582511	-0.000627363	0.460191	0.803951	-0.00126051
281	2.51383e-09	1.12502	0.202683	0.000204091	-0.166604	0.91841	-0.000924026
282	2.51383e-09	0.71892	0.890419	0.00275786	-0.728113	0.587006	0.00138716
283	2.51383e-09	-0.380608	1.07202	0.00193347	-0.883743	-0.31404	-0.000469574
284	2.51383e-09	-0.0700698	-1.15157	-4.68523e-05	0.929382	-0.0578498	0.0011693
285	2.51383e-09	-0.806867	-0.831974	-0.000186863	0.663561	-0.647122	0.000913618
286	2.51383e-09	0.970925	0.587524	-0.00150494	-0.485993	0.80239	-0.00268024
287	2.51383e-09	-1.1175	0.2627	-0.00054397	-0.21099	-0.907973	0.00164166
288	2.51383e-09	-1.14516	-0.164278	-0.00183068	0.131521	-0.919463	0.000413908
289	2.51383e-09	-0.655877	0.94929	-0.00251403	-0.765043	-0.531692	0.0013393
290	2.51383e-09	0.52837	1.01449	-0.000218687	-0.828374	0.433249	-0.00111288
291	2.51383e-09	-0.990223	0.576338	0.000880412	-0.468059	-0.807916	-0.000738011
292	2.51383e-09	-0.518853	-1.0346	-9.05651e-05	0.831622	-0.411735	0.000496435
293	2.51383e-09	-0.0523078	-1.14611	0.00152476	0.932139	-0.0404905	0.00137609
294	2.51383e-09	-0.758639	0.875122	0.00124816	-0.702324	-0.608883	0.00226806
295	2.51383e-09	0.733478	0.883554	-0.000316801	-0.716156	0.596645	0.00229098
296	2.51383e-09	-1.09656	-0.361039	0.000696906	0.287131	-0.885252	-0.000377074
297	2.51383e-09	-0.120303	1.13507	-0.00308683	-0.931405	-0.0978492	-0.00068234
298	2.51383e-09	-0.315952	-1.10756	-0.00160195	0.895722	-0.255492	-0.000231367
299	2.51383e-09	0.486468	1.04118	-0.000294432	-0.847655	0.392688	-0.000403306
300	2.51383e-09	0.665141	0.967221	0.000973091	-0.759131	0.520259	0.00111792
301	2.51383e-09	1.14486	0.177574	-0.00190969	-0.135166	0.918451	-0.000280102
302	2.51383e-09	-0.619879	0.989711	0.000153229	-0.782809	-0.489795	0.00137316
303	2.51383e-09	0.0833908	-1.14764	0.000648446	0.932196	0.0648852	-0.000514984
304	2.51383e-09	-0.299792	1.12751	-0.00244294	-0.893841	-0.236387	-0.000290786
305	2.51383e-09	-1.14469	0.0714375	0.00201351	-0.0599126	-0.931152	-0.00128897
306	2.51383e-09	1.14671	-0.178498	-0.000575711	0.143648	0.915738	0.00169224
307	2.51383e-09	0.697449	-0.931163	0.0022774	0.744792	0.551142	0.00025912
308	2.51383e-09	-0.0508302	1.16118	0.00183902	-0.926429	-0.0444927	-0.000830792
309	2.51383e-09	-0.952726	-0.639618	0.000193295	0.520991	-0.775672	-0.00166327
310	2.51383e-09	-1.11419	0.257898	-0.00163653	-0.216906	-0.909483	0.000475018
311	2.51383e-09	0.557167	-1.01298	0.00226314	0.812986	0.45004	-0.000258249
312	2.51383e-09	1.15607	0.074366	0.00035437	-0.0561984	0.928622	-0.0024208
313	2.51383e-09	1.1523	0.0390322	0.00243982	-0.0294202	0.93055	0.000819391
314	2.51383e-09	0.349847	-1.09956	-0.00210375	0.887716	0.283239	-0.000616631
315	2.51383e-09	0.628012	0.980138	-0.0022423	-0.781656	0.501223	0.00334716
316	2.51383e-09	-0.45051	1.07829	-0.000408481	-0.852016	-0.357293	0.000206244
317	2.51383e-09	0.00483061	-1.16147	-0.00100668	0.926213	0.00356945	-0.000875876
318	2.51383e-09	0.685442	-0.938047	-0.00166227	0.752344	0.544604	0.000342057
319	2.51383e-09	0.0385392	1.16542	-0.000425621	-0.926282	0.0310769	-0.00188784
320	2.51383e-09	-1.1432	0.271344	0.000907297	-0.216509	-0.898024	0.000780394
321	2.51383e-09	-1.16247	0.0886728	0.000217264	-0.0704981	-0.924091	-0.000634906
322	2.51383e-09	-0.475921	1.05948	0.00107226	-0.846716	-0.3801	-0.000611744
323	2.51383e-09	0.995277	-0.636216	0.000222025	0.492784	0.775208	0.00214844
324	2.51383e-09	1.16033	-0.193724	0.00218443	0.148324	0.910553	0.0010628
325	2.51383e-09	1.13227	-0.292416	2.45304e-05	0.230551	0.896488	0.00135262
326	2.51383e-09	-0.398439	-1.09204	0.00015998	0.871945	-0.319554	-0.000972894
327	2.51383e-09	-1.05684	-0.521496	-0.000926133	0.408086	-0.824765	0.00183644
328	2.51383e-09	-0.372742	1.1025	-0.000732625	-0.876797	-0.294257	-0.000955334
329	2.51383e-09	-0.29353	-1.15362	0.00293549	0.885335	-0.227011	0.000772582
330	2.51383e-09	-0.235201	-1.13951	0.00186819	0.908644	-0.18532	0.000172048
331	2.51383e-09	-0.335375	1.11617	0.00109799	-0.884546	-0.26778	0.000618552
332	2.51383e-09	-1.14729	-0.18327	0.00156099	0.146067	-0.914845	-0.000199169
333	2.51383e-09	-0.118972	-1.17155	-0.000896979	0.917348	-0.0947572	0.000243541
334	2.51383e-09	-1.00277	-0.607355	0.000291274	0.477562	-0.790252	0.000176243
335	2.51383e-09	0.743812	-0.91347	0.00196673	0.712092	0.583474	8.48999e-05
336	2.51383e-09	0.0373442	-1.1746	0.000442923	0.921206	0.0300793	-2.35216e-06
337	2.51383e-09	1.15293	0.255318	0.000694402	-0.197419	0.89719	-0.000311847
338	2.51383e-09	0.18752	-1.15401	0.000821645	0.911881	0.146594	-0.00125379
339	2.51383e-09	0.368451	1.13159	-0.00102903	-0.872712	0.283441	0.00108296
340	2.51383e-09	-0.830766	-0.839334	-0.000284534	0.654846	-0.647189	-0.00166871
341	2.51383e-09	-1.1255	-0.319906	-0.000893774	0.248417	-0.892484	0.000672448
342	2.51383e-09	-0.939825	0.696881	-0.000981973	-0.551202	-0.742662	0.00107655
343	2.51383e-09	0.658391	-0.973508	0.000248923	0.762737	0.515402	-0.000505528
344	2.51383e-09	1.17085	-0.0763882	0.000536043	0.0576219	0.921741	0.000460274
345	2.51383e-09	0.0301395	1.15925	0.000535827	-0.929909	0.0267992	0.00104804
346	2.51383e-09	-0.399869	-1.0854	-0.00147488	0.87229	-0.321665	-0.000683966
347	2.51383e-09	1.10015	-0.404857	-0.000617858	0.314136	0.867564	0.00120368
348	2.51383e-09	1.13047	-0.347369	0.00034976	0.273681	0.878457	0.000732574
349	2.51383e-09	-0.872289	-0.797888	0.0016305	0.622238	-0.674108	-0.000765605
350	2.51383e-09	0.744872	0.897737	0.00184027	-0.709504	0.595416	-0.000416305
351	2.51383e-09	-1.15292	0.290479	0.00210073	-0.227505	-0.887149	0.00101722
352	2.51383e-09	0.93887	0.724186	-0.00306945	-0.55892	0.728307	0.00146089
353	2.51383e-09	-0.648638	0.993809	-0.00155094	-0.766436	-0.50405	-0.000164332
354	2.51383e-09	-0.330774	1.14802	0.00102595	-0.878889	-0.249946	0.000930765
355	2.51383e-09	0.686978	-0.955156	0.0020342	0.748363	0.534411	0.00017685
356	2.51383e-09	0.0701212	1.17699	-2.74764e-05	-0.919896	0.0581747	-0.00102854
357	2.51383e-09	-0.51108	1.0752	0.00111977	-0.826651	-0.393657	0.00117475
358	2.51383e-09	1.13483	-0.387333	-7.55694e-05	0.299174	0.86104	-0.000811481
359	2.51383e-09	1.13302	0.375436	-0.00121627	-0.284048	0.870685	-2.17198e-05
360	2.51383e-09	-0.713412	0.918738	0.0013387	-0.729593	-0.573088	-0.000305432
361	2.51383e-09	1.13563	-0.346309	0.000799215	0.269786	0.877489	0.000448978
362	2.51383e-09	1.18405	0.0187891	-0.000910168	-0.0198665	0.9172	-0.00109024
363	2.51383e-09	1.14709	-0.27037	0.00212232	0.21382	0.895316	-0.000937461
364	2.51383e-09	-0.570996	-1.02122	-0.00301036	0.807476	-0.452179	0.00036026
365	2.51383e-09	-0.127393	-1.18828	0.000849253	0.908426	-0.0984284	-0.000500138
366	2.51383e-09	0.280179	1.15716	-0.00100981	-0.890106	0.216741	0.000570096
367	2.51383e-09	0.865136	0.810824	-0.00152624	-0.626638	0.672577	0.00140721
368	2.51383e-09	-0.982163	0.668243	-0.00138149	-0.518091	-0.757761	-0.000639294
369	2.51383e-09	0.625769	1.01871	-0.000790072	-0.780821	0.475825	0.00183364
370	2.51383e-09	1.17608	-0.189731	0.000837156	0.148597	0.903749	-0.000576243
371	2.51383e-09	0.914803	-0.768316	0.000540129	0.588185	0.699792	-0.0014839
372	2.51383e-09	0.249341	1.16137	3.34383e-05	-0.897919	0.191659	-0.00124689
373	2.51383e-09	-1.12125	0.39357	0.000936059	-0.304685	-0.866431	0.000567685
374	2.51383e-09	-0.183741	1.18839	-1.58043e-05	-0.900808	-0.13551	-0.000601048
375	2.51383e-09	-1.11758	-0.417519	-0.000702047	0.322062	-0.856869	-0.000160255
376	2.51383e-09	-1.12707	-0.371215	-0.000743067	0.288551	-0.872241	-0.000795788
377	2.51383e-09	-0.776909	-0.892782	9.39708e-05	0.693003	-0.607485	0.00211515
378	2.51383e-09	1.13142	0.409923	-0.00235997	-0.309289	0.857114	-0.0001735
379	2.51383e-09	0.41263	1.11466	-0.000269046	-0.856624	0.323382	-0.00165279
380	2.51383e-09	-0.745225	-0.928633	0.00121011	0.71607	-0.572329	0.000193476
381	2.51383e-09	-0.264563	1.15338	0.00136815	-0.895715	-0.206985	5.47278e-05
382	2.51383e-09	-0.379737	-1.12284	-0.00127146	0.871152	-0.29129	0.000676456
383	2.51383e-09	-0.0554795	1.17936	-0.000567077	-0.919747	-0.0427037	-0.000899829
384	2.51383e-09	-0.616727	1.02841	-0.00360731	-0.786725	-0.466021	0.000695573
385	2.51383e-09	-1.1849	-0.0200303	-0.00155651	0.0138075	-0.9193	0.000325034
386	2.51383e-09	0.69803	-0.986566	0.00101825	0.739262	0.529491	-0.000458072
387	2.51383e-09	-1.14906	-0.349786	-0.0013163	0.266957	-0.871676	0.000268517
388	2.51383e-09	-0.640838	1.00583	0.00108025	-0.775066	-0.491432	0.00120806
389	2.51383e-09	0.776948	-0.910279	-0.000208136	0.698571	0.591981	0.000846774
390	2.51383e-09	-0.751064	0.924639	0.000703442	-0.711214	-0.577139	-0.000947142
391	2.51383e-09	-0.165836	1.19554	0.00131475	-0.901271	-0.127679	0.000863085
392	2.51383e-09	0.648825	1.01269	-0.00149089	-0.768893	0.492057	-0.000851392
393	2.51383e-09	0.495605	1.10718	-0.00238809	-0.827034	0.370304	-0.000352089
394	2.51383e-09	1.02191	0.62731	-0.00136788	-0.475208	0.779132	0.00130924
395	2.51383e-09	-0.450111	1.12362	-0.0018074	-0.841351	-0.34039	0.000218839
396	2.51383e-09	1.13299	-0.411316	0.00104237	0.308286	0.854949	-0.000951383
397	2.51383e-09	-0.898766	0.799483	0.00137611	-0.607039	-0.680719	-0.000850148
398	2.51383e-09	-0.369974	-1.14583	-0.00168551	0.869054	-0.281819	-0.00102975
399	2.51383e-09	-0.621975	1.02467	0.00188576	-0.781662	-0.473285	-0.00188575
400	2.51383e-09	-0.688543	0.986014	0.00224199	-0.746112	-0.523853	-0.000158557
