5.838999e+03
401
0	1	0.000269921	0.00016739	-2.46116e-07	4.65845e-08	4.99482e-08	-6.83199e-11
1	2.51383e-09	-0.616881	0.78988	0.00130297	-0.784884	-0.617827	-0.000220592
2	2.51383e-09	-1.00367	-0.0628102	-0.000538492	0.0645011	-0.995636	-0.00143713
3	2.51383e-09	-0.30316	-0.948478	7.84176e-05	0.954754	-0.304422	-0.00136693
4	2.51383e-09	-0.17109	0.988867	0.00129563	-0.983067	-0.172119	0.000141707
5	2.51383e-09	-0.741866	0.665556	0.000736888	-0.668436	-0.746436	0.00053196
6	2.51383e-09	0.0863535	-1.00747	-0.00111198	0.990596	0.0839935	0.00111686
7	2.51383e-09	0.933055	0.371198	0.000897209	-0.371361	0.926153	0.00099347
8	2.51383e-09	0.954583	0.304136	-0.000182868	-0.300022	0.952367	2.05672e-05
9	2.51383e-09	-0.994539	-0.141883	0.000215367	0.141096	-0.985942	0.00130359
10	2.51383e-09	0.850117	-0.533195	-0.000658042	0.534573	0.841697	0.000127809
11	2.51383e-09	-0.983991	-0.176894	-0.00101779	0.176635	-0.983188	0.00127998
12	2.51383e-09	-1.008	-0.0451459	0.00143186	0.0445279	-0.994574	-5.98188e-05
13	2.51383e-09	-0.836356	0.556515	-0.00200167	-0.553115	-0.830332	-0.000775434
14	2.51383e-09	-0.411225	-0.917232	-0.00143071	0.912628	-0.407364	0.00190188
15	2.51383e-09	0.973469	0.238768	0.000833134	-0.229499	0.972266	0.000626015
16	2.51383e-09	0.470993	0.877877	-0.00176414	-0.885231	0.473842	0.000504433
17	2.51383e-09	-0.216521	0.983751	-0.0013364	-0.973234	-0.217964	0.000524061
18	2.51383e-09	-0.624649	0.806962	-0.00117146	-0.782316	-0.609415	-0.000795301
19	2.51383e-09	-0.526466	-0.875525	-0.000819791	0.844911	-0.506989	0.0016204
20	2.51383e-09	-0.973406	-0.324576	-0.00313038	0.311236	-0.936286	0.000142455
21	2.51383e-09	0.248824	-0.975515	0.00215232	0.96399	0.252558	0.000862989
22	2.51383e-09	-0.752283	0.67841	0.000447296	-0.662974	-0.73979	-0.00233723
23	2.51383e-09	0.46816	-0.893852	-0.000268464	0.886613	0.460253	0.00259579
24	2.51383e-09	0.573857	0.828202	-0.000842678	-0.82005	0.572796	-0.00169051
25	2.51383e-09	-0.175012	-1.0052	-0.00169418	0.974448	-0.170215	0.00113132
26	2.51383e-09	1.00485	-0.14549	-4.27543e-05	0.142013	0.984289	-0.00260353
27	2.51383e-09	0.1059	1.00018	0.00181172	-0.993133	0.102478	0.00256233
28	2.51383e-09	0.860353	0.546795	-3.89699e-05	-0.53275	0.831784	-0.00190115
29	2.51383e-09	-0.95675	-0.319652	0.00196222	0.316278	-0.944658	0.000515287
30	2.51383e-09	-0.0813977	1.00801	0.000999224	-0.991486	-0.0829098	-0.000932015
31	2.51383e-09	0.938003	-0.364954	0.00226179	0.362748	0.930565	-0.00165518
32	2.51383e-09	0.16322	0.991968	0.000618378	-0.984801	0.162936	0.00150793
33	2.51383e-09	0.852876	-0.579157	-0.000319012	0.557803	0.811063	-5.30034e-05
34	2.51383e-09	0.636335	0.811551	0.00082673	-0.774292	0.607659	0.00195546
35	2.51383e-09	-0.019371	-1.01915	0.00218355	0.989648	-0.0189208	-0.00114153
36	2.51383e-09	-0.567234	0.847995	-0.00010468	-0.822946	-0.548415	0.00200474
37	2.51383e-09	-0.48756	-0.898304	-0.00299972	0.869473	-0.468497	0.00246186
38	2.51383e-09	0.868197	0.510488	0.000286772	-0.506492	0.857487	0.00265741
39	2.51383e-09	-0.479932	-0.897608	0.000664803	0.87048	-0.471494	-0.00238197
40	2.51383e-09	-0.563542	-0.843255	0.000237731	0.822089	-0.557488	-0.00147623
41	2.51383e-09	-0.801427	0.614117	-0.00200665	-0.607576	-0.789464	0.00161298
42	2.51383e-09	-0.995342	-0.229862	0.000579712	0.223368	-0.965892	0.000644294
43	2.51383e-09	-0.828993	-0.579015	0.00250938	0.565877	-0.818219	-0.001599
44	2.51383e-09	-1.01139	0.239792	0.000982055	-0.219863	-0.9539	-0.00114592
45	2.51383e-09	0.845587	0.591699	0.000187733	-0.563259	0.807852	0.00181808
46	2.51383e-09	-0.291831	-0.976873	0.000130223	0.95091	-0.280205	-0.000345115
47	2.51383e-09	1.01343	-0.0840774	-0.00119134	0.0788648	0.988785	0.00100874
48	2.51383e-09	0.657322	0.790159	-2.74413e-05	-0.754666	0.634139	0.000922811
49	2.51383e-09	0.547771	-0.851294	-0.000694608	0.837455	0.536509	-0.0017657
50	2.51383e-09	1.01635	0.119313	0.000681358	-0.116246	0.9839	0.00180212
51	2.51383e-09	-0.856415	0.551849	-0.000782657	-0.534476	-0.8323	0.00173475
52	2.51383e-09	-0.677692	-0.774294	1.38027e-05	0.743809	-0.646919	-0.000809454
53	2.51383e-09	-0.454501	0.910863	-0.0012336	-0.88818	-0.444579	-0.00132635
54	2.51383e-09	0.932779	0.427382	-0.000314445	-0.411432	0.896817	0.00234652
55	2.51383e-09	-1.0337	-0.00711757	-0.000877921	0.00134391	-0.98325	-0.000683036
56	2.51383e-09	-0.586653	-0.844266	-0.000653581	0.808511	-0.563396	0.0026122
57	2.51383e-09	0.938734	0.453108	0.00284669	-0.430734	0.881238	-0.000586111
58	2.51383e-09	-0.431936	0.951537	-0.0030291	-0.892669	-0.400709	0.00101464
59	2.51383e-09	1.02486	0.0583435	-0.000838854	-0.0628415	0.984805	-0.00403423
60	2.51383e-09	-0.946066	-0.382338	-0.00161236	0.372285	-0.918226	-0.000916747
61	2.51383e-09	-0.804936	0.662621	-0.00377861	-0.620659	-0.754559	-0.000469777
62	2.51383e-09	-0.543341	-0.875884	0.000629619	0.836487	-0.520743	0.00059363
63	2.51383e-09	-0.81576	-0.611181	0.000786335	0.595377	-0.795104	0.000328361
64	2.51383e-09	0.872726	-0.554188	-0.000609795	0.529362	0.826103	-0.00158151
65	2.51383e-09	-0.269493	0.995656	-0.00227705	-0.950449	-0.254898	0.000815419
66	2.51383e-09	-0.0330447	1.02501	-0.00175651	-0.987856	-0.0226425	0.00271593
67	2.51383e-09	-0.745452	0.726157	-0.000387552	-0.688049	-0.699089	0.000193386
68	2.51383e-09	-0.19044	1.01115	0.00182153	-0.96985	-0.18302	0.000245429
69	2.51383e-09	-0.755794	0.721455	0.00242411	-0.674672	-0.706021	0.00255658
70	2.51383e-09	0.645024	-0.801157	0.000415359	0.769454	0.617813	0.00195783
71	2.51383e-09	-0.958983	0.399807	0.00131224	-0.37111	-0.90722	-0.00213939
72	2.51383e-09	0.21858	-1.03292	-0.00120527	0.949804	0.203138	-0.000443099
73	2.51383e-09	0.857306	0.585333	-0.000415624	-0.554278	0.809538	0.00125541
74	2.51383e-09	0.814936	-0.667383	-0.000338508	0.615756	0.755615	0.0014006
75	2.51383e-09	1.02837	0.187377	0.000689368	-0.177767	0.96117	-0.000287448
76	2.51383e-09	0.68866	0.799686	0.00247966	-0.73458	0.635423	-0.000827789
77	2.51383e-09	-0.730835	-0.762255	-0.000202911	0.704295	-0.673006	0.00183138
78	2.51383e-09	-0.841729	0.634637	-0.000618011	-0.586756	-0.772505	0.00147671
79	2.51383e-09	0.67939	-0.78162	-0.00313025	0.737503	0.648675	0.000946234
80	2.51383e-09	-0.598562	-0.855899	-0.00094539	0.802723	-0.559806	0.00154103
81	2.51383e-09	0.690174	-0.77847	0.00293035	0.733563	0.650271	0.00181817
82	2.51383e-09	-0.853573	0.599832	0.00109855	-0.562964	-0.804358	0.000228802
83	2.51383e-09	0.866743	-0.581651	-0.000917906	0.545005	0.80982	-0.00121515
84	2.51383e-09	-1.04528	-0.013931	-0.0014375	0.0141696	-0.979057	0.000434705
85	2.51383e-09	-0.19095	1.00621	-0.000645742	-0.971443	-0.186642	0.00187732
86	2.51383e-09	-0.832618	-0.629799	-0.00121656	0.591525	-0.780183	-0.000968402
87	2.51383e-09	-0.432223	0.944787	0.000400632	-0.893725	-0.405453	0.00107932
88	2.51383e-09	0.962365	-0.370601	0.00265821	0.354052	0.919795	0.000644002
89	2.51383e-09	-0.488577	0.938153	-0.00104442	-0.860254	-0.449275	-4.20283e-05
90	2.51383e-09	-1.02605	0.219128	-0.00402122	-0.199137	-0.955831	0.000860883
91	2.51383e-09	-0.494961	-0.906245	0.00370433	0.864728	-0.472263	-0.000191595
92	2.51383e-09	-1.03592	0.144298	-0.000747388	-0.138173	-0.96915	0.000427461
93	2.51383e-09	-0.605189	-0.860614	-0.00112365	0.797727	-0.560503	-0.000316757
94	2.51383e-09	-0.111127	-1.03278	-0.00309932	0.975093	-0.108058	-0.000220497
95	2.51383e-09	-0.929803	-0.446304	0.00235124	0.424627	-0.8902	-0.000513234
96	2.51383e-09	0.605039	-0.865693	-0.00223822	0.796804	0.55957	-0.00185117
97	2.51383e-09	0.998434	0.345677	-0.00290889	-0.313139	0.919706	-0.000136358
98	2.51383e-09	1.05901	0.00943705	0.00195185	-0.00451849	0.971887	0.0015141
99	2.51383e-09	0.493478	0.954819	-0.00152559	-0.854525	0.441289	8.69922e-05
100	2.51383e-09	-0.0426288	1.05011	-0.00200923	-0.977485	-0.039953	0.0021205
101	2.51383e-09	-0.501681	-0.908425	-0.00217044	0.859875	-0.471518	-0.00015549
102	2.51383e-09	0.173145	1.01682	-0.000911186	-0.968853	0.16273	0.00109573
103	2.51383e-09	0.934837	0.47245	-0.00385725	-0.441254	0.871495	-0.00100577
104	2.51383e-09	-0.800381	-0.677028	-0.000417336	0.627905	-0.749983	-6.77878e-05
105	2.51383e-09	0.391835	0.969311	0.0012258	-0.907489	0.364324	0.000218502
106	2.51383e-09	-0.865732	0.585903	0.000885216	-0.544942	-0.811808	0.000327104
107	2.51383e-09	-1.02683	-0.247084	-0.00120948	0.227544	-0.945124	-0.00163138
108	2.51383e-09	0.480915	0.948254	-0.0021194	-0.864832	0.440407	0.000643522
109	2.51383e-09	1.05015	-0.152523	0.00251896	0.134126	0.961397	-1.13863e-05
110	2.51383e-09	0.99298	0.350351	0.00073062	-0.330057	0.918639	8.78929e-05
111	2.51383e-09	0.285133	1.02574	-0.000833531	-0.93518	0.25457	-0.000673707
112	2.51383e-09	-0.414135	0.977866	-0.000130948	-0.89154	-0.38226	-5.5577e-05
113	2.51383e-09	0.755909	0.73726	-0.00172549	-0.678485	0.698178	-0.000626555
114	2.51383e-09	-0.556327	-0.89535	0.00195949	0.826536	-0.510894	0.001119
115	2.51383e-09	1.01584	-0.360609	-0.000447996	0.316292	0.908645	0.00236466
116	2.51383e-09	1.0521	0.0295086	0.000648419	-0.0279149	0.974256	-8.57217e-05
117	2.51383e-09	0.845769	-0.651874	-0.00205864	0.592419	0.764134	0.000541067
118	2.51383e-09	0.434072	0.971377	-0.00110854	-0.885344	0.392862	-0.000496335
119	2.51383e-09	0.780495	-0.704765	-0.00280042	0.649361	0.724247	-0.000216356
120	2.51383e-09	0.330339	1.00017	-0.00173483	-0.926109	0.301975	-0.000493846
121	2.51383e-09	-0.0226539	1.0647	-0.00178888	-0.96804	-0.015537	0.000810474
122	2.51383e-09	-0.473411	-0.961364	-0.000803218	0.864375	-0.429317	0.000962322
123	2.51383e-09	0.678943	-0.795319	0.00157985	0.746694	0.630661	0.00149911
124	2.51383e-09	-1.05776	0.18957	0.00103815	-0.172381	-0.949411	0.00248362
125	2.51383e-09	0.902203	-0.538043	-0.00129581	0.496953	0.840934	-0.0017701
126	2.51383e-09	0.178449	-1.05083	-0.000901663	0.952025	0.166943	0.000508568
127	2.51383e-09	0.522738	-0.915075	-0.00212396	0.846448	0.483981	0.00185421
128	2.51383e-09	0.984417	-0.420802	0.00223208	0.381965	0.887493	-0.000528902
129	2.51383e-09	-0.309633	-1.01474	0.00116087	0.931032	-0.275628	0.00206627
130	2.51383e-09	0.216284	1.03663	-0.000327355	-0.952067	0.202449	0.00126837
131	2.51383e-09	0.788028	-0.7495	7.80061e-05	0.655057	0.696161	0.0015463
132	2.51383e-09	0.677668	-0.835627	0.00256626	0.749467	0.604889	-0.00045126
133	2.51383e-09	-1.06277	0.0704657	0.000988731	-0.0672984	-0.967407	-0.00272541
134	2.51383e-09	0.930161	-0.49638	-0.00161214	0.456927	0.860663	0.000352564
135	2.51383e-09	0.84227	-0.647684	-0.000100117	0.589554	0.77138	-2.84467e-05
136	2.51383e-09	0.0985784	1.07567	-0.000386754	-0.958515	0.0849818	-0.000561613
137	2.51383e-09	-0.658879	-0.82948	0.00245877	0.762855	-0.603417	-0.00296662
138	2.51383e-09	-0.82574	-0.669414	0.000425425	0.612928	-0.751955	-0.000355481
139	2.51383e-09	0.35622	1.00579	0.000607592	-0.914508	0.323307	0.00323171
140	2.51383e-09	0.563646	0.92819	-0.000420067	-0.82069	0.498184	0.00161959
141	2.51383e-09	-0.672412	0.834951	-0.000807726	-0.75253	-0.603048	-0.00274084
142	2.51383e-09	1.06978	0.115491	-0.000646918	-0.0956669	0.959515	0.00212486
143	2.51383e-09	0.894995	-0.587915	-0.000713698	0.5326	0.805335	-0.00289467
144	2.51383e-09	-0.460346	0.987765	0.00121472	-0.869327	-0.400474	0.0012146
145	2.51383e-09	0.901268	-0.556477	-0.000748747	0.511543	0.826541	0.0014753
146	2.51383e-09	-0.175014	-1.08553	0.000985181	0.943022	-0.149884	-0.00035378
147	2.51383e-09	0.0910172	-1.08217	0.000608611	0.954827	0.0809253	0.0026972
148	2.51383e-09	-1.05537	-0.266442	-0.00104851	0.239333	-0.926813	0.000236136
149	2.51383e-09	0.453895	-0.958052	0.000882639	0.882784	0.406789	0.00137283
150	2.51383e-09	-1.05077	0.210794	-0.00279153	-0.186377	-0.949734	0.00145903
151	2.51383e-09	-0.929797	-0.539347	0.000491737	0.48475	-0.834186	-0.000821299
152	2.51383e-09	-0.442253	0.991159	-0.000384883	-0.870847	-0.397161	0.000311216
153	2.51383e-09	-1.01314	0.398679	0.000437877	-0.356997	-0.890713	0.000166547
154	2.51383e-09	0.15907	-1.09128	0.0026039	0.940324	0.142708	-0.000449348
155	2.51383e-09	-0.959181	0.479292	-0.00108624	-0.431948	-0.866096	-0.0032039
156	2.51383e-09	1.04578	0.305737	-0.0025601	-0.262865	0.92211	0.000595524
157	2.51383e-09	-1.01975	0.315448	-0.000766267	-0.285579	-0.924872	0.00156314
158	2.51383e-09	-1.07167	0.185775	-0.00224059	-0.160385	-0.945964	0.00348744
159	2.51383e-09	1.06859	-0.108907	0.00170219	0.0972116	0.959796	-0.00165736
160	2.51383e-09	-1.06904	0.126819	-0.00267781	-0.111127	-0.95795	-0.00166404
161	2.51383e-09	-0.20396	1.06904	-0.00174274	-0.942021	-0.179403	-0.00227685
162	2.51383e-09	0.234506	-1.05877	-0.00184834	0.938877	0.205115	-0.0018897
163	2.51383e-09	-1.07229	-0.102206	0.00209904	0.0886067	-0.961138	-0.00144039
164	2.51383e-09	0.842241	-0.650403	-0.00198187	0.591786	0.769898	-0.00123233
165	2.51383e-09	0.954279	0.544389	-0.00146265	-0.474144	0.829739	0.00112553
166	2.51383e-09	1.08761	-0.0841623	-0.00080772	0.0724539	0.953309	-0.000331982
167	2.51383e-09	-0.98775	-0.385363	0.00301227	0.352743	-0.908688	-0.00295441
168	2.51383e-09	-0.661793	0.853464	-0.00183275	-0.756646	-0.596204	1.71647e-05
169	2.51383e-09	-0.964175	-0.492776	-0.00166737	0.438088	-0.853468	-0.000817712
170	2.51383e-09	-0.0294818	-1.09091	-0.00453829	0.957602	-0.0225724	0.00219143
171	2.51383e-09	-0.964505	0.498208	0.00242653	-0.44145	-0.853169	0.00197385
172	2.51383e-09	1.07946	-0.270865	-0.00298273	0.231091	0.91756	6.0042e-05
173	2.51383e-09	-1.09769	0.00523151	-0.000146109	-0.00604396	-0.955095	-0.000242699
174	2.51383e-09	-1.09074	-0.0407532	-0.00116314	0.0375967	-0.958092	0.0017393
175	2.51383e-09	0.0556198	-1.08449	-0.00170539	0.960786	0.0499189	0.000803813
176	2.51383e-09	0.475196	0.96674	-0.00100565	-0.86391	0.424095	0.00205919
177	2.51383e-09	-0.0960068	1.09455	-0.00141513	-0.95153	-0.0828581	0.00156734
178	2.51383e-09	-0.854678	-0.648779	-0.000371573	0.585647	-0.769011	0.00101463
179	2.51383e-09	0.569028	0.937278	0.00113841	-0.817749	0.492044	0.000500967
180	2.51383e-09	-0.639695	-0.881666	0.00201757	0.774698	-0.558096	0.00106457
181	2.51383e-09	-0.838267	0.710946	0.00120897	-0.620189	-0.725076	-0.00203327
182	2.51383e-09	1.06513	0.229398	0.00218644	-0.20235	0.936997	0.00121718
183	2.51383e-09	-1.07183	0.277349	-0.0013	-0.237405	-0.919245	-0.000141268
184	2.51383e-09	-0.849289	0.712971	0.000110809	-0.608836	-0.726383	0.00144838
185	2.51383e-09	0.698856	-0.844619	9.21443e-05	0.735975	0.606638	-0.000775858
186	2.51383e-09	0.887971	-0.637049	-0.00045005	0.553235	0.775451	0.00110533
187	2.51383e-09	0.273237	-1.0307	0.00015514	0.936129	0.251348	-0.00185645
188	2.51383e-09	-0.927167	0.596969	0.000705129	-0.518134	-0.800642	-0.00188374
189	2.51383e-09	-0.89398	-0.648085	-0.00159602	0.555931	-0.77087	0.000741001
190	2.51383e-09	0.264249	-1.07585	-0.001456	0.919456	0.226713	0.000137745
191	2.51383e-09	0.726872	-0.819556	-0.00304055	0.712547	0.634596	-0.00104384
192	2.51383e-09	-1.02583	0.386535	-0.00257171	-0.335128	-0.894169	0.0021757
193	2.51383e-09	0.77043	0.778334	-0.0023974	-0.680838	0.673838	0.00121244
194	2.51383e-09	-1.12116	-0.0200472	0.000504842	0.0145744	-0.943797	-0.00145948
195	2.51383e-09	-0.963384	-0.496411	-0.000738035	0.438701	-0.854109	0.00154244
196	2.51383e-09	1.03145	-0.347464	-0.00258945	0.31353	0.906989	0.000795614
197	2.51383e-09	-0.752946	0.795018	0.00133505	-0.695273	-0.65609	-0.000449389
198	2.51383e-09	-0.456626	1.01229	0.00234341	-0.864658	-0.387871	-0.00150008
199	2.51383e-09	-0.897323	0.624845	-0.000755776	-0.545616	-0.787719	0.000414533
200	2.51383e-09	1.0301	-0.422753	0.000207986	0.360344	0.876845	0.000634652
201	2.51383e-09	-0.160099	1.09195	0.00190449	-0.941168	-0.140068	0.00090146
202	2.51383e-09	-0.134557	1.08333	-0.00312471	-0.951666	-0.121161	0.0010242
203	2.51383e-09	-1.00834	-0.397605	8.3565e-05	0.353479	-0.89381	-0.00100099
204	2.51383e-09	0.528236	0.973095	-0.000674157	-0.836511	0.454626	-0.00184054
205	2.51383e-09	-0.693445	0.89405	-0.000952038	-0.743629	-0.57505	0.000815859
206	2.51383e-09	-1.09189	-0.119957	-0.00189906	0.105178	-0.947527	0.00130471
207	2.51383e-09	-0.449236	1.01568	0.000229912	-0.867283	-0.384379	0.000402013
208	2.51383e-09	-0.0234721	1.10043	-0.000497357	-0.951678	-0.0186067	-6.76808e-05
209	2.51383e-09	-1.00478	0.426346	-0.00137525	-0.375398	-0.88024	-1.15967e-05
210	2.51383e-09	-0.688296	-0.866469	-0.000420686	0.743075	-0.592598	-0.00134292
211	2.51383e-09	0.328983	-1.05228	-0.00216541	0.909775	0.284157	-0.00128623
212	2.51383e-09	-0.407766	-1.04306	-0.000975757	0.880001	-0.341907	-0.00215949
213	2.51383e-09	0.366137	1.03462	0.00030296	-0.902004	0.3186	-0.00259359
214	2.51383e-09	-1.08614	-0.126993	0.000240565	0.115252	-0.94951	-0.000727649
215	2.51383e-09	0.58636	0.936041	-3.42314e-06	-0.810423	0.504185	-0.00141896
216	2.51383e-09	-0.0726771	-1.10501	0.000486407	0.951262	-0.0650739	-0.00175114
217	2.51383e-09	-0.850544	0.725172	-0.000127197	-0.61701	-0.715355	-0.00121732
218	2.51383e-09	-0.411671	-1.00323	0.000970353	0.887822	-0.360819	-0.00151314
219	2.51383e-09	1.09549	0.216893	-0.000319783	-0.183123	0.929904	-0.000188329
220	2.51383e-09	1.10465	-0.130934	0.00183834	0.108636	0.940761	0.00157186
221	2.51383e-09	-0.74083	-0.809262	-0.0028892	0.701403	-0.647388	-0.000764849
222	2.51383e-09	1.10885	-0.0927999	-0.00370126	0.0825248	0.945423	0.00120757
223	2.51383e-09	-0.126231	-1.10276	0.000434692	0.945643	-0.106222	0.00181268
224	2.51383e-09	-0.975168	-0.496962	-0.00164597	0.430113	-0.854076	0.000406088
225	2.51383e-09	0.885015	0.663418	-0.000821626	-0.572821	0.762882	0.000666363
226	2.51383e-09	-0.874989	-0.69821	0.00257412	0.589033	-0.740826	0.000217697
227	2.51383e-09	0.208828	1.08368	0.00124295	-0.936179	0.182821	0.00139055
228	2.51383e-09	1.04141	0.420293	0.00069952	-0.350898	0.873344	-0.000373056
229	2.51383e-09	1.0044	0.524606	-0.00275332	-0.437541	0.829356	-0.00250606
230	2.51383e-09	0.52337	-1.00729	-0.00130658	0.833353	0.431781	-0.00207141
231	2.51383e-09	-0.402394	1.0574	-0.000839503	-0.881123	-0.327133	-0.00239201
232	2.51383e-09	-0.557328	-0.942646	-0.00374169	0.825994	-0.487364	-0.000173751
233	2.51383e-09	0.996107	-0.516481	-7.3378e-05	0.439469	0.832592	-0.00275939
234	2.51383e-09	0.234135	-1.1018	0.00122122	0.920582	0.194744	0.000943415
235	2.51383e-09	0.12077	-1.10689	-0.00429346	0.942452	0.0975142	0.000872672
236	2.51383e-09	-0.092012	1.12555	-3.01874e-05	-0.938584	-0.0764603	-0.00142724
237	2.51383e-09	0.249227	1.08147	-0.000300356	-0.925934	0.216847	0.00032236
238	2.51383e-09	-0.148893	-1.12359	-9.65002e-05	0.934321	-0.123265	0.000393992
239	2.51383e-09	0.545742	-0.962278	0.00240001	0.82946	0.468913	7.05179e-05
240	2.51383e-09	-1.1138	-0.208112	0.000300958	0.176991	-0.920557	-0.00125055
241	2.51383e-09	0.878518	0.698065	-7.24126e-05	-0.592259	0.735904	1.92186e-05
242	2.51383e-09	0.911417	0.705974	-0.00221508	-0.573848	0.73514	-0.000723965
243	2.51383e-09	-0.40683	1.04031	-0.0032635	-0.880864	-0.349275	-0.00131619
244	2.51383e-09	0.84757	-0.747594	0.00347787	0.621616	0.707045	-0.00223534
245	2.51383e-09	0.795915	0.786	-0.00305271	-0.662333	0.675154	-0.0022022
246	2.51383e-09	-0.184242	1.10863	-0.00152389	-0.930408	-0.154112	0.00367155
247	2.51383e-09	-0.830374	-0.73666	0.00102065	0.62697	-0.709669	-0.000466253
248	2.51383e-09	0.743359	0.842179	2.59472e-05	-0.707014	0.624573	-0.0013828
249	2.51383e-09	1.04011	0.413472	-0.00262951	-0.347391	0.881765	-0.000755784
250	2.51383e-09	1.02488	-0.480729	-0.00298639	0.399008	0.849697	0.000783787
251	2.51383e-09	-0.108875	-1.12472	-0.00293457	0.935084	-0.0889455	0.000689524
252	2.51383e-09	-0.106275	1.11938	0.00205967	-0.938896	-0.089845	-0.000468422
253	2.51383e-09	0.549085	1.00564	-0.0031657	-0.816299	0.451568	-0.00201036
254	2.51383e-09	-0.321609	-1.07719	-0.000425192	0.904408	-0.270945	-0.00121003
255	2.51383e-09	0.925382	-0.667824	-0.00214471	0.549469	0.755969	-5.79052e-05
256	2.51383e-09	-1.06824	0.413393	0.00157447	-0.33777	-0.871251	-0.000518789
257	2.51383e-09	0.238767	-1.10224	-6.58165e-05	0.920792	0.202964	0.00234906
258	2.51383e-09	0.0659037	-1.13136	0.000979181	0.93755	0.0512361	-0.00377271
259	2.51383e-09	-0.974597	-0.561303	0.00207484	0.473215	-0.815472	0.00034514
260	2.51383e-09	0.19002	-1.11543	-0.00125799	0.926139	0.15374	0.00296818
261	2.51383e-09	-1.12239	-0.181131	-0.0018396	0.150305	-0.92647	0.000713126
262	2.51383e-09	0.700704	-0.861267	0.00080276	0.735868	0.602981	0.00479904
263	2.51383e-09	1.03907	0.458631	-0.00176113	-0.38149	0.858111	0.000745894
264	2.51383e-09	-0.807258	-0.783759	0.000482791	0.658813	-0.675211	-0.00073079
265	2.51383e-09	0.965601	0.613235	-6.0275e-05	-0.501027	0.79238	-0.0014831
266	2.51383e-09	1.09713	0.276331	0.000693641	-0.230901	0.912469	-0.00106756
267	2.51383e-09	0.386789	1.06242	-0.00262486	-0.884344	0.315741	0.0006526
268	2.51383e-09	0.289427	1.09591	-0.000490354	-0.910452	0.234737	-0.00123665
269	2.51383e-09	-0.957226	0.622502	0.00037444	-0.511208	-0.78304	0.000379536
270	2.51383e-09	0.472573	-1.02707	-0.00118745	0.856301	0.393408	-0.000386091
271	2.51383e-09	-0.149592	1.13411	-0.000547961	-0.926767	-0.123405	-0.000799849
272	2.51383e-09	0.845447	-0.769558	-0.000653972	0.629224	0.691297	-0.00234434
273	2.51383e-09	-0.556691	-0.993477	-0.000761755	0.815766	-0.461425	-0.000698623
274	2.51383e-09	1.12305	-0.0663526	-0.000563169	0.049152	0.940075	-0.00134179
275	2.51383e-09	-0.817877	0.797919	-0.00143775	-0.652934	-0.667262	-0.000793464
276	2.51383e-09	-0.964013	0.609547	0.00183374	-0.496548	-0.791864	0.00157008
277	2.51383e-09	-0.72887	0.893524	-0.000618565	-0.721283	-0.582378	0.000719049
278	2.51383e-09	1.10174	0.328896	-0.000683929	-0.261355	0.895774	-0.00121509
279	2.51383e-09	0.888496	0.723264	7.8704e-05	-0.586627	0.727399	-0.00016358
280	2.51383e-09	0.309957	-1.1201	0.000470367	0.892826	0.245329	0.000125958
281	2.51383e-09	-0.368008	1.07286	0.000103537	-0.889015	-0.30744	-0.000412268
282	2.51383e-09	0.539277	1.0073	0.00153095	-0.825748	0.439116	-0.002941
283	2.51383e-09	0.221865	1.11767	-0.0013359	-0.917053	0.179657	-0.000254706
284	2.51383e-09	0.173596	1.13939	0.00144767	-0.9225	0.133972	-0.00104449
285	2.51383e-09	-1.11417	-0.28139	-0.00200608	0.2243	-0.905244	-0.000435215
286	2.51383e-09	-0.208767	-1.11054	-0.00200781	0.924962	-0.175268	-0.000228006
287	2.51383e-09	1.13626	0.0899947	-0.000119069	-0.0690641	0.93303	-0.00050221
288	2.51383e-09	-1.0142	-0.559767	0.000210656	0.448811	-0.811321	-0.000569154
289	2.51383e-09	-1.10095	-0.319448	0.000969243	0.262217	-0.897736	-0.00208873
290	2.51383e-09	-1.01527	0.520727	0.0037258	-0.427336	-0.83276	0.000397528
291	2.51383e-09	-0.86729	-0.739689	-0.00140628	0.609211	-0.712817	0.00185368
292	2.51383e-09	-0.633102	-0.969643	0.00105329	0.775699	-0.507119	-0.00125055
293	2.51383e-09	0.947364	0.634331	-0.0015107	-0.521658	0.779883	0.00196951
294	2.51383e-09	-0.883839	0.767685	-0.00140434	-0.60597	-0.698309	-0.00258601
295	2.51383e-09	0.554981	1.00011	0.000863021	-0.818131	0.45183	-0.00209642
296	2.51383e-09	1.15839	0.0852292	0.00174556	-0.0718854	0.924201	8.55531e-05
297	2.51383e-09	0.237358	1.12067	0.000969864	-0.914423	0.195253	-0.00093078
298	2.51383e-09	1.12596	0.235471	-0.00184258	-0.18844	0.914945	0.000737398
299	2.51383e-09	-1.01774	0.538871	0.00207402	-0.435085	-0.829185	0.00128297
300	2.51383e-09	-1.14959	0.150458	-0.000716852	-0.116438	-0.924012	0.00263727
301	2.51383e-09	1.11697	0.310873	0.00154071	-0.246847	0.892642	-8.3375e-05
302	2.51383e-09	1.12935	0.295404	0.00234667	-0.226541	0.89684	0.00261647
303	2.51383e-09	0.345122	1.1055	0.00208975	-0.883743	0.280626	0.00138451
304	2.51383e-09	1.08617	-0.399585	-0.00230685	0.321867	0.873063	0.000770713
305	2.51383e-09	-1.09369	-0.3445	-0.00240012	0.280117	-0.890675	0.000517472
306	2.51383e-09	-0.00920196	-1.15696	0.00250701	0.930675	-0.0102189	0.000505659
307	2.51383e-09	-1.04204	0.490667	-0.00182443	-0.395883	-0.843285	0.000338636
308	2.51383e-09	-0.349356	1.11269	-0.00222404	-0.883805	-0.279224	-5.44594e-05
309	2.51383e-09	0.589471	-0.984579	0.0017259	0.802021	0.478078	-0.000607274
310	2.51383e-09	-0.307881	-1.11729	-0.000163291	0.893573	-0.241676	0.000416811
311	2.51383e-09	-0.432338	1.06898	0.00238409	-0.865063	-0.346631	0.0014931
312	2.51383e-09	-0.583613	-1.01048	0.000524068	0.80098	-0.461049	-0.00218783
313	2.51383e-09	-0.0464072	-1.1513	0.000793162	0.932308	-0.0352736	-0.00157893
314	2.51383e-09	0.193299	-1.12974	-0.000348315	0.922269	0.156735	-0.00173742
315	2.51383e-09	-0.128797	1.16248	0.000865975	-0.92054	-0.0992346	-0.00164961
316	2.51383e-09	-1.05167	-0.505714	0.00132758	0.403669	-0.83309	-0.000103676
317	2.51383e-09	-0.685172	0.928266	-0.00106833	-0.750499	-0.551995	0.000718461
318	2.51383e-09	-0.975447	-0.635738	-0.00208065	0.503412	-0.776699	-0.00223301
319	2.51383e-09	1.15756	0.14251	-0.00298428	-0.110563	0.919007	-0.000305331
320	2.51383e-09	-0.917114	0.73755	0.000433189	-0.581228	-0.717142	-0.00154599
321	2.51383e-09	-0.0193116	1.16718	-3.86204e-06	-0.924274	-0.0132419	-6.6925e-05
322	2.51383e-09	-0.738607	-0.88865	0.000178398	0.71335	-0.59883	9.21086e-05
323	2.51383e-09	0.884902	-0.768919	0.00246272	0.600512	0.6988	-0.00113901
324	2.51383e-09	0.978591	0.664797	-0.00174595	-0.519131	0.758419	-0.00288793
325	2.51383e-09	1.10764	-0.354138	0.000549347	0.278977	0.885338	-0.0017093
326	2.51383e-09	-0.192366	1.15651	-0.00197148	-0.911375	-0.157865	0.00208489
327	2.51383e-09	0.509975	1.06071	-0.00106904	-0.829729	0.401553	0.00304207
328	2.51383e-09	0.0629942	-1.1496	0.000815169	0.930737	0.0499572	0.00140331
329	2.51383e-09	0.969599	-0.698406	-0.00162681	0.531871	0.741818	-0.000389084
330	2.51383e-09	-1.15056	-0.036303	0.000261961	0.0282527	-0.933274	0.000939322
331	2.51383e-09	-0.943206	-0.674503	-0.00205346	0.540169	-0.754829	0.00204402
332	2.51383e-09	1.1201	0.304034	0.000832856	-0.240127	0.898934	-0.000603022
333	2.51383e-09	0.278685	-1.14785	0.00181319	0.894451	0.214318	-0.000378077
334	2.51383e-09	-0.138756	1.17021	-0.00101758	-0.91478	-0.104954	-0.00122634
335	2.51383e-09	-0.276682	-1.15225	-0.000233648	0.891513	-0.214224	3.29239e-05
336	2.51383e-09	-1.16625	-0.0686392	-0.000690447	0.0526686	-0.924144	0.000623046
337	2.51383e-09	-0.611762	1.01373	0.00292855	-0.786681	-0.472578	-0.00142744
338	2.51383e-09	-0.403638	-1.10554	-0.00153408	0.864729	-0.31761	0.000720238
339	2.51383e-09	-1.11728	-0.425408	-0.00269131	0.327142	-0.851525	-0.000833156
340	2.51383e-09	0.602869	1.01496	-0.00181858	-0.793464	0.466975	-0.00145237
341	2.51383e-09	0.867493	0.807132	0.00131508	-0.626841	0.671488	-0.000711107
342	2.51383e-09	-1.08492	-0.427596	-0.000394523	0.343114	-0.861195	0.000914005
343	2.51383e-09	1.08053	0.440731	0.00190305	-0.349792	0.854399	0.000114638
344	2.51383e-09	0.190394	1.16002	0.000666009	-0.913457	0.148862	0.000555366
345	2.51383e-09	0.723299	-0.917937	0.00328856	0.727258	0.572183	0.000797875
346	2.51383e-09	1.00555	-0.568277	0.00314484	0.455925	0.813342	-7.33644e-05
347	2.51383e-09	1.1391	-0.290155	0.000526202	0.227003	0.890606	-0.00146337
348	2.51383e-09	-1.15803	0.25746	-0.000352984	-0.199187	-0.894618	0.000343225
349	2.51383e-09	1.14859	-0.195522	0.00189711	0.155051	0.915745	0.000628419
350	2.51383e-09	0.591658	1.01506	-0.00119953	-0.794789	0.466391	0.000851458
351	2.51383e-09	-0.998321	-0.650944	0.00167669	0.502116	-0.763523	0.000123133
352	2.51383e-09	-1.06531	-0.501719	-0.00426881	0.393252	-0.83321	-4.76854e-05
353	2.51383e-09	-1.12253	-0.404665	0.00121517	0.309448	-0.863331	0.00137482
354	2.51383e-09	0.42364	1.11048	-0.000102143	-0.855682	0.327726	-0.00137384
355	2.51383e-09	0.364382	-1.10892	-0.00243314	0.877105	0.290333	0.00208995
356	2.51383e-09	0.233086	-1.16789	-0.00173353	0.897692	0.176985	-0.000777467
357	2.51383e-09	-1.14784	0.246149	0.000991685	-0.194471	-0.903129	0.000667268
358	2.51383e-09	0.41625	-1.13152	-0.000660795	0.853788	0.312754	-0.00198974
359	2.51383e-09	-1.08864	0.470885	0.00268391	-0.364058	-0.84498	0.00248015
360	2.51383e-09	0.268558	1.14056	0.000248176	-0.899037	0.213948	0.0020835
361	2.51383e-09	-1.17238	-0.0590854	-3.52058e-05	0.0494532	-0.921755	-0.00125724
362	2.51383e-09	-0.438372	1.09227	0.00215591	-0.854407	-0.344777	0.000408136
363	2.51383e-09	-1.14729	0.295359	0.00120763	-0.222918	-0.889278	-0.00148624
364	2.51383e-09	-1.0567	-0.493184	0.00163203	0.393018	-0.839945	0.000608243
365	2.51383e-09	-0.823986	-0.860879	0.00218286	0.660379	-0.635195	-0.000652757
366	2.51383e-09	1.11457	0.410318	0.0017285	-0.315533	0.862017	0.00154695
367	2.51383e-09	1.17613	0.129803	0.00181199	-0.0988466	0.916918	-0.000273023
368	2.51383e-09	-0.265276	1.17243	-0.000774963	-0.88873	-0.198462	-7.11629e-05
369	2.51383e-09	-1.08359	-0.514373	-0.00110004	0.389301	-0.825898	-0.000580332
370	2.51383e-09	0.994048	-0.664259	-0.00188731	0.508087	0.759303	-0.00065002
371	2.51383e-09	1.1583	0.358103	-0.00116122	-0.269693	0.866094	0.00083728
372	2.51383e-09	1.04344	0.563973	-0.00263017	-0.435122	0.808579	-0.00154179
373	2.51383e-09	-1.1204	0.385113	-0.00244729	-0.296954	-0.869789	-9.73306e-05
374	2.51383e-09	-1.03367	0.620803	-0.00239813	-0.468305	-0.779486	-0.000928399
375	2.51383e-09	0.910349	0.777423	-0.000197371	-0.591398	0.695725	-0.00042317
376	2.51383e-09	0.944601	-0.722917	-0.0012942	0.557888	0.726683	0.000894959
377	2.51383e-09	-0.155479	1.17615	0.00255125	-0.912947	-0.117983	0.00170772
378	2.51383e-09	-0.35162	-1.14044	-0.00258736	0.875385	-0.271394	0.000265618
379	2.51383e-09	1.10954	-0.375573	0.000851364	0.303438	0.875902	-0.000221877
380	2.51383e-09	0.734455	-0.925594	-0.000781568	0.720575	0.570532	-0.000986948
381	2.51383e-09	-0.405935	-1.11543	0.00139113	0.863487	-0.311984	0.000398758
382	2.51383e-09	0.990945	-0.655242	0.000905135	0.504957	0.768428	-0.00102716
383	2.51383e-09	-1.16614	-0.0161357	0.000699608	0.0141318	-0.928611	-0.000912277
384	2.51383e-09	-1.06302	-0.550946	0.00207641	0.415784	-0.814367	-0.000725753
385	2.51383e-09	1.12448	-0.370928	-0.00083284	0.290633	0.872504	-0.000714841
386	2.51383e-09	-1.13841	0.4171	-5.94185e-05	-0.313604	-0.849589	0.000143888
387	2.51383e-09	0.185282	-1.18572	0.00415388	0.901034	0.144984	0.000488006
388	2.51383e-09	-0.854803	-0.851964	-0.000730526	0.637019	-0.649444	-0.000943844
389	2.51383e-09	1.02324	-0.615648	-9.02309e-05	0.472534	0.783591	-0.00232016
390	2.51383e-09	0.875818	0.789198	0.00230041	-0.617832	0.685898	-0.00164124
391	2.51383e-09	-1.08926	-0.501214	-0.00182888	0.38388	-0.830055	-0.00142899
392	2.51383e-09	-1.05277	0.589211	0.000239835	-0.442999	-0.794446	0.00163697
393	2.51383e-09	1.06415	-0.575696	-0.00296186	0.438951	0.796412	-0.000660225
394	2.51383e-09	0.678158	0.991769	-0.00050494	-0.75076	0.516881	0.000302808
395	2.51383e-09	-1.12086	-0.4107	0.00264313	0.312502	-0.861906	7.43328e-05
396	2.51383e-09	0.44279	-1.11947	-0.000894395	0.846064	0.33475	0.000689333
397	2.51383e-09	-1.21016	-0.0655187	0.000348043	0.0482344	-0.905224	0.00322564
398	2.51383e-09	1.02098	0.660082	0.00183495	-0.489571	0.760418	6.48454e-05
399	2.51383e-09	1.17703	-0.240816	0.00292917	0.179888	0.894556	-0.00060179
400	2.51383e-09	0.961845	-0.71047	-0.000160279	0.546967	0.732669	0.00278858
