8.664001e+03
401
0	1	0.000399913	0.000248097	-3.65037e-07	2.43401e-08	1.83612e-08	9.55544e-11
1	2.51383e-09	0.738055	0.701522	-0.00169789	-0.679413	0.718326	-0.00136468
2	2.51383e-09	-0.933741	0.341774	0.000454081	-0.341873	-0.945816	0.00108864
3	2.51383e-09	-0.953862	0.297828	0.000134665	-0.294213	-0.953518	-0.00143251
4	2.51383e-09	-0.553316	-0.835365	-0.00136418	0.834719	-0.550644	0.00193097
5	2.51383e-09	0.00995855	1.00036	0.00120036	-0.99755	0.0100921	0.000463347
6	2.51383e-09	-0.871093	-0.514641	-0.000350489	0.506786	-0.85423	0.00308976
7	2.51383e-09	-0.994676	-0.0250757	-0.000937796	0.0299829	-1.00294	0.00254283
8	2.51383e-09	0.322378	0.945356	0.000244403	-0.945527	0.323203	0.000911655
9	2.51383e-09	0.824639	0.577399	-0.00028916	-0.569423	0.817672	0.000211636
10	2.51383e-09	1.01756	0.0138928	0.00122722	-0.0152394	0.991004	-0.00198634
11	2.51383e-09	-0.99964	-0.0659974	0.000624713	0.0669196	-0.995974	0.000328362
12	2.51383e-09	1.01424	-0.0990151	3.28991e-05	0.0936863	0.986573	0.00121758
13	2.51383e-09	-0.992072	-0.172302	0.000777786	0.170137	-0.980319	0.000643834
14	2.51383e-09	0.659924	0.768017	-0.000717201	-0.755569	0.645721	-0.00362257
15	2.51383e-09	0.699418	0.727068	-0.0011565	-0.711548	0.694036	-0.00161844
16	2.51383e-09	0.760074	0.644564	-9.44235e-05	-0.652947	0.762398	0.00165862
17	2.51383e-09	-0.608902	0.796679	0.000737555	-0.794466	-0.611414	0.00142674
18	2.51383e-09	-0.120753	-1.00816	0.000126627	0.986502	-0.123416	-0.00170823
19	2.51383e-09	-0.925297	0.432328	0.00216218	-0.426272	-0.891054	0.00249082
20	2.51383e-09	1.02529	0.0875969	-0.00271101	-0.0848521	0.981994	-0.00184527
21	2.51383e-09	0.895645	-0.453544	-0.00209459	0.449966	0.891717	-0.00235823
22	2.51383e-09	-0.544986	0.873034	-0.00279359	-0.839031	-0.518476	0.000477382
23	2.51383e-09	-0.828926	0.584903	-0.000568662	-0.5684	-0.811548	0.00226787
24	2.51383e-09	0.90249	0.44316	-0.00195358	-0.439613	0.898557	0.00062095
25	2.51383e-09	0.922621	-0.441817	-0.00120641	0.42198	0.891141	-0.00234913
26	2.51383e-09	0.328387	0.964747	0.000482542	-0.936871	0.32286	0.00106296
27	2.51383e-09	0.814439	-0.586919	0.00265182	0.587197	0.805975	-0.00148572
28	2.51383e-09	-0.79718	-0.607333	0.00251619	0.603836	-0.797674	-0.00168031
29	2.51383e-09	0.149097	1.00047	0.00191385	-0.984303	0.144415	0.000870881
30	2.51383e-09	-0.660084	0.766444	-1.17298e-05	-0.753956	-0.6484	-0.0022121
31	2.51383e-09	0.333699	-0.953253	-0.00123173	0.938934	0.327808	-0.00355583
32	2.51383e-09	-0.986851	-0.208253	-0.000987262	0.203115	-0.973647	-0.00409948
33	2.51383e-09	1.00113	-0.245231	0.000643957	0.244513	0.953182	-0.000828991
34	2.51383e-09	0.951562	0.406264	0.00119802	-0.387978	0.904379	-0.00280752
35	2.51383e-09	0.0669351	1.01186	0.00264533	-0.9929	0.0668441	0.00181195
36	2.51383e-09	0.0189916	1.0142	0.00229214	-0.991003	0.0279919	-0.000449112
37	2.51383e-09	0.833991	-0.582575	-0.000682828	0.570093	0.812389	-0.00206437
38	2.51383e-09	-0.305613	0.954459	0.00130224	-0.952056	-0.308131	-0.0023564
39	2.51383e-09	0.878884	0.504111	0.00118078	-0.502431	0.858051	0.000179005
40	2.51383e-09	-0.634586	0.782192	-0.00120751	-0.773084	-0.632125	-0.00148576
41	2.51383e-09	-0.286776	-0.973232	-0.000427626	0.951707	-0.281876	-0.00358105
42	2.51383e-09	0.798671	-0.662674	-0.00138437	0.629635	0.751944	0.00214178
43	2.51383e-09	0.674289	0.756141	0.00300041	-0.745827	0.655942	0.000380262
44	2.51383e-09	0.877033	0.556567	0.00164992	-0.523717	0.828416	-0.000902227
45	2.51383e-09	0.704405	0.746027	-0.00249616	-0.717878	0.676748	-0.000934026
46	2.51383e-09	-0.478032	0.901632	-0.000180262	-0.874157	-0.461008	0.000906721
47	2.51383e-09	0.852199	0.558936	0.00183309	-0.544938	0.826883	-0.000524159
48	2.51383e-09	0.131822	1.02144	0.00124391	-0.977343	0.126961	-0.0010458
49	2.51383e-09	1.0079	0.0224869	0.00301248	-0.022956	0.99547	0.00110594
50	2.51383e-09	0.625173	0.837046	-0.0023731	-0.784308	0.585502	-0.00212911
51	2.51383e-09	-1.00251	0.110506	-0.0022859	-0.10747	-0.989622	-3.92047e-05
52	2.51383e-09	-0.249902	1.0061	0.00145672	-0.95022	-0.237971	0.00109158
53	2.51383e-09	0.864535	0.559553	-0.00207836	-0.53662	0.825887	-0.00201558
54	2.51383e-09	-0.829829	-0.610353	3.88834e-05	0.584193	-0.790549	0.00135923
55	2.51383e-09	-0.423277	-0.948945	0.00036525	0.893498	-0.401926	-0.00067855
56	2.51383e-09	-0.494805	0.892874	0.000412769	-0.867703	-0.480397	-0.00012238
57	2.51383e-09	1.0381	-0.149976	-0.000130777	0.137232	0.967308	-0.000986229
58	2.51383e-09	-1.00414	-0.283295	0.00227052	0.26303	-0.942163	0.00143529
59	2.51383e-09	0.938011	0.42295	-0.00204246	-0.409531	0.897588	0.00253302
60	2.51383e-09	1.03476	0.0391793	-0.000866094	-0.0380943	0.979978	-0.00150115
61	2.51383e-09	1.00073	-0.237637	-0.000841678	0.231424	0.961224	-0.00373595
62	2.51383e-09	0.209726	-1.01592	0.000203231	0.962122	0.197353	-0.00105319
63	2.51383e-09	0.191443	-1.00886	-0.00103587	0.970451	0.181072	-0.000820411
64	2.51383e-09	-0.71226	-0.736743	-0.000832196	0.710207	-0.690863	-0.0011014
65	2.51383e-09	-0.139482	-1.01752	-3.14736e-05	0.975314	-0.136218	0.000339799
66	2.51383e-09	-0.860374	0.582965	0.000732917	-0.54632	-0.80856	-0.00202369
67	2.51383e-09	0.358034	-0.984915	0.00044972	0.916386	0.336809	-0.00182013
68	2.51383e-09	0.970971	-0.354965	0.00271289	0.338007	0.923596	-6.24343e-05
69	2.51383e-09	0.437457	-0.939913	-0.00299135	0.890028	0.418637	0.00173725
70	2.51383e-09	0.686986	-0.760907	-0.000218818	0.733394	0.662329	-0.000645626
71	2.51383e-09	-1.02398	-0.171221	-0.00542283	0.165373	-0.967133	-0.00104511
72	2.51383e-09	0.253611	-1.03541	0.00264848	0.937382	0.23277	-0.000135706
73	2.51383e-09	-0.398381	-0.959917	-0.000379897	0.90412	-0.377164	0.00274836
74	2.51383e-09	-1.01477	0.317345	0.00224358	-0.291494	-0.921935	0.00146904
75	2.51383e-09	-1.04379	-0.08503	-0.000221799	0.0777131	-0.972951	-0.000533295
76	2.51383e-09	1.04804	-0.139248	0.000715958	0.130646	0.960204	-0.00325295
77	2.51383e-09	-0.170323	-1.04284	-0.000836759	0.960723	-0.160873	-0.00105034
78	2.51383e-09	-0.610619	-0.84894	-0.00260851	0.796376	-0.564582	-0.00302444
79	2.51383e-09	0.680502	-0.779143	0.00107554	0.73655	0.650628	0.00497436
80	2.51383e-09	-0.317507	-0.990522	-0.000590418	0.934819	-0.29447	0.000526321
81	2.51383e-09	-0.184237	1.01386	0.000115727	-0.967689	-0.173159	0.00014063
82	2.51383e-09	-0.933185	0.48268	0.000729939	-0.447602	-0.869062	0.00179951
83	2.51383e-09	-0.164937	-1.01105	-0.00221893	0.976712	-0.160963	0.000598445
84	2.51383e-09	-0.98899	0.32178	6.47742e-05	-0.307939	-0.931361	0.000373817
85	2.51383e-09	-0.697159	-0.751794	-0.00110331	0.724139	-0.670069	-0.00126954
86	2.51383e-09	1.04859	0.0740948	-0.000153468	-0.0607783	0.974537	-0.00073372
87	2.51383e-09	-0.852066	-0.613519	-0.000878239	0.565595	-0.792069	4.25168e-05
88	2.51383e-09	-0.43266	-0.942712	0.00204702	0.890969	-0.409724	0.00128238
89	2.51383e-09	-0.955595	0.451339	0.00263908	-0.411753	-0.879318	0.000472149
90	2.51383e-09	0.653003	-0.813548	0.000253987	0.766619	0.612175	-0.00362628
91	2.51383e-09	-0.143193	1.01646	0.0044545	-0.976995	-0.144921	-0.000622772
92	2.51383e-09	0.689864	-0.793399	-0.00147139	0.738256	0.637983	-4.54206e-05
93	2.51383e-09	0.950284	0.47089	7.20694e-05	-0.433736	0.870526	-0.00168347
94	2.51383e-09	-0.966064	-0.372835	-0.00191526	0.35517	-0.916473	0.00262514
95	2.51383e-09	0.731902	-0.725252	-0.000594041	0.695936	0.695907	-0.000429452
96	2.51383e-09	1.04201	0.111401	0.00319838	-0.102512	0.974696	-0.000792189
97	2.51383e-09	1.05216	-0.0447914	0.00104164	0.0475408	0.972315	0.00169623
98	2.51383e-09	-0.0536883	1.04967	-0.000981692	-0.97473	-0.0476135	-0.0017696
99	2.51383e-09	-0.188817	1.05424	0.00158519	-0.948457	-0.176973	0.00117458
100	2.51383e-09	-0.673358	-0.818468	0.000602861	0.742847	-0.622039	0.000288108
101	2.51383e-09	1.02437	0.129539	-0.000798382	-0.124057	0.976556	-0.000598754
102	2.51383e-09	-0.547153	-0.869214	-0.00113852	0.837213	-0.525286	-0.000967336
103	2.51383e-09	0.858492	0.602187	0.00261157	-0.56244	0.797558	0.00123609
104	2.51383e-09	-0.933392	0.466811	0.000686326	-0.443257	-0.873301	0.000719685
105	2.51383e-09	0.0353717	1.03986	-0.0021302	-0.978143	0.0329252	-0.000277905
106	2.51383e-09	0.292067	-1.00632	-0.000818042	0.93789	0.269917	0.00242117
107	2.51383e-09	-0.821515	-0.659287	-0.00115036	0.60974	-0.762004	-0.00144426
108	2.51383e-09	1.03297	-0.242834	-0.000563377	0.221093	0.948124	0.000623739
109	2.51383e-09	0.426924	-0.982188	-0.00214935	0.882593	0.384141	-0.000383906
110	2.51383e-09	-0.0576098	1.04692	0.00333184	-0.978071	-0.0538379	-0.000735445
111	2.51383e-09	-0.21365	1.04	0.00376815	-0.94985	-0.198974	-0.000915817
112	2.51383e-09	0.321619	1.02459	-0.000800023	-0.91931	0.285203	0.00157206
113	2.51383e-09	-0.398772	-0.976106	-0.00146931	0.90395	-0.367146	-0.000396877
114	2.51383e-09	-1.02125	0.249336	0.000154508	-0.231817	-0.947683	-0.00112847
115	2.51383e-09	1.04697	-0.250494	0.00331771	0.218611	0.938205	-0.00175721
116	2.51383e-09	0.208484	1.02511	0.00108045	-0.96118	0.195653	0.00303299
117	2.51383e-09	0.754915	-0.738088	7.00522e-05	0.682665	0.695481	-0.00125532
118	2.51383e-09	0.713762	-0.785358	-0.000586156	0.716114	0.655209	0.000812515
119	2.51383e-09	-0.528222	-0.909098	-0.00247477	0.839292	-0.492891	0.00348875
120	2.51383e-09	0.201736	-1.03379	-0.000242367	0.954911	0.182733	-0.00147088
121	2.51383e-09	-0.975219	0.43831	0.00347836	-0.390378	-0.88389	-0.000174316
122	2.51383e-09	1.03852	0.255551	-0.00248239	-0.233417	0.941333	-0.000149999
123	2.51383e-09	0.338882	-0.981505	0.00197411	0.930451	0.317362	-0.00197984
124	2.51383e-09	-0.266662	-1.04351	-0.00133131	0.932765	-0.238881	-0.0025152
125	2.51383e-09	0.902555	0.519566	0.00230757	-0.492059	0.850312	-2.78059e-05
126	2.51383e-09	0.744352	0.747405	-0.00189316	-0.691796	0.68963	0.00168521
127	2.51383e-09	0.789031	-0.688465	0.0011432	0.643918	0.738777	-0.00139474
128	2.51383e-09	-0.00804889	1.07672	-0.0028077	-0.961499	-0.00813374	0.00291371
129	2.51383e-09	-0.607578	-0.869688	0.00387352	0.794983	-0.554301	-0.000265101
130	2.51383e-09	-0.0495242	-1.06252	0.0019074	0.969118	-0.0400427	0.00236662
131	2.51383e-09	0.818996	0.717653	0.00174261	-0.6339	0.719996	-0.000269659
132	2.51383e-09	-0.195283	1.05273	0.000534387	-0.949769	-0.171584	-0.00123266
133	2.51383e-09	0.915328	-0.553123	0.00155458	0.49737	0.828689	-0.000363274
134	2.51383e-09	0.0566059	-1.05119	0.000376846	0.975006	0.0532451	0.00099099
135	2.51383e-09	0.416235	0.965737	-0.00343417	-0.897139	0.386093	3.7867e-05
136	2.51383e-09	-0.668823	0.855715	0.00275214	-0.75225	-0.595104	0.000474324
137	2.51383e-09	0.837416	0.661302	0.00170716	-0.596375	0.761551	0.000870038
138	2.51383e-09	-0.267432	1.02173	-0.00169689	-0.942056	-0.250649	-0.000400267
139	2.51383e-09	-0.978269	-0.414836	-0.00382514	0.376448	-0.893908	-0.00155866
140	2.51383e-09	-1.00328	-0.424597	-0.000408685	0.366746	-0.883622	0.000103256
141	2.51383e-09	0.0738175	1.06811	-0.0024806	-0.96425	0.0690045	6.5041e-05
142	2.51383e-09	-0.832877	-0.672291	0.000716893	0.614402	-0.748708	0.0019708
143	2.51383e-09	1.05192	-0.219399	-0.00185369	0.204577	0.943014	9.73941e-05
144	2.51383e-09	1.06991	-0.166177	0.00230166	0.146022	0.951148	0.000610632
145	2.51383e-09	-0.102742	-1.0529	0.000880549	0.967003	-0.092611	-0.000778452
146	2.51383e-09	1.056	0.292307	0.00368379	-0.25893	0.922612	0.000723453
147	2.51383e-09	1.07446	0.115618	-0.00216975	-0.106165	0.957377	-0.00178362
148	2.51383e-09	0.898033	-0.599931	-0.00128257	0.53422	0.802714	0.000523774
149	2.51383e-09	-0.852585	0.620846	0.000794866	-0.565465	-0.794404	0.00253865
150	2.51383e-09	0.8519	0.67293	-0.00112895	-0.596332	0.747249	0.000817644
151	2.51383e-09	-0.076582	1.08043	0.000345318	-0.95747	-0.0666219	-0.0014231
152	2.51383e-09	-0.536254	0.936319	0.000870804	-0.827675	-0.487944	-0.000675463
153	2.51383e-09	-0.0494675	1.0818	0.000183791	-0.960835	-0.0443451	-0.00104398
154	2.51383e-09	0.921377	-0.605347	-0.000181183	0.520673	0.798748	0.00277813
155	2.51383e-09	0.580027	-0.915654	0.00262616	0.810561	0.509854	0.000867725
156	2.51383e-09	-0.439948	1.00668	0.00157916	-0.8716	-0.380272	-0.00195697
157	2.51383e-09	0.00524645	1.07116	0.00053944	-0.963705	0.00271516	0.000343453
158	2.51383e-09	1.09462	0.0649049	-0.00504754	-0.0523092	0.953291	-0.00107245
159	2.51383e-09	0.939813	-0.525755	-0.0011595	0.470349	0.839167	0.000163043
160	2.51383e-09	0.476658	-0.96603	0.00314352	0.864867	0.424776	0.000488182
161	2.51383e-09	-0.434545	-0.992856	0.00160438	0.880001	-0.384546	-0.00200306
162	2.51383e-09	-0.844418	0.671903	-0.00120013	-0.599274	-0.753231	-0.00356888
163	2.51383e-09	-1.06288	-0.186693	0.000867834	0.164724	-0.949322	-0.000386751
164	2.51383e-09	0.57308	-0.903023	-0.00229331	0.816963	0.52037	-0.000759208
165	2.51383e-09	-1.07538	0.257936	-0.00125871	-0.22069	-0.923154	-0.00235777
166	2.51383e-09	-0.866629	-0.645133	-0.0017162	0.569917	-0.776982	-0.000263388
167	2.51383e-09	-0.917073	-0.524674	-0.00356229	0.483	-0.849162	-0.0016129
168	2.51383e-09	-0.567442	0.932377	-0.00105485	-0.814919	-0.500054	0.00124155
169	2.51383e-09	-0.102178	1.07715	-0.00012533	-0.958524	-0.087356	0.00151453
170	2.51383e-09	0.914575	0.585264	0.00134981	-0.516424	0.810593	-0.00321362
171	2.51383e-09	-0.71566	-0.823068	-0.00338151	0.719609	-0.630946	-0.00063333
172	2.51383e-09	-1.10073	0.141636	-0.00159582	-0.122908	-0.942534	-0.000557781
173	2.51383e-09	-1.08686	0.184866	-0.00320325	-0.158124	-0.939733	0.00154549
174	2.51383e-09	-1.01804	-0.405123	0.00227013	0.352097	-0.890492	-6.56239e-05
175	2.51383e-09	0.891293	0.641232	-0.00206441	-0.556384	0.771762	-0.00071536
176	2.51383e-09	-0.336162	1.02837	0.000339317	-0.912171	-0.299399	0.00155931
177	2.51383e-09	1.05268	0.378686	-0.00276521	-0.317792	0.891175	-3.35596e-05
178	2.51383e-09	0.257282	-1.04611	0.000849013	0.935325	0.230625	-0.000304417
179	2.51383e-09	0.491337	0.980045	-0.000898647	-0.857029	0.425261	-0.00359157
180	2.51383e-09	-0.48982	-0.966645	-0.00305261	0.85488	-0.435075	-0.000944022
181	2.51383e-09	-0.753099	-0.804902	-0.000114735	0.695033	-0.648834	0.00214612
182	2.51383e-09	-0.936165	0.565967	-0.00130151	-0.493589	-0.818816	0.000783925
183	2.51383e-09	0.812564	0.730268	-0.0006214	-0.642758	0.711088	0.000763067
184	2.51383e-09	-0.484291	0.997243	0.00210253	-0.853444	-0.416543	0.00172827
185	2.51383e-09	0.277242	-1.05725	-0.00121258	0.925759	0.237497	0.000694064
186	2.51383e-09	-0.390325	1.00862	-0.0017517	-0.898793	-0.349729	0.000363426
187	2.51383e-09	0.0485781	1.05957	0.00411492	-0.971903	0.045833	0.000881048
188	2.51383e-09	1.0938	-0.141338	-0.00120754	0.120498	0.946175	0.00287365
189	2.51383e-09	-1.06425	0.234428	-0.00119903	-0.206734	-0.935808	-0.00246103
190	2.51383e-09	-0.475455	0.983114	-0.00211614	-0.866081	-0.415565	-0.00055626
191	2.51383e-09	0.269236	-1.05979	-0.000539304	0.925514	0.235948	0.00320425
192	2.51383e-09	-1.08348	-0.198706	0.00032197	0.170587	-0.936065	-0.00205518
193	2.51383e-09	0.848312	-0.71558	-0.000426695	0.610054	0.725899	0.00186752
194	2.51383e-09	-0.368856	1.05386	0.0011163	-0.893951	-0.312681	0.000586863
195	2.51383e-09	-0.305002	1.04032	-0.000766113	-0.921605	-0.271705	-0.000845551
196	2.51383e-09	-0.67348	0.862898	-0.001083	-0.746645	-0.594312	-0.00305992
197	2.51383e-09	-0.495209	-0.966108	0.00303499	0.85423	-0.437366	-0.00115863
198	2.51383e-09	1.10482	0.0694325	0.00105738	-0.0584451	0.950518	-0.00179913
199	2.51383e-09	0.355421	1.04658	0.000743733	-0.899368	0.30632	0.00306847
200	2.51383e-09	-1.10857	0.156464	0.000606393	-0.128525	-0.934359	-0.000649669
201	2.51383e-09	0.351755	1.04625	-0.00213088	-0.901211	0.304022	-0.00155409
202	2.51383e-09	-0.031072	-1.10114	-0.00184317	0.94912	-0.0284466	-0.00128712
203	2.51383e-09	0.565877	0.928584	-0.00120851	-0.819618	0.49812	-0.00186737
204	2.51383e-09	0.377628	-1.04313	-0.000260152	0.88985	0.320642	-0.000226295
205	2.51383e-09	-0.373924	-1.06416	3.70088e-05	0.885241	-0.31428	-0.00157392
206	2.51383e-09	-0.549829	-0.94793	0.00183666	0.826853	-0.477569	-0.00113163
207	2.51383e-09	1.1149	0.110134	-0.0011875	-0.0948937	0.93862	-0.000760492
208	2.51383e-09	-1.10186	-0.0372917	0.00165669	0.0319608	-0.949621	0.00177863
209	2.51383e-09	-0.435642	-1.01374	0.00206212	0.872398	-0.378519	-0.000902286
210	2.51383e-09	0.0492853	-1.10727	0.000813978	0.947765	0.0409803	0.000681328
211	2.51383e-09	-0.135767	-1.09077	0.00212553	0.946527	-0.112698	-0.00174755
212	2.51383e-09	-0.810695	-0.782871	-0.00327445	0.654274	-0.675903	0.0016887
213	2.51383e-09	-0.483888	0.996807	0.00142581	-0.85639	-0.412803	0.000333252
214	2.51383e-09	0.037204	-1.08799	-0.000244127	0.961699	0.0335348	-0.00148964
215	2.51383e-09	1.0357	-0.430222	-0.00270012	0.358385	0.871072	-0.00242615
216	2.51383e-09	0.280474	1.09085	0.000634789	-0.910716	0.231797	1.40704e-05
217	2.51383e-09	-0.883542	-0.700139	0.00124109	0.583297	-0.737727	0.00272748
218	2.51383e-09	-0.947216	0.527627	2.56801e-05	-0.469782	-0.835075	-0.0023035
219	2.51383e-09	0.171963	1.11798	0.000921843	-0.929678	0.144418	0.00140466
220	2.51383e-09	-1.07148	0.320215	0.000660974	-0.268987	-0.904652	0.00270167
221	2.51383e-09	0.752947	-0.795683	0.00211708	0.692891	0.654705	-0.00126293
222	2.51383e-09	0.710546	0.852203	0.00344003	-0.727695	0.610148	-0.000750813
223	2.51383e-09	0.887456	0.680325	-0.00220056	-0.573008	0.748971	-0.000253031
224	2.51383e-09	1.08269	-0.204596	-0.000507624	0.176735	0.933093	0.000567615
225	2.51383e-09	0.125276	1.10274	-0.00113133	-0.945125	0.10671	-0.00112232
226	2.51383e-09	-0.827638	-0.735656	0.000617115	0.633688	-0.711369	-0.00145359
227	2.51383e-09	1.07362	-0.230314	0.000742773	0.200461	0.934894	-0.000230595
228	2.51383e-09	0.704727	0.866714	0.000331901	-0.734571	0.598021	0.0016719
229	2.51383e-09	0.723745	0.870466	-0.000302082	-0.722592	0.598814	0.00280418
230	2.51383e-09	-1.12797	0.181172	-0.00192074	-0.143065	-0.925482	0.000208106
231	2.51383e-09	-1.03755	0.463366	-0.00269881	-0.382714	-0.854238	0.00435459
232	2.51383e-09	-0.567178	-0.938496	-0.0024489	0.818612	-0.496414	0.00216299
233	2.51383e-09	-1.08993	-0.187233	-0.0012983	0.162592	-0.940286	-0.00203845
234	2.51383e-09	-0.972644	-0.538715	0.00435699	0.454966	-0.830479	-0.000814899
235	2.51383e-09	0.779894	-0.799137	0.00346768	0.680777	0.656129	0.00181803
236	2.51383e-09	-0.404547	1.05358	0.000851748	-0.879173	-0.332963	0.00110867
237	2.51383e-09	0.728913	-0.822161	-0.00170092	0.711338	0.639562	0.00113115
238	2.51383e-09	-0.773577	-0.848295	-0.0016139	0.693748	-0.625066	0.00128726
239	2.51383e-09	0.969816	0.523038	-0.00328697	-0.449879	0.840599	0.000823779
240	2.51383e-09	-1.13036	0.0790418	-0.00278885	-0.0584417	-0.934261	0.000746238
241	2.51383e-09	-0.567445	0.951347	-0.00132386	-0.818735	-0.489395	-0.00094974
242	2.51383e-09	-1.07645	0.407282	0.00285348	-0.331211	-0.872037	0.00207429
243	2.51383e-09	-1.07554	-0.326959	0.00398681	0.271495	-0.902604	-0.00165186
244	2.51383e-09	-0.930271	-0.661793	0.0024518	0.541956	-0.760276	-0.000282707
245	2.51383e-09	-0.403885	1.04983	0.00432931	-0.878886	-0.338904	0.00171554
246	2.51383e-09	0.544051	-0.982611	0.00200238	0.82706	0.458005	0.00168067
247	2.51383e-09	-0.218662	1.06989	0.0019577	-0.94097	-0.193931	-0.00182046
248	2.51383e-09	0.815701	0.764513	-0.000368782	-0.648193	0.693102	0.000582523
249	2.51383e-09	-1.01873	-0.479516	-6.58336e-05	0.404572	-0.850155	-2.48997e-05
250	2.51383e-09	-0.848381	0.75019	-0.000113268	-0.622644	-0.704421	-0.000779085
251	2.51383e-09	-1.11734	0.17492	-0.000168602	-0.146991	-0.927097	-3.47413e-05
252	2.51383e-09	-0.443658	-1.03114	0.000679819	0.866659	-0.3734	-0.000544455
253	2.51383e-09	-0.956423	0.611483	0.00513496	-0.504648	-0.789039	-0.000635592
254	2.51383e-09	-0.648444	-0.915568	-0.000965427	0.771379	-0.546276	0.00139664
255	2.51383e-09	-0.454171	1.03788	-7.6252e-05	-0.861529	-0.376106	0.000679572
256	2.51383e-09	1.06834	0.366566	0.000935106	-0.306446	0.8939	-0.000446134
257	2.51383e-09	0.155884	1.12003	-0.000842748	-0.930062	0.132285	0.00305035
258	2.51383e-09	-0.726355	0.858118	0.00439777	-0.720177	-0.610936	-0.00101828
259	2.51383e-09	0.68277	-0.891497	0.00154598	0.749475	0.575609	-0.000383675
260	2.51383e-09	1.01214	0.504014	-0.00194009	-0.421392	0.83981	-0.00322313
261	2.51383e-09	-0.79638	-0.810599	0.00032445	0.667771	-0.661255	-0.000513374
262	2.51383e-09	1.03062	-0.40623	0.00496466	0.347429	0.887367	-0.00164187
263	2.51383e-09	0.432072	1.04628	0.00119055	-0.870606	0.362681	-0.00126833
264	2.51383e-09	0.939744	0.618732	-0.00042742	-0.518209	0.787428	0.00146104
265	2.51383e-09	1.13217	0.0495415	-0.000264981	-0.0391396	0.94261	-0.00025827
266	2.51383e-09	-0.00191376	-1.13402	8.81548e-05	0.939291	-0.00251629	-0.00114539
267	2.51383e-09	0.680969	-0.896888	-0.00233428	0.753	0.563976	1.53151e-05
268	2.51383e-09	1.08137	0.370938	-0.00179903	-0.307771	0.879107	0.00146998
269	2.51383e-09	1.0728	-0.395012	0.00195828	0.322018	0.880662	-0.00259454
270	2.51383e-09	-0.991511	-0.545082	-0.0014591	0.449939	-0.824225	8.67099e-05
271	2.51383e-09	-0.562533	-0.995534	-0.00103934	0.813087	-0.459176	-7.44074e-05
272	2.51383e-09	-0.275083	-1.10545	-0.00407906	0.9102	-0.228005	-0.000610188
273	2.51383e-09	-0.673347	-0.9279	0.0018224	0.754792	-0.5475	0.00207553
274	2.51383e-09	0.984062	-0.547856	-0.00256661	0.451866	0.824461	0.000552382
275	2.51383e-09	-0.663411	-0.91666	0.00297604	0.763743	-0.549111	0.000679045
276	2.51383e-09	-0.295955	1.1106	-8.89359e-05	-0.899139	-0.238896	0.000344455
277	2.51383e-09	-0.718172	0.903854	0.000922966	-0.724511	-0.57639	-0.00334124
278	2.51383e-09	-1.15412	-0.0340918	-0.00134045	0.0265866	-0.929199	-0.00101654
279	2.51383e-09	-1.14321	0.269027	0.00111981	-0.214828	-0.896416	-0.000555421
280	2.51383e-09	0.340291	-1.11634	0.00175589	0.884178	0.266406	-0.00130287
281	2.51383e-09	-0.0846442	-1.13635	-0.000693095	0.933341	-0.0711225	0.000712842
282	2.51383e-09	-0.480387	1.03548	0.000377811	-0.850806	-0.393839	0.000544689
283	2.51383e-09	0.905432	0.699421	0.00216886	-0.57224	0.734765	0.00125366
284	2.51383e-09	-0.707617	-0.900216	0.0024289	0.735556	-0.579925	0.000618334
285	2.51383e-09	-1.12458	0.192667	0.000503871	-0.158094	-0.924219	0.0017198
286	2.51383e-09	-1.10126	0.29705	-0.00026159	-0.244532	-0.903417	0.00226021
287	2.51383e-09	-1.11946	0.145133	0.000238213	-0.116499	-0.935396	-0.00158874
288	2.51383e-09	0.977958	0.627463	-0.00173138	-0.497458	0.780641	0.000970922
289	2.51383e-09	0.621465	0.978117	0.00105375	-0.784785	0.493458	-0.00272179
290	2.51383e-09	0.370872	1.08562	0.00300508	-0.882298	0.301423	-0.00190561
291	2.51383e-09	0.190944	1.13308	-0.000980304	-0.920853	0.155296	0.00171691
292	2.51383e-09	0.826779	0.797536	-0.00196184	-0.647887	0.671075	-0.00134476
293	2.51383e-09	0.946333	0.625183	0.00281167	-0.517272	0.786077	-0.000302589
294	2.51383e-09	-0.15645	1.15918	-0.00662236	-0.916599	-0.122609	-0.000696349
295	2.51383e-09	-0.320529	-1.09461	0.000688078	0.899119	-0.265088	-1.13622e-05
296	2.51383e-09	1.0806	0.418801	-0.00486131	-0.33604	0.865865	0.000670258
297	2.51383e-09	-1.12122	-0.222109	0.00220979	0.181563	-0.9182	0.00206159
298	2.51383e-09	0.124486	1.14905	0.00311151	-0.922549	0.100544	-0.000985374
299	2.51383e-09	0.970195	-0.66694	0.000668161	0.522919	0.753422	0.000581719
300	2.51383e-09	-1.00984	-0.581727	0.000595216	0.460757	-0.803898	-0.00231194
301	2.51383e-09	-0.692538	0.921297	-0.00114705	-0.743648	-0.567465	0.00158414
302	2.51383e-09	-0.418443	-1.08041	-0.000486354	0.87065	-0.333005	0.00456465
303	2.51383e-09	-1.04155	-0.494954	-0.00102115	0.399373	-0.841355	0.00140644
304	2.51383e-09	-0.93064	0.697475	-0.000980169	-0.560301	-0.738396	0.00101711
305	2.51383e-09	1.08287	0.380693	0.000258606	-0.309793	0.881143	-0.00252827
306	2.51383e-09	-0.0239992	1.15529	-0.00103878	-0.928535	-0.0176763	0.000119628
307	2.51383e-09	0.983094	-0.613082	0.0011242	0.489617	0.790125	-0.00310203
308	2.51383e-09	-0.82988	-0.814251	-0.0019499	0.652108	-0.663168	0.00118676
309	2.51383e-09	-0.838439	0.781559	-0.00105076	-0.633353	-0.683966	8.67996e-05
310	2.51383e-09	1.15394	-0.078425	0.000788743	0.0644795	0.92943	-0.000802257
311	2.51383e-09	-0.649102	0.960195	-0.00116882	-0.771524	-0.518299	-0.00270313
312	2.51383e-09	-0.686382	-0.94882	-0.00077468	0.750767	-0.533042	0.00133352
313	2.51383e-09	-0.124608	-1.14064	-0.00296258	0.92817	-0.0984893	0.00107265
314	2.51383e-09	-0.15864	-1.12978	-0.00182333	0.926797	-0.132685	9.86055e-05
315	2.51383e-09	-0.997739	0.60688	-0.00158004	-0.481088	-0.790375	0.00229457
316	2.51383e-09	0.680956	0.95188	0.00147659	-0.749937	0.539464	-0.00163668
317	2.51383e-09	0.540549	-1.02705	-0.00348526	0.821263	0.429362	-0.000921631
318	2.51383e-09	-0.866669	-0.768153	-0.00167339	0.612201	-0.698634	0.00188142
319	2.51383e-09	-0.833491	0.823052	0.000955771	-0.647871	-0.658257	-0.00260966
320	2.51383e-09	0.784614	0.874686	-0.000248696	-0.685502	0.617834	0.000132172
321	2.51383e-09	1.14331	-0.195079	-0.00165004	0.158933	0.916661	-3.79711e-05
322	2.51383e-09	0.423774	1.08263	0.00326058	-0.863709	0.333889	-0.0006991
323	2.51383e-09	1.15397	-0.00210109	-0.000749162	-0.00589987	0.931996	-0.000576398
324	2.51383e-09	0.371202	-1.10842	-0.00154096	0.878462	0.292035	-0.000975975
325	2.51383e-09	0.445777	-1.06334	-0.000150628	0.858384	0.363095	0.00173048
326	2.51383e-09	0.116874	-1.17476	-0.00415729	0.916639	0.0804885	0.001572
327	2.51383e-09	-1.09797	-0.439418	-0.00243663	0.342034	-0.85271	0.00021172
328	2.51383e-09	0.0151539	-1.13915	-0.000815084	0.93934	0.00978978	-0.00252097
329	2.51383e-09	-0.570817	-1.02259	0.00110216	0.802849	-0.458344	-0.000334283
330	2.51383e-09	0.28608	1.1203	0.000450838	-0.903232	0.229847	-0.000377645
331	2.51383e-09	-1.06231	0.439952	-0.000524997	-0.355368	-0.863228	-0.00189978
332	2.51383e-09	-1.1763	-0.0695871	0.000200161	0.0544658	-0.919811	-0.00165866
333	2.51383e-09	0.148221	-1.17736	-0.00235721	0.910552	0.112771	-0.000173429
334	2.51383e-09	0.3268	-1.12522	-0.00196241	0.886676	0.262009	-0.000602839
335	2.51383e-09	0.71259	-0.952542	-0.000763677	0.732082	0.547676	0.000275208
336	2.51383e-09	0.543096	-1.04048	-0.00257938	0.82025	0.424213	-0.00165453
337	2.51383e-09	-0.92902	-0.738274	-0.000451843	0.572024	-0.714825	0.00202968
338	2.51383e-09	-0.0795755	-1.1618	0.00339477	0.924688	-0.0625021	0.000774091
339	2.51383e-09	1.08155	-0.469323	0.00469101	0.364664	0.848264	-0.000979022
340	2.51383e-09	0.5683	-1.04835	-0.00198197	0.802111	0.434735	-0.000401029
341	2.51383e-09	-0.342136	-1.13549	0.000594844	0.879305	-0.262345	0.000988871
342	2.51383e-09	0.130836	1.15824	0.00088426	-0.920151	0.103206	-0.000426152
343	2.51383e-09	1.10241	-0.357074	0.00199766	0.290232	0.881705	-0.00165163
344	2.51383e-09	-1.11224	-0.397785	0.00112812	0.30398	-0.86676	-0.000177758
345	2.51383e-09	0.301029	-1.12171	-0.00146048	0.898407	0.237597	-0.00248004
346	2.51383e-09	-1.17378	-0.118592	0.00210677	0.0892657	-0.913593	-9.00606e-05
347	2.51383e-09	-0.695558	0.945971	0.00127939	-0.739055	-0.552564	-0.00131963
348	2.51383e-09	1.17755	-0.00113061	0.00443046	0.00188651	0.92193	-0.000209854
349	2.51383e-09	0.962979	0.667237	-0.0023133	-0.532403	0.756752	-0.00160331
350	2.51383e-09	-1.10717	0.380009	-0.00203795	-0.296025	-0.874337	-0.000200919
351	2.51383e-09	0.226324	-1.17066	0.00287625	0.899849	0.173488	0.00114049
352	2.51383e-09	-0.844511	0.829251	-0.000862027	-0.642125	-0.654795	0.0013982
353	2.51383e-09	-1.18	0.135646	0.00512678	-0.104468	-0.913694	-0.000420502
354	2.51383e-09	-0.270476	-1.14786	0.000829431	0.898816	-0.206862	-0.00203319
355	2.51383e-09	-0.322119	-1.10714	0.00311821	0.894125	-0.260157	-0.000289276
356	2.51383e-09	0.17253	-1.18848	0.000920126	0.902877	0.127421	-0.000303996
357	2.51383e-09	0.420531	1.10281	-2.44539e-06	-0.858845	0.326746	0.00110863
358	2.51383e-09	0.878604	-0.818489	1.68221e-05	0.620773	0.666924	0.00264946
359	2.51383e-09	0.0441416	-1.19928	-0.00285131	0.912904	0.0294454	-0.000978783
360	2.51383e-09	0.0532522	-1.17357	-0.000644331	0.920562	0.0429298	0.000512091
361	2.51383e-09	-1.11461	0.374872	-0.00152804	-0.29182	-0.874134	-8.35296e-05
362	2.51383e-09	1.08905	-0.443197	0.00082292	0.34933	0.853677	0.000795999
363	2.51383e-09	0.946027	-0.702579	0.0021125	0.551959	0.740877	0.000213983
364	2.51383e-09	0.248086	1.1338	0.000717029	-0.907631	0.194334	0.000992359
365	2.51383e-09	-1.19032	-0.158606	0.00197339	0.119176	-0.904795	-0.000629175
366	2.51383e-09	0.982585	0.665877	0.000419537	-0.517203	0.759337	-0.00203289
367	2.51383e-09	-1.1222	-0.395269	0.00229344	0.305523	-0.861694	9.17406e-05
368	2.51383e-09	1.16618	0.272021	-0.000403796	-0.206602	0.892269	-0.000290174
369	2.51383e-09	0.770206	-0.897462	-0.000964097	0.695564	0.600258	-0.000795247
370	2.51383e-09	1.16694	0.194321	0.000423284	-0.152401	0.907469	-0.00192579
371	2.51383e-09	-0.53484	-1.07449	-0.00200747	0.818721	-0.408499	0.000289926
372	2.51383e-09	-0.901038	-0.799278	0.00294113	0.606332	-0.677434	-0.00129516
373	2.51383e-09	1.11513	0.418376	-0.00131216	-0.320477	0.856872	-0.00132326
374	2.51383e-09	1.17706	-0.251428	0.00235511	0.189327	0.89405	-0.00252458
375	2.51383e-09	-1.06186	-0.537991	0.00332161	0.415705	-0.817521	0.000485099
376	2.51383e-09	0.175903	1.17381	-0.00179425	-0.907515	0.134624	-0.000808835
377	2.51383e-09	1.06695	-0.542885	0.00119866	0.410976	0.81533	0.000995492
378	2.51383e-09	0.316628	1.14827	0.000306633	-0.885617	0.242149	0.000624642
379	2.51383e-09	1.02685	-0.563596	0.000322151	0.446186	0.813243	-0.00146366
380	2.51383e-09	-0.209964	-1.17107	0.00172879	0.900402	-0.160167	-0.00107391
381	2.51383e-09	-1.17615	0.175968	-0.000313433	-0.134671	-0.907623	0.000270325
382	2.51383e-09	0.545534	-1.05712	-0.00173253	0.817807	0.421495	-0.000314185
383	2.51383e-09	0.962024	-0.685869	1.47974e-05	0.536261	0.74508	1.2409e-05
384	2.51383e-09	0.654183	-1.00912	-0.00606852	0.763022	0.498539	0.00200243
385	2.51383e-09	-0.11072	-1.18131	-0.00200428	0.912362	-0.0839835	0.000398973
386	2.51383e-09	0.774967	0.917366	0.00166139	-0.695659	0.588308	0.000416442
387	2.51383e-09	0.348531	-1.14418	-0.000841159	0.875736	0.266997	-0.00309399
388	2.51383e-09	1.10205	0.48932	-0.000201793	-0.375193	0.828791	0.00100212
389	2.51383e-09	-0.49853	1.06953	0.00465892	-0.83459	-0.392551	-0.000268686
390	2.51383e-09	1.17953	0.122948	-0.00164589	-0.0998174	0.913909	-0.00138027
391	2.51383e-09	-1.18695	-0.225679	-0.00235304	0.174699	-0.892739	0.000450571
392	2.51383e-09	0.745503	0.939475	0.00048197	-0.716398	0.567536	-0.00472614
393	2.51383e-09	-0.0835541	-1.20259	0.00102695	0.90974	-0.0693804	-0.000447646
394	2.51383e-09	1.18592	-0.148599	-0.00214165	0.114064	0.909189	-0.000740704
395	2.51383e-09	-1.16791	0.252184	-0.00121527	-0.195409	-0.894192	0.000695798
396	2.51383e-09	0.283132	1.19081	0.000657367	-0.876061	0.206279	-0.000392056
397	2.51383e-09	-0.799944	0.898327	0.00032815	-0.681654	-0.604724	0.00248712
398	2.51383e-09	-0.499199	-1.09243	0.000817095	0.829941	-0.379949	0.000371635
399	2.51383e-09	-0.516364	-1.08323	0.00281211	0.822851	-0.393716	0.000128361
400	2.51383e-09	1.20227	0.00145352	-0.000304385	0.00672943	0.912077	0.000911038
