6.887001e+03
401
0	1	0.000318251	0.000197445	-2.90559e-07	9.83293e-09	2.17177e-08	-8.57247e-11
1	2.51383e-09	-0.966331	0.295778	-0.00210159	-0.285988	-0.952308	-0.000171054
2	2.51383e-09	0.444473	-0.899246	0.00025837	0.897736	0.437983	0.00024716
3	2.51383e-09	-0.309041	-0.946693	-0.00106805	0.954149	-0.307417	-0.00100068
4	2.51383e-09	0.627328	0.791131	0.00182846	-0.778244	0.618727	0.000457847
5	2.51383e-09	-0.237168	0.968734	0.000449567	-0.972174	-0.240005	0.000815005
6	2.51383e-09	-0.738398	-0.680946	-0.00218929	0.677342	-0.73286	0.00152468
7	2.51383e-09	-0.912431	-0.402436	-0.00101812	0.405795	-0.917838	0.00175365
8	2.51383e-09	-0.985199	-0.148469	0.0013473	0.152855	-0.990903	-0.000893042
9	2.51383e-09	0.975251	-0.235697	-9.15469e-05	0.23411	0.971689	-0.00130097
10	2.51383e-09	-0.765198	0.652458	0.000718673	-0.647415	-0.760668	5.2629e-05
11	2.51383e-09	-0.988579	0.141603	-3.02748e-05	-0.143111	-0.988984	0.000541379
12	2.51383e-09	0.411755	-0.928336	-0.00200159	0.907617	0.399442	0.0004878
13	2.51383e-09	0.0830687	1.00203	-0.00157849	-0.994459	0.0849917	-0.00211771
14	2.51383e-09	-0.802159	-0.614739	-0.00270235	0.605195	-0.789688	0.00143007
15	2.51383e-09	0.185829	-0.978493	0.000301462	0.987555	0.186648	0.00149146
16	2.51383e-09	0.760869	-0.653027	-0.000676881	0.645783	0.758484	-0.00172841
17	2.51383e-09	0.953383	0.348023	-0.00168881	-0.344094	0.928768	-0.00125055
18	2.51383e-09	-1.01485	-0.0588761	0.000370631	0.057061	-0.992671	0.00127485
19	2.51383e-09	-0.709353	0.730358	-0.00121099	-0.716918	-0.683508	0.00083934
20	2.51383e-09	0.0304662	1.0263	-0.00089691	-0.987224	0.0284158	-0.00302221
21	2.51383e-09	-0.828198	-0.574847	0.003374	0.567519	-0.817325	0.00214593
22	2.51383e-09	0.41114	0.931991	0.00144105	-0.906835	0.404046	-0.00264413
23	2.51383e-09	1.01253	0.0784674	0.00248416	-0.0705568	0.990213	-0.000526766
24	2.51383e-09	-0.732128	-0.71154	0.000371237	0.687624	-0.70586	0.00117415
25	2.51383e-09	-0.999844	0.181634	-0.00209584	-0.180296	-0.97561	0.000816082
26	2.51383e-09	-0.863532	0.551932	0.00105359	-0.53211	-0.828768	0.00203936
27	2.51383e-09	-0.923837	0.387761	-0.00102691	-0.382626	-0.922362	-0.000441283
28	2.51383e-09	-0.436547	-0.906371	0.00114472	0.897881	-0.436628	1.36478e-05
29	2.51383e-09	0.461563	0.904891	-0.000629183	-0.883865	0.448773	0.00273865
30	2.51383e-09	-1.00477	0.0932027	0.0014185	-0.091132	-0.99275	0.000490573
31	2.51383e-09	-0.637655	-0.787212	0.00198321	0.771753	-0.623214	0.00213732
32	2.51383e-09	0.86693	0.499817	-0.000612722	-0.502359	0.86663	0.00437873
33	2.51383e-09	-0.00602272	1.03621	0.00115914	-0.978583	-0.0107437	-0.00115299
34	2.51383e-09	-0.132795	-1.02388	-0.00230195	0.976744	-0.126812	0.00122623
35	2.51383e-09	0.757389	-0.683906	-0.00244295	0.66144	0.736292	-0.00208797
36	2.51383e-09	-0.34869	-0.949247	-0.000403933	0.936224	-0.33844	-0.00225477
37	2.51383e-09	0.185404	1.00015	-0.00114208	-0.975449	0.181159	-0.00269726
38	2.51383e-09	0.934132	-0.366161	-0.000664068	0.36301	0.928895	0.00333685
39	2.51383e-09	0.0593346	-1.01653	-0.00116146	0.985844	0.0569374	8.24749e-05
40	2.51383e-09	0.184078	-1.0043	0.00034997	0.971459	0.173883	-0.000645764
41	2.51383e-09	-1.00438	-0.156043	0.00294497	0.151489	-0.979366	0.00123015
42	2.51383e-09	-0.300959	-0.985994	0.00138865	0.942107	-0.289697	-0.00208436
43	2.51383e-09	-1.00402	-0.0570023	0.00162707	0.054731	-0.998684	-0.00232935
44	2.51383e-09	0.0746313	1.03846	0.00232099	-0.975167	0.0719953	-0.000274393
45	2.51383e-09	-0.772766	0.672387	-0.0013422	-0.645369	-0.747955	-0.00109335
46	2.51383e-09	-0.410606	-0.932656	0.00108654	0.908121	-0.396205	-0.000412034
47	2.51383e-09	0.721873	0.715862	0.000955626	-0.701237	0.702035	0.000792571
48	2.51383e-09	1.00421	0.190741	-0.00060006	-0.182794	0.974182	0.00119903
49	2.51383e-09	-0.655111	0.770767	0.00257385	-0.75631	-0.643415	0.000150269
50	2.51383e-09	-1.02171	0.161111	-0.00210958	-0.152836	-0.968459	-0.000337055
51	2.51383e-09	-0.330274	-0.950725	-0.00100447	0.942137	-0.327347	0.000913035
52	2.51383e-09	-0.84974	0.592752	9.76103e-05	-0.560809	-0.804538	-0.000762425
53	2.51383e-09	-0.975789	-0.30093	-0.000695239	0.289993	-0.948259	0.00207918
54	2.51383e-09	0.986645	-0.288903	0.00129441	0.277484	0.946319	0.00168496
55	2.51383e-09	-0.00456865	1.03317	-0.0019766	-0.985862	-0.00640409	-0.000580891
56	2.51383e-09	0.927455	0.428614	-0.000537765	-0.420041	0.89606	-0.0012668
57	2.51383e-09	-0.0638347	1.04268	-0.00152592	-0.978892	-0.0601153	-0.000900886
58	2.51383e-09	0.40341	-0.964916	0.00148188	0.900173	0.380452	-0.00234534
59	2.51383e-09	1.02802	0.0229404	-0.00261591	-0.0277248	0.984935	-0.00278206
60	2.51383e-09	0.588115	-0.838625	9.89261e-05	0.80908	0.567621	0.00132088
61	2.51383e-09	0.949623	-0.401751	0.00287784	0.383635	0.909477	-0.00217487
62	2.51383e-09	-1.02838	0.0171596	0.00117232	-0.0170625	-0.985491	0.000687476
63	2.51383e-09	0.73971	0.721734	-0.000857884	-0.683304	0.704096	-0.000730136
64	2.51383e-09	-0.225981	-1.00102	0.000339044	0.964332	-0.224297	-0.00139515
65	2.51383e-09	-0.621281	0.822058	8.87277e-05	-0.785811	-0.593697	0.00288624
66	2.51383e-09	-0.751625	0.706518	0.00278193	-0.676286	-0.710228	0.00197503
67	2.51383e-09	-0.0998978	1.03817	0.000180106	-0.97703	-0.0910293	0.000510104
68	2.51383e-09	-0.14834	1.01686	0.00167908	-0.977065	-0.144116	-0.000917824
69	2.51383e-09	0.98444	0.323571	-0.00219673	-0.30504	0.935637	0.00321223
70	2.51383e-09	-0.0811396	-1.02323	0.000638334	0.984827	-0.0761655	-5.81285e-05
71	2.51383e-09	-0.679335	-0.775969	-0.00279227	0.743934	-0.647891	-0.0023661
72	2.51383e-09	0.590811	-0.88295	-0.000128978	0.803857	0.539953	0.00161649
73	2.51383e-09	1.02811	-0.126499	-0.000633539	0.120903	0.973875	0.000944867
74	2.51383e-09	0.429751	-0.961757	0.00284808	0.889657	0.400056	0.000545881
75	2.51383e-09	0.950482	0.431318	0.00118989	-0.407234	0.890042	0.000476648
76	2.51383e-09	-0.327084	-0.990109	-0.000878068	0.9325	-0.307815	0.00289059
77	2.51383e-09	-0.287369	-1.02166	0.000483675	0.934164	-0.266439	0.000572755
78	2.51383e-09	0.63331	-0.821197	-0.0013449	0.776695	0.606837	-0.00158776
79	2.51383e-09	0.0156516	-1.03871	-0.00436556	0.978769	0.0182063	0.000765607
80	2.51383e-09	-0.28693	1.00345	-0.00257698	-0.941222	-0.270116	-0.000916143
81	2.51383e-09	0.065031	-1.03381	0.00252463	0.98165	0.0602945	0.00193486
82	2.51383e-09	-0.621906	-0.844706	-0.000151839	0.783089	-0.58471	-0.000565841
83	2.51383e-09	-0.440704	0.93513	0.000675198	-0.889844	-0.422312	0.00070961
84	2.51383e-09	-0.35913	0.981492	-0.00138066	-0.919285	-0.337866	0.000288085
85	2.51383e-09	0.977183	0.31436	-0.00184206	-0.303368	0.939037	0.00021587
86	2.51383e-09	0.249311	1.01384	0.000842507	-0.949383	0.236752	-0.000582857
87	2.51383e-09	-0.927619	-0.485759	0.000538229	0.449664	-0.865487	-0.000652031
88	2.51383e-09	0.455403	-0.929181	0.00272176	0.883105	0.434013	0.00153715
89	2.51383e-09	-0.867394	-0.605366	0.00257853	0.558231	-0.794372	0.00202192
90	2.51383e-09	0.339028	-0.988203	0.00403684	0.928003	0.316933	0.000789363
91	2.51383e-09	-0.677968	-0.775778	0.00287577	0.739589	-0.651996	-0.00342193
92	2.51383e-09	0.762846	-0.726352	0.00012187	0.670689	0.707118	-0.00109716
93	2.51383e-09	0.559177	-0.903326	0.000841826	0.824238	0.510641	0.00010489
94	2.51383e-09	-0.585827	-0.858707	-0.00312879	0.807743	-0.555206	0.000108937
95	2.51383e-09	0.803619	0.666522	-0.000161522	-0.622483	0.75166	0.000933182
96	2.51383e-09	0.62698	-0.840791	-0.00175524	0.78359	0.586804	0.00266556
97	2.51383e-09	-0.733028	-0.747608	0.000571998	0.702031	-0.684358	-0.00184487
98	2.51383e-09	0.841469	0.632045	0.00117179	-0.58988	0.779048	0.000891955
99	2.51383e-09	-0.807708	-0.688403	0.00119381	0.633421	-0.740013	0.000570754
100	2.51383e-09	-0.70331	0.779914	0.00127019	-0.728347	-0.652575	0.00270342
101	2.51383e-09	-1.02411	-0.162006	-0.00264955	0.153945	-0.968363	-0.000534332
102	2.51383e-09	-1.02616	0.0115808	0.00128343	-0.00640641	-0.987847	-0.000181332
103	2.51383e-09	0.237297	-1.02593	-0.0018931	0.948706	0.218592	-0.00226509
104	2.51383e-09	-0.2192	1.01924	0.000532632	-0.958999	-0.209389	-0.00138414
105	2.51383e-09	0.784364	0.69061	0.00138876	-0.644473	0.733204	-0.000710711
106	2.51383e-09	-1.02134	0.218433	0.000737131	-0.203934	-0.958028	-0.000709973
107	2.51383e-09	-0.821241	-0.672078	-0.00249312	0.614896	-0.749102	0.000170222
108	2.51383e-09	0.647115	0.84707	-0.000945323	-0.77006	0.589804	0.00167041
109	2.51383e-09	1.00703	0.330657	0.000112964	-0.307828	0.922117	-0.00181797
110	2.51383e-09	-0.398551	-0.975072	-0.00104564	0.900033	-0.371205	0.0004921
111	2.51383e-09	-1.01172	-0.304236	0.00131969	0.27874	-0.935001	0.00070512
112	2.51383e-09	1.06625	0.0840124	-0.000185892	-0.0733563	0.961853	-0.000167665
113	2.51383e-09	1.02613	0.273402	-0.00161294	-0.24491	0.938633	0.000328409
114	2.51383e-09	0.0451503	1.04962	-0.000335951	-0.974367	0.0451923	0.00183495
115	2.51383e-09	0.491845	0.946777	0.00303468	-0.863498	0.444448	-0.00116338
116	2.51383e-09	0.910861	0.521272	-0.000513064	-0.488002	0.845515	-0.000830159
117	2.51383e-09	0.255082	1.03265	0.000348053	-0.940169	0.232069	-8.64915e-05
118	2.51383e-09	0.8572	-0.621876	-0.00086577	0.569149	0.786434	-0.00141173
119	2.51383e-09	0.0510279	1.03599	0.00349471	-0.984676	0.0462508	-0.000361833
120	2.51383e-09	0.840902	0.633605	-0.00219524	-0.589281	0.774494	0.000178181
121	2.51383e-09	-0.636235	-0.857193	0.00208497	0.778784	-0.571233	-0.00154314
122	2.51383e-09	0.703689	0.807694	-0.001845	-0.72829	0.63673	-0.0019142
123	2.51383e-09	-1.00196	0.274158	-0.00133792	-0.252792	-0.949916	0.000996413
124	2.51383e-09	-0.240487	1.04713	-0.00094382	-0.941659	-0.215365	0.00218621
125	2.51383e-09	0.526098	-0.910187	-0.0017801	0.842235	0.491943	-0.00199947
126	2.51383e-09	0.378436	-0.991152	0.000962832	0.904234	0.350345	0.000871404
127	2.51383e-09	-0.0661989	-1.05298	-0.000718994	0.973593	-0.0580284	0.000976712
128	2.51383e-09	-0.164575	1.06008	-0.00288169	-0.952321	-0.150831	-0.000260123
129	2.51383e-09	-0.380886	0.987125	-0.00185725	-0.906741	-0.34667	0.00057628
130	2.51383e-09	0.567843	0.892375	0.000302305	-0.821123	0.524541	0.00139144
131	2.51383e-09	-0.00231654	-1.0872	0.000177677	0.956025	-0.00133287	0.00189473
132	2.51383e-09	0.857292	0.653762	-0.00323352	-0.583908	0.763777	0.000535377
133	2.51383e-09	0.0561581	1.0603	0.00291864	-0.971205	0.0479905	-0.0011627
134	2.51383e-09	0.8587	0.606249	0.00215212	-0.561243	0.798013	-0.000617054
135	2.51383e-09	0.78848	0.699768	0.000682725	-0.649857	0.727278	-0.00230803
136	2.51383e-09	0.687698	0.839907	-0.000157009	-0.741441	0.607661	-0.000602279
137	2.51383e-09	-0.979013	0.416552	0.00384249	-0.376972	-0.892096	-0.000847451
138	2.51383e-09	0.893574	-0.574783	1.8046e-05	0.522906	0.818545	0.000328918
139	2.51383e-09	-0.21801	1.04176	0.0033632	-0.95046	-0.198717	0.00107953
140	2.51383e-09	0.275051	1.04852	0.00140326	-0.928853	0.243858	0.00114275
141	2.51383e-09	-0.00989176	-1.06859	0.000572016	0.96734	-0.00577369	0.0030701
142	2.51383e-09	0.585427	-0.896462	-0.000514762	0.812912	0.527371	0.00267872
143	2.51383e-09	0.730517	0.791121	-0.000882435	-0.706076	0.653284	-0.000373633
144	2.51383e-09	0.356781	-1.02638	-0.00272173	0.904331	0.319353	-3.22652e-05
145	2.51383e-09	-0.403589	0.980656	-0.00121219	-0.897206	-0.366914	-0.000774807
146	2.51383e-09	-0.0896776	-1.1046	-0.00203799	0.945769	-0.07418	-0.00317013
147	2.51383e-09	0.548129	0.92931	-0.00189221	-0.830514	0.489074	-0.00296792
148	2.51383e-09	1.06378	-0.188625	0.000661329	0.170243	0.950171	-0.000124843
149	2.51383e-09	-1.04271	-0.150479	-0.000260791	0.142836	-0.968038	0.00175975
150	2.51383e-09	1.02051	-0.374483	0.000335112	0.335444	0.895465	-0.000763778
151	2.51383e-09	-0.930532	0.546835	0.000931151	-0.484103	-0.829838	-0.000322237
152	2.51383e-09	-0.902015	0.577566	0.000564777	-0.511019	-0.821951	0.000367467
153	2.51383e-09	0.981698	0.47131	0.000238113	-0.419174	0.862932	-0.000637004
154	2.51383e-09	-1.0576	-0.329861	0.0023029	0.281422	-0.903973	0.000134986
155	2.51383e-09	0.717241	-0.813591	0.00154281	0.720487	0.6311	0.00243022
156	2.51383e-09	0.874346	0.64923	0.000132315	-0.566935	0.772901	0.00268456
157	2.51383e-09	1.02135	0.313041	-0.00130086	-0.282065	0.925449	-0.000591223
158	2.51383e-09	-0.00662704	-1.085	0.00466551	0.961628	-0.00819811	-0.00063374
159	2.51383e-09	-0.157408	-1.06176	0.00047101	0.952893	-0.145739	-0.000228229
160	2.51383e-09	0.616122	0.887694	0.00141306	-0.789313	0.5469	-0.00239313
161	2.51383e-09	-0.483218	0.973503	-0.00323974	-0.860741	-0.425035	0.000329152
162	2.51383e-09	-1.08535	0.0213583	0.00137024	-0.017426	-0.959764	-0.00236164
163	2.51383e-09	-0.411819	-1.00769	-0.000905567	0.884452	-0.366383	-0.000498706
164	2.51383e-09	0.0862952	1.06637	0.00166049	-0.963016	0.0826542	0.00177597
165	2.51383e-09	0.752341	-0.800796	-0.00310434	0.69224	0.656816	0.000587061
166	2.51383e-09	0.271632	-1.05182	-0.000589967	0.928928	0.23607	-0.00122819
167	2.51383e-09	-0.639056	-0.850532	-0.0020958	0.773952	-0.588287	-0.0038415
168	2.51383e-09	-0.9854	0.452072	-0.000995504	-0.397522	-0.874716	0.00195854
169	2.51383e-09	0.181861	1.06678	0.000966169	-0.947649	0.165866	-0.000961367
170	2.51383e-09	-0.555117	0.941538	-0.000472607	-0.824331	-0.482742	-0.00401462
171	2.51383e-09	-0.207471	1.07133	0.00310926	-0.940434	-0.184906	0.00128846
172	2.51383e-09	0.0616466	-1.11088	-0.00223523	0.946796	0.0471453	-0.00184042
173	2.51383e-09	0.256657	1.07538	-0.000137262	-0.923992	0.218578	-0.00062129
174	2.51383e-09	-1.08058	-0.175312	0.0012894	0.155372	-0.945476	0.00228026
175	2.51383e-09	0.64074	0.894277	0.000787343	-0.77204	0.555939	-0.0015675
176	2.51383e-09	0.860962	0.652212	0.000508517	-0.580681	0.765954	0.0012251
177	2.51383e-09	1.08072	0.250445	-0.0021767	-0.21318	0.925465	0.000370214
178	2.51383e-09	-0.947102	0.513213	-0.0010297	-0.45531	-0.84817	0.000500546
179	2.51383e-09	0.6136	-0.91557	0.000784788	0.789666	0.528958	0.00352522
180	2.51383e-09	0.587294	0.906071	-0.00158185	-0.808765	0.524728	0.00212141
181	2.51383e-09	0.0273964	1.09848	0.00108799	-0.954785	0.0274632	-0.00127033
182	2.51383e-09	0.291418	-1.05148	0.000650234	0.922947	0.255632	0.00173764
183	2.51383e-09	1.024	0.393579	0.001545	-0.345523	0.891273	-0.000643874
184	2.51383e-09	0.964136	0.534871	-0.0006069	-0.462895	0.835789	0.000698242
185	2.51383e-09	-1.04481	0.305424	0.00136024	-0.268296	-0.921327	-8.28734e-05
186	2.51383e-09	-0.936965	0.5168	-0.00115273	-0.47065	-0.849628	-0.00127248
187	2.51383e-09	0.457029	0.960607	-0.00162893	-0.875443	0.419795	0.0040675
188	2.51383e-09	0.365297	-1.04032	0.00132944	0.89824	0.318871	-0.00148606
189	2.51383e-09	-1.05813	0.265196	0.00233058	-0.232477	-0.929631	-0.00123843
190	2.51383e-09	-1.09059	0.15756	-0.000844909	-0.143617	-0.941875	-0.0014912
191	2.51383e-09	-0.543646	0.943254	0.00326339	-0.832377	-0.477765	0.000198529
192	2.51383e-09	-1.07197	-0.249406	0.000290708	0.218567	-0.926714	-0.000986609
193	2.51383e-09	0.610725	-0.921398	-0.00188717	0.788404	0.52844	0.000932129
194	2.51383e-09	0.491105	-1.01341	0.000648192	0.848124	0.409813	0.000611005
195	2.51383e-09	1.00212	-0.419002	0.000571798	0.367032	0.885032	-0.001301
196	2.51383e-09	-1.00512	-0.405695	-0.00151046	0.365079	-0.891425	-0.00303921
197	2.51383e-09	-1.06355	0.239992	-0.0016333	-0.212854	-0.933629	0.000900874
198	2.51383e-09	0.0556096	-1.10903	-0.00123856	0.947566	0.0508349	0.00212876
199	2.51383e-09	0.759194	-0.793209	-0.00095045	0.692724	0.656593	-0.00237125
200	2.51383e-09	0.810163	0.765918	1.48759e-05	-0.650583	0.688764	-0.00130681
201	2.51383e-09	-1.02111	-0.417789	-0.00244206	0.359757	-0.881851	-0.000756806
202	2.51383e-09	0.866539	0.666191	-0.00244981	-0.588199	0.755178	0.000439119
203	2.51383e-09	-1.07787	0.138866	0.000704428	-0.12275	-0.950865	-0.00155623
204	2.51383e-09	-1.10796	-0.034494	0.000589252	0.02307	-0.948303	0.0013037
205	2.51383e-09	-1.01482	0.484446	0.00183156	-0.407693	-0.851592	0.000605332
206	2.51383e-09	0.42315	-1.00581	0.00279674	0.881663	0.373938	-0.000334698
207	2.51383e-09	0.856399	0.71419	0.000130675	-0.6037	0.727983	0.000796578
208	2.51383e-09	0.28307	-1.05894	0.00188303	0.922939	0.246599	0.000291942
209	2.51383e-09	-0.38908	-1.0334	0.00256726	0.888592	-0.338286	0.000888353
210	2.51383e-09	-0.0405598	-1.10102	-0.00149796	0.951248	-0.0370912	0.00119488
211	2.51383e-09	-1.00536	0.451509	-0.00125655	-0.391388	-0.867177	0.000131822
212	2.51383e-09	-0.902442	-0.659642	-0.00150711	0.555804	-0.761728	-0.00207248
213	2.51383e-09	-0.929033	-0.597486	0.000937571	0.51502	-0.799417	0.00224553
214	2.51383e-09	0.526901	0.967348	-0.000776474	-0.834263	0.456834	-0.00131928
215	2.51383e-09	0.800715	-0.779114	0.00195103	0.657137	0.677625	-0.00152615
216	2.51383e-09	-1.03624	-0.400787	0.000841232	0.347005	-0.885861	-0.000948632
217	2.51383e-09	1.07493	-0.311682	0.000562478	0.262815	0.908716	0.000744092
218	2.51383e-09	-0.351751	-1.02423	-0.00106889	0.908482	-0.307889	-0.00194241
219	2.51383e-09	-0.850914	-0.739797	0.000351866	0.618294	-0.707902	0.00022161
220	2.51383e-09	-0.81597	-0.761548	-3.58787e-05	0.647286	-0.689968	0.00223081
221	2.51383e-09	-1.07295	0.19188	-0.0021534	-0.170121	-0.944328	-0.000584346
222	2.51383e-09	-0.672078	0.89295	0.00306225	-0.753124	-0.569158	-0.00104943
223	2.51383e-09	1.07879	0.271932	0.00120855	-0.230715	0.918298	-0.00119988
224	2.51383e-09	1.09856	0.0999503	0.000802999	-0.0892938	0.945977	-0.000308286
225	2.51383e-09	-0.24065	1.08644	0.00094798	-0.927684	-0.203718	0.000157981
226	2.51383e-09	-0.395532	1.05002	0.000304378	-0.882524	-0.334215	0.00231306
227	2.51383e-09	0.612808	-0.922987	-0.00210962	0.790342	0.525995	-0.000203002
228	2.51383e-09	-0.574746	0.964015	-0.00117182	-0.807774	-0.48531	0.000171716
229	2.51383e-09	-1.11202	0.147913	0.00263845	-0.125205	-0.938599	0.00182563
230	2.51383e-09	0.193264	-1.116	-0.00196332	0.928783	0.158868	-0.000187329
231	2.51383e-09	-1.12284	0.192118	-0.00300014	-0.16024	-0.91909	0.00141115
232	2.51383e-09	1.09722	0.167267	0.00114349	-0.139611	0.936246	0.00174478
233	2.51383e-09	0.774251	0.810604	-0.00168753	-0.6833	0.647436	0.00197816
234	2.51383e-09	0.0274196	1.12316	-0.00247918	-0.943156	0.0231031	-0.000474828
235	2.51383e-09	1.08343	-0.288431	0.00166116	0.243974	0.910146	0.00339226
236	2.51383e-09	-0.274498	1.09103	-0.000541424	-0.916196	-0.22839	0.000796394
237	2.51383e-09	1.07532	0.234389	-0.00118445	-0.205157	0.934528	-0.000496638
238	2.51383e-09	0.912071	-0.673668	0.000171853	0.563343	0.755703	0.000221798
239	2.51383e-09	0.162604	-1.09384	0.00304227	0.941829	0.142103	-0.00141186
240	2.51383e-09	-0.710451	0.884697	0.000588934	-0.729923	-0.584804	-0.00121882
241	2.51383e-09	-0.0934937	1.1097	-1.99003e-05	-0.946595	-0.0841039	0.000432772
242	2.51383e-09	-0.97919	-0.619037	0.0019543	0.495288	-0.784322	0.00042519
243	2.51383e-09	-0.21791	1.09564	-0.00340586	-0.929496	-0.187949	-0.00030732
244	2.51383e-09	-1.04507	-0.452503	0.00113481	0.371648	-0.857991	0.00250681
245	2.51383e-09	-0.72283	0.859909	0.0014689	-0.719571	-0.608258	0.0037966
246	2.51383e-09	0.695885	-0.877877	-0.00381633	0.742439	0.585368	0.000245522
247	2.51383e-09	-0.542461	0.952346	0.00106222	-0.831791	-0.475199	0.000306643
248	2.51383e-09	0.32257	-1.07294	0.000852031	0.904688	0.272829	-0.00183385
249	2.51383e-09	-0.864932	0.724295	0.000953483	-0.604262	-0.718655	0.000810992
250	2.51383e-09	-0.880248	0.705739	0.00105683	-0.588977	-0.734372	-0.00156938
251	2.51383e-09	-0.252203	1.10081	0.000318933	-0.918374	-0.206813	-0.00126762
252	2.51383e-09	1.1103	-0.151792	0.00126396	0.128849	0.935664	-0.000604877
253	2.51383e-09	0.730224	0.883129	-0.00325707	-0.714997	0.599309	-0.000150437
254	2.51383e-09	0.236183	1.09996	0.00313522	-0.921108	0.199166	0.000743255
255	2.51383e-09	-1.11542	0.228998	0.000340888	-0.189342	-0.918581	-0.00113361
256	2.51383e-09	-0.0217173	1.13869	0.000383475	-0.940878	-0.0183232	0.00131198
257	2.51383e-09	0.0357165	1.13024	-0.00332823	-0.938549	0.030905	-6.71513e-05
258	2.51383e-09	-0.073265	-1.12815	-0.0016312	0.937577	-0.0642157	-0.00354398
259	2.51383e-09	-0.906639	0.678172	0.000949346	-0.559546	-0.753006	-0.000729844
260	2.51383e-09	-0.799291	0.789932	-0.00383037	-0.665221	-0.671753	-0.000800102
261	2.51383e-09	0.910296	0.700446	-0.000839368	-0.568756	0.738475	-0.00255938
262	2.51383e-09	0.774423	-0.793983	0.00332936	0.67887	0.66716	0.00393289
263	2.51383e-09	1.13552	-0.0582735	-0.00012152	0.0432133	0.938649	0.00178724
264	2.51383e-09	-1.08421	0.307701	8.02912e-05	-0.255472	-0.90592	0.000348382
265	2.51383e-09	1.03772	0.482836	-0.000253963	-0.39449	0.850475	0.000475986
266	2.51383e-09	-0.87011	-0.727861	0.00109312	0.603327	-0.719157	0.000204209
267	2.51383e-09	1.12329	0.159672	-0.00227845	-0.132214	0.926416	-0.000364715
268	2.51383e-09	0.495738	1.02563	-0.00117304	-0.847023	0.40037	0.000132127
269	2.51383e-09	0.00181008	1.14725	0.000314075	-0.933876	0.00557033	-0.00184201
270	2.51383e-09	-0.54663	-0.994766	0.000645727	0.822238	-0.452428	-0.00109768
271	2.51383e-09	0.670028	0.92633	0.000789964	-0.75711	0.549662	-0.00119099
272	2.51383e-09	-0.603866	0.964326	0.00250982	-0.794764	-0.49777	0.00227997
273	2.51383e-09	0.614468	0.960143	0.00104345	-0.790773	0.501656	-0.00102782
274	2.51383e-09	0.581106	-0.970531	-0.000448676	0.802906	0.482366	-0.00195185
275	2.51383e-09	-0.234156	-1.10742	0.00175091	0.920523	-0.191328	0.00208898
276	2.51383e-09	0.926757	0.670194	0.000400255	-0.542837	0.759978	-0.000153097
277	2.51383e-09	0.271167	1.11478	0.00223926	-0.903047	0.228567	0.00184696
278	2.51383e-09	-0.945438	0.664904	0.00116351	-0.534103	-0.7591	0.00123886
279	2.51383e-09	0.0806564	-1.15767	0.000535642	0.924262	0.066302	-0.00104032
280	2.51383e-09	0.301847	-1.12065	0.000721436	0.89642	0.236804	0.00113094
281	2.51383e-09	0.518249	1.01029	0.000667149	-0.836125	0.427613	0.000446984
282	2.51383e-09	-0.12566	-1.13839	0.00324394	0.929548	-0.103049	-0.000191844
283	2.51383e-09	-0.788276	-0.806233	0.00159255	0.675398	-0.660109	-0.000556622
284	2.51383e-09	-0.944143	-0.670565	-0.000678566	0.535298	-0.760125	0.00177807
285	2.51383e-09	-1.10972	0.290144	-0.00156159	-0.239697	-0.902856	0.000424628
286	2.51383e-09	-0.116938	-1.12427	8.44125e-07	0.93528	-0.0991318	0.00128104
287	2.51383e-09	1.03258	-0.482326	-0.00100153	0.400284	0.84657	-0.00148481
288	2.51383e-09	0.171373	-1.14094	0.00161616	0.922957	0.138353	-0.00107652
289	2.51383e-09	-0.131679	1.14172	0.00284568	-0.925909	-0.112331	-0.000738152
290	2.51383e-09	0.431276	-1.05243	-0.00378502	0.86835	0.35418	-0.000874538
291	2.51383e-09	0.955001	0.630687	0.000435234	-0.512839	0.779526	-0.00198723
292	2.51383e-09	0.187623	-1.13104	0.00186069	0.920626	0.15228	0.00101833
293	2.51383e-09	1.12186	0.171319	8.94591e-05	-0.142581	0.929226	0.00266104
294	2.51383e-09	-0.285346	-1.13298	0.000702003	0.896905	-0.226969	0.00457206
295	2.51383e-09	-0.441167	-1.04419	0.00043749	0.864547	-0.369527	0.00233415
296	2.51383e-09	1.15251	0.120733	-0.00111882	-0.0988526	0.92353	-0.00369924
297	2.51383e-09	-0.651283	0.941174	-0.000899853	-0.770268	-0.529488	-0.00110479
298	2.51383e-09	0.901682	-0.711763	-0.00262373	0.582819	0.73106	-0.000117819
299	2.51383e-09	-0.679956	-0.935407	0.000181453	0.74943	-0.555464	-0.00133387
300	2.51383e-09	-0.513221	1.04728	-5.32802e-05	-0.828801	-0.411733	0.00379378
301	2.51383e-09	-0.775769	0.848756	-0.0025524	-0.685042	-0.634195	-0.000352604
302	2.51383e-09	1.10388	0.381256	0.00520587	-0.294219	0.876493	0.000972784
303	2.51383e-09	-0.703954	0.918103	0.00143616	-0.734491	-0.566343	-0.00218713
304	2.51383e-09	0.583669	-1.00184	-0.00127351	0.803274	0.466288	0.00157504
305	2.51383e-09	0.538559	-1.01266	0.00202025	0.823236	0.438248	0.00122642
306	2.51383e-09	0.742607	-0.882076	0.000321803	0.714135	0.598157	0.00134335
307	2.51383e-09	-0.848936	-0.779932	0.000387581	0.628719	-0.686997	0.00218753
308	2.51383e-09	-0.0392227	-1.16413	0.000100615	0.927901	-0.0316105	-0.000664401
309	2.51383e-09	0.0314681	-1.14643	0.00157999	0.93402	0.0243395	-0.000558326
310	2.51383e-09	0.0996258	-1.15593	-0.00154252	0.923168	0.0828168	0.0020884
311	2.51383e-09	1.08711	0.378721	0.00123378	-0.309094	0.881783	0.00207464
312	2.51383e-09	0.196572	-1.14746	-0.00234224	0.913207	0.158009	-0.00018159
313	2.51383e-09	-1.06448	0.455582	0.00303703	-0.365628	-0.852032	-0.0020578
314	2.51383e-09	-1.08912	-0.356087	-0.000839337	0.291821	-0.888087	-0.00137669
315	2.51383e-09	0.29119	1.13137	-0.000592606	-0.896987	0.232256	-0.00138716
316	2.51383e-09	0.047497	1.17072	0.00200174	-0.921382	0.0401195	0.00109666
317	2.51383e-09	-1.01009	0.564751	0.000290865	-0.45346	-0.812929	0.00289045
318	2.51383e-09	0.703548	0.919631	0.00278381	-0.740256	0.564459	-9.96594e-05
319	2.51383e-09	-0.364734	-1.10565	-0.000375079	0.88104	-0.291601	-0.00190642
320	2.51383e-09	0.308136	-1.14243	0.000105938	0.885964	0.241061	0.000214414
321	2.51383e-09	-1.06644	-0.465412	-0.000278716	0.374909	-0.847485	0.000556935
322	2.51383e-09	0.754974	-0.881636	-0.0015921	0.703901	0.603014	-0.000393273
323	2.51383e-09	1.14976	0.162359	-0.00107405	-0.135909	0.918848	-0.000240778
324	2.51383e-09	-1.16691	-0.151148	0.0011144	0.117846	-0.914371	0.000512653
325	2.51383e-09	0.543189	-1.02237	-0.00121501	0.818304	0.441069	-0.00114681
326	2.51383e-09	0.274367	-1.1415	-0.00197078	0.898007	0.211557	-0.00277692
327	2.51383e-09	-1.02772	0.574882	0.00329612	-0.450409	-0.802851	-0.0011293
328	2.51383e-09	-1.09199	0.352913	-0.00031076	-0.282783	-0.889383	0.00117122
329	2.51383e-09	0.764924	0.91448	6.48126e-05	-0.706014	0.580927	0.000533087
330	2.51383e-09	0.214196	-1.14121	0.00100878	0.912011	0.166817	-0.000294569
331	2.51383e-09	0.342239	-1.11003	0.00304938	0.885168	0.275475	-0.000149862
332	2.51383e-09	-0.157542	-1.15498	0.000640879	0.918924	-0.123402	1.55711e-05
333	2.51383e-09	1.15709	0.255112	-0.00155571	-0.199484	0.896467	0.000388841
334	2.51383e-09	-0.859346	-0.803581	0.00118381	0.632382	-0.66782	0.00086869
335	2.51383e-09	1.14724	0.260421	-0.000192922	-0.205643	0.90034	-0.000175546
336	2.51383e-09	0.0643735	-1.17038	0.00132544	0.920915	0.0472499	-0.000416181
337	2.51383e-09	-0.728912	-0.932809	-0.00198155	0.725458	-0.562448	0.000558679
338	2.51383e-09	0.293069	-1.13857	0.00142268	0.892975	0.227654	0.00132289
339	2.51383e-09	-1.19244	0.0743459	-0.00294193	-0.0560407	-0.910313	-0.000545032
340	2.51383e-09	-1.15397	-0.218311	0.00231421	0.169249	-0.908388	0.000704683
341	2.51383e-09	0.938325	0.715957	0.000100918	-0.558119	0.733165	-0.00178459
342	2.51383e-09	0.317166	-1.12286	0.000786119	0.892132	0.249252	-0.00113704
343	2.51383e-09	0.599523	0.995124	0.00130482	-0.795428	0.475404	-0.00165517
344	2.51383e-09	-0.512026	1.0562	-0.000534333	-0.83308	-0.404188	-0.000729874
345	2.51383e-09	0.961668	-0.668474	0.00235971	0.528414	0.75833	-0.0019911
346	2.51383e-09	-0.844377	-0.817579	0.00219991	0.638554	-0.66206	0.00147579
347	2.51383e-09	0.709717	0.938318	-0.0015354	-0.738666	0.548379	5.26375e-05
348	2.51383e-09	-0.545148	-1.04219	-0.00276653	0.820092	-0.423957	-0.00108497
349	2.51383e-09	0.140324	-1.16619	0.00136647	0.914438	0.111002	0.00193057
350	2.51383e-09	0.979706	0.659688	0.00132239	-0.510746	0.764292	0.00159477
351	2.51383e-09	-0.264042	-1.16009	-0.000577822	0.895236	-0.200393	0.000128312
352	2.51383e-09	-1.01275	-0.596125	-0.00174766	0.4692	-0.794367	0.00237634
353	2.51383e-09	1.05974	-0.574956	-0.00218987	0.43488	0.797685	-0.00326523
354	2.51383e-09	-0.523516	-1.06261	0.00320375	0.825477	-0.403192	0.000841525
355	2.51383e-09	0.345101	-1.10178	0.00245225	0.887306	0.280456	0.00235789
356	2.51383e-09	0.61285	-1.02594	-0.00107505	0.78596	0.465501	0.000930599
357	2.51383e-09	-1.17656	0.0819311	0.00142377	-0.0668068	-0.918966	-4.48945e-05
358	2.51383e-09	-0.778597	0.901926	0.00406792	-0.693748	-0.600921	5.43164e-05
359	2.51383e-09	1.1595	-0.302123	-0.00407043	0.230466	0.882019	-0.00071294
360	2.51383e-09	0.443847	1.08097	0.000830634	-0.855859	0.353024	0.000133123
361	2.51383e-09	0.0886564	1.16971	0.00165519	-0.920263	0.0694262	-0.000350432
362	2.51383e-09	-1.13699	0.288887	0.000420634	-0.226815	-0.89519	-0.00190682
363	2.51383e-09	0.0399849	-1.17442	-0.000830165	0.924666	0.0346215	0.00157044
364	2.51383e-09	0.608581	-0.995288	0.0001521	0.788771	0.484156	-0.0010394
365	2.51383e-09	-0.310828	-1.15381	7.61638e-05	0.883043	-0.238396	-0.00239262
366	2.51383e-09	-1.15862	-0.246233	-0.00261607	0.191476	-0.898223	-0.000386228
367	2.51383e-09	-0.101956	-1.18247	0.00124847	0.915427	-0.0736808	0.00140419
368	2.51383e-09	-1.14959	-0.355302	0.000403163	0.271442	-0.868898	0.000712883
369	2.51383e-09	0.1585	1.188	0.000913515	-0.904946	0.119951	0.000361291
370	2.51383e-09	0.718533	0.946724	-0.000506728	-0.733601	0.553471	-0.000752219
371	2.51383e-09	1.05355	-0.59877	-0.00112193	0.449762	0.788373	0.000400278
372	2.51383e-09	0.328452	1.14959	-0.00306172	-0.878623	0.254147	0.000818141
373	2.51383e-09	0.843867	-0.834979	0.00254395	0.647809	0.649856	-0.000356787
374	2.51383e-09	-1.21237	0.0436511	-0.00279945	-0.0331612	-0.905214	0.00176962
375	2.51383e-09	-0.686611	0.978945	-0.0010559	-0.747848	-0.524982	0.000457159
376	2.51383e-09	-0.948015	0.709714	0.00188565	-0.552778	-0.734442	-0.00100853
377	2.51383e-09	0.814207	-0.873088	-0.00194817	0.665725	0.626032	0.00108417
378	2.51383e-09	-1.08094	0.5022	-0.00157367	-0.384664	-0.832902	-0.000936311
379	2.51383e-09	-1.17492	-0.184913	-0.00282292	0.145463	-0.901866	0.00116155
380	2.51383e-09	0.982236	-0.677075	-0.000533062	0.517955	0.752067	-0.000278616
381	2.51383e-09	1.12673	-0.359323	-0.00156661	0.280656	0.877542	1.27651e-05
382	2.51383e-09	1.19133	-0.0137889	-0.0024222	0.0130434	0.91802	0.000616556
383	2.51383e-09	0.597436	-1.0154	-0.000958704	0.796352	0.4607	0.000778454
384	2.51383e-09	-0.005623	-1.20836	-0.000871053	0.907119	-0.00698272	-0.00176344
385	2.51383e-09	0.190575	1.17633	-0.000467929	-0.902776	0.147894	0.000955971
386	2.51383e-09	0.225403	-1.17648	-0.000141148	0.896962	0.17194	-0.0026963
387	2.51383e-09	1.15256	-0.319498	0.000345927	0.24419	0.883013	-0.00271443
388	2.51383e-09	1.20949	-0.0165613	-0.0018328	0.00837568	0.906874	0.00056562
389	2.51383e-09	-1.15625	-0.243829	0.00281478	0.191345	-0.901337	0.000801987
390	2.51383e-09	1.1453	0.283904	0.00235901	-0.225032	0.89391	-0.00253689
391	2.51383e-09	0.0349668	-1.20082	-0.00174879	0.914068	0.0256527	0.00147794
392	2.51383e-09	0.967979	-0.716671	0.00523645	0.540324	0.732697	0.00214362
393	2.51383e-09	-0.969674	-0.709414	0.00160424	0.542742	-0.736561	-0.00210251
394	2.51383e-09	0.559927	1.066	-0.00195237	-0.80461	0.427454	-3.6929e-05
395	2.51383e-09	1.20335	0.0625515	0.00188358	-0.0502131	0.907653	0.000279156
396	2.51383e-09	-1.12285	-0.434032	0.000911959	0.331138	-0.849631	-0.000630893
397	2.51383e-09	1.17659	-0.240573	-0.00187933	0.181611	0.896145	-0.00223641
398	2.51383e-09	1.19451	0.212564	0.00195091	-0.154906	0.892833	0.000214939
399	2.51383e-09	1.1999	0.0118207	0.00120678	-0.0119352	0.913332	-0.00189904
400	2.51383e-09	1.05536	-0.56603	0.00171368	0.43561	0.802454	0.00221063
