1.121600e+04
401
0	1	0.000516352	0.000320286	-4.71069e-07	5.70328e-08	3.66865e-08	1.06643e-10
1	2.51383e-09	1.0126	-0.0559147	-0.0028056	0.0596248	0.990471	-0.00074595
2	2.51383e-09	0.277961	0.964285	0.000359814	-0.95895	0.26884	0.0013755
3	2.51383e-09	0.944004	0.307488	0.00212972	-0.306526	0.95745	0.000693067
4	2.51383e-09	0.163306	-0.988534	0.00203749	0.986713	0.162398	0.00112952
5	2.51383e-09	-0.508344	-0.85298	-0.00144353	0.863332	-0.513151	0.000454574
6	2.51383e-09	-0.682299	-0.742606	0.00324758	0.733599	-0.673307	0.00070573
7	2.51383e-09	0.568598	0.823921	-0.00292684	-0.82155	0.566851	-0.000136502
8	2.51383e-09	-0.579655	-0.80487	-0.00019	0.817802	-0.58446	-3.24036e-05
9	2.51383e-09	-1.00896	0.00105896	0.000111317	-0.00427028	-0.995321	-0.000870789
10	2.51383e-09	0.443727	0.916275	-0.00307313	-0.891083	0.431413	0.00145754
11	2.51383e-09	-0.869045	0.496701	0.0019993	-0.49272	-0.86847	-0.000220559
12	2.51383e-09	-0.672606	-0.772543	-0.000575056	0.745173	-0.644895	0.00104508
13	2.51383e-09	-0.472628	0.882291	0.00167029	-0.881973	-0.474887	-0.000859723
14	2.51383e-09	0.917016	-0.435531	-0.0012625	0.425721	0.894802	-0.00310866
15	2.51383e-09	0.997894	0.066114	-0.0025138	-0.0548819	0.999373	-0.000658489
16	2.51383e-09	0.940941	-0.34278	-0.000289231	0.336949	0.940256	0.00179234
17	2.51383e-09	0.910059	-0.452397	8.1267e-05	0.438446	0.886674	0.00220643
18	2.51383e-09	0.736585	0.708012	0.000654503	-0.685212	0.709483	0.00119768
19	2.51383e-09	-0.641313	-0.797328	-0.000820961	0.768559	-0.614209	-0.00434654
20	2.51383e-09	-0.987158	0.308176	0.000535072	-0.292609	-0.937503	-0.00242426
21	2.51383e-09	-0.921669	0.393992	0.000550693	-0.395073	-0.916994	-0.000874702
22	2.51383e-09	-0.440384	0.931947	0.00192279	-0.893036	-0.417276	0.000735475
23	2.51383e-09	-0.461369	-0.901856	0.00144313	0.885927	-0.449881	-0.00393879
24	2.51383e-09	0.215036	-0.984864	-0.00198173	0.970315	0.221333	0.00113209
25	2.51383e-09	-0.193775	-1.00535	-0.000401789	0.966181	-0.189362	-0.00191196
26	2.51383e-09	-0.0212416	1.02219	0.000835417	-0.987364	-0.0197662	0.000568974
27	2.51383e-09	0.94726	0.339455	-0.00301918	-0.332979	0.9386	-0.000767307
28	2.51383e-09	0.811898	-0.613692	-0.00347506	0.597837	0.788232	0.00143085
29	2.51383e-09	-0.429563	-0.898985	0.00126912	0.90384	-0.434609	0.0029107
30	2.51383e-09	-0.598447	-0.821705	-0.000980286	0.80113	-0.584977	0.00127948
31	2.51383e-09	0.661896	0.773122	0.00202198	-0.755221	0.637182	0.000155065
32	2.51383e-09	0.83598	0.559965	0.00400766	-0.554714	0.831005	-0.00174844
33	2.51383e-09	-0.0956791	1.03521	0.000268901	-0.971468	-0.0994472	-3.63308e-05
34	2.51383e-09	0.74025	0.729744	-0.0034955	-0.688342	0.699042	-0.000808113
35	2.51383e-09	-0.883157	0.494155	-0.000407793	-0.485659	-0.868674	-0.00244769
36	2.51383e-09	-0.299242	0.96892	-0.000589675	-0.952528	-0.280588	-0.000888094
37	2.51383e-09	-0.0665936	1.01886	0.00128322	-0.986943	-0.0611871	0.00044267
38	2.51383e-09	0.723931	-0.70757	0.00189074	0.694014	0.706536	-0.00059777
39	2.51383e-09	-0.805174	-0.634443	0.000405285	0.606599	-0.775469	0.000182614
40	2.51383e-09	-0.179385	0.991854	-0.000988311	-0.983687	-0.18538	0.00115296
41	2.51383e-09	0.926204	-0.42314	-0.000379857	0.411629	0.900575	0.00292939
42	2.51383e-09	1.02353	-0.106092	0.00142392	0.102899	0.979388	-0.000512125
43	2.51383e-09	0.546656	0.845142	0.00146734	-0.839464	0.536881	-0.00220549
44	2.51383e-09	1.028	0.133979	-0.00223391	-0.127794	0.972927	-0.00213295
45	2.51383e-09	0.236487	-0.995394	-0.00119376	0.962813	0.229981	-0.00284825
46	2.51383e-09	0.956294	0.314851	-0.000540834	-0.309491	0.949343	2.25894e-05
47	2.51383e-09	1.00648	0.155848	0.000322329	-0.15284	0.979431	-0.0009425
48	2.51383e-09	-0.719268	-0.736016	0.00112608	0.706572	-0.687219	0.000858167
49	2.51383e-09	-0.984434	0.237206	-0.00205596	-0.23192	-0.963503	0.00249126
50	2.51383e-09	-0.824102	0.635613	0.00248674	-0.594711	-0.779883	-0.000707211
51	2.51383e-09	0.980819	-0.254279	0.00167918	0.251241	0.961405	-0.0022537
52	2.51383e-09	-0.891822	-0.51833	-0.0016711	0.495922	-0.852941	0.00116213
53	2.51383e-09	-0.919629	-0.452204	0.000534315	0.433804	-0.888832	-0.000723957
54	2.51383e-09	0.651092	0.799947	-0.00170701	-0.764194	0.6233	0.00259656
55	2.51383e-09	-1.00596	0.222305	-0.00029065	-0.210455	-0.962838	0.000924342
56	2.51383e-09	1.02894	0.0641474	-0.000585452	-0.0657236	0.981635	-5.19538e-06
57	2.51383e-09	-1.04527	-0.0497983	0.00170041	0.0438266	-0.975435	0.000272544
58	2.51383e-09	0.537338	0.885058	-0.000580401	-0.841457	0.511078	0.00175858
59	2.51383e-09	-0.867553	-0.544584	-0.00238435	0.519959	-0.841515	-0.00179626
60	2.51383e-09	0.847749	-0.604579	0.00264116	0.569005	0.796397	0.00158807
61	2.51383e-09	0.714472	-0.747467	-0.00233869	0.713045	0.680761	-0.00109452
62	2.51383e-09	0.984892	-0.332195	-0.00193733	0.312687	0.928507	0.00148467
63	2.51383e-09	-0.832461	0.604394	0.00193193	-0.576571	-0.798207	6.02455e-05
64	2.51383e-09	-0.593794	-0.832845	-0.000719741	0.805144	-0.579864	0.00178681
65	2.51383e-09	0.84314	-0.58704	-0.000570132	0.56157	0.812149	-0.000698067
66	2.51383e-09	1.00294	-0.178711	0.00263619	0.183495	0.97856	-0.000700378
67	2.51383e-09	-0.719576	0.759842	8.60154e-05	-0.708849	-0.670223	-0.00131909
68	2.51383e-09	1.03946	-0.0461457	0.000179453	0.0485232	0.978919	-0.001896
69	2.51383e-09	-0.524903	0.904639	-0.00301859	-0.847374	-0.484978	-0.00131346
70	2.51383e-09	0.071731	-1.02415	-0.000537362	0.982696	0.0705013	-0.00339653
71	2.51383e-09	-0.939031	-0.45045	-0.000554116	0.42836	-0.881179	0.00565372
72	2.51383e-09	-0.865793	-0.623373	0.00166954	0.563198	-0.785762	-0.00210918
73	2.51383e-09	1.04858	-0.0569018	-0.00187889	0.0499054	0.973041	-0.00202346
74	2.51383e-09	0.121491	1.05325	0.00378186	-0.964362	0.114037	0.000427278
75	2.51383e-09	0.988097	-0.315085	0.00243934	0.292917	0.937198	-0.00306158
76	2.51383e-09	-0.1484	1.04125	0.000476186	-0.964825	-0.147399	-0.00161134
77	2.51383e-09	-0.589032	-0.872869	-0.000683776	0.806821	-0.546754	0.0010339
78	2.51383e-09	-1.03144	-0.196808	-0.00453254	0.185576	-0.953955	-0.00130464
79	2.51383e-09	-0.935835	0.453283	-0.00539296	-0.428531	-0.878281	0.00219722
80	2.51383e-09	-0.408446	-0.964812	0.000625776	0.900717	-0.377415	-0.000171048
81	2.51383e-09	-0.85128	-0.556975	-0.00309182	0.54786	-0.825893	-7.78909e-05
82	2.51383e-09	-0.621072	-0.847563	-0.00328899	0.785006	-0.579161	-0.00224427
83	2.51383e-09	0.488187	0.915086	-0.00181427	-0.864749	0.457986	0.000206607
84	2.51383e-09	-0.906049	-0.514865	0.000186468	0.481174	-0.855328	-0.000853096
85	2.51383e-09	-0.990243	0.264557	-0.00173986	-0.253551	-0.954022	0.000867825
86	2.51383e-09	0.880729	-0.575185	-0.00141278	0.541027	0.811723	0.00147177
87	2.51383e-09	-0.615994	0.847907	-0.00186212	-0.790358	-0.571392	0.00102582
88	2.51383e-09	-0.473383	-0.908471	-0.000718405	0.877187	-0.456706	-0.00184856
89	2.51383e-09	0.102565	1.05352	-0.000225247	-0.96507	0.0985249	-0.0026072
90	2.51383e-09	0.164468	-1.02979	-0.00360746	0.968894	0.15598	-0.00158376
91	2.51383e-09	-0.842067	0.570889	-0.00281331	-0.555518	-0.825883	-0.00148365
92	2.51383e-09	0.1585	-1.03273	2.22513e-05	0.968178	0.146777	0.000299935
93	2.51383e-09	-0.561183	-0.920217	0.00166198	0.817896	-0.504675	-0.00164391
94	2.51383e-09	0.679743	-0.775877	-0.000171096	0.740956	0.649368	0.000398291
95	2.51383e-09	0.867324	0.554488	-0.00128026	-0.529685	0.832331	0.000314497
96	2.51383e-09	-1.06278	-0.124623	-0.000263758	0.114188	-0.955527	-0.000136841
97	2.51383e-09	-0.716202	0.769827	-3.50352e-05	-0.712345	-0.664954	0.00258854
98	2.51383e-09	0.414074	-0.964202	-0.00275519	0.89806	0.381879	-0.00173516
99	2.51383e-09	-0.936963	0.499194	0.00255548	-0.448708	-0.859111	0.00193538
100	2.51383e-09	-1.02073	-0.256391	0.000963573	0.229609	-0.949548	-0.000755296
101	2.51383e-09	-0.836824	-0.60603	-0.00172583	0.574701	-0.797091	-0.00100097
102	2.51383e-09	-0.925906	-0.434929	-0.00103621	0.422072	-0.897784	0.00237721
103	2.51383e-09	0.70091	0.781293	-0.000296188	-0.72861	0.650274	-0.00222542
104	2.51383e-09	-0.96563	0.389212	-0.00123947	-0.374594	-0.905376	-0.000333903
105	2.51383e-09	0.957367	-0.398324	0.000578251	0.376303	0.907047	-0.00139467
106	2.51383e-09	-0.682735	0.788468	0.00215602	-0.741584	-0.638484	-1.00696e-05
107	2.51383e-09	1.03412	0.260249	-0.00285532	-0.23441	0.940408	0.000774599
108	2.51383e-09	0.877325	-0.602833	0.00154051	0.547419	0.802089	-0.00097505
109	2.51383e-09	0.0799606	1.04952	-0.000781498	-0.974234	0.074581	-0.00260787
110	2.51383e-09	-0.0353056	1.04737	-0.0016667	-0.981229	-0.0325948	-0.00116246
111	2.51383e-09	1.02241	-0.328214	0.00441199	0.297735	0.915871	0.00312473
112	2.51383e-09	0.739723	0.788995	0.000907288	-0.699051	0.655765	-0.00214172
113	2.51383e-09	-0.643789	-0.842621	0.000842279	0.77275	-0.58673	0.00194736
114	2.51383e-09	-1.01449	0.241779	-0.000437542	-0.229669	-0.954179	-0.000187225
115	2.51383e-09	0.881729	-0.615795	-0.000494601	0.548765	0.791922	-0.00352239
116	2.51383e-09	-1.03937	-0.204739	-0.00424443	0.185404	-0.951045	-0.00280754
117	2.51383e-09	1.03854	0.169079	-0.00109218	-0.153055	0.962597	-0.000404734
118	2.51383e-09	-0.774733	0.719865	9.02975e-05	-0.66514	-0.710386	0.000207855
119	2.51383e-09	0.376641	0.977433	-0.00363988	-0.914374	0.348579	-0.00226203
120	2.51383e-09	-1.0512	-0.116412	-0.00218691	0.102562	-0.966698	-0.00114338
121	2.51383e-09	-1.03969	-0.216956	-0.00334724	0.201758	-0.94997	-0.000834541
122	2.51383e-09	-0.913255	-0.582785	-0.00100368	0.513439	-0.807317	-0.00201144
123	2.51383e-09	-0.233196	1.01578	-0.000919515	-0.954075	-0.220104	0.00345607
124	2.51383e-09	-0.817879	-0.709477	-0.00350757	0.629173	-0.724758	0.000893121
125	2.51383e-09	-0.382527	-0.983701	0.00152011	0.9033	-0.354687	0.000159081
126	2.51383e-09	0.295917	1.00949	0.000830219	-0.935905	0.278059	9.99567e-06
127	2.51383e-09	0.562767	-0.90027	-0.000535411	0.82418	0.512024	-0.000602973
128	2.51383e-09	0.505679	-0.934115	-0.00437662	0.856866	0.458225	-0.00169561
129	2.51383e-09	0.270254	-1.02961	-0.00201833	0.934456	0.248127	-0.00177857
130	2.51383e-09	0.97271	0.416664	-0.00445722	-0.381482	0.897477	-0.000910406
131	2.51383e-09	-1.06458	0.248404	-0.000270966	-0.215678	-0.93183	0.0013722
132	2.51383e-09	0.58023	0.898703	-0.00360416	-0.809536	0.531186	0.000266229
133	2.51383e-09	-0.0887553	1.06078	0.000508012	-0.967879	-0.0833713	-0.00165538
134	2.51383e-09	-0.676445	-0.8035	0.000849885	0.749589	-0.628472	-0.00136062
135	2.51383e-09	0.848296	-0.6349	-0.00294861	0.578556	0.78008	0.000668296
136	2.51383e-09	-0.424521	-1.00697	0.00168575	0.879956	-0.372847	-7.85212e-05
137	2.51383e-09	-1.04426	0.206626	-0.00200908	-0.18532	-0.949391	2.40282e-05
138	2.51383e-09	-0.820126	-0.674112	0.00407203	0.611588	-0.753099	-2.03322e-05
139	2.51383e-09	-0.438298	-0.964605	0.00180707	0.882832	-0.402955	0.00320785
140	2.51383e-09	-0.618814	0.8936	-0.000549807	-0.792552	-0.543516	-0.000300742
141	2.51383e-09	1.04033	0.162601	-0.000814108	-0.153365	0.964278	0.00180542
142	2.51383e-09	-0.375427	-1.00316	0.00262517	0.909747	-0.331073	-0.00189613
143	2.51383e-09	-0.647742	-0.851802	-0.00336527	0.775366	-0.577679	-0.000420736
144	2.51383e-09	0.898415	-0.601455	0.000859851	0.53997	0.797687	-0.00205747
145	2.51383e-09	0.266125	1.01665	0.00226173	-0.94409	0.245667	-0.00162015
146	2.51383e-09	1.09248	0.0513239	0.000494584	-0.0504752	0.956698	-0.00322938
147	2.51383e-09	-0.731257	-0.792437	-0.00338837	0.708233	-0.652054	-0.00238486
148	2.51383e-09	0.101838	1.08327	0.00185773	-0.95342	0.0920473	0.00049271
149	2.51383e-09	-0.942684	-0.44985	0.000473838	0.426363	-0.886203	-0.00293664
150	2.51383e-09	-0.197733	-1.04684	-0.00143244	0.953629	-0.190426	0.00161174
151	2.51383e-09	-0.637402	-0.870632	0.00258908	0.78002	-0.567925	-0.000327398
152	2.51383e-09	0.202861	-1.0512	-0.000466388	0.953453	0.17231	-0.000127832
153	2.51383e-09	-1.02831	0.326762	0.00256833	-0.295579	-0.917354	0.0028021
154	2.51383e-09	0.352471	-1.04988	0.00207394	0.898801	0.304547	0.00283701
155	2.51383e-09	0.699003	-0.833863	0.00125683	0.73433	0.613556	-0.000186402
156	2.51383e-09	0.598598	0.92447	-0.00114528	-0.793802	0.523243	-0.00226193
157	2.51383e-09	-0.8342	-0.660836	0.000614338	0.605271	-0.757492	-0.00166715
158	2.51383e-09	0.126419	-1.07764	-0.00341514	0.957872	0.108367	-5.00375e-05
159	2.51383e-09	-0.00500585	1.0699	0.000339447	-0.968095	-0.00558235	-0.000376882
160	2.51383e-09	1.07198	0.142393	-0.00234141	-0.126503	0.951091	-0.000935829
161	2.51383e-09	1.05793	0.248399	0.00218104	-0.218066	0.933999	0.00101102
162	2.51383e-09	0.952632	0.504952	-4.03399e-05	-0.454079	0.849633	-0.00179544
163	2.51383e-09	-0.610373	-0.895342	-0.000653118	0.787848	-0.547025	0.000498257
164	2.51383e-09	0.897588	0.587312	0.00104632	-0.532894	0.807883	0.00431281
165	2.51383e-09	-1.08966	-0.157612	0.00043644	0.137432	-0.941992	0.00341169
166	2.51383e-09	-1.02835	0.28797	-0.00065294	-0.260887	-0.933681	0.00147239
167	2.51383e-09	0.0962977	1.06491	0.000136168	-0.960969	0.0803337	-0.00174789
168	2.51383e-09	0.403165	-1.01366	-0.000172378	0.890856	0.346388	0.00100871
169	2.51383e-09	0.9887	-0.446499	0.000571661	0.391989	0.877803	-0.00104435
170	2.51383e-09	-0.824	-0.72258	0.00249316	0.62925	-0.716559	5.65451e-05
171	2.51383e-09	0.92407	0.580735	0.000676276	-0.512177	0.809712	0.000801022
172	2.51383e-09	0.039858	-1.11522	0.0016222	0.945177	0.0308194	-0.000765022
173	2.51383e-09	-0.968765	-0.515865	0.00289962	0.446514	-0.843527	-0.000627524
174	2.51383e-09	-0.994063	-0.46217	-0.0017757	0.403603	-0.866435	-0.00191484
175	2.51383e-09	0.684439	0.857306	-9.07088e-05	-0.749075	0.588743	0.00178389
176	2.51383e-09	-0.469937	0.97517	0.00202857	-0.866185	-0.419367	-0.0018079
177	2.51383e-09	-0.69015	0.875088	0.0036636	-0.742674	-0.587201	0.000340961
178	2.51383e-09	-1.02198	0.371228	0.000704411	-0.323939	-0.901679	0.00188875
179	2.51383e-09	-1.06991	-0.260849	0.00334945	0.220254	-0.92521	0.000759891
180	2.51383e-09	-1.01113	0.376558	-0.0022466	-0.338022	-0.900595	0.000323153
181	2.51383e-09	0.813622	-0.742189	0.000354265	0.640214	0.706819	0.000259965
182	2.51383e-09	-0.0421099	1.09642	-0.00167281	-0.956251	-0.0321429	0.000980783
183	2.51383e-09	1.07645	0.169347	-0.00017984	-0.144605	0.947578	-0.00101725
184	2.51383e-09	0.197074	1.09189	0.00149342	-0.934678	0.169345	-0.00122077
185	2.51383e-09	1.02007	-0.392145	0.00280791	0.342804	0.89074	-1.35637e-05
186	2.51383e-09	0.0212161	1.08601	0.00214129	-0.960437	0.0170126	-0.000780054
187	2.51383e-09	-0.837371	-0.66838	-0.00319716	0.600524	-0.753237	0.000438976
188	2.51383e-09	-0.103954	1.09951	-0.00145311	-0.947111	-0.0844006	-0.00176328
189	2.51383e-09	0.972247	0.497792	-0.000939322	-0.438487	0.850982	-0.00290028
190	2.51383e-09	0.367927	1.02834	0.000878289	-0.905649	0.32358	0.000459513
191	2.51383e-09	1.0856	0.0944563	-0.000569563	-0.0859243	0.953706	-0.00110399
192	2.51383e-09	-0.0378014	1.09684	-0.000507739	-0.954426	-0.0307755	0.00140488
193	2.51383e-09	-1.09995	-0.124322	-0.00335869	0.108588	-0.945826	0.00174735
194	2.51383e-09	1.0575	0.358001	0.00260877	-0.303105	0.898068	-0.000776269
195	2.51383e-09	-0.902069	-0.600659	0.00146129	0.529911	-0.799226	-0.000456782
196	2.51383e-09	-0.0906136	1.09639	-0.00370137	-0.947775	-0.0800408	-0.000259557
197	2.51383e-09	-1.03169	-0.342123	0.000292407	0.302849	-0.909505	-0.00240329
198	2.51383e-09	0.415349	1.02764	2.33237e-05	-0.881164	0.357032	0.00081755
199	2.51383e-09	0.954806	-0.547471	-0.000826394	0.474924	0.828678	0.00391377
200	2.51383e-09	-0.540484	-0.971392	0.000567507	0.829894	-0.457613	-0.000482264
201	2.51383e-09	0.944031	-0.561268	0.000946083	0.488972	0.819919	-0.000614113
202	2.51383e-09	-0.755835	0.781425	0.00027285	-0.690762	-0.66695	-0.00175195
203	2.51383e-09	-0.118049	-1.07626	-0.00254406	0.953503	-0.108046	-0.00174546
204	2.51383e-09	-0.204025	1.0729	-0.00146476	-0.943882	-0.180645	-0.00136598
205	2.51383e-09	0.856102	-0.7455	4.15111e-05	0.612965	0.707047	-0.000266656
206	2.51383e-09	-0.240076	-1.06803	-0.00201178	0.933724	-0.208042	-0.000734662
207	2.51383e-09	0.985041	0.531131	-0.00204268	-0.448946	0.831924	0.00351942
208	2.51383e-09	-0.217502	1.07881	0.00216187	-0.935151	-0.180774	-0.000672134
209	2.51383e-09	0.488606	0.986029	0.00276851	-0.858503	0.418624	0.00206209
210	2.51383e-09	-0.903542	0.628838	0.00101863	-0.548245	-0.782608	0.00105133
211	2.51383e-09	-0.542056	-0.957978	-0.00158998	0.831389	-0.463777	-0.000245199
212	2.51383e-09	1.11924	-0.0817644	4.56484e-05	0.0641493	0.945937	-0.00218757
213	2.51383e-09	-0.0220887	1.10866	0.0038083	-0.951508	-0.0156449	-0.000355832
214	2.51383e-09	-0.732117	-0.806954	-0.00110787	0.710151	-0.64644	0.0021607
215	2.51383e-09	0.611807	0.939975	0.00103523	-0.792575	0.514436	0.000897347
216	2.51383e-09	-0.0367363	-1.10181	0.00138165	0.954435	-0.0364991	-0.000224123
217	2.51383e-09	-0.592589	0.943974	-0.00119787	-0.805368	-0.500312	0.00166363
218	2.51383e-09	0.951247	-0.494611	0.00500448	0.450656	0.855006	-0.00407284
219	2.51383e-09	0.642519	0.933663	0.00148708	-0.775629	0.532982	7.22563e-05
220	2.51383e-09	-0.929005	-0.620675	0.00195624	0.52776	-0.784439	-0.00249375
221	2.51383e-09	0.328574	1.03359	0.00108738	-0.916388	0.289329	0.00126309
222	2.51383e-09	-0.627479	0.911443	-0.00164121	-0.781512	-0.541444	4.92701e-05
223	2.51383e-09	0.703049	-0.863616	-0.00179683	0.738772	0.593014	-6.41276e-05
224	2.51383e-09	-0.455595	0.984568	3.55553e-05	-0.872768	-0.408247	-0.00268665
225	2.51383e-09	1.06756	0.316087	-0.00118102	-0.274395	0.908468	-0.000539422
226	2.51383e-09	1.12001	-0.115923	0.000758111	0.100929	0.935007	0.0017945
227	2.51383e-09	1.09911	0.000192287	6.02768e-05	0.000430312	0.956103	0.00082921
228	2.51383e-09	-1.08669	-0.240548	0.00179786	0.203562	-0.926696	0.000456693
229	2.51383e-09	0.353133	1.07078	0.00469711	-0.895913	0.291739	0.000862412
230	2.51383e-09	0.512255	-1.02952	0.000339692	0.837826	0.409891	-0.00186903
231	2.51383e-09	-0.677845	-0.908601	0.00289413	0.752773	-0.558699	-0.00371853
232	2.51383e-09	-0.386928	1.0349	-0.00201152	-0.886594	-0.340488	0.00179241
233	2.51383e-09	1.00678	0.505457	0.000565257	-0.421265	0.837997	-0.00129317
234	2.51383e-09	0.150149	-1.10925	-0.00591902	0.935636	0.128641	-0.00169131
235	2.51383e-09	-0.517871	-0.975534	0.00307273	0.84156	-0.452627	0.00109192
236	2.51383e-09	0.954862	0.586864	0.00146883	-0.499065	0.806238	0.000963148
237	2.51383e-09	0.49772	-0.975657	0.000130186	0.849466	0.441269	0.00339197
238	2.51383e-09	-1.1478	-0.13356	0.00125076	0.114343	-0.921655	0.000963842
239	2.51383e-09	-1.0906	0.189072	0.00108577	-0.158503	-0.935684	-0.00237255
240	2.51383e-09	0.794731	-0.78333	0.00137953	0.669923	0.675485	-0.0027799
241	2.51383e-09	0.690114	0.877805	-0.00250551	-0.746488	0.581711	-0.00026248
242	2.51383e-09	-1.15758	-0.0052959	-0.000697619	0.000981624	-0.92883	-0.00279196
243	2.51383e-09	1.12459	-0.106541	-0.00141738	0.0850804	0.937029	0.00343879
244	2.51383e-09	-0.958502	-0.620205	-0.00331825	0.509151	-0.782712	-0.00100254
245	2.51383e-09	-0.695796	0.889821	0.00092454	-0.740002	-0.578378	-0.0035107
246	2.51383e-09	0.611049	-0.949702	0.00324193	0.791713	0.513077	-0.000630223
247	2.51383e-09	-0.823705	-0.727405	-0.000804963	0.625834	-0.72055	0.00272211
248	2.51383e-09	1.02644	-0.451914	-8.67519e-06	0.381878	0.864315	0.000416905
249	2.51383e-09	-1.06754	0.352831	0.00162981	-0.301922	-0.893472	0.000116694
250	2.51383e-09	0.287341	-1.09735	0.000916648	0.908658	0.237433	-0.00175063
251	2.51383e-09	-0.827014	0.76264	0.000189385	-0.636312	-0.692865	-0.00179198
252	2.51383e-09	0.266441	1.08576	-0.000101834	-0.916187	0.225124	-0.000247564
253	2.51383e-09	-1.12903	0.101102	-0.00175603	-0.0817304	-0.933758	-0.00344749
254	2.51383e-09	-0.210139	-1.0999	0.000712419	0.931389	-0.181529	-0.000491602
255	2.51383e-09	-0.00260903	1.13922	0.000232526	-0.936292	-0.00417218	0.000718734
256	2.51383e-09	0.633726	-0.94454	0.00105942	0.776144	0.528725	-0.000319993
257	2.51383e-09	-1.12015	-0.0644019	-0.0026096	0.0553855	-0.94161	-0.000359546
258	2.51383e-09	-0.0864197	-1.12808	-0.0018192	0.934922	-0.0760316	0.0024297
259	2.51383e-09	-1.07735	-0.339517	0.00050975	0.284173	-0.895376	-0.00028918
260	2.51383e-09	0.663404	-0.910933	-0.00242942	0.761909	0.552498	-0.0042587
261	2.51383e-09	0.404302	1.06038	-0.000404642	-0.880392	0.330067	0.00228155
262	2.51383e-09	-0.277524	-1.08143	0.00512092	0.916511	-0.229035	-0.00130803
263	2.51383e-09	-0.334774	-1.09991	0.00391597	0.889253	-0.270058	0.000245482
264	2.51383e-09	1.02018	-0.46488	0.000341164	0.393207	0.858377	0.000233291
265	2.51383e-09	1.06949	0.40416	-0.00383655	-0.331635	0.875557	0.000312369
266	2.51383e-09	-1.02173	-0.497888	-0.000121809	0.410732	-0.841897	0.000172781
267	2.51383e-09	1.01438	0.498393	0.000101461	-0.41365	0.840956	0.000675675
268	2.51383e-09	0.0992056	1.134	0.00209489	-0.932841	0.0767617	-0.00259099
269	2.51383e-09	-0.975948	0.608338	0.00257942	-0.494632	-0.788174	0.000746134
270	2.51383e-09	0.602232	-0.960686	-0.00229854	0.793757	0.496311	-0.000664055
271	2.51383e-09	0.0666628	-1.14755	0.000542846	0.931035	0.0565859	0.00147153
272	2.51383e-09	-1.11763	-0.231578	-0.00439368	0.193617	-0.915613	0.000458658
273	2.51383e-09	0.61604	-0.96672	-0.00043783	0.784828	0.504534	-0.000124412
274	2.51383e-09	-0.196405	-1.1163	0.00205349	0.92156	-0.168278	-0.000297303
275	2.51383e-09	-0.373246	-1.0723	-0.00215545	0.888051	-0.306212	-0.000889443
276	2.51383e-09	-1.11586	0.280248	-0.000359097	-0.220183	-0.906872	0.00243237
277	2.51383e-09	0.846423	0.776861	0.00103165	-0.622721	0.692504	-0.00376665
278	2.51383e-09	0.184968	1.12445	-0.00142434	-0.926235	0.152373	-0.00306853
279	2.51383e-09	-0.817631	-0.852879	0.000288588	0.657082	-0.641326	0.000776047
280	2.51383e-09	-0.298375	1.12102	-0.00270611	-0.89893	-0.235111	-0.00155115
281	2.51383e-09	-0.0195349	1.12864	0.00134115	-0.944258	-0.0144856	0.000839566
282	2.51383e-09	-0.738844	0.868037	-0.00158761	-0.712976	-0.609042	0.00177997
283	2.51383e-09	0.710879	-0.886857	0.00406873	0.735551	0.581186	-0.000939722
284	2.51383e-09	-0.319646	1.10508	0.000714823	-0.894178	-0.264274	-0.0014545
285	2.51383e-09	0.287714	1.11092	-0.000909014	-0.904702	0.234598	0.00168464
286	2.51383e-09	0.338738	-1.09158	-0.00218591	0.892104	0.278464	-9.2126e-05
287	2.51383e-09	-0.335808	1.0909	-0.00163983	-0.890329	-0.281317	-0.00137434
288	2.51383e-09	-1.12016	-0.25223	-0.00243864	0.209434	-0.911392	-0.000789205
289	2.51383e-09	-1.09067	-0.359211	0.000498996	0.296313	-0.885488	0.0035717
290	2.51383e-09	0.995299	-0.539582	0.00249153	0.452193	0.826404	-0.00182008
291	2.51383e-09	-0.998217	0.561461	-8.94406e-05	-0.459821	-0.813528	-0.00157779
292	2.51383e-09	0.309971	1.11333	-0.000893974	-0.894772	0.251979	0.00180205
293	2.51383e-09	-0.00356518	1.13198	0.000118246	-0.940956	0.004259	0.00100068
294	2.51383e-09	-1.06729	-0.471403	0.00652419	0.376927	-0.844215	0.000896688
295	2.51383e-09	0.870797	-0.745662	0.00117348	0.61112	0.706105	-0.00163919
296	2.51383e-09	0.591925	0.99207	0.00391807	-0.799043	0.477734	0.00218996
297	2.51383e-09	0.0246509	1.13534	-0.000711823	-0.939313	0.0179119	0.000576784
298	2.51383e-09	0.373679	1.09667	-0.000766497	-0.876639	0.301382	-0.00136731
299	2.51383e-09	-0.589738	0.995613	-0.00151068	-0.799703	-0.481411	-0.0017391
300	2.51383e-09	-0.993252	0.610336	-0.00381957	-0.482795	-0.790004	0.0012678
301	2.51383e-09	-1.05989	0.451806	0.00310702	-0.3665	-0.860871	-0.000577189
302	2.51383e-09	-0.973268	0.657074	-0.002232	-0.513696	-0.762591	0.00309257
303	2.51383e-09	1.15563	0.107235	0.00109974	-0.0833439	0.922032	0.000172683
304	2.51383e-09	-1.14669	-0.279873	0.00164552	0.217183	-0.891877	-0.000347235
305	2.51383e-09	1.04001	-0.493644	-0.0034237	0.400168	0.841916	-0.000430245
306	2.51383e-09	1.04802	-0.456621	-0.0024057	0.374838	0.857823	0.000861886
307	2.51383e-09	-0.199568	-1.14246	-0.00195865	0.915618	-0.159735	-0.00181158
308	2.51383e-09	-0.00948619	-1.17035	0.00230745	0.924108	-0.0125	-0.00138802
309	2.51383e-09	1.13206	0.0118259	-0.00234337	-0.00798073	0.942735	0.00169764
310	2.51383e-09	1.02167	-0.541501	0.00148331	0.435456	0.824121	-0.00193642
311	2.51383e-09	-1.01175	0.559782	0.00105194	-0.448413	-0.815284	0.00363354
312	2.51383e-09	-0.223678	1.1533	-0.00275703	-0.904639	-0.168519	0.000338744
313	2.51383e-09	0.828159	0.79218	-0.00299842	-0.645592	0.678369	-0.00213069
314	2.51383e-09	-1.13448	-0.012616	-0.00112881	0.011705	-0.941833	0.000885375
315	2.51383e-09	0.645779	0.975617	-0.000639355	-0.767707	0.511756	0.00265893
316	2.51383e-09	0.973778	0.660961	-0.000341903	-0.514985	0.762225	-0.00188663
317	2.51383e-09	0.0178848	-1.16282	-0.00146209	0.925279	0.00896812	0.00326106
318	2.51383e-09	1.12812	-0.286915	-0.00112485	0.23037	0.896956	-0.00121471
319	2.51383e-09	-1.13742	-0.260201	-0.00160687	0.209566	-0.902671	0.00175354
320	2.51383e-09	0.834438	-0.826035	0.000509878	0.646101	0.659778	-0.000988538
321	2.51383e-09	1.1579	0.101775	0.00194733	-0.0782001	0.924958	0.000420192
322	2.51383e-09	-1.13741	-0.207486	0.00212024	0.16655	-0.915679	0.00283151
323	2.51383e-09	-0.0274705	-1.16436	-0.000520152	0.922396	-0.0212536	-0.000937807
324	2.51383e-09	-1.07038	0.507284	-0.00196189	-0.395343	-0.829386	-0.000700049
325	2.51383e-09	-0.416523	1.08012	-0.00349895	-0.868262	-0.329584	-0.00050235
326	2.51383e-09	-0.0201261	1.1764	6.82008e-05	-0.922673	-0.0247901	-0.00563422
327	2.51383e-09	-0.979383	0.646249	0.00231112	-0.508098	-0.770856	0.000400251
328	2.51383e-09	-0.959879	0.606134	0.00273106	-0.497431	-0.797203	-0.00359068
329	2.51383e-09	-0.590819	1.00668	-0.00110277	-0.798061	-0.475116	-0.000987393
330	2.51383e-09	0.0710219	-1.15766	-0.00184317	0.924858	0.0574352	-0.000219375
331	2.51383e-09	0.937719	0.675624	-0.00102318	-0.542426	0.75363	-0.00238288
332	2.51383e-09	1.14739	-0.287993	0.00325991	0.222247	0.890861	-0.00152256
333	2.51383e-09	0.851691	0.809611	0.00204267	-0.635702	0.668293	4.59778e-05
334	2.51383e-09	0.669978	-0.952757	0.00168925	0.758884	0.535528	0.000462648
335	2.51383e-09	0.222927	1.16001	-0.00128963	-0.905336	0.171411	0.000590193
336	2.51383e-09	-1.09768	-0.417945	-0.00248501	0.333698	-0.861173	0.000357293
337	2.51383e-09	-0.704019	-0.949308	0.00143378	0.741073	-0.543772	-0.00115399
338	2.51383e-09	0.852559	0.789291	-0.000310591	-0.631251	0.68079	-0.000435025
339	2.51383e-09	0.882379	0.785416	-0.00378336	-0.611172	0.690015	-0.00221127
340	2.51383e-09	-0.392642	1.10294	0.000270878	-0.874172	-0.313379	-0.00227267
341	2.51383e-09	-0.610607	-1.01667	0.000210707	0.790128	-0.467545	-0.00100851
342	2.51383e-09	0.633828	0.961428	0.00136378	-0.779037	0.513383	0.000384308
343	2.51383e-09	-1.09653	-0.357986	0.000189083	0.289036	-0.888358	-0.000536861
344	2.51383e-09	1.15227	0.234605	0.00151189	-0.182094	0.904672	-0.000331769
345	2.51383e-09	1.04112	0.508899	0.00235878	-0.406899	0.834559	0.00192089
346	2.51383e-09	1.11414	0.343024	0.00240608	-0.274323	0.888416	0.00163807
347	2.51383e-09	0.808445	-0.860996	-0.000605451	0.670332	0.628988	-0.000290207
348	2.51383e-09	-0.0543111	1.17901	-0.00126381	-0.918567	-0.0433598	0.0017322
349	2.51383e-09	-0.421923	-1.10673	-0.00140505	0.857927	-0.328357	0.000286738
350	2.51383e-09	-0.47248	1.07175	-0.0025428	-0.843762	-0.372467	0.000794868
351	2.51383e-09	-0.08421	-1.19167	0.000131127	0.912678	-0.0683015	-0.00222584
352	2.51383e-09	0.43681	-1.08384	-0.00265116	0.857403	0.350598	0.000153242
353	2.51383e-09	0.913709	-0.776033	-0.00363906	0.593035	0.692228	0.00124499
354	2.51383e-09	-0.149584	1.1694	-0.00132227	-0.913267	-0.114276	0.00099627
355	2.51383e-09	1.14055	0.221271	0.0016958	-0.174166	0.91031	-0.00088922
356	2.51383e-09	0.0560336	-1.20626	0.000930681	0.906965	0.0396591	-0.00166272
357	2.51383e-09	-0.57136	1.01903	-0.00118464	-0.80655	-0.455115	0.00175704
358	2.51383e-09	1.06223	0.544628	0.00258665	-0.41935	0.814096	-0.00156683
359	2.51383e-09	-0.988476	-0.679095	-0.00313804	0.517856	-0.754113	-0.000146281
360	2.51383e-09	0.409246	-1.11106	-0.000145705	0.859446	0.316223	0.00026269
361	2.51383e-09	0.510276	1.06759	0.000887107	-0.828319	0.394427	0.00180494
362	2.51383e-09	1.06006	0.508483	0.000805661	-0.394383	0.83133	-0.00206654
363	2.51383e-09	0.258717	1.15368	-0.00220027	-0.897975	0.207216	0.000959384
364	2.51383e-09	-1.039	-0.517455	-0.00182901	0.414316	-0.831834	0.00075342
365	2.51383e-09	-1.20315	0.109922	0.000345142	-0.0789165	-0.903273	0.00137198
366	2.51383e-09	-1.03725	-0.595914	0.00229207	0.450799	-0.79369	0.00126401
367	2.51383e-09	1.08966	0.440036	-0.000992753	-0.351292	0.853601	0.00289376
368	2.51383e-09	-1.04364	0.604698	0.00240532	-0.457051	-0.78582	-7.84487e-05
369	2.51383e-09	0.819383	-0.869577	-0.00262628	0.6591	0.632738	0.000210972
370	2.51383e-09	1.15481	0.264708	-0.00345623	-0.202356	0.898609	0.000404989
371	2.51383e-09	-0.222691	1.19124	-0.000638746	-0.891664	-0.169075	-0.00147009
372	2.51383e-09	1.09009	-0.479977	-0.00257699	0.371934	0.840576	0.00106439
373	2.51383e-09	-0.429845	-1.10022	-0.00106548	0.854875	-0.339182	0.000931746
374	2.51383e-09	-0.89923	-0.818148	0.00290696	0.609974	-0.66751	0.00226694
375	2.51383e-09	1.1226	-0.421782	-0.00359574	0.322495	0.853448	0.000902988
376	2.51383e-09	0.506802	-1.0739	0.000601296	0.830073	0.387126	-0.000245556
377	2.51383e-09	-0.116019	1.17877	-0.00160181	-0.915134	-0.0866827	0.000579966
378	2.51383e-09	0.0477517	1.19153	0.000536231	-0.915916	0.035821	-7.70598e-05
379	2.51383e-09	1.078	0.479324	0.000219156	-0.368315	0.846073	0.00363541
380	2.51383e-09	1.11893	0.362943	-0.00166466	-0.288218	0.877099	0.0012282
381	2.51383e-09	-1.11858	0.399759	0.00021253	-0.311226	-0.864262	0.00254407
382	2.51383e-09	-0.533466	1.08608	0.000209209	-0.813939	-0.398368	-0.0012593
383	2.51383e-09	-0.488395	-1.07019	-0.001578	0.839997	-0.383443	0.000222906
384	2.51383e-09	0.372832	-1.14841	-0.00373733	0.863493	0.283113	0.00332066
385	2.51383e-09	0.164293	1.16324	-0.00181823	-0.914406	0.128035	-0.00151318
386	2.51383e-09	-0.122781	1.19101	-0.00171608	-0.908098	-0.0982054	-0.00209278
387	2.51383e-09	0.807434	0.892116	0.000897417	-0.675414	0.610875	0.00246846
388	2.51383e-09	-0.458454	-1.10804	0.00207654	0.841146	-0.353263	-0.00104725
389	2.51383e-09	-1.17335	0.144365	-0.00430477	-0.110819	-0.913875	-0.00219506
390	2.51383e-09	-0.82897	0.833652	0.00202155	-0.65695	-0.650861	-0.000246864
391	2.51383e-09	1.20587	-0.0666455	0.0012746	0.0565182	0.909251	-0.00127972
392	2.51383e-09	1.15016	-0.337813	0.00389047	0.255934	0.877343	-0.0040137
393	2.51383e-09	-0.697929	0.99154	0.00122377	-0.73731	-0.52717	0.0015252
394	2.51383e-09	-0.0850227	-1.20292	-0.000388172	0.908041	-0.0590188	-0.00151178
395	2.51383e-09	-1.15013	-0.329822	-9.93528e-05	0.245995	-0.882284	-0.000401956
396	2.51383e-09	-1.19965	-0.1074	-0.00242941	0.0884073	-0.909928	0.000236912
397	2.51383e-09	0.51555	-1.08203	-0.00323225	0.825215	0.39476	-0.00126475
398	2.51383e-09	1.13857	0.397271	-0.0016853	-0.301818	0.858713	-0.000633628
399	2.51383e-09	0.513447	1.08206	-0.000768926	-0.8251	0.391633	0.00212115
400	2.51383e-09	-1.12971	-0.386054	-0.00253392	0.301018	-0.866233	0.000519103
