8.655000e+03
401
0	1	0.000399542	0.000247856	-3.64741e-07	5.50521e-09	5.5941e-08	-8.33231e-11
1	2.51383e-09	-0.196755	-0.987435	0.0021722	0.979697	-0.196449	0.000168371
2	2.51383e-09	1.00137	0.115581	-0.00083578	-0.112757	0.986272	-0.000748623
3	2.51383e-09	0.988061	0.091216	0.00035724	-0.0879696	1.00187	0.00137442
4	2.51383e-09	0.0682499	1.0059	0.000229949	-0.992203	0.0675843	-0.00233616
5	2.51383e-09	0.366986	-0.920503	-0.00126811	0.935814	0.371175	2.60725e-05
6	2.51383e-09	0.428365	0.915857	-0.00148587	-0.90021	0.423277	-0.00275165
7	2.51383e-09	0.899739	0.440636	-0.00019098	-0.435841	0.897131	-0.00269614
8	2.51383e-09	0.0553616	-0.990405	-0.000564631	1.00402	0.0554945	-0.000758346
9	2.51383e-09	-0.438565	-0.901795	0.000185937	0.899493	-0.435442	-0.000316931
10	2.51383e-09	-0.785912	-0.644994	0.000308236	0.627275	-0.767489	0.00229896
11	2.51383e-09	0.862856	0.506666	-0.000705878	-0.505261	0.863328	-1.61686e-05
12	2.51383e-09	-0.835746	-0.586463	-0.000826553	0.566093	-0.810111	-0.000904644
13	2.51383e-09	0.777628	0.632724	-0.000992161	-0.63049	0.776501	-0.00018839
14	2.51383e-09	-0.0912592	-1.00916	0.00273931	0.988418	-0.0918802	0.00262899
15	2.51383e-09	-0.273945	-0.959311	0.00176678	0.96683	-0.271758	0.000890005
16	2.51383e-09	-0.397623	-0.922821	-0.000651258	0.912333	-0.396312	-0.00151652
17	2.51383e-09	0.965307	-0.326659	-0.00143089	0.314808	0.93516	-0.000761952
18	2.51383e-09	-0.542775	0.862697	0.000744546	-0.834791	-0.533239	0.00153292
19	2.51383e-09	0.985361	0.222126	-0.00323506	-0.224902	0.973771	-0.000667803
20	2.51383e-09	-0.638005	-0.80596	0.0032624	0.772162	-0.613044	-0.000617524
21	2.51383e-09	-1.00537	-0.0515208	0.00300751	0.0502263	-0.994162	0.0010138
22	2.51383e-09	1.00959	-0.192544	0.00152186	0.181247	0.971206	-0.00230663
23	2.51383e-09	1.00964	-0.00741377	-0.000851155	0.0122718	0.996051	-0.00219406
24	2.51383e-09	-0.518232	-0.871792	0.00130639	0.853744	-0.502831	-0.00157446
25	2.51383e-09	-0.984061	-0.248577	0.00247132	0.236333	-0.964563	0.00109088
26	2.51383e-09	0.355355	-0.95255	-0.00106198	0.929219	0.349759	-0.000523108
27	2.51383e-09	-0.983269	0.168314	-0.0017112	-0.165575	-0.989202	0.00252403
28	2.51383e-09	0.396315	0.927022	-0.00136256	-0.917022	0.386998	0.00269881
29	2.51383e-09	0.4557	-0.905615	-0.00208279	0.887047	0.444658	0.000364556
30	2.51383e-09	0.978898	-0.256674	0.00127752	0.251501	0.962087	0.0018131
31	2.51383e-09	-0.792361	0.622926	0.00297495	-0.615686	-0.783533	0.00234955
32	2.51383e-09	0.738725	0.681186	0.00295869	-0.678316	0.733694	0.00303435
33	2.51383e-09	-0.873652	-0.522858	0.000154186	0.515986	-0.851129	0.00103595
34	2.51383e-09	-0.262181	-1.00429	0.00157584	0.948329	-0.247799	0.00261082
35	2.51383e-09	0.582376	-0.837435	-0.00323403	0.810221	0.567358	0.000209187
36	2.51383e-09	0.51678	-0.859112	-0.00167768	0.856142	0.522152	0.00161845
37	2.51383e-09	-1.0157	-0.0807955	0.00187263	0.08126	-0.987005	0.00116105
38	2.51383e-09	0.751698	-0.674604	6.18173e-05	0.663963	0.738291	0.00266839
39	2.51383e-09	-0.382122	-0.945752	-0.001096	0.912402	-0.376084	0.000550214
40	2.51383e-09	0.97908	-0.278103	0.00187492	0.270552	0.950815	0.000530463
41	2.51383e-09	-0.351443	0.951441	0.00252688	-0.931352	-0.345389	0.00262211
42	2.51383e-09	-1.00935	-0.208837	-0.000900815	0.201105	-0.966185	-0.00237811
43	2.51383e-09	-0.10242	-1.00917	-0.00269273	0.985462	-0.106313	0.00128408
44	2.51383e-09	-0.103103	-1.0268	-0.000278723	0.98077	-0.0999133	0.00177309
45	2.51383e-09	0.0070794	-1.02273	0.00247822	0.989037	0.0046768	-0.000965325
46	2.51383e-09	0.927219	-0.408045	-0.000434967	0.401439	0.911282	-0.000826544
47	2.51383e-09	-0.301427	-0.972339	-0.00107974	0.945412	-0.295818	0.00153033
48	2.51383e-09	0.664167	-0.785976	-3.71292e-05	0.753002	0.636836	0.00159156
49	2.51383e-09	-0.84888	-0.540462	-0.00315737	0.534169	-0.841437	0.000584712
50	2.51383e-09	0.384665	-0.97157	0.00318136	0.909452	0.359882	-0.000769954
51	2.51383e-09	0.904784	0.448121	0.00194134	-0.440488	0.892382	-0.00116628
52	2.51383e-09	0.919943	-0.460446	-0.00181231	0.446695	0.880382	0.000325474
53	2.51383e-09	-0.183082	-1.01137	0.00297218	0.969794	-0.178149	-3.5534e-05
54	2.51383e-09	0.135838	1.01621	-0.00104773	-0.979111	0.135112	-0.000926206
55	2.51383e-09	-0.496773	0.906316	0.000345905	-0.863973	-0.47401	0.000705726
56	2.51383e-09	0.982519	-0.301602	-0.000213224	0.286177	0.942916	0.000365142
57	2.51383e-09	-0.622749	-0.847785	0.00100238	0.783966	-0.576954	0.000351036
58	2.51383e-09	0.318829	0.98954	-0.00251697	-0.93534	0.300504	0.000986509
59	2.51383e-09	-0.305762	-0.987204	-0.000593372	0.936876	-0.292654	-0.00312551
60	2.51383e-09	-0.645249	-0.800247	0.00175317	0.765678	-0.622889	0.000375636
61	2.51383e-09	-0.834985	-0.610362	0.00350993	0.584426	-0.789821	0.00178575
62	2.51383e-09	-0.942645	0.434299	0.000775122	-0.409385	-0.892089	0.000779424
63	2.51383e-09	-0.856993	0.564964	0.0013315	-0.541144	-0.82609	-0.000149293
64	2.51383e-09	-0.0736946	1.03152	0.00141196	-0.979424	-0.0770853	0.000128049
65	2.51383e-09	-0.591034	0.830663	2.67686e-05	-0.808998	-0.574914	-0.000422893
66	2.51383e-09	0.991865	0.250776	0.00110049	-0.235183	0.963642	0.00190067
67	2.51383e-09	-1.03589	0.170342	0.00147212	-0.160582	-0.961065	0.00127666
68	2.51383e-09	-0.892432	-0.519365	-0.0016827	0.494736	-0.850548	0.00202642
69	2.51383e-09	-1.03072	0.173711	0.000211917	-0.161845	-0.961743	-0.00330576
70	2.51383e-09	-1.02569	0.0497308	0.000626712	-0.0471587	-0.984923	0.000306761
71	2.51383e-09	0.454154	0.937659	0.00406818	-0.87988	0.428185	-0.00354381
72	2.51383e-09	-1.05554	0.113762	-0.00077177	-0.109773	-0.963394	0.00230271
73	2.51383e-09	-0.526179	0.891046	-0.00209354	-0.847736	-0.500195	-0.00194771
74	2.51383e-09	0.679627	0.803334	-0.00228352	-0.744001	0.634327	0.00118404
75	2.51383e-09	0.465352	0.933854	0.00059832	-0.877257	0.43773	9.78421e-05
76	2.51383e-09	-0.612898	-0.842856	0.00273551	0.791492	-0.581915	0.00217752
77	2.51383e-09	-0.902013	0.551599	0.00136877	-0.504205	-0.832863	-0.000325415
78	2.51383e-09	-0.408167	0.964871	0.00414712	-0.900099	-0.374494	-0.000466001
79	2.51383e-09	-1.03599	-0.0477337	-0.00475944	0.0409722	-0.978864	-0.00232514
80	2.51383e-09	-0.646401	0.82007	-0.000131757	-0.768749	-0.602286	-0.000751597
81	2.51383e-09	0.836496	-0.584795	-0.000173835	0.569594	0.812806	-1.60043e-05
82	2.51383e-09	0.834477	0.651652	-0.00207561	-0.599934	0.76303	-0.00013055
83	2.51383e-09	-0.62499	0.819858	0.00108269	-0.779947	-0.59984	-0.00196063
84	2.51383e-09	0.82883	0.625195	-0.00036048	-0.595216	0.782836	-0.000162325
85	2.51383e-09	-0.0220948	1.02383	0.00170759	-0.988248	-0.0198225	0.000178368
86	2.51383e-09	-0.419786	-0.957672	0.000764653	0.900301	-0.389283	0.00021222
87	2.51383e-09	-0.0766999	1.03642	0.000412993	-0.981405	-0.0708421	-0.000728394
88	2.51383e-09	-0.471726	0.919695	-0.00232471	-0.87631	-0.448469	0.000713048
89	2.51383e-09	0.809647	0.676814	-0.00158371	-0.62089	0.749251	0.00199555
90	2.51383e-09	-1.03675	-0.147201	0.00319934	0.141847	-0.966546	0.00203588
91	2.51383e-09	0.852052	-0.585287	-0.00258909	0.558827	0.806004	0.00351687
92	2.51383e-09	-1.01879	-0.252981	0.000707368	0.237368	-0.947502	-0.00119815
93	2.51383e-09	0.132466	-1.05777	0.00172152	0.959318	0.121578	0.000615434
94	2.51383e-09	0.284919	0.998971	-0.00105651	-0.942987	0.268762	-0.00302244
95	2.51383e-09	-1.02309	-0.023445	0.000707747	0.0241599	-0.99022	-0.000105932
96	2.51383e-09	-0.361869	-0.991079	-0.000655266	0.915706	-0.328188	0.00301858
97	2.51383e-09	-0.538798	-0.893077	-0.00208236	0.841219	-0.506885	2.83217e-05
98	2.51383e-09	0.95347	-0.438553	0.00233184	0.407151	0.888291	-8.23904e-06
99	2.51383e-09	1.06998	-0.0901382	-0.001689	0.0860494	0.958619	0.00103967
100	2.51383e-09	-0.445873	0.945422	-0.000531634	-0.889011	-0.419075	0.000382349
101	2.51383e-09	-0.563304	-0.865405	0.000997798	0.824008	-0.537003	-0.000192093
102	2.51383e-09	-0.297098	0.991692	0.00151821	-0.939171	-0.283626	-0.000193339
103	2.51383e-09	0.0943659	-1.04336	-0.00246188	0.972553	0.0849224	0.00147852
104	2.51383e-09	0.893598	0.533376	-0.00101014	-0.507385	0.841683	0.000161577
105	2.51383e-09	0.803434	-0.651397	0.00151393	0.622489	0.762622	-0.00143139
106	2.51383e-09	-1.00871	0.265573	-0.00178652	-0.24984	-0.947843	-0.00191947
107	2.51383e-09	-0.279047	1.02062	0.00189378	-0.936576	-0.260468	-0.000407983
108	2.51383e-09	-0.542638	-0.92222	-0.000483418	0.833653	-0.485605	-0.000671104
109	2.51383e-09	-1.05662	-0.0935899	0.00107539	0.0786058	-0.968348	-0.00171868
110	2.51383e-09	0.979507	-0.398261	-0.00101869	0.361342	0.902041	0.00304896
111	2.51383e-09	1.05411	-0.15177	-0.000362812	0.139477	0.957538	0.003542
112	2.51383e-09	0.901655	-0.575234	-0.00147385	0.524929	0.811309	-0.00111427
113	2.51383e-09	-0.761985	0.741037	0.000957342	-0.672593	-0.696352	-0.00110484
114	2.51383e-09	0.679841	0.803946	0.000975503	-0.745296	0.628427	0.000762509
115	2.51383e-09	-0.440307	-0.986964	0.00129415	0.87467	-0.393069	0.00323755
116	2.51383e-09	0.823944	-0.658748	-0.00339854	0.603308	0.762807	-0.000466367
117	2.51383e-09	-0.975258	-0.408759	0.00123744	0.378716	-0.89578	0.000543047
118	2.51383e-09	-0.985656	-0.400952	-0.00063039	0.363232	-0.896736	-0.000783998
119	2.51383e-09	-0.523212	0.90164	-0.00200281	-0.849721	-0.492486	-0.00376115
120	2.51383e-09	-0.993576	0.319318	0.0014982	-0.30188	-0.933524	0.00052111
121	2.51383e-09	0.679324	0.83204	-0.00074397	-0.743687	0.610881	0.00306131
122	2.51383e-09	0.0379502	-1.07733	0.000681775	0.960831	0.038341	-0.00215686
123	2.51383e-09	-1.00429	0.274879	0.000603533	-0.253815	-0.946741	0.00266512
124	2.51383e-09	-0.974758	0.454471	0.00300725	-0.408114	-0.873717	-0.000700529
125	2.51383e-09	-0.0186512	-1.04999	-0.00118007	0.973464	-0.0148978	0.00186199
126	2.51383e-09	0.42643	-0.973145	-0.00100682	0.885718	0.39387	-0.00223125
127	2.51383e-09	-0.976357	-0.402574	0.000817222	0.374374	-0.896086	0.00156661
128	2.51383e-09	1.04532	-0.234524	-0.00251924	0.216329	0.942025	-0.00313332
129	2.51383e-09	-0.573685	0.888418	-0.00122722	-0.818475	-0.525339	0.00338561
130	2.51383e-09	-1.00625	0.365826	-0.00307582	-0.329637	-0.905412	0.000943934
131	2.51383e-09	0.695244	-0.84312	0.000241884	0.736504	0.608746	0.00153643
132	2.51383e-09	1.05587	-0.114693	0.00114882	0.106401	0.967383	0.000841212
133	2.51383e-09	-0.777443	-0.736119	-3.27875e-05	0.661841	-0.702014	0.00144738
134	2.51383e-09	-0.99303	0.369752	-0.00113867	-0.335237	-0.910266	-7.04983e-05
135	2.51383e-09	0.696559	-0.793401	0.00144663	0.729588	0.643083	-0.00288734
136	2.51383e-09	0.906113	0.608852	-0.000759392	-0.531554	0.793029	0.00237766
137	2.51383e-09	0.354067	-0.998464	-0.00144384	0.918099	0.324434	0.00119373
138	2.51383e-09	1.0582	-0.121282	0.0010427	0.108501	0.960696	-0.00130524
139	2.51383e-09	-0.0625222	1.05904	0.00287676	-0.970354	-0.0585818	-0.00277636
140	2.51383e-09	-0.345295	1.02289	-9.0276e-05	-0.91563	-0.307573	-0.00037087
141	2.51383e-09	1.0121	-0.341963	0.000679719	0.30953	0.91802	-0.00214342
142	2.51383e-09	-0.516707	0.954179	-0.00230989	-0.838935	-0.457915	0.000278782
143	2.51383e-09	-0.445376	-0.968614	0.000299202	0.883727	-0.404539	-0.00166353
144	2.51383e-09	-0.264047	-1.05446	-0.00127761	0.929574	-0.230997	0.00190802
145	2.51383e-09	-0.928635	0.506903	0.00043286	-0.466934	-0.851836	0.00104803
146	2.51383e-09	0.384295	-1.03601	-0.000531308	0.888596	0.3353	0.00324771
147	2.51383e-09	-0.00379808	-1.08643	0.00224764	0.957525	-0.00188164	-0.00171612
148	2.51383e-09	-0.692943	-0.836776	-0.000451171	0.739985	-0.608361	-0.00118312
149	2.51383e-09	0.900597	0.577488	-0.00289538	-0.518314	0.810212	-0.000248627
150	2.51383e-09	0.528712	-0.9415	-0.000595494	0.842106	0.462447	-0.00115938
151	2.51383e-09	1.07561	-0.0744479	0.00153279	0.068902	0.96182	0.000514451
152	2.51383e-09	1.01972	0.377196	0.00059687	-0.325385	0.896646	0.000872916
153	2.51383e-09	1.08385	-0.0558913	0.00115664	0.04795	0.958765	0.000263586
154	2.51383e-09	-0.489918	-0.994028	-0.00322757	0.851292	-0.417138	0.000191805
155	2.51383e-09	-0.98991	-0.413239	-0.00142426	0.367767	-0.894508	0.00214823
156	2.51383e-09	1.00292	0.428412	0.00222957	-0.370608	0.883743	0.00141012
157	2.51383e-09	1.01645	-0.319265	-0.000417674	0.295715	0.922625	0.000449593
158	2.51383e-09	0.0807622	-1.08738	0.00113651	0.95701	0.0698206	-0.00443479
159	2.51383e-09	-0.713837	-0.798351	7.34145e-05	0.718317	-0.646946	-0.00105067
160	2.51383e-09	-1.03312	-0.299045	-0.00108685	0.268726	-0.926519	0.0026869
161	2.51383e-09	-0.946687	0.529653	0.00209302	-0.468374	-0.837558	0.00161075
162	2.51383e-09	0.793317	0.731788	0.00413982	-0.652957	0.707737	-0.000501093
163	2.51383e-09	-0.0455038	1.0792	0.000316509	-0.962225	-0.043324	0.000818683
164	2.51383e-09	-1.01318	-0.362051	0.0013682	0.326481	-0.905385	-0.00183962
165	2.51383e-09	0.141529	1.09448	0.00259513	-0.943453	0.124903	-0.00131682
166	2.51383e-09	-0.540054	0.932446	0.000479433	-0.834097	-0.488358	-0.00149763
167	2.51383e-09	-0.210213	1.04595	0.00279785	-0.947248	-0.199811	-0.00261597
168	2.51383e-09	0.951457	0.536325	-0.00152666	-0.466962	0.833947	-0.000970174
169	2.51383e-09	1.08029	-0.0176573	-0.00167405	0.0134863	0.963984	-0.0002797
170	2.51383e-09	0.526484	-0.950177	0.00339917	0.838854	0.467454	0.00143111
171	2.51383e-09	-0.792738	0.74217	0.000830871	-0.657142	-0.701888	-0.00295092
172	2.51383e-09	-0.0858172	1.10829	0.000367575	-0.946513	-0.0763825	-0.00141608
173	2.51383e-09	0.0540597	1.10486	-0.00215791	-0.949236	0.0445168	-0.00255423
174	2.51383e-09	-0.483733	0.986617	0.000254999	-0.855498	-0.425093	0.00196634
175	2.51383e-09	0.624049	-0.895305	0.000854403	0.788774	0.541668	-0.00178131
176	2.51383e-09	1.06466	0.177574	-0.00178547	-0.15535	0.949983	5.42271e-05
177	2.51383e-09	0.64329	-0.912198	-0.000699283	0.774704	0.546193	-0.00226899
178	2.51383e-09	-1.07537	-0.074199	0.000189601	0.0661587	-0.96025	0.000799607
179	2.51383e-09	1.01788	-0.426667	0.00407532	0.364663	0.877473	-0.0010275
180	2.51383e-09	-0.892077	0.607313	0.00148606	-0.543592	-0.795368	-0.00258551
181	2.51383e-09	-0.857463	0.690353	-0.00248868	-0.599166	-0.740235	4.97441e-05
182	2.51383e-09	0.553667	0.945586	-0.000913674	-0.824345	0.48227	-0.0011265
183	2.51383e-09	0.756252	-0.797146	-0.000888002	0.689232	0.657792	-0.000520602
184	2.51383e-09	0.903039	0.648633	-0.00230851	-0.554081	0.769462	0.00195573
185	2.51383e-09	-1.05704	-0.248358	-0.000777707	0.219143	-0.936524	-0.0010338
186	2.51383e-09	1.04058	0.325182	-0.000288411	-0.290648	0.911877	-0.00156949
187	2.51383e-09	0.990318	-0.389711	-0.00236245	0.351568	0.903803	0.00322952
188	2.51383e-09	0.00492148	-1.10749	-0.00346531	0.949301	0.00700141	-0.000644048
189	2.51383e-09	0.259277	1.05954	0.00282622	-0.930943	0.22624	-0.000997209
190	2.51383e-09	0.959104	0.532844	0.000665898	-0.471144	0.832528	-0.00188256
191	2.51383e-09	-1.06238	-0.251458	-0.00363968	0.21785	-0.931178	-0.000583917
192	2.51383e-09	-0.272154	1.06412	0.00238625	-0.925448	-0.234753	0.000142912
193	2.51383e-09	-0.575053	-0.94893	-0.00222508	0.809663	-0.492982	-7.42224e-05
194	2.51383e-09	0.926668	0.62419	-0.000388761	-0.52983	0.784564	0.00106398
195	2.51383e-09	1.06597	0.210385	0.00102449	-0.186117	0.940728	-0.000595025
196	2.51383e-09	0.86532	0.681873	0.00354108	-0.58479	0.746893	-0.0009401
197	2.51383e-09	-0.927674	0.565929	0.00102961	-0.499058	-0.81883	0.00278221
198	2.51383e-09	0.260822	-1.07731	0.00224299	0.923259	0.226373	0.000578842
199	2.51383e-09	1.06996	-0.257206	-0.00349746	0.22613	0.926635	0.00063149
200	2.51383e-09	-0.121223	1.11302	0.000835166	-0.938191	-0.0995777	0.000316782
201	2.51383e-09	1.07299	-0.248558	0.00161166	0.216849	0.928597	-0.00170122
202	2.51383e-09	-1.0929	0.00262096	0.0014313	-0.00835342	-0.956941	-0.00162541
203	2.51383e-09	0.890543	-0.625389	0.00219446	0.551117	0.783867	-0.000939036
204	2.51383e-09	-0.992589	-0.475132	0.00023837	0.405187	-0.862842	-0.000243638
205	2.51383e-09	-1.12119	0.0215045	0.00179649	-0.0226799	-0.944578	-0.000458412
206	2.51383e-09	-0.966728	0.520259	0.00135366	-0.451784	-0.839452	0.00156132
207	2.51383e-09	0.385056	-1.05144	0.000580852	0.886893	0.321806	-0.00115779
208	2.51383e-09	-0.104264	1.09326	-0.00195133	-0.950443	-0.0868814	0.00153201
209	2.51383e-09	-1.0435	0.342028	0.00122578	-0.299229	-0.907548	0.00170063
210	2.51383e-09	-1.08641	-0.201608	-0.00067398	0.171465	-0.935827	0.000784771
211	2.51383e-09	-1.10256	0.061759	0.00215256	-0.0534154	-0.947217	0.00171433
212	2.51383e-09	-1.00583	0.508031	-0.00298253	-0.425409	-0.839346	-0.00203167
213	2.51383e-09	0.90468	0.634676	0.000513153	-0.546893	0.780089	0.00138495
214	2.51383e-09	-1.09555	-0.0768694	0.00169063	0.0748374	-0.950777	-0.000278126
215	2.51383e-09	-0.160824	-1.10883	0.00217038	0.931966	-0.139527	-0.00279391
216	2.51383e-09	1.12326	0.045078	0.000164269	-0.0330584	0.941034	0.000513106
217	2.51383e-09	-0.948059	0.604617	-0.0026804	-0.508888	-0.793968	0.0018615
218	2.51383e-09	0.656281	0.850867	0.00255099	-0.763939	0.593505	0.000381028
219	2.51383e-09	1.09703	0.272021	-0.00120762	-0.226675	0.913998	0.00125545
220	2.51383e-09	0.0629421	1.11527	-0.00296346	-0.943692	0.0560183	0.00115958
221	2.51383e-09	-0.8077	-0.731033	0.00139633	0.639604	-0.713351	0.00188629
222	2.51383e-09	0.95545	-0.557925	0.0014254	0.480665	0.821888	0.00278931
223	2.51383e-09	0.837838	-0.73027	-0.000136598	0.627867	0.710978	-0.00187922
224	2.51383e-09	-0.17496	-1.07987	-0.00028662	0.942669	-0.159391	-0.000391039
225	2.51383e-09	1.10845	0.107158	0.00105332	-0.0946553	0.943258	-0.0011725
226	2.51383e-09	-0.896449	0.660905	0.00179281	-0.557741	-0.765943	0.000214813
227	2.51383e-09	-0.140527	-1.09245	0.000326319	0.945252	-0.118499	0.000622997
228	2.51383e-09	1.02062	-0.455377	-0.0018186	0.384603	0.864952	0.000707395
229	2.51383e-09	1.07145	-0.362216	-0.00326145	0.30344	0.88884	0.00076318
230	2.51383e-09	-0.419115	1.07069	-0.00118445	-0.865091	-0.34377	-0.00124824
231	2.51383e-09	0.0166282	1.13226	-0.00590298	-0.939569	0.017573	-0.000349083
232	2.51383e-09	-0.989651	0.481933	-0.0026954	-0.41273	-0.859958	-0.00191753
233	2.51383e-09	-0.414749	1.03372	0.00205604	-0.876951	-0.35982	-0.00152601
234	2.51383e-09	-0.690492	0.862489	0.00168248	-0.745896	-0.593655	0.0035466
235	2.51383e-09	-0.606575	-0.927456	-0.00131789	0.795236	-0.523811	0.00327601
236	2.51383e-09	0.859116	0.72108	-0.000698704	-0.605677	0.726867	0.000725519
237	2.51383e-09	-0.734621	-0.8341	-0.00150144	0.713065	-0.620387	-0.00130969
238	2.51383e-09	-1.14005	0.183891	-0.00221058	-0.143364	-0.917302	-0.000387794
239	2.51383e-09	0.609753	-0.914423	-0.00125472	0.794657	0.530422	-0.0027654
240	2.51383e-09	-0.326829	1.08786	-0.00177311	-0.895641	-0.265493	-0.00192331
241	2.51383e-09	0.802093	0.775141	0.000778609	-0.663875	0.676293	-0.00132224
242	2.51383e-09	-0.272551	1.11793	-0.000506136	-0.906623	-0.221901	0.00308126
243	2.51383e-09	-0.640921	0.919265	0.00310379	-0.776635	-0.53988	0.00268094
244	2.51383e-09	-1.00445	0.539578	0.00139159	-0.445058	-0.822348	0.00168254
245	2.51383e-09	0.873741	0.70714	-0.000909714	-0.591654	0.734385	0.00428097
246	2.51383e-09	-0.738485	-0.850171	-0.00119586	0.713875	-0.615491	0.00215812
247	2.51383e-09	1.06277	0.290222	0.002205	-0.258078	0.916971	0.00157482
248	2.51383e-09	0.982145	-0.541153	-0.000758751	0.452061	0.830925	-0.000114625
249	2.51383e-09	-0.791108	0.806355	6.87648e-06	-0.669855	-0.657652	-5.9708e-05
250	2.51383e-09	0.342861	1.08036	0.000813099	-0.896067	0.283143	-0.000398668
251	2.51383e-09	-0.229878	1.1033	-2.15397e-05	-0.923255	-0.189069	-0.000147567
252	2.51383e-09	-1.11698	0.108906	0.000823728	-0.0914603	-0.93947	0.000379386
253	2.51383e-09	0.194061	1.11563	0.00268665	-0.9249	0.164276	0.00368152
254	2.51383e-09	-1.07866	0.317311	-0.00187955	-0.263457	-0.905738	-0.000317548
255	2.51383e-09	0.764437	0.835829	-0.000779809	-0.694401	0.634385	0.000217814
256	2.51383e-09	0.796099	-0.807791	0.000885129	0.665528	0.664944	0.000509011
257	2.51383e-09	1.0978	0.249037	-0.00371427	-0.205625	0.921168	0.000399691
258	2.51383e-09	0.557265	0.980135	0.00265204	-0.820417	0.463115	0.00310608
259	2.51383e-09	-0.615938	-0.943105	0.000894222	0.790038	-0.512524	0.00113373
260	2.51383e-09	0.834653	-0.764727	0.00293437	0.63475	0.690904	-0.00265512
261	2.51383e-09	-1.08575	0.330809	0.000697896	-0.272453	-0.900684	4.31516e-06
262	2.51383e-09	-0.182641	-1.10012	0.00288145	0.934249	-0.149423	0.00379675
263	2.51383e-09	1.13052	0.0712759	0.00189452	-0.0632568	0.940394	0.000328042
264	2.51383e-09	0.883048	-0.695681	-0.00178308	0.584462	0.740288	0.00011384
265	2.51383e-09	0.572558	-0.980915	0.000150655	0.809852	0.479155	-0.000315642
266	2.51383e-09	-1.03196	-0.4694	0.00129147	0.389356	-0.854902	-0.000406932
267	2.51383e-09	-0.649801	-0.907783	-0.000664184	0.768368	-0.55612	-0.00190852
268	2.51383e-09	0.791163	-0.825951	-0.00237524	0.675694	0.639982	-0.000750344
269	2.51383e-09	0.231083	-1.12443	0.00373203	0.913384	0.192657	-1.57518e-05
270	2.51383e-09	-0.869538	0.717436	-0.000636601	-0.601773	-0.725732	-0.00109775
271	2.51383e-09	-1.14206	0.0251411	-0.000409457	-0.0222881	-0.934459	-0.000785366
272	2.51383e-09	-1.10159	-0.291777	-0.00130045	0.242304	-0.906036	-0.00323377
273	2.51383e-09	-1.13863	0.123207	-0.00130854	-0.102358	-0.927858	0.00231491
274	2.51383e-09	-0.224926	-1.10691	-0.00139427	0.917715	-0.189033	-0.00187693
275	2.51383e-09	-1.11173	0.234244	0.000448674	-0.190382	-0.917377	0.00253577
276	2.51383e-09	0.816248	0.803624	-0.000411507	-0.651752	0.668697	0.000107287
277	2.51383e-09	0.422874	1.06837	0.00405132	-0.862242	0.350043	-0.00099925
278	2.51383e-09	-0.682068	0.929568	0.0002778	-0.751796	-0.549522	-0.00146675
279	2.51383e-09	-0.615427	0.995742	0.00129042	-0.788848	-0.483254	0.000233359
280	2.51383e-09	-0.641687	-0.968649	0.00219788	0.770017	-0.516568	0.000211751
281	2.51383e-09	-1.05261	-0.429935	-0.0010856	0.353143	-0.8689	-0.000193038
282	2.51383e-09	0.65822	0.933869	-0.000386777	-0.767167	0.537998	0.000540891
283	2.51383e-09	1.01949	-0.515894	-0.000467227	0.425992	0.829376	0.00213723
284	2.51383e-09	-1.1419	0.10282	0.000692117	-0.0804525	-0.93206	0.00199933
285	2.51383e-09	-0.394972	1.07287	-0.00157437	-0.877354	-0.326287	0.0012157
286	2.51383e-09	-0.245985	1.11266	-0.00255513	-0.915245	-0.20168	0.00084914
287	2.51383e-09	-0.3156	1.09204	0.00180836	-0.898274	-0.264977	-0.000425389
288	2.51383e-09	1.0809	-0.411637	-0.00200356	0.336127	0.866906	-0.000543472
289	2.51383e-09	1.15939	0.0597641	0.00338554	-0.0464718	0.924183	-0.000879125
290	2.51383e-09	1.12512	0.213774	0.00351608	-0.171699	0.918109	0.00119485
291	2.51383e-09	1.05322	0.460865	-0.00229227	-0.375286	0.854725	0.000258699
292	2.51383e-09	1.11214	-0.286598	0.000385733	0.233586	0.903193	-0.00206076
293	2.51383e-09	0.976343	-0.577894	0.00155456	0.477187	0.810459	0.00196811
294	2.51383e-09	0.734743	0.908848	-0.00390675	-0.719457	0.582574	-0.00428917
295	2.51383e-09	-1.11185	-0.253246	0.000349025	0.209626	-0.913746	0.000486984
296	2.51383e-09	0.986778	-0.607706	-0.00359997	0.48737	0.790429	-0.00270442
297	2.51383e-09	-0.756873	0.857634	-0.00106403	-0.700463	-0.62022	0.0025997
298	2.51383e-09	1.02581	0.525425	0.00272384	-0.420514	0.83038	0.00156738
299	2.51383e-09	0.151607	-1.15951	-0.000108241	0.916494	0.110051	0.000777173
300	2.51383e-09	-1.10573	0.363888	0.00256206	-0.290389	-0.881172	-0.0011894
301	2.51383e-09	0.278795	1.12864	-0.00225501	-0.903019	0.212405	0.000287105
302	2.51383e-09	-1.09122	-0.408308	-0.0045888	0.332072	-0.86539	0.00275233
303	2.51383e-09	-1.00493	0.565743	-0.0020117	-0.456482	-0.811948	0.000136609
304	2.51383e-09	-0.0514466	1.15633	-0.00160456	-0.930901	-0.0375244	3.94366e-05
305	2.51383e-09	0.898103	-0.71535	0.00276609	0.581282	0.73049	-0.00114256
306	2.51383e-09	0.943341	0.66113	-0.000700814	-0.531632	0.76525	-0.000630981
307	2.51383e-09	0.124133	-1.15491	0.00374591	0.921302	0.10115	-0.00120193
308	2.51383e-09	-1.16497	0.0474024	-0.00242006	-0.0325948	-0.926932	-0.000315066
309	2.51383e-09	0.275872	1.11386	-0.00059728	-0.903871	0.225448	-0.00070736
310	2.51383e-09	0.651226	-0.955987	0.00127099	0.768764	0.525606	2.6091e-06
311	2.51383e-09	0.349983	1.10274	0.00191592	-0.887531	0.282484	-0.00241255
312	2.51383e-09	-1.17135	-0.107684	-0.0017907	0.0847142	-0.912717	0.000413679
313	2.51383e-09	-1.03797	-0.496286	-0.00267704	0.402916	-0.838988	-0.00148255
314	2.51383e-09	-1.06933	-0.390761	-0.000965267	0.321298	-0.881324	-0.00127503
315	2.51383e-09	-0.227002	1.14532	-0.00320173	-0.908093	-0.1799	0.000627038
316	2.51383e-09	1.1585	0.1437	0.00252149	-0.111112	0.919489	-0.000247306
317	2.51383e-09	-0.496003	-1.04486	-0.00116716	0.838161	-0.40215	-0.00278979
318	2.51383e-09	-1.13034	0.22703	-0.00287257	-0.186783	-0.914271	5.66202e-05
319	2.51383e-09	0.0124273	1.17245	0.00304617	-0.92292	0.00911125	-0.00126631
320	2.51383e-09	1.16996	0.0850343	-0.000295481	-0.0653823	0.92205	-4.12263e-05
321	2.51383e-09	0.581927	-1.00208	-0.00102257	0.80462	0.46809	-0.00103911
322	2.51383e-09	1.11672	0.331208	0.00268698	-0.262488	0.886251	0.00162684
323	2.51383e-09	0.687323	-0.937406	0.000137572	0.742536	0.551541	-0.000827192
324	2.51383e-09	-0.535563	-1.03922	-0.000223459	0.822661	-0.424386	-0.00150248
325	2.51383e-09	-0.606506	-0.985102	-0.00183704	0.79235	-0.484332	0.000908462
326	2.51383e-09	-0.682558	-0.952164	-0.00445189	0.74868	-0.546697	-0.000969501
327	2.51383e-09	-1.12153	0.376528	-0.00203005	-0.292379	-0.87081	-0.00106795
328	2.51383e-09	-0.979503	-0.582574	0.00224521	0.482783	-0.805253	-0.00184604
329	2.51383e-09	-1.12117	-0.311629	0.0010765	0.244042	-0.89775	0.000385219
330	2.51383e-09	1.05836	0.471264	0.000641477	-0.38129	0.848515	6.05743e-05
331	2.51383e-09	-0.234535	1.12887	0.00164729	-0.911183	-0.19239	-0.00141901
332	2.51383e-09	-0.927594	0.727564	0.00157102	-0.567905	-0.72544	-0.0011489
333	2.51383e-09	-0.612788	-1.0142	-0.00171004	0.785299	-0.47667	-0.00126949
334	2.51383e-09	-0.559529	-1.03304	-0.000819404	0.81248	-0.434959	-0.00156674
335	2.51383e-09	-0.0538211	-1.18681	-0.000816991	0.914145	-0.0447862	-0.000161656
336	2.51383e-09	-0.333449	-1.12248	-0.00039378	0.886507	-0.265331	-0.0026003
337	2.51383e-09	-1.18738	0.0357031	-0.00204481	-0.0278494	-0.914164	0.00132256
338	2.51383e-09	-0.927897	-0.705625	0.0014942	0.561215	-0.736202	0.00254198
339	2.51383e-09	0.543191	-1.05082	0.00442895	0.814945	0.427046	0.00155375
340	2.51383e-09	-0.213783	-1.17112	-0.00121384	0.898044	-0.168313	-0.00126894
341	2.51383e-09	-0.977707	-0.674416	-0.000337414	0.521385	-0.753257	0.00106108
342	2.51383e-09	0.963853	0.655776	0.000984226	-0.520515	0.76576	0.000253114
343	2.51383e-09	0.364554	-1.09431	0.00283577	0.885756	0.29068	0.000318229
344	2.51383e-09	-1.08582	0.450377	0.000989637	-0.359044	-0.850432	0.000460452
345	2.51383e-09	-0.654624	-0.957347	0.00157857	0.768157	-0.524967	-0.0024552
346	2.51383e-09	-0.920576	0.730493	0.00157568	-0.577284	-0.71844	0.00109615
347	2.51383e-09	0.158712	1.16998	0.00209118	-0.91029	0.118251	-0.000249495
348	2.51383e-09	0.867557	-0.795052	0.00344752	0.623629	0.679551	0.00219002
349	2.51383e-09	1.16187	-0.195123	-0.000228108	0.146267	0.908289	-0.00242238
350	2.51383e-09	-0.476503	1.07219	-0.00119548	-0.841279	-0.375237	-0.00131494
351	2.51383e-09	-0.470673	-1.09554	0.00153957	0.84206	-0.361196	0.00218987
352	2.51383e-09	-0.0793747	1.1801	-0.00184165	-0.916082	-0.0593698	0.000593464
353	2.51383e-09	-0.896074	0.78194	0.00453396	-0.601638	-0.694253	0.00189377
354	2.51383e-09	-0.942646	-0.716756	0.00230159	0.560538	-0.72749	-0.00116042
355	2.51383e-09	-1.09279	-0.368799	0.00205562	0.297954	-0.88192	0.00190779
356	2.51383e-09	-0.473101	-1.10082	0.000995742	0.838035	-0.364191	0.000102513
357	2.51383e-09	1.06117	0.515078	-0.000976597	-0.39967	0.828117	0.000803882
358	2.51383e-09	0.297673	-1.16288	-0.00187374	0.883092	0.224692	0.00223306
359	2.51383e-09	-0.568609	-1.05398	-0.00180749	0.804071	-0.437033	-0.00194352
360	2.51383e-09	-0.790736	-0.869327	-0.000917483	0.681102	-0.620078	5.9228e-06
361	2.51383e-09	-0.548895	1.04181	-0.00103201	-0.814018	-0.429993	-0.00088569
362	2.51383e-09	0.483284	-1.07006	-0.000102734	0.842124	0.378829	0.001019
363	2.51383e-09	0.288789	-1.14283	0.00146485	0.894673	0.228291	0.0012091
364	2.51383e-09	1.04528	0.513672	-0.000534457	-0.409947	0.829338	0.00106983
365	2.51383e-09	-1.10593	0.465859	0.00212098	-0.355296	-0.841388	0.000217108
366	2.51383e-09	1.18737	-0.0615498	0.00192127	0.0451989	0.916034	-0.00142114
367	2.51383e-09	-1.12284	0.39425	0.00170846	-0.304064	-0.862108	0.00118307
368	2.51383e-09	1.14208	-0.358635	-0.000157726	0.274075	0.874099	-0.000404861
369	2.51383e-09	-0.00318952	-1.18426	-5.83858e-05	0.917256	-0.00167465	-0.00109
370	2.51383e-09	1.02818	-0.587766	0.00189397	0.454749	0.798607	-0.00128305
371	2.51383e-09	-0.980323	-0.691743	-0.00123332	0.528705	-0.746765	-0.000676749
372	2.51383e-09	-1.1859	-0.222516	0.00340466	0.169069	-0.891666	3.49828e-05
373	2.51383e-09	1.13588	-0.352566	2.17451e-05	0.274338	0.874022	-0.00166588
374	2.51383e-09	0.935449	-0.759716	0.00360431	0.572754	0.710481	-0.00142848
375	2.51383e-09	-1.18014	0.166369	0.00236316	-0.125726	-0.907455	0.00185876
376	2.51383e-09	0.868975	0.809549	-0.000750156	-0.625233	0.670824	-0.00149782
377	2.51383e-09	0.583912	-1.04736	0.000264946	0.795165	0.445194	0.00133438
378	2.51383e-09	0.903307	0.779677	-0.000196699	-0.601469	0.69163	0.000650452
379	2.51383e-09	0.391681	-1.10634	0.00147766	0.870904	0.313303	-0.000927567
380	2.51383e-09	-0.894621	-0.784117	0.00222223	0.601649	-0.688749	-4.85718e-06
381	2.51383e-09	-0.854871	0.828516	-0.00045886	-0.636685	-0.659656	7.92263e-05
382	2.51383e-09	-0.112237	-1.18527	-0.00123998	0.915276	-0.083618	-0.000983466
383	2.51383e-09	0.23294	-1.1531	4.52476e-06	0.904603	0.176652	1.77879e-05
384	2.51383e-09	0.0529845	-1.20347	-0.00657143	0.908747	0.0424109	-0.000604702
385	2.51383e-09	-0.840819	-0.837586	-0.00186956	0.645698	-0.649489	-0.000687262
386	2.51383e-09	1.14816	0.348107	0.00109387	-0.262324	0.873376	0.0010374
387	2.51383e-09	-0.30513	-1.15718	0.0014111	0.885022	-0.231811	-0.00296988
388	2.51383e-09	1.20334	-0.123763	-0.000838273	0.0883608	0.902437	0.000793329
389	2.51383e-09	0.291093	1.14722	0.00382443	-0.892629	0.221721	0.00208496
390	2.51383e-09	1.01607	-0.619118	-0.000224839	0.472854	0.78468	-0.00186979
391	2.51383e-09	-1.16324	0.337436	-0.00236906	-0.248446	-0.872855	-0.000400334
392	2.51383e-09	1.1236	0.421419	0.00361154	-0.321854	0.854869	-0.00386127
393	2.51383e-09	-0.611189	-1.03539	0.0011823	0.785658	-0.468342	-5.13725e-05
394	2.51383e-09	0.926072	-0.75639	-0.00129257	0.578249	0.710134	-0.00151115
395	2.51383e-09	-0.84061	0.847221	-0.00151388	-0.651405	-0.644692	7.58232e-05
396	2.51383e-09	0.75222	0.965753	0.000818408	-0.70903	0.554337	-0.000153255
397	2.51383e-09	-0.233689	1.17863	-0.00138204	-0.895355	-0.175524	0.00226928
398	2.51383e-09	-0.978403	-0.697528	-0.000244336	0.529947	-0.742979	0.000836862
399	2.51383e-09	-1.00778	-0.649403	0.00229977	0.49324	-0.768268	0.00123927
400	2.51383e-09	1.0315	-0.607184	-0.00087092	0.470716	0.785826	0.000666209
