1.117800e+04
401
0	1	0.000514579	0.000319208	-4.698e-07	5.74969e-08	1.28525e-09	-2.48806e-10
1	2.51383e-09	0.86815	0.528951	-0.00274565	-0.512763	0.846823	0.000934447
2	2.51383e-09	0.420586	0.912274	0.000137272	-0.906261	0.410716	0.00141175
3	2.51383e-09	0.991244	-0.0129215	0.00179375	0.0172924	1.00658	0.00137353
4	2.51383e-09	0.356907	-0.936353	0.00222159	0.934768	0.355181	0.000711004
5	2.51383e-09	-0.732658	-0.67102	-0.00151243	0.679308	-0.738946	1.13483e-05
6	2.51383e-09	-0.250826	-0.976573	0.00321378	0.964761	-0.247826	-0.000869313
7	2.51383e-09	0.713849	0.701974	-0.00284364	-0.699413	0.712066	-0.000705431
8	2.51383e-09	-0.805395	-0.581058	-0.000169619	0.590982	-0.811458	-9.15543e-05
9	2.51383e-09	-0.89116	-0.47666	-0.000315802	0.465923	-0.877597	-0.000819833
10	2.51383e-09	-0.328009	0.96278	-0.00114131	-0.936912	-0.321609	0.00313922
11	2.51383e-09	-0.832638	0.555991	0.00201102	-0.55184	-0.831941	-7.64999e-05
12	2.51383e-09	0.360059	-0.954666	0.000646205	0.924649	0.353907	0.0010302
13	2.51383e-09	-0.678156	0.735893	0.0014102	-0.736038	-0.679565	-0.00124349
14	2.51383e-09	1.00383	0.150254	-0.00280491	-0.148239	0.98022	-0.00190788
15	2.51383e-09	0.998065	0.0659581	-0.0025806	-0.0545508	0.999211	-0.000757371
16	2.51383e-09	0.919232	-0.397955	-0.000398043	0.391958	0.918371	0.00177697
17	2.51383e-09	1.01344	0.0413823	0.0011466	-0.045374	0.990182	0.00199751
18	2.51383e-09	0.06019	1.01617	0.00130664	-0.988338	0.0520092	0.000455383
19	2.51383e-09	0.082327	-1.0153	-0.00344375	0.984487	0.0883703	-0.00266029
20	2.51383e-09	-0.164331	-1.01909	-0.00267436	0.971703	-0.154432	-0.000602044
21	2.51383e-09	-0.953291	0.310749	0.000466089	-0.311989	-0.948108	-0.000914263
22	2.51383e-09	-0.873639	-0.558391	0.000536096	0.526687	-0.825517	-0.00192042
23	2.51383e-09	0.275287	-0.972862	-0.00159449	0.957813	0.27249	-0.00388014
24	2.51383e-09	0.541112	-0.847124	-0.00152846	0.836639	0.544918	0.00176692
25	2.51383e-09	0.690869	-0.755017	-0.00151257	0.725252	0.668298	-0.000236764
26	2.51383e-09	-0.865524	0.542067	0.000945622	-0.52238	-0.838635	-0.000342083
27	2.51383e-09	0.894386	0.461816	-0.00309276	-0.454348	0.885886	-0.000372846
28	2.51383e-09	1.01651	0.0452127	-0.00174207	-0.045463	0.98871	0.00322473
29	2.51383e-09	-0.499429	-0.861412	0.000965718	0.866859	-0.505318	0.00297901
30	2.51383e-09	0.324291	-0.96474	0.00044919	0.940218	0.313769	0.00155984
31	2.51383e-09	0.288245	0.966082	0.00181716	-0.95654	0.276329	-0.000162233
32	2.51383e-09	0.473477	0.889098	0.00271742	-0.879421	0.47169	-0.00339789
33	2.51383e-09	-1.01179	-0.125849	-4.5017e-05	0.131438	-0.986132	-0.000254266
34	2.51383e-09	-0.988204	0.321004	0.000828243	-0.302079	-0.932904	0.00328751
35	2.51383e-09	-0.97301	-0.280339	-0.0020401	0.2735	-0.955936	-0.00145994
36	2.51383e-09	-0.868571	0.539746	-0.00102069	-0.527701	-0.830924	-0.000377217
37	2.51383e-09	-0.889874	0.504832	0.00110468	-0.486452	-0.858014	-0.000743382
38	2.51383e-09	0.865157	-0.526289	0.00170411	0.515197	0.845543	-0.000998728
39	2.51383e-09	0.140545	-1.01621	0.000349157	0.974592	0.137375	-0.000204092
40	2.51383e-09	-0.912749	0.423084	0.000364957	-0.424589	-0.907982	0.00146559
41	2.51383e-09	0.931394	0.409855	0.00198125	-0.400553	0.906539	0.00223194
42	2.51383e-09	0.304591	0.981737	-0.000257583	-0.942302	0.289646	-0.00144562
43	2.51383e-09	0.239639	0.981929	0.000753884	-0.967041	0.229578	-0.00303447
44	2.51383e-09	-0.351338	0.970357	-0.00173437	-0.925557	-0.33781	0.00253117
45	2.51383e-09	1.02253	0.061146	-0.00310776	-0.0563602	0.987795	0.000626498
46	2.51383e-09	0.696724	0.729119	-0.000469338	-0.71813	0.691393	0.000273877
47	2.51383e-09	0.446672	0.914006	-0.000608144	-0.892036	0.434783	-0.000801439
48	2.51383e-09	0.760045	-0.691811	0.000869193	0.665562	0.729762	-0.00110628
49	2.51383e-09	-0.998451	-0.165865	-0.000917467	0.164443	-0.977686	0.00308801
50	2.51383e-09	0.0327604	-1.03871	-0.00210605	0.981949	0.0263568	-0.00139392
51	2.51383e-09	0.922801	0.421715	-7.15393e-05	-0.411573	0.90336	-0.00278584
52	2.51383e-09	0.819612	-0.637785	0.00176798	0.606122	0.770821	0.00110422
53	2.51383e-09	0.390937	-0.954072	-0.000657572	0.911314	0.369463	-0.000604399
54	2.51383e-09	-0.917363	0.478233	0.00302294	-0.455665	-0.87021	0.00111873
55	2.51383e-09	-0.0951769	-1.02517	0.00127744	0.981848	-0.0929014	0.000341864
56	2.51383e-09	0.0312894	1.02277	-0.000138471	-0.990669	0.0270202	0.00087442
57	2.51383e-09	0.776433	-0.701057	-0.000992348	0.65291	0.727294	-0.00131547
58	2.51383e-09	-1.03433	0.101679	0.00193288	-0.0979841	-0.974966	-0.000243228
59	2.51383e-09	0.455278	-0.928356	-0.0020421	0.881797	0.428068	0.00188573
60	2.51383e-09	0.180083	1.02209	0.000391655	-0.967758	0.167358	-0.00287751
61	2.51383e-09	0.327418	0.988619	7.01853e-05	-0.928278	0.311273	0.00247076
62	2.51383e-09	-0.0174601	1.03459	0.00206262	-0.983861	-0.019488	0.00126588
63	2.51383e-09	-0.737049	-0.710352	0.000420707	0.688123	-0.710284	-0.00178431
64	2.51383e-09	0.90033	-0.515607	0.00203282	0.492729	0.846245	0.000232378
65	2.51383e-09	0.620648	0.816097	-0.000743747	-0.787071	0.600079	0.000509106
66	2.51383e-09	0.268402	1.00059	-0.000428007	-0.943098	0.263139	-0.00262862
67	2.51383e-09	-0.159788	-1.02832	-0.00116376	0.969678	-0.147266	0.000721362
68	2.51383e-09	-0.432603	0.94918	-0.00194357	-0.887679	-0.408825	0.000394858
69	2.51383e-09	-0.394671	-0.968387	0.000634159	0.906063	-0.362889	0.00306813
70	2.51383e-09	0.992895	-0.246317	-0.00351824	0.235087	0.961115	-0.00055462
71	2.51383e-09	0.946994	-0.42745	0.00493327	0.408547	0.894119	-0.00279059
72	2.51383e-09	0.726895	0.774459	-0.00134856	-0.709483	0.664061	0.0024224
73	2.51383e-09	-0.742904	0.728894	-4.28658e-05	-0.687802	-0.701593	0.00269799
74	2.51383e-09	-0.205067	-1.03886	-0.00366311	0.953743	-0.185223	-0.000864775
75	2.51383e-09	-0.0667012	1.02847	-0.00385371	-0.986136	-0.0625705	-0.00109508
76	2.51383e-09	-0.180661	-1.03517	-0.000892041	0.960003	-0.177385	0.00136528
77	2.51383e-09	0.824884	0.660787	0.00104974	-0.609122	0.757748	-0.000537822
78	2.51383e-09	0.785706	-0.673743	0.00161951	0.639642	0.751321	0.00428989
79	2.51383e-09	-0.287526	-0.993935	0.00313444	0.944941	-0.266764	0.00466095
80	2.51383e-09	0.88732	0.55371	-0.000628764	-0.516025	0.832309	-0.000201577
81	2.51383e-09	-0.0435218	-1.01147	-0.00188804	0.99536	-0.0395704	0.00239694
82	2.51383e-09	0.924481	0.506771	0.00194347	-0.46998	0.852391	0.00332002
83	2.51383e-09	-0.886892	0.516324	0.000118874	-0.490296	-0.857909	0.00171824
84	2.51383e-09	1.04196	-0.159445	-0.000673476	0.146263	0.960264	0.000499906
85	2.51383e-09	-0.504806	-0.890974	0.000472358	0.860119	-0.486292	0.00184771
86	2.51383e-09	-0.561323	0.895699	0.0019768	-0.818093	-0.522099	-0.000800387
87	2.51383e-09	-0.163513	-1.03306	0.00210994	0.965904	-0.149816	0.000587198
88	2.51383e-09	0.826388	-0.608576	-0.00239599	0.587078	0.79343	-0.000196724
89	2.51383e-09	-0.46601	-0.941721	-0.000817038	0.877739	-0.427761	0.00252917
90	2.51383e-09	0.450266	0.950605	0.00201146	-0.878553	0.420121	0.00324164
91	2.51383e-09	-0.693153	-0.750861	-0.00197236	0.722859	-0.677805	0.00243266
92	2.51383e-09	0.52572	0.908668	0.000202023	-0.844022	0.488413	-0.000271017
93	2.51383e-09	-0.0972434	1.06327	-0.00030306	-0.966689	-0.0902836	0.00220192
94	2.51383e-09	0.654977	0.7983	0.000446274	-0.760532	0.625376	9.54258e-05
95	2.51383e-09	-0.585103	0.850597	0.000374313	-0.810407	-0.556573	0.00121341
96	2.51383e-09	1.03801	0.172767	0.000149991	-0.158012	0.96646	8.59245e-05
97	2.51383e-09	0.24189	-1.01949	0.00142517	0.951548	0.224863	-0.00220357
98	2.51383e-09	0.194674	1.03239	0.00124408	-0.958898	0.177548	0.00286081
99	2.51383e-09	0.92217	-0.516502	-0.00248333	0.482909	0.84597	-0.0020422
100	2.51383e-09	1.05919	0.114363	-0.00106922	-0.1116	0.959759	0.000608204
101	2.51383e-09	0.708789	-0.753004	-0.000853208	0.714454	0.67447	0.00167392
102	2.51383e-09	0.535517	-0.882147	0.00243006	0.845413	0.503726	0.000891122
103	2.51383e-09	-0.999709	-0.314916	-0.000979093	0.291429	-0.932391	0.00204224
104	2.51383e-09	0.202601	-1.02948	0.000262722	0.953139	0.19211	0.00139815
105	2.51383e-09	0.0502163	1.0338	-0.00159368	-0.982645	0.0472404	-4.64447e-05
106	2.51383e-09	-0.24131	-1.01511	-0.00122861	0.951753	-0.223904	-0.00171069
107	2.51383e-09	-0.914023	-0.549706	0.002512	0.500828	-0.828082	-0.00149918
108	2.51383e-09	-1.04401	0.245798	-0.00105852	-0.222329	-0.937097	0.00139246
109	2.51383e-09	-0.256907	-1.02972	0.000202892	0.93944	-0.234933	0.00275414
110	2.51383e-09	-0.105532	-1.06109	0.00146583	0.958975	-0.0954526	0.00134553
111	2.51383e-09	-1.05952	-0.0819379	-0.00531332	0.0765809	-0.969336	-0.00142766
112	2.51383e-09	-0.130375	-1.05888	0.000673848	0.962983	-0.122619	0.00223896
113	2.51383e-09	0.667253	0.821791	-0.000751443	-0.753502	0.615492	-0.00199691
114	2.51383e-09	0.70856	-0.780788	0.000244477	0.719965	0.65185	0.0003788
115	2.51383e-09	-1.07349	-0.0220649	0.00270506	0.015786	-0.964254	0.00261237
116	2.51383e-09	1.04569	-0.10465	0.00272436	0.0935738	0.973197	0.0037437
117	2.51383e-09	-0.992491	0.346684	0.000750616	-0.317908	-0.921387	0.000830171
118	2.51383e-09	0.728863	-0.772032	-7.37704e-05	0.702538	0.668265	-0.000211989
119	2.51383e-09	-0.814321	-0.662439	0.00194442	0.61237	-0.759265	0.00366209
120	2.51383e-09	1.05869	-0.0298924	0.0023199	0.0241086	0.971305	0.00150946
121	2.51383e-09	0.966244	0.457268	0.00348609	-0.41077	0.874313	0.000130189
122	2.51383e-09	0.275934	1.03289	0.00241943	-0.93676	0.254204	0.00113825
123	2.51383e-09	-0.70821	-0.760644	0.00354991	0.718348	-0.668366	-0.00117581
124	2.51383e-09	-0.132526	1.07173	0.00118668	-0.955731	-0.116732	-0.00309634
125	2.51383e-09	0.820462	0.65067	-0.00121624	-0.612661	0.763878	-0.000853195
126	2.51383e-09	-0.617963	-0.857987	-0.000627496	0.788627	-0.56541	-0.00010401
127	2.51383e-09	-0.577924	0.889002	0.000548381	-0.812993	-0.531725	0.000576779
128	2.51383e-09	-0.70574	0.801328	0.00464521	-0.721655	-0.643303	0.000788256
129	2.51383e-09	-0.235653	1.02807	0.00193274	-0.952077	-0.215458	0.00187123
130	2.51383e-09	-0.905353	-0.568295	0.00466226	0.515585	-0.815155	0.000569135
131	2.51383e-09	0.238162	1.0698	-0.00157104	-0.9321	0.206682	-0.000229505
132	2.51383e-09	-0.0667346	-1.06739	0.00300758	0.966249	-0.0531766	-0.00185093
133	2.51383e-09	0.509789	-0.945171	0.000224546	0.847677	0.456347	0.00170358
134	2.51383e-09	0.810832	0.686585	-0.00105198	-0.623535	0.74072	0.000937144
135	2.51383e-09	-0.793551	0.698178	0.0029887	-0.645989	-0.727934	-0.000413986
136	2.51383e-09	-0.951387	0.530382	-0.00012168	-0.467605	-0.83715	0.00145934
137	2.51383e-09	1.04543	-0.162079	0.00198616	0.151907	0.962204	-6.64547e-05
138	2.51383e-09	0.79005	0.709858	-0.00402974	-0.653112	0.718159	0.000131625
139	2.51383e-09	0.550265	0.902574	-0.00132689	-0.83215	0.505427	-0.00340421
140	2.51383e-09	0.97251	0.485294	0.000404077	-0.433227	0.858506	-0.000424719
141	2.51383e-09	-1.05585	0.0673197	0.00124751	-0.0649634	-0.968554	-0.00157176
142	2.51383e-09	-0.449162	0.989621	-0.000418923	-0.870492	-0.391892	0.00295486
143	2.51383e-09	0.0800268	1.07563	0.00312187	-0.956831	0.0787007	-0.00111975
144	2.51383e-09	-0.940743	-0.530855	0.0016773	0.477291	-0.836802	0.00162368
145	2.51383e-09	-0.723433	-0.759224	-0.0029492	0.706926	-0.673922	0.000209444
146	2.51383e-09	0.195865	-1.08539	0.00376662	0.933618	0.17205	4.60199e-05
147	2.51383e-09	-0.140993	1.07109	0.0042397	-0.95359	-0.125136	-0.000728539
148	2.51383e-09	0.957276	-0.503935	-0.00122002	0.449793	0.851874	0.00132703
149	2.51383e-09	1.03026	0.280234	-0.00108139	-0.247928	0.93072	0.00269287
150	2.51383e-09	-0.443243	0.979126	0.000159321	-0.873239	-0.409333	-0.00206127
151	2.51383e-09	-0.554361	0.938926	-0.000822381	-0.820647	-0.489119	0.00224214
152	2.51383e-09	-0.841403	0.66434	0.000479742	-0.590199	-0.766608	-0.000245886
153	2.51383e-09	0.824259	0.698468	-0.00404908	-0.626323	0.731948	0.000436634
154	2.51383e-09	-0.756026	-0.810519	-0.0022196	0.692688	-0.64698	0.00295812
155	2.51383e-09	-1.0486	-0.260719	-0.000358413	0.229873	-0.935199	0.00107862
156	2.51383e-09	0.944581	-0.53725	0.00260542	0.481105	0.83457	-0.00104231
157	2.51383e-09	0.634954	0.85922	-0.000338947	-0.775066	0.577706	0.00139427
158	2.51383e-09	-1.08199	-0.126743	8.57181e-05	0.119939	-0.952211	-0.00298004
159	2.51383e-09	0.57615	-0.907437	-4.75142e-05	0.813054	0.516647	0.000467624
160	2.51383e-09	-0.704109	-0.807102	0.00226082	0.726781	-0.638809	-0.000948245
161	2.51383e-09	-0.189902	-1.06631	-0.00193711	0.946332	-0.169403	0.00130939
162	2.51383e-09	-0.270994	-1.04551	0.00147128	0.929327	-0.243351	0.00123377
163	2.51383e-09	-0.395473	0.996992	-1.71938e-05	-0.900185	-0.360361	-0.000747141
164	2.51383e-09	-0.23192	-1.05698	-0.00411666	0.936122	-0.205609	-0.00241697
165	2.51383e-09	-0.432189	1.01279	-0.00370769	-0.876191	-0.373126	0.0012092
166	2.51383e-09	1.02394	0.335485	-0.000222029	-0.301749	0.913423	-0.0015151
167	2.51383e-09	0.0384016	-1.05607	9.66977e-05	0.974772	0.0281166	0.00176623
168	2.51383e-09	-1.07593	-0.0794529	-0.00104806	0.0704603	-0.963621	-0.000507791
169	2.51383e-09	-0.734266	-0.808308	0.000944236	0.706708	-0.641067	0.000802776
170	2.51383e-09	-0.712096	0.830811	-0.000197295	-0.727027	-0.620198	0.00223052
171	2.51383e-09	0.514628	-0.967047	-0.000967232	0.841934	0.448636	0.000530643
172	2.51383e-09	-0.660324	-0.896631	0.00182279	0.76108	-0.564359	0.000275488
173	2.51383e-09	-0.70059	0.842605	0.00128335	-0.735227	-0.611722	0.00235034
174	2.51383e-09	-0.677532	0.86538	0.00176167	-0.749403	-0.590034	-0.00193137
175	2.51383e-09	0.790165	-0.763772	-0.00203807	0.664805	0.679559	-0.000263736
176	2.51383e-09	1.08621	0.0618662	0.00105635	-0.0561387	0.95649	0.00237608
177	2.51383e-09	0.0369985	1.11471	0.00243141	-0.945961	0.0310685	0.00240249
178	2.51383e-09	0.697334	0.836552	-0.00223837	-0.733946	0.614802	-5.41331e-05
179	2.51383e-09	-0.455611	0.993762	-0.000246732	-0.873009	-0.396216	0.00300749
180	2.51383e-09	0.958141	0.488234	0.00125933	-0.439561	0.860295	-0.0016995
181	2.51383e-09	-0.375853	-1.03989	-0.000148217	0.893542	-0.320396	0.000377854
182	2.51383e-09	1.08378	0.156763	-0.0022518	-0.137042	0.946787	-6.42453e-05
183	2.51383e-09	-0.0366309	-1.08427	0.00121142	0.961573	-0.0316309	3.63697e-05
184	2.51383e-09	0.955477	0.56402	0.00216352	-0.48315	0.817942	0.00034988
185	2.51383e-09	-0.665522	-0.857357	-0.000818645	0.755712	-0.592419	0.0023569
186	2.51383e-09	1.04561	-0.309622	0.000271528	0.270697	0.917793	0.00202708
187	2.51383e-09	0.599283	0.876925	0.00304751	-0.803118	0.549223	-0.00112855
188	2.51383e-09	0.983008	0.485624	0.00165828	-0.421252	0.860377	-0.00175475
189	2.51383e-09	0.423346	-1.00972	0.00338787	0.880283	0.368728	-0.000582248
190	2.51383e-09	1.09894	0.0249863	-0.000177002	-0.0301072	0.9552	0.000883674
191	2.51383e-09	-0.201899	-1.07141	0.00136889	0.939189	-0.179481	-0.000172232
192	2.51383e-09	1.00402	0.437953	-0.00124933	-0.384964	0.878404	-0.00152252
193	2.51383e-09	-0.865863	0.693927	-0.00380105	-0.590973	-0.74384	-0.000833407
194	2.51383e-09	1.10211	-0.177581	0.00272741	0.150648	0.935798	0.000364654
195	2.51383e-09	-0.00799075	1.07833	-0.000378075	-0.964601	-0.00649186	0.00122746
196	2.51383e-09	1.08904	0.12599	0.000334672	-0.104757	0.948893	-0.00312066
197	2.51383e-09	0.00103717	1.08806	0.00248669	-0.958394	0.00141597	0.00101696
198	2.51383e-09	1.05777	0.330203	-0.000717418	-0.283691	0.907759	0.000530332
199	2.51383e-09	-0.056823	-1.10144	-0.00440272	0.951505	-0.0460708	0.00110812
200	2.51383e-09	-1.07959	-0.277224	0.000803049	0.236998	-0.914945	2.20793e-05
201	2.51383e-09	-0.345809	-1.04139	0.000888972	0.906258	-0.300879	0.000672957
202	2.51383e-09	0.911361	0.597102	0.00189568	-0.527531	0.800554	0.000568976
203	2.51383e-09	-0.79009	0.729879	0.00307748	-0.655367	-0.709816	-0.000770877
204	2.51383e-09	0.963963	0.529444	0.00106026	-0.46651	0.833015	-0.0016512
205	2.51383e-09	0.795139	-0.810511	4.6023e-05	0.666853	0.656283	-0.000349208
206	2.51383e-09	-1.09686	0.0691493	0.000528156	-0.0572524	-0.951044	-0.00184748
207	2.51383e-09	1.11908	-0.0193026	-0.00388202	0.016158	0.94502	0.00216821
208	2.51383e-09	1.00881	0.417072	0.000904551	-0.363807	0.889124	0.00165986
209	2.51383e-09	1.10839	-0.0245144	-0.00101785	0.0158216	0.947895	0.00304049
210	2.51383e-09	0.0426768	1.10011	-0.000475637	-0.955352	0.034199	0.00130911
211	2.51383e-09	-1.0669	0.292484	-7.99762e-05	-0.250383	-0.913668	-0.00138737
212	2.51383e-09	1.12151	-0.0281606	-3.078e-05	0.0192577	0.948179	-0.00219537
213	2.51383e-09	0.726932	0.835233	0.0030858	-0.71891	0.62594	0.00194975
214	2.51383e-09	-0.866786	0.666607	-0.00251645	-0.579357	-0.762005	-0.000826284
215	2.51383e-09	0.8928	0.679367	0.000597658	-0.573044	0.751022	0.00114106
216	2.51383e-09	-0.881913	-0.658854	0.00106656	0.57371	-0.765044	0.000793279
217	2.51383e-09	0.0144278	1.11167	-0.00197643	-0.950568	0.0150124	0.000714133
218	2.51383e-09	-1.06424	-0.117066	-0.00169436	0.110641	-0.96071	0.00593595
219	2.51383e-09	0.370397	1.07117	0.0014505	-0.88937	0.307551	-0.000245649
220	2.51383e-09	-1.11829	-0.0407223	0.00322482	0.0367923	-0.943296	-0.00123334
221	2.51383e-09	0.834532	-0.697644	-0.0018128	0.614583	0.734825	0.000322394
222	2.51383e-09	0.420675	1.02659	-0.000940142	-0.878517	0.358162	-0.00115342
223	2.51383e-09	-0.0616729	-1.10643	-0.00127802	0.94983	-0.0583199	-0.00108355
224	2.51383e-09	1.02414	0.395052	0.00303132	-0.348815	0.886634	0.000206381
225	2.51383e-09	1.05145	-0.377632	-0.000566743	0.31485	0.89159	-0.00103127
226	2.51383e-09	0.979281	-0.550802	-0.000170912	0.466866	0.818526	0.00190166
227	2.51383e-09	0.446981	-1.00628	-0.000878077	0.870596	0.390047	0.000350819
228	2.51383e-09	-1.03865	0.399688	0.00115996	-0.34058	-0.885915	0.0012544
229	2.51383e-09	0.4601	1.0298	0.0045478	-0.861428	0.380931	0.00129408
230	2.51383e-09	1.11275	-0.312933	-0.00134781	0.25594	0.892409	-0.0014467
231	2.51383e-09	-0.663948	-0.918718	0.0028422	0.761211	-0.547263	-0.00375
232	2.51383e-09	0.858218	0.706183	-0.00260509	-0.599624	0.729791	-0.00109401
233	2.51383e-09	1.11213	-0.167591	0.00150485	0.14485	0.928268	-0.000756939
234	2.51383e-09	-0.404105	-1.04487	-0.00418752	0.880378	-0.339168	-0.00390681
235	2.51383e-09	-1.00168	-0.462142	0.00167088	0.401942	-0.868149	0.00248332
236	2.51383e-09	0.998044	0.510473	0.00136445	-0.434679	0.842479	0.0010749
237	2.51383e-09	-0.831569	-0.730525	-0.00349284	0.628595	-0.707964	0.000902184
238	2.51383e-09	-0.578673	-0.991077	0.00175563	0.810603	-0.466342	-0.000126456
239	2.51383e-09	-0.328809	1.05942	0.00296036	-0.904963	-0.280615	-0.000239977
240	2.51383e-09	0.675035	-0.887812	0.00185066	0.75863	0.574687	-0.00258019
241	2.51383e-09	1.07252	0.319441	-0.00185494	-0.272133	0.904206	-0.00144756
242	2.51383e-09	-0.53674	-1.02907	-0.00346006	0.820786	-0.429379	-0.000906479
243	2.51383e-09	1.11603	-0.174793	-0.00181706	0.142181	0.929877	0.00336822
244	2.51383e-09	-0.724101	-0.881192	-0.00353377	0.724118	-0.59099	-0.000151362
245	2.51383e-09	-0.521167	1.00189	0.00171449	-0.833853	-0.432873	-0.00329887
246	2.51383e-09	0.795807	-0.800265	0.00302887	0.668033	0.667164	-0.00115378
247	2.51383e-09	-0.938265	0.558886	-0.00315727	-0.491961	-0.825068	6.41868e-05
248	2.51383e-09	0.83068	-0.753102	-0.000170144	0.635478	0.699503	0.000389102
249	2.51383e-09	-0.970706	0.564185	0.00156766	-0.479857	-0.813536	0.00040424
250	2.51383e-09	0.514027	-1.01138	0.000454113	0.837443	0.424912	-0.00186538
251	2.51383e-09	-0.457282	1.02859	0.00101219	-0.859232	-0.382092	-0.00158593
252	2.51383e-09	0.952252	0.579697	7.75083e-06	-0.487967	0.810693	-0.000348218
253	2.51383e-09	-1.12785	0.112071	-0.00167435	-0.0909229	-0.933007	-0.00347025
254	2.51383e-09	-0.216407	-1.09874	0.000734397	0.930372	-0.18646	-0.000482823
255	2.51383e-09	-0.346033	1.08566	0.000494706	-0.891364	-0.286528	0.000616865
256	2.51383e-09	0.983189	-0.566122	0.00072763	0.465402	0.818746	-0.000635505
257	2.51383e-09	-1.06317	0.358994	-0.00223126	-0.300919	-0.893869	-0.00118293
258	2.51383e-09	-0.230141	-1.107	-0.00221956	0.917862	-0.195982	0.00219387
259	2.51383e-09	-1.11131	-0.204387	0.000547415	0.171475	-0.923321	-0.000234273
260	2.51383e-09	0.447146	-1.03406	-0.00102231	0.864775	0.371976	-0.00462323
261	2.51383e-09	0.0591039	1.13149	0.000380351	-0.940627	0.0450027	0.00229749
262	2.51383e-09	-0.915182	-0.646143	0.00489407	0.545248	-0.767312	0.00182912
263	2.51383e-09	0.2463	-1.12182	0.00357384	0.908185	0.202795	-0.00133105
264	2.51383e-09	0.724971	-0.853839	0.000187739	0.721596	0.609845	0.000333514
265	2.51383e-09	0.655442	0.936646	-0.00297177	-0.767221	0.536754	0.00200397
266	2.51383e-09	-0.905156	-0.687123	-5.42921e-05	0.567139	-0.745832	0.000206518
267	2.51383e-09	1.12686	0.0838163	-0.000200552	-0.0667376	0.935025	0.000678788
268	2.51383e-09	-0.118247	1.1302	0.0015108	-0.931817	-0.102748	-0.00270963
269	2.51383e-09	-1.14686	-0.109787	0.00256214	0.0887173	-0.924566	-0.00068525
270	2.51383e-09	0.455512	-1.0376	-0.00235772	0.858471	0.374279	-0.000939791
271	2.51383e-09	0.881144	-0.734706	0.00167593	0.597706	0.718832	0.000709223
272	2.51383e-09	-0.871837	-0.733125	-0.00363618	0.605735	-0.715686	0.00207076
273	2.51383e-09	1.03151	-0.493747	-0.000686236	0.400296	0.845418	-5.04756e-05
274	2.51383e-09	-0.280461	-1.09744	0.00207396	0.906513	-0.238418	-0.000142594
275	2.51383e-09	0.0163217	-1.13431	-0.00239603	0.940204	0.0152812	-0.000250057
276	2.51383e-09	-0.854317	-0.761974	0.00223798	0.62559	-0.698748	0.00163903
277	2.51383e-09	0.319805	1.10851	-0.0014621	-0.889161	0.262826	-0.00367227
278	2.51383e-09	-0.427354	1.05814	-0.00287193	-0.86968	-0.349041	-0.00231269
279	2.51383e-09	1.05954	-0.534965	0.000875484	0.407705	0.818739	-0.000440641
280	2.51383e-09	-1.16405	0.0587261	-0.00261626	-0.0483834	-0.923015	0.00152364
281	2.51383e-09	-0.293402	1.08982	0.00127109	-0.9126	-0.243084	0.000990726
282	2.51383e-09	-1.07101	0.387293	-0.00032697	-0.318743	-0.88242	0.00221572
283	2.51383e-09	0.878617	-0.723386	0.00391366	0.599729	0.718942	-0.00142484
284	2.51383e-09	-1.02342	0.514392	-0.000815033	-0.41696	-0.838051	-0.00141495
285	2.51383e-09	-0.594193	0.982684	0.00076395	-0.799533	-0.482199	0.00175754
286	2.51383e-09	0.784559	-0.829667	-0.00201383	0.678415	0.644322	0.000695726
287	2.51383e-09	-0.56978	0.986592	-0.00195337	-0.806013	-0.474551	-0.00104749
288	2.51383e-09	-0.415576	-1.0681	-0.00223281	0.872423	-0.341097	0.00103017
289	2.51383e-09	-0.408975	-1.07169	0.00339055	0.874088	-0.333203	0.00201103
290	2.51383e-09	1.10792	-0.239669	0.00178939	0.203399	0.918756	-0.00232116
291	2.51383e-09	-1.1357	-0.160321	-0.00123991	0.128532	-0.924044	-0.00121325
292	2.51383e-09	-0.701336	0.920177	0.00120187	-0.738165	-0.562474	0.0017527
293	2.51383e-09	-0.180207	1.11994	0.00027664	-0.928298	-0.141971	0.000944819
294	2.51383e-09	0.277037	-1.12685	0.0023214	0.902517	0.223944	-0.00494108
295	2.51383e-09	1.14724	-0.0773532	-0.000258487	0.0663126	0.928947	-0.00188615
296	2.51383e-09	-0.553604	1.01533	0.00435472	-0.816459	-0.444551	-0.00156966
297	2.51383e-09	-0.316072	1.08977	-0.000483626	-0.902233	-0.263422	0.000325736
298	2.51383e-09	-0.626184	0.97485	-0.0017601	-0.778429	-0.502417	-0.0004233
299	2.51383e-09	-1.04456	-0.497195	-0.00200637	0.394321	-0.845503	0.000906058
300	2.51383e-09	-0.742281	-0.896731	0.000995012	0.714649	-0.590817	0.00304163
301	2.51383e-09	-0.692471	-0.930211	8.58253e-05	0.740631	-0.561482	-0.00256657
302	2.51383e-09	-0.769994	-0.873989	0.00342501	0.69962	-0.607424	0.0022761
303	2.51383e-09	0.591199	0.997938	0.000812855	-0.798659	0.469414	-0.00061053
304	2.51383e-09	0.50774	-1.05949	-0.000777681	0.830249	0.402498	-0.00119712
305	2.51383e-09	1.05756	0.455268	-0.00265941	-0.368456	0.856373	0.00177053
306	2.51383e-09	1.1246	0.213158	-0.00141944	-0.17261	0.919089	0.00183144
307	2.51383e-09	1.05068	-0.492728	-0.00323648	0.395404	0.840416	0.000388792
308	2.51383e-09	1.17654	0.0355379	-0.00185109	-0.0276936	0.919201	-0.00177489
309	2.51383e-09	1.06571	0.38497	-0.00155128	-0.316784	0.887106	0.00223873
310	2.51383e-09	0.832087	0.805446	-0.00181046	-0.645093	0.671144	-0.00174034
311	2.51383e-09	-0.937911	-0.672975	0.00466346	0.542666	-0.757184	0.000828814
312	2.51383e-09	-1.17241	-0.107557	-9.50932e-05	0.0882813	-0.912816	0.00212141
313	2.51383e-09	-0.0384674	1.14884	-0.00389279	-0.932946	-0.0270239	0.00034666
314	2.51383e-09	-0.965893	-0.595974	-0.000419592	0.492284	-0.802552	0.00122822
315	2.51383e-09	-0.81808	0.834972	0.00309123	-0.656635	-0.648737	0.00108724
316	2.51383e-09	-0.700496	0.941161	-0.00236127	-0.736906	-0.55467	0.00030002
317	2.51383e-09	1.07376	-0.45698	0.00285379	0.360997	0.849352	0.00245971
318	2.51383e-09	0.632937	0.977575	-0.00180263	-0.777843	0.501908	0.000459141
319	2.51383e-09	0.308027	-1.12503	0.00224026	0.895059	0.242158	0.00121414
320	2.51383e-09	0.590383	1.0095	-0.00114319	-0.799941	0.469685	-0.000207535
321	2.51383e-09	0.187975	1.15158	0.000987128	-0.912351	0.150408	-0.0013676
322	2.51383e-09	-0.270926	-1.12473	0.00434978	0.903633	-0.219436	-0.000277269
323	2.51383e-09	0.967908	-0.638374	-0.00127244	0.505001	0.777645	-0.000151078
324	2.51383e-09	0.166483	-1.17592	0.000316283	0.907276	0.129303	0.00164997
325	2.51383e-09	-1.14545	0.197311	-0.00233932	-0.158062	-0.910983	0.00212124
326	2.51383e-09	-1.0774	-0.451681	-0.00653039	0.354886	-0.858293	0.00182024
327	2.51383e-09	-0.453799	-1.08303	0.000117512	0.850542	-0.357206	-0.00187406
328	2.51383e-09	-1.10059	0.266771	0.00126492	-0.218117	-0.915954	-0.00408699
329	2.51383e-09	-0.825192	-0.829926	-0.000937621	0.651219	-0.658159	0.00109162
330	2.51383e-09	1.03233	-0.524728	-0.000376673	0.418492	0.829519	0.00174759
331	2.51383e-09	0.139929	1.1462	-0.00292848	-0.922689	0.109704	-0.00102418
332	2.51383e-09	-0.134841	1.16814	-0.00295405	-0.917217	-0.108344	-0.00184967
333	2.51383e-09	-0.928799	0.717219	-0.00012796	-0.563287	-0.73116	-0.00184145
334	2.51383e-09	0.922701	0.717142	0.000509257	-0.564872	0.734008	-0.00135965
335	2.51383e-09	-1.10246	-0.426882	0.00138365	0.328925	-0.859012	0.000558341
336	2.51383e-09	0.761089	-0.892028	0.00123213	0.706946	0.597516	0.00173279
337	2.51383e-09	1.15749	-0.206319	-0.00194744	0.163923	0.910136	-0.000503832
338	2.51383e-09	-0.528413	1.03403	-0.000611983	-0.826809	-0.422309	0.000116045
339	2.51383e-09	-1.14277	0.327175	-0.000384509	-0.252717	-0.879666	0.00365061
340	2.51383e-09	-0.793728	-0.879759	-0.00268508	0.675066	-0.620759	0.000839661
341	2.51383e-09	1.17185	0.147509	-0.00113216	-0.111044	0.916069	0.000472798
342	2.51383e-09	-0.402938	1.07902	0.00119257	-0.873844	-0.32521	-0.000656886
343	2.51383e-09	0.0578655	-1.1595	-0.00048429	0.927532	0.0393544	-0.000369677
344	2.51383e-09	-0.520663	1.05705	-0.000792168	-0.825465	-0.406879	-0.00131005
345	2.51383e-09	0.0613442	1.15691	0.00324434	-0.927283	0.0478975	-0.00069857
346	2.51383e-09	-0.541252	1.04239	0.00162665	-0.821605	-0.419589	-0.00189275
347	2.51383e-09	0.554688	1.03899	-0.000347816	-0.814052	0.432732	0.000605324
348	2.51383e-09	-1.1017	-0.41031	0.00250944	0.323416	-0.864058	0.000600838
349	2.51383e-09	1.15924	0.253276	0.00106757	-0.196317	0.896568	0.000758947
350	2.51383e-09	-1.11042	-0.358265	0.000721902	0.287405	-0.879621	0.00208982
351	2.51383e-09	0.735791	0.948026	-0.00173646	-0.721811	0.557074	0.00178945
352	2.51383e-09	1.02497	0.556533	0.00045345	-0.440435	0.817576	0.00208165
353	2.51383e-09	-0.216305	1.17319	0.00384012	-0.89982	-0.171509	0.000766899
354	2.51383e-09	-1.0784	-0.478653	0.00166546	0.37473	-0.839428	0.000735498
355	2.51383e-09	0.290394	1.12532	-0.000257701	-0.897316	0.22967	-0.00163468
356	2.51383e-09	0.37293	1.13933	-0.00164045	-0.870809	0.28115	0.00130893
357	2.51383e-09	-0.980717	-0.633969	0.00200066	0.501514	-0.778642	0.000999862
358	2.51383e-09	-1.17313	0.21357	-0.00328403	-0.165399	-0.900925	1.8005e-05
359	2.51383e-09	1.14126	0.403432	0.00300017	-0.301567	0.855677	0.000765196
360	2.51383e-09	0.977652	0.651043	0.000382108	-0.517084	0.765402	4.48746e-05
361	2.51383e-09	-1.16142	0.171784	0.00195558	-0.131221	-0.914512	-0.00120138
362	2.51383e-09	-0.478592	1.07277	-0.00261636	-0.838652	-0.379646	-0.000725549
363	2.51383e-09	-1.09507	-0.480303	0.00232007	0.366753	-0.833603	0.000861336
364	2.51383e-09	0.338226	-1.11404	0.00061361	0.887854	0.266429	0.00156677
365	2.51383e-09	1.05694	-0.552414	0.000375953	0.426911	0.813982	-0.0013882
366	2.51383e-09	1.17715	-0.204539	-0.00069396	0.151809	0.901963	-0.00209571
367	2.51383e-09	-0.691924	0.941052	0.00415507	-0.748606	-0.548535	0.000872893
368	2.51383e-09	0.775247	-0.916578	-0.00228787	0.696149	0.591761	-0.000540427
369	2.51383e-09	-0.0455277	1.18066	0.00211701	-0.923503	-0.0309931	0.00119995
370	2.51383e-09	-0.998978	0.659476	0.00274473	-0.502033	-0.760291	0.00165792
371	2.51383e-09	0.101049	-1.20198	0.00043044	0.908391	0.0742192	0.0015198
372	2.51383e-09	-0.722315	0.964309	0.00301822	-0.727894	-0.543424	6.0909e-05
373	2.51383e-09	1.18466	0.0621538	0.0015196	-0.0503597	0.915061	0.000385929
374	2.51383e-09	0.956183	0.730707	-0.00259862	-0.553972	0.727474	-0.0024832
375	2.51383e-09	-0.709886	0.96166	0.0035891	-0.734476	-0.545704	0.000725827
376	2.51383e-09	0.702753	0.954879	-0.000560582	-0.742183	0.540014	-0.000293396
377	2.51383e-09	-0.930027	-0.73964	0.00148179	0.571279	-0.715522	0.000757858
378	2.51383e-09	-0.759501	-0.92286	-0.000471164	0.704581	-0.581927	-0.000228548
379	2.51383e-09	-0.973562	0.690883	0.00393523	-0.526592	-0.743699	-0.00176569
380	2.51383e-09	-0.710832	0.93413	0.0015953	-0.737539	-0.557636	9.73044e-05
381	2.51383e-09	0.545428	-1.06425	0.00211749	0.812327	0.416005	-0.00194788
382	2.51383e-09	0.107836	-1.19068	-0.000790446	0.912894	0.0859755	0.00113042
383	2.51383e-09	1.18279	0.0144825	0.000927203	-0.00803472	0.919015	0.0010293
384	2.51383e-09	-0.044372	1.19921	0.00477109	-0.914081	-0.0319198	-0.0024175
385	2.51383e-09	-1.16853	-0.114125	-0.00145769	0.0888206	-0.918742	0.00168066
386	2.51383e-09	-0.55067	-1.05572	-9.01496e-05	0.812409	-0.427172	0.00248306
387	2.51383e-09	-1.10976	-0.445898	0.00063468	0.342072	-0.848975	-0.00253477
388	2.51383e-09	0.961302	0.717785	-0.00249292	-0.549811	0.728511	9.98013e-05
389	2.51383e-09	0.553884	-1.04808	0.000113507	0.813347	0.426555	0.00399639
390	2.51383e-09	-0.350193	-1.13412	-0.00124536	0.873767	-0.273729	-0.00128777
391	2.51383e-09	-1.1924	0.218254	-0.00149014	-0.157351	-0.893149	0.00115687
392	2.51383e-09	-0.889537	0.804016	-0.00579518	-0.613697	-0.676304	0.00230256
393	2.51383e-09	0.560585	-1.06345	-0.000931695	0.811574	0.420819	-0.00165865
394	2.51383e-09	0.370377	1.14361	-0.000116006	-0.867502	0.286006	0.00155836
395	2.51383e-09	1.20461	-0.127162	-0.000115969	0.0905251	0.901006	0.000342819
396	2.51383e-09	1.20684	0.19831	0.00245485	-0.139787	0.890231	-0.000326922
397	2.51383e-09	-0.120415	1.19925	0.00249132	-0.905641	-0.0886224	0.00202525
398	2.51383e-09	-1.19992	-0.0404678	0.00134797	0.0293327	-0.912904	0.000996443
399	2.51383e-09	-1.03162	-0.601158	0.00221526	0.461681	-0.790318	-0.00141833
400	2.51383e-09	1.19768	-0.108001	0.00258291	0.087907	0.907008	0.000398715
