1.054400e+04
401
0	1	0.00048579	0.000301345	-4.43358e-07	3.3037e-08	3.85502e-08	-1.0627e-10
1	2.51383e-09	-0.0795539	1.01479	-0.00180517	-0.985973	-0.0805855	0.00224561
2	2.51383e-09	-0.0780682	0.998321	0.000591974	-0.994452	-0.0864247	0.00117883
3	2.51383e-09	-0.699153	-0.707867	-0.00233975	0.716906	-0.700451	7.948e-05
4	2.51383e-09	-0.00850271	-1.0008	0.00177898	1.00099	-0.00833078	0.00143206
5	2.51383e-09	-0.432582	0.900698	0.000841989	-0.899482	-0.434359	-0.00156631
6	2.51383e-09	-0.992753	0.188952	0.000376753	-0.18473	-0.97676	0.00326665
7	2.51383e-09	0.847499	0.533813	-0.00246634	-0.531313	0.844732	-0.00202214
8	2.51383e-09	0.131772	0.991252	0.00054515	-0.989255	0.133056	-0.000181203
9	2.51383e-09	-0.229607	0.978794	0.000923234	-0.973112	-0.228511	-5.0261e-05
10	2.51383e-09	0.747289	-0.688921	0.000525051	0.673657	0.728107	-0.00233444
11	2.51383e-09	-0.855834	-0.511518	0.00114855	0.516122	-0.85853	-0.0014539
12	2.51383e-09	0.783582	-0.647913	0.00319446	0.630069	0.76584	-0.00059229
13	2.51383e-09	-0.847691	0.537444	0.00144149	-0.535302	-0.842579	-0.000149959
14	2.51383e-09	1.01388	-0.0257285	-0.00105521	0.0244684	0.991151	-0.0031544
15	2.51383e-09	-0.945428	-0.330419	0.00192188	0.338468	-0.940088	0.00109468
16	2.51383e-09	0.3674	0.924369	0.00180527	-0.935115	0.369693	0.000836177
17	2.51383e-09	0.29571	-0.972254	-0.00182891	0.947246	0.284122	9.3853e-05
18	2.51383e-09	-0.209841	-0.988475	-0.000905491	0.97353	-0.213692	-0.000920397
19	2.51383e-09	0.544888	0.844632	-2.94316e-05	-0.840217	0.546623	0.00446632
20	2.51383e-09	-0.285054	-0.992349	-0.00156818	0.945939	-0.270324	-0.00183231
21	2.51383e-09	1.00047	-0.0366015	-0.000153216	0.0325947	0.999499	0.000888775
22	2.51383e-09	-0.188819	1.00969	0.0010569	-0.971966	-0.176986	0.00171202
23	2.51383e-09	0.347667	0.953971	-0.00177827	-0.931465	0.34218	0.00359761
24	2.51383e-09	-0.79842	0.627741	0.00148828	-0.614574	-0.775801	-0.00183085
25	2.51383e-09	-0.0767616	-1.01877	-0.00053098	0.983719	-0.0759517	-0.00106311
26	2.51383e-09	-0.911356	-0.455962	0.00030033	0.446368	-0.884142	-0.000677015
27	2.51383e-09	0.819791	-0.581175	-0.000514276	0.580806	0.810981	-0.00300414
28	2.51383e-09	-0.822059	0.588387	0.00417152	-0.57818	-0.81053	-0.000294736
29	2.51383e-09	0.545746	0.842959	0.000134939	-0.836905	0.541835	-0.00210597
30	2.51383e-09	-0.843907	-0.566319	-0.00142649	0.551283	-0.822847	0.00120021
31	2.51383e-09	-0.588806	-0.82051	-0.00236538	0.805201	-0.584238	-0.00288766
32	2.51383e-09	-0.28534	-0.96793	-0.0032656	0.954094	-0.279895	0.00261904
33	2.51383e-09	0.867182	0.575108	-0.000682503	-0.537986	0.812474	0.000470557
34	2.51383e-09	0.104571	1.03198	-0.00386212	-0.977092	0.0977726	4.92662e-05
35	2.51383e-09	0.945766	-0.373158	0.000121804	0.361326	0.922185	0.00270884
36	2.51383e-09	0.635087	-0.782896	-0.000361975	0.770813	0.636492	-0.000372289
37	2.51383e-09	-0.487466	-0.894956	-0.0004174	0.87164	-0.472049	-0.000626212
38	2.51383e-09	0.699164	-0.72995	0.00186591	0.717408	0.683969	-0.000198555
39	2.51383e-09	0.553951	-0.860876	-9.64113e-05	0.823842	0.538853	-0.000112209
40	2.51383e-09	0.0350934	1.01163	-0.00122315	-0.995953	0.0241859	0.000563979
41	2.51383e-09	-0.369499	-0.946259	-0.00284295	0.92342	-0.361416	-0.00107845
42	2.51383e-09	-0.73285	-0.716082	-0.00240504	0.692632	-0.7075	0.00257243
43	2.51383e-09	0.946266	0.375174	0.00301888	-0.367379	0.917965	-0.000269006
44	2.51383e-09	-0.897755	0.509552	-0.00162505	-0.48497	-0.85681	0.00241933
45	2.51383e-09	0.316404	0.977126	-0.00159746	-0.937925	0.30658	0.00270622
46	2.51383e-09	0.306977	0.968085	0.00017563	-0.943734	0.302542	-0.000285004
47	2.51383e-09	0.480079	0.897665	-0.000216163	-0.87482	0.467414	-0.00103239
48	2.51383e-09	-0.980545	0.316424	-0.00102461	-0.300896	-0.937377	0.000952028
49	2.51383e-09	0.0763545	-1.00231	0.00307621	0.994484	0.0777411	0.00261876
50	2.51383e-09	1.04121	0.0820713	-0.00180228	-0.0726121	0.974721	0.00114477
51	2.51383e-09	0.795385	-0.619759	0.00258175	0.612808	0.786066	-0.000311158
52	2.51383e-09	-0.179737	1.02353	0.000391952	-0.963542	-0.174739	-0.00124606
53	2.51383e-09	0.333849	0.97809	0.00145109	-0.930763	0.314885	-8.36407e-06
54	2.51383e-09	-0.0623749	-1.03386	0.00221317	0.980585	-0.0585852	-0.00246144
55	2.51383e-09	0.402716	-0.953464	0.00202088	0.906197	0.379897	0.000286787
56	2.51383e-09	-1.02278	-0.000435736	3.03947e-05	-0.00358493	-0.990562	0.000811329
57	2.51383e-09	-0.15781	-1.03746	0.00157859	0.964015	-0.144589	-0.00102958
58	2.51383e-09	-0.99022	0.326751	0.000914181	-0.309603	-0.92843	0.000770714
59	2.51383e-09	0.424761	0.935441	0.00322076	-0.90182	0.402101	0.00170135
60	2.51383e-09	-0.136269	-1.02796	-0.00205753	0.971848	-0.134832	-0.00102537
61	2.51383e-09	-0.690075	-0.768278	0.00172176	0.736557	-0.653233	-0.00224454
62	2.51383e-09	0.806859	-0.652634	-0.00104234	0.618164	0.7616	-0.000847047
63	2.51383e-09	-0.633071	-0.802913	0.00126587	0.778731	-0.610909	-0.00149788
64	2.51383e-09	-0.0638402	-1.02596	-6.48329e-05	0.98528	-0.0691691	0.00181781
65	2.51383e-09	-0.84648	0.581317	-5.60565e-05	-0.56108	-0.810482	0.000911495
66	2.51383e-09	-0.386743	-0.948368	-0.00131205	0.921283	-0.363286	0.00232134
67	2.51383e-09	1.03312	0.128951	0.000156592	-0.118954	0.974526	0.00127719
68	2.51383e-09	-0.236569	1.01783	-0.0022027	-0.950365	-0.223664	-0.000661602
69	2.51383e-09	0.733929	-0.731941	0.00265143	0.692018	0.699798	0.00245376
70	2.51383e-09	-0.361277	-0.960667	0.00219157	0.922147	-0.347285	-0.00274227
71	2.51383e-09	-0.236338	1.02232	-0.0039611	-0.948357	-0.219407	-0.00320649
72	2.51383e-09	0.0240866	1.05971	-3.0781e-05	-0.972652	0.0226683	0.0026178
73	2.51383e-09	0.956786	0.42483	-0.00146589	-0.398379	0.891731	-0.00155759
74	2.51383e-09	0.0441908	1.05627	0.00284964	-0.972075	0.0437963	0.000820273
75	2.51383e-09	1.02886	-0.149761	0.00343862	0.136031	0.971851	-0.00135971
76	2.51383e-09	-0.473877	0.932436	0.00107417	-0.870262	-0.451357	0.000380918
77	2.51383e-09	-0.0423692	1.05558	0.000429151	-0.972161	-0.0412637	-0.000775926
78	2.51383e-09	-0.521776	0.910337	0.00110283	-0.847342	-0.478956	-0.00370739
79	2.51383e-09	-0.989426	-0.313683	-0.00393199	0.297104	-0.931598	0.0042126
80	2.51383e-09	0.864601	0.585754	-0.000358367	-0.547224	0.813195	-0.00052226
81	2.51383e-09	-0.509135	-0.880829	-0.000919755	0.861282	-0.491528	-0.00104629
82	2.51383e-09	-0.0994734	-1.04895	-0.00340177	0.968897	-0.0953816	-0.00176521
83	2.51383e-09	0.397859	0.958294	-0.000833946	-0.904547	0.373596	-0.000227317
84	2.51383e-09	0.46368	0.940646	-0.00097243	-0.876714	0.430882	0.000233977
85	2.51383e-09	-0.474151	-0.908185	-0.00119606	0.874976	-0.457414	0.00130546
86	2.51383e-09	1.05469	-0.0614368	-0.00157093	0.0639777	0.969169	0.000604407
87	2.51383e-09	-0.31192	-1.00125	0.00156196	0.930761	-0.289019	0.00201077
88	2.51383e-09	0.991648	-0.273361	-0.000966	0.262995	0.951237	-0.000672687
89	2.51383e-09	0.0839555	1.05242	0.00186694	-0.967718	0.0801353	-0.00157835
90	2.51383e-09	-0.79531	0.693613	0.00352489	-0.636738	-0.732856	0.00112685
91	2.51383e-09	-0.100032	-1.02164	-0.00227201	0.981037	-0.104042	0.00358391
92	2.51383e-09	0.448741	0.952628	0.000291089	-0.881538	0.413012	0.000133782
93	2.51383e-09	-0.643998	-0.863189	0.0015651	0.768484	-0.577674	-0.000882336
94	2.51383e-09	0.612687	0.831899	0.000933772	-0.791247	0.585439	0.000995738
95	2.51383e-09	0.930979	-0.428941	-0.00149366	0.411901	0.898209	-0.00162444
96	2.51383e-09	0.106785	-1.05343	0.000121763	0.966555	0.105834	-0.00159879
97	2.51383e-09	0.810557	0.6743	0.000196886	-0.620879	0.748906	-0.00123805
98	2.51383e-09	-0.899693	0.536049	0.00239516	-0.497347	-0.841474	0.00126883
99	2.51383e-09	-1.02552	0.252055	0.000523433	-0.225185	-0.947225	0.00126078
100	2.51383e-09	-1.03129	-0.205509	0.000888803	0.18214	-0.960363	0.00016836
101	2.51383e-09	0.605933	-0.840097	-0.00254563	0.796538	0.573383	9.57694e-05
102	2.51383e-09	-0.992329	0.267132	-0.00108224	-0.252573	-0.953987	-0.00108531
103	2.51383e-09	0.814431	-0.664319	0.00187191	0.616908	0.755271	0.000398014
104	2.51383e-09	0.841932	-0.62108	0.000126203	0.572363	0.790356	0.0014245
105	2.51383e-09	-0.324467	-0.984213	0.00132308	0.931033	-0.309652	0.00087331
106	2.51383e-09	0.669636	0.794932	-0.00158822	-0.752397	0.63262	0.00131793
107	2.51383e-09	0.364501	1.00769	-0.00179998	-0.907364	0.329037	0.00240484
108	2.51383e-09	0.567039	0.901081	0.000254336	-0.819544	0.520869	-0.00114336
109	2.51383e-09	1.05132	-0.118296	0.00183236	0.101274	0.96733	0.00015964
110	2.51383e-09	0.690165	0.792563	0.000917752	-0.741989	0.638875	-0.00203022
111	2.51383e-09	-0.89285	0.580699	-0.00203539	-0.525442	-0.816514	-0.0048969
112	2.51383e-09	1.06938	-0.117254	0.00265054	0.110337	0.956254	0.000327393
113	2.51383e-09	-0.91072	-0.539616	-0.00224893	0.496757	-0.833712	0.00118285
114	2.51383e-09	1.00482	0.314591	0.00175044	-0.295527	0.927961	0.000312846
115	2.51383e-09	0.392407	-1.00297	0.00251063	0.894455	0.352396	-0.0023156
116	2.51383e-09	0.697755	-0.788697	-0.00206351	0.726433	0.650033	0.00432758
117	2.51383e-09	0.736347	-0.745736	0.000532721	0.697374	0.68522	-0.000967648
118	2.51383e-09	-1.01858	-0.304566	-0.00107403	0.273905	-0.928599	0.000580016
119	2.51383e-09	0.90886	-0.532899	0.00389268	0.491218	0.839382	-0.00226347
120	2.51383e-09	0.732447	0.758454	0.00108934	-0.704258	0.673342	0.00167333
121	2.51383e-09	-1.06576	0.0580167	-0.00158083	-0.0459569	-0.966402	-0.00265488
122	2.51383e-09	0.933149	-0.530943	-0.00330377	0.473393	0.84268	0.000797386
123	2.51383e-09	0.445575	-0.939774	0.000872941	0.887029	0.419109	-0.00346403
124	2.51383e-09	0.0456513	1.07653	0.00414243	-0.962913	0.0415882	-0.00187308
125	2.51383e-09	-0.983947	0.359531	-0.000378014	-0.340296	-0.917246	0.000977138
126	2.51383e-09	-1.02217	0.267724	0.00156308	-0.247405	-0.938824	-0.000578872
127	2.51383e-09	-0.876011	-0.591503	0.000303944	0.543577	-0.806292	-0.000280539
128	2.51383e-09	0.79737	0.720232	-0.00220015	-0.643488	0.716305	0.00371399
129	2.51383e-09	0.914972	-0.536413	-0.00351585	0.486736	0.840054	-0.000543526
130	2.51383e-09	0.11716	-1.05482	0.00378259	0.965256	0.110813	-0.00241597
131	2.51383e-09	0.988343	-0.466242	0.000943345	0.408411	0.864431	-0.000441694
132	2.51383e-09	-0.507833	-0.942734	0.00225583	0.852588	-0.451346	0.000833933
133	2.51383e-09	-0.469931	-0.961979	-0.00159234	0.865492	-0.427873	-4.16829e-05
134	2.51383e-09	-0.656053	0.832034	0.000701236	-0.759026	-0.604015	0.00151213
135	2.51383e-09	0.13265	-1.05326	-0.00157666	0.960392	0.123676	-0.0009699
136	2.51383e-09	0.875838	0.654478	-0.00111071	-0.572964	0.766325	-0.00117729
137	2.51383e-09	-0.360017	-0.991906	3.71366e-05	0.916956	-0.330766	0.00203322
138	2.51383e-09	1.06512	0.0432486	-0.00223838	-0.0436916	0.966035	-0.00291865
139	2.51383e-09	-0.228663	-1.03767	0.000822082	0.9463	-0.209216	0.003449
140	2.51383e-09	-0.619312	0.890208	-0.000361345	-0.792726	-0.544534	-0.0012376
141	2.51383e-09	-0.133313	1.05055	0.000441049	-0.966668	-0.118814	0.00123441
142	2.51383e-09	0.256226	-1.03209	0.00209267	0.945089	0.236721	-0.00239966
143	2.51383e-09	-0.471342	0.972039	0.00219852	-0.862356	-0.416414	-0.00112382
144	2.51383e-09	-0.00823502	1.08944	-0.00244798	-0.955768	-0.00835211	-0.000329412
145	2.51383e-09	1.04555	-0.0774016	0.000622398	0.0718035	0.974461	0.00130227
146	2.51383e-09	0.626055	0.894837	-0.000548036	-0.786359	0.551172	-0.00339833
147	2.51383e-09	-0.861043	-0.658986	0.00148795	0.581828	-0.762158	-0.00223234
148	2.51383e-09	-0.0523245	-1.08364	-0.00103884	0.958273	-0.0453728	0.000446303
149	2.51383e-09	0.0151685	1.06426	0.00113852	-0.966178	0.0061704	0.00201987
150	2.51383e-09	0.0122399	-1.06835	-0.00208178	0.969768	-0.000223102	8.64626e-05
151	2.51383e-09	1.01262	0.390872	-0.0010412	-0.340682	0.896793	-0.00215375
152	2.51383e-09	0.0615721	1.08644	0.000120638	-0.953165	0.0455848	0.000169397
153	2.51383e-09	-0.393585	-1.01696	0.00306325	0.888549	-0.34871	0.000392087
154	2.51383e-09	0.552477	-0.959042	0.00112983	0.822433	0.475803	0.00334449
155	2.51383e-09	0.43843	0.988702	-0.000857107	-0.88152	0.387138	-0.00168849
156	2.51383e-09	1.00195	0.44778	0.00152016	-0.381853	0.875445	-0.00223595
157	2.51383e-09	-0.964162	-0.451484	0.000655359	0.416471	-0.875581	-0.000787728
158	2.51383e-09	-0.437451	1.00759	0.00401877	-0.872094	-0.38155	0.00184437
159	2.51383e-09	1.07235	0.0175371	-0.000303565	-0.0167891	0.966005	7.60241e-05
160	2.51383e-09	-0.114475	1.06955	-0.00161046	-0.958499	-0.107707	0.00116132
161	2.51383e-09	-0.682409	-0.843139	-0.00326303	0.746631	-0.604114	-0.00101415
162	2.51383e-09	-0.968647	-0.472944	0.000118546	0.418164	-0.867584	0.00110435
163	2.51383e-09	-0.853974	-0.662701	-0.00107698	0.583695	-0.763435	-6.66299e-05
164	2.51383e-09	-0.767503	-0.763125	-0.000494895	0.674907	-0.680826	-0.00450045
165	2.51383e-09	-0.912178	-0.614669	-0.000115649	0.531921	-0.789192	0.00182632
166	2.51383e-09	-1.0533	-0.202966	-0.00189146	0.180744	-0.949228	0.00126279
167	2.51383e-09	0.481823	-0.943792	0.000518762	0.870502	0.434761	0.00257941
168	2.51383e-09	-0.984791	-0.440319	0.000159782	0.392535	-0.882974	-0.00133878
169	2.51383e-09	-0.737123	-0.803959	0.000514735	0.704152	-0.64501	0.00113481
170	2.51383e-09	0.771412	0.769744	-0.0024168	-0.677767	0.679588	-0.000887125
171	2.51383e-09	0.391694	-1.02832	-0.000527648	0.888139	0.337446	-2.14567e-07
172	2.51383e-09	0.817403	-0.763922	0.00107445	0.644488	0.688743	-0.000867287
173	2.51383e-09	0.93609	-0.585555	-0.000903072	0.503594	0.806448	-0.00271408
174	2.51383e-09	0.0803511	-1.09496	-0.00238203	0.952347	0.0681101	-0.00068194
175	2.51383e-09	0.981367	0.490709	-0.0020146	-0.425854	0.850407	0.00139903
176	2.51383e-09	-1.07483	-0.07708	0.000412124	0.068609	-0.961846	-0.00241553
177	2.51383e-09	-1.00277	0.487199	0.00381196	-0.412142	-0.852009	9.05315e-06
178	2.51383e-09	0.974277	0.486841	-0.0015741	-0.426526	0.857127	-0.00112566
179	2.51383e-09	1.08644	-0.187755	0.000258571	0.157128	0.939156	-0.00299307
180	2.51383e-09	1.02232	0.339725	0.00209461	-0.305017	0.915535	-0.000402325
181	2.51383e-09	-0.814122	0.741653	-0.000411292	-0.64354	-0.702465	0.00186795
182	2.51383e-09	-0.0229181	1.09599	-0.000759926	-0.955489	-0.0192473	0.0016991
183	2.51383e-09	0.279678	1.05579	5.56802e-05	-0.923911	0.246748	-0.00110422
184	2.51383e-09	0.728108	-0.836105	-0.000851802	0.715563	0.624465	0.00150476
185	2.51383e-09	0.388469	-1.02354	0.00108726	0.89274	0.334627	0.00277461
186	2.51383e-09	-1.08496	0.106194	0.000941969	-0.0967738	-0.953361	-0.00155985
187	2.51383e-09	-0.175168	-1.05585	-0.00269815	0.951917	-0.155671	0.001605
188	2.51383e-09	0.301039	-1.05554	-0.000609113	0.918333	0.265862	0.00302305
189	2.51383e-09	-0.958348	0.516951	-0.0032869	-0.45597	-0.843738	0.00123366
190	2.51383e-09	-0.0747019	-1.10689	0.000866449	0.942767	-0.0620975	-0.000264494
191	2.51383e-09	0.4006	-1.01571	0.00204347	0.889607	0.348732	-0.000500227
192	2.51383e-09	0.0554228	-1.1031	0.00153628	0.947871	0.0530073	0.000955598
193	2.51383e-09	-0.505842	0.987356	-0.00220887	-0.843418	-0.43694	-0.00282543
194	2.51383e-09	-0.89929	-0.667265	-0.00169494	0.561972	-0.758634	-0.000140022
195	2.51383e-09	-1.02492	-0.341299	0.000733276	0.302934	-0.912638	-0.00113442
196	2.51383e-09	0.423015	-1.00186	0.00397695	0.886713	0.37141	0.000270304
197	2.51383e-09	-0.89104	0.62946	0.00292417	-0.551655	-0.781362	-0.000350688
198	2.51383e-09	-0.766332	-0.804389	0.00147384	0.686637	-0.652411	-0.00147002
199	2.51383e-09	0.0951702	-1.09524	-0.00412315	0.951082	0.0849477	0.000111822
200	2.51383e-09	-1.11707	-0.056418	0.000983844	0.049231	-0.942003	0.000412687
201	2.51383e-09	1.05477	0.301848	0.00166168	-0.261032	0.918331	-0.00115397
202	2.51383e-09	-0.984895	-0.464248	-0.00264607	0.406231	-0.867741	-0.00139037
203	2.51383e-09	-0.247033	-1.05114	-0.000235842	0.937255	-0.223523	-0.00250518
204	2.51383e-09	0.909829	-0.633138	0.00199737	0.538377	0.778721	0.00154154
205	2.51383e-09	-0.225041	-1.11218	0.000433201	0.91666	-0.188802	0.000154713
206	2.51383e-09	-0.400984	-1.01769	-0.000623385	0.889877	-0.350034	-0.00152629
207	2.51383e-09	-0.750941	-0.825187	0.00196298	0.699318	-0.638292	-0.00343135
208	2.51383e-09	-1.08059	0.234876	0.001357	-0.201528	-0.92585	-0.00218846
209	2.51383e-09	0.865927	0.686999	-0.000972642	-0.595868	0.741686	0.00269644
210	2.51383e-09	-0.787185	-0.778956	0.00135151	0.664127	-0.678001	7.08719e-07
211	2.51383e-09	1.01863	0.400533	0.000188985	-0.348756	0.893192	0.00190729
212	2.51383e-09	0.709123	0.868153	-0.00109345	-0.732459	0.60314	-0.00167898
213	2.51383e-09	0.588998	0.934435	0.00176276	-0.807105	0.509755	0.00210176
214	2.51383e-09	-0.0508424	-1.09106	-0.000581232	0.958385	-0.0463534	0.00191794
215	2.51383e-09	0.373148	1.05546	0.0011599	-0.892601	0.314212	0.00172562
216	2.51383e-09	-1.06592	0.303018	0.000572877	-0.256468	-0.917264	0.000537091
217	2.51383e-09	0.65887	-0.906599	0.00137588	0.76099	0.557915	-0.00178486
218	2.51383e-09	0.963236	-0.474318	0.00558016	0.430882	0.864095	-0.00322429
219	2.51383e-09	1.09017	-0.321127	-0.000162549	0.262658	0.901292	0.00108536
220	2.51383e-09	0.82229	0.756848	-0.00266501	-0.638563	0.698647	0.00192334
221	2.51383e-09	0.743651	-0.799669	-0.00097521	0.701004	0.649061	-0.000951712
222	2.51383e-09	-0.724435	-0.834991	-0.00036161	0.718972	-0.623832	0.00187916
223	2.51383e-09	-0.247893	-1.07736	0.000305681	0.92795	-0.217552	-0.00194701
224	2.51383e-09	0.990816	-0.48096	-0.000113531	0.415429	0.854431	0.00170932
225	2.51383e-09	0.12353	1.10465	7.69788e-05	-0.944692	0.105547	-0.000353702
226	2.51383e-09	0.318419	-1.06792	-0.00243585	0.911199	0.266709	0.000738042
227	2.51383e-09	0.618072	-0.911518	-0.000327198	0.789735	0.536031	4.02617e-05
228	2.51383e-09	0.844873	0.734551	-0.0011402	-0.622316	0.712185	-0.00110305
229	2.51383e-09	1.0636	-0.388957	3.12767e-05	0.323157	0.880638	0.00324471
230	2.51383e-09	-1.02654	-0.491841	0.00198222	0.407609	-0.846318	0.0016421
231	2.51383e-09	-0.943415	-0.626517	0.00511552	0.520863	-0.779742	-0.000822672
232	2.51383e-09	1.07128	-0.279742	0.000516541	0.247282	0.916023	-0.00251482
233	2.51383e-09	-0.31016	1.06871	-0.00171304	-0.908338	-0.272877	-0.00197284
234	2.51383e-09	-1.1063	0.182418	0.00456732	-0.155721	-0.930986	-0.00260593
235	2.51383e-09	1.10193	-0.221902	0.000663796	0.192405	0.920166	-0.00224162
236	2.51383e-09	1.02533	-0.469663	-0.00104797	0.387761	0.85941	0.000727684
237	2.51383e-09	0.700391	0.837035	0.00363158	-0.73392	0.620204	-0.000375189
238	2.51383e-09	1.09561	0.352833	-0.00203464	-0.278863	0.890119	-0.00145598
239	2.51383e-09	-0.823324	0.74212	0.00389229	-0.6335	-0.704444	-0.00039245
240	2.51383e-09	-1.08818	-0.307768	0.00060015	0.264161	-0.900555	0.00229412
241	2.51383e-09	-0.906884	0.636229	-0.00171851	-0.546545	-0.780842	0.00170991
242	2.51383e-09	-1.10858	-0.329142	-7.72285e-05	0.262352	-0.891343	-0.00300513
243	2.51383e-09	0.395828	-1.06094	-0.00442519	0.878309	0.328978	-0.000192402
244	2.51383e-09	-1.10131	-0.299432	-0.00128661	0.245874	-0.901451	-0.00205179
245	2.51383e-09	0.838881	-0.746128	-0.00356965	0.628168	0.706168	0.00325034
246	2.51383e-09	-1.08511	0.355545	-0.00276621	-0.288977	-0.886398	0.00107455
247	2.51383e-09	0.864844	0.684395	0.00196395	-0.596281	0.741985	-0.00222206
248	2.51383e-09	0.341731	1.07155	0.000928116	-0.898045	0.288349	0.000259372
249	2.51383e-09	-1.08858	-0.251481	0.00149261	0.212802	-0.920802	0.000111846
250	2.51383e-09	-0.505795	1.01537	-0.00119331	-0.839515	-0.420347	0.0012944
251	2.51383e-09	-0.142076	1.11507	0.00152355	-0.933951	-0.119073	-0.000324436
252	2.51383e-09	-1.0937	0.233017	-0.000569975	-0.19498	-0.924234	-0.00142824
253	2.51383e-09	-0.818725	-0.78115	-0.00335053	0.650878	-0.67764	-0.00314888
254	2.51383e-09	0.121735	-1.1144	0.00120575	0.942669	0.0979162	4.9477e-05
255	2.51383e-09	0.314626	1.09405	0.000188009	-0.901624	0.257325	-0.000859106
256	2.51383e-09	0.084792	1.13757	-0.000340567	-0.934376	0.0761985	-0.00072448
257	2.51383e-09	-1.05029	0.394544	-0.000977498	-0.330969	-0.882559	-0.00283133
258	2.51383e-09	-0.925593	0.62809	0.000489051	-0.533365	-0.784282	-0.00145152
259	2.51383e-09	-0.894932	0.691609	-7.03503e-05	-0.574336	-0.742918	0.000485999
260	2.51383e-09	-0.889682	0.685721	0.000650753	-0.576544	-0.748863	0.00392561
261	2.51383e-09	0.955702	0.618433	-0.000649809	-0.512538	0.78459	0.000936934
262	2.51383e-09	-0.485651	-1.00453	0.0049201	0.852115	-0.407455	0.00171814
263	2.51383e-09	0.908804	0.679178	-0.00191185	-0.566122	0.753195	-0.00292371
264	2.51383e-09	-0.8398	-0.733946	4.51642e-05	0.624624	-0.712391	0.00109544
265	2.51383e-09	0.325206	-1.09804	0.000804619	0.895421	0.266414	-0.00316288
266	2.51383e-09	0.538233	0.996099	0.000860677	-0.827238	0.447952	-0.00022733
267	2.51383e-09	1.03881	0.450276	0.001542	-0.373084	0.858208	0.000858384
268	2.51383e-09	-0.495507	-1.01507	-0.00351743	0.844503	-0.417209	0.00101035
269	2.51383e-09	-0.459969	1.05065	-0.00136397	-0.856492	-0.3716	0.00319721
270	2.51383e-09	-0.979193	0.547925	0.00224029	-0.463302	-0.824553	0.000807857
271	2.51383e-09	0.598453	-0.973685	0.00122991	0.795923	0.490879	0.000444191
272	2.51383e-09	0.936924	-0.649188	0.00255397	0.536236	0.769113	0.00302615
273	2.51383e-09	-0.264663	1.11185	-0.00166715	-0.910152	-0.215136	0.00261825
274	2.51383e-09	-0.337416	1.06607	-0.000946792	-0.903931	-0.288004	0.000760161
275	2.51383e-09	-0.625857	-0.949921	-0.000733868	0.784592	-0.513024	-0.00212084
276	2.51383e-09	1.15098	-0.0523335	0.00223674	0.0501163	0.929896	-0.00137003
277	2.51383e-09	-0.950769	-0.628602	-0.00403221	0.525026	-0.776153	0.00269816
278	2.51383e-09	0.839384	-0.779755	0.00173846	0.634525	0.686022	0.000926328
279	2.51383e-09	1.03537	0.561894	0.000628053	-0.446907	0.80706	-0.000598558
280	2.51383e-09	0.631768	-0.975045	0.00169454	0.779027	0.502841	-0.000843771
281	2.51383e-09	1.13427	-0.0399718	-0.00207226	0.0275819	0.939263	0.000159089
282	2.51383e-09	0.742153	-0.873918	0.00264329	0.712834	0.602023	-0.000996337
283	2.51383e-09	-1.08163	-0.325426	-0.000969085	0.271943	-0.903776	0.0023191
284	2.51383e-09	-1.14177	-0.0863109	-0.00111728	0.0728507	-0.93268	-0.00156619
285	2.51383e-09	-0.889994	0.727473	0.000392094	-0.590173	-0.721489	0.00152111
286	2.51383e-09	0.761067	0.845686	-0.00136847	-0.697953	0.628309	0.00169706
287	2.51383e-09	0.23264	-1.10505	0.000298297	0.923577	0.189337	0.00206793
288	2.51383e-09	-0.0881948	1.15965	0.0012904	-0.921801	-0.0711411	0.000190773
289	2.51383e-09	0.697167	0.930095	-0.00182096	-0.740183	0.553195	-0.0023834
290	2.51383e-09	0.16553	-1.11875	0.00311281	0.93255	0.139542	0.00121954
291	2.51383e-09	-1.03439	0.49395	0.000677649	-0.403661	-0.842848	-0.00123481
292	2.51383e-09	0.15005	-1.13864	0.00061849	0.926111	0.123705	-0.00182896
293	2.51383e-09	1.1151	-0.184693	-0.00134818	0.152079	0.931404	-0.000444956
294	2.51383e-09	-1.14974	-0.20561	0.00486378	0.165952	-0.908983	0.00359902
295	2.51383e-09	0.18587	1.14045	-0.000825507	-0.917753	0.144176	-0.000116532
296	2.51383e-09	1.12806	-0.247169	-0.00347225	0.19809	0.909187	0.00318376
297	2.51383e-09	0.204141	1.12321	0.00157491	-0.921404	0.164067	0.000294956
298	2.51383e-09	-0.264037	-1.11403	7.41801e-05	0.911595	-0.214574	0.00238946
299	2.51383e-09	-1.15479	0.0221359	-0.0019758	-0.0208385	-0.934688	-0.000561363
300	2.51383e-09	-1.16598	-0.0176972	-0.00245061	0.0117588	-0.926185	0.000249954
301	2.51383e-09	0.873986	0.770343	-0.00189244	-0.618107	0.689707	0.00117298
302	2.51383e-09	-1.16678	0.0912798	-0.0021736	-0.0658489	-0.920294	0.00387916
303	2.51383e-09	0.0451733	-1.14938	-0.00036618	0.933385	0.031601	0.000917871
304	2.51383e-09	-1.1503	0.23558	0.000805717	-0.186657	-0.902648	0.00111709
305	2.51383e-09	-0.870382	0.752451	0.00218842	-0.610208	-0.705314	0.00177792
306	2.51383e-09	-0.904229	-0.699527	0.00123675	0.573417	-0.738488	-0.000189341
307	2.51383e-09	-0.221145	1.14242	0.00108666	-0.909413	-0.17712	0.00246228
308	2.51383e-09	0.196308	1.15382	-0.00227694	-0.911652	0.149738	0.000124611
309	2.51383e-09	0.998773	-0.532888	-0.00304423	0.444252	0.831185	-8.89429e-06
310	2.51383e-09	-1.15315	0.179412	-0.00128558	-0.141768	-0.912175	0.00201509
311	2.51383e-09	0.982278	-0.621511	0.00465651	0.493196	0.786001	-0.000673834
312	2.51383e-09	-1.14359	0.282508	-0.00155167	-0.217987	-0.890216	0.00146854
313	2.51383e-09	-1.05978	0.460198	-0.00114664	-0.373448	-0.850132	0.00109437
314	2.51383e-09	0.616686	0.970981	0.000247379	-0.786631	0.497536	-0.000999215
315	2.51383e-09	0.979798	0.636542	-0.00286602	-0.499753	0.777504	0.0013937
316	2.51383e-09	0.555967	-1.03009	0.00233379	0.81631	0.436044	0.000876073
317	2.51383e-09	1.08104	0.428204	0.00310029	-0.345449	0.859262	0.00128912
318	2.51383e-09	-1.14671	0.142579	0.000665492	-0.114458	-0.924753	0.00177339
319	2.51383e-09	1.16927	-0.0361738	0.00254587	0.031358	0.924207	-0.000745417
320	2.51383e-09	0.585633	1.02036	-0.000147629	-0.800764	0.460446	-0.000804209
321	2.51383e-09	1.04209	-0.518839	5.67459e-05	0.414821	0.829722	0.000922879
322	2.51383e-09	-1.02769	-0.525653	0.00290889	0.422122	-0.82958	0.00294685
323	2.51383e-09	-0.0355919	-1.16371	-0.000188981	0.923083	-0.0274637	-0.00127227
324	2.51383e-09	0.0312532	1.17436	0.00131721	-0.924131	0.0242818	-0.00133742
325	2.51383e-09	-0.433611	1.07618	-0.00238141	-0.862207	-0.341867	-0.00147538
326	2.51383e-09	-0.275797	-1.14477	-0.00339296	0.89408	-0.22524	0.00458356
327	2.51383e-09	-1.13523	0.308265	0.00245793	-0.240402	-0.889986	0.00110003
328	2.51383e-09	0.186097	1.12488	0.00467643	-0.923739	0.148954	0.00168997
329	2.51383e-09	-1.13434	0.264746	-0.00115449	-0.212684	-0.905928	-0.000538843
330	2.51383e-09	0.0875362	-1.15842	-0.00205787	0.923622	0.0719984	-0.000325241
331	2.51383e-09	-0.530366	1.01967	-0.00313488	-0.825063	-0.434561	-0.000709136
332	2.51383e-09	-0.905332	0.74621	-0.00253778	-0.588184	-0.714647	-0.000983741
333	2.51383e-09	1.16432	0.169226	0.000902957	-0.131706	0.912258	0.000931113
334	2.51383e-09	-1.16482	-0.184661	-0.0014714	0.146635	-0.906716	-0.000419085
335	2.51383e-09	0.432939	1.09864	-0.00120691	-0.858421	0.334609	-2.42607e-05
336	2.51383e-09	-0.368106	-1.11057	-0.00197226	0.879127	-0.29139	0.00149376
337	2.51383e-09	-0.99904	0.644392	0.000327093	-0.496241	-0.76752	0.00139795
338	2.51383e-09	-0.140743	-1.15285	0.000427124	0.920793	-0.113098	-0.000394766
339	2.51383e-09	0.760468	0.904979	-0.00365696	-0.703208	0.594897	-0.00231802
340	2.51383e-09	1.11603	-0.411165	0.000867397	0.312107	0.858821	0.00206421
341	2.51383e-09	1.03055	-0.577221	-0.00129616	0.45092	0.805093	0.000525388
342	2.51383e-09	0.848906	0.792218	0.00180653	-0.634555	0.675612	-0.00157536
343	2.51383e-09	0.130529	1.15625	-0.000344046	-0.92168	0.0994136	0.00142311
344	2.51383e-09	-0.110837	1.17093	0.00151881	-0.918537	-0.0874052	0.00101485
345	2.51383e-09	-0.637947	0.971578	0.00362019	-0.773336	-0.511017	-0.00113513
346	2.51383e-09	0.892153	-0.754457	-0.00203675	0.594637	0.711191	0.00147883
347	2.51383e-09	-0.250595	1.15073	0.000820049	-0.900955	-0.199047	-0.00017408
348	2.51383e-09	-0.644301	0.98145	-0.00140316	-0.769142	-0.508739	0.0012218
349	2.51383e-09	0.666646	0.95952	-0.00205408	-0.765067	0.52541	0.00173683
350	2.51383e-09	-1.13791	0.266389	-0.00156413	-0.208873	-0.899477	0.00176142
351	2.51383e-09	1.13203	0.402558	-0.00299438	-0.306522	0.857788	-0.00177455
352	2.51383e-09	-0.942125	0.70508	0.00233077	-0.551049	-0.735711	-0.000342965
353	2.51383e-09	0.780095	-0.909511	-0.00418503	0.695439	0.589808	0.00029293
354	2.51383e-09	-1.17016	-0.172969	0.000428106	0.1339	-0.90717	0.00126513
355	2.51383e-09	-0.395812	-1.08135	-0.000902029	0.874055	-0.321275	-0.000908728
356	2.51383e-09	-1.15415	-0.315118	0.00231559	0.237407	-0.884024	0.000773686
357	2.51383e-09	0.725855	-0.91512	0.00334752	0.727265	0.573373	-0.00100655
358	2.51383e-09	0.87319	0.816369	0.00320324	-0.625906	0.667529	-0.00150502
359	2.51383e-09	-0.645458	-1.01083	-0.00303117	0.770295	-0.493282	0.000145133
360	2.51383e-09	1.1783	-0.0140124	0.000330953	0.00651758	0.920829	0.000467461
361	2.51383e-09	-0.660055	-0.971247	0.00130116	0.765568	-0.518025	-0.0007911
362	2.51383e-09	-0.946114	0.689368	-0.00231262	-0.538137	-0.750135	-0.000563077
363	2.51383e-09	0.679788	0.96409	-0.000967338	-0.750009	0.536178	-0.00082902
364	2.51383e-09	-1.15809	0.0653241	-0.000859909	-0.0497437	-0.928266	-0.00055328
365	2.51383e-09	0.855446	0.839783	-0.00136243	-0.635777	0.656628	-0.000755614
366	2.51383e-09	-1.19102	-0.0812394	0.000472742	0.0572077	-0.912961	0.00198283
367	2.51383e-09	-1.17423	0.163465	0.00017891	-0.127933	-0.908369	-0.00110478
368	2.51383e-09	0.938567	0.742885	-0.00099187	-0.565361	0.720896	0.00121336
369	2.51383e-09	-1.19019	0.0623248	0.0026944	-0.0550277	-0.913204	-0.00093873
370	2.51383e-09	-0.25129	-1.16652	0.00179439	0.89506	-0.188323	-0.0023323
371	2.51383e-09	0.973172	-0.719239	0.00127692	0.544208	0.728491	0.00127648
372	2.51383e-09	-1.11417	0.462873	0.00316384	-0.348083	-0.838004	0.000170593
373	2.51383e-09	-1.10984	0.406666	-0.000417897	-0.315837	-0.864505	-0.000373704
374	2.51383e-09	0.488848	1.10154	-0.00347616	-0.832986	0.37343	-0.00164695
375	2.51383e-09	1.07194	0.531703	-0.00309688	-0.404825	0.81921	0.00133325
376	2.51383e-09	-0.833221	-0.832763	0.000412926	0.650373	-0.653813	-1.93576e-06
377	2.51383e-09	-0.100021	-1.19038	0.00255054	0.910082	-0.0742054	-0.000514706
378	2.51383e-09	-0.647847	0.998941	0.000860921	-0.770376	-0.500585	0.000744825
379	2.51383e-09	1.1673	0.15472	-0.00217692	-0.11527	0.917289	0.00283008
380	2.51383e-09	-1.07606	0.471976	0.000457646	-0.374154	-0.844449	-0.000100776
381	2.51383e-09	1.0811	0.495315	-0.000443727	-0.38438	0.833537	-0.00165866
382	2.51383e-09	0.960638	0.719425	0.00135541	-0.543765	0.733995	-1.98714e-05
383	2.51383e-09	0.902787	0.766137	0.000452062	-0.592554	0.700216	0.000368571
384	2.51383e-09	0.504103	-1.09738	-0.00416492	0.82473	0.381567	0.0034159
385	2.51383e-09	-0.23166	1.15055	-0.00109332	-0.905837	-0.182547	-0.00137439
386	2.51383e-09	-0.897301	0.787382	-0.00220134	-0.600604	-0.691049	-0.00141227
387	2.51383e-09	-0.0183961	-1.19731	-0.00310447	0.914241	-0.0149004	-0.0023931
388	2.51383e-09	0.36254	1.14244	0.000587256	-0.874474	0.26905	-0.000112364
389	2.51383e-09	-1.12607	-0.358946	-0.00421567	0.280116	-0.876852	-0.00173211
390	2.51383e-09	0.253321	1.15056	0.000149321	-0.902991	0.195737	0.00177513
391	2.51383e-09	-1.15683	-0.349377	-0.000781238	0.269141	-0.86902	0.00150579
392	2.51383e-09	-1.13566	-0.398377	-0.00149657	0.300292	-0.859407	0.00453525
393	2.51383e-09	1.21164	-0.127598	-0.00203123	0.10089	0.898106	-0.000238996
394	2.51383e-09	-0.75663	-0.938149	0.000319312	0.710155	-0.568348	-0.0009661
395	2.51383e-09	0.368942	-1.13743	0.000745054	0.869807	0.279033	-0.00130068
396	2.51383e-09	-1.19636	0.174319	-0.000606504	-0.123049	-0.902376	-0.000556668
397	2.51383e-09	-0.417936	-1.12749	-0.000223768	0.855834	-0.314215	-0.00269809
398	2.51383e-09	0.99423	-0.681651	0.000261421	0.513368	0.750463	-0.000865872
399	2.51383e-09	-0.403566	1.12553	0.00101661	-0.860661	-0.308968	0.00203428
400	2.51383e-09	0.721178	0.968705	0.00215215	-0.726896	0.543266	-0.000824084
