5.501001e+03
401
0	1	0.00025418	0.000157645	-2.32146e-07	7.62233e-08	-2.55795e-08	8.33817e-11
1	2.51383e-09	0.928572	0.377764	-0.000273641	-0.375195	0.924472	0.00072676
2	2.51383e-09	0.963012	-0.302516	-0.000474826	0.300872	0.948036	0.00144293
3	2.51383e-09	0.014542	0.997077	0.000243961	-1.00096	0.0150755	0.00134384
4	2.51383e-09	-0.605781	0.798963	0.00119801	-0.794964	-0.604452	-0.000270312
5	2.51383e-09	-0.73175	0.684656	0.00144562	-0.681739	-0.729995	2.66994e-05
6	2.51383e-09	-0.979674	-0.246092	-0.000957667	0.241287	-0.965578	-0.0011256
7	2.51383e-09	0.331323	0.945602	0.00136309	-0.944441	0.328596	0.000352012
8	2.51383e-09	0.933185	-0.359696	0.00083865	0.363873	0.9318	-0.000842348
9	2.51383e-09	-0.985591	-0.19712	0.000196858	0.194943	-0.976234	0.00134078
10	2.51383e-09	0.547778	-0.837709	-0.000602822	0.83977	0.54213	-0.000247573
11	2.51383e-09	0.0793113	0.994894	-0.000880569	-0.997962	0.0810654	-0.00140887
12	2.51383e-09	0.682349	0.742389	-0.00130429	-0.734649	0.673437	-0.000250478
13	2.51383e-09	-0.174221	-0.991444	-0.000353649	0.980998	-0.173698	0.00195202
14	2.51383e-09	-0.633075	0.791565	-0.000517352	-0.772374	-0.621561	-0.00243787
15	2.51383e-09	0.903566	0.438246	-0.000531246	-0.428429	0.899881	0.00128456
16	2.51383e-09	0.936113	0.345412	-0.00154089	-0.349625	0.939601	-0.000999064
17	2.51383e-09	0.778924	-0.647243	0.00129344	0.634659	0.762518	-0.00123826
18	2.51383e-09	0.969941	0.334836	0.00052026	-0.322521	0.930974	-7.81391e-05
19	2.51383e-09	-0.697489	-0.745921	-0.00184041	0.719734	-0.673423	0.00150142
20	2.51383e-09	-0.898011	0.496284	-0.00180906	-0.478314	-0.86311	-0.00265463
21	2.51383e-09	0.270017	0.965793	-0.00118282	-0.962597	0.273813	-0.00217782
22	2.51383e-09	0.193149	0.9965	0.00263076	-0.973691	0.187309	-0.000435553
23	2.51383e-09	1.00178	0.189333	0.00224319	-0.17742	0.973766	0.0022632
24	2.51383e-09	0.436849	0.908879	-0.000725344	-0.897955	0.437138	-0.00106563
25	2.51383e-09	0.684348	0.755254	0.0015982	-0.734982	0.66528	0.00029333
26	2.51383e-09	-0.627933	0.806193	-0.00232159	-0.781031	-0.604939	0.00148839
27	2.51383e-09	-0.344739	-0.949403	-0.000444443	0.932766	-0.341624	-0.00260148
28	2.51383e-09	0.938389	0.402416	0.000722535	-0.389785	0.906055	-0.00114781
29	2.51383e-09	-0.00465415	1.01182	-0.000858371	-0.993654	-0.00603834	0.00104134
30	2.51383e-09	0.726802	0.706239	0.00118081	-0.693825	0.710947	0.000557223
31	2.51383e-09	-0.78626	-0.634705	-0.000151122	0.627017	-0.771713	0.00268249
32	2.51383e-09	-0.716549	-0.708776	0.000510153	0.699592	-0.707834	-0.00154343
33	2.51383e-09	1.02151	-0.142457	-0.000708867	0.140456	0.973182	-0.000381229
34	2.51383e-09	-0.454123	0.925378	0.0016625	-0.882578	-0.435404	0.000346603
35	2.51383e-09	0.553105	0.856207	-0.00236039	-0.832549	0.537651	-0.00119664
36	2.51383e-09	-0.587402	-0.831053	0.00230372	0.810207	-0.570975	0.000417703
37	2.51383e-09	0.885355	0.498833	0.00394528	-0.48721	0.866117	-0.000181346
38	2.51383e-09	-0.72159	0.696173	0.00256284	-0.693536	-0.720215	-0.000756284
39	2.51383e-09	0.00623599	-1.01832	1.38307e-05	0.989352	0.00391189	-0.00241466
40	2.51383e-09	-0.0253005	-1.01681	-4.95692e-05	0.990195	-0.0302177	-0.00177118
41	2.51383e-09	0.0246449	1.00915	-0.00229004	-0.99666	0.0240862	-0.00111308
42	2.51383e-09	-1.02155	-0.0227392	-0.000929401	0.0221939	-0.990844	-0.000212982
43	2.51383e-09	-0.979768	0.235471	0.00274217	-0.234882	-0.970398	0.00104074
44	2.51383e-09	0.904498	0.500939	-0.00125483	-0.471478	0.86395	0.00106601
45	2.51383e-09	-1.02418	0.145055	0.00134941	-0.136888	-0.972419	-0.00130922
46	2.51383e-09	-0.0253078	1.02323	-0.000304126	-0.987225	-0.0229733	0.000767223
47	2.51383e-09	0.428787	0.918791	9.46104e-05	-0.901257	0.420094	0.00172563
48	2.51383e-09	1.0197	0.059733	-0.000757098	-0.0531542	0.990031	0.000531255
49	2.51383e-09	0.0476661	-1.0096	0.00058319	0.994601	0.0460622	-0.00179237
50	2.51383e-09	0.940696	0.408228	0.000931357	-0.394921	0.907555	0.00180815
51	2.51383e-09	-0.90859	-0.45891	0.000592944	0.450856	-0.881886	0.000904022
52	2.51383e-09	-0.734065	-0.719798	0.000716001	0.692182	-0.701301	-0.000594245
53	2.51383e-09	0.948339	-0.391364	0.00137086	0.37592	0.911503	0.000961133
54	2.51383e-09	0.0225937	-1.0194	-0.000988396	0.990743	0.0177939	-0.00130745
55	2.51383e-09	0.826973	-0.623235	-0.000181	0.587964	0.785612	0.00115249
56	2.51383e-09	0.214985	-1.00625	0.000754549	0.964279	0.205239	0.00275902
57	2.51383e-09	-0.733674	0.740684	-0.00080487	-0.699379	-0.687505	-0.00292999
58	2.51383e-09	-0.754043	-0.713343	-0.000168338	0.676454	-0.712218	0.00122004
59	2.51383e-09	1.00924	-0.197042	0.000769436	0.181407	0.969275	-0.00303414
60	2.51383e-09	0.924374	0.434498	0.000245591	-0.419549	0.895812	0.00084316
61	2.51383e-09	0.43874	0.942266	0.000915482	-0.887366	0.416733	-0.00346734
62	2.51383e-09	0.980454	0.336165	0.000480618	-0.318235	0.92782	-0.000610345
63	2.51383e-09	-0.91701	-0.448569	0.000739369	0.435507	-0.892161	0.000616477
64	2.51383e-09	0.968823	0.361714	-0.00144602	-0.345099	0.917885	-0.00109023
65	2.51383e-09	-0.708689	-0.751246	0.00160394	0.716682	-0.673144	0.00182608
66	2.51383e-09	0.525078	0.87545	-0.00303552	-0.847564	0.516758	0.000780001
67	2.51383e-09	-1.03674	0.112859	0.000396413	-0.110778	-0.97239	0.000620262
68	2.51383e-09	-1.02935	0.0449501	0.00108298	-0.0448968	-0.983645	-0.00159645
69	2.51383e-09	-0.157203	1.02874	-0.0015422	-0.968241	-0.145085	0.00283569
70	2.51383e-09	0.832835	0.608993	0.0021609	-0.579432	0.796088	0.000653566
71	2.51383e-09	0.316581	0.994303	0.000741751	-0.92958	0.295867	0.00164927
72	2.51383e-09	-0.847895	-0.628439	4.8705e-05	0.577183	-0.78158	-0.00123498
73	2.51383e-09	0.547979	-0.883101	-0.00120169	0.833298	0.515728	-0.000567502
74	2.51383e-09	0.116084	-1.04468	-0.000639311	0.968629	0.110794	-0.000827945
75	2.51383e-09	0.235947	1.01392	-8.94148e-06	-0.956024	0.219856	-0.000756607
76	2.51383e-09	0.42771	-0.953356	-0.000965255	0.895917	0.398631	0.00249232
77	2.51383e-09	0.973941	-0.411523	0.00187937	0.381285	0.895405	-0.000105833
78	2.51383e-09	-0.603238	-0.853218	-3.23129e-05	0.801959	-0.558447	0.000758857
79	2.51383e-09	-0.850095	0.588738	0.00279531	-0.56422	-0.805195	-0.000848045
80	2.51383e-09	0.914994	0.515382	0.00165018	-0.477823	0.850321	-0.000658371
81	2.51383e-09	0.226626	-1.01386	0.00120759	0.957711	0.213182	0.00299058
82	2.51383e-09	1.0113	0.302006	-0.000522394	-0.281955	0.929703	0.000592736
83	2.51383e-09	0.849933	-0.611459	0.000419626	0.570655	0.791076	-0.0020845
84	2.51383e-09	1.02986	0.188945	0.00140675	-0.176121	0.961221	-0.00055036
85	2.51383e-09	0.278873	0.985562	-0.00207175	-0.953151	0.265418	0.000335648
86	2.51383e-09	0.921665	-0.48983	-0.0016245	0.46078	0.863491	0.0015667
87	2.51383e-09	-0.384716	0.968231	0.000497121	-0.912073	-0.35856	0.000725563
88	2.51383e-09	-0.71203	0.750868	-0.000962627	-0.714557	-0.674364	-0.00235798
89	2.51383e-09	-0.147934	1.04728	-0.000818845	-0.961241	-0.134743	-0.00043116
90	2.51383e-09	0.984456	0.371144	0.00342916	-0.339836	0.912093	-0.00216996
91	2.51383e-09	-0.0857114	1.03513	-0.00262524	-0.975748	-0.0823368	0.00129844
92	2.51383e-09	0.965225	0.414864	0.000540843	-0.388197	0.89437	-0.00105356
93	2.51383e-09	-0.985694	0.35804	0.000840918	-0.336036	-0.916925	-0.000971949
94	2.51383e-09	-0.0920696	-1.04651	-0.00212263	0.969536	-0.0829198	-0.000312644
95	2.51383e-09	0.231962	1.01051	-0.00167714	-0.958282	0.215686	0.00187235
96	2.51383e-09	0.881013	-0.581011	-0.00139422	0.534208	0.812663	-0.000397374
97	2.51383e-09	0.942073	-0.469024	-0.00113404	0.438925	0.870399	-0.00269212
98	2.51383e-09	-0.866411	0.620016	0.000109942	-0.559933	-0.787895	-0.00251555
99	2.51383e-09	0.58955	0.897842	-0.00134856	-0.804171	0.529022	-0.000864997
100	2.51383e-09	-0.897373	0.55212	-0.000442049	-0.515801	-0.827814	0.00296644
101	2.51383e-09	-0.995459	0.309726	0.000527336	-0.291442	-0.932708	-0.000890629
102	2.51383e-09	0.58862	0.846488	-0.00125082	-0.807471	0.560059	-0.000257374
103	2.51383e-09	-1.02564	-0.204889	0.00291685	0.191102	-0.959294	0.00233695
104	2.51383e-09	-0.788679	0.685047	0.000496148	-0.642809	-0.741011	-0.000592244
105	2.51383e-09	-1.02858	0.172228	0.000978628	-0.162698	-0.966496	-0.0012774
106	2.51383e-09	0.275672	-1.00716	-0.000343851	0.945171	0.256532	-0.000825912
107	2.51383e-09	-0.79669	-0.690769	-0.00139325	0.639056	-0.736076	-0.000873757
108	2.51383e-09	0.336915	-1.00703	0.00130211	0.91972	0.310818	-0.00103087
109	2.51383e-09	-1.04214	0.194492	-0.00219961	-0.181195	-0.954797	-0.000917378
110	2.51383e-09	0.420401	0.962322	0.0015194	-0.897356	0.390703	-0.000109974
111	2.51383e-09	1.00177	-0.376758	-0.000401663	0.340521	0.902346	-0.000355952
112	2.51383e-09	0.370765	-0.993847	0.000123112	0.911936	0.33516	5.2063e-05
113	2.51383e-09	0.183525	1.03947	-0.00191418	-0.958315	0.169573	-1.44704e-05
114	2.51383e-09	-0.47267	0.937518	-0.00223391	-0.873475	-0.435123	0.000175274
115	2.51383e-09	-0.475216	0.957421	0.00173467	-0.867748	-0.431996	0.000526766
116	2.51383e-09	0.453955	-0.950634	-0.00107557	0.879165	0.420109	0.000426555
117	2.51383e-09	-0.597713	-0.878672	2.57988e-05	0.801494	-0.547976	-0.00236794
118	2.51383e-09	-0.208442	-1.03938	0.000978799	0.952228	-0.194083	0.000221416
119	2.51383e-09	-0.351641	0.98136	0.00139391	-0.924012	-0.331669	0.00189712
120	2.51383e-09	1.05529	0.0382827	9.40134e-05	-0.0352987	0.970578	-0.00171709
121	2.51383e-09	0.555874	-0.905816	0.000137442	0.826105	0.509729	-0.000257644
122	2.51383e-09	-0.224959	-1.03895	-0.000758292	0.949728	-0.203007	0.000747032
123	2.51383e-09	0.819471	0.654313	0.0019402	-0.609711	0.760363	-0.00107051
124	2.51383e-09	1.00447	-0.392473	-0.00102521	0.345079	0.89733	-0.00253077
125	2.51383e-09	0.17951	-1.04075	0.00219617	0.956878	0.166524	-0.000402593
126	2.51383e-09	-0.209534	1.0362	-7.16237e-05	-0.956707	-0.186477	-0.000451015
127	2.51383e-09	1.05488	-0.0208218	-0.000527117	0.0206333	0.974828	0.00308206
128	2.51383e-09	1.07262	-0.0130603	0.00221093	0.0121917	0.964166	-0.00169289
129	2.51383e-09	0.584442	0.88093	0.000218644	-0.806906	0.545352	-0.00137636
130	2.51383e-09	-0.155313	-1.05346	0.00081432	0.957669	-0.139023	-0.00208094
131	2.51383e-09	-0.640342	-0.876308	-0.00168379	0.769838	-0.568766	-9.64761e-05
132	2.51383e-09	0.478393	0.963318	-0.000593576	-0.863542	0.427606	-0.0019922
133	2.51383e-09	-0.869616	0.611294	0.00299718	-0.560092	-0.794386	-0.00145852
134	2.51383e-09	0.481126	0.943762	-0.000662567	-0.86468	0.444582	0.00232758
135	2.51383e-09	-1.03389	0.260886	0.000588463	-0.237206	-0.936796	-0.00057399
136	2.51383e-09	1.08291	0.0352838	0.000554451	-0.031537	0.95885	-0.000346784
137	2.51383e-09	0.89685	0.573054	-0.00300631	-0.517653	0.817946	0.000991471
138	2.51383e-09	-0.724106	0.782074	-0.00216015	-0.71079	-0.657389	0.00040972
139	2.51383e-09	-0.561666	0.908541	0.00285833	-0.825259	-0.507195	0.00208683
140	2.51383e-09	-0.551269	0.935365	0.00120662	-0.827198	-0.487019	0.00123689
141	2.51383e-09	-0.619396	0.876174	0.00034421	-0.788526	-0.55425	-0.00196741
142	2.51383e-09	-1.07278	-0.0795858	0.00156444	0.0786373	-0.961351	-0.00150568
143	2.51383e-09	0.944235	-0.501097	-6.34842e-05	0.454713	0.853417	-0.00253824
144	2.51383e-09	-0.878908	-0.646532	0.0013496	0.567469	-0.76882	-0.000845428
145	2.51383e-09	0.0683517	1.05929	0.000978589	-0.967882	0.0621026	0.000263474
146	2.51383e-09	0.990194	-0.472419	0.000473339	0.414112	0.862285	-0.000871035
147	2.51383e-09	-0.0550361	-1.08458	-0.00036144	0.957085	-0.0477378	0.0024646
148	2.51383e-09	-0.0507774	-1.08203	-0.000500724	0.961418	-0.041122	0.00025815
149	2.51383e-09	-0.726336	0.771443	-0.000877066	-0.701127	-0.674476	-0.00163482
150	2.51383e-09	1.06261	0.214729	0.0021972	-0.187683	0.939393	-0.00155245
151	2.51383e-09	1.05059	0.232197	-0.00137023	-0.20686	0.941196	0.000627624
152	2.51383e-09	1.06941	0.179412	-3.34796e-05	-0.150897	0.945952	-0.000296772
153	2.51383e-09	1.01794	-0.399738	0.00235171	0.34681	0.890114	0.00126157
154	2.51383e-09	0.7559	-0.798038	0.00168288	0.690325	0.658453	-0.000488498
155	2.51383e-09	1.07674	0.0922029	0.00217509	-0.0833936	0.95671	0.00279852
156	2.51383e-09	-1.05067	-0.298686	0.00261615	0.268227	-0.917806	-0.000438724
157	2.51383e-09	-0.822629	0.680507	0.000238318	-0.616195	-0.746445	4.33425e-05
158	2.51383e-09	0.913282	-0.595818	0.0045003	0.526472	0.799971	-0.00139153
159	2.51383e-09	-0.729156	0.789638	-0.00264935	-0.711383	-0.651209	-0.00181523
160	2.51383e-09	0.743606	0.785043	0.00319096	-0.697034	0.660738	-0.000577656
161	2.51383e-09	-0.233668	-1.06522	-0.000326168	0.934998	-0.205664	0.00257837
162	2.51383e-09	1.05685	-0.260944	-0.00264303	0.23187	0.929143	0.000124119
163	2.51383e-09	-0.314438	1.02964	0.0011166	-0.922284	-0.285014	0.00158635
164	2.51383e-09	0.830648	-0.664331	0.000527697	0.60646	0.759306	-0.00236989
165	2.51383e-09	-0.327233	1.05189	-0.000549669	-0.911334	-0.279728	0.00230996
166	2.51383e-09	-0.063269	1.08434	-0.000443158	-0.958714	-0.0602268	0.000600634
167	2.51383e-09	-0.971295	-0.427218	0.00372944	0.39007	-0.892572	-0.00248071
168	2.51383e-09	0.137754	1.07564	-0.000758882	-0.951934	0.114726	-0.00155562
169	2.51383e-09	0.262363	1.04331	0.00171824	-0.935217	0.237858	0.000648374
170	2.51383e-09	-0.408772	1.01758	0.0038947	-0.88577	-0.352349	-0.00300745
171	2.51383e-09	-0.339428	-1.03386	0.00197019	0.909478	-0.300866	-0.00195857
172	2.51383e-09	-1.0013	-0.466229	0.00242654	0.400708	-0.864348	-0.00124849
173	2.51383e-09	-1.07518	-0.206138	-0.00194779	0.180164	-0.939591	0.00089213
174	2.51383e-09	0.426187	1.0063	2.57108e-05	-0.880855	0.375214	-0.000842023
175	2.51383e-09	-0.804725	0.745718	0.00116701	-0.645566	-0.701165	-0.00136106
176	2.51383e-09	-1.00311	-0.376272	0.00216017	0.340409	-0.905529	-0.000538872
177	2.51383e-09	-0.947197	0.56162	-3.96564e-05	-0.488101	-0.818624	0.00166671
178	2.51383e-09	0.716767	0.807292	0.000671738	-0.719336	0.638062	-0.000957172
179	2.51383e-09	0.614927	-0.907534	-0.000890592	0.789919	0.534426	-0.000242241
180	2.51383e-09	-1.07684	0.145955	-0.000551389	-0.132603	-0.946868	0.00166759
181	2.51383e-09	0.797338	0.746699	0.000306252	-0.656694	0.696485	-7.74201e-05
182	2.51383e-09	-1.07226	0.204761	-0.00077121	-0.180769	-0.939033	-0.00245389
183	2.51383e-09	0.775424	-0.787863	0.000916778	0.678711	0.667068	0.000858831
184	2.51383e-09	0.0774549	-1.10014	0.00183492	0.950748	0.0663871	-0.000310625
185	2.51383e-09	-1.02009	0.379991	4.9544e-05	-0.335981	-0.899247	0.000398282
186	2.51383e-09	0.922082	-0.586851	-0.000674698	0.508851	0.805421	0.00122877
187	2.51383e-09	1.03915	-0.289946	-0.000345151	0.256472	0.927102	-0.00230661
188	2.51383e-09	0.726813	-0.837241	-0.0020011	0.715203	0.622861	0.000896113
189	2.51383e-09	0.177837	-1.09032	-0.000280104	0.93722	0.153612	0.00157629
190	2.51383e-09	1.00112	-0.465498	-0.00122643	0.395121	0.864604	0.000955229
191	2.51383e-09	-1.0893	0.0863019	0.00258877	-0.0789144	-0.953031	2.59887e-06
192	2.51383e-09	-1.08868	0.180067	-0.00242718	-0.154172	-0.937707	0.00153035
193	2.51383e-09	0.456896	0.996666	-0.000677482	-0.869184	0.399462	0.00194861
194	2.51383e-09	0.82826	-0.756039	-0.00195905	0.634753	0.69865	0.000532499
195	2.51383e-09	0.738586	-0.804738	0.000258202	0.701827	0.648683	-0.00180416
196	2.51383e-09	-0.988938	0.467463	0.00269292	-0.401335	-0.866177	-1.19647e-05
197	2.51383e-09	0.475813	0.985137	0.000567391	-0.86157	0.416105	0.00108587
198	2.51383e-09	-0.128586	-1.09701	-0.00255697	0.94485	-0.110805	-0.000764533
199	2.51383e-09	-0.953556	0.530174	-0.000489277	-0.464959	-0.83864	-0.0015457
200	2.51383e-09	0.762205	-0.812827	-0.000186873	0.691991	0.647338	0.000350184
201	2.51383e-09	-0.877452	0.658259	0.0020467	-0.570208	-0.76635	2.75803e-05
202	2.51383e-09	0.764107	0.784454	-0.00229568	-0.688005	0.664619	-0.00235368
203	2.51383e-09	-0.869572	-0.640663	0.000369359	0.572362	-0.775137	-0.00024327
204	2.51383e-09	1.10834	-0.0711137	0.00196902	0.0587974	0.948087	-0.000938023
205	2.51383e-09	-0.675646	0.907538	-0.00134932	-0.753991	-0.560972	0.000483363
206	2.51383e-09	-1.03274	0.382089	-0.00158366	-0.32949	-0.893642	-0.000437967
207	2.51383e-09	1.10206	0.124618	-0.000104114	-0.105482	0.944388	-0.000698452
208	2.51383e-09	0.962783	0.523931	-0.000166719	-0.45384	0.840601	-0.000580739
209	2.51383e-09	0.493498	-0.973147	0.00042996	0.853177	0.432619	0.00110043
210	2.51383e-09	0.610076	0.923863	0.000267929	-0.794261	0.522378	0.00159679
211	2.51383e-09	0.682943	0.869049	-0.000245788	-0.747201	0.588096	0.00227927
212	2.51383e-09	0.789712	-0.787917	-0.00254162	0.667868	0.672499	-0.000638149
213	2.51383e-09	-0.760454	0.792687	-0.00210987	-0.691166	-0.659549	-0.00160985
214	2.51383e-09	-0.449842	-0.998915	0.000138634	0.874498	-0.392661	0.000689031
215	2.51383e-09	1.04211	-0.393657	0.00158728	0.329404	0.88738	0.000113075
216	2.51383e-09	0.936058	-0.612161	-0.00098796	0.522169	0.787877	-0.000903345
217	2.51383e-09	-0.961784	0.572557	9.97378e-05	-0.48726	-0.807643	-0.00128541
218	2.51383e-09	-1.05447	-0.26122	0.00182716	0.229395	-0.929108	-8.33622e-06
219	2.51383e-09	-0.193826	1.10205	-0.00168853	-0.931445	-0.161399	-0.000306668
220	2.51383e-09	-0.543334	-0.970917	-0.00254888	0.82479	-0.465047	0.000103695
221	2.51383e-09	-1.05102	-0.317396	-0.0013441	0.273132	-0.915113	-0.00261042
222	2.51383e-09	1.11348	-0.0134959	-0.00372157	0.0154054	0.948394	0.000915438
223	2.51383e-09	-0.0749159	-1.1067	0.000204429	0.949643	-0.0628743	0.00194881
224	2.51383e-09	-1.01236	0.418666	0.000100757	-0.369756	-0.883652	-0.00105425
225	2.51383e-09	1.09635	-0.161983	-0.00131502	0.134379	0.942182	-0.000772261
226	2.51383e-09	0.509792	1.00274	-0.00257463	-0.84122	0.425702	-2.52522e-05
227	2.51383e-09	0.250818	-1.08102	-0.00118131	0.922589	0.218481	-0.00134743
228	2.51383e-09	0.814698	0.766869	0.00110785	-0.647448	0.686842	0.000100189
229	2.51383e-09	0.739688	-0.858055	0.00351458	0.712055	0.609206	-0.00176833
230	2.51383e-09	0.890188	0.709453	-0.0027061	-0.584209	0.732263	0.00112074
231	2.51383e-09	-0.247702	1.10309	0.000211712	-0.919655	-0.198883	-0.00242741
232	2.51383e-09	1.09948	0.144621	0.00156739	-0.116618	0.941061	0.00327523
233	2.51383e-09	1.12233	-0.0768753	-0.000307441	0.0686655	0.936614	-0.00277121
234	2.51383e-09	-0.969254	0.573793	-6.01155e-05	-0.478901	-0.811343	9.21617e-05
235	2.51383e-09	-0.548825	-0.963738	-0.00377858	0.823976	-0.474741	-0.00221867
236	2.51383e-09	0.267442	1.09582	-2.52148e-05	-0.916082	0.220431	-0.000273406
237	2.51383e-09	-1.11004	0.133583	-0.000479591	-0.115356	-0.93937	-0.00149875
238	2.51383e-09	-0.489693	1.03872	3.05433e-05	-0.84027	-0.399221	-0.000504872
239	2.51383e-09	-0.956712	-0.560212	-0.000487561	0.483232	-0.818145	0.00201267
240	2.51383e-09	-0.83585	0.769053	0.00188284	-0.633386	-0.68857	-0.000378686
241	2.51383e-09	-0.379167	1.04556	-0.00224078	-0.894383	-0.320311	0.00196085
242	2.51383e-09	-1.14565	-0.156368	0.00105281	0.122219	-0.921601	0.00194017
243	2.51383e-09	-0.543966	-0.9771	0.000234563	0.824578	-0.464417	0.00304412
244	2.51383e-09	0.954063	-0.603387	0.00278964	0.501741	0.797826	-0.00184783
245	2.51383e-09	-0.642077	0.920217	-0.00269359	-0.773589	-0.538359	0.00128822
246	2.51383e-09	0.968514	-0.570785	-0.00113481	0.480566	0.812788	-0.00332301
247	2.51383e-09	1.10109	-0.06773	-0.000987791	0.0549809	0.951484	-0.00119343
248	2.51383e-09	-0.991698	-0.524522	-0.000725551	0.441881	-0.834064	0.0011841
249	2.51383e-09	-0.177869	-1.11159	0.00271078	0.931459	-0.144232	-0.00102021
250	2.51383e-09	0.368554	-1.0685	-0.00231127	0.889367	0.3044	-0.00227714
251	2.51383e-09	-1.12942	-0.0418559	-0.000704711	0.0334618	-0.938626	-0.00260661
252	2.51383e-09	0.242718	-1.09694	-0.00201639	0.920913	0.203041	0.000189279
253	2.51383e-09	0.00560377	-1.13994	0.00362046	0.936537	0.00785938	0.0020841
254	2.51383e-09	-0.397792	1.04904	0.00144507	-0.882529	-0.337285	0.000151713
255	2.51383e-09	0.637835	0.943641	-0.000452852	-0.777677	0.520181	0.0019655
256	2.51383e-09	0.0018455	1.14387	0.00072376	-0.934857	0.00151837	0.000992276
257	2.51383e-09	0.764935	-0.831324	0.00039971	0.692534	0.639452	0.00207514
258	2.51383e-09	0.504024	-1.01623	-5.0435e-05	0.841711	0.413817	-0.0035344
259	2.51383e-09	0.804362	0.788096	-0.00224291	-0.657139	0.674269	-0.000105116
260	2.51383e-09	-0.536789	-0.991081	-0.00427747	0.828057	-0.451643	0.00120627
261	2.51383e-09	1.14188	0.0114155	0.00223268	-0.00668539	0.934764	-0.000199471
262	2.51383e-09	1.00857	-0.46375	0.0026389	0.396722	0.865178	0.00435443
263	2.51383e-09	-1.01878	0.502482	0.00163205	-0.417599	-0.840368	0.00105503
264	2.51383e-09	-0.838341	0.75716	0.000888078	-0.629526	-0.69784	0.000658323
265	2.51383e-09	1.02479	0.508111	0.00108908	-0.413062	0.840311	-9.3875e-05
266	2.51383e-09	0.438613	1.04376	-0.000652243	-0.866705	0.365807	-0.000910311
267	2.51383e-09	0.812843	-0.785921	0.000426536	0.65447	0.671814	-0.00239766
268	2.51383e-09	-0.989077	0.543876	-0.000203252	-0.455063	-0.826467	-0.000637574
269	2.51383e-09	1.0216	-0.499933	-0.000301567	0.4105	0.843907	-0.00052543
270	2.51383e-09	1.12156	-0.142318	-0.00109941	0.121842	0.933846	0.00083897
271	2.51383e-09	0.702001	0.90912	0.00123906	-0.740237	0.56897	3.49182e-05
272	2.51383e-09	-0.804145	-0.81608	0.0028097	0.664531	-0.655562	7.24022e-05
273	2.51383e-09	0.346088	1.0864	0.000523689	-0.894032	0.279861	0.000571467
274	2.51383e-09	-0.773788	0.798853	-0.0011048	-0.684926	-0.661028	0.000911564
275	2.51383e-09	0.00756193	-1.13522	-5.58659e-05	0.939437	0.00995799	0.00120711
276	2.51383e-09	-0.0791172	-1.12848	0.00230406	0.939251	-0.0669429	-0.0012637
277	2.51383e-09	0.943193	0.638592	-0.00122025	-0.520425	0.781717	-0.000256704
278	2.51383e-09	0.854593	0.770677	-0.00098627	-0.620596	0.694183	-0.00107804
279	2.51383e-09	1.11184	-0.264765	0.000773046	0.219274	0.910862	-0.000364772
280	2.51383e-09	0.0888041	1.14655	-0.000771225	-0.93199	0.0711651	-0.00023096
281	2.51383e-09	-0.263358	-1.10889	-0.00014599	0.909263	-0.220447	0.000141299
282	2.51383e-09	0.732402	-0.880251	0.0020845	0.719199	0.595582	0.00250206
283	2.51383e-09	-0.618719	0.952736	-0.00230738	-0.78346	-0.514059	0.000579143
284	2.51383e-09	-1.10576	-0.306871	-0.00217136	0.247715	-0.90263	-0.00133595
285	2.51383e-09	0.28998	-1.12285	-0.0013429	0.896052	0.233005	0.000938436
286	2.51383e-09	0.0143874	-1.13088	-0.0017463	0.940539	0.0113791	-0.000370213
287	2.51383e-09	-0.823666	0.793347	-0.000909289	-0.644095	-0.674868	-0.000228996
288	2.51383e-09	0.815383	-0.809035	0.000673909	0.656775	0.66369	3.16506e-05
289	2.51383e-09	-0.162393	-1.1377	-0.000938464	0.924003	-0.133997	-0.00180356
290	2.51383e-09	1.11794	0.232365	-0.00359784	-0.191416	0.916493	0.000868633
291	2.51383e-09	-0.420972	1.06471	-0.00127265	-0.867819	-0.344954	-0.00192318
292	2.51383e-09	0.916269	-0.697329	0.000574103	0.561362	0.744554	-0.00137293
293	2.51383e-09	0.46725	-1.04374	-0.00132364	0.852479	0.384315	-0.00240647
294	2.51383e-09	-0.0867117	-1.17136	-0.00313496	0.91953	-0.0674743	0.00182243
295	2.51383e-09	0.147415	-1.12612	-0.000369672	0.933108	0.119665	0.00136513
296	2.51383e-09	-0.439787	-1.07613	-0.00155282	0.855847	-0.35476	0.000940795
297	2.51383e-09	0.777915	0.841536	0.000931818	-0.684093	0.637344	-0.00066923
298	2.51383e-09	-0.747321	0.886768	0.0012987	-0.708475	-0.597168	0.00145241
299	2.51383e-09	-0.0887207	1.15661	-0.00109157	-0.926078	-0.0812221	0.00204263
300	2.51383e-09	-1.10223	0.354627	-0.00166488	-0.280638	-0.88871	0.00248739
301	2.51383e-09	0.225249	1.13561	0.000302306	-0.909384	0.179144	-0.000993559
302	2.51383e-09	1.13954	-0.236845	-0.000328778	0.19558	0.906713	0.00327629
303	2.51383e-09	-0.947873	0.66646	0.00296945	-0.531689	-0.758214	-0.0005362
304	2.51383e-09	-0.930478	-0.697384	0.000841158	0.55597	-0.740356	-0.00143501
305	2.51383e-09	-0.281728	1.10789	0.000595609	-0.906892	-0.232082	-0.00269408
306	2.51383e-09	-1.09082	-0.389062	-0.000259139	0.31216	-0.877796	0.00175612
307	2.51383e-09	-0.807112	-0.819745	-0.000579813	0.664781	-0.654047	0.00153049
308	2.51383e-09	-1.10745	0.364474	-0.00194657	-0.289832	-0.880579	0.000917042
309	2.51383e-09	0.853225	-0.774463	0.00163707	0.62747	0.688025	-0.000518139
310	2.51383e-09	0.866118	-0.763969	-0.000777697	0.609881	0.700987	0.000157222
311	2.51383e-09	-0.557068	-1.01427	0.000431946	0.814322	-0.445408	-0.00253556
312	2.51383e-09	-1.08033	-0.442119	0.00254059	0.350845	-0.855048	-0.000714321
313	2.51383e-09	0.418847	1.08036	-0.00154007	-0.864105	0.338618	0.000933732
314	2.51383e-09	1.06872	-0.426346	-0.00186961	0.347523	0.86552	-0.001062
315	2.51383e-09	-0.973503	-0.659441	-0.0020568	0.516264	-0.761686	-0.000373158
316	2.51383e-09	-1.11659	-0.326822	0.00194099	0.263332	-0.888728	0.00090714
317	2.51383e-09	0.131415	-1.1507	0.00144803	0.922045	0.106724	-0.000100748
318	2.51383e-09	-0.871697	0.76467	0.00285359	-0.615299	-0.696801	-0.00171506
319	2.51383e-09	1.12366	-0.305874	-0.00210386	0.245664	0.893697	-0.00181686
320	2.51383e-09	0.491551	1.06798	0.00191564	-0.840491	0.38495	5.98723e-05
321	2.51383e-09	1.11492	0.323718	-0.000432216	-0.257664	0.891746	-0.000415299
322	2.51383e-09	0.0497708	1.1579	0.000328338	-0.928278	0.0353249	0.000207681
323	2.51383e-09	1.08574	-0.453554	0.00325465	0.351678	0.849284	-0.00115338
324	2.51383e-09	1.16516	-0.220963	0.00222954	0.170305	0.9011	-0.0024585
325	2.51383e-09	0.689098	-0.939424	0.000846361	0.743326	0.551781	-0.000292743
326	2.51383e-09	0.165329	-1.16413	0.00247919	0.912931	0.124338	0.000384385
327	2.51383e-09	0.177386	-1.16168	-0.000569523	0.912114	0.141353	-0.00320917
328	2.51383e-09	0.664849	-0.934114	-0.000796931	0.76126	0.543101	0.000799769
329	2.51383e-09	0.509975	1.0703	-0.000530399	-0.832078	0.392773	0.00125679
330	2.51383e-09	1.12648	-0.260196	-5.78385e-05	0.210517	0.906632	-0.000673817
331	2.51383e-09	0.598158	0.991614	0.00131534	-0.795402	0.480797	-0.00241473
332	2.51383e-09	1.14505	-0.177492	0.00135064	0.146075	0.920177	-2.58265e-05
333	2.51383e-09	-1.01686	-0.593354	0.000731654	0.463664	-0.797273	0.00118331
334	2.51383e-09	0.879928	-0.777795	0.00142272	0.610583	0.693663	0.000347387
335	2.51383e-09	-1.18061	0.0497926	0.000997111	-0.042249	-0.918103	8.06638e-05
336	2.51383e-09	-0.135828	-1.16278	0.000334852	0.917097	-0.108433	0.00117848
337	2.51383e-09	0.779492	0.886228	0.00213413	-0.689289	0.610511	0.00207376
338	2.51383e-09	0.379189	1.11003	0.00108175	-0.875196	0.295803	-0.000471128
339	2.51383e-09	-0.309078	-1.14707	0.000651723	0.886019	-0.235245	0.000105762
340	2.51383e-09	0.207747	1.16712	-0.00113424	-0.904966	0.161531	-0.0016985
341	2.51383e-09	0.606116	-1.01865	0.000617034	0.788896	0.464371	-0.000754841
342	2.51383e-09	0.704134	-0.935985	0.00019502	0.739144	0.553845	-0.000879617
343	2.51383e-09	0.0642817	-1.15683	-0.000770535	0.92869	0.0460141	0.0012007
344	2.51383e-09	0.958883	0.682401	5.19061e-05	-0.539599	0.749866	0.000473376
345	2.51383e-09	1.1112	0.366675	0.002409	-0.28817	0.878456	-0.0016932
346	2.51383e-09	-1.10227	-0.380268	-0.00198078	0.301586	-0.872626	0.00164747
347	2.51383e-09	1.17442	0.0374169	0.00141388	-0.0328481	0.919087	-0.000756583
348	2.51383e-09	-1.1816	-0.12896	-0.000794925	0.102179	-0.910211	0.000571597
349	2.51383e-09	-0.142397	1.16271	0.000512737	-0.917782	-0.108627	-0.00149337
350	2.51383e-09	-1.13965	0.278165	0.00132312	-0.21628	-0.896599	0.000923013
351	2.51383e-09	0.859158	-0.813529	-0.000895241	0.632938	0.670875	0.00129147
352	2.51383e-09	0.261489	1.15048	0.00314491	-0.897205	0.204304	-0.00226602
353	2.51383e-09	1.12225	0.416545	-0.000982818	-0.318051	0.855131	-0.000883097
354	2.51383e-09	-0.0297332	1.18807	-0.000443714	-0.915915	-0.0219042	-0.00147451
355	2.51383e-09	-0.558869	-1.02594	-0.00318904	0.810573	-0.442702	-0.000595299
356	2.51383e-09	1.1649	-0.253717	-0.00246205	0.193738	0.893737	0.000730068
357	2.51383e-09	-0.0421332	-1.16454	-0.000163965	0.927385	-0.0344383	0.00105417
358	2.51383e-09	0.0178072	-1.20356	-0.00066464	0.9109	0.0122622	-0.000345681
359	2.51383e-09	1.1999	-0.0774213	-0.000819401	0.0635109	0.908337	-0.00117817
360	2.51383e-09	-1.12276	-0.346367	0.00250146	0.272398	-0.880153	-0.000567731
361	2.51383e-09	1.17452	0.0370783	-0.000171765	-0.0261022	0.922092	0.000928233
362	2.51383e-09	0.98034	-0.657397	-0.00209825	0.514356	0.762118	-8.93012e-05
363	2.51383e-09	0.143744	1.17873	0.00149461	-0.907812	0.114375	0.0011368
364	2.51383e-09	1.03625	-0.562356	0.00104988	0.440997	0.806559	-0.00194043
365	2.51383e-09	0.953946	0.71794	-0.00239564	-0.55256	0.729746	0.000101289
366	2.51383e-09	-0.565188	1.05232	0.00277181	-0.805094	-0.431744	0.000190267
367	2.51383e-09	-0.319428	1.151	-0.000167378	-0.881305	-0.239308	-0.00140403
368	2.51383e-09	0.555186	-1.05664	0.000901595	0.808757	0.427091	-0.00109933
369	2.51383e-09	-0.217513	1.17504	0.00148333	-0.900291	-0.168224	-0.000387359
370	2.51383e-09	-0.825619	0.862507	0.000655831	-0.658445	-0.635266	0.00152784
371	2.51383e-09	-0.468686	1.11098	0.001171	-0.839223	-0.356585	0.000820452
372	2.51383e-09	1.06706	0.514491	-0.00164514	-0.398856	0.827653	-0.00207628
373	2.51383e-09	-0.965806	0.681396	-0.00172339	-0.530546	-0.75192	-0.000627438
374	2.51383e-09	-0.560546	1.06478	-0.000923555	-0.806423	-0.423488	-0.00177901
375	2.51383e-09	-0.794514	-0.887837	0.000277724	0.684578	-0.610123	0.000437954
376	2.51383e-09	1.17358	0.198227	-0.000657516	-0.152422	0.902715	0.00164319
377	2.51383e-09	-0.517734	-1.08043	-0.000731878	0.821338	-0.394239	-0.00243228
378	2.51383e-09	-0.794857	0.895273	0.00138031	-0.681556	-0.60871	-0.00158651
379	2.51383e-09	-0.54172	-1.03878	-2.37529e-05	0.825151	-0.422364	0.000256121
380	2.51383e-09	-1.00179	-0.621107	0.00139297	0.484352	-0.784023	-0.000419347
381	2.51383e-09	0.983926	-0.660833	0.00156584	0.513919	0.762818	-0.000202681
382	2.51383e-09	-0.53907	1.06156	-0.00108423	-0.819822	-0.41127	-0.000488132
383	2.51383e-09	1.15462	-0.228585	-0.00204116	0.178063	0.90268	0.000304985
384	2.51383e-09	-1.09515	-0.502125	0.00306088	0.376723	-0.82896	0.000633869
385	2.51383e-09	1.1845	-0.071231	-0.00102462	0.056893	0.916168	-0.0012664
386	2.51383e-09	-1.1231	-0.456769	8.94198e-05	0.342586	-0.838157	0.000129308
387	2.51383e-09	-1.09702	-0.49752	-5.44763e-05	0.376091	-0.827476	0.00320072
388	2.51383e-09	-0.0220543	-1.21353	-0.00142384	0.904484	-0.0210097	0.000103418
389	2.51383e-09	-1.18972	0.131849	0.000463159	-0.0999914	-0.907909	0.00228631
390	2.51383e-09	0.886822	0.777286	0.00285814	-0.607406	0.695665	-0.00107046
391	2.51383e-09	-1.0371	-0.605041	-0.00183563	0.461915	-0.788331	-0.00164893
392	2.51383e-09	-1.19147	0.186943	0.000822106	-0.139022	-0.899295	0.00150051
393	2.51383e-09	-0.000436933	1.21858	0.000583588	-0.902823	-0.00362222	0.00226501
394	2.51383e-09	0.943191	-0.730914	-0.00110314	0.562867	0.72452	-0.000899109
395	2.51383e-09	-0.531446	1.06524	-0.000423819	-0.822155	-0.412487	0.00118254
396	2.51383e-09	-0.994479	-0.672015	0.00152219	0.506862	-0.758549	-0.00109916
397	2.51383e-09	-0.512826	-1.09565	0.00366261	0.823101	-0.383221	0.0015023
398	2.51383e-09	-0.605865	1.04846	0.000235827	-0.783141	-0.459089	-0.00135276
399	2.51383e-09	0.751059	-0.941426	0.00271653	0.710113	0.5694	0.00103258
400	2.51383e-09	-1.00939	0.635317	0.00148264	-0.483978	-0.777818	-0.00231816
