4.618000e+03
401
0	1	0.000213453	0.0001324	-1.94797e-07	1.12614e-08	3.25381e-08	1.39108e-11
1	2.51383e-09	0.911197	0.42056	-0.000331401	-0.417353	0.905389	0.000687055
2	2.51383e-09	-0.170807	-0.993736	-0.000408777	0.980772	-0.170137	-0.00176076
3	2.51383e-09	0.6011	0.794937	-0.000202785	-0.797122	0.606353	-0.00115104
4	2.51383e-09	0.839181	0.558678	-0.000698743	-0.551876	0.827833	0.00117524
5	2.51383e-09	-0.172456	-0.988065	-0.000483422	0.98241	-0.172804	-0.000553793
6	2.51383e-09	-0.482211	-0.887676	-0.00103051	0.873807	-0.475823	-0.00130112
7	2.51383e-09	-0.597735	-0.80544	-0.00103143	0.80054	-0.594795	-0.00135316
8	2.51383e-09	0.992064	0.146594	0.000653499	-0.141111	0.988028	-0.000787388
9	2.51383e-09	0.744303	-0.667938	0.00112167	0.666745	0.746662	-0.000426171
10	2.51383e-09	1.00059	0.0694863	-0.000691807	-0.0667576	0.995037	4.32334e-05
11	2.51383e-09	0.574758	0.815487	-0.000147045	-0.819546	0.577091	0.000529607
12	2.51383e-09	0.90409	-0.471046	-0.00167555	0.459674	0.876012	0.000259515
13	2.51383e-09	0.896342	0.459189	0.00213351	-0.455275	0.88592	-0.000269469
14	2.51383e-09	0.490746	0.887514	0.00245053	-0.867004	0.480178	0.000518176
15	2.51383e-09	0.721419	0.701025	-0.000390869	-0.689252	0.716569	0.00238694
16	2.51383e-09	0.831609	-0.55878	0.000268417	0.553944	0.830442	-0.00169575
17	2.51383e-09	-0.35103	-0.945745	7.18169e-05	0.931784	-0.350957	0.00181214
18	2.51383e-09	-0.998831	0.10866	-1.08237e-05	-0.109939	-0.995203	0.000553338
19	2.51383e-09	-0.916564	0.440758	-0.000989084	-0.434589	-0.889489	-0.00177521
20	2.51383e-09	-0.678314	-0.772556	-0.00310204	0.741129	-0.648907	-0.000437682
21	2.51383e-09	-0.0384369	-1.0115	0.000288419	0.991485	-0.0327665	0.00295808
22	2.51383e-09	0.647291	-0.788314	-0.00103283	0.763275	0.627069	-0.0012209
23	2.51383e-09	0.53532	-0.858433	-0.00181756	0.847257	0.525375	0.000335697
24	2.51383e-09	0.889274	-0.481769	-0.0013128	0.470949	0.878669	-0.000960653
25	2.51383e-09	-0.627708	0.803137	0.00178183	-0.781456	-0.610399	-0.000254869
26	2.51383e-09	0.539201	-0.856324	0.00134582	0.839505	0.534703	0.000814763
27	2.51383e-09	-0.149872	0.994478	-0.000250686	-0.987926	-0.15128	0.00199757
28	2.51383e-09	0.0560484	-1.00921	0.000139959	0.99464	0.0480681	0.000582919
29	2.51383e-09	0.596175	-0.818479	0.0013417	0.803264	0.584416	6.09008e-05
30	2.51383e-09	0.908402	-0.430626	-7.03399e-05	0.426743	0.901827	-0.000179306
31	2.51383e-09	-0.645546	-0.771037	-0.00076051	0.76764	-0.637895	0.00207409
32	2.51383e-09	0.948738	-0.337639	-0.00106168	0.333114	0.93968	-0.000551807
33	2.51383e-09	1.02567	0.0625268	0.000744849	-0.057671	0.981546	0.000503201
34	2.51383e-09	-0.649413	0.801981	0.000968931	-0.763238	-0.619773	0.00147568
35	2.51383e-09	-0.948251	-0.384621	-6.36272e-05	0.371613	-0.915331	0.0024853
36	2.51383e-09	-0.260193	0.985618	-0.00289131	-0.956977	-0.252419	0.000413451
37	2.51383e-09	0.281198	0.979292	0.00370387	-0.953378	0.273459	-0.000831606
38	2.51383e-09	-0.736696	0.679306	0.00232692	-0.677788	-0.735814	0.000482109
39	2.51383e-09	0.99107	0.160703	-0.00181433	-0.157363	0.987206	0.000775166
40	2.51383e-09	-0.49917	-0.876606	0.00274332	0.865103	-0.497297	-0.00132572
41	2.51383e-09	0.628371	-0.796607	0.00240153	0.778817	0.614244	0.000750882
42	2.51383e-09	0.993866	0.273334	0.00156773	-0.260943	0.949318	0.000790864
43	2.51383e-09	0.40378	0.925837	-0.00263683	-0.914207	0.396743	0.000751183
44	2.51383e-09	0.363763	-0.959273	0.000505751	0.92564	0.351304	-0.00166242
45	2.51383e-09	0.397716	0.954275	-0.000603588	-0.907434	0.379027	0.00181689
46	2.51383e-09	-0.700731	-0.741167	0.000667087	0.72295	-0.677855	0.00158325
47	2.51383e-09	0.278918	0.978562	-0.000499643	-0.953521	0.275119	0.000896308
48	2.51383e-09	0.502978	0.897047	-0.000230959	-0.857571	0.484087	0.00053587
49	2.51383e-09	0.556395	0.862795	0.000736076	-0.82847	0.535648	0.000385509
50	2.51383e-09	-0.329756	0.978589	0.00186399	-0.933049	-0.312022	0.00146287
51	2.51383e-09	0.256589	0.987843	-0.00112011	-0.957489	0.25108	-0.000557776
52	2.51383e-09	0.585322	0.844861	0.00114112	-0.809801	0.563742	-0.000676484
53	2.51383e-09	0.876477	-0.536977	-4.82174e-05	0.516213	0.838928	0.000629735
54	2.51383e-09	0.977394	0.316169	-0.00136521	-0.302479	0.936219	-0.000240508
55	2.51383e-09	1.0274	0.0302562	-0.000657472	-0.033713	0.9874	0.000748642
56	2.51383e-09	-0.763739	0.682077	-0.00113689	-0.658445	-0.738638	-0.00155902
57	2.51383e-09	0.0135705	1.04018	0.00248178	-0.982685	0.0135529	0.000574957
58	2.51383e-09	0.686533	-0.78563	0.000273128	0.738443	0.642491	0.00161063
59	2.51383e-09	-0.95239	-0.39463	-0.000367724	0.370869	-0.910278	0.00274883
60	2.51383e-09	0.877408	0.522601	0.000419707	-0.505446	0.850191	-0.000692466
61	2.51383e-09	-0.796739	0.663429	0.000697279	-0.629425	-0.752227	-0.00341837
62	2.51383e-09	-0.887087	-0.522633	-0.000624082	0.499918	-0.85017	-0.000845905
63	2.51383e-09	-0.981239	-0.270944	-0.00126966	0.264009	-0.957734	5.79529e-05
64	2.51383e-09	-0.148892	-1.015	0.00173141	0.976913	-0.148593	0.000448249
65	2.51383e-09	-0.902815	-0.512493	-0.00136199	0.48628	-0.851397	0.00157348
66	2.51383e-09	-0.428431	-0.937413	0.00239167	0.896621	-0.4033	0.00169847
67	2.51383e-09	-1.00092	0.27404	-0.00198405	-0.263958	-0.944603	-0.00114542
68	2.51383e-09	-0.877829	0.539095	0.00212222	-0.518107	-0.837622	0.000372954
69	2.51383e-09	-0.726512	-0.742174	0.00311271	0.701767	-0.683517	0.000919005
70	2.51383e-09	-0.185125	-1.01365	-0.00297561	0.970385	-0.174768	-0.000727466
71	2.51383e-09	0.737204	0.730701	-0.000425515	-0.690346	0.695422	-0.000227345
72	2.51383e-09	-0.359078	-0.990026	-2.3177e-05	0.913867	-0.333619	-0.000886043
73	2.51383e-09	-0.298895	0.992415	-0.000796932	-0.940914	-0.28581	0.00134194
74	2.51383e-09	0.0559711	-1.04629	-0.000151949	0.975429	0.0570529	-0.000414315
75	2.51383e-09	-0.906469	-0.507699	-0.00079631	0.479335	-0.857016	4.85766e-05
76	2.51383e-09	-0.372557	-0.976398	-0.00205146	0.914739	-0.349934	-0.000895528
77	2.51383e-09	-0.560535	-0.89644	-0.000720811	0.826681	-0.514648	0.000951553
78	2.51383e-09	-0.0624043	1.0473	0.00080863	-0.973029	-0.0525855	-0.00109367
79	2.51383e-09	0.527193	0.881681	-0.000661257	-0.849837	0.507509	0.00240099
80	2.51383e-09	0.987153	0.360551	0.000741796	-0.333273	0.916725	0.00112229
81	2.51383e-09	-0.865633	-0.576188	-0.00223265	0.542741	-0.816409	1.15604e-06
82	2.51383e-09	-0.106376	1.0428	0.000111524	-0.972735	-0.102999	0.00182459
83	2.51383e-09	-1.022	-0.189536	8.24888e-05	0.177141	-0.966061	0.00216724
84	2.51383e-09	1.01897	0.256721	-0.00115938	-0.237521	0.946273	-0.000282323
85	2.51383e-09	0.473191	-0.916638	0.00135093	0.874131	0.45068	0.000111245
86	2.51383e-09	0.69641	-0.779655	-0.00232999	0.730413	0.651113	-0.00018704
87	2.51383e-09	0.899087	0.503594	-0.000796508	-0.482794	0.862085	0.00123417
88	2.51383e-09	1.03071	0.0432098	0.00247531	-0.0416099	0.984265	0.000361747
89	2.51383e-09	-0.0657879	-1.05039	0.000970198	0.974429	-0.0584853	-0.000451611
90	2.51383e-09	0.926986	-0.481559	-0.000126349	0.452803	0.866384	0.000280279
91	2.51383e-09	-0.300886	0.994831	-0.00293575	-0.937108	-0.283801	0.000200259
92	2.51383e-09	0.524311	-0.909822	-0.00121144	0.845038	0.48886	0.00152251
93	2.51383e-09	-1.04956	-0.0662121	0.000824239	0.0580979	-0.973322	-0.000821476
94	2.51383e-09	-1.00041	-0.306204	0.00114258	0.281388	-0.934439	-0.00184704
95	2.51383e-09	-0.271161	-1.00094	0.0023963	0.946718	-0.262107	-0.000500311
96	2.51383e-09	-0.394853	0.972805	-0.000974677	-0.905478	-0.367794	0.000183029
97	2.51383e-09	-0.599571	0.864271	-0.00417751	-0.798471	-0.56126	0.0022542
98	2.51383e-09	-0.930893	0.519493	0.00155604	-0.468251	-0.845742	-0.00163406
99	2.51383e-09	0.952404	-0.465329	-0.000566541	0.431456	0.870396	-0.000997064
100	2.51383e-09	-0.85235	0.61825	-0.00216077	-0.576862	-0.786807	-0.000836556
101	2.51383e-09	-0.974373	-0.364197	0.00145159	0.344353	-0.917033	0.000458612
102	2.51383e-09	0.445568	-0.923461	0.00144057	0.8922	0.427197	-0.00163453
103	2.51383e-09	1.03972	-0.129331	0.00167161	0.1199	0.969708	-0.002445
104	2.51383e-09	-0.54828	0.887661	0.000745928	-0.835701	-0.514908	-0.000553941
105	2.51383e-09	0.253294	-1.01206	-0.000124376	0.954169	0.234404	-3.43989e-05
106	2.51383e-09	0.97809	-0.373618	0.000745915	0.348745	0.912135	0.000504607
107	2.51383e-09	-0.82807	-0.648515	-0.000452838	0.602534	-0.768191	-0.00165156
108	2.51383e-09	0.969733	0.429882	0.0019678	-0.393776	0.888827	-0.000955946
109	2.51383e-09	-1.00816	0.325612	-0.00137752	-0.300813	-0.92448	-0.00229559
110	2.51383e-09	-0.122227	1.04451	0.00188824	-0.971125	-0.110983	0.00141578
111	2.51383e-09	-0.559206	-0.906846	0.000592412	0.822216	-0.512168	5.00485e-06
112	2.51383e-09	0.837285	-0.654628	0.000232312	0.598243	0.76161	-0.000756451
113	2.51383e-09	1.02442	0.256425	0.00144701	-0.234971	0.944082	-0.0019741
114	2.51383e-09	0.248164	1.01694	-0.000802783	-0.950532	0.23519	-0.0019543
115	2.51383e-09	-0.593659	-0.889297	-0.000983807	0.803989	-0.537489	-0.000596484
116	2.51383e-09	1.05103	-0.101155	-0.00135548	0.0939443	0.967156	0.0010885
117	2.51383e-09	0.0205972	1.06671	-0.00103303	-0.968382	0.0143819	-0.000151328
118	2.51383e-09	-1.03211	0.230327	3.99469e-05	-0.211852	-0.950113	0.000840006
119	2.51383e-09	0.988138	-0.358244	-0.000505192	0.330932	0.91585	-0.00222788
120	2.51383e-09	-0.240845	1.01957	-0.00103354	-0.949579	-0.226698	-0.00222344
121	2.51383e-09	0.886321	-0.578506	-0.000572908	0.532527	0.815396	-0.000609265
122	2.51383e-09	0.752686	-0.756645	-0.00134479	0.69027	0.679956	0.000490365
123	2.51383e-09	1.0444	-0.120566	0.00100126	0.112702	0.966455	0.00157453
124	2.51383e-09	-0.581854	0.896593	-0.00225286	-0.814954	-0.526494	0.00146634
125	2.51383e-09	1.02433	-0.262245	0.00221874	0.238845	0.94303	-0.000112343
126	2.51383e-09	-0.00593799	1.0595	0.000288481	-0.972613	0.000509756	1.83815e-05
127	2.51383e-09	-0.73499	0.765586	0.00306215	-0.700674	-0.670171	0.00124372
128	2.51383e-09	-1.05807	-0.141905	-0.00378397	0.129015	-0.960486	0.000803169
129	2.51383e-09	-1.05582	-0.131235	-0.000306806	0.124089	-0.957974	-0.000263772
130	2.51383e-09	0.61311	-0.864537	0.00126328	0.789967	0.565562	-0.00104553
131	2.51383e-09	0.440164	-0.990748	-0.00216339	0.87497	0.38931	0.000484394
132	2.51383e-09	0.144993	-1.05992	-0.00188199	0.959917	0.134704	0.00157206
133	2.51383e-09	0.190604	-1.05648	-0.00229294	0.948082	0.170451	-0.00225938
134	2.51383e-09	1.01957	-0.278608	-0.00217207	0.256527	0.940123	-0.00123704
135	2.51383e-09	-1.06841	-0.0402285	-0.00174847	0.0402492	-0.965725	0.00244777
136	2.51383e-09	0.302391	1.03307	-5.48846e-05	-0.92581	0.270072	-0.00205684
137	2.51383e-09	1.05942	-0.0784725	-0.00196685	0.0745164	0.966701	-0.00221944
138	2.51383e-09	-0.961995	-0.466669	-0.00221669	0.42319	-0.869776	0.00123422
139	2.51383e-09	0.432907	-0.978243	0.000334299	0.88334	0.392063	-0.00187144
140	2.51383e-09	-0.124934	-1.07901	0.0018113	0.952879	-0.110989	-0.00223037
141	2.51383e-09	0.580927	-0.89046	-0.00209606	0.812293	0.534268	-0.000187958
142	2.51383e-09	0.843931	0.67479	-0.0020399	-0.598594	0.749615	0.00142327
143	2.51383e-09	-0.110937	1.06394	0.000674645	-0.96131	-0.100852	0.000353777
144	2.51383e-09	0.691566	0.833813	-0.00255987	-0.739256	0.616383	0.00111805
145	2.51383e-09	0.926016	0.522171	-0.000461689	-0.475127	0.845318	0.000899136
146	2.51383e-09	-0.819418	0.735984	0.00145083	-0.635108	-0.708672	-0.00190865
147	2.51383e-09	-0.470922	0.968499	0.000815297	-0.868132	-0.423182	-0.00112357
148	2.51383e-09	-0.816741	0.721976	-0.000535205	-0.633284	-0.716271	-0.00102371
149	2.51383e-09	0.653343	-0.843571	-0.000574598	0.770723	0.584647	0.000728611
150	2.51383e-09	0.435679	0.990355	0.00278018	-0.879558	0.386289	-0.00204042
151	2.51383e-09	-0.459468	-0.97325	0.00107234	0.870892	-0.412732	-0.00124619
152	2.51383e-09	-1.04854	0.187619	0.00187261	-0.16968	-0.954857	-0.000277259
153	2.51383e-09	0.801843	0.739062	0.002521	-0.649392	0.704111	5.01188e-07
154	2.51383e-09	0.949946	-0.53395	0.00265982	0.46684	0.838398	-0.000220954
155	2.51383e-09	-0.961111	0.458784	-2.76339e-05	-0.419584	-0.876158	-1.29477e-05
156	2.51383e-09	-0.985657	-0.469565	0.00213956	0.416924	-0.859334	0.000777565
157	2.51383e-09	-0.345591	-1.01792	0.000876677	0.912038	-0.31208	-0.00131913
158	2.51383e-09	0.935538	0.566036	0.00290186	-0.494804	0.81671	-0.001938
159	2.51383e-09	0.38467	-1.00643	-0.00123297	0.899209	0.342794	0.00236275
160	2.51383e-09	-0.356096	-1.01258	-0.00101049	0.909516	-0.32348	0.00117051
161	2.51383e-09	-0.883776	-0.640036	-0.000924869	0.559146	-0.776178	-0.0017368
162	2.51383e-09	-0.635235	0.880182	0.000990419	-0.776254	-0.564408	0.00222562
163	2.51383e-09	0.165738	1.06453	0.000598925	-0.95294	0.148012	0.00156581
164	2.51383e-09	1.02157	0.296127	-0.000761913	-0.266622	0.934302	-0.00228875
165	2.51383e-09	-0.00494816	1.09536	-0.00201144	-0.95776	-0.00376613	-0.00053617
166	2.51383e-09	1.08349	-0.0738072	0.00114324	0.0685692	0.958117	-0.00173052
167	2.51383e-09	0.478341	0.96004	-0.00378714	-0.867509	0.422035	0.00151153
168	2.51383e-09	0.0290857	-1.07927	-0.000691575	0.96272	0.0182448	0.00190303
169	2.51383e-09	0.220784	1.05625	0.00132066	-0.941575	0.200172	0.0015896
170	2.51383e-09	0.932125	-0.569431	-0.00215135	0.498682	0.818178	0.00199919
171	2.51383e-09	0.128592	1.07868	-0.00309229	-0.953299	0.112338	0.000488716
172	2.51383e-09	0.964383	-0.521957	-0.00160911	0.456214	0.840685	-0.000747036
173	2.51383e-09	-0.139806	1.09444	0.00120582	-0.943278	-0.118826	-0.000639809
174	2.51383e-09	0.105772	-1.09277	0.00114136	0.951061	0.0940404	-0.000381891
175	2.51383e-09	-0.962479	-0.502336	0.00151527	0.451293	-0.848797	-0.00127326
176	2.51383e-09	-0.942282	0.524743	0.00143136	-0.464612	-0.843753	0.00140583
177	2.51383e-09	-0.737177	0.820413	-0.00256867	-0.708509	-0.636289	0.000491434
178	2.51383e-09	0.536173	-0.943618	0.000741993	0.834843	0.473494	0.000891559
179	2.51383e-09	-0.39576	-1.02236	0.000386511	0.887981	-0.349315	-0.000513709
180	2.51383e-09	0.944944	-0.524739	0.00156744	0.462184	0.845727	-0.00047196
181	2.51383e-09	-0.22536	-1.07267	-0.00133328	0.932732	-0.197434	0.000166324
182	2.51383e-09	-1.05517	-0.27438	-0.000904303	0.239817	-0.925942	-0.00218958
183	2.51383e-09	-1.09939	0.0824967	0.000208757	-0.070082	-0.951197	-0.00234826
184	2.51383e-09	-0.610431	0.923319	-0.00183706	-0.79132	-0.52592	0.000419889
185	2.51383e-09	0.438899	-0.995182	-0.000779804	0.876188	0.386674	0.000980666
186	2.51383e-09	0.053851	-1.09041	-0.000317918	0.951482	0.0467918	-0.000714444
187	2.51383e-09	-0.994202	0.405526	-5.96723e-05	-0.364909	-0.893924	0.00159121
188	2.51383e-09	-0.997614	0.470684	0.00213051	-0.408419	-0.859353	-0.000314736
189	2.51383e-09	-0.256172	-1.07746	-0.00152108	0.922773	-0.219875	-0.00106318
190	2.51383e-09	-0.806345	0.750315	0.0016293	-0.654344	-0.696759	0.00120933
191	2.51383e-09	0.770519	0.775672	-0.0026111	-0.681063	0.672004	-0.0012682
192	2.51383e-09	-1.01375	0.444992	-0.00346322	-0.380272	-0.868323	-0.00119899
193	2.51383e-09	0.801184	-0.754762	-0.000653054	0.65174	0.695332	-0.00170929
194	2.51383e-09	-0.418207	-1.03639	0.000776287	0.874717	-0.357119	0.000212762
195	2.51383e-09	0.354401	-1.0318	0.00116663	0.90336	0.315177	7.72735e-05
196	2.51383e-09	1.06744	0.244132	-0.00195422	-0.208097	0.93201	-0.000245118
197	2.51383e-09	-0.620757	0.908715	0.000694008	-0.783725	-0.540649	0.00163761
198	2.51383e-09	-0.569692	-0.955642	-0.000179751	0.811882	-0.486874	-0.00194408
199	2.51383e-09	-1.08083	0.171695	-0.000614376	-0.149596	-0.945338	-0.00206637
200	2.51383e-09	-1.07799	0.251437	-0.000463293	-0.215381	-0.926319	0.000497668
201	2.51383e-09	1.10291	-0.0488441	-0.00195278	0.0459076	0.948964	-0.000403119
202	2.51383e-09	-0.96925	0.51194	-0.00306554	-0.44976	-0.844036	0.000858511
203	2.51383e-09	-0.693001	-0.829711	0.00140809	0.737774	-0.617911	0.000121845
204	2.51383e-09	1.02628	-0.399486	-1.20956e-05	0.345542	0.89009	0.0012457
205	2.51383e-09	0.869807	-0.719173	0.00120849	0.599502	0.725926	0.000571204
206	2.51383e-09	-1.09577	0.0930784	-0.00159963	-0.0782538	-0.951401	-0.00210785
207	2.51383e-09	0.129154	-1.10546	0.00150082	0.941576	0.108325	0.000454107
208	2.51383e-09	-1.00455	0.420383	0.000780227	-0.372029	-0.883667	-0.000467483
209	2.51383e-09	-0.864202	-0.660108	-0.00244894	0.580613	-0.763183	0.000332741
210	2.51383e-09	-1.10839	0.104376	-0.000752091	-0.0929329	-0.942517	-0.00105149
211	2.51383e-09	-0.494831	-0.981712	0.000408733	0.850825	-0.431671	8.23568e-05
212	2.51383e-09	0.960912	-0.583405	-0.000630922	0.490014	0.806379	-0.000790371
213	2.51383e-09	1.09378	-0.0901655	0.00144866	0.0762146	0.951767	0.00126847
214	2.51383e-09	0.440219	1.02224	0.000191902	-0.867271	0.374253	-0.000870049
215	2.51383e-09	-1.1087	-0.0260973	-0.00108229	0.0172118	-0.949933	-0.000418142
216	2.51383e-09	-0.555219	0.971522	-0.000633583	-0.81693	-0.473031	0.00106009
217	2.51383e-09	-0.134929	-1.10961	-0.000748393	0.938702	-0.10796	-0.000295384
218	2.51383e-09	-0.953219	0.525516	-0.000457507	-0.459939	-0.838781	0.000406183
219	2.51383e-09	-0.901628	-0.661412	-0.000425121	0.557407	-0.76189	5.48859e-05
220	2.51383e-09	1.05521	0.347662	0.000942753	-0.298437	0.900481	0.00203751
221	2.51383e-09	-1.02331	0.394329	0.00136126	-0.346174	-0.891602	-0.00155304
222	2.51383e-09	-1.11802	-0.0078345	0.00155366	0.0111204	-0.945107	0.00114241
223	2.51383e-09	-0.472892	-1.01927	0.0021608	0.855372	-0.396139	-0.000425455
224	2.51383e-09	-0.87359	0.661167	0.00146546	-0.580435	-0.762185	-1.66493e-05
225	2.51383e-09	0.737874	0.829099	-0.0013111	-0.709107	0.635007	-0.000222702
226	2.51383e-09	1.12397	0.0553963	-0.000716534	-0.0448252	0.942488	-0.000504211
227	2.51383e-09	-0.907847	-0.638931	0.00201318	0.54233	-0.776143	-0.000984949
228	2.51383e-09	-0.62124	0.92435	0.00146598	-0.785789	-0.530463	-0.000868817
229	2.51383e-09	-0.80829	-0.778514	0.000210991	0.652663	-0.682954	0.00308771
230	2.51383e-09	-1.10884	-0.224904	0.00130541	0.188702	-0.922063	0.00269938
231	2.51383e-09	1.12323	0.049022	-0.00172037	-0.0410128	0.944061	0.00108502
232	2.51383e-09	-0.395732	-1.02509	-0.00218975	0.894004	-0.342628	-0.00146703
233	2.51383e-09	-0.483258	1.0017	-0.002869	-0.851174	-0.420587	-0.000536755
234	2.51383e-09	-0.367311	-1.05566	0.000199025	0.893969	-0.312852	0.000344176
235	2.51383e-09	-0.738023	-0.834833	-0.00109431	0.707806	-0.630297	-0.0045962
236	2.51383e-09	1.04611	0.446719	0.00116244	-0.363699	0.862857	0.000349169
237	2.51383e-09	-0.182034	-1.11216	-0.000522352	0.927805	-0.152521	-0.000473917
238	2.51383e-09	1.09466	-0.275725	0.0015456	0.234775	0.913451	-0.000715901
239	2.51383e-09	-0.154349	-1.0944	-0.000542414	0.94278	-0.132691	0.0017673
240	2.51383e-09	1.0367	0.446147	-0.00213267	-0.369646	0.867447	0.000965296
241	2.51383e-09	0.975508	0.536798	-0.00226568	-0.459623	0.831477	-0.00254594
242	2.51383e-09	1.09021	-0.378209	0.00151246	0.302029	0.880595	-0.00144179
243	2.51383e-09	0.0802287	-1.11904	-0.000159709	0.941916	0.0617415	0.00189186
244	2.51383e-09	0.954841	0.616471	-0.000643009	-0.511692	0.787059	-0.000159814
245	2.51383e-09	0.495316	1.00467	-0.00196273	-0.846279	0.420411	-0.00195088
246	2.51383e-09	-1.10878	0.185831	0.000320432	-0.154649	-0.926707	0.00217981
247	2.51383e-09	-0.065597	-1.10817	0.002583	0.945961	-0.0539833	-0.00013216
248	2.51383e-09	0.979695	0.539441	0.00175336	-0.452331	0.829775	-0.000734628
249	2.51383e-09	0.1975	-1.10354	0.000652128	0.930629	0.168266	0.00068061
250	2.51383e-09	-0.45394	1.03683	-0.002294	-0.859511	-0.379371	0.00120376
251	2.51383e-09	0.433362	-1.04463	-0.00322124	0.867489	0.361439	-0.000256914
252	2.51383e-09	-0.93545	-0.626779	-0.0018043	0.521095	-0.785025	-0.0020636
253	2.51383e-09	-1.10773	-0.235043	-0.000902391	0.192026	-0.920158	-0.000816907
254	2.51383e-09	-0.42587	-1.03737	8.87345e-05	0.872287	-0.362867	-0.00143708
255	2.51383e-09	0.49448	1.02115	-0.00243119	-0.845726	0.405018	0.00233896
256	2.51383e-09	-1.04968	-0.437531	-0.00163577	0.363012	-0.866304	0.00117889
257	2.51383e-09	-0.599128	-0.957513	0.000764032	0.797525	-0.500467	-0.000218338
258	2.51383e-09	0.853689	0.759923	-0.0030075	-0.620555	0.69658	-0.00143446
259	2.51383e-09	0.97266	-0.562405	0.00143632	0.474247	0.817894	-0.00184932
260	2.51383e-09	-0.783608	-0.817434	-0.00373376	0.677243	-0.653354	-0.00163583
261	2.51383e-09	0.834154	0.789644	0.00181793	-0.637966	0.678477	-0.000178561
262	2.51383e-09	0.70331	0.86344	0.00333722	-0.730441	0.604577	0.00223166
263	2.51383e-09	0.987032	0.553311	-0.00022372	-0.460159	0.821231	-0.000556257
264	2.51383e-09	0.94865	-0.600672	0.0010865	0.504537	0.800107	0.000723185
265	2.51383e-09	0.56316	0.996854	0.000791512	-0.811948	0.463593	0.00101938
266	2.51383e-09	-1.06271	0.405778	-0.00152411	-0.333108	-0.875039	3.93806e-05
267	2.51383e-09	1.13286	0.0427267	-0.000547797	-0.0354851	0.93642	-0.00275915
268	2.51383e-09	-1.10142	0.258133	7.401e-05	-0.216134	-0.915181	-0.000547767
269	2.51383e-09	0.527747	1.00817	-0.000255475	-0.831549	0.437581	-0.00134935
270	2.51383e-09	-0.233352	1.1129	-0.000674737	-0.91755	-0.190178	0.00178188
271	2.51383e-09	-0.0842688	-1.14865	0.000841899	0.928081	-0.0693663	0.000906658
272	2.51383e-09	-0.701741	0.900196	-0.00228669	-0.739708	-0.574973	0.00215474
273	2.51383e-09	-0.49877	-1.02818	0.000498487	0.839391	-0.413088	-0.000541795
274	2.51383e-09	0.926999	-0.646617	0.0010077	0.534972	0.770182	-7.80055e-05
275	2.51383e-09	0.121753	1.13037	0.00252829	-0.931254	0.106001	-0.00131554
276	2.51383e-09	-0.700184	-0.890229	0.00122989	0.739113	-0.580045	0.000865874
277	2.51383e-09	-0.953116	-0.635763	-0.000407278	0.521536	-0.773663	0.00043973
278	2.51383e-09	1.04536	0.471941	0.00069644	-0.380964	0.850659	-0.000463367
279	2.51383e-09	1.0011	-0.545271	-7.04313e-05	0.450749	0.8236	0.000108245
280	2.51383e-09	0.460705	1.06837	-0.000265721	-0.851588	0.366184	-0.00174191
281	2.51383e-09	-0.695312	0.894445	0.00114725	-0.741974	-0.57892	0.000319405
282	2.51383e-09	-1.14043	-0.0549774	-0.00282723	0.0431992	-0.935801	-0.00116314
283	2.51383e-09	-0.807364	0.795696	-0.00181069	-0.655592	-0.671902	-0.000457421
284	2.51383e-09	0.198904	-1.13507	-0.00092068	0.918557	0.157421	-0.00127573
285	2.51383e-09	-0.718063	0.903552	0.00164115	-0.732029	-0.578215	0.000708303
286	2.51383e-09	-1.09727	-0.269039	0.00296111	0.221646	-0.914276	-0.00160733
287	2.51383e-09	0.0292889	-1.13958	-0.000274684	0.937262	0.0274888	-0.000804063
288	2.51383e-09	-1.11947	0.27395	-0.000562296	-0.221334	-0.903941	-0.00113661
289	2.51383e-09	-0.499798	-1.03661	0.00280066	0.840451	-0.406154	-0.00148971
290	2.51383e-09	-0.626918	-0.958046	0.00274124	0.781465	-0.511553	-0.00132197
291	2.51383e-09	0.393446	1.07799	0.0017194	-0.876617	0.318305	-0.000832014
292	2.51383e-09	-0.971045	0.637257	-0.00124952	-0.509903	-0.773129	-0.00162661
293	2.51383e-09	-1.14599	-0.00646202	0.00248567	0.00442352	-0.932787	0.00138198
294	2.51383e-09	-0.710949	0.919609	0.00179784	-0.732462	-0.571818	-0.00156126
295	2.51383e-09	0.654563	-0.927826	-0.000786964	0.769868	0.538541	0.0018883
296	2.51383e-09	-0.752472	-0.880886	-0.000832696	0.70339	-0.605937	-0.000211633
297	2.51383e-09	-0.495365	1.0359	0.000211684	-0.841999	-0.400265	-0.000801076
298	2.51383e-09	-0.924256	-0.689575	0.000661846	0.559675	-0.744271	0.00043471
299	2.51383e-09	-1.00762	-0.556412	0.00309067	0.447386	-0.822007	0.0018286
300	2.51383e-09	1.15913	-0.150585	0.000766006	0.121102	0.914513	0.000314615
301	2.51383e-09	0.534001	1.03259	0.000825647	-0.820652	0.42513	0.000757148
302	2.51383e-09	0.162784	-1.14814	-0.00352647	0.921949	0.130399	-0.00110909
303	2.51383e-09	0.554398	1.0125	-0.000118772	-0.813195	0.450806	0.00252786
304	2.51383e-09	0.354136	-1.10615	-0.000763106	0.884105	0.283767	-0.00309148
305	2.51383e-09	0.0532945	-1.14206	-0.00231435	0.9336	0.0424986	0.0015203
306	2.51383e-09	0.213631	-1.13944	-0.000352168	0.912034	0.167621	0.00242706
307	2.51383e-09	-0.580741	0.993039	-0.000114388	-0.804363	-0.47123	-0.00138966
308	2.51383e-09	-1.15476	0.127421	-0.00193277	-0.103	-0.923646	0.000961525
309	2.51383e-09	-1.08666	0.370495	-0.00122566	-0.300437	-0.884302	-0.000353566
310	2.51383e-09	-1.02113	-0.54035	0.00135645	0.431287	-0.821258	0.000171103
311	2.51383e-09	0.73712	0.886472	-0.00262498	-0.716388	0.597782	0.000824589
312	2.51383e-09	-1.09234	-0.405978	0.00265978	0.324182	-0.867672	0.000926654
313	2.51383e-09	0.0863884	-1.15386	0.00236517	0.92715	0.0693162	0.00111808
314	2.51383e-09	0.569682	1.00556	-0.00264434	-0.808769	0.458726	0.00016599
315	2.51383e-09	-0.631128	0.983264	0.00140878	-0.780178	-0.498176	-0.000612769
316	2.51383e-09	0.991005	0.611675	-0.00204826	-0.484769	0.789318	-0.00116259
317	2.51383e-09	0.803824	0.822517	0.0017922	-0.669297	0.652125	-0.000702254
318	2.51383e-09	-0.587623	-1.00462	-0.00121354	0.797738	-0.467543	-0.00243192
319	2.51383e-09	-0.631943	-0.975069	0.00320311	0.778699	-0.505272	0.000428989
320	2.51383e-09	0.641829	0.984466	0.000434665	-0.77619	0.501737	0.000572243
321	2.51383e-09	0.969744	-0.638839	0.00110147	0.513213	0.775475	-0.000287431
322	2.51383e-09	-0.359479	1.10195	0.000835418	-0.882062	-0.29507	-0.000575888
323	2.51383e-09	0.163409	-1.16707	0.000929274	0.909778	0.127589	0.00254822
324	2.51383e-09	1.13754	0.326803	0.00219388	-0.255271	0.881475	-0.00210049
325	2.51383e-09	-0.676599	-0.95598	-0.00168972	0.75332	-0.532895	-0.000473398
326	2.51383e-09	1.17073	-0.153674	0.00244392	0.119658	0.910141	-0.00144471
327	2.51383e-09	-1.02764	0.582663	-0.000206961	-0.454817	-0.799071	0.00255173
328	2.51383e-09	-0.992322	-0.598295	0.000770227	0.480179	-0.793105	0.000311682
329	2.51383e-09	-1.16459	-0.232476	0.00218426	0.174069	-0.901545	0.00151749
330	2.51383e-09	-0.489859	-1.04625	0.000733686	0.843796	-0.393476	5.92734e-05
331	2.51383e-09	0.943232	0.680089	0.00204593	-0.539124	0.753386	0.000805934
332	2.51383e-09	1.05559	-0.46997	0.000640816	0.374746	0.852515	0.000435036
333	2.51383e-09	-0.0914862	1.17562	0.000284109	-0.917304	-0.0728345	-0.000702839
334	2.51383e-09	-1.11376	0.383393	-0.00148943	-0.302856	-0.868793	-0.000622972
335	2.51383e-09	-1.09463	0.442064	0.00029564	-0.3483	-0.851688	0.00117369
336	2.51383e-09	-1.12029	0.359283	-0.000810032	-0.279012	-0.877346	-0.00128099
337	2.51383e-09	-1.07268	-0.476995	0.0016374	0.37813	-0.841558	-0.00102192
338	2.51383e-09	1.16713	-0.1371	-0.00070264	0.106362	0.914516	0.00167898
339	2.51383e-09	0.89054	-0.786373	0.000605845	0.603964	0.691412	-0.000630761
340	2.51383e-09	0.970918	-0.679676	-0.000341399	0.527664	0.752499	0.000808698
341	2.51383e-09	-1.16369	0.110224	-0.000485909	-0.0893219	-0.924149	0.00131328
342	2.51383e-09	-0.63757	0.978348	-0.00118059	-0.774973	-0.50683	0.000549535
343	2.51383e-09	-0.666434	0.953174	0.00200952	-0.758617	-0.534314	-0.00158569
344	2.51383e-09	0.935533	0.71936	0.00107519	-0.56358	0.728301	-0.000608427
345	2.51383e-09	-1.13217	-0.302255	-0.00236403	0.237936	-0.89177	0.000580669
346	2.51383e-09	-1.12594	0.275218	-0.00196092	-0.222245	-0.900619	0.000543789
347	2.51383e-09	-0.909958	0.732343	0.000611926	-0.580376	-0.72118	-0.00224696
348	2.51383e-09	-0.0697862	1.18683	-2.67395e-05	-0.914685	-0.0512897	-0.000876666
349	2.51383e-09	1.12132	0.320272	0.00121771	-0.252904	0.893601	0.0017378
350	2.51383e-09	0.633879	0.986986	-0.001334	-0.774352	0.501567	-0.000690477
351	2.51383e-09	0.594393	-1.02578	-0.000742034	0.790852	0.465676	0.000130803
352	2.51383e-09	-0.599487	1.01842	0.00397953	-0.793067	-0.46614	-0.00192837
353	2.51383e-09	-0.176097	-1.17774	0.000941281	0.90643	-0.138426	0.00023099
354	2.51383e-09	1.14796	0.308504	0.00184288	-0.238347	0.886329	0.000175528
355	2.51383e-09	-0.765547	0.870388	0.00121305	-0.699926	-0.61233	0.00073355
356	2.51383e-09	0.930159	-0.739117	-0.000830954	0.571976	0.716062	-6.08038e-05
357	2.51383e-09	1.08099	-0.462937	0.000740438	0.364331	0.848648	0.000994871
358	2.51383e-09	-0.874548	-0.820076	0.00193973	0.625608	-0.665501	-0.000924381
359	2.51383e-09	-0.906278	-0.77226	0.000709415	0.598134	-0.698034	0.000137393
360	2.51383e-09	0.884613	-0.759587	0.00163199	0.602358	0.70281	-0.00161712
361	2.51383e-09	1.17168	-0.0185255	-0.00111426	0.0145389	0.924265	0.000578354
362	2.51383e-09	-0.709487	-0.938666	0.00169097	0.734069	-0.557937	-0.00102609
363	2.51383e-09	-0.0285497	1.18821	1.01363e-05	-0.913889	-0.0204383	0.00253181
364	2.51383e-09	-0.85064	-0.793739	-0.000168906	0.631497	-0.682061	0.00167787
365	2.51383e-09	0.786749	-0.898947	0.000661689	0.686526	0.602722	-0.0010523
366	2.51383e-09	-0.789142	-0.890967	0.000779934	0.687701	-0.604931	-0.00203777
367	2.51383e-09	-0.978268	-0.682362	-0.00148561	0.526396	-0.747516	5.93164e-05
368	2.51383e-09	-0.820836	0.861135	-0.00244236	-0.666414	-0.630618	0.000165266
369	2.51383e-09	-0.172868	-1.18518	-0.0008853	0.903429	-0.135861	-0.000750257
370	2.51383e-09	1.08044	0.513085	-0.00174854	-0.390922	0.824953	-0.00080674
371	2.51383e-09	1.13344	-0.422812	-0.00274981	0.316091	0.84998	-0.000328852
372	2.51383e-09	-0.98943	-0.651522	-0.00063334	0.506052	-0.766706	0.00121823
373	2.51383e-09	0.578006	1.03897	0.000184557	-0.80202	0.445965	0.000712836
374	2.51383e-09	-1.04775	0.596382	0.000617596	-0.45132	-0.789443	-0.000924775
375	2.51383e-09	-1.19448	-0.0312286	0.000357065	0.0251496	-0.91394	0.000286307
376	2.51383e-09	1.18294	0.131406	8.88144e-06	-0.0962437	0.909625	2.4704e-05
377	2.51383e-09	0.363352	1.12717	-0.000377258	-0.876916	0.282645	0.00114741
378	2.51383e-09	-0.756172	-0.925049	5.17944e-05	0.70909	-0.579394	-0.00202818
379	2.51383e-09	-0.00783943	-1.17169	0.000472356	0.927763	-0.00450839	-0.000556303
380	2.51383e-09	-0.50151	-1.0678	0.00239032	0.833616	-0.392948	0.000333889
381	2.51383e-09	1.18459	0.0135715	0.0017021	-0.00769645	0.919472	0.000854732
382	2.51383e-09	0.829353	-0.856658	0.00018211	0.655419	0.639665	-8.24323e-05
383	2.51383e-09	1.1749	0.0808808	-0.00293612	-0.0655364	0.917936	-0.00139257
384	2.51383e-09	0.718575	-0.97207	0.00217591	0.728903	0.541801	-0.00204464
385	2.51383e-09	-1.14995	-0.286927	-0.00141654	0.223488	-0.890075	0.000763523
386	2.51383e-09	1.06854	-0.548055	0.000307232	0.413899	0.815443	0.000177141
387	2.51383e-09	0.488219	1.09738	-0.000531054	-0.833342	0.373174	-0.00229666
388	2.51383e-09	0.187112	1.18082	0.000537624	-0.907056	0.139648	-0.000134665
389	2.51383e-09	0.0456587	-1.19548	0.000300841	0.914135	0.0335291	0.000742807
390	2.51383e-09	-0.857948	0.83231	0.00125974	-0.6372	-0.654064	-0.00132119
391	2.51383e-09	0.462978	1.12217	0.00141728	-0.838747	0.342695	0.000939257
392	2.51383e-09	0.498047	-1.09331	0.00259598	0.831282	0.378893	-0.000995293
393	2.51383e-09	0.819945	0.892763	-0.00226754	-0.666838	0.61428	-0.000465529
394	2.51383e-09	-0.841825	0.862688	7.43192e-05	-0.649762	-0.634723	0.000246478
395	2.51383e-09	1.20447	-0.0813095	-0.00128403	0.0634322	0.907014	-0.000597861
396	2.51383e-09	0.315011	1.1528	-0.00116738	-0.88538	0.238775	0.00143159
397	2.51383e-09	0.940904	0.748443	-0.00104818	-0.568689	0.714045	-0.00277902
398	2.51383e-09	0.381637	1.15272	0.00239101	-0.859575	0.284282	-2.52786e-05
399	2.51383e-09	0.234629	-1.18172	-0.00186937	0.89235	0.177741	0.00189793
400	2.51383e-09	0.573258	1.0548	0.00180856	-0.800567	0.432497	0.000282944
