2.041999e+03
401
0	1	9.43208e-05	5.84368e-05	-8.62331e-08	5.36287e-08	2.98662e-08	-9.26767e-12
1	2.51383e-09	0.941774	-0.348129	0.000164814	0.347907	0.935444	0.000481819
2	2.51383e-09	-0.651561	-0.758545	-0.0014888	0.760478	-0.650829	-0.000840173
3	2.51383e-09	0.649086	0.758891	0.000714918	-0.761702	0.650015	0.00098237
4	2.51383e-09	-0.711097	0.700227	0.00107147	-0.702909	-0.713837	0.000201104
5	2.51383e-09	-0.977523	-0.216629	0.001921	0.216735	-0.976568	0.000803247
6	2.51383e-09	0.479998	-0.880301	-0.000225986	0.878832	0.478446	-0.000343339
7	2.51383e-09	-0.0904744	-0.993304	0.000255663	0.998001	-0.0886748	-0.00064092
8	2.51383e-09	-0.700247	0.719187	0.000931507	-0.712252	-0.696705	3.58914e-05
9	2.51383e-09	0.956911	0.274393	0.000125779	-0.27775	0.964473	0.000235955
10	2.51383e-09	0.0959882	0.996205	-0.000481379	-0.995679	0.0915178	-3.19207e-05
11	2.51383e-09	0.963647	-0.286486	-0.00112857	0.283024	0.956537	-0.000747117
12	2.51383e-09	0.884963	0.493194	-9.25745e-05	-0.481146	0.868401	-0.00101696
13	2.51383e-09	-0.988795	0.171894	0.00256584	-0.171309	-0.986599	0.000519877
14	2.51383e-09	-0.692026	-0.731937	0.000771219	0.727551	-0.683174	-0.00159255
15	2.51383e-09	-0.433941	-0.899416	0.00183599	0.903274	-0.437026	0.000379402
16	2.51383e-09	0.292691	-0.955853	0.00104758	0.955806	0.293967	6.37449e-05
17	2.51383e-09	0.651307	0.76202	0.000889248	-0.757303	0.651566	-0.0018284
18	2.51383e-09	-0.710328	0.723938	-0.000640106	-0.705562	-0.697757	-0.00162566
19	2.51383e-09	-0.576086	-0.844169	0.00141292	0.815536	-0.555988	-0.000840558
20	2.51383e-09	-0.347576	-0.958954	0.000352818	0.931074	-0.337155	0.000153581
21	2.51383e-09	0.76296	0.659574	0.000704931	-0.654604	0.754335	0.000838482
22	2.51383e-09	0.376294	0.93735	0.000534604	-0.925792	0.369956	-0.000270899
23	2.51383e-09	0.57209	-0.832956	0.00134679	0.822491	0.562976	0.000402561
24	2.51383e-09	-0.177855	0.997094	0.000109232	-0.979963	-0.171962	0.000334334
25	2.51383e-09	-0.901908	-0.46992	0.000248861	0.45734	-0.879727	0.00127
26	2.51383e-09	0.951606	-0.324445	-0.000492825	0.31827	0.945462	0.000676222
27	2.51383e-09	-0.0201128	-1.01396	0.00125619	0.989499	-0.022528	0.000922358
28	2.51383e-09	0.593467	-0.823474	0.00160099	0.803487	0.582406	-0.00118248
29	2.51383e-09	-0.984769	-0.2261	0.00176384	0.225163	-0.971243	-0.0016141
30	2.51383e-09	1.01073	-0.0524218	0.00173001	0.053327	0.992387	-0.00152323
31	2.51383e-09	0.694661	-0.731667	0.000141501	0.721849	0.685553	-0.000923923
32	2.51383e-09	-0.41535	0.92078	-0.00104526	-0.907103	-0.410082	2.8193e-05
33	2.51383e-09	0.356925	-0.951962	0.0010803	0.930046	0.34786	0.000102832
34	2.51383e-09	-1.02038	-0.108087	0.000361887	0.102302	-0.982307	0.00166033
35	2.51383e-09	-1.01251	-0.0829911	-0.000831766	0.0845189	-0.989426	-0.000989055
36	2.51383e-09	0.914798	0.444993	0.00113778	-0.432912	0.892216	0.000331324
37	2.51383e-09	1.01005	-0.132053	0.000113643	0.127804	0.983878	0.000105134
38	2.51383e-09	-1.00982	0.0576921	0.000783628	-0.0576009	-0.993092	0.000351628
39	2.51383e-09	-0.799064	-0.627279	0.000644308	0.615365	-0.778895	-0.000756755
40	2.51383e-09	0.142551	0.999189	-0.000698619	-0.986773	0.137139	-0.00121455
41	2.51383e-09	-0.84893	-0.560706	0.000647685	0.547335	-0.825281	-0.00191936
42	2.51383e-09	-1.00599	0.218128	0.0012957	-0.207682	-0.963418	0.000811343
43	2.51383e-09	-0.207209	-1.00351	0.00120726	0.966596	-0.20285	0.00135205
44	2.51383e-09	-0.455197	0.924267	-6.24539e-05	-0.882629	-0.437108	-0.00049895
45	2.51383e-09	0.437906	0.927862	-0.000858915	-0.891294	0.422795	0.000789614
46	2.51383e-09	0.245826	-1.003	-0.000767996	0.954991	0.233642	0.00101184
47	2.51383e-09	0.164849	-1.00456	-0.000998587	0.977769	0.1587	0.000759103
48	2.51383e-09	-0.403691	0.940817	-0.00101123	-0.906646	-0.392767	0.000220994
49	2.51383e-09	-0.456715	-0.919365	-0.00106764	0.88532	-0.43821	-0.000108459
50	2.51383e-09	-0.639377	0.800841	-0.0018095	-0.77356	-0.615112	0.00046811
51	2.51383e-09	0.809082	-0.623189	5.36591e-05	0.602324	0.786573	-6.34041e-05
52	2.51383e-09	-0.881065	0.542235	-0.000799253	-0.514122	-0.837326	0.00157039
53	2.51383e-09	0.97618	-0.319226	-0.00134997	0.302185	0.938555	-0.00122468
54	2.51383e-09	0.833736	-0.599836	-0.000365384	0.575753	0.79927	0.000123987
55	2.51383e-09	0.986214	-0.311003	0.000212162	0.297222	0.937679	-0.000477916
56	2.51383e-09	0.739984	0.71434	-0.00191323	-0.687636	0.705487	0.00101684
57	2.51383e-09	0.719267	-0.74368	0.000583161	0.705323	0.684692	-0.00132944
58	2.51383e-09	-0.216865	1.01181	0.000498027	-0.961676	-0.203925	0.00144638
59	2.51383e-09	1.00272	-0.184675	0.00078805	0.175485	0.975595	0.000734648
60	2.51383e-09	-1.01626	0.0705931	-0.0022344	-0.0694874	-0.989814	-0.00155372
61	2.51383e-09	0.138335	-1.03457	0.000488386	0.970101	0.132673	0.000157029
62	2.51383e-09	-1.03503	0.00382917	-0.000684185	-0.00627391	-0.981247	0.00057335
63	2.51383e-09	-0.729324	-0.72587	0.0011684	0.694242	-0.69894	0.000205804
64	2.51383e-09	0.987151	0.261869	0.000908511	-0.249728	0.95882	0.00138147
65	2.51383e-09	1.03209	-0.0600215	0.00166331	0.0595029	0.982117	0.00137446
66	2.51383e-09	-0.909813	0.486368	0.00205298	-0.463954	-0.866586	-0.00201295
67	2.51383e-09	-1.02285	0.163915	0.000504363	-0.156516	-0.969275	-0.00193807
68	2.51383e-09	0.868115	0.551582	0.000571828	-0.529544	0.833535	-0.002326
69	2.51383e-09	-1.02596	0.0939689	0.00112896	-0.0913049	-0.982402	-0.000473897
70	2.51383e-09	0.361926	0.966033	-0.000267236	-0.92251	0.344599	-0.000508454
71	2.51383e-09	0.53737	-0.886237	0.000448178	0.840576	0.50978	0.000982195
72	2.51383e-09	1.04012	0.153966	0.000745518	-0.147608	0.962147	0.000485754
73	2.51383e-09	-0.998636	0.252061	-0.000454014	-0.238791	-0.957631	-0.000433757
74	2.51383e-09	0.909288	-0.488956	-0.000379882	0.470324	0.865228	0.00214394
75	2.51383e-09	1.03497	0.0568051	0.00107224	-0.0551928	0.979858	-0.000402889
76	2.51383e-09	0.38847	-0.964252	0.000818933	0.912531	0.366764	6.1661e-05
77	2.51383e-09	1.0116	0.275172	-6.2518e-05	-0.255053	0.942787	0.00105519
78	2.51383e-09	-0.189771	1.02438	-0.000113203	-0.96266	-0.175449	0.00052313
79	2.51383e-09	0.894389	0.505928	-0.000282473	-0.486404	0.857582	-0.000887387
80	2.51383e-09	0.338197	-0.991572	-0.00158552	0.921942	0.316621	-0.000845738
81	2.51383e-09	-0.312239	0.996347	-0.00141085	-0.933694	-0.290458	-0.000638775
82	2.51383e-09	-0.0493754	-1.05004	-0.000230498	0.971528	-0.0496455	0.000228726
83	2.51383e-09	-0.0744472	1.03929	0.0015902	-0.977718	-0.072283	-0.0015815
84	2.51383e-09	0.631541	0.8275	0.00137337	-0.780304	0.592534	-0.00108553
85	2.51383e-09	-0.783835	0.675006	0.00158896	-0.640652	-0.746177	0.000822891
86	2.51383e-09	0.324656	0.991838	-0.000356356	-0.928925	0.307035	-0.00103054
87	2.51383e-09	-0.798091	-0.661939	-2.42057e-05	0.625857	-0.756495	-0.000794155
88	2.51383e-09	-1.03998	-0.0916681	0.00156886	0.0865518	-0.972653	-0.00129625
89	2.51383e-09	-0.471695	0.941436	0.000561118	-0.871099	-0.435838	8.12218e-05
90	2.51383e-09	0.340043	0.985469	0.0012816	-0.926211	0.319595	-0.000799114
91	2.51383e-09	0.106091	-1.03618	-0.000402413	0.974812	0.103557	-0.000684864
92	2.51383e-09	1.03938	-0.16152	-0.000150725	0.149749	0.964305	-0.000843719
93	2.51383e-09	-0.719986	-0.77245	0.00155715	0.708849	-0.665709	0.000634391
94	2.51383e-09	-0.381974	0.978615	-0.00132498	-0.911208	-0.352842	-0.00136305
95	2.51383e-09	-0.844055	0.614954	-0.000741174	-0.579335	-0.789294	-0.000559237
96	2.51383e-09	-0.433338	-0.960933	0.00132698	0.886946	-0.401697	-0.00139821
97	2.51383e-09	1.05229	-0.0840388	0.004337	0.0800354	0.967985	0.00201802
98	2.51383e-09	0.994441	0.361007	0.00135762	-0.329023	0.915606	0.000300766
99	2.51383e-09	0.961604	-0.44021	-0.000165272	0.404998	0.884468	0.000620358
100	2.51383e-09	-0.0028859	1.05032	0.000447409	-0.977101	-8.00976e-05	0.000105138
101	2.51383e-09	-0.42324	0.945599	0.000944215	-0.897561	-0.397853	0.000627104
102	2.51383e-09	-0.264852	-1.00425	-0.00140603	0.949549	-0.253627	-0.000160353
103	2.51383e-09	0.933377	-0.492709	-7.95701e-05	0.455667	0.859027	-7.59885e-05
104	2.51383e-09	-0.855556	0.61319	0.000583335	-0.570547	-0.791875	-1.84699e-05
105	2.51383e-09	1.05122	0.0769551	0.00010466	-0.0648777	0.969255	0.000354668
106	2.51383e-09	1.05435	0.0116382	-0.00172518	-0.0119279	0.973288	-0.00179063
107	2.51383e-09	-0.633001	0.830178	0.000326579	-0.776985	-0.598927	0.00133133
108	2.51383e-09	-0.192938	-1.04892	0.000304711	0.950965	-0.175762	-0.00129461
109	2.51383e-09	-0.296119	-1.01663	0.000296243	0.933246	-0.269802	0.000424442
110	2.51383e-09	-0.828895	0.656627	-0.000923991	-0.603543	-0.76151	0.00238473
111	2.51383e-09	0.992936	0.383101	-0.000611501	-0.351771	0.9061	0.000166856
112	2.51383e-09	0.831374	0.648867	5.84921e-05	-0.598639	0.768488	0.000762014
113	2.51383e-09	0.0655951	-1.05603	-0.000946028	0.968695	0.0605408	-0.00036054
114	2.51383e-09	0.104861	-1.05582	0.000528169	0.965327	0.0942132	-0.00192322
115	2.51383e-09	1.04743	0.194016	-0.00250477	-0.176938	0.950836	-0.00169857
116	2.51383e-09	-0.80349	0.684956	0.000596659	-0.628754	-0.742327	9.44554e-05
117	2.51383e-09	-1.0027	-0.328266	0.000461327	0.305094	-0.92525	-0.00124094
118	2.51383e-09	-0.546477	-0.914469	-0.00252725	0.832369	-0.49787	0.000941663
119	2.51383e-09	-0.407553	0.975806	6.91696e-05	-0.897228	-0.375082	-0.000834427
120	2.51383e-09	0.928596	0.508083	-0.000805269	-0.465498	0.85545	0.000115651
121	2.51383e-09	0.689053	0.81312	-0.00130378	-0.742655	0.622768	-0.000939878
122	2.51383e-09	-0.94121	0.493372	0.00014161	-0.449216	-0.857199	-0.000140086
123	2.51383e-09	-0.883968	-0.568212	0.000787001	0.529399	-0.821049	-0.000355697
124	2.51383e-09	0.908708	0.55838	0.00118598	-0.510666	0.824291	0.0016616
125	2.51383e-09	0.127603	-1.05348	-0.00179901	0.963672	0.113635	0.000446402
126	2.51383e-09	-0.177415	-1.04858	0.00034472	0.957604	-0.158861	0.000965894
127	2.51383e-09	-1.0486	-0.144523	-0.00157116	0.134076	-0.962226	0.00186663
128	2.51383e-09	-0.971885	0.435389	7.35885e-05	-0.393052	-0.885762	0.000986179
129	2.51383e-09	-0.468837	0.963773	0.0020559	-0.867465	-0.423455	0.000104154
130	2.51383e-09	0.933269	0.486587	0.000293525	-0.449849	0.864743	0.00129854
131	2.51383e-09	-1.07508	-0.0818843	-0.000130362	0.0689648	-0.959637	0.000280877
132	2.51383e-09	-0.98955	-0.425483	0.00133839	0.38222	-0.883839	-0.000561442
133	2.51383e-09	-0.300615	-1.02086	0.00354639	0.929466	-0.272272	0.000555839
134	2.51383e-09	0.600906	-0.876812	-0.00290195	0.800412	0.547947	0.000420916
135	2.51383e-09	-1.00723	-0.34316	-0.0016415	0.311932	-0.918548	-0.000493759
136	2.51383e-09	0.853054	0.653755	-0.000498143	-0.589157	0.76345	0.00260767
137	2.51383e-09	0.322482	-1.01636	0.000376602	0.924125	0.290674	0.00123507
138	2.51383e-09	0.717053	0.799435	-0.000473027	-0.71668	0.646654	0.00244559
139	2.51383e-09	0.329354	-1.00933	-7.27936e-05	0.922937	0.301662	0.000815831
140	2.51383e-09	0.717165	0.805733	-0.00145037	-0.719435	0.63864	0.000712349
141	2.51383e-09	-0.202357	1.04365	-0.00232461	-0.952526	-0.180829	0.000891217
142	2.51383e-09	-0.214075	1.05605	-0.000418565	-0.942817	-0.19369	-0.000374849
143	2.51383e-09	-0.827805	-0.679227	0.00208912	0.612672	-0.746906	0.000208974
144	2.51383e-09	0.366692	1.01403	1.4605e-05	-0.90553	0.328591	0.000157764
145	2.51383e-09	-0.367345	1.00547	2.33824e-06	-0.908713	-0.332153	-0.00106173
146	2.51383e-09	-0.651296	-0.871369	0.000970669	0.767498	-0.573025	-0.000311404
147	2.51383e-09	-0.931883	0.537441	-0.000481	-0.484874	-0.835946	0.0010115
148	2.51383e-09	0.389407	-1.00565	0.00198668	0.896726	0.350875	0.000457439
149	2.51383e-09	0.827113	0.695537	-0.000803959	-0.620372	0.730408	-0.000516637
150	2.51383e-09	-1.07112	0.0635311	0.00201504	-0.0579578	-0.96322	-0.000140614
151	2.51383e-09	0.688617	0.837551	0.000253091	-0.739622	0.6101	-0.0012561
152	2.51383e-09	0.514183	-0.942076	0.00124778	0.847767	0.460192	-0.00269986
153	2.51383e-09	-0.941903	-0.534427	-0.000282818	0.474633	-0.834145	0.00065144
154	2.51383e-09	1.00286	-0.419704	-0.000948595	0.368914	0.886768	6.14008e-05
155	2.51383e-09	0.822881	0.690178	0.0028199	-0.623117	0.73866	0.000367908
156	2.51383e-09	1.01626	-0.367627	0.00186096	0.3233	0.9064	0.000512367
157	2.51383e-09	-0.86732	-0.635628	0.000676171	0.568794	-0.779171	0.000814782
158	2.51383e-09	-1.08555	-0.0771554	0.000373531	0.0718941	-0.955462	-0.000517744
159	2.51383e-09	-0.988032	-0.428974	0.00233397	0.384793	-0.883013	-0.00175893
160	2.51383e-09	-1.08181	0.0299417	-0.000399926	-0.0222122	-0.960625	-0.000542653
161	2.51383e-09	0.241823	1.06678	0.00107802	-0.93188	0.211047	-0.000422456
162	2.51383e-09	-0.639956	0.869915	0.000259439	-0.777338	-0.569252	-0.00117842
163	2.51383e-09	-0.884363	0.612556	-0.00190257	-0.549501	-0.792808	-0.00122966
164	2.51383e-09	0.552916	-0.911434	-0.000329625	0.827806	0.504275	0.000592434
165	2.51383e-09	-1.0685	-0.207945	0.00224411	0.181647	-0.939616	0.000795906
166	2.51383e-09	-0.415803	1.0034	6.94371e-05	-0.887078	-0.365462	-0.000105473
167	2.51383e-09	-0.663661	0.862924	-0.00249177	-0.756372	-0.585795	-0.00152312
168	2.51383e-09	-0.208118	1.05281	0.00140946	-0.947664	-0.191885	0.00141874
169	2.51383e-09	0.811449	-0.714857	0.00028712	0.63748	0.72133	0.00070706
170	2.51383e-09	1.01706	-0.396787	0.0013585	0.351159	0.891399	-0.00273244
171	2.51383e-09	-0.980689	0.461401	-0.00229514	-0.408873	-0.87069	-0.00187102
172	2.51383e-09	-1.08589	-0.175375	0.00118757	0.153355	-0.940956	0.000964494
173	2.51383e-09	1.04839	0.332019	0.00101703	-0.289359	0.909011	0.000749385
174	2.51383e-09	-0.691602	-0.861903	-0.000450845	0.740782	-0.593021	-0.00168448
175	2.51383e-09	-0.855485	0.686202	0.00115377	-0.593655	-0.745735	-0.00107416
176	2.51383e-09	0.499057	-0.952037	0.00109205	0.85447	0.446279	0.000350384
177	2.51383e-09	1.05352	0.301041	-0.000647636	-0.262387	0.918908	-0.000460137
178	2.51383e-09	-0.042717	1.09326	0.000526403	-0.956392	-0.0369147	0.000310468
179	2.51383e-09	0.644177	0.877033	0.00148306	-0.773512	0.56698	0.00108065
180	2.51383e-09	0.713808	0.812983	-6.59166e-05	-0.722528	0.636603	0.00193358
181	2.51383e-09	0.677134	0.863082	0.00043062	-0.751569	0.587072	0.000595368
182	2.51383e-09	0.764081	0.770368	-0.00224863	-0.683961	0.674435	-0.000708416
183	2.51383e-09	0.723134	-0.836377	0.00198732	0.720285	0.622082	0.000525869
184	2.51383e-09	-0.288733	1.0643	0.000688682	-0.917702	-0.250167	-0.000389847
185	2.51383e-09	-0.0924405	1.08622	0.000446184	-0.953856	-0.083938	0.00112493
186	2.51383e-09	-0.969056	-0.465128	0.000334726	0.418126	-0.871537	0.000199677
187	2.51383e-09	1.08772	0.0617015	0.000499289	-0.052557	0.957086	-0.000797926
188	2.51383e-09	-0.000922283	-1.09282	0.00101079	0.956832	-0.00241772	-0.000145763
189	2.51383e-09	-1.04027	0.318721	-0.00158905	-0.284607	-0.917332	-0.000303028
190	2.51383e-09	-0.574546	-0.940854	-0.000426023	0.811437	-0.496504	0.000936841
191	2.51383e-09	-0.615838	0.901983	-0.00161934	-0.790979	-0.541815	-0.00177372
192	2.51383e-09	-0.269699	-1.07214	-7.43859e-05	0.920416	-0.232977	0.000573524
193	2.51383e-09	-0.530756	0.962859	-0.00079702	-0.836258	-0.460005	0.000395082
194	2.51383e-09	0.251789	1.07716	0.00114847	-0.926092	0.215686	0.00111287
195	2.51383e-09	0.959973	0.515707	0.00236058	-0.454202	0.845791	0.00202072
196	2.51383e-09	0.729185	-0.822399	-0.00117053	0.713056	0.635561	-0.000585872
197	2.51383e-09	0.398974	-1.01541	-0.00102986	0.892385	0.346895	0.000374027
198	2.51383e-09	-0.245751	-1.08749	-0.00138848	0.924513	-0.203725	-0.000880928
199	2.51383e-09	-1.03911	0.348311	-2.78741e-05	-0.304509	-0.906655	2.02888e-05
200	2.51383e-09	-0.100554	-1.10435	-0.00246434	0.94557	-0.0879621	0.00134328
201	2.51383e-09	-0.268181	1.07899	-0.000760272	-0.916742	-0.231133	0.000277756
202	2.51383e-09	-0.264021	1.06909	0.00121701	-0.927295	-0.225447	-0.000230421
203	2.51383e-09	-0.997409	0.453108	-0.00154811	-0.39405	-0.868819	0.000909637
204	2.51383e-09	-0.596182	-0.92809	0.000959807	0.801858	-0.512837	-0.00158459
205	2.51383e-09	0.981134	0.521859	0.000991693	-0.443868	0.838619	-0.0005393
206	2.51383e-09	-0.895832	-0.635567	0.00310592	0.552767	-0.778679	-0.000798054
207	2.51383e-09	0.540957	0.965838	-0.000769344	-0.828834	0.462273	-0.000625402
208	2.51383e-09	0.503706	-0.982737	-0.000842019	0.84797	0.431978	0.000329364
209	2.51383e-09	-0.388249	-1.02509	0.000670696	0.89135	-0.341309	-0.00123263
210	2.51383e-09	0.616973	-0.926896	0.000771304	0.788564	0.52547	-0.000358374
211	2.51383e-09	0.917766	-0.627396	-0.00102326	0.533927	0.78087	-0.000883162
212	2.51383e-09	-0.954328	-0.578312	0.000500388	0.495026	-0.808183	-0.000818679
213	2.51383e-09	0.16847	-1.08793	-0.000692487	0.941341	0.143368	-0.000132907
214	2.51383e-09	0.39111	-1.02798	-0.00140715	0.892755	0.339052	-0.000719683
215	2.51383e-09	-1.06978	-0.328412	0.00136912	0.273416	-0.90307	-7.65519e-05
216	2.51383e-09	-0.181989	-1.09896	0.000488458	0.932985	-0.157033	0.000267017
217	2.51383e-09	0.545988	-0.96802	0.00059713	0.824391	0.470612	5.38407e-05
218	2.51383e-09	1.09309	-0.0769417	0.00035877	0.0661671	0.953692	-6.74411e-05
219	2.51383e-09	-0.978391	0.54811	-0.00130532	-0.462059	-0.822472	0.000187565
220	2.51383e-09	-1.08912	-0.20627	0.000640723	0.175647	-0.93513	0.000808583
221	2.51383e-09	1.10399	-0.0531056	-0.000773255	0.0427007	0.951442	-0.000666965
222	2.51383e-09	0.899575	0.670712	0.00195744	-0.562299	0.756875	-0.000749182
223	2.51383e-09	0.229425	-1.09444	0.000307773	0.924448	0.196512	0.000858159
224	2.51383e-09	-1.05	0.362323	-0.00114804	-0.308461	-0.898015	-0.000202395
225	2.51383e-09	0.307375	-1.06476	-0.000473319	0.913731	0.262701	0.00126192
226	2.51383e-09	-1.11784	-0.117604	-0.00114636	0.0985976	-0.938391	-0.000819221
227	2.51383e-09	0.858052	0.701443	0.000617714	-0.602046	0.736388	-0.00146939
228	2.51383e-09	0.355999	1.05807	0.00121366	-0.896988	0.302786	-0.000395976
229	2.51383e-09	0.0752558	1.13328	0.00190164	-0.935623	0.059918	0.000742076
230	2.51383e-09	-1.09131	-0.278497	-0.00152698	0.234795	-0.913304	-0.000215664
231	2.51383e-09	-0.434787	1.05143	-0.00262371	-0.866076	-0.356143	0.000667582
232	2.51383e-09	0.226112	1.08776	-0.00102042	-0.928132	0.190843	0.00172015
233	2.51383e-09	0.331323	-1.07331	-0.00101928	0.900732	0.274627	-0.000924895
234	2.51383e-09	-0.533436	-0.97812	0.00150397	0.830426	-0.454564	-0.00149378
235	2.51383e-09	0.523064	0.996569	-0.0023135	-0.833916	0.438196	0.000862561
236	2.51383e-09	-1.11996	0.102305	0.000474056	-0.0866535	-0.940099	0.00180992
237	2.51383e-09	-0.996436	-0.506126	0.000238692	0.427023	-0.845247	0.0013099
238	2.51383e-09	0.882863	0.695912	-0.000901888	-0.5815	0.741457	0.00135649
239	2.51383e-09	0.866079	0.701926	-0.0020961	-0.594226	0.73728	-0.000344909
240	2.51383e-09	-0.726548	-0.872174	0.00132181	0.72106	-0.597879	0.00174438
241	2.51383e-09	1.06665	-0.328973	-0.00144279	0.274439	0.907557	0.000966631
242	2.51383e-09	-1.09064	-0.347642	-4.45234e-05	0.283435	-0.890101	-0.00330845
243	2.51383e-09	0.949291	0.60721	-0.000952482	-0.511239	0.791583	0.000211849
244	2.51383e-09	1.12399	-0.0481029	0.000224707	0.0376999	0.941665	-3.33391e-05
245	2.51383e-09	0.17149	-1.11161	0.00142901	0.93314	0.145787	-1.91766e-05
246	2.51383e-09	-0.771011	0.824809	-0.00121795	-0.684064	-0.64361	-0.00220539
247	2.51383e-09	0.971777	-0.536766	-0.000493667	0.461127	0.830061	0.00165181
248	2.51383e-09	-1.07955	-0.303691	0.00314256	0.257433	-0.905533	-0.000298778
249	2.51383e-09	-0.887622	-0.681644	-0.000498509	0.576105	-0.74831	-0.000242458
250	2.51383e-09	0.874204	0.706879	0.00111131	-0.592375	0.733212	-8.21138e-05
251	2.51383e-09	-0.641841	-0.937738	0.00107163	0.776135	-0.526798	0.00261054
252	2.51383e-09	-1.12078	-0.0116655	0.00229161	0.00809171	-0.946987	0.0017838
253	2.51383e-09	-1.02834	0.467002	-0.000895694	-0.389696	-0.854719	0.00156211
254	2.51383e-09	-0.937634	0.600711	-0.000315859	-0.509166	-0.801324	-0.00116665
255	2.51383e-09	-0.745322	0.851162	-0.00182884	-0.705214	-0.622721	-0.000297688
256	2.51383e-09	-0.832695	-0.760353	-8.20154e-05	0.6346	-0.697659	-0.00160582
257	2.51383e-09	1.0779	0.349447	0.00102729	-0.290656	0.893342	2.43007e-05
258	2.51383e-09	0.539515	-0.993555	-0.000133246	0.829609	0.444845	0.000719253
259	2.51383e-09	1.0689	0.341788	0.000922224	-0.286024	0.900109	-0.000485498
260	2.51383e-09	-0.0716425	-1.1319	-0.000749417	0.936268	-0.0640539	-0.00127798
261	2.51383e-09	1.01167	0.530158	-0.000533583	-0.431411	0.830373	0.000138028
262	2.51383e-09	0.234422	-1.10514	-0.000196367	0.919496	0.19533	9.8986e-05
263	2.51383e-09	0.853794	-0.750291	6.65849e-05	0.618803	0.705674	0.000913334
264	2.51383e-09	0.720299	-0.861774	-0.000114684	0.726075	0.604945	0.000574192
265	2.51383e-09	-0.245315	1.12011	-0.0016063	-0.909642	-0.202647	8.47429e-05
266	2.51383e-09	0.359857	-1.08513	-0.000280905	0.886712	0.293338	-0.00173855
267	2.51383e-09	0.791033	0.809441	0.002075	-0.672665	0.654298	-0.00110064
268	2.51383e-09	-1.01135	-0.517601	0.00042652	0.425031	-0.833636	0.000455404
269	2.51383e-09	-0.873603	-0.73314	0.00179612	0.601706	-0.716496	0.000116283
270	2.51383e-09	1.01831	0.496323	0.00073799	-0.410238	0.845215	0.000450938
271	2.51383e-09	-1.08297	0.363868	0.000994858	-0.300186	-0.886973	0.000808981
272	2.51383e-09	0.766168	0.836583	0.000302019	-0.695244	0.635193	-0.00120997
273	2.51383e-09	1.07838	-0.378631	6.17334e-05	0.311383	0.880859	-0.000151225
274	2.51383e-09	-0.926487	0.657059	0.00109579	-0.54582	-0.762982	-0.000829113
275	2.51383e-09	-0.5558	1.00036	-0.00159561	-0.816054	-0.451762	0.00221301
276	2.51383e-09	-0.137401	-1.13134	0.000656479	0.928595	-0.113805	-0.000604448
277	2.51383e-09	0.978755	-0.586646	0.000104535	0.482726	0.800714	0.000577392
278	2.51383e-09	1.13782	-0.143679	0.000786407	0.121136	0.924422	-0.000297457
279	2.51383e-09	-0.693008	0.914131	0.000132857	-0.742624	-0.562658	-0.000113771
280	2.51383e-09	-1.1182	0.256809	-0.00151381	-0.211073	-0.910133	0.000128833
281	2.51383e-09	-1.06387	-0.404231	0.000574044	0.330817	-0.877493	0.000259525
282	2.51383e-09	-1.14149	-0.12268	0.00103962	0.100145	-0.925862	-0.000409648
283	2.51383e-09	0.729863	0.887509	-0.000685638	-0.720629	0.591017	-0.000998455
284	2.51383e-09	0.186304	-1.13504	-0.00160468	0.920652	0.149879	0.000903718
285	2.51383e-09	1.00186	-0.576523	0.00109869	0.461407	0.805929	-0.00105834
286	2.51383e-09	1.13084	0.156042	0.00206929	-0.130147	0.926467	-0.00101783
287	2.51383e-09	-0.744416	0.878207	-0.00071216	-0.71006	-0.601564	-0.00038198
288	2.51383e-09	-1.12553	0.256632	0.00103181	-0.207344	-0.905928	0.000130058
289	2.51383e-09	1.04079	0.499004	0.00188071	-0.403653	0.83933	-0.00241384
290	2.51383e-09	-1.07008	-0.399766	0.00030596	0.33076	-0.875991	-0.000522807
291	2.51383e-09	-1.1494	0.0708204	0.00236996	-0.0614229	-0.929883	0.00121199
292	2.51383e-09	-1.15644	0.0247365	-0.000144106	-0.0210064	-0.926594	-0.000530294
293	2.51383e-09	-0.445343	-1.05856	-0.00158989	0.859327	-0.361239	0.000643214
294	2.51383e-09	0.686798	-0.924235	0.00229289	0.748555	0.555365	-0.00109649
295	2.51383e-09	-0.138355	-1.13457	0.0005865	0.928385	-0.112858	-0.0010063
296	2.51383e-09	1.10456	-0.338148	0.00147069	0.269246	0.890084	0.000167916
297	2.51383e-09	0.345357	1.09339	-0.000188229	-0.891284	0.280639	-0.00287572
298	2.51383e-09	0.745346	0.881064	0.00019955	-0.710684	0.602231	0.000847691
299	2.51383e-09	1.15317	0.0137824	0.00173396	-0.0136441	0.930146	-0.000281146
300	2.51383e-09	-0.873596	0.770122	9.88891e-07	-0.61053	-0.696866	0.000402118
301	2.51383e-09	0.281166	1.13374	-4.32516e-05	-0.895205	0.22253	0.000653198
302	2.51383e-09	-1.15977	-0.0955701	0.00109784	0.0784913	-0.922852	-0.000835501
303	2.51383e-09	-1.05569	-0.459867	0.000353723	0.373819	-0.855881	0.00107623
304	2.51383e-09	1.12637	0.279106	0.00169649	-0.221426	0.901791	-0.00122904
305	2.51383e-09	-0.0909262	-1.15015	-0.0016508	0.928038	-0.0761849	-0.00122538
306	2.51383e-09	-1.02626	-0.520027	0.00057748	0.420059	-0.832078	-0.000158678
307	2.51383e-09	-0.546961	1.02489	0.000212518	-0.814612	-0.44103	-0.00100675
308	2.51383e-09	0.0896123	-1.15576	-0.00214739	0.926687	0.0718844	-0.00115387
309	2.51383e-09	0.959167	0.634626	-0.000275382	-0.514647	0.777347	0.000609141
310	2.51383e-09	0.648826	-0.946501	-0.000606778	0.768597	0.528579	0.00131657
311	2.51383e-09	0.363148	1.09157	0.00163038	-0.886142	0.296355	-0.00115344
312	2.51383e-09	0.891931	-0.748927	0.000481044	0.599211	0.707426	0.000445487
313	2.51383e-09	0.8687	0.766075	1.3499e-05	-0.61405	0.696546	0.00286137
314	2.51383e-09	-0.340044	-1.1051	0.00107812	0.889597	-0.272642	-0.00102104
315	2.51383e-09	0.319569	-1.11959	0.00110322	0.889709	0.256605	-0.000359163
316	2.51383e-09	1.09991	0.36368	0.00125465	-0.290395	0.884075	0.00027881
317	2.51383e-09	-1.05866	0.488046	-0.000940893	-0.390463	-0.838922	0.00118893
318	2.51383e-09	-0.232914	1.14466	0.00104562	-0.905144	-0.186312	0.000801667
319	2.51383e-09	0.427262	-1.08629	0.00021838	0.86166	0.336225	-0.00038826
320	2.51383e-09	-0.0132771	1.16194	0.000538618	-0.929796	-0.0100269	-0.000280218
321	2.51383e-09	1.0305	-0.537111	-0.00119973	0.429676	0.822595	-0.000385663
322	2.51383e-09	-0.44267	-1.08176	0.00163321	0.855238	-0.349764	-0.00106802
323	2.51383e-09	0.26791	1.14106	0.00150955	-0.901121	0.209361	0.00149061
324	2.51383e-09	-0.887868	0.766751	0.000699692	-0.608101	-0.696534	-0.000700185
325	2.51383e-09	0.269866	1.12917	-0.000760155	-0.90307	0.216568	0.00137616
326	2.51383e-09	0.284515	1.13156	-0.00212201	-0.89838	0.223636	-0.000202529
327	2.51383e-09	0.181237	-1.15916	-0.000447591	0.910524	0.144617	0.00186612
328	2.51383e-09	-1.1476	-0.209963	0.000787757	0.164634	-0.908853	0.000552232
329	2.51383e-09	-0.982277	-0.673303	-0.00214843	0.516355	-0.754967	0.00155205
330	2.51383e-09	1.15897	-0.0997174	0.000824613	0.0796869	0.924734	-0.00125058
331	2.51383e-09	1.17168	-0.108497	0.000241793	0.0892818	0.914952	9.39165e-05
332	2.51383e-09	0.258999	1.13524	-0.00171423	-0.904399	0.204094	0.00169134
333	2.51383e-09	-1.14782	0.261964	0.000536581	-0.20418	-0.899333	-0.00113681
334	2.51383e-09	0.776977	0.876429	0.00127512	-0.691966	0.612076	-0.000768549
335	2.51383e-09	1.15226	-0.21795	0.0021554	0.172831	0.909289	0.0011495
336	2.51383e-09	-0.373544	1.10864	-0.000757515	-0.875563	-0.298932	0.000818768
337	2.51383e-09	-0.221738	-1.15326	-0.000178365	0.906298	-0.175805	0.00082946
338	2.51383e-09	1.08798	0.41468	0.00119117	-0.330297	0.864584	-0.000297673
339	2.51383e-09	1.05434	-0.553604	-0.000120278	0.426146	0.810812	-0.000939334
340	2.51383e-09	-1.06739	-0.518658	-0.000174104	0.40158	-0.8262	-4.35433e-05
341	2.51383e-09	0.995018	0.645235	0.000762828	-0.499803	0.767947	-0.000103842
342	2.51383e-09	0.314142	-1.12842	0.00157422	0.889974	0.247766	0.000440902
343	2.51383e-09	0.379157	-1.10818	-0.000957442	0.872921	0.29859	0.000200917
344	2.51383e-09	1.04695	0.526899	0.00147976	-0.41623	0.826312	7.32904e-05
345	2.51383e-09	-0.19292	-1.16148	-0.00019978	0.908992	-0.151897	-0.00125499
346	2.51383e-09	-1.14989	0.143704	0.000592377	-0.115857	-0.921345	-0.000718075
347	2.51383e-09	-0.213022	1.14603	-0.000111212	-0.912778	-0.169904	0.00131129
348	2.51383e-09	1.03616	0.567594	0.0004378	-0.440185	0.807024	0.000703405
349	2.51383e-09	0.960477	0.673578	-0.000589989	-0.52756	0.760378	-0.000848683
350	2.51383e-09	-1.02372	-0.575156	0.000424245	0.457027	-0.801667	-0.00140787
351	2.51383e-09	-1.18399	0.0231088	-0.00119147	-0.0225463	-0.917971	0.00150068
352	2.51383e-09	-0.911044	0.749843	-0.000565105	-0.585194	-0.711728	0.00227508
353	2.51383e-09	-1.00855	-0.623468	-0.000136789	0.48397	-0.780769	0.000681225
354	2.51383e-09	-0.571841	1.04524	-8.38243e-05	-0.804386	-0.436954	0.00148642
355	2.51383e-09	0.120272	1.16627	0.000472247	-0.918095	0.0937042	-0.000431555
356	2.51383e-09	-1.0511	0.542571	-3.04464e-05	-0.42127	-0.816548	-0.000656097
357	2.51383e-09	0.0176608	1.1826	-0.00188608	-0.919426	0.013525	0.000957646
358	2.51383e-09	-1.04758	0.555031	-0.00138877	-0.428129	-0.814398	0.000712421
359	2.51383e-09	0.405145	-1.11965	0.00045921	0.860774	0.31086	-0.00046289
360	2.51383e-09	-0.0464281	-1.17179	0.000715782	0.923757	-0.0401754	1.23556e-05
361	2.51383e-09	-0.928188	0.735597	0.00217632	-0.570194	-0.720472	0.000722907
362	2.51383e-09	1.13054	-0.345766	0.0012695	0.267353	0.879411	-0.000193236
363	2.51383e-09	-0.263689	1.1478	0.00109459	-0.896842	-0.206658	-0.000761268
364	2.51383e-09	0.0987322	1.16683	-0.00137323	-0.922011	0.0759533	-0.000809337
365	2.51383e-09	1.11328	-0.403712	-0.00119676	0.31317	0.865882	-4.1853e-05
366	2.51383e-09	0.991993	0.652402	-0.000368994	-0.504543	0.767209	-0.00085366
367	2.51383e-09	-1.14325	-0.332913	0.000844578	0.257834	-0.878232	0.0013318
368	2.51383e-09	1.13962	0.357685	-0.00101885	-0.275756	0.872983	0.00152956
369	2.51383e-09	1.04624	-0.584903	-0.000771327	0.445071	0.796464	-0.00167683
370	2.51383e-09	0.965922	0.691425	0.00111818	-0.532046	0.745827	-0.000387256
371	2.51383e-09	0.684084	0.978357	0.000686506	-0.750371	0.524675	-0.00222013
372	2.51383e-09	0.871168	-0.811776	-0.00196754	0.626123	0.670324	0.000812564
373	2.51383e-09	-0.660437	0.99208	-0.00108086	-0.761094	-0.508159	0.000159733
374	2.51383e-09	-1.07126	0.545899	-0.000280291	-0.413672	-0.810932	-0.000553466
375	2.51383e-09	-0.910075	0.773864	0.000742405	-0.590921	-0.697543	0.000744442
376	2.51383e-09	1.18115	-0.139809	-0.00112303	0.108643	0.910248	0.000405075
377	2.51383e-09	-0.947339	0.715994	-0.00148155	-0.548966	-0.7374	-0.00151563
378	2.51383e-09	-0.876687	-0.815202	0.00158386	0.622445	-0.670467	0.000165068
379	2.51383e-09	1.14405	0.308124	0.000156173	-0.234686	0.889258	-0.000310946
380	2.51383e-09	1.08068	-0.510972	-0.000557077	0.391458	0.826719	0.000884799
381	2.51383e-09	-0.768675	-0.897505	0.00170478	0.699023	-0.597847	-0.00136421
382	2.51383e-09	-0.197233	-1.16926	0.000634995	0.906382	-0.151544	-0.000266267
383	2.51383e-09	-0.441332	-1.09722	-0.00213508	0.854183	-0.343287	0.000143417
384	2.51383e-09	1.01453	0.634134	0.00102815	-0.488305	0.775788	-0.00252738
385	2.51383e-09	-1.19679	-0.0642435	0.000665645	0.0479971	-0.91106	-0.00119272
386	2.51383e-09	0.30562	1.16075	-0.000353784	-0.883221	0.235403	0.000138715
387	2.51383e-09	-0.670482	-0.995081	-8.39803e-05	0.756578	-0.509795	0.00125653
388	2.51383e-09	-0.377697	1.13894	0.000940144	-0.866659	-0.287959	0.000570727
389	2.51383e-09	0.999903	-0.656416	-0.00185063	0.502514	0.764022	-0.000174684
390	2.51383e-09	0.543729	1.06498	0.000529607	-0.815156	0.413637	0.000415755
391	2.51383e-09	-1.01341	0.647186	0.00172183	-0.490059	-0.769722	0.00048868
392	2.51383e-09	-0.464358	1.10992	-0.00159239	-0.841833	-0.350402	0.000184405
393	2.51383e-09	0.21947	-1.18296	0.00212591	0.898277	0.164304	3.01322e-06
394	2.51383e-09	0.378732	1.13808	-0.00127835	-0.866461	0.288187	0.000421336
395	2.51383e-09	1.14342	0.375658	-0.000910643	-0.282047	0.865666	-0.00170968
396	2.51383e-09	0.331068	1.14676	0.000125558	-0.881844	0.250899	-0.000894711
397	2.51383e-09	-0.559603	-1.06721	-0.00156585	0.808241	-0.423473	-0.000745459
398	2.51383e-09	-1.16186	-0.312056	0.00187974	0.236952	-0.881422	0.000166382
399	2.51383e-09	-0.825882	-0.874827	-0.00130515	0.662271	-0.6255	-0.00195676
400	2.51383e-09	0.384185	-1.14211	-0.00145526	0.864429	0.289683	0.000445122
