5.491999e+03
401
0	1	0.000253822	0.000157511	-2.31793e-07	-3.97752e-08	2.4024e-08	-1.13431e-10
1	2.51383e-09	-0.714771	-0.695145	-1.97359e-05	0.698808	-0.718907	-0.000779717
2	2.51383e-09	-0.988798	-0.177602	-0.000256447	0.178361	-0.982847	-0.00150108
3	2.51383e-09	0.313822	-0.944351	-0.000668162	0.951705	0.316363	-0.00119152
4	2.51383e-09	0.884042	-0.474323	-0.000978403	0.473038	0.879036	0.00073947
5	2.51383e-09	0.94721	-0.327324	-0.00131932	0.326983	0.943967	0.000572136
6	2.51383e-09	0.719271	0.711393	0.00140583	-0.700383	0.705806	0.000485941
7	2.51383e-09	0.105303	-1.00023	-0.00139008	0.990547	0.102962	0.000251188
8	2.51383e-09	-0.999167	-0.0110134	-0.000466442	0.0152511	-1.00065	0.00109874
9	2.51383e-09	0.817542	0.573368	-0.000719501	-0.574802	0.821482	-0.00115833
10	2.51383e-09	-0.817292	0.573989	0.000648624	-0.571212	-0.822788	6.80891e-07
11	2.51383e-09	0.274944	-0.959226	0.00131432	0.962031	0.277253	0.00100898
12	2.51383e-09	-0.226719	-0.985089	0.00126112	0.968244	-0.223495	-0.000400798
13	2.51383e-09	-0.290875	0.962112	-0.000573708	-0.955055	-0.289715	-0.00190329
14	2.51383e-09	0.9439	-0.354722	0.0016723	0.354671	0.931594	0.0018758
15	2.51383e-09	-0.671221	-0.735329	1.42857e-05	0.745793	-0.673205	-0.00140297
16	2.51383e-09	-0.73284	-0.68508	0.00181596	0.679337	-0.72907	0.000329031
17	2.51383e-09	-0.989804	0.179236	-0.00050115	-0.178879	-0.982361	0.00171274
18	2.51383e-09	-0.538593	-0.864371	-0.000341748	0.840149	-0.527656	0.000377124
19	2.51383e-09	0.172084	0.992655	0.000678462	-0.984273	0.174391	-0.00225686
20	2.51383e-09	1.0008	0.217513	0.00316869	-0.210527	0.966349	0.000858256
21	2.51383e-09	0.187262	-0.990777	0.00203533	0.976618	0.190502	0.0014049
22	2.51383e-09	0.367844	-0.941919	-0.00198551	0.927766	0.3597	0.00173488
23	2.51383e-09	-0.713248	-0.718536	-0.00313964	0.710054	-0.698665	-0.000612935
24	2.51383e-09	0.101071	-1.01047	0.00118268	0.985665	0.105548	0.000525857
25	2.51383e-09	-0.0800548	-1.0184	-0.00145479	0.985623	-0.0772171	0.000715024
26	2.51383e-09	0.97748	-0.274704	0.000983847	0.268579	0.957502	-0.00257122
27	2.51383e-09	-0.129855	0.994911	0.00159997	-0.991789	-0.130595	0.00212101
28	2.51383e-09	-0.554152	-0.842373	3.41478e-05	0.831134	-0.552881	0.00135485
29	2.51383e-09	0.521349	-0.865622	0.000200876	0.853254	0.511671	-0.00133784
30	2.51383e-09	-0.231566	-0.98679	-0.00129987	0.965923	-0.228876	0.000136022
31	2.51383e-09	0.351693	0.948303	-0.00126443	-0.930889	0.348321	-0.00238385
32	2.51383e-09	0.308809	0.956884	0.000266049	-0.949804	0.306714	0.00160689
33	2.51383e-09	-0.839735	-0.583058	0.00080189	0.566472	-0.813827	-0.000173097
34	2.51383e-09	0.971385	-0.340211	-0.00144022	0.328358	0.92947	0.000860964
35	2.51383e-09	0.0920544	-1.01692	0.00267566	0.985512	0.0888665	-0.000219644
36	2.51383e-09	-0.0185929	1.01908	-0.00211662	-0.989935	-0.0171406	0.000984829
37	2.51383e-09	-0.416442	-0.93258	-0.00308563	0.903303	-0.400867	0.00243034
38	2.51383e-09	0.960801	-0.305225	-0.00198843	0.30107	0.948095	0.00178639
39	2.51383e-09	-0.566974	0.837786	0.00135545	-0.82481	-0.558296	0.00203262
40	2.51383e-09	-0.531006	0.860509	0.00102876	-0.846107	-0.526646	0.0014619
41	2.51383e-09	0.510833	-0.877014	0.00254939	0.855917	0.500103	-0.000225167
42	2.51383e-09	0.75417	0.7007	0.000847717	-0.671893	0.719291	-0.000437724
43	2.51383e-09	0.96752	0.310142	-0.00290918	-0.306151	0.942221	0.000531224
44	2.51383e-09	-0.249655	-1.00003	5.70835e-05	0.958561	-0.234213	-0.0016166
45	2.51383e-09	0.805631	0.644122	7.57459e-05	-0.613735	0.770803	0.00183572
46	2.51383e-09	0.649988	-0.784318	-0.00025215	0.76404	0.632931	-0.000788597
47	2.51383e-09	0.166135	-1.00473	-0.00109757	0.976415	0.162575	-0.00139131
48	2.51383e-09	-0.745886	-0.702471	0.000228008	0.681585	-0.715063	-0.000880167
49	2.51383e-09	-0.577533	0.834175	0.000468821	-0.814462	-0.566521	0.00180411
50	2.51383e-09	-0.390894	-0.956377	-0.0019744	0.90971	-0.369501	-0.000659741
51	2.51383e-09	0.460476	0.909366	-0.00103046	-0.880927	0.45097	-0.000392508
52	2.51383e-09	0.0422774	1.02735	-0.000103158	-0.984705	0.0436963	0.000902685
53	2.51383e-09	-0.973953	-0.305324	-0.00168723	0.294352	-0.945845	9.94882e-05
54	2.51383e-09	-0.636499	0.796783	0.00160754	-0.771582	-0.621672	0.000455789
55	2.51383e-09	-1.01596	-0.184709	-0.000768557	0.171545	-0.968586	-0.000912681
56	2.51383e-09	-0.854089	0.573764	-0.00254447	-0.54913	-0.818787	-0.00147888
57	2.51383e-09	1.0297	0.171964	0.00300694	-0.16573	0.965584	0.00105978
58	2.51383e-09	-0.101233	1.03827	-0.000912301	-0.973128	-0.0953293	-0.00087149
59	2.51383e-09	-0.860311	-0.571602	0.00166021	0.538158	-0.820386	0.00265922
60	2.51383e-09	-0.468613	-0.904323	-0.000721509	0.880491	-0.455786	-0.000526535
61	2.51383e-09	0.434591	-0.938435	0.00220339	0.89343	0.414775	0.00291345
62	2.51383e-09	-0.417277	-0.942646	0.000139492	0.900375	-0.401215	0.000753912
63	2.51383e-09	0.378583	0.960334	-0.000984207	-0.915693	0.355566	3.51941e-05
64	2.51383e-09	-0.439746	-0.925654	0.00183239	0.890817	-0.42967	-0.00015239
65	2.51383e-09	-0.0574578	1.03093	-0.00249925	-0.982469	-0.0525645	-0.000161045
66	2.51383e-09	0.165349	-1.01194	0.00182002	0.973426	0.167845	-0.00249524
67	2.51383e-09	0.716634	0.750413	-0.000756922	-0.713402	0.677918	-8.34099e-05
68	2.51383e-09	0.767045	0.684247	0.000385913	-0.658089	0.736272	0.00187333
69	2.51383e-09	0.883726	-0.53654	-0.00131112	0.511637	0.842325	-0.00295662
70	2.51383e-09	-0.151789	-1.01835	-0.00199976	0.975633	-0.14409	0.00101338
71	2.51383e-09	0.542661	-0.876376	-0.00178068	0.842262	0.515036	-0.000785686
72	2.51383e-09	-0.124577	1.04145	0.00113184	-0.971335	-0.114385	0.000659408
73	2.51383e-09	-1.02456	0.14787	0.00122524	-0.141195	-0.973497	-0.000499695
74	2.51383e-09	-0.962524	0.42686	0.00109678	-0.396493	-0.888779	-8.85625e-05
75	2.51383e-09	0.683592	-0.790878	0.000552807	0.739294	0.638422	0.00046132
76	2.51383e-09	-1.03972	0.145677	-0.0017342	-0.129989	-0.967102	-0.0020861
77	2.51383e-09	-0.795635	-0.694878	-0.000718587	0.642059	-0.731971	0.00160355
78	2.51383e-09	-0.364843	0.982929	-0.000653303	-0.915179	-0.334089	-0.000455425
79	2.51383e-09	1.00795	0.209699	-0.00126468	-0.204683	0.966415	0.00253212
80	2.51383e-09	-0.0511583	-1.04566	-0.000279674	0.976776	-0.0484558	0.00165433
81	2.51383e-09	-0.931394	0.459758	-0.0032216	-0.433627	-0.880276	-0.000990272
82	2.51383e-09	-0.233746	-1.0261	-0.000297502	0.948232	-0.221952	-0.000712042
83	2.51383e-09	-0.986857	-0.325927	0.00155176	0.305743	-0.933516	0.00155724
84	2.51383e-09	-0.413298	-0.960613	-0.000293657	0.898156	-0.386865	0.00139868
85	2.51383e-09	0.471346	-0.917319	0.00126008	0.874586	0.447632	-0.00136961
86	2.51383e-09	-0.936802	-0.455432	-0.000391633	0.429127	-0.881376	-0.00215984
87	2.51383e-09	1.00156	-0.278411	-0.00090831	0.260587	0.947086	-5.78033e-05
88	2.51383e-09	1.03127	0.00983328	0.00246196	-0.0103064	0.986068	0.000938346
89	2.51383e-09	0.984862	-0.366565	0.000795928	0.343343	0.914674	-0.000455934
90	2.51383e-09	-0.218614	-1.01939	0.000113813	0.95973	-0.206993	0.00388811
91	2.51383e-09	0.825907	-0.619511	0.000713835	0.594474	0.785522	-0.00272367
92	2.51383e-09	-0.14619	-1.04088	0.00066791	0.964205	-0.138907	0.000986094
93	2.51383e-09	0.827872	0.64087	0.000433358	-0.600536	0.772729	0.00118462
94	2.51383e-09	-0.818254	0.649399	0.00144746	-0.612577	-0.763249	-0.00146603
95	2.51383e-09	0.631111	-0.826906	-0.000332026	0.779691	0.591696	-0.0024261
96	2.51383e-09	-0.929793	-0.495052	0.00104547	0.455541	-0.860837	-0.000936032
97	2.51383e-09	-0.878927	-0.56944	0.00305992	0.534301	-0.820483	0.000460172
98	2.51383e-09	0.904167	0.557331	0.00253332	-0.504922	0.828415	0.0011162
99	2.51383e-09	0.661372	-0.835724	0.00132855	0.763414	0.598242	-0.000870071
100	2.51383e-09	0.908062	0.53181	-0.00260996	-0.497877	0.840588	-0.0017549
101	2.51383e-09	0.862968	0.570572	0.00039917	-0.541383	0.823126	0.000955813
102	2.51383e-09	0.123368	-1.01503	0.00104265	0.98309	0.115984	-0.000847401
103	2.51383e-09	0.39282	0.970976	-0.00369362	-0.906368	0.365287	0.000997826
104	2.51383e-09	1.00402	0.31854	0.000289423	-0.298303	0.92628	0.000664582
105	2.51383e-09	0.7314	0.747362	0.000552411	-0.700517	0.682357	0.00148223
106	2.51383e-09	-0.987432	0.342713	0.000920547	-0.318321	-0.925112	0.000201454
107	2.51383e-09	-0.264313	1.02539	0.00147389	-0.939835	-0.244204	-0.000759868
108	2.51383e-09	-1.06394	0.0669894	1.17957e-05	-0.0610784	-0.964851	0.0012843
109	2.51383e-09	0.597635	0.875087	0.00179788	-0.804748	0.546394	-0.00148261
110	2.51383e-09	0.665123	-0.825029	-0.00061716	0.752277	0.611892	0.00129888
111	2.51383e-09	-0.699681	-0.799338	0.000509337	0.72824	-0.642686	-0.000213705
112	2.51383e-09	-1.05634	0.061216	0.00041781	-0.0531479	-0.972332	0.000295282
113	2.51383e-09	0.832038	-0.647349	0.000907987	0.598621	0.768782	-0.00155442
114	2.51383e-09	1.04056	-0.0996667	0.00101993	0.0911536	0.976101	-0.00186532
115	2.51383e-09	1.05756	0.197771	-0.00103869	-0.180625	0.946159	0.00136281
116	2.51383e-09	-1.05276	0.0561676	0.000119514	-0.0516355	-0.972188	-0.00108407
117	2.51383e-09	-0.598077	0.879621	0.00240083	-0.800686	-0.547959	0.00088759
118	2.51383e-09	-0.865194	0.611148	-0.000618029	-0.558992	-0.795919	0.00073455
119	2.51383e-09	1.02084	-0.248748	-0.00245734	0.227221	0.947357	2.95408e-05
120	2.51383e-09	-0.48881	-0.927173	0.00126847	0.863037	-0.459599	0.000989132
121	2.51383e-09	-1.05015	-0.19034	0.000213241	0.172777	-0.950807	0.000209813
122	2.51383e-09	-0.904066	0.572328	-0.000504397	-0.514612	-0.816232	-0.000902173
123	2.51383e-09	0.0735893	-1.04053	-0.000157365	0.977269	0.0643447	0.00210058
124	2.51383e-09	-0.618087	-0.884697	0.00300871	0.784551	-0.553713	-0.000276395
125	2.51383e-09	-0.994155	0.344042	-0.000679601	-0.322408	-0.920143	0.0019669
126	2.51383e-09	1.02735	-0.246465	0.000458453	0.221245	0.950012	0.000150353
127	2.51383e-09	-0.487403	-0.939811	-0.00247156	0.863878	-0.444416	-0.00183607
128	2.51383e-09	-0.340514	-1.01215	0.0011054	0.91675	-0.311274	0.00242531
129	2.51383e-09	0.527432	-0.910657	0.00123608	0.843584	0.494992	0.000790632
130	2.51383e-09	-0.915174	0.541698	0.00180607	-0.496204	-0.832339	0.00148007
131	2.51383e-09	-0.722474	0.793477	0.00043144	-0.718588	-0.648983	-0.00145423
132	2.51383e-09	0.805698	-0.71076	0.00229914	0.639523	0.722014	9.56263e-06
133	2.51383e-09	0.876994	0.609742	0.000429025	-0.555918	0.791889	0.00304631
134	2.51383e-09	0.652613	-0.8319	-0.00201102	0.764877	0.602809	-0.00154114
135	2.51383e-09	0.635199	0.848408	0.000356566	-0.77675	0.585455	0.000719897
136	2.51383e-09	-0.169454	-1.06618	0.000277539	0.950013	-0.154146	0.000551653
137	2.51383e-09	0.153235	-1.04399	0.000228525	0.965796	0.140525	-0.00292987
138	2.51383e-09	0.989433	0.391528	0.000398864	-0.356465	0.90216	-0.00199437
139	2.51383e-09	1.03835	0.252351	-0.00306887	-0.231461	0.940442	0.00182471
140	2.51383e-09	0.999045	0.425147	-0.0015427	-0.376372	0.883326	0.000894806
141	2.51383e-09	1.01834	0.314481	0.00196121	-0.284372	0.928031	0.000917516
142	2.51383e-09	0.149905	1.07508	0.00130907	-0.94711	0.132339	0.0016781
143	2.51383e-09	-0.780679	-0.726075	0.00266668	0.659958	-0.709698	0.000785672
144	2.51383e-09	-0.553532	0.937991	0.000817811	-0.826329	-0.483937	0.00126731
145	2.51383e-09	0.933806	-0.499773	-0.000668369	0.460193	0.856185	0.000705331
146	2.51383e-09	-0.452336	-1.00046	0.0010085	0.871956	-0.390561	0.000396963
147	2.51383e-09	-1.05963	0.225505	-0.00249076	-0.202717	-0.938574	-0.000807828
148	2.51383e-09	-1.07871	0.171343	-0.000435189	-0.146541	-0.943321	-0.000362843
149	2.51383e-09	0.994109	0.41035	0.00188874	-0.365207	0.886864	-7.24121e-05
150	2.51383e-09	-0.0209558	-1.07383	0.00116628	0.966013	-0.0235262	0.00228807
151	2.51383e-09	-0.0390823	-1.0726	-0.000268997	0.965217	-0.0363247	-0.00137614
152	2.51383e-09	-0.0612491	-1.0669	0.000328402	0.969725	-0.0592435	3.85285e-05
153	2.51383e-09	-0.463818	-0.990351	-0.00161897	0.863724	-0.407193	0.00195855
154	2.51383e-09	-0.783472	-0.77699	0.000585077	0.669203	-0.674313	0.00144455
155	2.51383e-09	-0.149133	-1.06683	-0.00354812	0.953223	-0.137205	0.00124873
156	2.51383e-09	-0.243073	1.07229	0.000319821	-0.926946	-0.208958	0.00226086
157	2.51383e-09	0.912034	0.557645	-0.000117528	-0.504346	0.82498	0.000178074
158	2.51383e-09	-0.673933	-0.851549	0.00116576	0.753868	-0.596389	0.00408259
159	2.51383e-09	0.952059	0.488032	0.00271333	-0.442637	0.862023	-0.00186241
160	2.51383e-09	0.605812	-0.890211	-5.06107e-05	0.7987	0.540121	0.00290422
161	2.51383e-09	-1.04179	0.319955	-0.00289923	-0.281312	-0.91578	-0.000498063
162	2.51383e-09	-0.391499	-1.01015	0.000191607	0.896259	-0.349148	-0.00233283
163	2.51383e-09	1.07866	0.108132	-0.00197084	-0.0978809	0.953812	0.000670325
164	2.51383e-09	-0.907282	-0.567848	0.00228575	0.515267	-0.816315	0.00122462
165	2.51383e-09	1.03466	0.368895	-0.00266354	-0.321955	0.900414	-0.000395457
166	2.51383e-09	1.09255	-0.0440644	-0.000634397	0.0369653	0.953596	-0.000445293
167	2.51383e-09	-0.0784049	1.06631	0.00130526	-0.963961	-0.0783886	0.00402421
168	2.51383e-09	1.04202	-0.313068	0.00187091	0.279222	0.913933	-0.000396129
169	2.51383e-09	0.951873	-0.499236	-0.00110381	0.446922	0.85616	0.00134978
170	2.51383e-09	1.03173	0.348145	0.00319599	-0.303898	0.910862	0.00360492
171	2.51383e-09	-0.981957	0.460349	0.00196412	-0.408656	-0.87002	0.0019684
172	2.51383e-09	-0.561384	0.952607	0.0016801	-0.81872	-0.48567	0.00195718
173	2.51383e-09	-0.196343	1.07985	-0.00100269	-0.938767	-0.173141	-0.00170463
174	2.51383e-09	0.984415	-0.47221	0.000941202	0.413258	0.864537	8.1157e-05
175	2.51383e-09	0.772555	0.778677	0.00148377	-0.674375	0.673878	0.00109829
176	2.51383e-09	-0.106228	1.07102	2.48198e-05	-0.958347	-0.0979021	0.00201211
177	2.51383e-09	0.528298	0.963686	-0.00174105	-0.837887	0.458716	-0.000175468
178	2.51383e-09	0.625348	-0.876675	0.000894353	0.785916	0.557777	0.000801066
179	2.51383e-09	-0.932572	-0.568415	0.000319002	0.495749	-0.818616	-0.000764324
180	2.51383e-09	0.347718	1.01616	-0.00173405	-0.914052	0.318094	-0.00081963
181	2.51383e-09	0.709298	-0.836358	7.28846e-05	0.726885	0.61681	0.000270426
182	2.51383e-09	0.29393	1.04806	0.00284585	-0.923473	0.260198	-0.000460755
183	2.51383e-09	-0.716449	-0.841945	-0.000920668	0.725115	-0.615729	0.000855914
184	2.51383e-09	-1.09327	-0.155666	0.000489875	0.136043	-0.941939	0.00155696
185	2.51383e-09	0.451018	0.993987	-0.000455153	-0.873543	0.392677	1.59795e-05
186	2.51383e-09	-0.69457	-0.835476	-0.0012946	0.731438	-0.618814	-0.000759258
187	2.51383e-09	-0.514735	-0.947555	0.00259886	0.844076	-0.461401	0.000228649
188	2.51383e-09	-0.768564	-0.797415	-0.00120457	0.681621	-0.66047	-0.00163542
189	2.51383e-09	-1.07938	-0.222317	-0.00183907	0.188937	-0.932966	-0.000181239
190	2.51383e-09	-0.414886	-1.02843	-0.00111038	0.876571	-0.355804	-0.0011084
191	2.51383e-09	0.158171	1.07699	-0.000168779	-0.950108	0.139604	0.00226945
192	2.51383e-09	0.146266	1.09144	-0.00183854	-0.943786	0.129437	-0.00205716
193	2.51383e-09	1.00257	-0.44936	-0.00222613	0.387923	0.87222	-0.000588435
194	2.51383e-09	-0.537642	-0.98623	-0.00106841	0.826999	-0.451275	-0.00147871
195	2.51383e-09	-0.860661	-0.67402	0.00203524	0.586537	-0.753127	0.000373907
196	2.51383e-09	0.524445	0.965783	-0.000339625	-0.833839	0.45641	0.00251953
197	2.51383e-09	0.970124	-0.508288	-0.00126202	0.442613	0.846966	0.000461187
198	2.51383e-09	-1.10318	0.0522242	0.000710854	-0.045025	-0.950283	-0.00224929
199	2.51383e-09	0.568329	0.937491	0.00178345	-0.818045	0.492152	-0.000361555
200	2.51383e-09	-0.667152	-0.891301	-0.000385195	0.759101	-0.568099	-0.000102277
201	2.51383e-09	0.655445	0.886338	-2.70383e-05	-0.765102	0.564512	0.00177437
202	2.51383e-09	0.782976	-0.774537	0.00274297	0.667723	0.677101	-0.00197404
203	2.51383e-09	-0.49657	0.965065	0.000213798	-0.851488	-0.441523	0.000360558
204	2.51383e-09	0.100197	-1.11012	0.00135875	0.942189	0.0868773	0.00151368
205	2.51383e-09	0.630865	0.938229	-0.000996912	-0.780258	0.525504	-0.000898173
206	2.51383e-09	0.351613	1.04403	0.000462916	-0.902376	0.304632	-0.00138111
207	2.51383e-09	0.260933	-1.07747	0.00079788	0.923492	0.224421	-0.000169204
208	2.51383e-09	0.493555	-0.974317	0.000667852	0.855063	0.432955	-0.000128081
209	2.51383e-09	-1.01127	-0.404926	-0.00128714	0.354756	-0.889833	0.000276629
210	2.51383e-09	0.982344	-0.515101	-0.00182756	0.440414	0.840335	0.00038816
211	2.51383e-09	0.910054	-0.623766	-0.00265589	0.539418	0.784975	-6.77868e-05
212	2.51383e-09	-0.610346	-0.938818	0.000229911	0.792642	-0.512546	-0.00223824
213	2.51383e-09	0.772395	0.781157	0.00182567	-0.681587	0.670156	-0.00191111
214	2.51383e-09	-1.02701	0.406004	-0.000784289	-0.343124	-0.887046	0.000124794
215	2.51383e-09	-0.226421	-1.09505	0.000107256	0.92287	-0.192106	0.0013458
216	2.51383e-09	-0.415614	-1.03006	0.000817237	0.88153	-0.358063	-0.000896522
217	2.51383e-09	0.390831	1.03816	0.00150436	-0.889376	0.339809	-0.000136333
218	2.51383e-09	-0.0747684	1.07712	-0.000303325	-0.96122	-0.0625351	0.001595
219	2.51383e-09	1.03323	0.42163	-2.92864e-06	-0.357491	0.878036	-0.00146144
220	2.51383e-09	-1.02772	0.411209	-0.000445999	-0.355805	-0.882629	-0.00216948
221	2.51383e-09	-0.330228	1.04553	0.00300531	-0.911735	-0.28972	-0.00117594
222	2.51383e-09	0.176242	-1.09632	-0.0016998	0.938771	0.151534	-0.00297406
223	2.51383e-09	-1.10962	-0.114908	-0.0022154	0.102369	-0.940718	0.000508473
224	2.51383e-09	0.399356	1.02155	0.00120776	-0.893268	0.343657	6.45252e-05
225	2.51383e-09	0.00389158	-1.11692	0.000706111	0.943937	0.00716853	-0.00122552
226	2.51383e-09	1.1056	-0.215884	-0.000670492	0.180468	0.923994	-0.00208095
227	2.51383e-09	-1.04913	-0.370176	0.00144319	0.313054	-0.892223	-0.00114159
228	2.51383e-09	0.901266	-0.658608	7.97822e-05	0.56081	0.761759	0.000936858
229	2.51383e-09	-0.592009	-0.956416	0.00303583	0.799248	-0.501443	0.00229125
230	2.51383e-09	0.998799	-0.544671	-0.002302	0.449745	0.8222	-0.00162419
231	2.51383e-09	0.954684	0.590731	0.00280655	-0.497089	0.806832	-0.000624754
232	2.51383e-09	0.219585	-1.07511	-0.003664	0.939339	0.188088	0.00156284
233	2.51383e-09	0.142946	-1.1032	0.00315701	0.942737	0.11344	-0.000762062
234	2.51383e-09	0.265177	1.09614	-0.000121583	-0.914975	0.220917	-2.27175e-05
235	2.51383e-09	-1.02927	0.407023	0.00200847	-0.348108	-0.887081	-0.00347322
236	2.51383e-09	1.12803	0.0976474	0.000304398	-0.082768	0.935071	-0.000104455
237	2.51383e-09	-0.117388	1.11084	0.00161607	-0.942227	-0.100782	-0.000731798
238	2.51383e-09	0.715532	0.896967	0.000571494	-0.725501	0.583875	-0.000198144
239	2.51383e-09	-0.687635	0.876801	-0.00240289	-0.742952	-0.585028	-0.000139362
240	2.51383e-09	0.442396	1.04004	0.000915279	-0.863809	0.372518	0.0016651
241	2.51383e-09	0.960753	0.558237	-0.00265954	-0.480172	0.820971	-0.00153416
242	2.51383e-09	-0.757711	0.868452	-0.00143018	-0.704304	-0.611711	0.00177461
243	2.51383e-09	-1.07078	0.309794	-0.00345267	-0.263077	-0.912355	0.000881004
244	2.51383e-09	-0.243404	-1.10732	0.00299657	0.916976	-0.198433	0.00154737
245	2.51383e-09	0.756047	0.823444	-0.00207475	-0.694838	0.642372	-0.00194466
246	2.51383e-09	-0.269533	-1.09117	0.0035019	0.91685	-0.224995	-0.00185549
247	2.51383e-09	0.0155533	-1.10853	0.00134374	0.947764	0.0152626	-0.000948846
248	2.51383e-09	-0.754836	0.831023	-0.00154383	-0.698189	-0.634473	-0.000296585
249	2.51383e-09	-1.12012	-0.159934	0.00196005	0.134308	-0.928003	0.00185936
250	2.51383e-09	-0.89506	-0.68459	0.00186106	0.571342	-0.74981	-0.0025445
251	2.51383e-09	-0.38075	1.06038	0.00276596	-0.887886	-0.315972	-0.00134326
252	2.51383e-09	-0.997077	-0.514595	-0.000731461	0.432194	-0.839345	-0.00159464
253	2.51383e-09	-1.03276	-0.49224	-0.000857352	0.402772	-0.841927	0.00361238
254	2.51383e-09	0.910236	0.662633	0.000203204	-0.555716	0.760215	0.00121016
255	2.51383e-09	1.11887	-0.226946	-0.00238615	0.186803	0.914484	0.000405423
256	2.51383e-09	1.02413	0.508469	-0.000766204	-0.415474	0.837995	0.000970426
257	2.51383e-09	-0.504969	-1.01572	-0.00219397	0.842098	-0.414435	0.00105063
258	2.51383e-09	-0.776825	-0.819427	0.00397735	0.681659	-0.650244	-0.00125005
259	2.51383e-09	0.96859	-0.56528	-0.000471115	0.478799	0.815085	-0.00184383
260	2.51383e-09	-1.11083	0.186993	-0.00275605	-0.154728	-0.931036	-0.00299043
261	2.51383e-09	0.476043	-1.03286	0.00113552	0.853602	0.389762	0.00159481
262	2.51383e-09	-0.274138	-1.08197	-0.00455288	0.91865	-0.227374	0.00300841
263	2.51383e-09	0.0739165	1.13089	-0.000549933	-0.938853	0.0619159	0.00165081
264	2.51383e-09	0.471155	1.02707	-0.000337944	-0.85319	0.393595	0.000586227
265	2.51383e-09	0.925992	-0.667997	0.000611023	0.548364	0.76085	0.00074412
266	2.51383e-09	1.13105	-0.0366751	0.000788876	0.0296998	0.940717	-0.000832238
267	2.51383e-09	-0.525443	-0.991375	0.0028686	0.832006	-0.447806	-0.000300179
268	2.51383e-09	0.154697	1.1212	0.000642198	-0.932935	0.124509	-0.00038759
269	2.51383e-09	-0.0396392	-1.14007	0.000460812	0.934897	-0.030435	-0.000440812
270	2.51383e-09	0.254727	-1.09944	-0.00132346	0.918599	0.213752	-0.000570185
271	2.51383e-09	1.14075	-0.155174	0.000578475	0.12392	0.923175	0.000890311
272	2.51383e-09	-1.09189	0.342695	0.00117848	-0.280996	-0.891327	0.00209571
273	2.51383e-09	1.13567	0.150259	-0.000412396	-0.124561	0.9241	0.000629141
274	2.51383e-09	0.61144	0.934718	-0.00128905	-0.797167	0.513292	-0.00071132
275	2.51383e-09	-1.04451	-0.458072	-0.00129006	0.37869	-0.854671	0.000401063
276	2.51383e-09	-1.08028	-0.339636	0.00225743	0.284508	-0.896514	0.00131779
277	2.51383e-09	0.980203	-0.56932	-0.000258027	0.473756	0.815904	-0.00101797
278	2.51383e-09	1.08197	-0.374031	0.000683384	0.309777	0.883166	-0.00122123
279	2.51383e-09	0.280755	-1.10708	0.000749727	0.908195	0.231658	0.000392544
280	2.51383e-09	1.01712	0.543801	-0.000173447	-0.443036	0.820046	-0.000649688
281	2.51383e-09	-1.11697	-0.192818	-0.00021461	0.156652	-0.927569	-5.52037e-05
282	2.51383e-09	-0.459662	-1.04511	-0.00181298	0.856165	-0.379039	0.00263294
283	2.51383e-09	0.663016	0.926358	-0.00148911	-0.759709	0.544453	-0.00156181
284	2.51383e-09	-0.844348	0.777677	0.000241585	-0.631656	-0.690562	-0.00220637
285	2.51383e-09	-0.789781	-0.847189	-0.00170971	0.675423	-0.634742	-0.00040726
286	2.51383e-09	-1.05779	-0.400327	-0.000169123	0.333513	-0.879331	-0.00149456
287	2.51383e-09	0.380215	1.08037	-0.000115208	-0.878169	0.311408	-0.000770548
288	2.51383e-09	-0.289175	-1.11377	0.000304686	0.902331	-0.232549	0.000488145
289	2.51383e-09	-1.05945	-0.442679	0.00142646	0.360856	-0.861908	-0.00157991
290	2.51383e-09	0.699475	-0.904164	-0.002527	0.739065	0.572718	-0.00226916
291	2.51383e-09	0.763452	0.854308	0.00154024	-0.695576	0.622395	-0.00178832
292	2.51383e-09	-0.111334	-1.15106	0.00175059	0.924181	-0.0863951	-0.000328359
293	2.51383e-09	-0.722251	-0.890102	0.00203758	0.724956	-0.58682	-0.00205049
294	2.51383e-09	-0.920141	-0.730018	-0.00382557	0.57261	-0.72246	-0.000584697
295	2.51383e-09	-0.959277	-0.609513	-0.00165266	0.507001	-0.791474	0.00030357
296	2.51383e-09	-1.12459	-0.271747	-0.00186342	0.214729	-0.905777	-0.000458289
297	2.51383e-09	1.10748	-0.282153	0.00116475	0.232101	0.908299	0.000350806
298	2.51383e-09	0.332733	1.10863	-0.00081123	-0.888407	0.270072	0.00166308
299	2.51383e-09	0.874513	0.778975	-0.00270624	-0.61828	0.68248	0.000546101
300	2.51383e-09	-0.407705	1.09217	-0.00355106	-0.86508	-0.330838	0.000158943
301	2.51383e-09	1.08474	0.399062	0.00121547	-0.316843	0.872739	-0.000307941
302	2.51383e-09	0.51028	-1.03895	-0.00343137	0.838559	0.407853	0.00180357
303	2.51383e-09	0.0672333	1.15466	0.0021242	-0.926165	0.0581454	0.00174957
304	2.51383e-09	-1.10933	0.34692	0.00194734	-0.278034	-0.883632	-0.000285045
305	2.51383e-09	0.85648	0.760983	0.00320179	-0.621981	0.697041	-0.000805071
306	2.51383e-09	-0.977359	0.625704	-0.00186138	-0.498503	-0.785137	0.000899466
307	2.51383e-09	-1.11941	0.269287	-0.00189765	-0.217018	-0.906307	0.000363219
308	2.51383e-09	-0.424929	1.08636	-0.00204518	-0.862147	-0.339077	-0.00026187
309	2.51383e-09	-0.228027	-1.12654	0.00138575	0.914358	-0.187058	0.000875964
310	2.51383e-09	-0.197326	-1.14299	-0.000569134	0.911594	-0.156486	-0.000452767
311	2.51383e-09	-1.15461	-0.0810585	0.00288879	0.0638056	-0.925735	-0.00107392
312	2.51383e-09	-1.01636	0.573794	0.00228039	-0.455544	-0.804466	0.00114039
313	2.51383e-09	1.12759	0.245287	-0.00181842	-0.194499	0.911416	-0.000520676
314	2.51383e-09	0.179574	-1.13464	0.000168292	0.922568	0.145409	-0.00184782
315	2.51383e-09	-1.14018	0.283505	-0.000671963	-0.224254	-0.893525	-0.0018277
316	2.51383e-09	-0.942696	0.686695	0.000274389	-0.542918	-0.748549	0.0017847
317	2.51383e-09	-0.884733	-0.748182	0.000904351	0.598489	-0.708818	0.000912128
318	2.51383e-09	0.0986926	1.15328	0.00341543	-0.928038	0.0796184	0.000824719
319	2.51383e-09	0.448086	-1.07234	0.000514217	0.857218	0.356784	-0.00243564
320	2.51383e-09	1.09668	0.431539	0.00132959	-0.341429	0.856704	0.00108756
321	2.51383e-09	0.915447	-0.7118	0.000166325	0.571031	0.732972	-0.000523449
322	2.51383e-09	0.978671	0.629395	-2.34118e-05	-0.502623	0.776968	0.000333752
323	2.51383e-09	0.376619	-1.11507	0.00324996	0.871227	0.291833	0.00116018
324	2.51383e-09	0.711616	-0.948102	0.00377226	0.73461	0.549334	-0.000590661
325	2.51383e-09	-0.324181	-1.12364	0.000800372	0.886411	-0.253558	0.000352553
326	2.51383e-09	-0.737367	-0.908716	0.00132759	0.715737	-0.586885	0.00169291
327	2.51383e-09	-0.706863	-0.941757	0.00252821	0.738018	-0.551047	-0.00256615
328	2.51383e-09	-0.482457	-1.04286	-0.0012473	0.847753	-0.389291	-0.000167198
329	2.51383e-09	1.07497	0.508534	-0.00143909	-0.396319	0.827359	0.000708585
330	2.51383e-09	0.416408	-1.07814	0.000652423	0.86824	0.335612	-0.00041847
331	2.51383e-09	1.15516	0.0677993	0.00322382	-0.0539507	0.928587	-0.00049333
332	2.51383e-09	0.558176	-1.01459	0.000819175	0.815654	0.451144	0.000882
333	2.51383e-09	-1.14134	0.2851	-0.000867004	-0.223887	-0.89521	0.00161643
334	2.51383e-09	0.0675604	-1.17516	0.00068618	0.920123	0.0560645	0.00103816
335	2.51383e-09	-0.81329	0.85216	0.000647855	-0.669451	-0.634096	0.000598278
336	2.51383e-09	-0.970479	-0.651605	-0.000916414	0.514067	-0.768735	0.000966118
337	2.51383e-09	1.17324	0.100161	-0.000294772	-0.0763163	0.919756	0.00265064
338	2.51383e-09	1.07339	0.48073	0.00117552	-0.378938	0.839914	0.000302293
339	2.51383e-09	-0.980979	-0.674395	0.000406845	0.51969	-0.752794	0.000406483
340	2.51383e-09	0.914302	0.754927	0.000805776	-0.585455	0.708377	-0.00214219
341	2.51383e-09	-0.286845	-1.14365	0.00112304	0.890652	-0.231031	-0.000193986
342	2.51383e-09	-0.241279	-1.14428	0.000976004	0.904674	-0.192676	-0.000460914
343	2.51383e-09	-0.899149	-0.723282	-0.00166135	0.583704	-0.728447	0.000196544
344	2.51383e-09	1.17143	-0.160796	-0.000377728	0.11909	0.911741	0.000373018
345	2.51383e-09	1.00139	-0.602055	0.0031938	0.478096	0.792728	0.000342179
346	2.51383e-09	-0.954496	0.666284	-0.00283323	-0.53271	-0.756351	-0.000332107
347	2.51383e-09	0.789998	-0.870736	0.00149488	0.68231	0.61581	0.000501882
348	2.51383e-09	-0.98154	0.673341	-0.00108632	-0.516879	-0.754711	3.32275e-05
349	2.51383e-09	0.771967	0.876592	0.00175054	-0.694144	0.614358	-0.000688337
350	2.51383e-09	-0.551917	1.03708	1.85258e-06	-0.812966	-0.433178	0.00139059
351	2.51383e-09	0.159824	-1.17545	-0.0017393	0.910736	0.128858	0.000572218
352	2.51383e-09	0.994849	0.632665	0.00427631	-0.493188	0.777692	0.000123898
353	2.51383e-09	1.14395	-0.350808	-7.61778e-05	0.269277	0.872059	-0.0011575
354	2.51383e-09	0.757269	0.91366	0.000923331	-0.704969	0.587388	-0.00133502
355	2.51383e-09	-1.14882	-0.199304	-0.00138798	0.155413	-0.912273	-0.00235599
356	2.51383e-09	0.738013	-0.936283	-0.00249129	0.718807	0.565182	-0.000695404
357	2.51383e-09	-0.913806	-0.724372	-0.0011185	0.57771	-0.725373	0.000593826
358	2.51383e-09	-0.630653	-1.02413	-0.000316478	0.775542	-0.479204	-0.000559565
359	2.51383e-09	0.940262	-0.742409	0.000206347	0.570861	0.713529	-0.00132298
360	2.51383e-09	-1.0107	0.598029	0.00218404	-0.469912	-0.792952	0.00110389
361	2.51383e-09	0.82652	-0.831212	-0.000840335	0.657212	0.650166	0.000386281
362	2.51383e-09	0.226216	-1.1551	-0.00138626	0.905306	0.173803	-0.00124833
363	2.51383e-09	0.910962	0.753224	-0.000178081	-0.580923	0.712703	0.00190048
364	2.51383e-09	0.30247	-1.13523	0.00252642	0.892427	0.232902	-0.00072931
365	2.51383e-09	1.19593	0.00150859	-0.00199147	-0.00318715	0.913749	-0.00102486
366	2.51383e-09	0.206854	1.1752	0.00199886	-0.900458	0.160647	0.00147647
367	2.51383e-09	0.469848	1.09266	0.00101604	-0.840207	0.368079	-0.00117351
368	2.51383e-09	-0.208287	-1.17644	0.00159196	0.89972	-0.158627	-0.00044497
369	2.51383e-09	0.49881	1.08763	0.00150307	-0.832491	0.379152	0.000335697
370	2.51383e-09	-0.141792	1.18837	-0.000679625	-0.906212	-0.110828	0.00151873
371	2.51383e-09	0.143246	1.19911	0.000476082	-0.904476	0.104871	0.00115133
372	2.51383e-09	1.13775	-0.328732	0.000561384	0.255538	0.882683	-0.00239792
373	2.51383e-09	-0.256594	1.15414	-0.000733246	-0.898079	-0.200364	-0.00136656
374	2.51383e-09	0.111773	1.19735	0.000519911	-0.907512	0.0863842	-0.00187
375	2.51383e-09	-1.17	-0.235255	-0.000120393	0.18318	-0.896968	0.000479035
376	2.51383e-09	1.02296	-0.606674	-0.00188084	0.468811	0.787012	0.000923713
377	2.51383e-09	-1.06688	-0.541252	0.00136537	0.40979	-0.815151	-0.00226787
378	2.51383e-09	-0.132203	1.19183	0.00233085	-0.906641	-0.10264	-0.000683152
379	2.51383e-09	-1.121	-0.368938	-0.000244993	0.296763	-0.871044	0.000171437
380	2.51383e-09	-1.15239	0.244321	0.00137692	-0.191301	-0.902147	0.000453274
381	2.51383e-09	0.330866	-1.13781	0.00134328	0.88319	0.257257	0.000646348
382	2.51383e-09	0.224464	1.16579	-0.00044897	-0.902788	0.176594	-0.00090114
383	2.51383e-09	0.611604	-1.0044	-0.00163129	0.787667	0.476785	-0.0010184
384	2.51383e-09	-1.19266	0.153977	0.00227849	-0.119334	-0.904394	0.00193479
385	2.51383e-09	0.847595	-0.827941	0.000299735	0.643476	0.656336	-0.00147726
386	2.51383e-09	-1.19833	0.181282	7.17487e-05	-0.136604	-0.895424	0.000169685
387	2.51383e-09	-1.18872	0.1948	-0.00260347	-0.148904	-0.896801	0.00243546
388	2.51383e-09	-0.633482	-1.03034	-0.00129522	0.769706	-0.481305	-0.000457793
389	2.51383e-09	-0.888255	0.802698	-0.00137838	-0.612446	-0.677574	0.00205578
390	2.51383e-09	1.17937	-0.00637971	0.00304643	0.00308822	0.923396	0.000680105
391	2.51383e-09	-1.20183	0.0354707	-0.000408134	-0.0240852	-0.912132	-0.00213811
392	2.51383e-09	-0.921083	0.780631	-0.000333447	-0.586683	-0.694436	0.00160901
393	2.51383e-09	0.581231	1.07228	-0.000947515	-0.793004	0.430015	0.00219614
394	2.51383e-09	0.353595	-1.13964	-0.00022224	0.875747	0.273128	-0.00122394
395	2.51383e-09	0.171535	1.18109	-0.00122913	-0.908818	0.126534	0.000776763
396	2.51383e-09	-1.19675	0.000579606	0.00206845	-0.00465214	-0.915028	-0.000258499
397	2.51383e-09	-0.996051	-0.688014	0.00214969	0.516053	-0.746212	0.00268689
398	2.51383e-09	-0.0100197	1.21428	0.00109784	-0.905279	-0.0114235	-0.00108907
399	2.51383e-09	0.119372	-1.19955	0.0015357	0.904658	0.0907684	0.00198392
400	2.51383e-09	-0.430406	1.11656	0.00299844	-0.850502	-0.33256	-0.0011782
