1.048000e+03
401
0	1	4.82039e-05	2.98849e-05	-4.39409e-08	3.47704e-08	-1.84621e-08	-6.84292e-11
1	2.51383e-09	0.701523	0.714	0.00054281	-0.713066	0.700191	0.00105977
2	2.51383e-09	0.0382739	1.00257	-0.000557133	-0.997169	0.0365745	0.000749748
3	2.51383e-09	-0.216594	0.979153	-0.000439433	-0.974674	-0.216554	0.00139571
4	2.51383e-09	0.11926	0.99638	-0.00097678	-0.990734	0.117861	0.000801518
5	2.51383e-09	0.380234	0.925527	-0.000198356	-0.923377	0.381764	0.0014924
6	2.51383e-09	0.816101	-0.584255	-0.00101126	0.580782	0.812879	0.000223616
7	2.51383e-09	0.798731	0.616975	-0.000227928	-0.606899	0.787032	0.000480707
8	2.51383e-09	0.966975	-0.24692	-0.000117139	0.251052	0.969901	-0.00014953
9	2.51383e-09	-0.681382	-0.733792	-0.000247295	0.731771	-0.679723	4.60564e-05
10	2.51383e-09	-0.362159	-0.936615	-0.00161173	0.929608	-0.361763	0.0001405
11	2.51383e-09	0.3611	0.938275	-0.00110476	-0.931627	0.357709	0.000756085
12	2.51383e-09	-0.759621	0.665283	-0.000894495	-0.654749	-0.749144	-0.000161889
13	2.51383e-09	0.868691	0.51341	-0.00113538	-0.509325	0.853562	-0.00143035
14	2.51383e-09	0.916221	0.431418	-0.00197786	-0.419784	0.899969	0.000186978
15	2.51383e-09	-0.951758	0.315954	-0.00123992	-0.309534	-0.950118	0.000927848
16	2.51383e-09	-0.736158	-0.680004	-0.000131356	0.676317	-0.734382	0.00110958
17	2.51383e-09	-0.920189	0.401436	-0.000832128	-0.399039	-0.913643	-0.00128864
18	2.51383e-09	0.971956	0.283169	0.000919628	-0.275471	0.954506	0.001112
19	2.51383e-09	0.962682	0.303617	0.000708658	-0.301927	0.949712	0.000496864
20	2.51383e-09	0.636138	-0.795437	0.000351609	0.772805	0.619461	-0.000513572
21	2.51383e-09	-0.834375	-0.574144	-0.000356498	0.562531	-0.818354	0.00141777
22	2.51383e-09	0.523907	0.863083	0.000705873	-0.853645	0.513479	0.000816698
23	2.51383e-09	0.504145	0.878389	0.000842831	-0.861026	0.495072	-0.00022537
24	2.51383e-09	0.709986	0.720898	-0.000233599	-0.710092	0.695716	-0.000892022
25	2.51383e-09	0.142973	1.00617	-0.000407534	-0.981989	0.140982	0.000137852
26	2.51383e-09	0.994384	0.12265	-0.000821646	-0.12584	0.992768	-0.00101541
27	2.51383e-09	-0.866217	0.518684	-0.000660663	-0.512074	-0.853747	-0.00017692
28	2.51383e-09	-0.164405	1.00268	-0.000901737	-0.980258	-0.156837	-0.000179867
29	2.51383e-09	0.746611	-0.695623	-0.00205013	0.677494	0.719987	-0.00152477
30	2.51383e-09	-0.80546	-0.617251	-0.00166743	0.603204	-0.787294	-0.000302315
31	2.51383e-09	-0.482571	0.890082	-0.00101641	-0.872579	-0.474876	0.000313059
32	2.51383e-09	-0.6377	-0.783494	9.87229e-05	0.771073	-0.629822	4.1791e-05
33	2.51383e-09	0.108661	1.01578	-0.000496912	-0.983334	0.105698	-0.000775589
34	2.51383e-09	-0.884109	-0.520208	-4.45881e-05	0.504102	-0.849289	-0.00160292
35	2.51383e-09	0.424573	0.925787	0.00119081	-0.89921	0.412953	0.000241655
36	2.51383e-09	0.800021	-0.634898	-0.000607029	0.613745	0.776123	-0.000914442
37	2.51383e-09	-0.812622	0.61023	-0.000132418	-0.599229	-0.789971	0.00180894
38	2.51383e-09	0.666526	-0.767951	0.00148302	0.748733	0.649983	0.000323503
39	2.51383e-09	-1.01094	-0.127812	0.000369068	0.12789	-0.981882	0.000797065
40	2.51383e-09	-0.654413	-0.777367	-0.00064165	0.760104	-0.637119	0.000682858
41	2.51383e-09	0.999399	0.17196	-0.00205337	-0.168236	0.979929	-0.000504199
42	2.51383e-09	0.0399796	1.02425	-0.00156541	-0.986921	0.0361454	-0.00052934
43	2.51383e-09	-0.674321	0.769405	9.40888e-05	-0.743424	-0.653702	-0.00124366
44	2.51383e-09	0.488993	0.891702	0.00149005	-0.870838	0.477669	0.000226935
45	2.51383e-09	-0.777788	-0.666785	0.000258357	0.644391	-0.749529	0.000245695
46	2.51383e-09	0.443925	-0.925792	3.08078e-05	0.888476	0.425964	0.000580068
47	2.51383e-09	-0.928357	-0.412943	0.000319429	0.402496	-0.907716	-0.000867307
48	2.51383e-09	0.711709	0.735945	0.000583164	-0.708149	0.686828	0.00013239
49	2.51383e-09	-0.919656	-0.460205	0.00173049	0.442348	-0.880166	-0.000359514
50	2.51383e-09	1.0102	-0.180988	0.00178403	0.172888	0.971821	-0.000687446
51	2.51383e-09	0.902822	-0.492002	0.000252983	0.469181	0.865417	0.000195354
52	2.51383e-09	0.6181	-0.822253	-0.000565044	0.786455	0.595599	0.0010715
53	2.51383e-09	-0.419361	0.933977	-0.000443756	-0.903114	-0.403225	0.0015063
54	2.51383e-09	-0.914847	0.461937	-0.00103344	-0.444384	-0.882235	0.000640022
55	2.51383e-09	-1.02835	0.116323	0.000364658	-0.11008	-0.976123	0.000737496
56	2.51383e-09	0.95445	0.385029	-0.00210748	-0.371028	0.911897	-0.00145872
57	2.51383e-09	-0.871017	0.55953	-0.00109355	-0.53229	-0.825418	0.000489569
58	2.51383e-09	-1.01343	0.188253	-0.00131049	-0.180293	-0.968522	0.000954313
59	2.51383e-09	0.962058	-0.374938	0.00034849	0.357223	0.916003	-0.000342549
60	2.51383e-09	-0.0103053	1.0225	0.0012247	-0.989066	-0.0127699	0.000408204
61	2.51383e-09	-1.0403	0.0728322	-0.000394972	-0.0657286	-0.976696	0.000489697
62	2.51383e-09	-0.91028	-0.498107	-0.000948848	0.472449	-0.860463	-0.00106578
63	2.51383e-09	0.993649	-0.278696	0.00140171	0.266693	0.94695	-0.000359761
64	2.51383e-09	0.673301	-0.77985	0.00014726	0.746901	0.64321	0.0012137
65	2.51383e-09	0.374395	0.96396	0.00136492	-0.915406	0.355228	0.000320984
66	2.51383e-09	-0.0471992	-1.02925	0.000477363	0.983106	-0.045953	-0.00159146
67	2.51383e-09	-0.323524	-0.984202	0.000811093	0.932868	-0.305558	0.00115064
68	2.51383e-09	1.00571	-0.248215	0.000335036	0.233286	0.954685	0.000573406
69	2.51383e-09	0.919085	0.474595	-0.000574093	-0.452752	0.872682	-0.000865253
70	2.51383e-09	0.557268	-0.876602	0.000496453	0.827831	0.52677	0.000911123
71	2.51383e-09	-0.951769	0.422503	0.000404532	-0.395734	-0.895021	-0.000540122
72	2.51383e-09	-0.402648	-0.953231	-0.000330745	0.904437	-0.381826	-0.00123203
73	2.51383e-09	-0.36976	-0.963596	-0.00159263	0.918283	-0.354547	-0.0012838
74	2.51383e-09	-0.998463	0.268336	0.0013477	-0.250561	-0.951168	-0.000680741
75	2.51383e-09	0.960259	-0.378102	-0.000249281	0.362221	0.915958	0.000114307
76	2.51383e-09	-0.724029	-0.751805	-7.41353e-05	0.705332	-0.679797	0.000235617
77	2.51383e-09	-0.189367	-1.01653	-0.00195267	0.967098	-0.182824	0.00154256
78	2.51383e-09	-1.03533	0.115443	-0.000485002	-0.106013	-0.973706	2.48919e-05
79	2.51383e-09	-0.187259	-1.01811	-0.0019649	0.965519	-0.178201	-0.000450273
80	2.51383e-09	0.634514	0.822714	0.000186742	-0.778765	0.599412	0.000673377
81	2.51383e-09	0.781283	0.695812	-0.000533471	-0.647159	0.73241	-7.6459e-06
82	2.51383e-09	1.02683	0.120904	0.000707353	-0.118378	0.978136	0.000253305
83	2.51383e-09	0.942464	-0.458478	-0.000202773	0.425245	0.878506	0.00136922
84	2.51383e-09	0.100041	-1.04105	-0.000949109	0.972474	0.0922163	-0.000485014
85	2.51383e-09	-0.804323	0.654392	-0.000931543	-0.620952	-0.763619	0.00185497
86	2.51383e-09	0.802487	-0.660046	-0.0014398	0.62562	0.755984	0.000348149
87	2.51383e-09	0.778493	0.691916	-0.000388723	-0.650917	0.73366	-0.000829073
88	2.51383e-09	-0.533278	-0.896982	-0.000354308	0.841704	-0.498976	0.000852755
89	2.51383e-09	1.00382	-0.313781	0.000689951	0.290408	0.931355	0.000212391
90	2.51383e-09	-0.689527	-0.779904	-0.00106509	0.735346	-0.648375	-0.000862715
91	2.51383e-09	0.864448	0.578677	-0.000863852	-0.544204	0.816052	-0.000185676
92	2.51383e-09	-1.0533	0.0640538	-0.000659767	-0.0559429	-0.970948	-0.000506207
93	2.51383e-09	0.721114	0.762007	0.000619392	-0.712443	0.668655	-0.000585242
94	2.51383e-09	0.952164	-0.447125	-0.000933941	0.413109	0.88255	0.00128781
95	2.51383e-09	-0.531066	0.896688	0.000330335	-0.845539	-0.496949	-0.00111581
96	2.51383e-09	-0.708333	-0.781043	0.000705464	0.718922	-0.655988	0.000991989
97	2.51383e-09	0.624477	0.850869	0.00251923	-0.785314	0.571408	0.00149088
98	2.51383e-09	0.319676	-1.0078	-0.000973427	0.928075	0.293725	0.000709731
99	2.51383e-09	0.0323989	-1.05589	-0.00134261	0.97199	0.0291105	-0.00043396
100	2.51383e-09	-1.03443	0.206694	-0.000855155	-0.189255	-0.953708	0.000417684
101	2.51383e-09	-0.807109	-0.660949	-2.99831e-05	0.621347	-0.756364	-6.64867e-05
102	2.51383e-09	1.03514	0.193958	-0.00142643	-0.182686	0.957427	0.0003711
103	2.51383e-09	-1.00278	0.2983	-0.000105846	-0.280932	-0.937815	6.83522e-05
104	2.51383e-09	0.530717	-0.909231	-0.000703447	0.842292	0.492261	-0.000810089
105	2.51383e-09	-0.0380261	-1.04331	-0.00108348	0.979423	-0.0388415	-0.000803621
106	2.51383e-09	0.0845901	-1.05651	0.00180225	0.967082	0.0782299	0.000596855
107	2.51383e-09	1.01422	-0.270408	0.000211908	0.251637	0.941726	-0.00180775
108	2.51383e-09	-0.203267	1.0414	-8.28044e-05	-0.951928	-0.187041	0.000502219
109	2.51383e-09	-1.04986	-0.171831	-0.000802232	0.156925	-0.955928	9.08968e-05
110	2.51383e-09	-1.04333	0.177705	-0.000365623	-0.160449	-0.957992	-0.000371559
111	2.51383e-09	0.147363	-1.0594	0.000411192	0.956475	0.131869	0.000553117
112	2.51383e-09	-0.0053777	-1.05353	-0.00115371	0.97379	-0.00584848	-0.000456185
113	2.51383e-09	-0.725888	0.760839	0.00120799	-0.705338	-0.673178	0.000432012
114	2.51383e-09	-0.577947	-0.891033	0.00225657	0.812954	-0.527456	0.000293627
115	2.51383e-09	0.340308	1.006	-0.0019968	-0.918447	0.308547	-0.00111359
116	2.51383e-09	-0.87333	0.595318	0.000617225	-0.548144	-0.802607	0.000283538
117	2.51383e-09	-1.00429	0.349969	-0.000436334	-0.318926	-0.915116	0.00200956
118	2.51383e-09	-0.435697	-0.974799	0.000484492	0.884502	-0.394449	-0.000202042
119	2.51383e-09	-0.25023	1.02269	-0.00172789	-0.946783	-0.232584	-0.000305658
120	2.51383e-09	0.997778	0.362042	-0.00140317	-0.329606	0.911703	-0.000825505
121	2.51383e-09	-1.01198	-0.326243	-0.000757712	0.296198	-0.924153	-0.000366343
122	2.51383e-09	0.73097	0.763874	-0.000138207	-0.701462	0.674218	0.000839253
123	2.51383e-09	0.340066	-1.00048	0.000531513	0.921029	0.315525	-8.27307e-05
124	2.51383e-09	0.193974	-1.05223	-0.000165697	0.948678	0.178546	-0.00144914
125	2.51383e-09	1.04375	-0.188639	-0.00122845	0.175141	0.954842	0.000134193
126	2.51383e-09	0.435038	-0.973997	-0.00214987	0.883515	0.395421	-0.000401207
127	2.51383e-09	0.575888	0.888878	0.00067031	-0.815303	0.527632	-0.00123177
128	2.51383e-09	-0.891146	-0.578099	0.00087146	0.528741	-0.814358	-0.000120232
129	2.51383e-09	0.471447	0.957601	-0.000440554	-0.868142	0.428311	0.000664385
130	2.51383e-09	0.8217	0.664458	-0.00162372	-0.612446	0.756861	0.000731294
131	2.51383e-09	-0.747291	0.766014	0.00101601	-0.694115	-0.672431	0.000996002
132	2.51383e-09	-0.31453	1.02457	-0.00105262	-0.922664	-0.282254	0.00101405
133	2.51383e-09	-1.0598	0.0949119	-0.00212874	-0.0889451	-0.96533	0.00171134
134	2.51383e-09	0.477655	-0.954822	-0.00161438	0.865652	0.431507	0.000370487
135	2.51383e-09	-0.280103	-1.0288	-0.00189304	0.93421	-0.250762	-0.00177675
136	2.51383e-09	0.311495	-1.02294	6.44241e-05	0.924551	0.282031	-0.00126237
137	2.51383e-09	-0.876321	0.610344	-0.000633746	-0.552222	-0.794914	-0.00144204
138	2.51383e-09	1.00617	-0.367542	-0.0025238	0.332989	0.907954	-0.000718144
139	2.51383e-09	-0.477614	0.962066	-8.51903e-05	-0.862982	-0.42814	-0.000334791
140	2.51383e-09	-0.899223	-0.586187	0.000740466	0.525997	-0.810786	0.000667745
141	2.51383e-09	0.281919	1.02451	0.000847544	-0.934754	0.261238	0.000161639
142	2.51383e-09	1.04957	0.222251	-9.96219e-05	-0.200897	0.944591	0.00106405
143	2.51383e-09	0.115763	1.0659	-9.24064e-05	-0.961363	0.102216	0.000633759
144	2.51383e-09	0.767434	-0.760229	0.00121707	0.675927	0.683305	8.62363e-05
145	2.51383e-09	-0.457556	0.98062	0.00161157	-0.872237	-0.404218	0.000682409
146	2.51383e-09	-1.0793	0.0614781	-0.000914657	-0.0534111	-0.961177	-0.000468558
147	2.51383e-09	0.965357	0.478905	0.00156854	-0.432144	0.860294	-0.000116678
148	2.51383e-09	-1.06181	0.163589	-0.00238263	-0.14889	-0.953614	-9.13371e-05
149	2.51383e-09	1.00854	-0.385215	-0.000710302	0.344986	0.896352	0.00126095
150	2.51383e-09	-1.01207	0.361418	0.000480356	-0.325677	-0.90736	0.00117418
151	2.51383e-09	0.473641	0.971117	0.000968077	-0.862976	0.424232	-0.000910579
152	2.51383e-09	-0.653502	0.847774	-0.00313771	-0.765789	-0.591018	0.001088
153	2.51383e-09	1.01843	0.36459	-0.000736271	-0.322806	0.906283	0.000144676
154	2.51383e-09	-0.687186	-0.839291	0.00204151	0.74046	-0.60966	0.000366215
155	2.51383e-09	-1.08092	0.0235555	0.000904156	-0.0231073	-0.95989	-0.00192279
156	2.51383e-09	0.841183	-0.687187	-0.000233718	0.603649	0.745467	0.00199032
157	2.51383e-09	-0.30389	-1.03528	0.000339591	0.923848	-0.271934	-0.000401791
158	2.51383e-09	-0.236931	1.05141	-0.00100229	-0.940111	-0.210422	0.000232725
159	2.51383e-09	0.0357332	1.07662	-0.000128017	-0.962836	0.0313554	0.00023075
160	2.51383e-09	1.00626	-0.38959	-0.00058746	0.348743	0.898684	-0.000112402
161	2.51383e-09	-0.963286	0.503143	-0.000332095	-0.445148	-0.851842	-0.000432411
162	2.51383e-09	0.166189	1.07208	0.000394554	-0.948863	0.145673	0.000560546
163	2.51383e-09	1.07488	0.00935809	-0.00100566	-0.00778483	0.965624	0.000346064
164	2.51383e-09	-0.272555	-1.04009	0.000620861	0.932441	-0.245823	0.000674149
165	2.51383e-09	0.106327	-1.08034	0.00162246	0.954762	0.0941259	-0.000903766
166	2.51383e-09	-1.09096	-0.00406771	-0.00105738	0.00351926	-0.95522	-0.000107067
167	2.51383e-09	-0.0598966	-1.08074	-0.00103863	0.961642	-0.0554839	0.00260309
168	2.51383e-09	-0.703718	-0.817187	0.00142765	0.729321	-0.630515	0.000285955
169	2.51383e-09	1.08299	-0.0570038	0.000959703	0.0534038	0.959185	0.000493498
170	2.51383e-09	-0.950892	-0.528847	0.000396788	0.469107	-0.83776	0.000457233
171	2.51383e-09	1.04937	-0.28642	0.000177689	0.254253	0.924012	0.00134125
172	2.51383e-09	1.07962	-0.178829	-0.000452821	0.156406	0.943042	0.000565484
173	2.51383e-09	0.85198	0.691151	0.00029799	-0.603615	0.740856	0.000649244
174	2.51383e-09	-0.15727	1.08757	-0.00088502	-0.943792	-0.135075	-0.000608743
175	2.51383e-09	-0.283478	-1.05096	3.83284e-05	0.926475	-0.248334	-0.000482875
176	2.51383e-09	0.796214	-0.729555	-0.000467339	0.648162	0.707489	0.000553639
177	2.51383e-09	1.02985	-0.363053	0.000899223	0.319633	0.902586	-0.00138972
178	2.51383e-09	0.999211	-0.437144	-0.000274979	0.386806	0.875609	-0.000881125
179	2.51383e-09	0.399844	1.01418	0.00137229	-0.891251	0.350532	0.000630918
180	2.51383e-09	-0.764431	0.771694	0.000322582	-0.680699	-0.6753	0.000947212
181	2.51383e-09	-0.201803	1.06859	0.00171935	-0.9423	-0.178666	0.0004956
182	2.51383e-09	0.29635	1.04296	-0.000886457	-0.924751	0.261204	-0.00151897
183	2.51383e-09	-0.577088	-0.937578	0.000142933	0.811301	-0.501437	0.000747478
184	2.51383e-09	0.766289	0.790032	0.000184882	-0.684139	0.662624	0.000629956
185	2.51383e-09	0.530658	0.957611	-0.00058226	-0.8366	0.463189	0.00199606
186	2.51383e-09	0.429883	-1.00591	0.00181787	0.880091	0.375172	-0.00127962
187	2.51383e-09	1.08177	-0.119676	0.00160657	0.1048	0.953402	0.000180954
188	2.51383e-09	-0.387907	-1.02008	-0.000190187	0.894812	-0.341836	-0.000953823
189	2.51383e-09	-0.304582	1.05499	0.000233385	-0.917217	-0.263996	-0.000768419
190	2.51383e-09	0.139647	-1.09427	0.000490691	0.944635	0.122439	-0.00135669
191	2.51383e-09	0.888255	-0.648562	2.10198e-07	0.56157	0.769934	0.00187259
192	2.51383e-09	0.197435	1.08342	0.00035084	-0.93825	0.170518	-0.000623685
193	2.51383e-09	-0.12257	-1.09722	0.000382062	0.944687	-0.10482	0.000255893
194	2.51383e-09	-0.885953	-0.655692	0.00162336	0.565439	-0.764677	-0.000179539
195	2.51383e-09	0.831737	-0.711664	-0.00349196	0.619618	0.727997	0.00060592
196	2.51383e-09	-0.822451	-0.729576	-0.0012575	0.633185	-0.712524	0.000278327
197	2.51383e-09	-0.736243	0.809815	0.000598906	-0.705919	-0.645217	0.000540442
198	2.51383e-09	-1.01759	0.433928	0.000992359	-0.372289	-0.873732	0.000748144
199	2.51383e-09	-0.913363	0.612863	0.000808603	-0.531628	-0.792349	-0.000947912
200	2.51383e-09	-0.129409	-1.10335	-0.000170375	0.942512	-0.110396	-0.000269149
201	2.51383e-09	0.836959	-0.719699	-2.63749e-05	0.623695	0.72108	-8.30451e-05
202	2.51383e-09	-0.943319	0.572955	0.00102193	-0.495467	-0.814052	-0.00171488
203	2.51383e-09	1.05638	0.291828	0.00141727	-0.252469	0.921041	-0.000426979
204	2.51383e-09	1.084	-0.181469	-0.00096465	0.156585	0.942115	-0.00166486
205	2.51383e-09	0.117424	-1.10125	-0.000888717	0.945112	0.0975336	1.59722e-05
206	2.51383e-09	-0.563741	0.937382	-0.00184871	-0.820851	-0.49285	0.00170228
207	2.51383e-09	0.117746	-1.09826	-0.000725917	0.946934	0.0980841	0.00105104
208	2.51383e-09	-0.092174	1.10645	0.000273315	-0.946755	-0.0796504	-0.000898654
209	2.51383e-09	-1.02443	-0.380426	0.000263197	0.328614	-0.898971	0.000636816
210	2.51383e-09	-0.721073	-0.842156	0.00140392	0.720163	-0.619986	0.000750049
211	2.51383e-09	1.10373	0.0303864	0.000527038	-0.0253317	0.951836	0.000223401
212	2.51383e-09	0.247811	-1.08462	0.000123234	0.924676	0.212955	0.000116081
213	2.51383e-09	0.725604	-0.834114	-0.000793942	0.716604	0.623937	-0.0002177
214	2.51383e-09	0.334479	-1.05415	-0.000215414	0.907359	0.289306	-0.000371332
215	2.51383e-09	1.03042	0.397144	-0.000637141	-0.339951	0.889065	-0.000741066
216	2.51383e-09	1.09271	-0.1786	-0.00110712	0.150687	0.939244	-0.00036034
217	2.51383e-09	0.961723	-0.557073	0.00014278	0.475589	0.820827	-0.00140865
218	2.51383e-09	-0.052367	1.10248	0.00121909	-0.950843	-0.0452033	-1.39685e-05
219	2.51383e-09	-0.991132	-0.519199	-0.00173661	0.438681	-0.836161	-0.000978383
220	2.51383e-09	1.09888	-0.20169	0.00026486	0.172331	0.928086	0.00119197
221	2.51383e-09	-0.338365	1.05789	-0.00117378	-0.905195	-0.287362	-0.000658217
222	2.51383e-09	-0.969355	0.549074	0.00128278	-0.464487	-0.825632	-0.00169777
223	2.51383e-09	0.368624	-1.05492	0.00134205	0.892559	0.313054	-0.000118883
224	2.51383e-09	0.416215	-1.03134	-0.00133829	0.879941	0.353953	-0.000549988
225	2.51383e-09	0.348269	1.05897	0.00104386	-0.900344	0.295008	0.000414389
226	2.51383e-09	0.0480472	-1.12114	-5.81862e-05	0.942851	0.0365651	9.94898e-05
227	2.51383e-09	-0.644557	0.907141	-0.00053576	-0.774413	-0.547997	-0.000983317
228	2.51383e-09	0.387577	1.04674	0.00114092	-0.887908	0.328903	0.000209472
229	2.51383e-09	-1.00297	0.490308	-0.000131737	-0.416921	-0.851738	0.000170476
230	2.51383e-09	-0.0891505	1.11847	-0.00158436	-0.941722	-0.075803	0.00112848
231	2.51383e-09	-1.12904	0.120408	-0.00142912	-0.100535	-0.932235	0.00047571
232	2.51383e-09	1.11072	-0.0734753	0.000175654	0.0641092	0.944919	-0.00179252
233	2.51383e-09	1.10165	-0.196576	-0.0014575	0.168442	0.929547	-0.000622288
234	2.51383e-09	0.906589	-0.636557	0.00118009	0.545537	0.779003	-0.000815751
235	2.51383e-09	-0.332435	1.07253	0.000275012	-0.900823	-0.278626	0.000189028
236	2.51383e-09	-0.00420847	1.12626	0.00146222	-0.942082	-0.00251799	-0.000721561
237	2.51383e-09	-0.978438	-0.548443	-0.000610964	0.462064	-0.825121	0.00016714
238	2.51383e-09	-0.91018	0.657545	-0.000924052	-0.551946	-0.76646	0.000360924
239	2.51383e-09	0.425761	-1.03181	0.00194796	0.875159	0.36215	0.000194371
240	2.51383e-09	0.393569	1.05705	0.00052851	-0.883006	0.329131	-0.00147111
241	2.51383e-09	0.18542	1.10985	-0.000538436	-0.930797	0.154891	0.00115544
242	2.51383e-09	0.631205	-0.949095	-0.000883548	0.780268	0.517267	-0.00191426
243	2.51383e-09	-0.173606	-1.11101	0.000811022	0.930885	-0.147631	-0.000789329
244	2.51383e-09	0.506727	-0.999335	-0.00127335	0.842718	0.426595	-0.000399533
245	2.51383e-09	-0.903813	-0.667398	6.90843e-05	0.561788	-0.758722	0.00113969
246	2.51383e-09	0.342602	-1.06842	-0.00102344	0.900287	0.287983	0.00039961
247	2.51383e-09	-0.957213	-0.572504	-0.00032797	0.488132	-0.812928	-0.000584388
248	2.51383e-09	-0.432954	1.03367	-0.00119442	-0.8717	-0.3608	0.000203712
249	2.51383e-09	1.11704	-0.016308	-0.00168651	0.01427	0.947099	0.00124031
250	2.51383e-09	-1.10815	0.20289	0.0017142	-0.169111	-0.926468	-0.000507724
251	2.51383e-09	0.729055	0.874037	0.0012342	-0.718161	0.601288	-0.00176879
252	2.51383e-09	0.78368	-0.819001	0.000911304	0.679861	0.647149	0.00119921
253	2.51383e-09	1.06713	0.341806	0.000670366	-0.288328	0.90155	-0.00182687
254	2.51383e-09	0.771626	0.819172	0.000458719	-0.686605	0.646844	0.000815215
255	2.51383e-09	-1.08352	-0.345082	0.000407184	0.285968	-0.893069	0.000619425
256	2.51383e-09	0.476474	-1.02363	0.00045231	0.852959	0.395255	-0.0011178
257	2.51383e-09	0.272677	-1.09906	0.0013183	0.911945	0.227963	-0.000171666
258	2.51383e-09	-0.478895	1.02465	0.000930199	-0.850849	-0.399762	-0.000620742
259	2.51383e-09	-1.11967	0.127653	0.000153881	-0.108917	-0.935387	-7.96367e-05
260	2.51383e-09	-1.08709	0.290473	-0.000436819	-0.243662	-0.914052	0.00127904
261	2.51383e-09	-0.17923	-1.12358	0.000989657	0.927362	-0.147478	-0.000239814
262	2.51383e-09	-1.13173	-0.0749906	-0.000425825	0.0637021	-0.935992	0.000868495
263	2.51383e-09	0.753574	-0.856183	0.000182637	0.702861	0.618187	-0.000165808
264	2.51383e-09	0.0549203	1.13028	0.000427258	-0.938291	0.0452469	0.000885765
265	2.51383e-09	1.10151	0.307697	0.000900747	-0.248475	0.90092	0.000668985
266	2.51383e-09	-0.856147	-0.747387	0.00078065	0.61482	-0.708926	0.00161074
267	2.51383e-09	-0.888582	0.700411	0.00098118	-0.580942	-0.738356	-0.000909473
268	2.51383e-09	0.40944	1.05196	-0.000473972	-0.877635	0.343688	-0.000402693
269	2.51383e-09	1.13118	-0.0580705	0.000920082	0.047383	0.938914	-0.00146419
270	2.51383e-09	0.485492	1.02498	4.43986e-06	-0.847928	0.403332	-0.000471117
271	2.51383e-09	0.789372	-0.823803	-0.000861327	0.673947	0.647645	0.000281496
272	2.51383e-09	-1.13852	0.065123	-0.00243977	-0.0559863	-0.933461	-0.000591604
273	2.51383e-09	-0.766043	0.850597	-0.000892789	-0.695926	-0.623838	-0.000160851
274	2.51383e-09	0.835608	-0.775081	-0.00132697	0.635624	0.687747	3.71635e-05
275	2.51383e-09	1.01747	0.506294	-0.000706483	-0.415974	0.841891	-0.00141268
276	2.51383e-09	-1.13702	-0.0494266	0.000473009	0.0386842	-0.936293	0.000185491
277	2.51383e-09	0.902887	0.696496	-0.00105357	-0.571592	0.742155	0.000156218
278	2.51383e-09	-0.204126	-1.1251	1.40703e-05	0.920528	-0.16825	0.00157087
279	2.51383e-09	0.919634	0.682573	2.98921e-05	-0.554827	0.751543	-0.000674061
280	2.51383e-09	-0.968737	-0.604929	-0.00175649	0.495204	-0.794447	-0.000494565
281	2.51383e-09	0.373424	1.07948	-0.00082516	-0.884291	0.305457	-6.0939e-05
282	2.51383e-09	-0.399491	1.07214	-0.000590473	-0.876074	-0.324424	0.000688343
283	2.51383e-09	0.476932	-1.0448	-0.000885718	0.849834	0.38723	-0.000563573
284	2.51383e-09	-0.912627	-0.708763	-0.000708901	0.571428	-0.73221	-0.00159136
285	2.51383e-09	-1.11273	0.275181	-0.00133157	-0.226028	-0.905976	0.000309075
286	2.51383e-09	-0.523725	-1.01681	-0.00116132	0.830647	-0.429705	-0.000128884
287	2.51383e-09	1.13351	-0.138806	-0.0014773	0.114203	0.927655	0.00127299
288	2.51383e-09	-0.0285053	-1.14436	-3.587e-05	0.934986	-0.0217724	-0.000159343
289	2.51383e-09	-0.341457	-1.09786	-0.000317612	0.890119	-0.276499	0.000253143
290	2.51383e-09	-1.12531	0.208827	0.000877835	-0.168406	-0.919469	8.94273e-05
291	2.51383e-09	0.442571	-1.06743	0.00116543	0.858519	0.355578	0.000575368
292	2.51383e-09	0.672813	0.92575	-0.000838968	-0.755737	0.551456	8.78268e-05
293	2.51383e-09	1.14561	-0.0278691	-0.000815873	0.0206128	0.934698	-0.000749445
294	2.51383e-09	1.02945	-0.517802	0.00286887	0.417403	0.831904	-0.000581857
295	2.51383e-09	0.441982	1.05707	0.000657669	-0.862859	0.36156	0.000809733
296	2.51383e-09	1.1389	-0.187528	0.00118446	0.150913	0.917592	-0.000514236
297	2.51383e-09	1.10656	-0.316542	0.00207525	0.255797	0.896397	0.00190284
298	2.51383e-09	1.14668	-0.124866	-0.000989402	0.0987741	0.926393	-0.000224062
299	2.51383e-09	0.0841545	1.14521	0.00175258	-0.932518	0.0684064	-0.000964458
300	2.51383e-09	1.12893	-0.24554	-0.00119999	0.19865	0.909838	-0.000621217
301	2.51383e-09	-0.995249	0.586785	-0.00108131	-0.468355	-0.803441	0.000586949
302	2.51383e-09	-0.368141	1.10232	-0.000328973	-0.8802	-0.292887	0.00190027
303	2.51383e-09	-0.155925	1.14561	0.000339845	-0.920435	-0.126792	0.000358821
304	2.51383e-09	-0.351754	1.10261	0.000898742	-0.887662	-0.278893	-0.00157935
305	2.51383e-09	-1.15039	-0.102807	0.000363728	0.0823783	-0.927754	0.00132443
306	2.51383e-09	0.786711	-0.846167	-0.000276102	0.681742	0.633092	-0.000176611
307	2.51383e-09	-0.717891	-0.901384	-0.000733537	0.732012	-0.581665	-0.000347189
308	2.51383e-09	-1.0881	0.416196	0.00228697	-0.329859	-0.864367	0.000168327
309	2.51383e-09	-0.292885	-1.10561	0.00203391	0.904443	-0.243954	0.000552557
310	2.51383e-09	0.151332	-1.14478	-0.000309905	0.921694	0.120449	0.000713636
311	2.51383e-09	0.407577	1.0826	0.00102689	-0.870096	0.328397	0.000502413
312	2.51383e-09	0.823038	0.819888	4.8003e-05	-0.655948	0.655918	-0.000553435
313	2.51383e-09	0.629095	-0.966244	-0.00107347	0.782564	0.505957	-0.00174492
314	2.51383e-09	-0.523657	1.04217	-0.000663961	-0.825795	-0.414886	0.000751832
315	2.51383e-09	-0.528256	-1.0381	2.61239e-06	0.824069	-0.420836	0.000492666
316	2.51383e-09	0.443384	-1.06983	-0.00108378	0.858581	0.35781	0.000493544
317	2.51383e-09	-1.12053	0.315065	-0.00139402	-0.252379	-0.891642	-0.000363217
318	2.51383e-09	0.644709	-0.962679	-0.00125536	0.772663	0.515754	-0.000826699
319	2.51383e-09	1.00562	-0.594726	5.84218e-05	0.470671	0.794088	-0.000403886
320	2.51383e-09	1.07415	-0.463734	-0.00063308	0.361837	0.849391	0.000760884
321	2.51383e-09	1.16436	-0.0153093	0.000123734	0.0131854	0.9266	-0.000938746
322	2.51383e-09	-0.885448	0.760797	-0.000928141	-0.603951	-0.70087	0.000791346
323	2.51383e-09	1.13495	-0.286712	-0.000557367	0.225619	0.896563	-0.000899877
324	2.51383e-09	0.810748	-0.859714	-0.00122749	0.666354	0.633486	-0.000600228
325	2.51383e-09	-1.16391	-0.107755	8.18965e-05	0.0844179	-0.920089	0.00133226
326	2.51383e-09	-0.932661	-0.699188	-6.93005e-05	0.554233	-0.742576	0.0013033
327	2.51383e-09	-0.943339	-0.681856	-0.00160294	0.543078	-0.75172	-0.000750912
328	2.51383e-09	1.12807	0.296355	2.18196e-05	-0.236697	0.89584	-0.00153982
329	2.51383e-09	-1.11951	0.378463	0.000434287	-0.29366	-0.871717	0.000874739
330	2.51383e-09	0.339245	1.12492	-0.00065618	-0.882167	0.264905	2.03447e-05
331	2.51383e-09	-0.84292	0.819213	0.000444276	-0.63983	-0.663586	0.000241496
332	2.51383e-09	-0.597003	-1.00043	0.00310713	0.794641	-0.476301	-0.000285788
333	2.51383e-09	-0.992349	0.635637	0.000391161	-0.49496	-0.775992	-0.00140422
334	2.51383e-09	0.143867	1.15992	0.00105461	-0.918036	0.115493	0.0005515
335	2.51383e-09	-1.03095	-0.559363	-0.00188436	0.440268	-0.810289	-0.00155897
336	2.51383e-09	1.07652	0.470189	0.000147432	-0.369387	0.845444	-0.00183962
337	2.51383e-09	-0.519431	-1.05342	-0.00153273	0.82775	-0.408219	0.000647213
338	2.51383e-09	1.12358	0.314285	0.00173221	-0.253155	0.889431	0.000874964
339	2.51383e-09	1.176	0.185702	5.61316e-05	-0.14357	0.904339	-0.000375147
340	2.51383e-09	0.4071	1.11535	-0.000725083	-0.859713	0.318471	0.000126189
341	2.51383e-09	1.1486	0.299765	-0.000258656	-0.23002	0.886495	0.000580802
342	2.51383e-09	0.952576	-0.674333	-0.00169793	0.535089	0.756347	0.000155659
343	2.51383e-09	1.16737	0.0757323	-0.00198862	-0.0635419	0.922823	0.000105965
344	2.51383e-09	0.25646	-1.14179	-0.000457407	0.902011	0.200804	0.00034455
345	2.51383e-09	1.08639	0.45792	-0.00243389	-0.357221	0.848402	-0.000715841
346	2.51383e-09	1.14507	-0.251894	0.00115695	0.198533	0.901944	0.000609932
347	2.51383e-09	0.944683	-0.700669	0.00167849	0.549541	0.738992	-0.000770764
348	2.51383e-09	-0.425418	-1.09614	-0.000594724	0.860584	-0.335259	-0.000619611
349	2.51383e-09	-0.014725	-1.17744	-0.000894168	0.922422	-0.00735885	0.000507816
350	2.51383e-09	0.78939	-0.868492	-0.000354684	0.685006	0.621258	-0.000486721
351	2.51383e-09	-1.15472	0.249469	-0.000222	-0.197688	-0.898142	0.000493445
352	2.51383e-09	1.01179	0.608707	-0.000746473	-0.472181	0.788762	-0.00105548
353	2.51383e-09	0.563543	1.02589	0.00117644	-0.8121	0.445179	4.39303e-05
354	2.51383e-09	0.678702	0.970477	-0.000847363	-0.752631	0.525805	-0.00137884
355	2.51383e-09	-1.16406	-0.14664	0.000187981	0.115835	-0.915386	-0.000132334
356	2.51383e-09	1.16578	0.209695	0.000715421	-0.163146	0.904405	0.00107899
357	2.51383e-09	-0.900788	-0.77345	0.000656106	0.596331	-0.696784	0.000943389
358	2.51383e-09	0.271939	-1.16438	0.000601436	0.889364	0.206533	0.00162115
359	2.51383e-09	-0.819907	-0.858781	-0.00122012	0.662714	-0.635123	0.00144912
360	2.51383e-09	-1.12401	0.359161	5.44638e-05	-0.27974	-0.878029	0.00132767
361	2.51383e-09	0.0152118	-1.18323	0.00107922	0.919075	0.0116821	-0.00178469
362	2.51383e-09	-0.756478	-0.907321	-0.00119148	0.704917	-0.589597	0.00062514
363	2.51383e-09	0.804581	0.853703	-0.00038937	-0.672787	0.631766	0.00112764
364	2.51383e-09	0.922283	-0.749577	-0.000352409	0.579123	0.709516	0.000404592
365	2.51383e-09	0.713907	0.946671	0.000359879	-0.732049	0.555931	0.000778563
366	2.51383e-09	1.18313	-0.053418	0.00217692	0.0422929	0.918381	0.000461881
367	2.51383e-09	-1.13433	0.347086	-0.000372899	-0.2678	-0.878569	-2.44237e-05
368	2.51383e-09	0.954883	0.71098	-0.00265693	-0.547372	0.736368	0.000757502
369	2.51383e-09	1.17342	0.237549	-0.000747939	-0.181227	0.894556	-0.000467951
370	2.51383e-09	-0.0539929	1.18412	-0.000763358	-0.917463	-0.0428478	0.000695844
371	2.51383e-09	0.355371	1.14156	0.000594085	-0.873191	0.271991	-0.00214346
372	2.51383e-09	-0.72743	-0.943358	0.000835186	0.72492	-0.560599	-0.00115116
373	2.51383e-09	-0.921532	0.754417	-0.00117085	-0.579097	-0.70851	0.000170274
374	2.51383e-09	-0.582458	1.0548	0.0010104	-0.797888	-0.437249	-0.00037369
375	2.51383e-09	-1.05203	0.576179	-0.000328873	-0.43832	-0.800166	8.43404e-05
376	2.51383e-09	0.0884825	1.1872	0.000593495	-0.914342	0.0688775	0.0009738
377	2.51383e-09	-0.459773	-1.09498	-0.00184579	0.84554	-0.358971	-0.000767144
378	2.51383e-09	1.1377	-0.360832	-0.00109222	0.277261	0.871816	-0.000508825
379	2.51383e-09	-0.0964802	1.19575	0.0012503	-0.906945	-0.0719966	-0.00116314
380	2.51383e-09	1.1203	0.417697	-0.000657339	-0.320061	0.856416	0.0010482
381	2.51383e-09	0.360327	-1.13608	0.00182611	0.87354	0.277367	0.00015154
382	2.51383e-09	1.19085	-0.0699445	0.000676603	0.0553157	0.914138	0.000555559
383	2.51383e-09	0.963104	0.684875	-0.00014651	-0.534912	0.749072	0.000321488
384	2.51383e-09	0.942241	-0.734793	0.00122878	0.561942	0.722608	0.000736993
385	2.51383e-09	-0.104036	-1.19574	-0.000175225	0.907958	-0.0785375	-0.00103719
386	2.51383e-09	-1.16491	0.294677	0.000585699	-0.22543	-0.883557	-0.000173249
387	2.51383e-09	-1.19452	0.137788	0.000548171	-0.102916	-0.905137	3.9775e-05
388	2.51383e-09	0.708832	0.968426	-0.000623068	-0.735451	0.540354	0.000399191
389	2.51383e-09	0.0129668	1.20372	-0.000797884	-0.909858	0.00879534	-0.000123763
390	2.51383e-09	-0.821946	0.863955	9.24979e-05	-0.663005	-0.632735	0.00136758
391	2.51383e-09	-0.0384907	-1.20146	0.000302875	0.911731	-0.0309394	-0.00100952
392	2.51383e-09	-0.795997	-0.902298	0.000501078	0.683177	-0.603017	0.00114663
393	2.51383e-09	1.20778	0.114655	0.000179661	-0.0815377	0.902976	0.000445225
394	2.51383e-09	0.911016	0.78164	-0.00167499	-0.594729	0.69254	-0.000786251
395	2.51383e-09	0.987054	-0.680758	0.00232509	0.520841	0.750169	-0.000974612
396	2.51383e-09	-0.408707	-1.12965	-0.000535166	0.855618	-0.312306	0.000307298
397	2.51383e-09	-1.19933	-0.106763	0.000856497	0.0833026	-0.907392	-0.000710451
398	2.51383e-09	-0.3146	1.16333	-0.000587704	-0.879148	-0.239847	0.00153999
399	2.51383e-09	-0.019361	-1.20567	-0.000958428	0.909502	-0.0128557	-0.000786357
400	2.51383e-09	-0.281973	-1.17233	0.000273683	0.88625	-0.212848	0.000117809
