8.387999e+03
401
0	1	0.000387318	0.000240234	-3.53495e-07	4.20567e-08	6.91589e-08	5.48782e-11
1	2.51383e-09	0.262092	0.984115	-0.00230516	-0.955185	0.253933	-0.00130431
2	2.51383e-09	0.150641	-0.987434	0.000626074	0.990715	0.144146	-0.000686345
3	2.51383e-09	-0.986175	0.16628	0.000112817	-0.163533	-0.984191	-0.0012895
4	2.51383e-09	-0.2923	0.966851	-6.15704e-05	-0.95067	-0.28857	-0.00243419
5	2.51383e-09	0.117827	0.993192	0.00150375	-0.990823	0.118143	0.000812301
6	2.51383e-09	-0.871149	-0.515425	-0.000630111	0.50729	-0.853628	0.00299618
7	2.51383e-09	-0.710342	-0.692839	0.000862129	0.703805	-0.71885	0.0026091
8	2.51383e-09	0.334062	0.94119	0.000221577	-0.941567	0.335339	0.000939539
9	2.51383e-09	-0.403464	-0.916465	0.000345904	0.916629	-0.400575	-0.000455474
10	2.51383e-09	-0.364218	0.946451	0.000779422	-0.927461	-0.356436	0.000140763
11	2.51383e-09	0.610077	-0.791904	-5.69542e-05	0.792735	0.610962	-0.000709521
12	2.51383e-09	-0.821241	0.59406	-0.00128746	-0.58319	-0.805683	-0.000582425
13	2.51383e-09	0.818732	0.577227	-0.00100817	-0.576342	0.818207	-0.000266698
14	2.51383e-09	0.093654	1.00819	-0.0021165	-0.989741	0.0901829	-0.00257152
15	2.51383e-09	-0.110503	-0.991882	0.00165135	0.998616	-0.10889	0.000763548
16	2.51383e-09	-0.303635	0.943988	0.00110757	-0.959542	-0.307541	0.00116655
17	2.51383e-09	-0.530417	0.851913	0.000453574	-0.84842	-0.532879	0.00151998
18	2.51383e-09	-0.246257	0.991493	-1.72906e-05	-0.958295	-0.2441	0.00186496
19	2.51383e-09	0.620374	-0.808192	-0.000385478	0.779448	0.610734	-0.00327642
20	2.51383e-09	0.898194	0.503076	-0.00360414	-0.483701	0.858743	-0.00140335
21	2.51383e-09	-0.943054	-0.354526	0.00288342	0.350292	-0.9312	0.000275218
22	2.51383e-09	-0.999799	-0.264175	-0.00051528	0.248451	-0.949176	0.00272245
23	2.51383e-09	-0.800382	0.624118	-0.00186857	-0.606604	-0.782963	0.00236604
24	2.51383e-09	0.972928	0.24463	-0.00193651	-0.245318	0.9717	-0.000389756
25	2.51383e-09	-0.651032	0.77387	-0.00119041	-0.764359	-0.641982	0.0026029
26	2.51383e-09	-0.431376	-0.922983	-0.000282915	0.89836	-0.415955	-0.00146762
27	2.51383e-09	-0.399034	0.919798	-0.00289096	-0.913805	-0.402381	-0.000304627
28	2.51383e-09	-0.303763	0.958221	-0.000229634	-0.950539	-0.305839	0.00277335
29	2.51383e-09	-0.153978	0.998411	0.00201255	-0.983762	-0.154004	0.000455294
30	2.51383e-09	-0.942366	0.368169	-0.000298851	-0.361204	-0.926476	-0.002381
31	2.51383e-09	-0.517828	-0.865292	0.00223867	0.85369	-0.512215	-0.0030556
32	2.51383e-09	-0.439109	0.905034	0.00397905	-0.89931	-0.433062	-0.00118415
33	2.51383e-09	1.00781	0.235207	0.00084354	-0.214683	0.95649	-0.0013458
34	2.51383e-09	-1.01521	-0.185361	-0.00243293	0.175456	-0.969058	0.00271394
35	2.51383e-09	-0.242122	-0.994054	-0.00215673	0.958736	-0.232618	-0.00247664
36	2.51383e-09	-0.485479	0.898781	0.00213308	-0.869162	-0.463631	-0.00075181
37	2.51383e-09	-0.927391	0.430686	0.000479455	-0.413812	-0.896877	0.00201495
38	2.51383e-09	0.416811	-0.917576	-0.00118995	0.90607	0.408209	0.00262748
39	2.51383e-09	-0.950754	0.347333	-0.00253464	-0.346182	-0.933111	-0.000881425
40	2.51383e-09	-0.869987	0.507268	-8.90236e-05	-0.504101	-0.863099	-0.000583371
41	2.51383e-09	0.945859	-0.369828	-0.00381329	0.361764	0.923788	-0.000152531
42	2.51383e-09	-0.964433	0.381563	0.00295772	-0.358863	-0.914176	-0.000963392
43	2.51383e-09	0.858128	0.540123	0.0022519	-0.534185	0.835229	0.00212838
44	2.51383e-09	-0.775553	-0.681513	-0.00153557	0.651086	-0.739581	0.00100691
45	2.51383e-09	0.804921	-0.630978	0.00107981	0.612719	0.776424	-0.00220441
46	2.51383e-09	-0.209138	-0.994206	0.000631994	0.971987	-0.200613	-0.000576738
47	2.51383e-09	-0.987652	-0.240177	-0.00176745	0.232262	-0.964826	-0.000371244
48	2.51383e-09	-0.583809	0.848249	0.000303115	-0.811503	-0.558098	-0.00186163
49	2.51383e-09	-0.105406	-1.0011	-0.00193084	0.990718	-0.106147	0.00265036
50	2.51383e-09	0.776462	0.688731	-0.00160913	-0.651714	0.736307	-0.00212384
51	2.51383e-09	-0.109761	1.00116	-0.00021909	-0.989699	-0.1089	-0.00212026
52	2.51383e-09	-1.02262	-0.12143	0.00144649	0.121794	-0.978009	-0.00107254
53	2.51383e-09	0.732817	0.720235	-0.00150092	-0.693522	0.702249	-0.00164911
54	2.51383e-09	-0.958127	0.369443	-0.00184546	-0.354584	-0.918708	0.00033021
55	2.51383e-09	-0.338963	0.976072	6.67733e-05	-0.930692	-0.324427	0.000390112
56	2.51383e-09	0.225065	0.996672	0.000508189	-0.967581	0.216423	3.62633e-05
57	2.51383e-09	-0.409485	0.960659	-0.00133038	-0.902294	-0.385322	0.00093476
58	2.51383e-09	-1.04138	0.0793014	0.000879496	-0.0780742	-0.973932	0.000972173
59	2.51383e-09	0.148003	1.01338	-0.00014991	-0.981215	0.138405	0.00290822
60	2.51383e-09	0.00123189	1.03069	-0.00132158	-0.98567	-0.00286608	0.000398353
61	2.51383e-09	-0.767186	0.70206	-0.00166334	-0.661253	-0.720402	0.00268936
62	2.51383e-09	-0.939213	0.436487	-0.000597422	-0.410781	-0.892627	-0.000137255
63	2.51383e-09	0.621343	-0.821806	-0.000981482	0.787074	0.591825	-0.000395683
64	2.51383e-09	0.78144	-0.674551	-0.00033337	0.648103	0.739074	0.00143387
65	2.51383e-09	-0.982649	0.270222	-5.62186e-05	-0.265642	-0.955479	-0.000579807
66	2.51383e-09	-1.0309	-0.107051	-0.000255609	0.108519	-0.972142	-0.00227532
67	2.51383e-09	1.03568	0.134776	-0.000865742	-0.128892	0.971823	-0.00118936
68	2.51383e-09	-0.562252	0.866289	-0.00175327	-0.825333	-0.536504	-0.00229572
69	2.51383e-09	-0.901134	-0.522885	-0.00237404	0.493026	-0.844248	-0.00334945
70	2.51383e-09	0.503673	-0.894184	1.16022e-05	0.860298	0.485665	-0.00046458
71	2.51383e-09	0.631517	0.825283	0.0050472	-0.777443	0.596824	-0.00180315
72	2.51383e-09	-0.0960911	-1.06276	0.002534	0.960981	-0.0859375	0.00113349
73	2.51383e-09	-0.513324	0.899695	-0.00177689	-0.854267	-0.48734	-0.00218276
74	2.51383e-09	0.0280618	1.05424	-0.00132287	-0.974757	0.0307845	0.00195083
75	2.51383e-09	-0.826716	-0.639444	-0.000852535	0.598034	-0.773041	-0.000698279
76	2.51383e-09	-0.536983	0.907299	-0.00372363	-0.833086	-0.500814	-0.00036023
77	2.51383e-09	-0.541866	-0.905286	0.000176667	0.835811	-0.50297	-0.00135735
78	2.51383e-09	-0.81006	-0.666897	-0.000137043	0.624269	-0.746909	-0.00313062
79	2.51383e-09	-0.457947	0.928135	0.00155304	-0.884375	-0.429395	-0.00473336
80	2.51383e-09	-0.799621	0.663547	-0.000207578	-0.626526	-0.753019	-0.000487869
81	2.51383e-09	0.246472	0.998043	3.1476e-05	-0.955732	0.239224	-5.4061e-05
82	2.51383e-09	0.155946	1.04738	-0.0013779	-0.96146	0.137125	-0.000201366
83	2.51383e-09	1.01518	-0.209852	-0.00131395	0.200511	0.960216	0.00161939
84	2.51383e-09	-0.523568	0.895664	-0.000367209	-0.850421	-0.494709	0.000529879
85	2.51383e-09	-0.976597	-0.322723	0.000271463	0.308843	-0.93483	-0.00175862
86	2.51383e-09	-1.02659	-0.233028	0.000279463	0.222899	-0.948852	0.000928886
87	2.51383e-09	-0.174144	-1.03724	-0.00121175	0.958849	-0.160227	0.000510676
88	2.51383e-09	0.452452	0.929501	-0.0025072	-0.885908	0.429905	-0.00163533
89	2.51383e-09	0.873756	-0.581989	-0.00192151	0.541653	0.812483	2.01541e-05
90	2.51383e-09	0.908474	0.525545	-0.00359596	-0.485331	0.846327	-0.0013302
91	2.51383e-09	-0.765388	0.681807	0.00411265	-0.656345	-0.741045	-0.00232007
92	2.51383e-09	-0.679985	0.804183	0.00128843	-0.741783	-0.631194	0.000690168
93	2.51383e-09	0.214644	1.04003	-0.00127618	-0.951397	0.198221	-0.00111313
94	2.51383e-09	0.274454	1.00317	-0.000323665	-0.945194	0.258392	-0.00347597
95	2.51383e-09	0.960673	-0.376761	-0.000669218	0.361477	0.913896	-0.000250054
96	2.51383e-09	-0.642757	-0.839999	-0.00210379	0.774072	-0.585726	0.00229454
97	2.51383e-09	-0.888219	0.559066	0.000270241	-0.513876	-0.830857	-0.00208889
98	2.51383e-09	0.407765	-0.975471	0.00116503	0.895622	0.376064	0.0013463
99	2.51383e-09	-0.70488	-0.787951	0.00174923	0.728828	-0.65016	-0.00181049
100	2.51383e-09	-0.377499	0.974888	0.000679484	-0.916476	-0.353593	-0.000392262
101	2.51383e-09	-0.574212	0.859029	9.32481e-05	-0.817346	-0.547102	0.00125384
102	2.51383e-09	0.435199	-0.925839	-0.00145825	0.898013	0.417296	0.000338598
103	2.51383e-09	-0.530727	0.903184	0.00193417	-0.841441	-0.497992	-0.00163286
104	2.51383e-09	-1.04302	0.0472375	0.00138174	-0.0496174	-0.977744	0.00206274
105	2.51383e-09	0.550375	-0.874672	0.00193261	0.835027	0.523097	-0.000642705
106	2.51383e-09	1.01792	-0.258141	0.00146147	0.238772	0.944763	0.00209555
107	2.51383e-09	-1.04847	0.117362	0.000295783	-0.106343	-0.969734	-0.000281998
108	2.51383e-09	-0.239746	1.04101	0.000977273	-0.943683	-0.211682	0.000535855
109	2.51383e-09	1.0409	-0.244973	-0.00222587	0.214776	0.941091	0.00100621
110	2.51383e-09	0.932251	-0.501082	-0.00193006	0.455489	0.8574	0.00289999
111	2.51383e-09	-0.2354	1.0317	0.000425571	-0.947879	-0.222212	0.00259776
112	2.51383e-09	-1.05508	-0.121116	0.00151203	0.113671	-0.965161	0.000431944
113	2.51383e-09	-0.879198	-0.588076	-0.000656473	0.544155	-0.806184	-0.00114031
114	2.51383e-09	0.870052	-0.577398	-0.00110406	0.543607	0.817621	0.00104191
115	2.51383e-09	-0.0609698	-1.08091	0.00211678	0.955979	-0.055157	0.00282649
116	2.51383e-09	-0.380849	-0.984906	0.00138128	0.904283	-0.352282	-0.00321332
117	2.51383e-09	-0.185841	-1.03809	0.00143348	0.959873	-0.171017	-0.000382943
118	2.51383e-09	0.530881	-0.917659	-0.00071848	0.839242	0.488336	0.000191591
119	2.51383e-09	0.969912	-0.409548	0.00378322	0.374384	0.897714	0.00200753
120	2.51383e-09	0.868404	0.592968	-0.00218064	-0.55296	0.802452	0.00156119
121	2.51383e-09	0.316399	-1.01447	-0.00173882	0.928765	0.287023	-0.0024917
122	2.51383e-09	0.280089	-1.03797	0.000310668	0.929408	0.255486	-0.00219928
123	2.51383e-09	-0.412476	-0.950348	0.00285655	0.903444	-0.392093	0.00044375
124	2.51383e-09	-0.99133	-0.420917	0.00159991	0.375963	-0.886553	-0.00229983
125	2.51383e-09	0.276239	1.00415	0.00205858	-0.946613	0.261995	-0.000926696
126	2.51383e-09	0.61023	0.861373	-0.00155782	-0.796274	0.564737	0.00116277
127	2.51383e-09	-1.05639	0.0616202	-0.00124986	-0.0531183	-0.968924	0.000575255
128	2.51383e-09	0.37552	-0.998459	0.00149356	0.908698	0.338772	-0.00279079
129	2.51383e-09	-0.86905	0.602864	-0.000377296	-0.557033	-0.795705	0.00261916
130	2.51383e-09	1.01838	-0.287399	0.00288978	0.264614	0.938696	-0.000901873
131	2.51383e-09	-0.271966	-1.05754	-0.00175167	0.925109	-0.239852	0.00119224
132	2.51383e-09	-0.594083	-0.889409	-0.00134912	0.804029	-0.534285	-0.000390141
133	2.51383e-09	-0.634483	0.859346	-0.00134528	-0.779594	-0.574236	-0.000431846
134	2.51383e-09	-0.859915	0.613264	-0.00102827	-0.563422	-0.790756	0.000242021
135	2.51383e-09	-0.228606	-1.02816	0.00235944	0.95107	-0.207745	0.000263958
136	2.51383e-09	-0.377048	-1.01094	0.000235698	0.903794	-0.338135	-0.00241531
137	2.51383e-09	-0.200971	1.05022	0.00196435	-0.947567	-0.181676	-0.000839811
138	2.51383e-09	-0.416351	0.973181	-0.000922949	-0.894519	-0.385198	-0.000817429
139	2.51383e-09	-0.584304	-0.887517	-0.00300743	0.808215	-0.535868	-0.000270883
140	2.51383e-09	1.08085	-0.131109	0.000434693	0.109048	0.951533	0.000125951
141	2.51383e-09	0.077948	-1.06714	0.0021786	0.964035	0.0720457	0.000606858
142	2.51383e-09	-0.968835	0.471992	-0.00204477	-0.415198	-0.867675	0.000605121
143	2.51383e-09	-0.41945	-0.981382	0.00100373	0.893516	-0.379871	-0.00162885
144	2.51383e-09	0.199034	1.06247	0.00142138	-0.946007	0.179347	-0.00171962
145	2.51383e-09	-1.05868	0.00942818	0.000684235	-0.0104302	-0.971059	0.000881847
146	2.51383e-09	-0.199019	1.08081	0.00214654	-0.94096	-0.169235	-0.00288106
147	2.51383e-09	-0.0379115	1.08009	-0.00235506	-0.963008	-0.0318951	0.00149867
148	2.51383e-09	0.559027	0.92598	0.00061281	-0.822002	0.500925	0.00110511
149	2.51383e-09	-0.18458	1.0487	-0.00154351	-0.950559	-0.176282	0.00159681
150	2.51383e-09	1.07392	-0.164587	-0.00158575	0.148337	0.943833	6.69282e-06
151	2.51383e-09	0.207384	1.06033	0.00100614	-0.94248	0.18638	-0.00135888
152	2.51383e-09	0.576273	0.925543	0.000513952	-0.808754	0.501549	0.00123662
153	2.51383e-09	-0.996982	-0.428962	-0.000150651	0.378935	-0.881892	8.58265e-05
154	2.51383e-09	-0.656197	0.893146	0.00224338	-0.767677	-0.557325	-0.000768413
155	2.51383e-09	-0.0112128	-1.08054	0.00123087	0.960203	-0.01546	0.00203972
156	2.51383e-09	1.04046	-0.311439	0.000181441	0.280334	0.919864	0.00268127
157	2.51383e-09	-1.0114	-0.323395	0.000676863	0.299977	-0.925009	-0.000782923
158	2.51383e-09	0.719397	-0.820871	-0.00144805	0.723804	0.628752	-0.00461547
159	2.51383e-09	-0.889414	-0.59607	0.000483713	0.535881	-0.805092	-0.00094138
160	2.51383e-09	-0.0970276	-1.07047	0.0020758	0.960986	-0.0893059	0.00216595
161	2.51383e-09	0.878142	0.639918	-0.0030978	-0.565902	0.775388	0.000336743
162	2.51383e-09	-0.868448	0.640847	-0.000930796	-0.570974	-0.774466	-0.00362343
163	2.51383e-09	-0.467956	-0.975464	6.03867e-05	0.864974	-0.419069	-0.00102938
164	2.51383e-09	-1.07392	0.0677613	0.00180149	-0.0580345	-0.960175	-0.00256706
165	2.51383e-09	-0.752094	-0.805757	-0.00312747	0.695797	-0.64861	-0.00151138
166	2.51383e-09	0.964585	-0.514258	0.000389757	0.448412	0.841134	0.00182601
167	2.51383e-09	0.980114	-0.443359	-4.59703e-05	0.401356	0.872823	0.0038494
168	2.51383e-09	0.734538	-0.800962	0.00106107	0.710064	0.646391	-0.00127186
169	2.51383e-09	-0.955254	-0.523812	0.00193493	0.459772	-0.838162	-0.000201105
170	2.51383e-09	-0.952104	-0.533129	-0.00237585	0.468042	-0.832892	0.00267956
171	2.51383e-09	0.186137	1.07145	0.00352049	-0.946952	0.160643	-0.000617315
172	2.51383e-09	-0.442775	1.01985	0.000359083	-0.870274	-0.380396	-0.00128095
173	2.51383e-09	0.301021	-1.05954	0.00201647	0.917874	0.258668	0.00230731
174	2.51383e-09	0.125177	-1.09509	0.00107208	0.946748	0.102812	-0.00205881
175	2.51383e-09	-0.439773	-0.98978	0.00210004	0.878635	-0.395053	0.00031674
176	2.51383e-09	-0.456087	0.980585	-5.50651e-05	-0.871058	-0.406112	0.00051302
177	2.51383e-09	0.708245	0.868062	-0.00247795	-0.730796	0.598709	0.00102896
178	2.51383e-09	-0.386183	-1.00519	0.000784785	0.899241	-0.3455	0.000233686
179	2.51383e-09	0.0254595	1.09428	-0.00199295	-0.957636	0.0192798	-0.00334417
180	2.51383e-09	0.535769	-0.943661	-0.00269758	0.833525	0.474251	0.00117595
181	2.51383e-09	-0.112744	-1.09789	0.000915158	0.945434	-0.0955503	0.00165462
182	2.51383e-09	0.0596602	1.0943	-0.00132553	-0.953549	0.0511662	-0.000991165
183	2.51383e-09	1.08012	-0.184245	-0.00102045	0.157046	0.942154	-0.000190473
184	2.51383e-09	1.10701	-0.118891	-0.00281271	0.100573	0.941858	-0.000353322
185	2.51383e-09	-0.95186	0.529074	0.000980021	-0.463493	-0.8395	-0.00107005
186	2.51383e-09	0.0470764	-1.09227	0.00186117	0.952658	0.0395093	0.000290641
187	2.51383e-09	-0.975856	0.425218	0.00287355	-0.390822	-0.886589	-0.00267641
188	2.51383e-09	-0.636748	0.901932	0.00295378	-0.778986	-0.545481	-0.00145016
189	2.51383e-09	0.896766	0.621379	0.00266589	-0.546884	0.785989	0.00118347
190	2.51383e-09	-1.09165	0.127267	-0.00206998	-0.118107	-0.947156	0.00101904
191	2.51383e-09	-1.0572	0.270255	-0.00173796	-0.239289	-0.927007	-0.00316911
192	2.51383e-09	-0.468075	-0.997565	-0.00103477	0.863479	-0.402047	-0.000596542
193	2.51383e-09	-0.0563468	1.09791	0.00213588	-0.955052	-0.0495642	-0.00133189
194	2.51383e-09	-0.544877	0.975544	0.000393202	-0.826312	-0.46154	0.000333314
195	2.51383e-09	-0.811754	-0.71815	-0.000566483	0.635039	-0.720877	0.000871307
196	2.51383e-09	1.09244	0.106932	0.00347207	-0.085353	0.948196	0.00125328
197	2.51383e-09	1.01108	-0.389089	-0.00102644	0.345913	0.896894	-0.00252519
198	2.51383e-09	-0.614014	-0.926535	0.00105231	0.791583	-0.521161	0.00184319
199	2.51383e-09	-0.636974	0.899337	0.00299974	-0.775664	-0.551848	0.00198564
200	2.51383e-09	-0.76873	0.816034	0.000148565	-0.68559	-0.646254	-0.00080673
201	2.51383e-09	-1.02333	0.414342	-0.00212801	-0.355537	-0.881816	0.00139105
202	2.51383e-09	-0.966946	-0.511993	0.00113173	0.441153	-0.847594	-0.00188952
203	2.51383e-09	-1.04888	-0.271488	-0.00168523	0.239648	-0.930318	0.00208552
204	2.51383e-09	1.09838	-0.134504	-0.000386769	0.109507	0.942297	9.90255e-05
205	2.51383e-09	1.10038	-0.241243	-0.00186512	0.198623	0.919841	-0.000378864
206	2.51383e-09	-1.0887	-0.126282	0.00186334	0.110713	-0.947758	0.00148214
207	2.51383e-09	1.06936	-0.337235	-0.000558983	0.282113	0.899151	-0.00120678
208	2.51383e-09	-1.10094	0.016291	0.00130779	-0.0144531	-0.950889	0.00205034
209	2.51383e-09	0.839637	-0.720538	3.38047e-05	0.617354	0.720542	-0.00230669
210	2.51383e-09	0.466544	0.997445	-0.00136764	-0.864325	0.404497	-0.00240677
211	2.51383e-09	-0.175186	-1.0832	0.00275101	0.942892	-0.147343	-0.000876501
212	2.51383e-09	1.1151	0.12937	0.00374729	-0.108485	0.939552	0.00135098
213	2.51383e-09	0.545133	-0.965576	-0.00140555	0.825574	0.468667	-6.14161e-05
214	2.51383e-09	0.311414	-1.04426	-0.000378109	0.922136	0.273559	-0.00149479
215	2.51383e-09	0.611825	-0.941651	0.000326259	0.789442	0.511969	-0.00332359
216	2.51383e-09	-0.352637	1.06639	0.000509023	-0.892849	-0.300253	-3.15328e-05
217	2.51383e-09	1.06288	-0.365192	0.00243415	0.305749	0.892554	-0.00142563
218	2.51383e-09	-0.967754	0.48739	7.04288e-05	-0.435122	-0.853949	-0.00219576
219	2.51383e-09	1.13159	0.00784218	-0.00146162	-0.00768179	0.941356	0.000612465
220	2.51383e-09	-0.223871	1.09464	-0.00289292	-0.925734	-0.187444	0.00135946
221	2.51383e-09	-1.07408	-0.179075	-0.000711206	0.153842	-0.946845	0.00220324
222	2.51383e-09	0.117323	-1.10132	-0.00206609	0.945776	0.102604	0.00222889
223	2.51383e-09	-0.162882	-1.09211	0.00145668	0.94252	-0.14514	-0.000879739
224	2.51383e-09	0.362237	-1.03813	-0.000430058	0.900608	0.307947	-0.000412224
225	2.51383e-09	1.10779	0.105932	0.00154637	-0.0943058	0.943819	-0.000617185
226	2.51383e-09	-0.968614	0.537841	0.00172415	-0.457466	-0.83418	-0.000268081
227	2.51383e-09	0.45739	1.00503	0.00126388	-0.866191	0.395597	0.000240312
228	2.51383e-09	0.521936	0.987278	0.000604689	-0.836616	0.444062	0.00166439
229	2.51383e-09	-0.640257	-0.923759	0.000515699	0.7752	-0.539631	-0.00264692
230	2.51383e-09	0.480636	-1.0351	0.00020887	0.851377	0.392281	0.00172
231	2.51383e-09	1.06058	-0.357144	0.00310184	0.302148	0.899383	-0.00435011
232	2.51383e-09	0.982452	-0.506064	0.00253026	0.440508	0.842275	0.00276004
233	2.51383e-09	-0.734866	0.835733	0.00210483	-0.708304	-0.631465	-0.00142369
234	2.51383e-09	0.537723	0.964479	-0.00341997	-0.834748	0.462097	0.00243604
235	2.51383e-09	-0.0406923	-1.11087	0.000140132	0.948843	-0.039537	0.00368756
236	2.51383e-09	-0.411702	-1.04926	-6.52223e-05	0.877197	-0.340162	-0.00119774
237	2.51383e-09	0.123254	1.09663	0.00218561	-0.946016	0.114659	0.000592053
238	2.51383e-09	0.852619	0.769332	0.00261518	-0.620533	0.696713	-0.000350486
239	2.51383e-09	-0.747137	0.821216	0.00127349	-0.699836	-0.638237	0.00211475
240	2.51383e-09	1.10396	0.209766	0.00150176	-0.168651	0.929577	-0.000143382
241	2.51383e-09	0.0100714	1.10826	0.000155673	-0.953166	0.00404323	-0.00092929
242	2.51383e-09	0.699589	0.91557	-0.00354206	-0.742105	0.564302	0.00133188
243	2.51383e-09	0.529324	-0.993451	-0.00154259	0.830079	0.443683	-0.0025214
244	2.51383e-09	-1.09471	-0.320146	0.00249429	0.261397	-0.897189	0.000609314
245	2.51383e-09	-0.973705	-0.558501	0.00222493	0.471463	-0.817731	-0.00403745
246	2.51383e-09	-0.0578819	1.12675	-0.000197315	-0.939297	-0.0475419	-0.00254623
247	2.51383e-09	-0.960616	0.530632	0.000997925	-0.466172	-0.835257	-0.00118949
248	2.51383e-09	-1.12404	0.123275	0.000873299	-0.105922	-0.931766	-0.00010926
249	2.51383e-09	0.728958	-0.84527	-0.000522401	0.719023	0.619999	0.00066341
250	2.51383e-09	0.481983	1.02774	0.0011679	-0.849876	0.397773	-0.000377921
251	2.51383e-09	1.12194	-0.0581025	-7.20254e-05	0.0461309	0.944747	-0.000543006
252	2.51383e-09	0.963655	-0.578022	0.000203669	0.486646	0.807136	-0.00148979
253	2.51383e-09	0.787165	0.813733	-0.00162173	-0.675006	0.655962	0.00306902
254	2.51383e-09	1.10534	0.215613	0.0020777	-0.178184	0.925787	0.000566912
255	2.51383e-09	0.770249	0.832854	-0.000508019	-0.690381	0.637181	-0.000145451
256	2.51383e-09	1.09499	0.276171	0.00102687	-0.231666	0.916121	-0.000170569
257	2.51383e-09	-0.115615	-1.11898	0.00136527	0.93919	-0.0942909	-0.00263654
258	2.51383e-09	0.57246	-0.97601	-0.00461693	0.810409	0.473262	6.11474e-07
259	2.51383e-09	-0.697078	0.894294	-0.00157315	-0.739351	-0.575648	0.000392223
260	2.51383e-09	-0.95938	-0.587443	0.00175896	0.489986	-0.806428	0.00320737
261	2.51383e-09	0.33011	-1.09381	0.00108435	0.89714	0.266844	-0.000633705
262	2.51383e-09	0.0968646	-1.10994	0.00331702	0.942997	0.0882444	0.00318036
263	2.51383e-09	0.464781	1.03249	0.00168664	-0.858438	0.388929	-0.000705991
264	2.51383e-09	-0.901173	0.672022	0.00174509	-0.562971	-0.756373	0.000137243
265	2.51383e-09	0.306581	1.10006	-8.05657e-05	-0.899683	0.259398	0.000231081
266	2.51383e-09	-0.78533	-0.8205	0.00134355	0.677234	-0.649026	-0.000565092
267	2.51383e-09	0.938066	0.628549	-0.000471613	-0.524577	0.778488	0.00190789
268	2.51383e-09	0.659699	-0.935138	-0.00203061	0.763903	0.531355	-0.00129414
269	2.51383e-09	-1.07587	0.418639	-0.00218647	-0.338698	-0.864292	0.00244727
270	2.51383e-09	0.363798	1.06515	0.000956465	-0.89419	0.304832	-0.000596454
271	2.51383e-09	0.936943	-0.655678	-0.000178504	0.534961	0.767398	9.59617e-05
272	2.51383e-09	1.14501	0.0542453	-0.00066361	-0.0422847	0.932911	0.00279581
273	2.51383e-09	0.139988	-1.1359	0.00190058	0.926133	0.113384	0.00201749
274	2.51383e-09	0.966491	0.562983	-0.00130054	-0.482836	0.814526	0.00209881
275	2.51383e-09	-1.04474	0.448558	-0.000586844	-0.367332	-0.861118	0.00237694
276	2.51383e-09	-1.0964	0.339825	0.000928141	-0.272192	-0.88959	0.00102355
277	2.51383e-09	-0.847275	-0.765169	-0.00415083	0.634245	-0.689148	-0.00178265
278	2.51383e-09	0.460725	1.05408	0.00212497	-0.855162	0.374537	-0.000135071
279	2.51383e-09	1.13206	0.290815	-0.001142	-0.232573	0.897047	0.000426081
280	2.51383e-09	0.779511	-0.871063	0.00138035	0.687575	0.614302	-0.00131326
281	2.51383e-09	-0.10858	-1.13398	-0.000924932	0.93148	-0.0924011	-2.39308e-05
282	2.51383e-09	0.034012	-1.14967	0.00206508	0.931406	0.0267438	-0.00156718
283	2.51383e-09	0.993606	-0.56105	-0.000919311	0.464461	0.809654	0.00203884
284	2.51383e-09	-0.010635	1.15534	-0.00265895	-0.928835	-0.0125908	0.000339198
285	2.51383e-09	0.312665	-1.10372	0.00198375	0.897904	0.251934	-0.000975609
286	2.51383e-09	-1.11773	-0.212047	0.000723001	0.174219	-0.921226	0.00254815
287	2.51383e-09	-0.2457	1.11018	0.00116602	-0.913522	-0.206656	0.00016345
288	2.51383e-09	1.14078	-0.211835	-0.00200704	0.173872	0.911364	-0.000380086
289	2.51383e-09	0.821843	-0.814125	0.00242427	0.657882	0.655413	0.00191491
290	2.51383e-09	-1.08815	0.348137	-0.00184937	-0.281601	-0.892333	-0.00254075
291	2.51383e-09	-0.582856	-0.989354	0.000702141	0.8018	-0.474974	-0.00101205
292	2.51383e-09	-1.11294	-0.273114	0.000334026	0.223136	-0.907212	0.00203773
293	2.51383e-09	1.03998	0.449545	0.00281714	-0.373105	0.864543	0.000396412
294	2.51383e-09	-0.337241	-1.12058	0.00542993	0.884896	-0.265027	0.00305858
295	2.51383e-09	1.11944	-0.239277	0.000476111	0.198763	0.913014	-0.00123257
296	2.51383e-09	1.0145	-0.554624	-0.00308228	0.446201	0.816108	-0.00323005
297	2.51383e-09	0.863434	-0.755385	0.000883191	0.615895	0.70114	-0.00264292
298	2.51383e-09	0.158857	-1.1327	-0.00278111	0.928012	0.130593	0.00120853
299	2.51383e-09	0.552627	1.03082	0.000363941	-0.818282	0.427396	-0.000718246
300	2.51383e-09	0.927158	-0.713145	-0.00300464	0.563503	0.731502	-0.000231939
301	2.51383e-09	-1.13125	0.203607	0.000201908	-0.16658	-0.922605	0.00193502
302	2.51383e-09	1.16403	-0.0122555	0.00586468	0.0183404	0.927618	-0.000656658
303	2.51383e-09	-0.689586	0.925516	-0.00201596	-0.746403	-0.556839	-0.000886542
304	2.51383e-09	-1.1045	-0.383394	-0.000120723	0.30086	-0.871228	0.00113623
305	2.51383e-09	-1.12126	-0.254256	-0.000812036	0.206188	-0.908634	0.0024445
306	2.51383e-09	0.536297	-1.01043	0.000939448	0.827671	0.438485	-0.000209643
307	2.51383e-09	0.923091	-0.701226	0.00196775	0.559784	0.74142	-0.00296232
308	2.51383e-09	0.813048	0.853754	0.00149178	-0.664393	0.634185	-0.000820963
309	2.51383e-09	-1.07751	-0.380417	-0.000730472	0.316161	-0.880002	0.00052955
310	2.51383e-09	1.15424	0.0718189	0.000889284	-0.0569153	0.929985	-0.000718499
311	2.51383e-09	-0.817176	0.82279	-0.00148117	-0.660849	-0.652742	-0.0025847
312	2.51383e-09	-0.0472873	-1.16145	-0.00288293	0.926312	-0.0314784	0.000440036
313	2.51383e-09	0.784266	0.83188	0.00321048	-0.679577	0.644545	0.000866538
314	2.51383e-09	0.870514	-0.741543	-0.00146168	0.608733	0.708837	0.00162842
315	2.51383e-09	0.257884	-1.13984	0.00324656	0.901674	0.204447	-0.00052058
316	2.51383e-09	-1.16785	-0.0338812	-0.00240555	0.0291768	-0.924093	-0.000285657
317	2.51383e-09	-0.235581	-1.13519	-0.00164699	0.907832	-0.192051	-0.00243487
318	2.51383e-09	-1.11128	-0.319691	-0.00253348	0.252624	-0.895374	0.000688498
319	2.51383e-09	0.127255	-1.15739	-0.00300204	0.92241	0.10106	0.000991426
320	2.51383e-09	0.43594	-1.0887	9.43492e-05	0.857601	0.344454	-0.00033633
321	2.51383e-09	0.543083	1.03278	-0.000704623	-0.817341	0.433329	0.0010728
322	2.51383e-09	0.662523	0.958853	0.00349258	-0.763455	0.521843	0.000581819
323	2.51383e-09	0.65994	-0.961309	-0.000236973	0.758005	0.525929	0.000212092
324	2.51383e-09	-0.70089	0.940982	0.00137048	-0.739158	-0.552516	0.000610324
325	2.51383e-09	-0.586519	-1.00181	-4.75734e-05	0.802589	-0.463109	0.00256085
326	2.51383e-09	-0.514123	-1.05623	-0.00433229	0.827665	-0.413012	-0.00106654
327	2.51383e-09	-1.05108	0.531655	-0.0010829	-0.417243	-0.821721	-0.00228918
328	2.51383e-09	0.552266	1.013	-0.00134809	-0.815414	0.444448	0.00236317
329	2.51383e-09	0.131262	1.16208	-0.000964211	-0.921073	0.0953119	0.00044513
330	2.51383e-09	0.237403	1.13161	0.000513873	-0.911827	0.190865	-0.000348966
331	2.51383e-09	1.06285	0.454338	0.00175398	-0.364915	0.853995	0.00123871
332	2.51383e-09	-1.08211	0.477551	0.00139036	-0.370829	-0.840582	-0.000519907
333	2.51383e-09	0.971851	-0.681604	-0.00230162	0.526857	0.750901	0.00105046
334	2.51383e-09	-1.03713	0.563572	0.00195396	-0.43951	-0.805881	-0.000366594
335	2.51383e-09	0.889943	-0.789564	-0.000961595	0.606287	0.684417	0.0002789
336	2.51383e-09	-1.16733	0.0951493	0.00320857	-0.0726534	-0.92212	-0.000700891
337	2.51383e-09	-1.14613	-0.30592	-0.00169377	0.237691	-0.884257	0.00140648
338	2.51383e-09	1.16339	0.0615658	0.000920227	-0.0476719	0.925772	-0.00265948
339	2.51383e-09	1.16472	0.174146	0.00353922	-0.136929	0.914227	-0.00245963
340	2.51383e-09	0.534783	-1.06143	-0.00185617	0.816051	0.412154	-0.000702971
341	2.51383e-09	-0.00278351	-1.18335	0.00058867	0.918925	0.000878436	0.000885154
342	2.51383e-09	-1.07398	0.448558	-0.000241213	-0.355801	-0.855883	-0.000668133
343	2.51383e-09	0.434438	-1.06979	0.00237207	0.86478	0.34635	0.00028238
344	2.51383e-09	-0.818694	0.839346	3.52054e-05	-0.665032	-0.644639	0.000569838
345	2.51383e-09	1.15014	0.208804	-0.00357495	-0.16221	0.90937	0.000464871
346	2.51383e-09	0.829737	0.818208	-0.00202204	-0.652012	0.662526	0.000975167
347	2.51383e-09	1.06215	0.52998	0.000912096	-0.408876	0.817567	0.00112068
348	2.51383e-09	0.390237	-1.10909	0.00104685	0.870635	0.30609	0.0030933
349	2.51383e-09	-0.0521098	-1.1808	0.00349894	0.915481	-0.0425398	-0.000265124
350	2.51383e-09	0.435919	-1.0777	0.000957658	0.861918	0.347662	0.00192744
351	2.51383e-09	0.0718819	1.19411	-0.000718548	-0.911476	0.0549747	-0.00209809
352	2.51383e-09	0.390795	1.11462	-0.00209098	-0.86658	0.306817	-0.00021881
353	2.51383e-09	1.16301	0.302854	-0.00460728	-0.231483	0.88057	0.000602909
354	2.51383e-09	0.41244	-1.10489	-1.16332e-05	0.864401	0.323833	-0.00218234
355	2.51383e-09	-1.00658	0.563143	-0.0007039	-0.454041	-0.812875	0.00252604
356	2.51383e-09	-0.942222	-0.738747	0.000351991	0.562758	-0.722331	0.000898845
357	2.51383e-09	1.01391	-0.596732	-0.00168024	0.470391	0.792957	-0.000491188
358	2.51383e-09	-1.17073	-0.238349	-0.00239881	0.180068	-0.898097	-0.00189255
359	2.51383e-09	-1.189	-0.0946593	0.0017547	0.0744777	-0.914905	-0.0015231
360	2.51383e-09	-0.626129	0.991607	0.000386603	-0.781579	-0.49165	-0.000743027
361	2.51383e-09	0.795297	0.867976	0.00170187	-0.678151	0.623741	-0.000632928
362	2.51383e-09	-0.710851	-0.933198	-0.00159112	0.735208	-0.559579	0.0002031
363	2.51383e-09	1.18032	-0.0167085	0.0018113	0.017867	0.922044	-0.000752966
364	2.51383e-09	-0.0358214	1.15916	0.000531642	-0.928782	-0.0330671	0.000871414
365	2.51383e-09	-0.645089	1.01166	0.00155528	-0.77032	-0.491289	0.00113099
366	2.51383e-09	-0.674029	0.975925	-0.00251266	-0.756666	-0.5215	-0.000551301
367	2.51383e-09	-0.1685	-1.17286	0.00123157	0.910515	-0.125185	-0.000795805
368	2.51383e-09	0.73328	-0.947597	-0.000627574	0.721765	0.562203	-0.0007162
369	2.51383e-09	0.862544	-0.817952	-0.00067704	0.628062	0.666035	-0.000737069
370	2.51383e-09	0.287737	1.14788	-0.000752247	-0.89299	0.22493	-0.000733374
371	2.51383e-09	-0.527155	-1.07858	-0.00142317	0.821555	-0.401831	-0.00053694
372	2.51383e-09	-0.781	0.918143	0.00156236	-0.694565	-0.586011	0.00229815
373	2.51383e-09	0.179328	1.17489	-0.00280854	-0.906599	0.135492	7.74133e-05
374	2.51383e-09	1.00165	0.667126	-0.000606288	-0.505235	0.761748	-0.0030369
375	2.51383e-09	1.18025	0.184494	-0.00255157	-0.139188	0.904127	-0.0013501
376	2.51383e-09	-0.63261	1.00173	-0.00197035	-0.775555	-0.492522	4.60927e-05
377	2.51383e-09	-0.921567	0.752487	-0.000920467	-0.583409	-0.708414	-0.00114076
378	2.51383e-09	0.170792	-1.18786	-0.000318377	0.901974	0.128352	-0.00105733
379	2.51383e-09	0.493772	-1.06492	0.00236941	0.837291	0.394877	-0.000505493
380	2.51383e-09	0.522132	-1.06547	3.1062e-05	0.823288	0.404663	-0.000366362
381	2.51383e-09	0.627836	-1.01112	0.000572397	0.779941	0.481795	8.6577e-05
382	2.51383e-09	-1.14482	0.369835	0.00182723	-0.276244	-0.865901	-0.000618367
383	2.51383e-09	-1.06758	-0.469568	-0.000129873	0.37321	-0.850705	0.000263224
384	2.51383e-09	-0.719589	-0.967661	-0.00437981	0.729208	-0.542066	-0.00372793
385	2.51383e-09	0.0965162	-1.1865	-0.000982815	0.910522	0.0768891	-0.000468989
386	2.51383e-09	-0.429844	-1.11118	-0.00171938	0.854909	-0.331311	-0.000692473
387	2.51383e-09	-1.18456	-0.195586	0.00420901	0.150687	-0.899404	3.16311e-05
388	2.51383e-09	0.949378	-0.748456	-0.00132718	0.56043	0.712545	0.000333809
389	2.51383e-09	-0.928103	0.726297	0.00474775	-0.568716	-0.726639	-0.00176422
390	2.51383e-09	0.823822	0.847025	-0.00301097	-0.662232	0.640727	-0.00135614
391	2.51383e-09	-0.77948	-0.918003	-0.00155329	0.697809	-0.588217	0.00140623
392	2.51383e-09	1.01396	-0.64389	0.00621039	0.487988	0.770879	3.89295e-05
393	2.51383e-09	1.04366	-0.623869	0.000931686	0.470048	0.773693	-0.000828359
394	2.51383e-09	-0.542472	-1.0705	0.00172334	0.814773	-0.409824	-0.00126772
395	2.51383e-09	1.03575	0.601804	0.000598132	-0.461274	0.788906	-0.000905175
396	2.51383e-09	-1.20266	0.121246	-0.000277737	-0.0835324	-0.906968	-0.000449945
397	2.51383e-09	0.866999	0.82703	-0.00302662	-0.630011	0.662706	0.000840192
398	2.51383e-09	-1.05715	-0.573558	-0.00077942	0.435255	-0.801601	0.000747547
399	2.51383e-09	-1.02006	0.628197	-0.000846501	-0.480549	-0.777901	0.00225402
400	2.51383e-09	0.716561	-0.956181	-0.00054847	0.738426	0.545481	0.000654565
