7.849000e+03
401
0	1	0.000362637	0.000224807	-3.30809e-07	1.23921e-07	7.41325e-08	-5.19233e-11
1	2.51383e-09	-0.237823	0.987076	-0.00273523	-0.962006	-0.235158	-0.000431835
2	2.51383e-09	-0.961352	0.258311	-1.9546e-05	-0.255725	-0.971672	0.000814938
3	2.51383e-09	-0.669199	-0.738414	-0.00101125	0.744769	-0.669138	-0.00117227
4	2.51383e-09	0.0823507	-0.998839	-0.000964367	0.997323	0.080591	0.00215366
5	2.51383e-09	-0.38356	0.923152	0.00163106	-0.921446	-0.38456	0.000329445
6	2.51383e-09	-0.148877	0.998112	-0.00143646	-0.983709	-0.146564	-0.00259579
7	2.51383e-09	0.657761	-0.746289	0.00250174	0.756621	0.659733	-0.000556943
8	2.51383e-09	-0.109134	0.992892	0.000574303	-0.993111	-0.109467	0.000766751
9	2.51383e-09	0.749866	-0.663841	-0.000309553	0.665505	0.748253	-0.000170297
10	2.51383e-09	0.122776	-1.00857	-0.000634059	0.98373	0.120141	-0.000329089
11	2.51383e-09	-0.997654	0.077891	0.000316976	-0.0782938	-0.995296	0.000424573
12	2.51383e-09	0.649456	-0.783826	0.000660127	0.762701	0.630283	0.00167926
13	2.51383e-09	0.0348953	1.00212	-0.000550842	-0.998971	0.0368061	0.000132828
14	2.51383e-09	-0.579035	0.828261	-0.00236569	-0.814335	-0.571501	-0.00173184
15	2.51383e-09	0.645199	0.778261	-0.00068055	-0.760583	0.637895	-0.00194591
16	2.51383e-09	-0.338509	-0.944337	0.00118132	0.935995	-0.339033	-0.00176051
17	2.51383e-09	-0.37354	0.931655	-0.000344274	-0.926781	-0.378049	0.00155074
18	2.51383e-09	-0.901963	-0.469916	0.00173204	0.457224	-0.882935	0.000148077
19	2.51383e-09	-0.36944	-0.956148	0.00223553	0.91906	-0.350002	-0.000692364
20	2.51383e-09	-0.0203659	1.02674	-0.00314823	-0.987572	-0.020019	-0.000446826
21	2.51383e-09	0.775346	0.643233	-0.00354694	-0.635934	0.767996	-0.000114973
22	2.51383e-09	0.429898	-0.937271	0.0027839	0.891965	0.414072	0.000649899
23	2.51383e-09	-0.597135	0.820432	-0.0029815	-0.800918	-0.583484	0.000420772
24	2.51383e-09	0.978225	0.229448	-0.00137511	-0.233357	0.973715	-0.00118167
25	2.51383e-09	0.628249	0.795825	-0.00125504	-0.783347	0.613119	-0.0027135
26	2.51383e-09	-1.01239	-0.148657	0.00176466	0.143869	-0.975366	-0.000382658
27	2.51383e-09	0.526669	0.857635	-0.00042566	-0.849767	0.517199	-0.00261935
28	2.51383e-09	0.851434	-0.546131	-0.000948089	0.538579	0.834211	-0.00257513
29	2.51383e-09	-0.942001	0.367766	0.00181255	-0.362333	-0.92677	-0.00102722
30	2.51383e-09	-0.991835	-0.190113	-6.24544e-05	0.186188	-0.977014	-0.00198133
31	2.51383e-09	-0.947127	-0.345735	0.00362111	0.341334	-0.936048	0.000598152
32	2.51383e-09	0.924538	-0.397723	-0.00284111	0.391271	0.917344	0.00320221
33	2.51383e-09	0.30639	0.992396	2.10422e-05	-0.933975	0.285534	-0.00104705
34	2.51383e-09	-0.288679	0.994735	-0.0010923	-0.942412	-0.275092	-0.00289008
35	2.51383e-09	0.350789	-0.959244	-0.00272314	0.927263	0.342254	-0.00193994
36	2.51383e-09	-0.876189	-0.517931	-9.84306e-05	0.510645	-0.846753	-0.00241716
37	2.51383e-09	-1.01272	-0.120238	-0.00075724	0.118774	-0.981596	0.00187929
38	2.51383e-09	0.668481	-0.755731	-0.00128518	0.744319	0.657095	0.00285164
39	2.51383e-09	1.00486	0.152074	0.00151162	-0.155091	0.979699	0.00117
40	2.51383e-09	0.0377768	1.01345	-0.000261178	-0.994177	0.0322624	7.99639e-05
41	2.51383e-09	-0.843496	0.564493	0.00290931	-0.550785	-0.825452	0.00222102
42	2.51383e-09	0.043214	-1.03327	-0.0010186	0.984265	0.0385248	-0.00243166
43	2.51383e-09	0.990419	0.231911	0.000435897	-0.229475	0.962226	0.0033712
44	2.51383e-09	-0.839577	-0.599248	-0.00172601	0.574369	-0.801269	-0.000236092
45	2.51383e-09	-0.843773	0.577513	-0.0021297	-0.554097	-0.8195	0.00114754
46	2.51383e-09	-0.961614	-0.335947	0.000439889	0.330238	-0.932616	0.000321072
47	2.51383e-09	-1.00926	0.112961	-0.00039792	-0.113108	-0.986794	-0.0016323
48	2.51383e-09	-0.965113	0.355598	-0.000432996	-0.339662	-0.924586	-0.00178548
49	2.51383e-09	-0.837753	-0.569953	-0.00271137	0.557939	-0.820801	-0.00102387
50	2.51383e-09	-0.578196	-0.867551	0.00164799	0.815103	-0.54048	0.00250483
51	2.51383e-09	-0.901312	-0.442648	-0.00125404	0.442532	-0.894427	0.000564807
52	2.51383e-09	0.823894	0.632582	-0.00144107	-0.592887	0.779604	0.000609062
53	2.51383e-09	0.9876	0.288813	-0.000425413	-0.279025	0.944361	-0.00229201
54	2.51383e-09	0.511699	-0.882346	0.000979121	0.856304	0.499265	0.00139812
55	2.51383e-09	-1.031	0.0663742	0.000269058	-0.0668518	-0.982809	0.00167963
56	2.51383e-09	0.743939	0.707137	-0.00102031	-0.683752	0.712798	0.000207146
57	2.51383e-09	0.598683	-0.866824	0.00127401	0.799307	0.553487	-0.000811741
58	2.51383e-09	-0.249011	1.01565	-0.0011128	-0.949992	-0.229836	0.000791589
59	2.51383e-09	-0.865041	0.546038	0.00253009	-0.532312	-0.836152	0.00192934
60	2.51383e-09	-0.157621	-1.01793	0.00042055	0.972907	-0.154469	0.000297269
61	2.51383e-09	-0.654233	0.806729	-0.00303229	-0.762684	-0.614961	0.00180534
62	2.51383e-09	-1.02549	0.135328	-0.000375524	-0.125031	-0.975314	-0.00099472
63	2.51383e-09	0.971027	0.349889	-0.00151141	-0.330727	0.925986	-4.76799e-05
64	2.51383e-09	0.946933	0.421713	0.000699408	-0.398442	0.893658	0.00103142
65	2.51383e-09	0.929611	-0.435485	-0.00156407	0.415914	0.893151	0.000133066
66	2.51383e-09	-0.252788	-0.993613	-0.00136353	0.960786	-0.234495	-0.00209805
67	2.51383e-09	-0.616888	0.842679	-0.00173455	-0.792247	-0.575686	-0.000624224
68	2.51383e-09	0.843464	-0.593901	0.00224204	0.566888	0.805276	0.0025368
69	2.51383e-09	0.430669	-0.939949	-0.00385971	0.893938	0.413989	0.000507748
70	2.51383e-09	0.703161	-0.744492	0.000159262	0.719656	0.679565	-0.00071057
71	2.51383e-09	0.75781	0.709334	0.00526518	-0.668998	0.716723	0.00037703
72	2.51383e-09	-1.05646	0.0938241	-0.00231322	-0.0903744	-0.965608	0.00148441
73	2.51383e-09	-0.875829	-0.559738	-0.00193159	0.529978	-0.823753	-0.000237177
74	2.51383e-09	-0.462488	-0.957113	0.00254731	0.872801	-0.417796	0.000913348
75	2.51383e-09	-0.808258	-0.662837	-0.0004266	0.619347	-0.75649	-0.000873319
76	2.51383e-09	0.870752	0.601426	0.0011403	-0.548355	0.799492	-0.00288052
77	2.51383e-09	-0.902132	0.561223	0.00029755	-0.51023	-0.825002	0.000472751
78	2.51383e-09	-0.699567	-0.780226	0.000712271	0.730785	-0.64511	-0.00249103
79	2.51383e-09	-0.270846	0.996717	0.00337513	-0.952238	-0.253321	-0.00344916
80	2.51383e-09	-0.987185	-0.328628	-0.00037906	0.306153	-0.93033	0.00179404
81	2.51383e-09	1.01916	-0.0908394	-0.000488816	0.0884092	0.986521	0.000334291
82	2.51383e-09	-1.04579	-0.0393995	-0.000722177	0.0359467	-0.980026	0.000906543
83	2.51383e-09	-0.396745	-0.952942	-0.00106174	0.907689	-0.381362	-0.00166885
84	2.51383e-09	0.755751	0.717406	0.000512627	-0.678086	0.707764	-0.00109239
85	2.51383e-09	-1.00988	0.1901	0.00111584	-0.183186	-0.968495	-0.0010705
86	2.51383e-09	-0.852562	0.616555	-0.000987824	-0.566545	-0.791111	0.000662062
87	2.51383e-09	0.865889	-0.5907	-0.000237289	0.544976	0.809673	0.00105179
88	2.51383e-09	0.137255	1.02626	-0.00248611	-0.975149	0.129306	-0.00138488
89	2.51383e-09	-0.875963	0.581919	0.000801713	-0.536484	-0.812089	0.00102968
90	2.51383e-09	-0.904456	0.527284	-0.000723934	-0.488673	-0.846131	0.00379105
91	2.51383e-09	0.24675	-1.00547	-0.00448566	0.953237	0.23136	-0.00206327
92	2.51383e-09	0.50531	0.923601	-0.000600481	-0.854264	0.467578	0.0020277
93	2.51383e-09	-1.05388	-0.165656	-0.000189384	0.149551	-0.954996	-0.000143028
94	2.51383e-09	-1.03514	-0.0546896	-0.00314329	0.0511992	-0.981423	-0.000200413
95	2.51383e-09	0.613157	0.833764	-0.000470592	-0.791305	0.580026	0.000437794
96	2.51383e-09	1.01682	-0.262176	0.00202098	0.245062	0.947845	0.00168896
97	2.51383e-09	-0.391143	0.981095	0.00171525	-0.899905	-0.36621	-0.000798386
98	2.51383e-09	0.732093	0.75683	0.00115077	-0.703848	0.676683	-0.00111339
99	2.51383e-09	0.405275	0.999225	-0.00169033	-0.890153	0.357758	0.000748404
100	2.51383e-09	-0.984706	-0.385606	0.00016848	0.346542	-0.90727	-0.00100154
101	2.51383e-09	1.02969	0.0104626	-0.000667278	-0.00903283	0.986473	-0.000715636
102	2.51383e-09	-0.280454	-0.982199	-0.000418831	0.953915	-0.272141	-0.00119151
103	2.51383e-09	0.98948	-0.359977	-0.00146802	0.334038	0.914254	0.00199671
104	2.51383e-09	-0.84442	-0.621995	0.000659101	0.573673	-0.787723	0.0015043
105	2.51383e-09	0.818916	-0.63209	0.00204635	0.605064	0.776608	-0.000980213
106	2.51383e-09	-0.829443	0.63505	0.000404044	-0.594205	-0.778837	-0.00143993
107	2.51383e-09	0.316237	1.01555	-0.000625067	-0.924135	0.289375	-0.00148885
108	2.51383e-09	0.911015	-0.549981	-0.00109309	0.499255	0.833356	7.63153e-05
109	2.51383e-09	0.0714186	1.05587	0.00169983	-0.973277	0.0615353	0.00119223
110	2.51383e-09	-0.211684	1.03093	0.00384977	-0.957034	-0.196131	0.000592649
111	2.51383e-09	-0.32336	1.00988	-0.000482372	-0.924602	-0.301164	0.00219027
112	2.51383e-09	-0.0149224	-1.05942	0.000953394	0.972702	-0.0175292	-0.000664925
113	2.51383e-09	-0.712464	0.7889	0.00143888	-0.716025	-0.651373	-0.000415602
114	2.51383e-09	-0.0984105	-1.04831	-0.00188671	0.969806	-0.0878792	-0.00138255
115	2.51383e-09	0.542648	0.920377	0.00130427	-0.83881	0.487847	-0.00179992
116	2.51383e-09	-1.04684	0.0795468	0.00299219	-0.0780342	-0.973044	0.00151291
117	2.51383e-09	0.836683	0.644752	-0.000401803	-0.592862	0.772126	-0.000972866
118	2.51383e-09	-1.06124	0.00134788	0.00206315	-0.00286512	-0.969481	-0.000324937
119	2.51383e-09	-0.150335	1.02895	0.00210178	-0.974128	-0.14267	-0.00329661
120	2.51383e-09	-0.46673	-0.938622	0.00202371	0.872627	-0.439451	-0.00234305
121	2.51383e-09	-0.45592	0.967843	0.000973575	-0.872767	-0.411908	0.00288123
122	2.51383e-09	0.956685	0.477299	-0.00244978	-0.432835	0.867195	-0.000899199
123	2.51383e-09	-0.986595	0.336733	-0.00089099	-0.311581	-0.928296	0.00248725
124	2.51383e-09	0.336859	1.02177	-0.000479884	-0.916994	0.300564	0.0017364
125	2.51383e-09	-0.963972	0.423019	0.000829855	-0.395374	-0.888895	-0.00165675
126	2.51383e-09	0.488567	0.934621	-0.00139312	-0.866578	0.45217	-0.000117765
127	2.51383e-09	-0.169127	-1.03859	-7.98316e-05	0.963462	-0.154208	0.00103135
128	2.51383e-09	-0.679302	-0.821823	0.00290838	0.748138	-0.617491	0.000840283
129	2.51383e-09	-0.647773	-0.835872	0.00236931	0.770788	-0.590053	-0.000417338
130	2.51383e-09	-0.00023274	1.06153	0.000880209	-0.97158	0.00223766	-0.00066712
131	2.51383e-09	-0.333004	-1.04263	-0.000457831	0.907959	-0.290432	0.00032283
132	2.51383e-09	-0.181021	1.05195	0.00201449	-0.954415	-0.162078	0.000567885
133	2.51383e-09	0.413373	0.983754	0.00112328	-0.894463	0.374196	-0.00174837
134	2.51383e-09	-0.238853	1.02816	-0.000904401	-0.947029	-0.218971	-0.00208568
135	2.51383e-09	-0.818709	-0.666829	0.0020522	0.613345	-0.752869	0.00159619
136	2.51383e-09	0.974936	0.486135	-0.00227918	-0.424618	0.856411	0.000867033
137	2.51383e-09	-0.84346	0.648836	0.00107126	-0.58745	-0.768968	-0.000195447
138	2.51383e-09	-0.97388	-0.430974	-0.00103965	0.387628	-0.88776	0.00057158
139	2.51383e-09	0.285469	-1.02712	-0.00333596	0.932476	0.257583	0.00117658
140	2.51383e-09	0.0887604	-1.0923	-0.00137761	0.949611	0.0782704	0.000932446
141	2.51383e-09	-0.989408	-0.409757	-0.00148638	0.371031	-0.89039	0.00287844
142	2.51383e-09	1.0211	-0.334861	0.00215905	0.308585	0.915346	0.000738843
143	2.51383e-09	1.07253	0.0802488	-0.0017858	-0.0666916	0.961716	-0.000528784
144	2.51383e-09	-1.06883	0.184916	-0.000395354	-0.16341	-0.945022	-0.00211436
145	2.51383e-09	0.791752	0.70294	-0.000834985	-0.648573	0.724363	2.56469e-05
146	2.51383e-09	-0.643156	-0.90319	-0.00350357	0.772249	-0.548699	-0.00187296
147	2.51383e-09	-1.0699	-0.170729	0.000957297	0.147933	-0.948102	0.00278106
148	2.51383e-09	-1.09178	-0.00362415	0.000107287	0.00430607	-0.95357	0.000328215
149	2.51383e-09	1.06815	-0.00548507	-9.56834e-05	0.0109511	0.963779	-0.00163586
150	2.51383e-09	-0.898124	-0.576677	0.00105684	0.524089	-0.819154	-5.01476e-05
151	2.51383e-09	1.07855	-0.0638447	0.000868221	0.0583098	0.960648	0.000739073
152	2.51383e-09	-0.116862	-1.05695	-0.000841508	0.969168	-0.113506	-0.000931031
153	2.51383e-09	0.867449	-0.653493	7.03154e-05	0.577438	0.765215	0.000123847
154	2.51383e-09	0.960381	-0.538713	-0.00211971	0.463965	0.834783	0.000974501
155	2.51383e-09	-1.06933	0.110918	-0.00239901	-0.100996	-0.960699	-4.95743e-07
156	2.51383e-09	1.06748	-0.206733	-0.000662298	0.187497	0.941928	0.00274544
157	2.51383e-09	0.589283	0.898489	-0.000721018	-0.805157	0.526821	0.000611278
158	2.51383e-09	-0.527434	0.963818	-0.00139219	-0.832845	-0.461082	0.00361582
159	2.51383e-09	-0.116775	-1.06802	0.000364658	0.957699	-0.108805	-0.000829072
160	2.51383e-09	-0.6755	0.839722	-0.00315504	-0.748693	-0.605634	-0.000685479
161	2.51383e-09	1.08232	-0.129738	-0.00146822	0.112671	0.951485	-0.00210553
162	2.51383e-09	-0.198378	1.0635	0.00343837	-0.944677	-0.17625	-0.00147281
163	2.51383e-09	1.0768	0.160052	-0.00220587	-0.144326	0.945725	-0.00084337
164	2.51383e-09	-0.97112	-0.454591	0.00116688	0.412901	-0.872135	-0.00298763
165	2.51383e-09	-0.625687	-0.910828	-0.00266912	0.783083	-0.536438	-0.00262427
166	2.51383e-09	-0.495302	0.961766	0.00125394	-0.854904	-0.444178	6.2669e-05
167	2.51383e-09	-1.05603	0.0466766	-7.79777e-05	-0.0405546	-0.976151	-0.00420898
168	2.51383e-09	-0.448095	-0.986944	0.00134645	0.876191	-0.397425	0.00100555
169	2.51383e-09	0.750898	0.779468	-0.000292038	-0.692511	0.668881	-0.000984554
170	2.51383e-09	-0.687603	0.846896	-0.0030632	-0.744454	-0.599993	-0.00256936
171	2.51383e-09	-0.391084	1.01393	0.0033391	-0.896266	-0.347785	-0.00135996
172	2.51383e-09	1.04266	-0.41335	-0.00118255	0.348779	0.875658	0.00259136
173	2.51383e-09	-0.708674	0.850166	-0.00138836	-0.72893	-0.609662	-0.00186683
174	2.51383e-09	1.07587	0.266198	-0.00224316	-0.227998	0.919891	-0.00109168
175	2.51383e-09	-0.884342	-0.624659	0.00111128	0.55629	-0.78704	0.00149712
176	2.51383e-09	1.00197	0.39691	0.000869797	-0.353207	0.895607	0.000625388
177	2.51383e-09	0.669153	-0.888139	0.0010425	0.757076	0.573098	-0.00151707
178	2.51383e-09	0.089317	1.07354	-0.00101978	-0.958717	0.0816103	0.000287289
179	2.51383e-09	0.951055	0.548813	0.00293684	-0.481942	0.824269	-0.00286601
180	2.51383e-09	0.960009	0.502177	-0.000575575	-0.446366	0.851066	0.00317635
181	2.51383e-09	0.55649	-0.951555	0.00145427	0.820274	0.483782	0.00113322
182	2.51383e-09	-0.109957	-1.08742	0.00088328	0.951932	-0.0977462	0.00144467
183	2.51383e-09	-1.05297	0.300152	0.000383669	-0.264784	-0.918495	0.000606067
184	2.51383e-09	0.99191	0.49952	-0.00260774	-0.428478	0.847018	0.000343165
185	2.51383e-09	-1.08774	-0.0243941	0.000527127	0.0226925	-0.959556	-0.0011652
186	2.51383e-09	-0.177274	1.06178	-0.00131475	-0.953978	-0.161683	-0.00138031
187	2.51383e-09	-0.736697	-0.773794	-0.000554518	0.698118	-0.665806	-0.00384179
188	2.51383e-09	-0.231347	-1.08267	-0.00125125	0.928698	-0.195143	-0.00123038
189	2.51383e-09	1.08525	0.101327	0.000720674	-0.0895422	0.953243	0.0024557
190	2.51383e-09	-0.226922	-1.08799	-0.000790282	0.924183	-0.194723	0.00192102
191	2.51383e-09	-0.64462	-0.884227	-0.00366203	0.770967	-0.563077	-0.000627369
192	2.51383e-09	0.0347531	-1.09607	-0.000997998	0.955355	0.0325446	-0.000884
193	2.51383e-09	-0.671112	-0.880892	-0.00263278	0.751876	-0.577491	-0.000699018
194	2.51383e-09	-0.331891	1.07594	-0.00104254	-0.899454	-0.279156	-0.000139319
195	2.51383e-09	1.04782	-0.283873	-0.000444789	0.25131	0.925369	2.04314e-05
196	2.51383e-09	0.9523	0.547724	0.00405189	-0.470542	0.826319	0.00121727
197	2.51383e-09	-1.00575	0.406478	-0.000867462	-0.361823	-0.889863	0.00234968
198	2.51383e-09	-0.0087432	-1.1106	0.00134585	0.94919	-0.00659594	0.00210711
199	2.51383e-09	-0.146628	1.09271	0.000637681	-0.9424	-0.128382	0.00305823
200	2.51383e-09	0.696367	-0.863991	-0.0014658	0.738011	0.599157	0.000297027
201	2.51383e-09	-0.615711	-0.909848	-0.000671808	0.79096	-0.535707	0.00226289
202	2.51383e-09	1.09056	0.114259	-0.00282206	-0.10567	0.948763	0.000412416
203	2.51383e-09	0.836836	-0.691142	0.00258789	0.609973	0.739798	0.000676036
204	2.51383e-09	-0.423691	1.01026	0.000975587	-0.884655	-0.370453	0.000528393
205	2.51383e-09	-0.759504	0.832995	0.000453275	-0.697171	-0.633585	0.00115304
206	2.51383e-09	1.07519	-0.178277	9.92709e-05	0.156551	0.947222	-0.00229174
207	2.51383e-09	-1.0138	0.454504	-0.000935543	-0.390732	-0.865746	0.000769578
208	2.51383e-09	0.300147	1.05514	-0.00208342	-0.918452	0.261534	-0.000207457
209	2.51383e-09	0.991805	0.482755	-0.00238541	-0.420332	0.854189	-0.00157853
210	2.51383e-09	-1.01342	0.430927	-0.00199183	-0.373578	-0.876355	0.00047102
211	2.51383e-09	-1.10372	0.00528861	0.000310823	-0.0043669	-0.949035	0.00154981
212	2.51383e-09	0.131239	1.10163	0.00224293	-0.945304	0.115618	-0.000477383
213	2.51383e-09	-1.10096	-0.0677463	0.00171315	0.058151	-0.951251	0.00170548
214	2.51383e-09	-1.04662	0.346236	0.000199656	-0.292444	-0.903584	0.00123581
215	2.51383e-09	-0.978592	0.523693	0.000953273	-0.450548	-0.838087	0.00320705
216	2.51383e-09	1.0934	0.258887	0.000321971	-0.211852	0.916839	0.000161091
217	2.51383e-09	0.065263	1.11632	-0.000537069	-0.945044	0.0554662	-0.00139509
218	2.51383e-09	-0.403988	1.00129	0.00243359	-0.894653	-0.354407	-0.00064009
219	2.51383e-09	0.533454	0.988721	-0.00108515	-0.831962	0.450778	0.000609154
220	2.51383e-09	-0.560128	-0.962801	0.00160785	0.820981	-0.472996	0.00145994
221	2.51383e-09	-0.483481	-0.979322	0.000584239	0.855718	-0.427017	0.00146131
222	2.51383e-09	0.0528693	-1.10507	-0.00256296	0.950995	0.047902	0.00128724
223	2.51383e-09	-1.06751	-0.268867	0.000640649	0.234951	-0.925711	0.00103581
224	2.51383e-09	-0.366797	1.02833	-0.000431486	-0.901448	-0.327589	3.03201e-05
225	2.51383e-09	-0.434	1.01868	7.0571e-05	-0.877502	-0.371075	-0.00104728
226	2.51383e-09	0.790977	-0.788728	-0.00270894	0.670848	0.666752	-0.000797001
227	2.51383e-09	-0.352817	-1.0472	-0.00201534	0.901185	-0.30105	0.000318072
228	2.51383e-09	1.0417	-0.401321	-0.00134306	0.341868	0.88307	-0.000616067
229	2.51383e-09	-0.987138	0.542369	0.00328377	-0.451719	-0.828036	0.00120788
230	2.51383e-09	-0.255653	-1.10131	-0.00168087	0.918719	-0.215399	-4.12233e-05
231	2.51383e-09	-1.08377	-0.329635	-0.000668598	0.275256	-0.895219	0.00509625
232	2.51383e-09	-0.113169	1.1021	0.00218348	-0.942992	-0.101765	-0.00240938
233	2.51383e-09	-0.666227	-0.879455	-0.00105162	0.76077	-0.578467	-0.00138211
234	2.51383e-09	-0.271754	1.08609	-0.0011058	-0.916978	-0.229206	0.00143305
235	2.51383e-09	0.586295	0.953894	0.00249031	-0.804675	0.491782	-0.00257631
236	2.51383e-09	0.355255	1.06599	-0.000118314	-0.894904	0.301669	0.00118309
237	2.51383e-09	0.310266	-1.05615	-0.00153621	0.913649	0.276401	-0.00038182
238	2.51383e-09	-0.629571	0.965994	-0.000340149	-0.776882	-0.505831	-0.000383872
239	2.51383e-09	1.09825	0.122486	-0.00313738	-0.102121	0.946785	-0.00172311
240	2.51383e-09	-1.01266	-0.492775	-0.00102695	0.418418	-0.843881	0.000230483
241	2.51383e-09	0.448628	-1.03434	-0.00176806	0.860181	0.37141	-0.00079761
242	2.51383e-09	0.64267	0.953264	-0.00273589	-0.77421	0.522306	0.00168795
243	2.51383e-09	1.11724	0.120648	-0.0028516	-0.104553	0.937695	-0.000896453
244	2.51383e-09	0.188885	1.11992	-0.002367	-0.925658	0.159574	0.00120395
245	2.51383e-09	0.860925	-0.719462	-0.00523459	0.607249	0.723801	-0.00111851
246	2.51383e-09	-0.144973	-1.11354	-0.00232035	0.935905	-0.12274	-0.0001598
247	2.51383e-09	-0.640426	-0.900647	-0.000941397	0.771815	-0.552871	-0.000536267
248	2.51383e-09	-0.666183	0.907399	0.00168601	-0.760775	-0.556189	0.000963357
249	2.51383e-09	0.63991	0.924648	-0.000796442	-0.771664	0.541559	0.000146809
250	2.51383e-09	0.931	0.640816	0.00214299	-0.535256	0.773725	-0.000195888
251	2.51383e-09	0.88039	-0.70834	0.00145897	0.586153	0.735798	0.000235971
252	2.51383e-09	1.04551	0.421903	0.00031524	-0.352729	0.871788	-0.00168318
253	2.51383e-09	-0.793944	0.81102	0.00260629	-0.670721	-0.655196	0.00224754
254	2.51383e-09	-0.610245	-0.946606	-0.00279781	0.792964	-0.508873	-8.76485e-05
255	2.51383e-09	-0.673202	-0.915738	-0.00136171	0.756059	-0.55491	0.000808269
256	2.51383e-09	0.913989	-0.686487	0.00058832	0.555367	0.751527	0.000960313
257	2.51383e-09	-1.10974	-0.21664	0.00335009	0.183116	-0.920905	0.0010094
258	2.51383e-09	-1.09508	-0.255542	0.00227068	0.211906	-0.919871	-0.00337968
259	2.51383e-09	0.268832	1.09898	0.000624851	-0.911771	0.225755	-0.000774789
260	2.51383e-09	-0.449538	1.03134	-0.00435971	-0.865169	-0.379179	-0.000209319
261	2.51383e-09	1.14124	0.064288	0.000292349	-0.0497831	0.934207	-0.0021013
262	2.51383e-09	0.378215	1.04529	0.000109516	-0.890801	0.328546	-0.00437125
263	2.51383e-09	0.612565	-0.959207	-0.000708696	0.786735	0.50925	0.00126805
264	2.51383e-09	0.443849	-1.03159	0.00065271	0.86809	0.373538	-0.000596073
265	2.51383e-09	-0.9898	-0.589531	-0.0012486	0.47875	-0.796358	-0.000400446
266	2.51383e-09	0.0823948	1.13633	-0.000631797	-0.934381	0.0663507	0.000299235
267	2.51383e-09	-0.882145	0.688816	0.00199377	-0.578127	-0.750254	0.000393286
268	2.51383e-09	-0.896551	0.689212	0.00161576	-0.57432	-0.748645	0.00163407
269	2.51383e-09	1.03438	0.487841	0.000672936	-0.398886	0.848227	-0.00241578
270	2.51383e-09	-0.192873	1.11634	0.000457405	-0.926516	-0.158197	0.000418599
271	2.51383e-09	-1.0618	0.432171	0.00025465	-0.351047	-0.865157	0.00276266
272	2.51383e-09	0.329596	1.09169	0.00245257	-0.897249	0.270836	0.00165022
273	2.51383e-09	-0.17994	-1.13105	0.000351521	0.920724	-0.148828	0.00257965
274	2.51383e-09	0.989761	0.524853	-0.00164487	-0.450116	0.83137	0.000507784
275	2.51383e-09	-0.044753	-1.12992	0.00301461	0.94109	-0.0351204	5.59174e-05
276	2.51383e-09	-1.06402	0.431193	0.000810719	-0.345843	-0.86471	0.000734164
277	2.51383e-09	0.251502	-1.10394	-0.00465449	0.919457	0.213632	0.00075268
278	2.51383e-09	-0.188062	1.13695	0.00165408	-0.919949	-0.150006	-0.000448112
279	2.51383e-09	-0.703237	-0.939029	0.000475332	0.738889	-0.550517	-0.000941425
280	2.51383e-09	-1.05593	-0.469781	0.0007204	0.374452	-0.852981	0.00151324
281	2.51383e-09	-0.921514	0.663376	0.000617887	-0.548902	-0.762536	-0.000700813
282	2.51383e-09	-0.731319	0.884476	-0.00067099	-0.71859	-0.595439	0.00232437
283	2.51383e-09	-0.650998	0.926006	0.00234792	-0.764852	-0.548523	-0.000742803
284	2.51383e-09	-0.327069	1.10726	-0.00201556	-0.893402	-0.268023	-0.00052945
285	2.51383e-09	0.648951	0.945525	-0.000634945	-0.772364	0.52637	-0.000466066
286	2.51383e-09	1.12438	0.165892	0.000807841	-0.137908	0.92741	-0.00151881
287	2.51383e-09	-0.992424	0.544703	0.0012182	-0.448406	-0.826734	2.85061e-05
288	2.51383e-09	-1.14907	-0.119058	0.00197099	0.100118	-0.926289	0.000595088
289	2.51383e-09	0.981055	0.627013	0.00292457	-0.497088	0.778147	-0.000692047
290	2.51383e-09	-0.673727	-0.918679	-0.00329354	0.756599	-0.554706	-0.000312518
291	2.51383e-09	0.970111	0.616017	-0.00299894	-0.499139	0.787129	-0.00126379
292	2.51383e-09	1.13824	-0.108523	0.000477932	0.0885292	0.931619	-0.0016385
293	2.51383e-09	-1.04927	-0.443708	-0.00254853	0.364497	-0.861254	-0.00130909
294	2.51383e-09	0.61122	0.99516	-0.00243107	-0.789041	0.483974	-0.00475028
295	2.51383e-09	1.08211	0.379173	0.000219882	-0.305648	0.880496	-0.00130565
296	2.51383e-09	0.629811	0.968775	-0.00473295	-0.779664	0.507389	0.000298576
297	2.51383e-09	0.898721	0.710966	0.000343403	-0.58019	0.733563	-0.00174425
298	2.51383e-09	-0.916541	-0.693217	-0.00128926	0.568168	-0.741082	-0.00241198
299	2.51383e-09	-0.77545	0.857381	0.000134185	-0.687768	-0.63201	-0.000164571
300	2.51383e-09	0.546892	1.03224	-0.00128868	-0.818532	0.43121	0.00261643
301	2.51383e-09	0.222772	1.13722	-0.00273119	-0.911409	0.17093	-0.000439363
302	2.51383e-09	0.959688	0.667701	0.00472551	-0.520334	0.762143	-0.00205673
303	2.51383e-09	-1.152	0.0169524	-0.00200592	-0.0141528	-0.931631	0.000357945
304	2.51383e-09	-0.834599	0.806846	-0.00207088	-0.648688	-0.663659	0.000408587
305	2.51383e-09	1.00069	0.552415	0.000360554	-0.453882	0.818429	-0.00213403
306	2.51383e-09	-1.08923	-0.367813	-0.0010194	0.299242	-0.883248	-0.000131854
307	2.51383e-09	-0.847881	-0.796956	0.00232828	0.63252	-0.675161	0.00193619
308	2.51383e-09	0.542151	-1.03572	-0.000149551	0.822134	0.424987	0.00112384
309	2.51383e-09	-0.949257	-0.633921	-0.000125378	0.522829	-0.776825	0.00020251
310	2.51383e-09	-0.390467	-1.09256	0.000115796	0.875065	-0.308728	0.00130524
311	2.51383e-09	0.932827	0.683762	0.00319351	-0.550394	0.751665	6.52597e-05
312	2.51383e-09	-0.593408	-1.00517	-0.00186396	0.797077	-0.468067	-0.00041316
313	2.51383e-09	-0.606538	-0.978274	-0.00350188	0.792814	-0.487964	-0.00138958
314	2.51383e-09	0.398181	1.07618	0.001587	-0.875922	0.32276	0.000197983
315	2.51383e-09	0.202947	1.15156	-0.00171602	-0.911581	0.161314	-0.000372312
316	2.51383e-09	0.310448	-1.1189	-0.00289671	0.895673	0.250475	0.000437641
317	2.51383e-09	0.550031	1.01847	-0.00219161	-0.820676	0.437442	0.00251763
318	2.51383e-09	1.15522	-0.0935883	0.00278969	0.0707196	0.925459	0.000238345
319	2.51383e-09	0.626229	0.990624	0.00255192	-0.779127	0.494086	0.00120935
320	2.51383e-09	-1.07072	0.514196	-0.000904937	-0.395591	-0.82604	0.000212853
321	2.51383e-09	-0.364171	1.11292	-0.000393891	-0.876263	-0.287283	0.000659156
322	2.51383e-09	0.541647	-1.02856	-0.0028577	0.821855	0.427608	0.00176317
323	2.51383e-09	-0.854035	0.777194	3.82067e-05	-0.632537	-0.686212	-0.000258212
324	2.51383e-09	-0.0503192	1.17712	0.000234113	-0.92061	-0.03952	0.000907793
325	2.51383e-09	0.665421	0.940842	0.00139942	-0.758274	0.54455	-0.00218956
326	2.51383e-09	0.876976	0.805062	0.00289173	-0.621384	0.668808	0.00291256
327	2.51383e-09	-0.896205	-0.765662	-0.002269	0.598042	-0.699233	-0.00155929
328	2.51383e-09	-1.07512	-0.366386	0.00209529	0.304392	-0.890674	-0.000506135
329	2.51383e-09	0.596944	1.01657	-0.00020487	-0.797103	0.460161	-0.000542988
330	2.51383e-09	0.658662	-0.959356	-0.000108715	0.76246	0.524925	0.000537531
331	2.51383e-09	0.516712	-1.02399	-0.00201122	0.835933	0.417415	0.00050694
332	2.51383e-09	1.15382	-0.243823	-0.00149951	0.189461	0.902293	0.000519931
333	2.51383e-09	0.0500355	-1.18765	-0.00218736	0.915257	0.0382014	-0.00174373
334	2.51383e-09	-0.602726	1.01454	-9.17552e-06	-0.791411	-0.465345	0.00117646
335	2.51383e-09	-1.17485	0.125561	0.00113829	-0.100794	-0.913931	0.000798698
336	2.51383e-09	-0.860839	0.793588	0.00106266	-0.625504	-0.68131	0.00168918
337	2.51383e-09	1.17222	0.0820032	0.00208682	-0.0625865	0.922624	-0.000715899
338	2.51383e-09	0.471246	1.07042	-0.00239455	-0.845867	0.373337	-0.00253898
339	2.51383e-09	0.862057	-0.809214	0.00502787	0.627906	0.6741	0.00123918
340	2.51383e-09	-0.213607	1.15663	0.000821542	-0.907753	-0.170997	0.00158352
341	2.51383e-09	1.14459	-0.256251	0.000875346	0.201658	0.902744	-0.000851485
342	2.51383e-09	-1.16389	-0.0368691	0.000252811	0.0298794	-0.926215	-0.000700755
343	2.51383e-09	0.268097	1.12998	-0.00114034	-0.902317	0.210667	-0.00175106
344	2.51383e-09	0.12934	-1.18073	0.000717818	0.909264	0.0972753	0.000338606
345	2.51383e-09	0.309869	1.1291	-0.00165244	-0.890064	0.242697	0.00262058
346	2.51383e-09	0.385389	-1.10698	0.000947621	0.870086	0.309464	-0.00206129
347	2.51383e-09	1.14046	0.317837	-0.00204929	-0.245512	0.881681	0.000512204
348	2.51383e-09	0.180059	-1.15991	-0.000818842	0.912473	0.141462	0.00299332
349	2.51383e-09	-1.16992	-0.0246657	-0.00101499	0.0136935	-0.9249	0.00282958
350	2.51383e-09	-0.0975622	1.1711	0.000520688	-0.917851	-0.0758016	-0.00210723
351	2.51383e-09	-0.505744	-1.07643	-0.000762606	0.831757	-0.387751	0.00145679
352	2.51383e-09	-1.08458	0.472903	-0.000816308	-0.365112	-0.841686	0.00131621
353	2.51383e-09	0.449127	-1.11355	-0.000121997	0.846578	0.337027	-0.0033062
354	2.51383e-09	-1.06089	-0.52941	0.00306728	0.412207	-0.819451	0.000592059
355	2.51383e-09	-0.991557	-0.590741	0.00165814	0.475593	-0.800033	0.00236474
356	2.51383e-09	0.582259	-1.04749	-0.000860411	0.7997	0.443508	0.00071625
357	2.51383e-09	0.955997	0.693751	-0.000259473	-0.540697	0.74313	0.00099705
358	2.51383e-09	-1.11702	0.418034	0.00106964	-0.321461	-0.859196	-0.00272811
359	2.51383e-09	-0.97021	0.697241	0.00366531	-0.531314	-0.745878	-0.000196474
360	2.51383e-09	0.977986	0.641383	0.00075975	-0.506461	0.775274	0.000375366
361	2.51383e-09	0.252268	1.15012	0.00228619	-0.899734	0.196316	-0.000498157
362	2.51383e-09	-0.581359	-1.01789	-0.00151139	0.802751	-0.458676	0.000115458
363	2.51383e-09	0.337941	-1.12918	0.0011088	0.884347	0.265634	0.00143699
364	2.51383e-09	0.848641	-0.794565	-0.00102096	0.632961	0.67544	-0.00101913
365	2.51383e-09	-1.19707	0.0903128	0.00191428	-0.0692872	-0.909847	0.000336591
366	2.51383e-09	-0.917855	0.750539	-0.00246063	-0.582499	-0.710704	-0.000343892
367	2.51383e-09	0.87149	-0.802076	0.001425	0.622456	0.678776	-0.00104079
368	2.51383e-09	1.14298	0.359957	-0.000993393	-0.272215	0.873631	-0.000426371
369	2.51383e-09	0.326738	-1.14858	-0.0010462	0.878591	0.247214	0.000951888
370	2.51383e-09	0.637409	0.997675	0.000341952	-0.776374	0.495381	-0.00124185
371	2.51383e-09	-0.628524	1.0325	0.00118841	-0.775453	-0.474304	-0.000319983
372	2.51383e-09	-0.684236	0.985805	8.24112e-06	-0.75093	-0.517663	0.00250275
373	2.51383e-09	-0.0468168	1.18808	-0.0033375	-0.916124	-0.0379439	0.000555515
374	2.51383e-09	0.781477	-0.917832	0.00374844	0.692207	0.593751	-0.00046507
375	2.51383e-09	-0.689249	0.970922	-0.000786465	-0.745811	-0.53206	0.00129706
376	2.51383e-09	0.809054	0.869603	0.0010617	-0.671989	0.62361	-0.000281018
377	2.51383e-09	0.248383	-1.17009	-0.000658174	0.892208	0.191601	0.00129617
378	2.51383e-09	-1.16894	0.231171	-0.000106599	-0.180517	-0.899342	0.000576505
379	2.51383e-09	0.393279	1.10942	-0.00153256	-0.867014	0.315117	-0.00180361
380	2.51383e-09	-1.16575	0.177413	0.000835387	-0.139189	-0.910889	9.31945e-06
381	2.51383e-09	1.06488	0.538523	0.000101994	-0.413436	0.815852	0.000606617
382	2.51383e-09	0.200364	1.18195	0.00145877	-0.898816	0.156742	0.0017205
383	2.51383e-09	-1.09755	0.391943	-0.000549514	-0.309391	-0.876312	0.000313868
384	2.51383e-09	0.619071	-1.04207	-0.00246485	0.779074	0.460809	-0.000492335
385	2.51383e-09	-1.14741	0.289833	0.000588996	-0.230165	-0.88959	-0.000253377
386	2.51383e-09	0.450165	1.10922	0.00205842	-0.845973	0.343529	0.00154794
387	2.51383e-09	-1.12422	-0.425333	0.00369097	0.323983	-0.85142	0.000476971
388	2.51383e-09	0.582531	1.04984	-6.61239e-05	-0.80229	0.437497	0.00114461
389	2.51383e-09	0.654785	0.986179	-2.95803e-05	-0.767814	0.50672	0.00366315
390	2.51383e-09	1.10049	-0.441444	0.00126354	0.338524	0.853481	-0.00283361
391	2.51383e-09	0.0536811	1.21244	0.00081	-0.904255	0.0397125	-0.00164548
392	2.51383e-09	0.912895	0.779456	0.00283591	-0.59475	0.693982	-0.00386037
393	2.51383e-09	0.725924	-0.965977	-0.00273346	0.731238	0.541928	-0.000160472
394	2.51383e-09	-0.912043	-0.782943	0.00211029	0.595289	-0.688834	-0.000152335
395	2.51383e-09	1.11897	-0.437279	0.00130431	0.331151	0.848781	-0.000171535
396	2.51383e-09	0.0796544	1.21022	0.000341539	-0.904299	0.0601227	0.000504046
397	2.51383e-09	0.79414	0.898197	-0.00300433	-0.68336	0.606909	0.000727032
398	2.51383e-09	-0.725551	0.970543	-0.0012851	-0.723265	-0.548284	-0.0012554
399	2.51383e-09	-1.20157	0.0295418	-0.000163516	-0.0245941	-0.911304	0.00239539
400	2.51383e-09	1.17853	0.25197	0.000558273	-0.183283	0.890968	0.000866783
