1.096999e+03
401
0	1	5.04866e-05	3.12629e-05	-4.61527e-08	5.82746e-08	-1.30448e-08	-1.26567e-10
1	2.51383e-09	0.991641	-0.137345	-0.000513854	0.136975	0.989789	0.00106299
2	2.51383e-09	0.890081	0.464525	-0.000928888	-0.461191	0.884104	-0.000109053
3	2.51383e-09	0.759028	0.656283	-0.00143699	-0.652789	0.754775	0.000282339
4	2.51383e-09	0.929105	0.379107	-0.00117687	-0.376317	0.924083	-0.000456962
5	2.51383e-09	0.945964	0.320118	-0.00125003	-0.318777	0.949044	0.00083136
6	2.51383e-09	-0.337852	-0.947452	-0.000495392	0.939509	-0.333045	-0.000899588
7	2.51383e-09	0.784794	-0.629336	-0.000528671	0.626335	0.775821	-0.000101455
8	2.51383e-09	0.432092	-0.897531	3.91595e-05	0.904759	0.434582	-0.000186518
9	2.51383e-09	-0.996523	0.0930135	-0.000187315	-0.0937116	-0.994854	-0.000167786
10	2.51383e-09	-1.00061	-0.0500815	-0.00079028	0.0484778	-0.998661	-0.00140601
11	2.51383e-09	0.993116	-0.165627	-0.000985026	0.162752	0.98306	-0.000908393
12	2.51383e-09	0.671261	0.755228	0.000167368	-0.742946	0.660931	-0.000885909
13	2.51383e-09	0.721807	-0.707534	0.00108175	0.696207	0.706898	-0.00145922
14	2.51383e-09	0.28672	-0.965899	8.7617e-05	0.957088	0.283101	-0.00196125
15	2.51383e-09	-0.0661071	1.0065	-0.00152234	-0.991044	-0.0682936	-0.000308431
16	2.51383e-09	-0.973577	0.230511	-0.000993999	-0.232041	-0.972756	0.000513003
17	2.51383e-09	-0.111977	0.996584	0.000867162	-0.992201	-0.109676	-0.00184607
18	2.51383e-09	0.0947143	-1.00461	-0.00127136	0.992593	0.0932404	0.000732076
19	2.51383e-09	0.137235	-1.00503	-0.000609602	0.982089	0.135944	0.000609069
20	2.51383e-09	-1.01512	-0.0767928	0.000247346	0.0735794	-0.988154	0.000572894
21	2.51383e-09	-0.377795	0.939467	-0.00130063	-0.922613	-0.36999	-0.00056223
22	2.51383e-09	0.7503	-0.686265	-0.00099782	0.667393	0.730372	0.000552997
23	2.51383e-09	0.80676	-0.60722	0.000169895	0.598813	0.7955	0.000804086
24	2.51383e-09	0.589136	-0.825818	0.000948894	0.807426	0.57572	-7.23555e-05
25	2.51383e-09	0.800831	-0.623173	7.20456e-05	0.609672	0.78448	-0.000407866
26	2.51383e-09	0.42142	-0.914755	0.000695181	0.902204	0.420237	-0.00113546
27	2.51383e-09	0.587908	0.820895	0.000228617	-0.809844	0.579025	-0.00063365
28	2.51383e-09	0.920562	-0.430061	0.000460516	0.417193	0.90104	-0.000505867
29	2.51383e-09	-0.983629	-0.234264	0.00231096	0.23243	-0.969738	-0.000979144
30	2.51383e-09	-0.404753	0.93443	-0.000302089	-0.909946	-0.390475	-0.00148512
31	2.51383e-09	0.95945	0.325668	-0.000148769	-0.317991	0.940454	-0.00104128
32	2.51383e-09	-0.657898	0.766433	-5.70695e-05	-0.754442	-0.649888	9.00979e-05
33	2.51383e-09	0.624505	-0.804847	0.000941628	0.783174	0.607913	0.000163345
34	2.51383e-09	0.64011	0.805004	0.000657203	-0.768991	0.615728	0.00147094
35	2.51383e-09	0.632641	-0.792569	-0.000737304	0.778605	0.617901	0.000952218
36	2.51383e-09	-1.02308	0.0157592	0.000352728	-0.0168652	-0.989075	-0.00111623
37	2.51383e-09	0.895815	0.467557	-0.00161286	-0.4627	0.883309	-0.000872831
38	2.51383e-09	-0.99604	-0.201151	-0.000996669	0.196138	-0.972537	0.00114944
39	2.51383e-09	0.485998	0.897758	-0.000896988	-0.867902	0.473035	-0.000167406
40	2.51383e-09	-0.410887	0.923042	0.000606311	-0.908866	-0.405216	-0.000973887
41	2.51383e-09	-0.348525	-0.955857	0.00143158	0.931734	-0.33713	-0.00148855
42	2.51383e-09	0.429642	-0.931827	0.00162575	0.896971	0.411025	-0.000238605
43	2.51383e-09	0.923536	-0.451048	0.000652422	0.433042	0.885101	0.00104746
44	2.51383e-09	0.288573	-0.980654	-0.00120942	0.947182	0.281144	0.000883453
45	2.51383e-09	0.441818	0.927213	-0.000369697	-0.889684	0.425106	-9.77021e-05
46	2.51383e-09	-0.86548	0.540767	-0.000344724	-0.526711	-0.839766	-0.000473823
47	2.51383e-09	0.219173	0.994438	0.000553542	-0.968146	0.211027	0.000742029
48	2.51383e-09	0.0400475	-1.01546	-0.000490064	0.993046	0.0374518	0.000325173
49	2.51383e-09	0.690185	0.757903	-0.0014637	-0.729228	0.667173	0.000942895
50	2.51383e-09	-1.00458	-0.20849	-0.00140054	0.199236	-0.96689	0.00140464
51	2.51383e-09	-1.02378	0.0117399	-0.000147241	-0.012709	-0.987843	0.0012608
52	2.51383e-09	-0.687422	0.769482	0.000477153	-0.736193	-0.653245	-0.00122034
53	2.51383e-09	0.767026	-0.681547	-0.000253579	0.653578	0.739417	-0.00153699
54	2.51383e-09	1.02559	-0.0192235	0.000634454	0.0193881	0.986938	-0.00102865
55	2.51383e-09	1.00525	-0.243202	0.000980173	0.231832	0.955319	-0.000481405
56	2.51383e-09	-0.759136	-0.688708	0.00253676	0.661479	-0.734547	0.000676115
57	2.51383e-09	0.76783	-0.690603	0.00112396	0.656806	0.733377	-0.00034431
58	2.51383e-09	1.01636	-0.164502	1.47043e-05	0.156772	0.973669	-0.00117979
59	2.51383e-09	-0.993402	0.262048	-0.000295644	-0.251481	-0.955089	0.000416028
60	2.51383e-09	0.592952	-0.836696	-0.00125264	0.806039	0.568685	0.000404784
61	2.51383e-09	0.752639	-0.716993	0.000631246	0.678343	0.709736	-0.000157776
62	2.51383e-09	1.03309	0.0927176	0.000438988	-0.086706	0.978318	0.00132526
63	2.51383e-09	-1.01371	0.166332	-0.000724059	-0.16216	-0.97428	0.000735335
64	2.51383e-09	-0.720722	0.738434	-0.000241988	-0.702876	-0.687819	-0.00108305
65	2.51383e-09	-0.334394	-0.971998	-0.00137025	0.933903	-0.32179	-0.000265785
66	2.51383e-09	-0.17837	1.01064	-8.74693e-05	-0.973019	-0.172193	0.00166083
67	2.51383e-09	0.4603	0.923657	-0.00101934	-0.88129	0.439545	-0.000146841
68	2.51383e-09	-0.885832	0.537742	-9.288e-05	-0.511432	-0.837539	-0.00023555
69	2.51383e-09	-0.980428	-0.325081	0.000448756	0.308253	-0.934804	0.000944101
70	2.51383e-09	-0.0769485	1.03584	1.34558e-05	-0.978623	-0.072222	-0.00102413
71	2.51383e-09	0.653149	-0.803371	-0.000609579	0.763795	0.620807	0.000326228
72	2.51383e-09	0.539115	0.880479	0.000644947	-0.841062	0.514632	0.00079969
73	2.51383e-09	0.398973	0.952494	0.0016955	-0.908133	0.377619	0.000864348
74	2.51383e-09	0.942849	-0.423373	-0.00142996	0.407573	0.89556	0.000484816
75	2.51383e-09	-0.884774	0.537783	0.000211043	-0.509505	-0.840649	-0.000505303
76	2.51383e-09	1.03868	-0.0853489	-0.000172213	0.0819705	0.976642	-0.000154526
77	2.51383e-09	0.521856	0.896628	0.00183219	-0.848095	0.492998	-0.000809289
78	2.51383e-09	0.738204	-0.732432	0.000412041	0.692686	0.695629	0.000263223
79	2.51383e-09	0.213971	1.00649	0.00214689	-0.965928	0.203982	0.000187461
80	2.51383e-09	-1.02109	-0.219524	0.000554135	0.202462	-0.956152	-0.000889261
81	2.51383e-09	-1.0205	0.237654	0.000422016	-0.218267	-0.951036	0.000323406
82	2.51383e-09	-0.999091	0.289618	-0.000569507	-0.276921	-0.939393	-0.000491075
83	2.51383e-09	-0.136118	1.03457	0.00132088	-0.971919	-0.127836	-0.000601038
84	2.51383e-09	0.690131	0.782118	0.00029753	-0.735654	0.64649	0.000997352
85	2.51383e-09	0.221034	-1.02136	0.00194795	0.955153	0.203804	-0.000903905
86	2.51383e-09	-0.333874	0.986677	0.00142921	-0.926459	-0.316015	0.000394645
87	2.51383e-09	-1.04268	0.0585744	-0.000232498	-0.0547136	-0.975993	0.000878763
88	2.51383e-09	0.999999	0.290305	0.000868631	-0.27311	0.941917	-0.00040578
89	2.51383e-09	0.152574	1.04097	8.41045e-05	-0.964726	0.142082	-0.000635954
90	2.51383e-09	1.02661	0.174499	0.000261622	-0.16279	0.966553	0.00129804
91	2.51383e-09	-1.04188	0.0636959	0.000573094	-0.0590258	-0.975966	0.000600587
92	2.51383e-09	0.0633259	-1.04791	-0.000452896	0.975627	0.0605075	0.000694435
93	2.51383e-09	-0.946054	0.448728	-0.00082751	-0.422215	-0.8831	-0.000356021
94	2.51383e-09	0.160423	1.03752	0.00160715	-0.965297	0.148299	0.00043902
95	2.51383e-09	-0.368767	-0.982046	-0.00113488	0.912231	-0.342216	0.000462088
96	2.51383e-09	0.859921	-0.613697	0.000983741	0.56301	0.791622	-0.000779181
97	2.51383e-09	-0.985217	0.345862	0.000133818	-0.321867	-0.927471	-0.00262654
98	2.51383e-09	1.05809	0.0461337	0.000459337	-0.0405567	0.970951	0.00101427
99	2.51383e-09	1.05489	-0.0790558	-0.000418682	0.0716984	0.96955	0.00129158
100	2.51383e-09	0.0809232	-1.0462	0.000562343	0.973299	0.0783923	0.000419516
101	2.51383e-09	1.03823	-0.127719	0.000375409	0.1198	0.969986	0.000140908
102	2.51383e-09	-0.305872	1.00445	0.000559671	-0.935389	-0.283961	0.00126504
103	2.51383e-09	0.0272592	-1.05201	0.000184071	0.974061	0.0225879	0.000296857
104	2.51383e-09	0.899421	0.55032	-0.000861442	-0.506755	0.83193	0.000670622
105	2.51383e-09	0.930207	0.490966	-0.000159478	-0.453051	0.860944	0.00126611
106	2.51383e-09	1.05553	-0.00552058	0.000449288	0.00270695	0.973445	-0.00182415
107	2.51383e-09	-0.290529	1.00453	-0.00176044	-0.939204	-0.274228	0.000788999
108	2.51383e-09	-1.05412	0.098844	0.000501403	-0.0890991	-0.968113	0.000206557
109	2.51383e-09	-0.310844	-1.01542	-0.000190617	0.928652	-0.283416	0.000546146
110	2.51383e-09	-0.299425	-1.01161	-0.000453798	0.934914	-0.275461	0.000300498
111	2.51383e-09	0.882326	-0.604705	0.00073126	0.544891	0.797149	9.57665e-05
112	2.51383e-09	1.04061	0.161668	-0.000181256	-0.150324	0.962617	0.00121535
113	2.51383e-09	-0.561352	-0.889408	0.000109788	0.824698	-0.519993	-0.00117281
114	2.51383e-09	0.696289	-0.799467	0.000900173	0.730656	0.639332	-0.00191179
115	2.51383e-09	-0.890952	0.569537	-0.00161815	-0.521134	-0.821711	0.00158289
116	2.51383e-09	-0.600999	-0.86758	0.000332784	0.800577	-0.553316	-0.000563652
117	2.51383e-09	-0.759368	-0.743677	0.00179924	0.679221	-0.692019	0.00122129
118	2.51383e-09	0.25896	-1.03554	0.00023741	0.939913	0.234679	-0.000424562
119	2.51383e-09	-0.990102	-0.357075	-0.000135957	0.330111	-0.91757	0.00162685
120	2.51383e-09	-0.112696	1.05476	-0.0012078	-0.964368	-0.105156	0.00106257
121	2.51383e-09	-0.311147	-1.01853	-0.000824637	0.925627	-0.284068	0.000517473
122	2.51383e-09	-0.611854	0.865965	0.000870897	-0.792877	-0.559004	0.000278821
123	2.51383e-09	1.04729	0.133008	-5.86737e-06	-0.121633	0.966912	-0.000499471
124	2.51383e-09	0.900345	-0.57153	-0.00130465	0.515292	0.820199	-0.000852217
125	2.51383e-09	0.503312	0.935601	-0.000210287	-0.853265	0.459491	0.00111419
126	2.51383e-09	1.02096	-0.307029	-0.00172518	0.277997	0.927871	0.00125214
127	2.51383e-09	-0.739246	0.758392	-0.00112645	-0.695364	-0.678601	-0.000769285
128	2.51383e-09	0.0224924	-1.06255	0.000341759	0.97029	0.0193515	-0.000741763
129	2.51383e-09	-0.341741	1.01199	0.000221113	-0.916698	-0.308684	0.000755127
130	2.51383e-09	-0.479236	0.942781	0.000449134	-0.867899	-0.439395	0.00161201
131	2.51383e-09	-1.06039	0.159155	0.00148227	-0.145577	-0.953432	0.000227466
132	2.51383e-09	-0.877836	0.615353	-0.000132159	-0.553271	-0.790191	0.00137824
133	2.51383e-09	-0.655284	-0.841112	0.000470736	0.762363	-0.595541	0.00254941
134	2.51383e-09	1.03508	-0.265067	-0.000693068	0.240066	0.936182	0.00138891
135	2.51383e-09	0.723111	-0.777637	-0.00264692	0.708781	0.664153	0.000553001
136	2.51383e-09	0.912441	-0.555913	-0.000892403	0.502451	0.826598	-0.000975537
137	2.51383e-09	-1.06089	-0.117945	-0.00153516	0.107438	-0.962427	-0.000684921
138	2.51383e-09	1.06749	0.0972311	-0.00262947	-0.0858772	0.962554	0.000341598
139	2.51383e-09	-0.927437	0.540889	-0.000281717	-0.484244	-0.833217	-0.000233598
140	2.51383e-09	-0.739299	-0.779091	0.000893604	0.698752	-0.66682	0.000489884
141	2.51383e-09	-0.750875	0.756916	0.000564983	-0.68829	-0.679288	-0.00064427
142	2.51383e-09	0.867236	0.630943	0.0003947	-0.568882	0.78079	0.00100371
143	2.51383e-09	-0.2729	1.03598	0.000338167	-0.934929	-0.248216	-0.000792812
144	2.51383e-09	0.860136	-0.653331	0.00121117	0.580513	0.766132	-8.3035e-05
145	2.51383e-09	-0.334318	1.02847	0.00149064	-0.915311	-0.295624	0.000663785
146	2.51383e-09	-1.04648	0.273471	-0.000863801	-0.242473	-0.931277	-0.000616436
147	2.51383e-09	0.823205	0.693425	0.00148945	-0.62474	0.734009	-0.000451925
148	2.51383e-09	-1.07153	-0.133557	-0.00193162	0.118125	-0.953689	0.000819249
149	2.51383e-09	1.08011	-0.00316854	1.45242e-05	0.00416066	0.959576	0.00113769
150	2.51383e-09	-1.07267	-0.0729999	0.000973079	0.0645262	-0.961409	0.000880168
151	2.51383e-09	0.433751	0.990007	0.000916034	-0.879307	0.388473	-0.000955992
152	2.51383e-09	-0.976622	0.438	-0.00218779	-0.396093	-0.882555	0.002309
153	2.51383e-09	1.06493	0.186386	-0.000763917	-0.164738	0.948357	2.99867e-05
154	2.51383e-09	-0.916946	-0.584495	0.000866297	0.515736	-0.807545	0.000376699
155	2.51383e-09	-1.06656	-0.147405	0.000114008	0.129013	-0.954746	-0.0023616
156	2.51383e-09	0.57718	-0.921449	-0.000828884	0.810081	0.511855	0.00182977
157	2.51383e-09	-0.285243	-1.04057	0.000325728	0.928599	-0.255308	-0.000409571
158	2.51383e-09	-0.367673	1.01367	-0.000934625	-0.905955	-0.326411	0.000525372
159	2.51383e-09	-0.168923	1.06377	-0.000408348	-0.951735	-0.151434	0.00163382
160	2.51383e-09	0.922737	-0.560568	-0.000883653	0.499973	0.824078	-8.74901e-06
161	2.51383e-09	-0.443596	0.992996	3.66716e-05	-0.876062	-0.393744	-0.000521291
162	2.51383e-09	0.446128	0.9893	0.00022684	-0.875398	0.393225	0.000633248
163	2.51383e-09	1.058	0.192262	-0.000916288	-0.171589	0.949962	0.000501977
164	2.51383e-09	0.0609209	-1.07402	0.000828349	0.962316	0.0532758	0.000454786
165	2.51383e-09	-0.195299	-1.06791	0.00183259	0.943677	-0.172592	-0.000486
166	2.51383e-09	-1.03042	0.356432	-0.000906029	-0.313218	-0.902693	-0.000367554
167	2.51383e-09	-0.504654	-0.95705	-0.00213006	0.852334	-0.449668	0.00202519
168	2.51383e-09	-0.607227	-0.889371	0.00256684	0.792862	-0.548388	0.0002857
169	2.51383e-09	1.01139	-0.388672	0.000745486	0.347291	0.896627	0.000722255
170	2.51383e-09	-1.0711	0.208988	-8.63274e-06	-0.179596	-0.940455	0.000561475
171	2.51383e-09	0.854351	-0.672816	-0.000385252	0.594893	0.752033	0.00134211
172	2.51383e-09	0.591945	-0.919755	-0.000759237	0.804275	0.517171	0.000101263
173	2.51383e-09	0.992227	-0.475331	-0.000546052	0.409591	0.860328	0.000516839
174	2.51383e-09	0.860988	0.679621	0.000152511	-0.590585	0.750716	-0.000968703
175	2.51383e-09	-0.837874	-0.697315	0.000333663	0.614277	-0.734913	-0.000377352
176	2.51383e-09	1.01498	-0.366553	-0.000191003	0.323943	0.903874	0.000668925
177	2.51383e-09	0.461723	-0.989119	0.00175443	0.868034	0.405126	-0.000448974
178	2.51383e-09	0.587765	-0.916503	0.000235251	0.809085	0.514631	-0.000857225
179	2.51383e-09	0.899204	0.617332	0.000744599	-0.542267	0.788818	0.00119669
180	2.51383e-09	-0.518203	0.954816	1.81011e-05	-0.842442	-0.45764	0.000987062
181	2.51383e-09	0.299359	1.04596	0.00129831	-0.921887	0.263128	0.00110695
182	2.51383e-09	0.612799	0.895167	-0.000309681	-0.793458	0.541162	-0.00168203
183	2.51383e-09	-1.04116	0.355779	-0.000808228	-0.307633	-0.903398	0.000293076
184	2.51383e-09	1.04864	-0.332976	-0.000567164	0.289459	0.907702	0.000424658
185	2.51383e-09	1.08894	0.1217	-0.0021912	-0.107048	0.949462	0.000762898
186	2.51383e-09	-0.535989	-0.953475	0.00227737	0.834212	-0.468533	0.00045017
187	2.51383e-09	0.848182	-0.681493	0.00127417	0.600064	0.748238	0.000828541
188	2.51383e-09	-0.991574	-0.454404	0.00059674	0.399159	-0.871409	-0.000800834
189	2.51383e-09	0.796452	0.755057	0.000887958	-0.656968	0.693123	-0.000177524
190	2.51383e-09	-1.06791	-0.29003	0.0016411	0.250273	-0.91602	0.00017705
191	2.51383e-09	-0.198104	-1.08199	-0.00179126	0.937327	-0.17279	0.000845095
192	2.51383e-09	1.10196	0.0411299	0.000778942	-0.0369401	0.951639	0.000149814
193	2.51383e-09	-1.07896	-0.227958	-0.000136282	0.194818	-0.931478	0.000387367
194	2.51383e-09	-0.976082	0.506939	0.000907525	-0.441728	-0.844506	0.00117688
195	2.51383e-09	-0.0107538	-1.09644	-0.002932	0.953993	-0.00701022	-0.0019015
196	2.51383e-09	-1.03152	0.380196	-0.000904762	-0.329769	-0.894289	-0.000816323
197	2.51383e-09	0.207329	1.07743	-0.000129515	-0.937239	0.177934	0.000750944
198	2.51383e-09	0.263286	1.07274	-0.000692556	-0.923352	0.228534	0.000965461
199	2.51383e-09	0.333337	1.04902	0.00128065	-0.909306	0.287451	0.000407785
200	2.51383e-09	-1.02524	0.42986	0.000350298	-0.366319	-0.874716	-7.15318e-05
201	2.51383e-09	-0.789844	-0.773256	0.00011135	0.668727	-0.678436	-3.94676e-05
202	2.51383e-09	0.558538	0.954319	0.00201338	-0.821912	0.478888	0.000813582
203	2.51383e-09	0.87357	-0.65815	0.00125836	0.576959	0.763367	0.00071127
204	2.51383e-09	0.122092	-1.09497	0.00121483	0.946033	0.108899	-0.00150391
205	2.51383e-09	-1.10521	-0.00476995	8.50129e-06	0.00421405	-0.952555	-0.000799328
206	2.51383e-09	0.491232	0.97813	-0.00265248	-0.855905	0.427824	-0.000425673
207	2.51383e-09	-1.07913	-0.212693	-0.00110774	0.184799	-0.937231	-0.000251486
208	2.51383e-09	1.07556	-0.291685	0.000897207	0.246215	0.914031	0.000515533
209	2.51383e-09	-0.957979	0.518247	-0.000358536	-0.459082	-0.843628	0.000587242
210	2.51383e-09	-0.676295	0.876925	-0.0011337	-0.752357	-0.582337	0.00103249
211	2.51383e-09	0.120367	-1.09792	0.000121168	0.946505	0.103841	0.000695422
212	2.51383e-09	-1.08373	0.274876	-0.000492638	-0.232522	-0.916193	0.00141318
213	2.51383e-09	-0.674565	-0.874756	1.83158e-05	0.752169	-0.581403	-0.000658386
214	2.51383e-09	-1.09652	-0.179479	0.000291679	0.156879	-0.934764	-0.000243916
215	2.51383e-09	0.500983	-0.981286	0.00077089	0.849621	0.433834	-0.000635961
216	2.51383e-09	-0.352696	-1.0558	0.000128332	0.897955	-0.298614	-0.000744702
217	2.51383e-09	-0.776857	-0.790283	0.00108035	0.678774	-0.664594	0.000414824
218	2.51383e-09	1.07986	0.229012	0.000226072	-0.197586	0.931082	0.00103634
219	2.51383e-09	0.068416	1.11418	0.00174236	-0.944539	0.060499	-0.000829626
220	2.51383e-09	-0.531684	-0.972698	-0.00138492	0.833148	-0.459193	-0.000102778
221	2.51383e-09	1.10993	-0.0500375	0.00111812	0.040354	0.948604	-0.000727589
222	2.51383e-09	0.917002	0.638157	0.00174065	-0.539433	0.775998	0.00154469
223	2.51383e-09	-1.08487	0.264363	-0.000228913	-0.223684	-0.918697	-0.000318861
224	2.51383e-09	-1.11313	-0.0123106	0.000950352	0.0109017	-0.947707	-0.00097112
225	2.51383e-09	0.766966	-0.81176	-0.000920915	0.687572	0.649273	0.000590724
226	2.51383e-09	-0.788331	0.792017	-4.2484e-05	-0.669912	-0.67003	-0.000109825
227	2.51383e-09	1.0993	0.176134	0.00127314	-0.152104	0.936016	1.68699e-05
228	2.51383e-09	0.656802	-0.903623	-0.000833135	0.7649	0.55678	0.000692242
229	2.51383e-09	1.05656	0.381409	-0.000567994	-0.3218	0.885877	-0.000125394
230	2.51383e-09	0.716438	-0.868127	0.00046695	0.726089	0.59971	-0.00169144
231	2.51383e-09	1.13126	-0.0213877	0.00128594	0.0174572	0.940623	-0.00055263
232	2.51383e-09	-0.350438	-1.05203	0.00245651	0.901309	-0.30169	0.000439236
233	2.51383e-09	-0.793984	-0.781132	0.00142032	0.66574	-0.676298	-0.00072122
234	2.51383e-09	-0.809839	-0.764563	0.00125022	0.649737	-0.68882	0.00119138
235	2.51383e-09	0.97526	-0.549155	-0.000355515	0.464785	0.823959	2.44583e-05
236	2.51383e-09	0.535321	-0.989285	-0.000867213	0.829254	0.449516	0.00121811
237	2.51383e-09	0.586662	0.963795	0.000434859	-0.8041	0.487302	-0.000398891
238	2.51383e-09	1.12422	-0.0857203	0.000561997	0.0719276	0.937968	-0.000709105
239	2.51383e-09	-1.09616	0.221799	-0.00108771	-0.186576	-0.926221	0.00142062
240	2.51383e-09	-0.0862533	-1.12796	-1.13133e-05	0.936815	-0.0709086	0.0015302
241	2.51383e-09	0.303465	-1.08691	-0.000105727	0.905034	0.251868	-0.00162845
242	2.51383e-09	-0.42002	1.05751	0.000405352	-0.870964	-0.347656	0.00201645
243	2.51383e-09	-0.502968	1.00163	-0.000106373	-0.844532	-0.425422	0.00103998
244	2.51383e-09	-1.06887	0.331609	0.00114877	-0.280289	-0.903405	-0.000621885
245	2.51383e-09	0.433284	1.04052	-0.000788938	-0.868513	0.362305	-0.000904313
246	2.51383e-09	-0.848804	0.741621	0.000606216	-0.617845	-0.709709	-0.000792381
247	2.51383e-09	0.169088	1.10895	0.000893392	-0.932472	0.140557	0.000194582
248	2.51383e-09	1.07979	-0.266568	0.000494164	0.227402	0.922956	-0.000941628
249	2.51383e-09	-0.773641	-0.811331	4.62414e-05	0.684461	-0.649907	-0.00188464
250	2.51383e-09	1.07054	0.346977	-0.00118809	-0.290041	0.897175	0.00115045
251	2.51383e-09	-0.799312	-0.805159	-0.00136455	0.668058	-0.660557	0.00170102
252	2.51383e-09	-0.91511	0.661564	-0.00117795	-0.549687	-0.764825	-0.000975601
253	2.51383e-09	-0.744572	-0.847638	0.00055485	0.707708	-0.61867	0.00184172
254	2.51383e-09	-0.359315	-1.06931	-0.000852436	0.892158	-0.299142	-0.000564681
255	2.51383e-09	1.11652	0.213487	-0.000360247	-0.174568	0.921758	-0.00058527
256	2.51383e-09	-0.858765	0.724227	0.000178005	-0.60868	-0.722653	0.00117163
257	2.51383e-09	-0.378341	1.06923	-0.00129603	-0.885438	-0.311427	0.000283408
258	2.51383e-09	0.71113	-0.878907	-0.000666778	0.732443	0.589994	0.000792751
259	2.51383e-09	1.05595	0.384716	-9.64637e-05	-0.325128	0.88622	0.000121658
260	2.51383e-09	1.12476	-0.19113	0.00026138	0.15627	0.919814	-0.00128477
261	2.51383e-09	0.574722	0.989984	-0.00104731	-0.806625	0.469984	-4.2011e-05
262	2.51383e-09	1.10568	0.235565	0.000217873	-0.194901	0.920859	-0.000962885
263	2.51383e-09	-0.496087	1.02562	-0.000215382	-0.843394	-0.408494	0.000114088
264	2.51383e-09	0.215851	-1.10866	-0.000709661	0.92507	0.180642	-0.000382207
265	2.51383e-09	-1.13113	0.160935	-0.00050709	-0.128455	-0.926586	-0.000905767
266	2.51383e-09	0.962616	0.609033	-0.000492031	-0.503079	0.789702	-0.0016771
267	2.51383e-09	1.03898	-0.441714	-0.000648741	0.369473	0.866104	0.00109993
268	2.51383e-09	-0.258493	-1.10488	0.000541419	0.913478	-0.211464	0.000337993
269	2.51383e-09	-1.13498	-0.0110712	-0.000795817	0.00831065	-0.938004	0.00151265
270	2.51383e-09	-0.445391	-1.04242	2.85601e-05	0.864385	-0.367781	0.0004686
271	2.51383e-09	-0.608997	0.960285	0.000809312	-0.792824	-0.503447	-0.000200652
272	2.51383e-09	1.10496	-0.261889	0.00239102	0.212959	0.915062	0.000851504
273	2.51383e-09	0.230645	-1.12234	0.000678452	0.914204	0.189852	0.000499743
274	2.51383e-09	-0.671181	0.915018	0.00145146	-0.759377	-0.55317	0.000152996
275	2.51383e-09	-1.11063	-0.264894	0.000315537	0.219059	-0.90859	0.00149698
276	2.51383e-09	1.13053	-0.120656	-0.00043966	0.0976102	0.932974	-0.000228718
277	2.51383e-09	-1.08031	-0.369986	0.00106025	0.303516	-0.884765	0.000124083
278	2.51383e-09	0.764846	0.855085	0.000976435	-0.695343	0.621687	-0.00134769
279	2.51383e-09	-1.13778	-0.130798	-0.000442097	0.108957	-0.927667	0.000574859
280	2.51383e-09	1.13943	0.113715	0.00138409	-0.0926612	0.929285	0.00104097
281	2.51383e-09	-0.741018	-0.868002	0.000738107	0.711969	-0.607947	0.000287307
282	2.51383e-09	-0.0696881	-1.13966	0.00087969	0.934486	-0.0549424	-0.000443149
283	2.51383e-09	0.455209	1.05877	6.05454e-05	-0.854834	0.368256	0.000897483
284	2.51383e-09	1.11471	-0.272988	-0.00108418	0.221702	0.908531	0.0014716
285	2.51383e-09	0.775039	-0.844698	0.00132234	0.686722	0.632606	0.000332836
286	2.51383e-09	0.954658	0.633484	0.000952485	-0.517406	0.777164	0.000560942
287	2.51383e-09	-1.06396	0.399913	0.00178179	-0.329325	-0.879336	-0.000966589
288	2.51383e-09	0.65979	0.937818	-6.312e-05	-0.762378	0.538835	0.000127009
289	2.51383e-09	0.985547	0.58778	0.000439588	-0.478641	0.802149	-1.14226e-05
290	2.51383e-09	0.874611	-0.736483	-0.00071004	0.60426	0.714454	-0.000429462
291	2.51383e-09	0.61275	0.975728	-0.000488283	-0.790125	0.494074	-0.00107445
292	2.51383e-09	-1.08701	-0.372193	0.000751504	0.302478	-0.881257	0.0003105
293	2.51383e-09	-0.877484	0.739505	6.72475e-05	-0.603522	-0.712235	0.0010013
294	2.51383e-09	-0.321321	1.10234	-0.00250606	-0.896598	-0.262054	-0.0012638
295	2.51383e-09	-1.04905	-0.475123	0.000189379	0.382724	-0.8484	-0.000961329
296	2.51383e-09	-0.564494	1.00173	-0.0012743	-0.81215	-0.45949	-0.000360861
297	2.51383e-09	-0.481096	1.04517	0.000280914	-0.847436	-0.389198	-0.00251945
298	2.51383e-09	-0.457123	1.05905	0.000385091	-0.85642	-0.36707	0.000757835
299	2.51383e-09	-0.982736	-0.607652	-0.00200722	0.486114	-0.791931	-0.000571463
300	2.51383e-09	-0.188756	1.1432	-0.000204564	-0.916316	-0.150297	0.00112896
301	2.51383e-09	-0.0231553	-1.15021	0.00134653	0.934112	-0.0197305	0.000403255
302	2.51383e-09	-1.05899	-0.48348	0.00252168	0.384818	-0.842611	-8.33466e-05
303	2.51383e-09	-0.896834	-0.72464	0.000932941	0.585484	-0.725169	-0.000848634
304	2.51383e-09	-0.950418	-0.670325	-0.00292095	0.533446	-0.755795	0.000430367
305	2.51383e-09	0.534586	-1.02829	0.00137492	0.824319	0.426764	-0.000778287
306	2.51383e-09	0.393603	1.08706	-6.32443e-05	-0.874587	0.316023	0.000272708
307	2.51383e-09	1.03945	-0.517624	-0.000145761	0.419795	0.827642	0.000544514
308	2.51383e-09	-0.202277	-1.14093	-0.000965491	0.915596	-0.161649	-0.00188494
309	2.51383e-09	0.951909	0.653317	-0.00112643	-0.525915	0.764627	-0.00148048
310	2.51383e-09	0.82255	0.806333	0.000897976	-0.65439	0.663611	-0.00023153
311	2.51383e-09	-1.15814	-0.0300366	0.000175597	0.0239954	-0.928225	-0.000948553
312	2.51383e-09	-0.958716	0.650979	-0.000689335	-0.522356	-0.769291	7.44315e-05
313	2.51383e-09	0.542003	1.02266	-0.00126436	-0.820724	0.434134	0.00168497
314	2.51383e-09	-0.949029	-0.668992	0.000954506	0.537817	-0.756657	0.000276875
315	2.51383e-09	1.10505	-0.36218	0.000605335	0.286233	0.881575	-8.32093e-05
316	2.51383e-09	0.946219	0.668123	0.00120293	-0.534817	0.761004	0.000833257
317	2.51383e-09	-0.244857	-1.13952	0.000165065	0.905149	-0.192814	0.00124754
318	2.51383e-09	0.688642	0.934848	-0.000575075	-0.746322	0.54966	0.00114852
319	2.51383e-09	0.508098	1.04679	-0.000520925	-0.835453	0.401288	2.44082e-06
320	2.51383e-09	0.564648	1.01599	0.000915866	-0.813746	0.449161	0.000450059
321	2.51383e-09	-0.0142249	1.16585	-0.0012127	-0.925445	-0.0112237	-7.55081e-05
322	2.51383e-09	-0.837044	-0.814967	0.000920054	0.645264	-0.662026	0.000797595
323	2.51383e-09	0.640791	0.979395	-0.00124402	-0.774199	0.506096	0.000294927
324	2.51383e-09	1.17743	-0.031648	-0.00145393	0.0220083	0.922401	0.00031968
325	2.51383e-09	0.00687793	-1.16768	0.00168996	0.924862	0.00744545	2.4552e-05
326	2.51383e-09	0.676268	-0.951737	0.00149134	0.754448	0.534283	-5.42942e-06
327	2.51383e-09	0.600309	-1.00078	-0.000936525	0.794052	0.475695	0.00130341
328	2.51383e-09	-0.126037	1.1595	-0.00192016	-0.921287	-0.0992017	-0.000230744
329	2.51383e-09	-1.09446	-0.446113	0.00108584	0.348086	-0.851587	0.000409926
330	2.51383e-09	-0.959515	0.671335	-0.000178639	-0.527198	-0.758951	0.000499001
331	2.51383e-09	-1.10243	-0.393938	0.000445953	0.314118	-0.870571	-0.000190174
332	2.51383e-09	1.00012	-0.60229	-0.00051914	0.476976	0.791915	-0.00236897
333	2.51383e-09	-1.07507	-0.475456	-0.00130527	0.375161	-0.842997	-0.00101234
334	2.51383e-09	-1.09761	0.408671	0.000914974	-0.323024	-0.864956	-0.000684915
335	2.51383e-09	0.269486	-1.13851	-0.00239746	0.899145	0.215166	0.00104178
336	2.51383e-09	0.071983	1.17169	-0.00206414	-0.921298	0.0564435	-0.000896435
337	2.51383e-09	0.665095	-0.967974	1.50664e-05	0.760879	0.522454	0.00137356
338	2.51383e-09	-0.370826	1.0975	0.000983049	-0.881636	-0.300185	-0.0014543
339	2.51383e-09	1.00485	0.638133	-0.00017842	-0.491833	0.772572	-0.000388089
340	2.51383e-09	-0.274548	1.15772	-0.000509188	-0.890741	-0.208735	0.000428302
341	2.51383e-09	0.662163	0.984832	0.00030602	-0.761102	0.50979	0.000558827
342	2.51383e-09	0.859091	0.791797	-0.000147563	-0.62613	0.681625	0.00134578
343	2.51383e-09	0.263848	1.13613	-0.000417294	-0.903877	0.209125	0.0015176
344	2.51383e-09	1.17168	-0.0160476	0.000320875	0.012461	0.922826	0.000429748
345	2.51383e-09	0.293943	1.13937	-0.00141226	-0.89334	0.230704	0.0016106
346	2.51383e-09	0.620194	0.993852	0.0010554	-0.783608	0.489233	-0.000710299
347	2.51383e-09	1.02643	0.573695	-0.000220879	-0.450842	0.803367	-0.00150902
348	2.51383e-09	0.546647	-1.04401	-0.00100267	0.817856	0.42478	-5.10267e-05
349	2.51383e-09	0.864026	-0.794838	8.25979e-05	0.625718	0.681429	0.000761195
350	2.51383e-09	1.17185	0.106787	-0.000724974	-0.080476	0.918872	-7.99297e-05
351	2.51383e-09	-0.987275	-0.654041	0.000301886	0.505035	-0.765801	0.000468549
352	2.51383e-09	0.14819	1.17363	-0.00107694	-0.910497	0.113688	0.000584249
353	2.51383e-09	-0.62941	0.988394	0.000622899	-0.781589	-0.494847	-0.000802749
354	2.51383e-09	-0.127677	1.17631	-0.00181636	-0.913355	-0.100543	-0.000588459
355	2.51383e-09	-0.274692	-1.13933	-0.000103977	0.898223	-0.215711	-0.000160517
356	2.51383e-09	0.850574	0.823375	0.0013776	-0.63967	0.660478	0.000568405
357	2.51383e-09	-0.387749	-1.12479	0.000856556	0.865447	-0.299793	0.000479983
358	2.51383e-09	0.540358	-1.06717	0.00110083	0.814505	0.411954	0.00146049
359	2.51383e-09	-0.379929	-1.12365	0.00018027	0.869652	-0.294367	0.00182013
360	2.51383e-09	-1.06584	-0.501089	0.00128755	0.391797	-0.835419	0.000888388
361	2.51383e-09	0.739914	-0.924097	-0.000788028	0.716943	0.57469	-0.00183392
362	2.51383e-09	0.216443	-1.16195	-0.00012719	0.902895	0.168901	0.00110893
363	2.51383e-09	-0.513271	1.05211	0.00122064	-0.83054	-0.406852	0.000664225
364	2.51383e-09	1.18412	-0.10821	6.75542e-05	0.0827772	0.911551	0.000446015
365	2.51383e-09	0.242412	1.16198	0.000408972	-0.898322	0.190866	0.00019837
366	2.51383e-09	1.03601	0.575714	0.0021535	-0.445396	0.803524	-0.000532337
367	2.51383e-09	-1.17281	-0.182234	-0.000453237	0.141501	-0.907203	0.00015691
368	2.51383e-09	0.801884	0.880256	-0.00238135	-0.677361	0.61866	0.00115055
369	2.51383e-09	1.12656	0.404752	-0.000839235	-0.309268	0.858863	-0.000359219
370	2.51383e-09	-0.672765	0.975489	0.000143558	-0.755912	-0.522263	0.00104726
371	2.51383e-09	0.274786	1.16342	0.000373088	-0.890149	0.210377	-0.00217362
372	2.51383e-09	-0.470031	-1.0954	0.000290889	0.84091	-0.362858	-0.00132793
373	2.51383e-09	-1.1552	0.286098	-0.000957029	-0.218501	-0.889265	0.000547466
374	2.51383e-09	-0.336045	1.15588	0.00114409	-0.875178	-0.251375	-0.000195173
375	2.51383e-09	-1.03492	0.606588	-0.00033267	-0.461429	-0.786978	7.68317e-05
376	2.51383e-09	-0.226196	1.16911	0.000909536	-0.900095	-0.173107	0.000805483
377	2.51383e-09	-0.0838314	-1.18636	-0.00207127	0.914683	-0.0688145	-0.000257149
378	2.51383e-09	1.19016	-0.0929662	-0.00121755	0.0717667	0.911839	-0.000301848
379	2.51383e-09	-0.420464	1.12387	0.000449719	-0.851985	-0.318798	-0.00157199
380	2.51383e-09	1.07101	0.531288	-0.000467083	-0.407183	0.818695	0.00113369
381	2.51383e-09	0.559823	-1.05187	0.00183028	0.809146	0.43077	-0.000115467
382	2.51383e-09	1.18581	0.133067	0.000790752	-0.100496	0.910031	0.000457869
383	2.51383e-09	0.318734	1.13855	-0.00057249	-0.885773	0.247651	-0.000637951
384	2.51383e-09	0.971759	-0.694609	0.00176605	0.531409	0.745526	0.00100311
385	2.51383e-09	-0.0976052	-1.19646	-0.000189527	0.908363	-0.0735426	-0.00104033
386	2.51383e-09	-1.09775	0.487923	0.000614183	-0.372334	-0.832661	-9.77609e-05
387	2.51383e-09	-1.16466	0.300023	0.000531914	-0.226062	-0.882294	9.25633e-05
388	2.51383e-09	0.815781	0.879652	-0.000691533	-0.668279	0.621935	0.000334449
389	2.51383e-09	0.164382	1.19279	-0.000777697	-0.901292	0.123522	-0.000194398
390	2.51383e-09	-0.922564	0.755201	0.000314775	-0.579689	-0.710081	0.0013479
391	2.51383e-09	-0.354953	-1.14833	0.000647591	0.871424	-0.270714	-0.00092958
392	2.51383e-09	-0.991548	-0.681478	0.000118219	0.5158	-0.751272	0.00120193
393	2.51383e-09	1.06201	-0.578742	-0.000182223	0.439415	0.796233	0.000444168
394	2.51383e-09	1.03097	0.615329	-0.00150077	-0.468216	0.783446	-0.000984875
395	2.51383e-09	0.912344	-0.778195	0.00198299	0.594891	0.693022	-0.00113442
396	2.51383e-09	-0.426665	-1.12326	-0.000552829	0.850345	-0.326046	0.000307956
397	2.51383e-09	-1.17313	0.275642	0.00110537	-0.205957	-0.886838	-0.000473937
398	2.51383e-09	0.186824	1.19163	-0.00135839	-0.89982	0.138971	0.00122834
399	2.51383e-09	-0.327533	-1.1602	-0.000667347	0.875522	-0.246256	-0.000929963
400	2.51383e-09	-0.815916	-0.888477	0.000167921	0.671685	-0.615502	0.000201921
