8.560001e+03
401
0	1	0.000395118	0.00024507	-3.60724e-07	8.5182e-08	-1.19373e-08	-9.11062e-11
1	2.51383e-09	0.992369	-0.202868	0.000866458	0.204627	0.972401	-0.00251064
2	2.51383e-09	1.00767	0.0267946	-0.000838065	-0.0249032	0.992423	-0.000848609
3	2.51383e-09	0.750368	-0.648801	-0.000732677	0.658006	0.761403	0.00105032
4	2.51383e-09	-0.4398	0.906992	-0.000961321	-0.894263	-0.435149	-0.00213744
5	2.51383e-09	-0.424883	-0.895219	-0.000868229	0.910087	-0.429635	-0.000936832
6	2.51383e-09	-0.815414	0.601109	-0.00309926	-0.588929	-0.798733	0.000727253
7	2.51383e-09	0.998603	-0.047176	0.00125066	0.0522419	0.998013	-0.00240682
8	2.51383e-09	-0.686954	-0.71763	0.00016341	0.726853	-0.692616	-0.000939465
9	2.51383e-09	0.140369	-0.991022	-0.00016979	0.991608	0.14044	-0.000539114
10	2.51383e-09	0.946291	-0.372208	-0.000221193	0.362839	0.922754	0.000602423
11	2.51383e-09	0.879016	0.477849	-0.000704138	-0.476602	0.879572	-5.13242e-05
12	2.51383e-09	1.01577	-0.0832235	0.00165229	0.0785385	0.986624	-0.0003944
13	2.51383e-09	0.390208	0.923324	-0.000980007	-0.92049	0.390974	0.00033358
14	2.51383e-09	1.0122	-0.0808301	0.00272681	0.0779733	0.988433	-0.00266762
15	2.51383e-09	0.166763	-0.981693	0.00171047	0.99183	0.169145	1.38148e-05
16	2.51383e-09	-0.642436	-0.770036	-0.000147563	0.761989	-0.641497	-0.00168641
17	2.51383e-09	0.533776	0.858574	-0.00114497	-0.849205	0.518314	0.00116784
18	2.51383e-09	-0.016165	-1.01669	0.000272038	0.992754	-0.0214964	-0.00175995
19	2.51383e-09	-0.876215	0.522268	0.00180593	-0.514275	-0.844601	0.00274003
20	2.51383e-09	0.204122	1.00675	-0.00326293	-0.967914	0.194138	0.00185213
21	2.51383e-09	-0.837049	-0.559592	0.0031033	0.553375	-0.827089	-0.000627497
22	2.51383e-09	-0.815395	-0.637732	0.00078352	0.603292	-0.772442	0.0025966
23	2.51383e-09	0.229822	0.990157	-0.00237444	-0.963568	0.225712	0.000246743
24	2.51383e-09	0.77669	-0.640736	-0.000901864	0.630841	0.773864	-0.00159522
25	2.51383e-09	0.788106	-0.654393	-0.000152045	0.627388	0.758979	-0.00278258
26	2.51383e-09	0.293906	0.975056	0.000532659	-0.948218	0.289703	0.00135499
27	2.51383e-09	-0.996065	0.053221	-0.00142008	-0.0506412	-1.00188	0.00259827
28	2.51383e-09	-0.28594	0.963007	0.000625999	-0.955889	-0.288883	0.00307685
29	2.51383e-09	0.937767	0.384411	0.000146671	-0.378358	0.918041	0.0020627
30	2.51383e-09	0.268573	0.975638	0.00190082	-0.958906	0.264007	-0.00119564
31	2.51383e-09	-0.916611	-0.418608	0.00351759	0.413249	-0.906526	-0.0014204
32	2.51383e-09	-0.0459825	1.00371	0.00426912	-0.998133	-0.0446249	-0.000251389
33	2.51383e-09	0.488057	0.917649	-0.000586424	-0.86155	0.458545	-0.00142975
34	2.51383e-09	-1.00074	0.266733	-0.00277629	-0.254916	-0.948793	0.00142576
35	2.51383e-09	0.203299	0.993621	0.00229972	-0.974876	0.200057	0.00220502
36	2.51383e-09	0.878245	0.49312	0.00119616	-0.481551	0.875887	0.00195166
37	2.51383e-09	0.836224	-0.58103	-0.000878134	0.568198	0.813064	-0.00184642
38	2.51383e-09	0.96555	-0.287893	0.00146073	0.283125	0.953103	0.00258531
39	2.51383e-09	1.01915	-0.04641	0.00102613	0.0368066	0.988843	-6.01483e-05
40	2.51383e-09	0.411805	0.924844	0.000843688	-0.910163	0.398915	-0.00172309
41	2.51383e-09	-0.77801	-0.650116	0.00171988	0.636054	-0.762764	-0.00320559
42	2.51383e-09	-0.168626	1.02287	0.00257528	-0.96797	-0.16416	-0.000720893
43	2.51383e-09	0.979764	-0.276568	-4.66341e-05	0.266735	0.950679	0.00305722
44	2.51383e-09	-1.0225	0.154616	-0.00183518	-0.14344	-0.973213	-0.000376936
45	2.51383e-09	0.0486433	1.02431	-0.00258644	-0.985747	0.0453349	0.000516153
46	2.51383e-09	-0.268604	0.984409	-0.000414849	-0.954578	-0.25741	0.000846157
47	2.51383e-09	0.917241	0.444973	0.00180235	-0.434164	0.889886	-7.77182e-05
48	2.51383e-09	-1.01453	0.176749	-0.00107634	-0.168429	-0.969995	-0.00131806
49	2.51383e-09	-0.196283	-0.988091	-0.00178476	0.976378	-0.195362	0.0026497
50	2.51383e-09	-0.055632	-1.04362	0.00301223	0.976645	-0.0520588	0.000757227
51	2.51383e-09	0.0600785	1.00844	-1.68369e-05	-0.99262	0.0590776	-0.00222126
52	2.51383e-09	-0.937975	-0.420161	0.000942161	0.407985	-0.899176	-0.00154339
53	2.51383e-09	-0.312568	0.976457	-0.00214933	-0.941241	-0.302683	0.000673379
54	2.51383e-09	0.0295208	-1.0226	0.00115241	0.9883	0.0323268	0.00130568
55	2.51383e-09	0.812372	0.644068	-0.0002986	-0.61363	0.767786	0.00010004
56	2.51383e-09	-1.01544	0.126654	0.000146864	-0.12587	-0.981143	-0.000407077
57	2.51383e-09	-0.526234	-0.911338	0.00116074	0.841405	-0.488298	0.000152921
58	2.51383e-09	0.887931	0.544003	-0.0025657	-0.514447	0.835321	-0.000918589
59	2.51383e-09	-0.460525	0.916651	0.00217412	-0.884365	-0.444083	0.00249197
60	2.51383e-09	-0.201387	1.00943	-0.00140531	-0.966642	-0.197682	0.00103668
61	2.51383e-09	-0.371795	0.970844	-0.00241749	-0.91454	-0.347107	0.00240408
62	2.51383e-09	0.156784	1.02717	-0.000606297	-0.969567	0.147059	0.000878244
63	2.51383e-09	1.0293	-0.0566649	-0.00109331	0.0556917	0.982267	0.000736566
64	2.51383e-09	0.963689	-0.392267	-0.000580599	0.373341	0.903028	0.000877577
65	2.51383e-09	0.516287	-0.887248	-0.000186603	0.850828	0.496594	0.000467448
66	2.51383e-09	-0.66094	-0.788068	-0.00203246	0.761708	-0.625778	-0.000905669
67	2.51383e-09	-1.00653	0.29576	0.000317776	-0.278227	-0.934652	0.00140657
68	2.51383e-09	-0.194164	1.0148	-0.00136186	-0.966404	-0.185608	-0.00222096
69	2.51383e-09	-0.342679	0.984794	0.00328471	-0.924955	-0.317557	-0.00118159
70	2.51383e-09	0.996772	0.241861	-0.000703651	-0.232212	0.960402	-0.000143248
71	2.51383e-09	1.02289	-0.166329	0.00429195	0.160837	0.96964	0.00318383
72	2.51383e-09	-0.215797	-1.04394	0.00244567	0.945692	-0.194978	0.00105537
73	2.51383e-09	0.765015	0.700048	0.00166714	-0.665097	0.723489	-0.0022714
74	2.51383e-09	-0.438783	0.962828	-4.27162e-06	-0.886669	-0.397785	0.00235612
75	2.51383e-09	0.75745	0.71705	0.000512846	-0.674434	0.712052	0.0003642
76	2.51383e-09	-0.507805	-0.910634	0.00285524	0.855664	-0.482005	0.00200047
77	2.51383e-09	-0.636974	-0.840636	1.14121e-05	0.776448	-0.590933	-0.00133941
78	2.51383e-09	0.237366	1.01637	0.00347843	-0.951594	0.229515	0.00209515
79	2.51383e-09	0.310274	0.980103	0.00403642	-0.942312	0.300786	-0.00322942
80	2.51383e-09	0.39017	0.963484	0.000703412	-0.90766	0.373062	-7.99505e-05
81	2.51383e-09	-0.958205	0.378469	9.14888e-05	-0.35922	-0.915008	-4.8086e-05
82	2.51383e-09	-0.122139	1.0508	-0.00096612	-0.965764	-0.118238	0.000461996
83	2.51383e-09	0.998132	-0.255048	-0.000124808	0.248467	0.953069	0.00208638
84	2.51383e-09	1.02099	-0.20809	-0.000113374	0.191056	0.960987	-0.000345594
85	2.51383e-09	0.141694	-1.0167	-0.00176681	0.976878	0.138197	-0.00047165
86	2.51383e-09	0.132498	-1.03589	0.000974807	0.974068	0.125234	-0.000321191
87	2.51383e-09	0.277989	1.00136	0.00108667	-0.948047	0.26375	-0.000477009
88	2.51383e-09	0.970457	0.357837	-0.000370036	-0.342125	0.922676	-0.00228118
89	2.51383e-09	0.242286	1.02613	0.00169493	-0.945288	0.228256	0.00180453
90	2.51383e-09	-1.04601	-0.0522146	0.00288426	0.0530772	-0.975357	0.00240811
91	2.51383e-09	-1.00717	0.161861	0.00103973	-0.15665	-0.981047	-0.00416255
92	2.51383e-09	-0.776535	-0.705103	4.8004e-05	0.657651	-0.723232	-0.00136189
93	2.51383e-09	0.984288	0.394529	0.000245742	-0.363974	0.902028	-0.00166468
94	2.51383e-09	1.03107	-0.124535	0.00343525	0.119932	0.974204	-0.00161369
95	2.51383e-09	0.870391	0.55595	-0.000584552	-0.530124	0.826783	0.000357166
96	2.51383e-09	0.394379	-0.973933	0.00166537	0.903739	0.371341	0.0026618
97	2.51383e-09	-0.292733	-1.0013	-0.00200673	0.94234	-0.27652	0.000501047
98	2.51383e-09	1.04693	-0.0685145	0.00218018	0.0632581	0.975484	-0.000751798
99	2.51383e-09	-0.690557	0.816783	0.00190723	-0.731947	-0.630533	0.00120619
100	2.51383e-09	-1.04071	0.147601	-5.55618e-05	-0.145101	-0.965871	-0.000758305
101	2.51383e-09	-0.490152	0.908507	-0.00015686	-0.865846	-0.467659	0.00111547
102	2.51383e-09	0.976655	-0.330341	-0.000749618	0.319411	0.931905	0.00119955
103	2.51383e-09	-0.138934	-1.03751	-0.00276266	0.967906	-0.133035	0.000836571
104	2.51383e-09	1.036	0.120424	-0.000991	-0.118628	0.973214	-0.000368349
105	2.51383e-09	-0.573488	-0.859776	0.00146016	0.820464	-0.544845	0.00136891
106	2.51383e-09	-0.921322	0.48913	-0.000950569	-0.459762	-0.86601	-0.00235268
107	2.51383e-09	-1.04441	0.147258	0.000147034	-0.133652	-0.966229	-0.000271686
108	2.51383e-09	1.04863	0.159971	-0.00028334	-0.146013	0.962963	0.00084539
109	2.51383e-09	0.326366	-1.02009	-0.00208556	0.916814	0.292797	-0.000618077
110	2.51383e-09	0.93622	0.480969	0.00180076	-0.450462	0.866221	0.00273257
111	2.51383e-09	0.2423	1.03544	0.00178684	-0.945119	0.215255	0.00206337
112	2.51383e-09	-0.198771	1.05038	-0.000507112	-0.948116	-0.184038	0.00140331
113	2.51383e-09	-0.871012	-0.599766	-0.00092931	0.55521	-0.799055	-0.00112597
114	2.51383e-09	0.245803	1.02164	0.000632129	-0.948741	0.228968	0.000704231
115	2.51383e-09	0.340699	1.0131	-0.00144966	-0.920481	0.306949	-0.00315019
116	2.51383e-09	1.03955	-0.163481	-0.00354925	0.145973	0.96413	0.000955582
117	2.51383e-09	0.158926	-1.04295	0.000953519	0.963984	0.146672	-0.0008921
118	2.51383e-09	0.389909	-0.988512	-0.000940891	0.900462	0.358546	0.000160551
119	2.51383e-09	-0.551575	0.884648	-0.00197545	-0.83387	-0.519	-0.00373268
120	2.51383e-09	-1.01945	0.225568	0.00239532	-0.213193	-0.9572	0.000510249
121	2.51383e-09	-1.05712	-0.128335	0.002771	0.122343	-0.962063	-0.00133765
122	2.51383e-09	-0.198196	1.05431	-0.000355559	-0.950893	-0.173911	0.00222728
123	2.51383e-09	-0.488235	0.924092	-0.00202034	-0.861454	-0.459848	0.00203077
124	2.51383e-09	1.06225	-0.176727	-0.00270043	0.157322	0.950828	0.00133151
125	2.51383e-09	-0.335495	-0.995509	-0.00176109	0.922403	-0.309851	0.00141893
126	2.51383e-09	0.937595	0.487081	-0.00202857	-0.450313	0.865599	0.0006556
127	2.51383e-09	-0.641853	-0.834108	0.00122584	0.775586	-0.589775	0.00119565
128	2.51383e-09	-0.894693	0.590384	0.000781351	-0.528535	-0.807713	0.00315709
129	2.51383e-09	-1.05086	-0.146297	0.00192716	0.132127	-0.959204	0.00207495
130	2.51383e-09	0.114692	-1.05633	0.0021215	0.964602	0.110142	0.00203383
131	2.51383e-09	-0.580196	-0.925446	-0.0016086	0.808592	-0.509257	0.00063025
132	2.51383e-09	-0.693833	0.816382	0.000384442	-0.736629	-0.622129	-0.000927095
133	2.51383e-09	1.06656	0.0461431	0.00111889	-0.0450183	0.96747	-0.000987808
134	2.51383e-09	-0.750337	-0.742061	-0.000706696	0.687167	-0.690258	0.000892234
135	2.51383e-09	1.04651	-0.120102	-0.000624482	0.108755	0.968934	-0.00290143
136	2.51383e-09	0.388507	-1.01022	-0.00222622	0.900408	0.340335	-0.00132381
137	2.51383e-09	0.786617	0.720759	0.00183747	-0.650583	0.715803	0.000868555
138	2.51383e-09	0.121856	1.05272	-0.000708339	-0.966338	0.107381	-0.00126046
139	2.51383e-09	-1.02297	-0.275953	-0.00243505	0.250414	-0.939867	-0.00177353
140	2.51383e-09	1.03841	0.316146	0.000486481	-0.286249	0.917211	-7.52255e-05
141	2.51383e-09	-0.783538	0.731261	-0.0018775	-0.659192	-0.705116	0.00110284
142	2.51383e-09	0.711045	-0.796601	0.00210014	0.728223	0.643069	-0.000658059
143	2.51383e-09	0.441903	0.986491	-0.000559363	-0.874402	0.39333	0.00205512
144	2.51383e-09	-0.919772	0.576392	-0.00143696	-0.511125	-0.811371	-0.00164396
145	2.51383e-09	-0.918726	-0.525467	0.000964448	0.481648	-0.842754	0.000269845
146	2.51383e-09	0.431128	-1.01879	-0.00112884	0.872303	0.373818	0.00326135
147	2.51383e-09	-0.932815	0.549658	0.000357354	-0.491038	-0.826049	0.00252461
148	2.51383e-09	-0.513483	0.957794	0.0014072	-0.845869	-0.449705	0.000120716
149	2.51383e-09	-0.213399	1.0415	-0.00138449	-0.946156	-0.203839	0.00218536
150	2.51383e-09	-0.729131	0.784009	0.000768721	-0.704098	-0.665616	0.000973571
151	2.51383e-09	-0.870615	-0.638463	-0.0016157	0.571305	-0.77404	0.000469368
152	2.51383e-09	-0.927299	-0.518588	9.14857e-05	0.480419	-0.849475	-0.00136262
153	2.51383e-09	-0.423527	-0.999736	-0.000716028	0.882331	-0.374872	0.000852367
154	2.51383e-09	0.0886137	-1.1042	-0.00342809	0.946381	0.0785657	0.000464825
155	2.51383e-09	0.77897	0.746843	0.000607973	-0.670431	0.690064	-0.00242671
156	2.51383e-09	0.804147	-0.727595	-0.000805957	0.648015	0.712919	0.00225356
157	2.51383e-09	-0.23172	1.04605	0.000825921	-0.940273	-0.212816	0.000626643
158	2.51383e-09	-0.669957	-0.859137	0.00445672	0.758068	-0.588721	-0.00230524
159	2.51383e-09	0.820585	0.695125	-0.00033343	-0.62568	0.732983	0.00101087
160	2.51383e-09	0.818181	0.704428	-0.000151328	-0.627928	0.728684	-0.00283316
161	2.51383e-09	0.627679	0.886878	-0.00243823	-0.783601	0.554608	0.00163387
162	2.51383e-09	-0.201753	-1.0599	-0.00312174	0.945619	-0.180207	0.00247777
163	2.51383e-09	0.898518	-0.608206	-0.000869454	0.53766	0.793851	-0.000359193
164	2.51383e-09	1.04026	0.246315	-0.00171983	-0.221221	0.9435	0.00147891
165	2.51383e-09	0.0310212	1.10313	0.00247948	-0.951064	0.0295871	-0.00146091
166	2.51383e-09	1.06465	0.240674	0.00140439	-0.214965	0.930202	0.000863397
167	2.51383e-09	-0.633472	-0.847974	-0.00402304	0.777575	-0.588729	-0.000480177
168	2.51383e-09	0.692799	-0.836999	0.00106107	0.7421	0.609815	-0.00125777
169	2.51383e-09	-0.37904	-1.02018	0.000885865	0.89764	-0.330793	-0.00128944
170	2.51383e-09	-0.896861	-0.620901	-0.00134448	0.545721	-0.784903	0.00310204
171	2.51383e-09	0.479864	0.977282	0.00363744	-0.862571	0.41956	5.8326e-05
172	2.51383e-09	-1.10047	0.142781	-0.00152534	-0.123451	-0.942641	-0.000647841
173	2.51383e-09	-0.312392	1.06002	-0.00292896	-0.911585	-0.271059	-0.00190419
174	2.51383e-09	-0.533289	0.96061	0.000318638	-0.83291	-0.468146	0.00194247
175	2.51383e-09	-0.643529	-0.871718	0.00233999	0.773316	-0.57472	0.000283417
176	2.51383e-09	-0.851839	-0.657046	0.000819371	0.590708	-0.762708	-0.000553528
177	2.51383e-09	0.589622	0.953226	-0.00221746	-0.801876	0.498681	0.00140637
178	2.51383e-09	0.963471	0.480706	-0.000487614	-0.430511	0.862959	-0.00066385
179	2.51383e-09	0.90108	-0.63819	0.00424181	0.547281	0.776112	-0.000167798
180	2.51383e-09	1.04659	0.274373	0.00110204	-0.24663	0.929576	0.00273595
181	2.51383e-09	-0.71972	0.83284	-0.00240388	-0.722578	-0.620949	-0.000479558
182	2.51383e-09	1.06281	0.266252	0.000487474	-0.231115	0.926704	-0.00147186
183	2.51383e-09	0.1027	-1.09509	-0.000305664	0.947076	0.0891502	-0.00094729
184	2.51383e-09	-0.0808181	1.10731	0.000686479	-0.946764	-0.070783	0.00270658
185	2.51383e-09	-0.600409	0.908693	0.000904004	-0.797916	-0.531397	-0.000593339
186	2.51383e-09	0.376539	-1.02699	0.00169792	0.895655	0.326553	-0.00015364
187	2.51383e-09	-0.0810267	1.05763	0.00404199	-0.970193	-0.0720905	0.000822264
188	2.51383e-09	0.504669	-0.982482	-0.00271628	0.844397	0.439105	0.000573075
189	2.51383e-09	1.0669	0.234884	0.00206881	-0.206923	0.933849	0.00190052
190	2.51383e-09	0.996783	0.460273	0.000864587	-0.407838	0.86476	-0.00183329
191	2.51383e-09	-0.698437	0.834834	9.27172e-05	-0.737325	-0.614352	-0.00330299
192	2.51383e-09	-0.0666907	1.09669	0.00228867	-0.953059	-0.0562479	0.000604248
193	2.51383e-09	-0.0911615	-1.1056	-0.00156379	0.944017	-0.0775652	0.00182098
194	2.51383e-09	-0.823898	0.752551	0.00120005	-0.6391	-0.699061	0.000129826
195	2.51383e-09	-0.109591	-1.07991	0.000405775	0.954296	-0.0984937	0.00109454
196	2.51383e-09	0.987496	-0.467312	0.00239654	0.417477	0.860551	0.00250925
197	2.51383e-09	0.870541	0.646201	-0.00301232	-0.571646	0.771954	-0.000385993
198	2.51383e-09	1.05343	-0.339648	0.00175089	0.292413	0.906444	-0.00129533
199	2.51383e-09	1.05522	-0.310792	-0.00355185	0.272608	0.91426	0.000326692
200	2.51383e-09	-1.11552	-0.0844672	0.000433109	0.0748947	-0.94082	-0.00070842
201	2.51383e-09	1.09754	-0.097613	0.00140394	0.0862795	0.949375	-0.00184243
202	2.51383e-09	-0.805578	0.731807	0.00217622	-0.64869	-0.709585	-0.000170909
203	2.51383e-09	-0.685544	-0.84156	0.000723092	0.74356	-0.606943	0.00201877
204	2.51383e-09	-0.991965	-0.476746	0.000253414	0.406323	-0.8622	-0.000240184
205	2.51383e-09	0.807	-0.789048	-0.00168856	0.655111	0.673052	-0.000720623
206	2.51383e-09	-0.468883	0.992351	-9.50677e-05	-0.862587	-0.406626	0.00200676
207	2.51383e-09	1.02907	0.440064	-0.00139432	-0.37425	0.867025	-0.000479853
208	2.51383e-09	0.310132	1.05156	-0.00251451	-0.916002	0.273594	0.000693409
209	2.51383e-09	-1.06137	0.282373	0.00132841	-0.248019	-0.92279	0.00185608
210	2.51383e-09	-0.840131	-0.720316	-0.000141177	0.616657	-0.722631	0.000970878
211	2.51383e-09	-1.00829	0.446702	0.000852523	-0.386297	-0.867683	0.0023598
212	2.51383e-09	0.553953	-0.978634	0.00105681	0.819865	0.466402	0.00308822
213	2.51383e-09	0.291839	1.06677	0.00133996	-0.917936	0.252389	0.000888937
214	2.51383e-09	-1.06853	0.268275	0.00168209	-0.223964	-0.924445	0.000269458
215	2.51383e-09	1.09783	-0.225583	-0.00302835	0.186108	0.924008	-0.00211815
216	2.51383e-09	-0.478764	1.0159	0.00046463	-0.850152	-0.406153	-9.4271e-05
217	2.51383e-09	0.43078	-1.04034	0.00347435	0.869665	0.361349	-3.46612e-05
218	2.51383e-09	-0.0241498	-1.0813	-0.00222371	0.960109	-0.0161182	0.000982911
219	2.51383e-09	-0.988637	-0.559566	0.000805044	0.461206	-0.815405	-0.00127214
220	2.51383e-09	-1.10211	0.189523	0.000939379	-0.158031	-0.930508	0.00264771
221	2.51383e-09	-0.956683	0.513605	-0.00167774	-0.45558	-0.847078	0.00171968
222	2.51383e-09	1.04083	0.382405	0.00341692	-0.325646	0.892935	0.000966324
223	2.51383e-09	1.05496	0.367337	-0.00162113	-0.307855	0.89209	-0.000803894
224	2.51383e-09	-0.881354	-0.639229	0.000106696	0.56041	-0.779945	-0.00044604
225	2.51383e-09	0.150711	1.09885	-0.000804157	-0.942737	0.128851	-0.0014475
226	2.51383e-09	-0.818365	-0.745296	0.00106693	0.642286	-0.704029	-0.00223692
227	2.51383e-09	-0.0717037	-1.09966	0.000233424	0.950609	-0.059051	0.000619251
228	2.51383e-09	0.158507	1.10608	0.00136588	-0.936755	0.135561	0.00130294
229	2.51383e-09	-0.929182	0.635421	0.00317389	-0.529651	-0.780756	0.000367871
230	2.51383e-09	1.04928	0.476333	0.00165196	-0.38191	0.847455	-0.00102228
231	2.51383e-09	-0.167073	-1.11368	0.00580392	0.932877	-0.133705	0.00152517
232	2.51383e-09	-1.05737	0.300328	-0.00345067	-0.256123	-0.920099	-0.00171101
233	2.51383e-09	-1.07445	-0.261146	-0.00136271	0.225627	-0.927124	-0.00203505
234	2.51383e-09	-1.10873	-0.0139969	0.00421033	0.00691966	-0.949601	0.00118318
235	2.51383e-09	0.853475	-0.721236	0.00349912	0.614333	0.718041	0.00171083
236	2.51383e-09	-1.11802	-0.169986	0.00108967	0.142284	-0.926871	-0.00024989
237	2.51383e-09	-0.398715	-1.03456	-0.00207248	0.886864	-0.333867	-0.000886553
238	2.51383e-09	-0.25933	1.1246	0.000518448	-0.905003	-0.2071	-0.00179251
239	2.51383e-09	0.779176	-0.775168	-0.00170521	0.674387	0.677207	-0.00254123
240	2.51383e-09	0.0214501	-1.12351	0.000538878	0.945833	0.0216753	0.00215128
241	2.51383e-09	-0.827907	0.736321	-0.00152165	-0.635155	-0.711193	-0.000817302
242	2.51383e-09	0.646828	0.953637	-0.00326669	-0.772721	0.521632	0.00171193
243	2.51383e-09	-0.115212	-1.12106	0.000197972	0.935266	-0.0968224	-0.00290469
244	2.51383e-09	1.1121	0.217914	-0.00243855	-0.182047	0.923466	-0.000719883
245	2.51383e-09	-1.1168	0.131024	0.00453024	-0.107494	-0.936046	-0.00235105
246	2.51383e-09	0.967854	0.575513	0.00229176	-0.479544	0.811522	-0.00146405
247	2.51383e-09	1.08485	0.197842	0.00168843	-0.177795	0.935052	0.00164715
248	2.51383e-09	-0.537775	0.987228	0.000563808	-0.83126	-0.446315	0.000545739
249	2.51383e-09	0.101503	-1.1135	-0.000862537	0.943461	0.0893781	0.00025419
250	2.51383e-09	0.0585859	-1.13165	-0.000754194	0.938322	0.047515	0.000814287
251	2.51383e-09	-0.0574085	-1.12904	0.000203019	0.938591	-0.0445569	-1.97224e-05
252	2.51383e-09	0.697729	-0.880084	0.000516873	0.740811	0.584091	-0.00125706
253	2.51383e-09	-0.143891	-1.12074	-0.00262799	0.93371	-0.11653	-0.00376363
254	2.51383e-09	0.762268	-0.825705	0.000812628	0.694568	0.639254	0.00166528
255	2.51383e-09	-0.404746	-1.06097	0.000540317	0.87603	-0.33394	-0.000358249
256	2.51383e-09	-1.14643	-0.000939068	-0.00108652	-0.00159307	-0.930113	8.46581e-05
257	2.51383e-09	-1.12716	0.0804519	0.00353288	-0.0642748	-0.937076	0.000562772
258	2.51383e-09	-0.84129	-0.748145	-0.0010989	0.623973	-0.706443	-0.0036657
259	2.51383e-09	0.942187	0.616851	-0.000418148	-0.514067	0.791223	-0.00150927
260	2.51383e-09	-0.607852	0.945697	-0.0037398	-0.793453	-0.512801	0.00169848
261	2.51383e-09	0.787217	0.832832	-0.000385159	-0.680228	0.637908	0.000498412
262	2.51383e-09	1.04819	-0.357359	0.00479477	0.305349	0.903041	-0.00163644
263	2.51383e-09	-0.752078	-0.863259	-0.00178283	0.703126	-0.610857	0.000641085
264	2.51383e-09	-0.200952	1.10639	0.00138431	-0.927531	-0.168985	0.00106129
265	2.51383e-09	-1.13727	-0.177365	0.000278765	0.146198	-0.916534	-7.42522e-05
266	2.51383e-09	0.692964	0.899949	-0.00124352	-0.74408	0.572237	0.000724546
267	2.51383e-09	1.12816	0.0688085	-0.00149668	-0.0562703	0.936021	0.00149476
268	2.51383e-09	-0.97	0.561567	0.00248776	-0.474046	-0.82292	0.000332384
269	2.51383e-09	-1.01932	-0.541801	0.00098791	0.437193	-0.818668	0.00290916
270	2.51383e-09	0.826473	-0.775536	0.000316104	0.639813	0.686295	0.000944591
271	2.51383e-09	0.412834	1.06431	9.85345e-05	-0.873306	0.339442	0.000259801
272	2.51383e-09	-0.0595653	1.14573	0.00346594	-0.931441	-0.049497	0.000427404
273	2.51383e-09	0.612155	0.958309	-0.000478864	-0.79159	0.505288	-0.00228197
274	2.51383e-09	1.05209	0.379886	-0.00134398	-0.328344	0.888147	0.00195726
275	2.51383e-09	1.11954	0.169582	-0.00118616	-0.136686	0.930664	-0.00208978
276	2.51383e-09	0.480067	-1.02927	-0.000178826	0.852422	0.398262	2.49933e-05
277	2.51383e-09	0.882636	-0.712479	-0.000833586	0.594977	0.732082	0.00383942
278	2.51383e-09	0.280689	1.11649	0.00166392	-0.904462	0.228561	-0.00062939
279	2.51383e-09	-1.17393	-0.0645879	0.00114737	0.0474397	-0.91965	-0.000338696
280	2.51383e-09	-0.659469	-0.956347	0.00218938	0.75994	-0.531193	0.000253857
281	2.51383e-09	0.416724	1.05913	0.00107594	-0.873502	0.341146	-0.00055157
282	2.51383e-09	0.903515	-0.709145	-0.000550827	0.574487	0.733635	-0.000639229
283	2.51383e-09	-1.12229	0.0708658	-0.000482252	-0.0572871	-0.945144	-0.00215392
284	2.51383e-09	-0.480055	1.04761	-0.00203439	-0.844402	-0.392232	0.00138267
285	2.51383e-09	1.10881	0.297429	-0.00143213	-0.243323	0.90016	-0.0014652
286	2.51383e-09	1.05946	-0.420746	0.000667381	0.345016	0.871013	-0.00219455
287	2.51383e-09	0.696653	-0.896349	-0.000959905	0.744556	0.571099	0.00034753
288	2.51383e-09	0.700427	-0.916588	-0.00131966	0.74369	0.562232	-0.00132936
289	2.51383e-09	0.823992	-0.812796	0.00308147	0.65532	0.657011	0.00148728
290	2.51383e-09	-0.048545	-1.13879	-0.00227975	0.937107	-0.0410901	0.00245833
291	2.51383e-09	0.855051	-0.769492	-0.000863311	0.623264	0.693143	-0.00224191
292	2.51383e-09	-0.143238	-1.13714	0.00245854	0.926786	-0.117353	0.000329934
293	2.51383e-09	-1.10907	-0.273692	-0.00281177	0.224223	-0.906148	-0.000565143
294	2.51383e-09	-0.10171	1.16485	-0.00651811	-0.921593	-0.079145	-0.00105859
295	2.51383e-09	-0.00972428	1.14767	-0.00158138	-0.932014	-0.00932202	-1.95918e-05
296	2.51383e-09	0.681521	-0.936499	-0.00195961	0.751526	0.545991	-0.00363073
297	2.51383e-09	0.887682	0.727446	-0.00310342	-0.592086	0.720986	-0.00102865
298	2.51383e-09	0.899422	-0.707915	-0.000556054	0.581639	0.734236	0.00258302
299	2.51383e-09	0.558295	-1.03156	7.37991e-05	0.813331	0.430553	0.000722484
300	2.51383e-09	-1.14378	-0.215472	0.0016403	0.170274	-0.911936	-0.00196215
301	2.51383e-09	0.204549	1.14344	-0.00232177	-0.915624	0.153461	0.000327445
302	2.51383e-09	-0.731933	-0.899868	-0.00233897	0.725932	-0.582712	0.00418782
303	2.51383e-09	-0.396668	1.08417	-0.0017168	-0.87409	-0.320878	-0.00126677
304	2.51383e-09	-0.227287	1.1374	-0.00171323	-0.913021	-0.177625	-1.10711e-05
305	2.51383e-09	-0.448918	-1.05755	0.00203201	0.858633	-0.363665	0.00189322
306	2.51383e-09	1.03896	-0.48618	0.000519462	0.398076	0.846518	-0.00071095
307	2.51383e-09	-0.135665	-1.15398	0.00403371	0.92031	-0.106378	-0.000399177
308	2.51383e-09	-0.78056	-0.862036	-0.0017493	0.690215	-0.62338	0.0011277
309	2.51383e-09	0.912717	-0.680179	0.00101064	0.563678	0.750934	-0.000148888
310	2.51383e-09	0.511605	-1.03792	0.00114722	0.833922	0.413437	0.000228214
311	2.51383e-09	0.486138	1.04991	0.00236213	-0.84502	0.391546	-0.00214777
312	2.51383e-09	-1.13979	-0.287779	-0.00191113	0.226544	-0.888675	0.000658702
313	2.51383e-09	-0.63991	0.95493	0.0015256	-0.775024	-0.516685	-0.00240187
314	2.51383e-09	0.0965176	1.13963	0.00245347	-0.931421	0.0748785	-0.0001749
315	2.51383e-09	-0.848757	0.802422	-0.00218411	-0.635812	-0.672138	0.00195252
316	2.51383e-09	0.878608	0.771935	0.00196671	-0.608354	0.695955	-0.00115921
317	2.51383e-09	-0.905593	-0.716761	0.000615395	0.575333	-0.731989	-0.00292721
318	2.51383e-09	-1.00546	0.563132	-0.00253377	-0.458128	-0.813594	-0.000879843
319	2.51383e-09	-0.756943	0.893871	0.00143257	-0.703245	-0.597274	-0.00243352
320	2.51383e-09	0.269637	1.1454	-0.000199464	-0.896407	0.213191	0.000174115
321	2.51383e-09	0.812218	-0.827238	-0.00125412	0.664871	0.651342	-0.000878489
322	2.51383e-09	1.16488	0.00329117	0.00193624	-0.00101884	0.924428	0.002172
323	2.51383e-09	0.0459702	-1.16439	0.000783249	0.921452	0.0379495	-0.000847478
324	2.51383e-09	0.541739	-1.03743	-0.00150644	0.820735	0.426352	-0.000685056
325	2.51383e-09	-1.08706	-0.40068	-0.00213827	0.321988	-0.869504	-0.000247435
326	2.51383e-09	1.093	-0.476827	-0.000473643	0.369127	0.833246	0.00356973
327	2.51383e-09	-0.256575	-1.15339	-0.00157613	0.896838	-0.199014	0.00146299
328	2.51383e-09	-0.673053	0.932508	0.00242786	-0.752371	-0.549182	0.00184747
329	2.51383e-09	-0.240685	-1.14863	0.0009586	0.901066	-0.197924	-0.000480175
330	2.51383e-09	1.11779	0.303734	0.000620044	-0.246907	0.896736	0.000154102
331	2.51383e-09	0.809572	0.824608	0.00221909	-0.663592	0.650047	0.00053379
332	2.51383e-09	-0.553283	-1.04137	-0.00165767	0.81275	-0.432971	-0.00104512
333	2.51383e-09	1.17256	0.192255	-0.000175711	-0.148955	0.904597	0.0018363
334	2.51383e-09	0.700702	-0.935639	-0.00219395	0.739953	0.558041	-0.000170393
335	2.51383e-09	1.09518	0.452313	7.27451e-05	-0.354936	0.84708	0.000754781
336	2.51383e-09	0.971017	-0.662733	-0.00325702	0.522685	0.759609	-0.000552663
337	2.51383e-09	0.295073	-1.14256	0.00215841	0.890444	0.235015	0.00119538
338	2.51383e-09	-0.619641	-0.986784	0.00239584	0.78508	-0.491754	0.00207519
339	2.51383e-09	0.531072	1.05375	-0.000661038	-0.822095	0.418743	-0.00368215
340	2.51383e-09	1.13474	0.337311	-0.00120846	-0.268134	0.878847	0.00123333
341	2.51383e-09	1.07959	-0.475511	0.00123428	0.370308	0.844675	-0.000108381
342	2.51383e-09	0.774766	0.871256	0.00103057	-0.691724	0.615337	7.093e-05
343	2.51383e-09	-0.197942	-1.1347	0.00222623	0.919088	-0.163278	0.00137579
344	2.51383e-09	-0.472382	-1.08736	0.000634231	0.838615	-0.366524	-0.000757069
345	2.51383e-09	-0.303189	-1.1199	0.000683123	0.897428	-0.24444	-0.00273099
346	2.51383e-09	-1.06412	-0.512629	0.00191646	0.39714	-0.826378	-0.000628853
347	2.51383e-09	-1.07331	0.464571	0.000397629	-0.363099	-0.853159	-0.00128674
348	2.51383e-09	0.822046	0.844883	0.00293925	-0.659438	0.643016	-0.00258751
349	2.51383e-09	0.604061	1.00027	-0.00316222	-0.796902	0.474986	-0.000900655
350	2.51383e-09	-0.998793	0.611215	-0.00194265	-0.479108	-0.788544	-0.000893769
351	2.51383e-09	0.603589	1.03155	-0.000268154	-0.788844	0.462636	-0.00247033
352	2.51383e-09	-1.17715	-0.0935147	0.000742411	0.0762166	-0.915698	0.00142982
353	2.51383e-09	0.843486	-0.8555	-0.00310961	0.649713	0.637943	-0.00251491
354	2.51383e-09	1.10867	-0.399646	-0.00222863	0.315867	0.868016	-0.00122806
355	2.51383e-09	-1.00818	0.560308	-0.000576478	-0.451463	-0.814109	0.00250861
356	2.51383e-09	-0.118261	1.1943	-0.000834401	-0.908828	-0.093237	0.000399432
357	2.51383e-09	-0.242346	1.1539	0.000697888	-0.899589	-0.191775	0.00103099
358	2.51383e-09	-0.450063	1.1048	0.00148115	-0.848902	-0.346914	-0.00241963
359	2.51383e-09	-0.0280516	1.20213	0.00216033	-0.910887	-0.0261326	0.00127679
360	2.51383e-09	0.397681	-1.10511	-0.000520552	0.867029	0.313993	0.000632831
361	2.51383e-09	-1.1554	-0.2126	-0.00171866	0.168948	-0.90667	9.97901e-05
362	2.51383e-09	1.15622	0.222531	0.00136267	-0.172567	0.904996	0.000639552
363	2.51383e-09	0.746549	0.922592	0.0002888	-0.709955	0.581017	-0.00163223
364	2.51383e-09	1.10311	0.376472	-0.000747308	-0.300348	0.8745	0.000983191
365	2.51383e-09	1.17936	0.235894	-0.00192639	-0.180202	0.893841	0.000722245
366	2.51383e-09	-0.926687	0.740392	-0.00263424	-0.574681	-0.716975	0.000255031
367	2.51383e-09	0.467131	-1.08503	0.000393178	0.845428	0.368157	-0.00179867
368	2.51383e-09	-1.15267	-0.354571	0.000453773	0.269008	-0.867964	0.00027681
369	2.51383e-09	1.12489	0.35784	-0.00124785	-0.283429	0.876924	0.000220647
370	2.51383e-09	-0.330336	1.13773	-0.00113119	-0.883846	-0.25425	-0.000324271
371	2.51383e-09	-0.0347294	1.21081	0.00142759	-0.906364	-0.0289169	-0.00037182
372	2.51383e-09	0.961602	0.70928	-0.00307397	-0.541375	0.740244	0.00105064
373	2.51383e-09	-0.510912	1.07119	-0.00159107	-0.826795	-0.398425	0.00109988
374	2.51383e-09	-1.0161	-0.66606	0.000615586	0.49752	-0.755681	0.00299969
375	2.51383e-09	1.12403	-0.400359	-0.00179392	0.309423	0.861659	-0.002211
376	2.51383e-09	-1.16639	0.199645	-0.00112102	-0.153892	-0.906693	0.00136947
377	2.51383e-09	-0.504008	1.07729	-0.000122643	-0.832923	-0.388045	-0.001357
378	2.51383e-09	-0.879694	-0.812666	0.00024774	0.617023	-0.672456	-0.00061285
379	2.51383e-09	0.993686	0.627551	-0.00143405	-0.48891	0.784916	-0.00107977
380	2.51383e-09	1.14404	-0.30538	-0.000251029	0.234893	0.888994	-0.000271648
381	2.51383e-09	0.53107	-1.06623	0.000429526	0.820859	0.406889	3.2837e-05
382	2.51383e-09	-0.21024	1.18758	0.00154625	-0.894009	-0.156784	0.000709075
383	2.51383e-09	1.1709	-0.151717	3.18561e-05	0.120769	0.909973	1.47424e-05
384	2.51383e-09	-0.704086	0.972353	0.00594148	-0.741517	-0.53268	-0.00213175
385	2.51383e-09	1.10064	-0.431808	-0.000890597	0.330861	0.858642	0.0005036
386	2.51383e-09	-1.10849	-0.440298	-0.00115932	0.340377	-0.851141	-0.00100274
387	2.51383e-09	-0.16651	1.1911	0.000164153	-0.902099	-0.125376	0.00315012
388	2.51383e-09	-1.00369	-0.657416	1.83612e-05	0.494812	-0.767946	-0.000987038
389	2.51383e-09	-1.10758	-0.406363	0.000157636	0.3145	-0.866823	-0.00365571
390	2.51383e-09	-0.156856	1.16974	-0.0031812	-0.914361	-0.12234	0.00129197
391	2.51383e-09	0.693719	0.995967	0.0013141	-0.741815	0.520358	-0.00151098
392	2.51383e-09	-0.788587	-0.90692	-0.000866623	0.687083	-0.598666	0.00466562
393	2.51383e-09	-0.863255	0.843735	-0.000227581	-0.632137	-0.656411	0.000883074
394	2.51383e-09	-1.13043	0.410768	0.00187981	-0.311306	-0.855245	0.00113019
395	2.51383e-09	0.947808	-0.735819	0.00143585	0.558009	0.721122	-5.43448e-05
396	2.51383e-09	0.97719	-0.714998	-5.50804e-05	0.543784	0.729203	0.00049301
397	2.51383e-09	0.831968	-0.861274	-0.0013555	0.6578	0.635552	-0.00219699
398	2.51383e-09	0.245442	1.1796	-0.000554172	-0.891887	0.184361	-0.000782503
399	2.51383e-09	0.732151	0.949155	-0.00270135	-0.724387	0.557222	-0.000626473
400	2.51383e-09	-1.19962	-0.0481139	0.000314545	0.0443833	-0.911739	-0.000942524
