6.761999e+03
401
0	1	0.00031246	0.00019389	-2.85285e-07	-1.25112e-08	1.59698e-09	-8.12202e-11
1	2.51383e-09	0.351932	-0.942235	0.00107588	0.937029	0.347074	0.0017513
2	2.51383e-09	1.00514	-0.0809724	-5.89536e-05	0.082987	0.990457	-1.95421e-05
3	2.51383e-09	-0.521702	-0.849001	-0.000715109	0.855592	-0.520942	-0.00125886
4	2.51383e-09	-0.7992	0.614614	0.000484397	-0.604808	-0.790264	-0.00178648
5	2.51383e-09	0.00382584	0.99785	0.000237622	-1.00095	0.00190441	0.000891765
6	2.51383e-09	0.704791	-0.722443	0.000495839	0.71334	0.693775	0.00145531
7	2.51383e-09	-0.421381	-0.904603	0.0002963	0.907911	-0.42616	0.00201967
8	2.51383e-09	-0.982622	-0.172492	0.00131722	0.176264	-0.985585	-0.000495457
9	2.51383e-09	0.527594	0.854307	-0.00126911	-0.849046	0.526097	-0.000330316
10	2.51383e-09	-0.253458	-0.977768	-0.000238835	0.961644	-0.252886	-0.000676647
11	2.51383e-09	-0.871232	0.486708	-0.000229924	-0.489515	-0.872126	0.000496864
12	2.51383e-09	-0.138734	1.00408	0.000959907	-0.983243	-0.139081	0.000764645
13	2.51383e-09	-1.00201	0.120266	-0.00220902	-0.119795	-0.986673	0.00144753
14	2.51383e-09	1.01161	-0.0234719	0.00284344	0.0238815	0.993694	0.000801308
15	2.51383e-09	0.764649	-0.640108	0.0011663	0.648333	0.766428	0.00105297
16	2.51383e-09	0.612615	-0.79435	-0.000255163	0.786564	0.610186	-0.00184852
17	2.51383e-09	-0.794538	0.61247	-0.000317451	-0.610021	-0.794425	0.00216551
18	2.51383e-09	0.51125	0.886526	-0.000758222	-0.858686	0.487999	-0.000538483
19	2.51383e-09	0.883351	-0.49729	0.000944355	0.480879	0.87129	-0.00112245
20	2.51383e-09	0.846642	0.582421	0.00209826	-0.560297	0.812372	-0.00242019
21	2.51383e-09	0.351489	-0.93858	0.00292827	0.93521	0.353319	-0.001895
22	2.51383e-09	0.571608	-0.845701	0.000594375	0.818011	0.557246	0.00214319
23	2.51383e-09	-1.009	-0.115403	-0.00251552	0.119139	-0.984905	0.000474893
24	2.51383e-09	0.955521	0.313733	0.000511543	-0.315319	0.950122	-0.00134744
25	2.51383e-09	1.00123	0.184442	0.0011602	-0.182937	0.974193	-0.000397866
26	2.51383e-09	1.01303	-0.00426951	-0.00186565	0.00427105	0.996373	-0.00143239
27	2.51383e-09	-0.983208	-0.173763	-0.00109192	0.178084	-0.986136	-0.000259399
28	2.51383e-09	1.01289	-0.0333148	-0.000608356	0.0344718	0.990903	-0.00124906
29	2.51383e-09	-0.804331	-0.609376	0.00179059	0.60179	-0.794658	-0.00200925
30	2.51383e-09	0.803056	-0.618825	8.98834e-05	0.609104	0.783631	-0.00131307
31	2.51383e-09	1.00791	-0.00348175	0.00105204	0.00235029	0.997753	-0.00275474
32	2.51383e-09	0.0103667	1.00022	0.00338599	-1.0018	0.0120963	0.00283235
33	2.51383e-09	0.76914	0.696165	0.00169694	-0.654407	0.726516	0.000119661
34	2.51383e-09	0.131826	-1.02436	-0.00193533	0.976786	0.124845	0.00170498
35	2.51383e-09	-1.01906	-0.079263	0.00305673	0.0746034	-0.984886	3.02974e-05
36	2.51383e-09	0.565772	0.843301	-0.000362383	-0.820402	0.557492	0.00240229
37	2.51383e-09	0.400491	-0.93626	0.00316423	0.9104	0.392155	0.00233856
38	2.51383e-09	1.0004	0.0660771	0.000786195	-0.0676736	0.995836	0.0033105
39	2.51383e-09	0.641086	0.776544	0.000796141	-0.774081	0.631583	0.000833834
40	2.51383e-09	-0.227379	0.984568	-8.12888e-05	-0.971132	-0.228893	0.000443965
41	2.51383e-09	1.00518	0.124686	-0.00235957	-0.12294	0.987264	-0.00214314
42	2.51383e-09	-0.443774	-0.928647	0.00159795	0.889039	-0.427462	-0.00143349
43	2.51383e-09	0.889127	-0.498703	-0.00277963	0.484693	0.859964	0.000896804
44	2.51383e-09	-0.356801	0.978123	0.0020254	-0.918173	-0.3352	-0.00109305
45	2.51383e-09	0.634966	0.810351	0.00162693	-0.774449	0.606736	-0.0013921
46	2.51383e-09	-0.487421	0.899998	0.000246593	-0.869427	-0.467651	0.000302838
47	2.51383e-09	-0.486018	-0.895036	-0.00101943	0.867881	-0.476209	-0.00101698
48	2.51383e-09	0.466044	-0.910359	-0.00137641	0.880508	0.45339	-0.000340162
49	2.51383e-09	-0.459959	-0.896491	-0.000798977	0.887678	-0.453031	-0.00240721
50	2.51383e-09	-0.677173	0.780281	-0.00122933	-0.74371	-0.64107	-0.001574
51	2.51383e-09	1.00949	0.0438309	0.000997258	-0.0420022	0.99417	0.000722744
52	2.51383e-09	-0.812453	0.645026	0.000224847	-0.609368	-0.767178	-0.000782535
53	2.51383e-09	-0.628052	0.806845	-0.0022154	-0.779927	-0.611272	-0.000127998
54	2.51383e-09	0.274054	-0.990046	-0.000860315	0.951104	0.262407	0.00193864
55	2.51383e-09	-0.642386	0.808887	-0.00199226	-0.772319	-0.612668	0.000635797
56	2.51383e-09	-0.0174435	-1.02668	0.00136233	0.983951	-0.0181553	0.000498852
57	2.51383e-09	-0.488451	-0.92892	7.86379e-05	0.861285	-0.456688	0.0020355
58	2.51383e-09	0.718751	0.753485	-0.00288949	-0.710237	0.678311	-0.000484272
59	2.51383e-09	0.337511	-0.975875	0.00213002	0.927193	0.319867	-0.00316255
60	2.51383e-09	-0.763417	-0.683309	-0.00138084	0.65898	-0.735972	-8.17488e-05
61	2.51383e-09	1.03077	0.0117517	0.00205634	-0.0101454	0.987385	-0.00303641
62	2.51383e-09	-0.69989	0.755578	6.71072e-05	-0.722739	-0.668813	0.00167192
63	2.51383e-09	1.01182	-0.187968	0.00016194	0.186026	0.967705	-0.00111967
64	2.51383e-09	-0.270118	-0.989644	0.000798768	0.953901	-0.266582	-0.00143926
65	2.51383e-09	-0.163732	1.01753	-0.00146181	-0.972687	-0.156056	0.00250956
66	2.51383e-09	0.779245	0.651332	-0.00255311	-0.633947	0.768748	0.00206251
67	2.51383e-09	-0.751897	-0.735123	0.000866507	0.678905	-0.696168	-0.000371179
68	2.51383e-09	0.473671	0.913712	0.00152088	-0.876559	0.45164	0.000590591
69	2.51383e-09	0.214462	1.01761	0.00174439	-0.958629	0.205981	0.00344617
70	2.51383e-09	-0.77517	-0.676554	3.10912e-05	0.649734	-0.741055	0.000250231
71	2.51383e-09	-0.209165	-1.01026	-0.00360177	0.966451	-0.199036	-0.00141885
72	2.51383e-09	-1.05443	0.0465152	-6.43865e-05	-0.0448021	-0.972716	-0.00105602
73	2.51383e-09	1.01414	-0.209445	-0.000958266	0.199415	0.961117	0.000837393
74	2.51383e-09	-0.859977	0.617783	-0.00335072	-0.565323	-0.788073	3.00101e-05
75	2.51383e-09	-0.508782	0.906365	-0.000845587	-0.856387	-0.48177	-0.00100806
76	2.51383e-09	0.726489	0.764203	0.00234762	-0.702353	0.671367	-0.00205391
77	2.51383e-09	-1.05832	-0.0570358	-0.000759069	0.0542274	-0.971582	0.000615469
78	2.51383e-09	0.512918	0.906346	-0.00118405	-0.849748	0.491484	0.00118343
79	2.51383e-09	0.277455	-1.00074	-0.00386358	0.942642	0.265875	0.00154401
80	2.51383e-09	-0.868607	-0.578164	-0.00041394	0.542237	-0.815063	0.00253457
81	2.51383e-09	0.834807	-0.616885	0.00319739	0.585484	0.788085	-0.000541846
82	2.51383e-09	0.635659	0.841153	3.62271e-05	-0.780196	0.581481	0.000587395
83	2.51383e-09	-0.876858	0.545223	0.000938162	-0.519812	-0.837435	0.000382036
84	2.51383e-09	-0.334064	-0.995209	0.00100295	0.923324	-0.312143	0.00105244
85	2.51383e-09	0.515705	-0.887845	-0.000553936	0.853341	0.494578	-0.00172118
86	2.51383e-09	-1.0372	0.137581	-0.000687518	-0.126839	-0.967605	-0.000732817
87	2.51383e-09	0.65974	-0.812055	-0.000671388	0.755726	0.618342	-0.00028901
88	2.51383e-09	0.914136	-0.483653	0.00314332	0.460699	0.87031	-0.000172035
89	2.51383e-09	0.363841	0.99028	-0.00333707	-0.912768	0.339604	-0.000447625
90	2.51383e-09	-0.0350706	1.05491	-0.0033262	-0.970435	-0.0319884	-0.00202551
91	2.51383e-09	-0.758989	-0.695977	0.00333836	0.663688	-0.72964	-0.00297801
92	2.51383e-09	-0.977617	0.39508	-0.000139649	-0.366095	-0.901912	0.00114877
93	2.51383e-09	-1.01047	-0.330191	-0.00110799	0.298016	-0.921051	0.000460995
94	2.51383e-09	0.350959	-0.980308	-0.00200047	0.921882	0.328435	0.00260144
95	2.51383e-09	0.178485	1.02631	0.000451844	-0.96388	0.164233	0.000781317
96	2.51383e-09	-1.0358	0.225856	0.000248518	-0.206165	-0.946922	-0.00283382
97	2.51383e-09	0.350189	1.00253	0.000117992	-0.912915	0.318951	0.00237715
98	2.51383e-09	-0.126941	-1.05545	-0.00159513	0.959958	-0.114986	7.1614e-08
99	2.51383e-09	-0.954381	-0.465876	0.000972629	0.430592	-0.873096	0.000847462
100	2.51383e-09	1.00257	-0.336012	-0.00248823	0.30403	0.922804	-0.00179565
101	2.51383e-09	-0.972453	-0.358824	-0.0027015	0.340752	-0.919718	-9.67035e-05
102	2.51383e-09	-0.777418	0.67508	0.00104085	-0.642173	-0.747063	0.000800895
103	2.51383e-09	-0.165232	1.0372	0.00100965	-0.96413	-0.154459	0.00290554
104	2.51383e-09	-0.283478	-1.01292	-0.000890722	0.936149	-0.267553	-5.38189e-05
105	2.51383e-09	-0.295903	0.999711	0.00139287	-0.93675	-0.28131	-0.00129198
106	2.51383e-09	0.563139	-0.883944	-0.000960342	0.824465	0.522545	-0.00018415
107	2.51383e-09	-0.213165	1.03657	0.00132325	-0.952759	-0.193348	-0.00201375
108	2.51383e-09	0.953639	0.47143	-0.00279193	-0.430121	0.871009	0.000991601
109	2.51383e-09	0.29305	-1.02505	0.00197507	0.928713	0.266163	0.000315181
110	2.51383e-09	0.297452	1.00815	0.000896765	-0.937376	0.273155	-0.000520429
111	2.51383e-09	-0.591582	0.877812	-0.000337798	-0.804991	-0.54818	0.00131483
112	2.51383e-09	0.515853	-0.930324	-0.000277869	0.85119	0.464613	-0.000111586
113	2.51383e-09	0.0174583	-1.05489	0.00075132	0.975396	0.015942	-0.00137698
114	2.51383e-09	-0.394715	-0.973757	0.00137628	0.904673	-0.363545	-0.00147061
115	2.51383e-09	0.157276	1.05418	0.00268476	-0.961968	0.141612	-0.00182988
116	2.51383e-09	-1.04466	-0.063607	4.18027e-05	0.0566361	-0.976593	0.000966754
117	2.51383e-09	1.01273	-0.318399	2.88028e-05	0.293977	0.925112	0.000322838
118	2.51383e-09	-1.03476	-0.211338	0.00125259	0.192697	-0.953815	0.00093134
119	2.51383e-09	-0.970495	-0.389703	-0.00148352	0.35694	-0.909419	-0.00303401
120	2.51383e-09	-0.912898	-0.51379	0.00167641	0.476683	-0.854524	0.000902443
121	2.51383e-09	-1.04553	0.233079	0.00237117	-0.210351	-0.939422	0.00116008
122	2.51383e-09	0.387962	0.999263	-0.00225997	-0.900716	0.351245	-0.00144703
123	2.51383e-09	-0.114215	-1.03016	0.00121271	0.978594	-0.113648	0.00113349
124	2.51383e-09	-0.974812	0.455241	0.00127624	-0.40999	-0.87282	0.00202192
125	2.51383e-09	-0.503574	0.923523	0.00138372	-0.857855	-0.463305	0.00218706
126	2.51383e-09	-1.04839	-0.201095	-0.00132635	0.178893	-0.947702	0.000444077
127	2.51383e-09	-0.946563	0.481019	-0.00021809	-0.436812	-0.86465	-0.000885611
128	2.51383e-09	0.0903434	1.06989	-0.0025613	-0.960209	0.0789717	-0.00107081
129	2.51383e-09	0.806999	-0.672162	0.00135013	0.624985	0.752325	-0.00127697
130	2.51383e-09	0.907487	-0.546947	-0.00154806	0.499082	0.834837	0.000272095
131	2.51383e-09	1.07797	-0.0736119	0.00213409	0.0600228	0.960512	2.46998e-06
132	2.51383e-09	0.50824	0.948859	-0.00133355	-0.849684	0.453335	0.0006516
133	2.51383e-09	0.868021	0.618852	0.00277151	-0.566197	0.785879	0.00147492
134	2.51383e-09	-0.977072	-0.386615	-0.00181585	0.360065	-0.905946	-0.000482839
135	2.51383e-09	-0.0875148	-1.05608	0.00080583	0.966218	-0.0803092	0.00212896
136	2.51383e-09	-0.854204	0.660794	-0.000767285	-0.586033	-0.763291	0.000498352
137	2.51383e-09	0.268755	1.03057	0.0013428	-0.93614	0.245605	0.00332872
138	2.51383e-09	-0.0260369	-1.06603	-0.000294725	0.967241	-0.0202654	0.000190841
139	2.51383e-09	0.317935	1.01658	0.00204911	-0.926678	0.288057	0.00255228
140	2.51383e-09	-1.08103	-0.0514801	0.000936287	0.0463741	-0.960106	-0.00151571
141	2.51383e-09	-0.391375	-0.994593	-0.000812128	0.900925	-0.350954	0.00294445
142	2.51383e-09	1.04646	-0.242796	0.000818556	0.224371	0.93941	0.00259083
143	2.51383e-09	0.743237	0.776041	-0.00317888	-0.696119	0.665698	0.00157461
144	2.51383e-09	0.343491	1.02655	0.00175057	-0.912406	0.309275	0.000935518
145	2.51383e-09	0.974336	-0.39411	0.00147378	0.368098	0.906071	1.52885e-05
146	2.51383e-09	-1.01443	-0.446701	0.00259443	0.381665	-0.867759	-0.00284422
147	2.51383e-09	-0.909483	0.584135	-0.0029194	-0.520788	-0.808926	0.000762769
148	2.51383e-09	-0.707239	0.833283	-0.000579432	-0.72861	-0.615349	-0.000316697
149	2.51383e-09	-0.513777	0.930536	-0.00176613	-0.844671	-0.477649	0.000152484
150	2.51383e-09	0.696922	0.836029	-0.000755003	-0.736092	0.607874	-0.000557008
151	2.51383e-09	-1.07381	-0.0543632	0.000581696	0.0519045	-0.962588	-0.000661864
152	2.51383e-09	-1.06207	-0.0489927	0.000682593	0.0543455	-0.972873	2.95089e-05
153	2.51383e-09	-0.999268	-0.443292	-0.000377025	0.38291	-0.87531	0.000393143
154	2.51383e-09	-0.221798	1.0775	-0.000447656	-0.935689	-0.186635	0.00194082
155	2.51383e-09	1.01046	0.392535	0.00321397	-0.350475	0.892109	-0.000342257
156	2.51383e-09	-1.06358	-0.245281	0.00137203	0.219709	-0.930153	-0.00208819
157	2.51383e-09	1.01291	-0.335205	-0.00062769	0.305473	0.918953	-0.00119408
158	2.51383e-09	0.440878	1.00041	-0.00448801	-0.873977	0.38408	-0.00121103
159	2.51383e-09	-0.103375	-1.06978	0.000551906	0.958193	-0.0969093	-0.000147157
160	2.51383e-09	-0.130514	1.07027	-0.000514357	-0.954563	-0.119747	-0.00268585
161	2.51383e-09	0.17784	-1.07674	0.00293896	0.943621	0.156153	0.00101217
162	2.51383e-09	0.643439	-0.873118	-0.00295903	0.774972	0.567107	5.77288e-05
163	2.51383e-09	0.976621	0.481578	0.000379877	-0.427573	0.857014	0.00101179
164	2.51383e-09	0.446032	0.970358	0.000671488	-0.877864	0.408737	0.00212388
165	2.51383e-09	-1.02379	-0.407052	-6.17576e-06	0.349354	-0.884724	-0.00193353
166	2.51383e-09	0.819103	0.714393	-0.00114058	-0.632047	0.720401	0.000969263
167	2.51383e-09	-0.690321	-0.809852	-0.00164846	0.736268	-0.634821	-0.00397716
168	2.51383e-09	0.272443	-1.04866	0.00243743	0.931456	0.238887	-0.000432116
169	2.51383e-09	-1.06801	-0.210659	-0.00136627	0.185557	-0.937828	-0.000502131
170	2.51383e-09	0.335074	-1.03352	-0.00127182	0.912648	0.299192	0.00384581
171	2.51383e-09	0.41305	-1.01664	-0.00285142	0.882955	0.358157	-0.00123805
172	2.51383e-09	0.0168323	-1.11155	-0.00200229	0.948531	0.00926187	-0.00209455
173	2.51383e-09	1.06279	-0.298773	0.000820733	0.260316	0.91485	-6.13513e-05
174	2.51383e-09	-0.0166842	1.10422	-0.00280872	-0.950157	-0.0193377	0.000552783
175	2.51383e-09	-0.187328	-1.07262	-1.96126e-05	0.946119	-0.165538	0.00171215
176	2.51383e-09	0.0520731	1.07788	0.00144324	-0.96079	0.0443715	0.000878342
177	2.51383e-09	1.05412	-0.34174	-0.00224217	0.294285	0.903814	-0.00104059
178	2.51383e-09	-1.04331	-0.25567	-0.000417017	0.233429	-0.936659	0.000985803
179	2.51383e-09	-1.0948	0.0352907	-0.00370904	-0.0333725	-0.955697	-0.00181757
180	2.51383e-09	-1.06411	0.220279	0.00245392	-0.19693	-0.937207	0.00115249
181	2.51383e-09	1.08497	-0.165185	0.00127096	0.14147	0.945875	0.00114581
182	2.51383e-09	-0.362016	1.0316	-0.000695354	-0.9019	-0.316569	-0.00170079
183	2.51383e-09	-0.0515393	-1.10128	-0.000573742	0.949813	-0.044479	0.00150237
184	2.51383e-09	1.09842	-0.092555	-0.00101	0.0783272	0.952036	0.000239182
185	2.51383e-09	1.00104	-0.441882	-0.00145127	0.38661	0.872712	-0.000447939
186	2.51383e-09	-0.517944	-0.951936	-0.00143227	0.838149	-0.466505	0.000911242
187	2.51383e-09	0.900143	0.572924	-0.0016085	-0.518207	0.819233	0.00106247
188	2.51383e-09	-0.863121	-0.691339	0.00155942	0.595918	-0.739623	0.000384269
189	2.51383e-09	1.08295	0.176139	-0.00141064	-0.152906	0.941435	0.000603569
190	2.51383e-09	0.0129418	1.09433	0.00187737	-0.959772	0.0111682	-0.00103391
191	2.51383e-09	0.589373	-0.922273	-0.00315124	0.803739	0.515162	-0.000184947
192	2.51383e-09	0.187353	1.08524	0.000675262	-0.937824	0.164471	0.00077041
193	2.51383e-09	-0.933202	-0.595737	0.00240165	0.509307	-0.799432	-0.00191996
194	2.51383e-09	0.937067	0.622478	0.0011058	-0.522038	0.785117	-0.000299324
195	2.51383e-09	0.00236256	1.07977	-0.00149031	-0.96427	0.000928096	-3.7116e-05
196	2.51383e-09	1.04239	0.344588	0.00112993	-0.293686	0.905283	0.00337631
197	2.51383e-09	1.08765	-0.0968303	0.00201584	0.0812667	0.954445	-4.74117e-06
198	2.51383e-09	-0.344147	-1.05594	-0.00242872	0.902626	-0.290205	0.00144581
199	2.51383e-09	-1.08175	-0.162515	0.00215963	0.14471	-0.946672	0.000784378
200	2.51383e-09	0.504316	0.994887	-0.000315102	-0.844472	0.428678	-0.00129367
201	2.51383e-09	-0.802277	0.757076	-0.000158056	-0.653212	-0.693634	-0.00223118
202	2.51383e-09	-0.572933	-0.935845	0.00219909	0.809915	-0.501915	-0.000956332
203	2.51383e-09	0.619771	-0.890925	-0.00183205	0.787718	0.548911	0.000530432
204	2.51383e-09	-0.694602	0.857442	-0.000894796	-0.744076	-0.59609	0.00106982
205	2.51383e-09	0.118306	-1.12452	0.000699851	0.934257	0.0961416	-0.000777355
206	2.51383e-09	-0.566639	0.935448	-0.00273915	-0.818697	-0.492885	0.000625461
207	2.51383e-09	0.975135	0.539829	-7.4343e-05	-0.455732	0.829133	0.000753546
208	2.51383e-09	-0.957501	0.534727	-0.00211783	-0.464651	-0.834062	0.00029834
209	2.51383e-09	-1.06834	0.256943	-0.000771456	-0.224977	-0.928614	0.00229721
210	2.51383e-09	-1.08211	0.190029	-0.000190036	-0.166676	-0.940196	-0.00121837
211	2.51383e-09	0.723276	0.825801	-0.000465101	-0.718027	0.630754	-0.000336257
212	2.51383e-09	-0.958513	-0.575485	-0.00121066	0.484362	-0.809119	-0.00224561
213	2.51383e-09	-0.857163	0.697269	-0.00220976	-0.600182	-0.737518	0.00143833
214	2.51383e-09	0.402499	-1.01606	0.00164496	0.891634	0.351438	0.000386759
215	2.51383e-09	0.691849	-0.877161	0.00230053	0.740349	0.585383	-0.00121847
216	2.51383e-09	-0.499623	-0.989515	-3.03068e-05	0.850692	-0.430374	-0.00116172
217	2.51383e-09	0.76512	0.816194	0.00105419	-0.6897	0.648121	-4.16063e-05
218	2.51383e-09	0.891037	-0.601716	-0.00221778	0.536967	0.803291	0.00012127
219	2.51383e-09	0.745509	-0.837372	0.000283858	0.704308	0.630978	-0.000334161
220	2.51383e-09	-0.419459	-1.03283	0.000950698	0.878533	-0.354219	0.00204376
221	2.51383e-09	1.07009	0.242205	0.00326077	-0.213256	0.929452	0.000325572
222	2.51383e-09	-0.744925	0.833921	0.00306119	-0.702987	-0.629687	-0.000796743
223	2.51383e-09	1.0857	-0.243601	0.00176368	0.209097	0.923543	-0.000555739
224	2.51383e-09	-0.523484	-0.96503	-0.000331959	0.835778	-0.459763	0.00065897
225	2.51383e-09	-0.78429	0.78989	0.00098215	-0.675683	-0.666365	-0.00032708
226	2.51383e-09	-1.11948	0.0270796	0.00244898	-0.0221757	-0.945167	0.00102186
227	2.51383e-09	-0.370708	-1.05021	-0.0023166	0.890547	-0.314735	-0.000638144
228	2.51383e-09	-1.07831	0.298044	0.000356855	-0.247824	-0.911798	0.000774601
229	2.51383e-09	0.637717	-0.937426	-4.36381e-05	0.777226	0.523518	-0.0029256
230	2.51383e-09	-0.759762	0.854831	0.00183188	-0.694562	-0.623315	-0.000668133
231	2.51383e-09	0.759232	-0.831524	0.00330971	0.692598	0.642063	0.000539267
232	2.51383e-09	0.342657	-1.04558	-0.00146684	0.908799	0.291479	0.00103514
233	2.51383e-09	0.778762	0.807523	-0.00191784	-0.6798	0.650284	0.00185446
234	2.51383e-09	-1.08923	0.262487	-0.00186487	-0.221034	-0.918807	0.00167989
235	2.51383e-09	1.11478	0.116995	0.00281978	-0.0987442	0.937121	0.00281321
236	2.51383e-09	-0.606306	-0.954475	0.000499349	0.792587	-0.503561	0.000890649
237	2.51383e-09	0.982023	-0.501772	-0.000379006	0.430005	0.852294	-0.000686087
238	2.51383e-09	-1.09966	-0.31315	-0.000268501	0.263373	-0.896498	-0.000167789
239	2.51383e-09	-0.298075	-1.06672	0.00309368	0.916589	-0.253625	0.000149283
240	2.51383e-09	-0.621665	-0.937786	-0.00159831	0.78953	-0.515457	-0.000219986
241	2.51383e-09	-0.99026	0.505858	0.000321716	-0.433544	-0.846844	0.000274397
242	2.51383e-09	-1.13245	-0.244242	0.0015274	0.193258	-0.907559	0.00138761
243	2.51383e-09	-1.11623	0.0533425	-0.00136702	-0.0483488	-0.946238	0.00259161
244	2.51383e-09	1.06382	0.383711	-0.000851499	-0.319747	0.886373	-0.00261502
245	2.51383e-09	-1.09686	-0.219179	0.00459485	0.189076	-0.92677	0.000901502
246	2.51383e-09	1.02127	0.472297	-0.000951357	-0.394043	0.855551	0.0031335
247	2.51383e-09	0.941038	0.574009	-0.000378856	-0.500606	0.810342	0.00100398
248	2.51383e-09	1.11478	-0.104047	-0.00163679	0.0882652	0.941799	-0.0014649
249	2.51383e-09	-0.771102	-0.822692	0.00226246	0.689229	-0.638949	-0.000915775
250	2.51383e-09	-0.0626183	-1.12737	-0.00215954	0.939392	-0.0525914	0.000173461
251	2.51383e-09	-0.678754	-0.907171	-0.00184517	0.751388	-0.561702	-3.68994e-05
252	2.51383e-09	0.744632	0.838354	0.000156602	-0.705866	0.626723	-0.00121269
253	2.51383e-09	0.291721	-1.09611	0.00226769	0.910109	0.243319	-0.00214277
254	2.51383e-09	-1.0812	0.312212	0.001272	-0.260262	-0.904882	-0.00250574
255	2.51383e-09	0.936825	0.652756	0.000722273	-0.536422	0.766796	0.000996782
256	2.51383e-09	1.12062	0.242544	-0.00145836	-0.205423	0.912026	0.000521002
257	2.51383e-09	-0.976588	-0.562541	0.00157238	0.473262	-0.814467	0.00244979
258	2.51383e-09	0.746543	0.850328	-0.00186602	-0.708207	0.618155	0.00341463
259	2.51383e-09	0.0417336	-1.12269	-0.00128963	0.944731	0.0360911	-0.000204406
260	2.51383e-09	-0.0776383	-1.12991	0.00151941	0.935266	-0.0664586	0.00305863
261	2.51383e-09	0.557475	-1.00105	0.00336254	0.817387	0.452184	-1.05033e-05
262	2.51383e-09	0.963463	-0.548275	0.00428056	0.468868	0.829154	0.00308946
263	2.51383e-09	-1.01507	-0.521289	-0.00115767	0.423385	-0.832595	-0.00170568
264	2.51383e-09	0.0312464	-1.12339	-0.000517423	0.943683	0.0269635	-0.00105835
265	2.51383e-09	0.72925	-0.882066	0.0018713	0.717542	0.601222	-0.00149165
266	2.51383e-09	0.905969	0.683426	-0.00106187	-0.564466	0.750331	-0.000276983
267	2.51383e-09	-0.585997	0.957359	0.00038934	-0.803463	-0.498718	0.00191255
268	2.51383e-09	-0.0478973	-1.14039	0.000830137	0.932873	-0.0465972	-3.98294e-05
269	2.51383e-09	1.13887	0.093656	0.00226214	-0.0767873	0.934526	0.000141074
270	2.51383e-09	0.521604	1.00857	-0.000657097	-0.833824	0.43086	0.0010773
271	2.51383e-09	0.643055	-0.943834	0.000665477	0.774021	0.527542	0.000548863
272	2.51383e-09	0.970464	-0.595964	-0.00344491	0.490013	0.79874	-0.00119354
273	2.51383e-09	0.00127994	-1.13914	-0.00138351	0.936867	-0.00171589	0.0011779
274	2.51383e-09	1.04334	0.413803	-0.00238941	-0.354441	0.875144	-0.00033223
275	2.51383e-09	0.495196	1.0196	-0.00088933	-0.843752	0.413316	-0.00247092
276	2.51383e-09	-0.284244	-1.09704	-0.000246958	0.912531	-0.233508	0.000268543
277	2.51383e-09	0.673784	-0.906257	-0.0030384	0.758241	0.56601	-3.86117e-05
278	2.51383e-09	0.0423111	1.15294	-0.000744066	-0.929288	0.0370572	0.00147702
279	2.51383e-09	-0.229208	-1.1373	0.000992665	0.908734	-0.182087	-0.000715907
280	2.51383e-09	0.320192	-1.11667	0.000157782	0.892153	0.251423	0.000457306
281	2.51383e-09	-0.358448	-1.08091	0.00034937	0.887783	-0.29579	-0.000178674
282	2.51383e-09	-1.14657	-0.0397492	0.000524251	0.0336108	-0.933178	0.0026404
283	2.51383e-09	0.847427	0.765663	-0.00167563	-0.625044	0.692628	0.00041621
284	2.51383e-09	-0.827577	-0.810514	-0.000368608	0.647664	-0.66662	0.00183226
285	2.51383e-09	-0.0196929	1.14411	-0.000866165	-0.936724	-0.0161648	-0.00112944
286	2.51383e-09	0.873212	0.720237	0.00128249	-0.599194	0.723182	-0.000593103
287	2.51383e-09	-1.13459	-0.0179947	0.00156871	0.0190168	-0.939814	0.00114346
288	2.51383e-09	0.400613	-1.08497	0.002117	0.873363	0.323136	4.86467e-06
289	2.51383e-09	1.06662	0.442993	0.0014262	-0.356978	0.856768	0.002118
290	2.51383e-09	-0.791147	0.817643	0.00393937	-0.672733	-0.653012	-0.000263007
291	2.51383e-09	-0.432837	-1.04879	0.000909114	0.869043	-0.359516	0.00186854
292	2.51383e-09	-1.13978	0.095816	-0.00165467	-0.0797806	-0.931749	0.00112994
293	2.51383e-09	-0.849426	-0.769183	-0.00158732	0.627087	-0.689422	-0.00225908
294	2.51383e-09	1.02869	-0.556798	0.00572629	0.440955	0.812487	0.000801768
295	2.51383e-09	0.274219	1.10523	-0.000768602	-0.909757	0.221597	-0.0022541
296	2.51383e-09	1.13726	0.246225	-0.000706784	-0.19832	0.904582	-0.00109147
297	2.51383e-09	1.08834	0.34407	0.00161588	-0.283658	0.893653	-0.00032964
298	2.51383e-09	0.278408	-1.1125	-0.00169478	0.908845	0.226661	-0.00158575
299	2.51383e-09	0.281951	-1.13585	-0.00186017	0.897444	0.213681	-0.00112642
300	2.51383e-09	-1.10631	0.350739	0.0031683	-0.277203	-0.887395	0.00284532
301	2.51383e-09	0.0913192	1.15186	-0.00130617	-0.926617	0.0678903	-0.00176447
302	2.51383e-09	0.484193	1.06976	0.0045174	-0.835845	0.383025	-0.00208871
303	2.51383e-09	0.317842	1.11272	0.00305674	-0.8912	0.256736	-0.00030697
304	2.51383e-09	0.779869	-0.860365	-0.00171297	0.688733	0.621989	0.00146459
305	2.51383e-09	-1.12605	-0.20391	-0.00207138	0.164211	-0.920076	0.00112635
306	2.51383e-09	0.116889	-1.14688	-0.00129281	0.927256	0.0928905	0.00105154
307	2.51383e-09	-1.15087	0.000605719	-0.00129129	0.000357334	-0.932411	0.00140908
308	2.51383e-09	1.15688	-0.177421	-0.000805684	0.144269	0.913032	-0.000225685
309	2.51383e-09	-1.10806	-0.295509	0.000995616	0.241741	-0.902365	0.00116272
310	2.51383e-09	-0.193788	-1.14071	-0.000337327	0.915909	-0.151527	0.0018546
311	2.51383e-09	1.14583	-0.101623	-0.000457044	0.0801197	0.931047	0.0021367
312	2.51383e-09	0.932112	-0.697313	-0.00297518	0.553532	0.743865	0.000775246
313	2.51383e-09	-0.530338	1.02775	0.00381976	-0.826854	-0.422633	0.000164399
314	2.51383e-09	-0.552501	1.00785	0.00153499	-0.816511	-0.449951	-0.000890424
315	2.51383e-09	-1.15735	0.195668	-0.00197151	-0.156086	-0.908872	0.000292109
316	2.51383e-09	-1.0669	0.484072	0.00190034	-0.37927	-0.840491	-0.000227316
317	2.51383e-09	-1.12992	0.250467	0.00125711	-0.201451	-0.908728	0.00273369
318	2.51383e-09	0.351526	1.10294	0.00256024	-0.887452	0.2819	-0.000750681
319	2.51383e-09	0.875558	-0.771854	-0.0022432	0.614284	0.692573	-0.000639143
320	2.51383e-09	0.0710157	1.17522	-2.11348e-05	-0.921308	0.0569729	-0.000239095
321	2.51383e-09	-0.618569	-0.98164	0.000171979	0.788234	-0.492124	0.00057483
322	2.51383e-09	0.559681	-1.01638	-0.000863094	0.812219	0.446219	-0.000317852
323	2.51383e-09	0.840986	0.795958	-0.000695974	-0.644039	0.673498	3.16007e-05
324	2.51383e-09	1.05253	-0.534996	-0.00188538	0.416386	0.819973	-0.000655749
325	2.51383e-09	0.485925	-1.05008	-0.000273593	0.842519	0.394889	-0.001141
326	2.51383e-09	1.05329	0.524495	-0.00332676	-0.412043	0.823007	0.00179903
327	2.51383e-09	0.0895951	-1.17246	-0.0029499	0.919161	0.0721158	-0.00156003
328	2.51383e-09	0.313996	1.10853	-0.00125898	-0.89477	0.253004	-0.000293785
329	2.51383e-09	-0.182173	-1.17427	-0.000409472	0.904763	-0.148655	-0.000447378
330	2.51383e-09	0.239358	-1.13431	0.000839563	0.909202	0.18697	-0.000769897
331	2.51383e-09	0.473129	-1.05946	0.00341199	0.845934	0.380377	3.05465e-05
332	2.51383e-09	1.05033	-0.505269	0.000266517	0.402985	0.835415	-0.000461753
333	2.51383e-09	-1.1702	-0.152696	0.00157719	0.117425	-0.913648	-1.74405e-05
334	2.51383e-09	0.837388	-0.807206	0.000668272	0.642894	0.672524	-0.00133218
335	2.51383e-09	-1.15267	0.264861	2.10498e-05	-0.207601	-0.894826	0.000177162
336	2.51383e-09	1.09338	-0.424694	-0.000250279	0.333713	0.858792	-0.00133198
337	2.51383e-09	0.911711	0.748347	0.00302643	-0.58312	0.713953	0.000510736
338	2.51383e-09	0.823097	0.838361	0.000846699	-0.660149	0.645178	-0.00139082
339	2.51383e-09	1.03225	0.577559	0.00284716	-0.446783	0.806257	-0.00071576
340	2.51383e-09	1.10049	-0.442759	0.000312435	0.341095	0.850383	-0.00184353
341	2.51383e-09	-1.0763	-0.491946	-0.000636841	0.382352	-0.834852	0.00164407
342	2.51383e-09	1.15948	-0.157483	-0.000846884	0.127229	0.914881	-0.00125027
343	2.51383e-09	0.651145	0.96266	0.00155903	-0.768885	0.516487	-0.00172303
344	2.51383e-09	0.224835	-1.16639	9.65699e-05	0.898548	0.171892	0.000819828
345	2.51383e-09	0.592158	1.01245	-0.00267942	-0.796649	0.466225	-0.0017339
346	2.51383e-09	0.619269	-0.994766	0.0031884	0.781129	0.490668	-0.000961139
347	2.51383e-09	-0.953327	0.661939	-0.000249151	-0.528386	-0.768148	0.00134384
348	2.51383e-09	0.914831	0.745552	0.00115319	-0.576865	0.717852	0.00132631
349	2.51383e-09	1.15932	0.158906	0.00249952	-0.128557	0.916071	-0.000971601
350	2.51383e-09	-1.17531	0.0936144	0.000948395	-0.0698567	-0.917601	-0.00183928
351	2.51383e-09	-0.75256	0.927165	0.000534626	-0.710187	-0.574309	0.000139165
352	2.51383e-09	1.09608	-0.423328	0.0042787	0.334189	0.860469	0.000910506
353	2.51383e-09	-0.148927	-1.18934	0.00335023	0.905743	-0.118176	-0.00258784
354	2.51383e-09	0.31953	1.14221	-0.00339564	-0.883213	0.249826	-0.000518749
355	2.51383e-09	-0.159261	-1.14965	-0.0014366	0.918095	-0.126971	0.00292913
356	2.51383e-09	-1.17821	0.122386	-9.39966e-05	-0.0959499	-0.915677	-0.00147553
357	2.51383e-09	0.909492	-0.750322	-0.000525666	0.585904	0.709267	-0.00109345
358	2.51383e-09	0.941343	0.741022	-0.000387586	-0.567395	0.715373	0.00303468
359	2.51383e-09	-0.739479	-0.931472	0.00276612	0.716732	-0.573708	-0.00230576
360	2.51383e-09	-1.01778	0.580453	0.000279851	-0.458426	-0.801116	-0.00063131
361	2.51383e-09	-1.16876	0.0753615	-0.000565883	-0.0566342	-0.922076	-0.00205811
362	2.51383e-09	0.207001	-1.15561	-0.00238933	0.908633	0.161883	0.000453533
363	2.51383e-09	0.199757	1.17224	0.00145352	-0.900611	0.15708	-0.00107051
364	2.51383e-09	1.16609	0.0255145	-0.00106878	-0.0213946	0.926272	-0.000551253
365	2.51383e-09	-1.11149	0.438336	0.00307968	-0.33536	-0.851251	0.00042271
366	2.51383e-09	1.13092	0.349747	0.00257756	-0.271372	0.878523	0.000326977
367	2.51383e-09	-0.857174	0.837471	-0.00294069	-0.638356	-0.649721	-0.000806391
368	2.51383e-09	-0.866803	0.836634	-0.000690483	-0.631895	-0.654012	0.000642784
369	2.51383e-09	1.19745	-0.0402791	-0.000516305	0.0323109	0.913057	0.000770192
370	2.51383e-09	0.512704	-1.08186	0.0010932	0.823683	0.391696	1.64843e-05
371	2.51383e-09	0.97533	-0.716259	-0.00145269	0.538748	0.731298	9.23531e-05
372	2.51383e-09	1.09497	-0.467435	-0.000499792	0.360604	0.84469	-0.00245845
373	2.51383e-09	-1.07627	0.493578	-0.00228038	-0.380832	-0.83714	0.000895764
374	2.51383e-09	-1.19044	0.232598	-0.0031514	-0.174788	-0.888971	0.00139332
375	2.51383e-09	1.14444	0.339327	-8.41973e-05	-0.258992	0.87811	-0.000958357
376	2.51383e-09	1.0806	-0.486265	-0.00178222	0.37501	0.838725	0.00126192
377	2.51383e-09	-1.19075	-0.0321899	0.000365797	0.0199051	-0.915431	-0.00183887
378	2.51383e-09	0.524917	1.07783	0.00127095	-0.821801	0.396705	-0.00117168
379	2.51383e-09	1.17352	0.0468929	0.00159861	-0.0335913	0.925741	-0.0012022
380	2.51383e-09	-1.15928	0.222771	0.000362367	-0.176265	-0.905349	0.000104398
381	2.51383e-09	-1.18472	-0.109679	0.00145261	0.0862853	-0.911215	-0.000458107
382	2.51383e-09	-0.0757633	-1.19172	-0.000472971	0.91417	-0.0545073	-0.00198036
383	2.51383e-09	0.632846	0.996776	0.00133096	-0.778076	0.487637	0.000327044
384	2.51383e-09	-0.942264	-0.746169	0.0016798	0.561756	-0.718228	-0.00177823
385	2.51383e-09	0.429554	-1.1032	-0.000229171	0.857876	0.333409	-0.00110821
386	2.51383e-09	-1.11535	-0.44261	0.0031338	0.336247	-0.847787	-0.000152854
387	2.51383e-09	0.269005	-1.16815	0.00327521	0.890076	0.207517	-0.000908581
388	2.51383e-09	0.923501	-0.787315	-0.000277411	0.585702	0.689085	0.000548151
389	2.51383e-09	1.0091	0.632615	-0.00306164	-0.485988	0.774999	-0.000155949
390	2.51383e-09	-1.14604	-0.305811	-0.00262784	0.233773	-0.886667	0.0021444
391	2.51383e-09	-0.324198	-1.15668	-0.00229917	0.880449	-0.246651	0.000914504
392	2.51383e-09	0.0761044	-1.2032	0.000871757	0.90747	0.0570126	0.0044012
393	2.51383e-09	-1.00741	-0.655237	0.00176756	0.501613	-0.76488	-0.00202767
394	2.51383e-09	1.16703	0.276771	-0.00114558	-0.207985	0.89033	-0.00120016
395	2.51383e-09	0.400607	-1.13319	-0.000748219	0.859909	0.299987	-0.000750932
396	2.51383e-09	-1.20179	0.0926964	0.00118447	-0.0670574	-0.908287	-0.000264145
397	2.51383e-09	0.886733	-0.812213	0.000297397	0.614516	0.675063	-0.00262685
398	2.51383e-09	1.21227	0.00530346	0.00186685	0.000512351	0.90688	0.000473584
399	2.51383e-09	0.666216	-1.00326	0.00291878	0.757024	0.505143	0.000480927
400	2.51383e-09	-0.724889	-0.942406	-0.00331655	0.728094	-0.560984	0.000673618
