3.406000e+03
401
0	1	0.000157538	9.75462e-05	-1.43742e-07	1.15308e-07	8.39871e-08	-2.21867e-12
1	2.51383e-09	-0.662364	-0.74384	-0.000760246	0.75179	-0.665235	0.000315477
2	2.51383e-09	0.263233	0.976416	-0.000882251	-0.960251	0.257319	0.00102892
3	2.51383e-09	-0.985651	-0.164411	-0.000970686	0.164139	-0.987089	-0.000669262
4	2.51383e-09	0.158611	0.984526	0.000643663	-0.989601	0.159221	0.000516797
5	2.51383e-09	-0.728446	0.684723	0.000468241	-0.685777	-0.727587	0.000714399
6	2.51383e-09	0.902597	-0.450914	-0.00149945	0.445835	0.889721	-0.000519559
7	2.51383e-09	1.00091	0.103145	-0.00345452	-0.102788	0.990532	3.12456e-05
8	2.51383e-09	-0.875675	-0.482178	-0.000392333	0.485116	-0.874717	-0.000286275
9	2.51383e-09	0.884584	0.465023	0.000703328	-0.465918	0.88687	-0.000177894
10	2.51383e-09	-0.956043	-0.281412	0.000813668	0.282823	-0.962971	0.000417839
11	2.51383e-09	0.327057	0.949123	0.000405027	-0.943851	0.325508	-0.000503708
12	2.51383e-09	-0.974948	0.305015	3.76718e-05	-0.294012	-0.943583	8.52925e-05
13	2.51383e-09	0.68098	-0.746466	-0.0021104	0.735923	0.666836	0.0016755
14	2.51383e-09	0.871054	0.516659	0.0011412	-0.501238	0.85516	0.000421949
15	2.51383e-09	0.834672	-0.562693	-0.0013809	0.563379	0.821955	-0.000671098
16	2.51383e-09	-0.691877	-0.726585	-1.07514e-05	0.721811	-0.68961	0.000791587
17	2.51383e-09	-0.990769	-0.135671	-0.00128289	0.135111	-0.989825	0.000992205
18	2.51383e-09	0.708685	-0.728359	-0.000754006	0.711959	0.688655	0.00153979
19	2.51383e-09	0.0902146	1.00414	0.00175293	-0.994686	0.0898177	0.00018299
20	2.51383e-09	-0.202816	1.00995	0.00215583	-0.967602	-0.190554	0.000681656
21	2.51383e-09	-0.656311	-0.775139	-0.00187735	0.75454	-0.638749	-9.5086e-05
22	2.51383e-09	0.875783	-0.519034	0.000547326	0.503588	0.852562	-0.00145934
23	2.51383e-09	-0.316016	0.973658	-0.000154267	-0.936058	-0.3072	0.00265234
24	2.51383e-09	-0.628831	-0.802008	0.00120315	0.774484	-0.612539	-1.31755e-06
25	2.51383e-09	0.671307	-0.771768	-0.00243406	0.745969	0.647788	-0.00133526
26	2.51383e-09	0.679092	0.74682	0.00165748	-0.738238	0.670812	-0.000386129
27	2.51383e-09	-0.795954	0.611498	-0.000161044	-0.611627	-0.791743	0.00231243
28	2.51383e-09	0.464269	-0.905379	0.000415989	0.884361	0.448568	0.000206599
29	2.51383e-09	-0.340074	0.96457	0.00108899	-0.931931	-0.327665	-0.00127253
30	2.51383e-09	-0.740617	-0.683733	0.00150661	0.676427	-0.733076	0.00192092
31	2.51383e-09	-0.0484661	1.00691	0.000616223	-0.994163	-0.0464134	0.000548334
32	2.51383e-09	-0.829843	-0.571396	-0.000467965	0.565362	-0.820322	0.00112408
33	2.51383e-09	-0.257635	0.986503	0.00188659	-0.958155	-0.25376	-0.000555557
34	2.51383e-09	-0.743551	0.716758	-0.000756518	-0.684022	-0.707794	0.00106333
35	2.51383e-09	0.696964	0.752803	-1.85443e-05	-0.722055	0.669491	-0.00162628
36	2.51383e-09	1.01431	-0.0445456	0.00170049	0.0477343	0.991107	-0.00140205
37	2.51383e-09	0.0798296	1.01292	0.00224706	-0.98994	0.0829512	0.00206471
38	2.51383e-09	0.859393	0.522288	-0.000991308	-0.517759	0.852275	0.000966576
39	2.51383e-09	0.00731718	-1.00816	0.00109497	0.996479	0.0090664	-0.000796024
40	2.51383e-09	-1.00738	0.0249771	0.000226458	-0.0260851	-0.995737	0.0017948
41	2.51383e-09	-0.633458	-0.793522	-0.00155858	0.775138	-0.619179	0.00194924
42	2.51383e-09	-0.0893915	-1.02394	-0.00186588	0.982519	-0.0877342	-0.000407459
43	2.51383e-09	0.998357	-0.196035	0.000543239	0.188763	0.973382	-0.00215081
44	2.51383e-09	-0.795998	0.659708	-0.00131849	-0.622218	-0.758824	0.00191879
45	2.51383e-09	-0.510029	0.898386	-0.00174164	-0.852679	-0.487415	0.00168781
46	2.51383e-09	-0.711285	-0.734596	-0.00134856	0.711058	-0.688855	0.00161258
47	2.51383e-09	-1.00704	-0.182417	0.00135465	0.174385	-0.970822	0.000961152
48	2.51383e-09	-1.00993	0.15121	-0.000441353	-0.145104	-0.979332	-0.000396511
49	2.51383e-09	0.985437	0.287315	0.000563608	-0.273052	0.949746	-0.000229682
50	2.51383e-09	-0.98123	0.302198	0.00213442	-0.290179	-0.942318	0.00148878
51	2.51383e-09	0.108368	1.01121	-0.000313632	-0.985984	0.110307	-0.000670334
52	2.51383e-09	0.785259	0.668154	0.000128582	-0.638438	0.751088	0.00057061
53	2.51383e-09	0.751569	-0.689676	-0.00114229	0.670322	0.728624	-6.52107e-05
54	2.51383e-09	0.523482	-0.870297	-0.000431442	0.852213	0.506871	-0.000734913
55	2.51383e-09	0.170906	1.01811	-0.000393422	-0.971439	0.164837	5.03164e-05
56	2.51383e-09	0.817821	0.61909	6.33567e-05	-0.599156	0.784687	0.00302464
57	2.51383e-09	0.497372	0.905792	0.000349379	-0.862921	0.47527	0.0016686
58	2.51383e-09	-0.327698	-0.983726	-0.00140348	0.931441	-0.30978	-0.00168697
59	2.51383e-09	0.753783	-0.706191	0.000640965	0.666602	0.720184	0.00127265
60	2.51383e-09	-0.923794	-0.434028	-0.00109266	0.418104	-0.898372	0.00265244
61	2.51383e-09	-1.03309	0.157912	0.00177712	-0.148092	-0.964512	-0.00129619
62	2.51383e-09	-0.647556	-0.801149	8.60911e-05	0.766489	-0.61924	-0.00193273
63	2.51383e-09	-0.317221	0.97141	-0.00017167	-0.940175	-0.311444	-2.92618e-05
64	2.51383e-09	0.94281	-0.410623	0.00160171	0.395212	0.903452	-0.00108667
65	2.51383e-09	-0.740875	0.721377	-0.00131887	-0.683541	-0.705903	-0.00206636
66	2.51383e-09	0.352548	-0.964202	0.00174901	0.925464	0.34425	0.00209505
67	2.51383e-09	0.368139	-0.972471	-2.62994e-05	0.916873	0.347161	0.00226196
68	2.51383e-09	0.0639595	-1.02743	0.000253725	0.983251	0.065746	-0.00133309
69	2.51383e-09	-0.514082	-0.890615	-0.0017189	0.85334	-0.494889	-0.000227146
70	2.51383e-09	1.02792	-0.0635451	-0.00283932	0.0619101	0.984358	0.00165201
71	2.51383e-09	0.087731	1.03455	-0.00124633	-0.977855	0.0812605	-0.00138388
72	2.51383e-09	-0.95368	0.427007	0.000821203	-0.405099	-0.892189	0.00160846
73	2.51383e-09	0.294694	0.993544	-0.00163219	-0.942428	0.276537	-0.000886264
74	2.51383e-09	1.03865	0.0800881	0.00145818	-0.0682037	0.978892	-0.000657443
75	2.51383e-09	-1.0318	-0.00935695	-0.000749729	0.00751958	-0.985988	1.71754e-05
76	2.51383e-09	-0.812019	0.663183	-0.000199179	-0.616387	-0.758069	0.000167685
77	2.51383e-09	-0.114416	1.05023	0.00116357	-0.966434	-0.105336	-0.000442094
78	2.51383e-09	0.930415	-0.459966	-0.000496549	0.43762	0.881669	-6.4655e-05
79	2.51383e-09	0.558219	-0.87291	0.00171069	0.824386	0.530844	-0.00213499
80	2.51383e-09	-0.483272	0.925295	0.000491032	-0.867036	-0.455285	-0.000753996
81	2.51383e-09	0.583525	0.86535	0.000640726	-0.811388	0.548839	0.000570771
82	2.51383e-09	-0.954664	0.422888	6.42267e-05	-0.397733	-0.896771	-0.000586835
83	2.51383e-09	-1.01329	-0.21918	-0.00194889	0.20538	-0.961781	0.00090898
84	2.51383e-09	0.641374	-0.828686	0.00119124	0.770296	0.599072	-0.00034072
85	2.51383e-09	-0.619156	0.817224	0.000716569	-0.78788	-0.598103	-0.000726901
86	2.51383e-09	-0.268575	-1.00953	0.00107897	0.946366	-0.249014	-0.000448853
87	2.51383e-09	-0.928987	-0.47412	0.00114508	0.442019	-0.87011	-0.000490706
88	2.51383e-09	0.531632	-0.886503	-0.000742771	0.843146	0.506625	0.00220992
89	2.51383e-09	-0.569449	-0.893119	1.36087e-05	0.818631	-0.524313	0.0010539
90	2.51383e-09	-0.859332	-0.596828	-0.00194162	0.556376	-0.803663	0.000311096
91	2.51383e-09	-1.04236	-0.0980757	-0.00049243	0.0926626	-0.970371	-0.000145311
92	2.51383e-09	0.266574	1.01842	0.000211712	-0.94169	0.24848	0.00154623
93	2.51383e-09	1.03544	-0.210671	-0.00265542	0.191164	0.953619	-0.000587176
94	2.51383e-09	1.02973	0.157421	-0.00179333	-0.150116	0.969462	-0.000117719
95	2.51383e-09	1.02335	-0.216526	0.00172724	0.201194	0.954375	-6.75514e-05
96	2.51383e-09	0.153122	-1.04331	0.000754254	0.961026	0.142793	0.000827354
97	2.51383e-09	-0.929517	0.487108	-0.00392943	-0.449183	-0.868268	0.000799207
98	2.51383e-09	-0.96759	0.435499	0.00105538	-0.396104	-0.884751	0.00198336
99	2.51383e-09	0.608181	-0.867798	0.00107112	0.798539	0.555	-2.26977e-05
100	2.51383e-09	1.03592	0.149162	0.000752143	-0.142134	0.968944	0.00115984
101	2.51383e-09	0.96075	-0.377172	0.000306643	0.361449	0.916238	-0.00148962
102	2.51383e-09	0.504025	0.910996	-0.00109767	-0.854031	0.477715	-0.00192834
103	2.51383e-09	0.742087	0.752759	0.00158029	-0.693402	0.679375	-0.000310869
104	2.51383e-09	0.88993	-0.568757	0.00130676	0.520334	0.821092	-0.000810326
105	2.51383e-09	1.01802	0.281889	0.000291237	-0.25538	0.936258	-0.000888942
106	2.51383e-09	-0.513865	-0.914351	0.000715937	0.850318	-0.480014	-0.00187584
107	2.51383e-09	0.597931	0.877112	-0.000828215	-0.799076	0.546319	0.00158812
108	2.51383e-09	-0.619459	-0.868419	-0.00194513	0.787086	-0.562798	-1.5446e-05
109	2.51383e-09	0.687813	-0.803912	-0.00206537	0.736873	0.634708	0.000172053
110	2.51383e-09	-0.651843	-0.83399	-0.000774034	0.763944	-0.598115	-0.000755746
111	2.51383e-09	0.153968	-1.05902	0.000357756	0.956382	0.138917	0.000361028
112	2.51383e-09	0.970419	0.431217	-0.000499609	-0.392245	0.885773	-0.000475151
113	2.51383e-09	0.437505	0.962556	0.00128371	-0.886715	0.401041	-0.000984817
114	2.51383e-09	-0.981644	0.38198	0.001645	-0.352674	-0.907752	-0.0014456
115	2.51383e-09	-0.553292	0.903321	0.00195101	-0.828324	-0.511501	0.00106245
116	2.51383e-09	0.150296	-1.03875	0.00129193	0.967401	0.14123	-0.000203054
117	2.51383e-09	1.06212	-0.0597088	0.00218812	0.0558979	0.967212	0.000192439
118	2.51383e-09	0.890366	0.588625	0.00015882	-0.532308	0.807478	-0.00219327
119	2.51383e-09	-1.04875	-0.0560772	-0.000591095	0.0489846	-0.973883	0.00194169
120	2.51383e-09	-1.01384	0.278588	0.00152682	-0.256765	-0.940728	-0.00250853
121	2.51383e-09	0.78141	0.724154	-0.00134759	-0.661042	0.708852	0.000760004
122	2.51383e-09	0.790601	-0.72029	-0.000534453	0.653909	0.712915	-0.0017508
123	2.51383e-09	-0.986759	-0.333142	-7.02059e-05	0.313644	-0.931334	-0.00195353
124	2.51383e-09	-0.311688	1.02459	-0.00172103	-0.927326	-0.284267	-0.00198957
125	2.51383e-09	-1.03946	0.17803	-0.000575991	-0.166418	-0.959981	-0.000887292
126	2.51383e-09	0.725242	0.766093	-0.00113495	-0.706872	0.67409	0.00076678
127	2.51383e-09	-1.06405	-0.0116845	0.00288683	0.0114895	-0.968011	-0.000640917
128	2.51383e-09	0.962684	0.463526	0.000397451	-0.417764	0.871159	0.000497665
129	2.51383e-09	-0.3922	-0.98464	-0.0024404	0.904592	-0.354268	0.000204283
130	2.51383e-09	-0.0651226	1.05336	0.000373244	-0.971818	-0.0573383	-0.000746598
131	2.51383e-09	0.0860115	-1.07173	0.000262098	0.960771	0.0776255	-0.00270723
132	2.51383e-09	0.406473	0.997161	0.000813592	-0.889875	0.367414	0.00129898
133	2.51383e-09	0.886553	-0.581519	-0.00144717	0.531553	0.813783	-0.00268935
134	2.51383e-09	-1.03588	0.250588	-0.00129326	-0.223468	-0.940596	0.000769675
135	2.51383e-09	-0.543465	0.926249	-0.0013819	-0.830325	-0.487473	-0.00178047
136	2.51383e-09	1.01256	-0.363508	0.00175716	0.325265	0.906931	0.00179518
137	2.51383e-09	0.788454	0.715066	-0.00181011	-0.650335	0.718545	-0.00200955
138	2.51383e-09	-0.0317234	-1.06854	-0.00127967	0.967038	-0.0290565	0.00186109
139	2.51383e-09	0.452989	-0.967968	0.00110173	0.875335	0.41157	-0.000507732
140	2.51383e-09	-1.08245	0.000134978	-0.000233722	0.00327977	-0.9614	-0.000667251
141	2.51383e-09	-0.170888	-1.0642	-0.000669148	0.948792	-0.150289	-0.00231549
142	2.51383e-09	0.517385	0.950359	-0.0016813	-0.841405	0.458225	-6.59018e-05
143	2.51383e-09	0.862456	-0.629176	-0.00109829	0.571331	0.781723	-0.000268517
144	2.51383e-09	-0.535341	0.947393	-0.0013169	-0.835382	-0.468355	0.00133962
145	2.51383e-09	1.07059	0.03394	0.00145532	-0.0310525	0.965832	-0.000611626
146	2.51383e-09	-0.787313	-0.755922	-0.000364719	0.665147	-0.68815	-0.000863095
147	2.51383e-09	-1.05008	0.239657	0.00192309	-0.219922	-0.940329	-5.47717e-06
148	2.51383e-09	0.771081	-0.754001	-0.000576049	0.672798	0.691825	-0.000876587
149	2.51383e-09	-0.114386	1.06323	9.24245e-05	-0.961683	-0.113726	0.000444872
150	2.51383e-09	1.07773	0.0428228	-0.00101202	-0.0394367	0.961539	0.00255498
151	2.51383e-09	-0.908063	-0.587403	0.00140459	0.52332	-0.806305	-0.000470727
152	2.51383e-09	1.06131	-0.146214	-0.00229529	0.132336	0.955715	-0.000121063
153	2.51383e-09	-0.6595	0.861113	0.00116579	-0.764293	-0.582004	-0.000440438
154	2.51383e-09	0.843013	0.67891	0.00104008	-0.603626	0.751601	-0.000692901
155	2.51383e-09	-0.219623	-1.0572	4.62897e-05	0.939511	-0.196198	0.0015392
156	2.51383e-09	-0.655402	0.849523	-0.00172732	-0.766815	-0.587669	0.00093116
157	2.51383e-09	-0.0509121	1.07294	-0.000986689	-0.964354	-0.0481035	0.0010902
158	2.51383e-09	-0.290468	1.05244	0.0012598	-0.921872	-0.258255	-0.00119304
159	2.51383e-09	-0.607444	0.884579	0.00232475	-0.796251	-0.547718	-0.00166214
160	2.51383e-09	-0.685101	0.820768	0.00213418	-0.742924	-0.621337	-0.00153249
161	2.51383e-09	0.856827	-0.676206	0.000421321	0.592029	0.750202	-0.00107477
162	2.51383e-09	-0.692427	-0.849723	0.000602504	0.738989	-0.60369	0.000764669
163	2.51383e-09	1.05993	-0.191326	-0.000205374	0.171818	0.947656	-0.00212616
164	2.51383e-09	-1.04898	-0.178726	-0.000240654	0.16467	-0.953689	0.00060284
165	2.51383e-09	-0.645793	-0.886324	0.00197829	0.771393	-0.55989	-0.0010628
166	2.51383e-09	-0.282029	1.05135	3.54228e-06	-0.924912	-0.247609	-0.000468793
167	2.51383e-09	-1.06603	-0.168169	0.000621094	0.154672	-0.952073	0.00290695
168	2.51383e-09	0.0162328	-1.08202	-0.00150513	0.960553	0.00740741	0.000482294
169	2.51383e-09	-0.079139	-1.07249	0.000527253	0.964291	-0.0690747	0.00052718
170	2.51383e-09	0.729107	-0.812524	-0.000241468	0.715401	0.638277	-0.00279683
171	2.51383e-09	-0.87075	0.646126	-0.00301707	-0.572701	-0.77147	-0.000832162
172	2.51383e-09	-0.971622	0.526246	-0.000193438	-0.450449	-0.835964	0.000907283
173	2.51383e-09	-0.93889	-0.576801	0.00106625	0.5008	-0.810389	-0.00247988
174	2.51383e-09	0.240665	1.07153	-0.000608578	-0.930336	0.213053	-0.00220474
175	2.51383e-09	-0.926906	-0.570849	-0.000837568	0.508431	-0.81499	0.0010435
176	2.51383e-09	0.788415	-0.733191	0.000991636	0.658036	0.702856	-0.00122827
177	2.51383e-09	0.511916	0.979752	0.00137979	-0.842698	0.438878	-0.00133264
178	2.51383e-09	1.0079	-0.409253	0.000485977	0.362858	0.887176	0.00102067
179	2.51383e-09	0.802206	0.737567	-0.000478872	-0.65135	0.703735	-0.00065288
180	2.51383e-09	0.600274	0.898659	0.00136367	-0.8014	0.536724	-0.00108311
181	2.51383e-09	-0.484409	-0.995932	0.000632875	0.851503	-0.416418	-0.000520331
182	2.51383e-09	-0.00900576	-1.08744	-0.00236569	0.958364	-0.00612589	-0.00119651
183	2.51383e-09	-1.07445	-0.237519	0.00105858	0.20565	-0.930025	0.00107048
184	2.51383e-09	0.653033	0.895746	-0.000182892	-0.766945	0.559753	-9.22253e-05
185	2.51383e-09	-1.04263	0.308303	0.000754789	-0.271094	-0.919787	-0.000321531
186	2.51383e-09	0.00655585	-1.08268	-0.000735316	0.95885	0.00458143	2.54956e-05
187	2.51383e-09	0.74514	0.786882	-0.000951046	-0.697395	0.66115	0.000211067
188	2.51383e-09	0.700579	-0.842399	-0.00181017	0.73573	0.60801	-0.000621345
189	2.51383e-09	1.06992	-0.252082	0.000598916	0.219425	0.927167	-0.000659424
190	2.51383e-09	-0.633981	0.899712	-0.000607504	-0.782124	-0.549563	0.00122398
191	2.51383e-09	1.04903	-0.313866	0.00149879	0.274606	0.914535	-0.00137621
192	2.51383e-09	-0.094168	-1.09319	-0.00259357	0.952524	-0.0785331	0.00188057
193	2.51383e-09	0.920461	-0.613206	-0.00172259	0.523244	0.793286	-0.00143347
194	2.51383e-09	-0.858471	-0.70775	-0.00141665	0.597792	-0.735283	-2.82563e-05
195	2.51383e-09	-0.137349	1.08239	0.000216853	-0.950616	-0.116268	-0.00309355
196	2.51383e-09	1.00248	0.43881	-0.000175668	-0.383427	0.877591	0.00106634
197	2.51383e-09	-0.0823583	-1.09697	8.76891e-05	0.94861	-0.0741578	-0.000724824
198	2.51383e-09	0.911576	0.63279	0.00108953	-0.542815	0.781451	-0.000289297
199	2.51383e-09	-0.523776	-0.968412	-0.000245384	0.836276	-0.456916	-0.000227847
200	2.51383e-09	-0.026515	1.10887	0.000321973	-0.9482	-0.0270287	-0.00200212
201	2.51383e-09	-0.306055	-1.0567	0.00246155	0.915885	-0.266378	0.000175432
202	2.51383e-09	-0.281782	1.05649	-8.67379e-05	-0.925947	-0.246087	-0.00305775
203	2.51383e-09	-0.896217	-0.599653	0.00046954	0.536102	-0.800059	5.0503e-05
204	2.51383e-09	-1.10024	0.131791	0.00171658	-0.113504	-0.942072	-0.000969852
205	2.51383e-09	-0.065444	1.12023	0.000134225	-0.942637	-0.0516082	0.000977664
206	2.51383e-09	-1.08974	0.149116	0.00156823	-0.12558	-0.94699	-0.00237871
207	2.51383e-09	0.0480972	-1.10945	0.00146129	0.948173	0.0385389	8.68121e-05
208	2.51383e-09	-0.364046	-1.02681	0.000944133	0.904513	-0.320897	-0.000529123
209	2.51383e-09	-0.967464	-0.519004	-0.00121607	0.449782	-0.84102	-0.00151356
210	2.51383e-09	-0.0882619	1.10545	0.000360843	-0.947896	-0.0729159	0.000440031
211	2.51383e-09	-0.15839	1.09021	0.00103535	-0.942238	-0.141098	0.000492304
212	2.51383e-09	-1.04076	-0.432253	0.00116443	0.361459	-0.869156	0.00130603
213	2.51383e-09	0.842489	-0.705459	-0.00172036	0.611358	0.729884	2.87666e-05
214	2.51383e-09	-1.0866	0.215379	-0.000703064	-0.179849	-0.931995	-0.000983729
215	2.51383e-09	-0.899779	-0.6574	0.00258268	0.553965	-0.766201	-0.0011251
216	2.51383e-09	0.0730849	-1.10776	0.000684748	0.948568	0.0578503	0.00162547
217	2.51383e-09	-1.07487	0.313447	0.000577506	-0.266531	-0.90447	-3.62089e-06
218	2.51383e-09	-0.0481969	-1.08711	0.00142904	0.957589	-0.0429271	0.000976137
219	2.51383e-09	-0.582609	0.949284	-0.0021146	-0.808321	-0.495119	-0.000214598
220	2.51383e-09	0.366837	-1.05118	-0.00244291	0.894635	0.311789	-0.00132735
221	2.51383e-09	0.0251875	1.09704	0.00155532	-0.955915	0.0196071	0.000873796
222	2.51383e-09	-0.0236986	1.1172	-0.00214851	-0.944969	-0.0180971	-0.000751743
223	2.51383e-09	1.0854	0.247536	0.000652347	-0.209931	0.923912	-0.000743282
224	2.51383e-09	0.19198	1.07947	-0.00115147	-0.942425	0.167641	0.000637376
225	2.51383e-09	-1.11754	0.0967027	-0.000950664	-0.0793445	-0.93744	0.00180392
226	2.51383e-09	-0.544995	0.987666	-0.0010279	-0.824705	-0.454201	-0.00108137
227	2.51383e-09	0.18127	-1.0992	0.0006213	0.932321	0.155474	-0.00139695
228	2.51383e-09	1.11433	-0.0690338	-0.000699894	0.058397	0.943695	0.000442858
229	2.51383e-09	1.11028	0.226841	0.00265789	-0.188017	0.919159	0.0011004
230	2.51383e-09	0.539303	1.00009	-0.000348059	-0.826009	0.444008	-0.0020053
231	2.51383e-09	1.11746	-0.146382	-0.00169467	0.120511	0.93609	-0.000941095
232	2.51383e-09	-1.09675	-0.150147	0.00139226	0.134864	-0.941242	-0.0001719
233	2.51383e-09	-0.765697	0.809839	0.00164333	-0.686558	-0.655398	-0.000513604
234	2.51383e-09	-1.01056	0.46072	1.38125e-06	-0.393197	-0.865379	-0.000574741
235	2.51383e-09	-1.03302	-0.427907	0.00469144	0.359558	-0.874813	-0.00242585
236	2.51383e-09	-1.11048	0.219187	0.00166996	-0.177938	-0.923233	-0.000460163
237	2.51383e-09	-0.244447	-1.0939	-0.000520662	0.921401	-0.206285	-0.00031935
238	2.51383e-09	0.965467	-0.575611	0.00102495	0.487484	0.809266	0.00133875
239	2.51383e-09	-1.0438	-0.374676	-0.00148628	0.323673	-0.893042	-0.00282684
240	2.51383e-09	-1.12548	-0.160251	0.00220608	0.132725	-0.926821	0.00169027
241	2.51383e-09	1.09796	0.19197	0.000573911	-0.166912	0.935158	-0.0010737
242	2.51383e-09	0.844653	0.774848	0.00376261	-0.631142	0.689346	5.33467e-05
243	2.51383e-09	0.351802	1.06843	0.00210343	-0.896938	0.289452	-0.000578741
244	2.51383e-09	-1.03902	0.436643	1.96473e-05	-0.366506	-0.86685	-0.00120155
245	2.51383e-09	-0.716744	-0.868416	-0.000706948	0.728509	-0.596796	0.00164589
246	2.51383e-09	-0.986875	-0.536526	0.000191786	0.454116	-0.825043	0.00228725
247	2.51383e-09	0.722537	0.842711	8.14919e-05	-0.720687	0.619321	-0.00139508
248	2.51383e-09	0.513407	0.988306	0.00158654	-0.839195	0.441788	0.00218118
249	2.51383e-09	-1.08877	-0.291407	-0.000422458	0.244692	-0.908326	0.000341314
250	2.51383e-09	-0.203122	1.1083	-0.000624573	-0.926246	-0.169834	-9.06492e-05
251	2.51383e-09	1.12159	-0.166113	-0.00109141	0.13505	0.929462	-0.0010933
252	2.51383e-09	-0.098913	-1.12557	-0.00056359	0.93549	-0.0847728	-0.00229686
253	2.51383e-09	0.703904	0.890752	0.000537896	-0.736947	0.580048	0.000505201
254	2.51383e-09	0.859224	-0.730395	7.74406e-05	0.611065	0.713241	-0.00117993
255	2.51383e-09	-1.12764	-0.0132442	0.00116116	0.0131105	-0.943996	0.0026491
256	2.51383e-09	0.862395	0.742719	0.00186336	-0.611958	0.708374	-0.000478706
257	2.51383e-09	-0.238374	-1.11054	0.00189185	0.917244	-0.198522	0.000947142
258	2.51383e-09	-0.362207	1.07968	-0.00296856	-0.885823	-0.302157	-0.000862692
259	2.51383e-09	-0.440709	-1.03841	0.00188833	0.867698	-0.366662	0.00174337
260	2.51383e-09	0.412744	-1.05791	-0.00410711	0.875489	0.338	-0.000600469
261	2.51383e-09	1.03439	-0.48075	-0.000407785	0.397372	0.848451	0.00027413
262	2.51383e-09	-0.512509	1.00509	0.00136218	-0.835725	-0.429088	-0.00092668
263	2.51383e-09	0.880709	-0.713529	0.00204982	0.591607	0.730735	-0.000192364
264	2.51383e-09	-0.218076	1.10949	-0.000102597	-0.92283	-0.178481	0.000541038
265	2.51383e-09	1.13783	0.124322	-0.000336885	-0.0970155	0.93011	-0.000485153
266	2.51383e-09	-0.512325	-1.01469	-0.00108424	0.837333	-0.421574	-0.00156507
267	2.51383e-09	-1.11342	0.130568	-0.00315192	-0.110268	-0.940509	0.00152279
268	2.51383e-09	0.831913	0.752775	-0.00027341	-0.635114	0.701089	0.000895179
269	2.51383e-09	0.362759	1.07757	0.00152453	-0.889478	0.301129	-0.000318266
270	2.51383e-09	0.979171	0.572044	-0.000396913	-0.47308	0.811216	-0.00107493
271	2.51383e-09	-1.13737	-0.128329	-0.000847549	0.101795	-0.929672	-0.00152038
272	2.51383e-09	1.12154	0.211592	0.00131295	-0.175783	0.920575	-0.00294625
273	2.51383e-09	-0.29121	1.10175	-0.000724846	-0.906497	-0.24234	0.000209106
274	2.51383e-09	-0.685023	0.892802	0.000675178	-0.748946	-0.574094	0.000540989
275	2.51383e-09	-1.05984	0.43165	0.00135966	-0.351631	-0.86287	-0.00141337
276	2.51383e-09	-0.627983	0.938721	0.000200506	-0.781068	-0.522538	-0.00104471
277	2.51383e-09	-0.542716	1.0139	0.000527589	-0.820179	-0.439153	0.000614259
278	2.51383e-09	0.460738	1.05618	-0.00139176	-0.853122	0.369912	-0.000714428
279	2.51383e-09	-0.493651	-1.02755	0.000487464	0.847564	-0.400957	0.000481982
280	2.51383e-09	-0.523147	1.02145	6.73061e-05	-0.834882	-0.424426	0.00164159
281	2.51383e-09	0.131702	1.12938	-0.000992028	-0.932775	0.103578	0.000505602
282	2.51383e-09	0.838786	0.77484	0.00284792	-0.637052	0.68544	0.00153002
283	2.51383e-09	-1.1256	-0.151176	-0.00073624	0.12515	-0.930758	-0.00137129
284	2.51383e-09	0.752082	0.879869	-0.000289546	-0.707125	0.602557	-0.00130748
285	2.51383e-09	1.13505	0.224253	0.000725316	-0.185625	0.911267	-0.000806095
286	2.51383e-09	-1.09549	-0.283873	0.00096388	0.235874	-0.910533	0.00287047
287	2.51383e-09	-0.928042	0.674525	-0.000140322	-0.547491	-0.753568	0.00128681
288	2.51383e-09	1.12595	-0.243887	0.0019791	0.197275	0.91171	-0.000200554
289	2.51383e-09	-0.147419	-1.14646	0.00339956	0.922162	-0.121338	0.000113825
290	2.51383e-09	0.496727	1.02998	-0.000613978	-0.841549	0.406542	-0.000541061
291	2.51383e-09	-0.428645	1.06463	0.0012058	-0.864501	-0.349715	-0.000198581
292	2.51383e-09	1.06462	0.438584	-0.000221025	-0.35218	0.865417	0.00147354
293	2.51383e-09	-0.962605	-0.627867	-0.000299793	0.509211	-0.779745	0.00183767
294	2.51383e-09	-0.811232	-0.826818	0.00218672	0.66296	-0.651051	-0.00140027
295	2.51383e-09	1.04783	0.466357	-0.000431616	-0.377167	0.853148	0.00298887
296	2.51383e-09	1.15665	0.0391199	-0.000770264	-0.0344629	0.927922	0.000309219
297	2.51383e-09	-0.192792	1.1262	-0.00275339	-0.922417	-0.156524	-0.000147796
298	2.51383e-09	-0.356899	1.09758	0.00049375	-0.884324	-0.287989	-0.000821696
299	2.51383e-09	-0.618802	-0.977003	0.000250854	0.781701	-0.501504	0.000424844
300	2.51383e-09	1.10038	0.408591	-0.000356061	-0.319145	0.863231	0.00108947
301	2.51383e-09	-0.880019	0.75637	0.00155332	-0.599692	-0.706214	0.00234637
302	2.51383e-09	-1.04959	0.504862	0.00181564	-0.39958	-0.834304	0.00127812
303	2.51383e-09	0.527689	1.03427	-0.000338164	-0.823933	0.422199	0.000609422
304	2.51383e-09	-0.699266	0.932443	-0.000388272	-0.739548	-0.555394	0.00178928
305	2.51383e-09	-0.732713	0.879172	0.00246347	-0.71993	-0.596719	-0.00029623
306	2.51383e-09	-0.376358	1.09351	0.00199678	-0.878498	-0.305854	-0.000660074
307	2.51383e-09	1.16533	-0.0814869	0.00112004	0.0670768	0.920129	-0.00133676
308	2.51383e-09	-0.614621	0.985552	0.000911968	-0.786187	-0.49399	-0.00164509
309	2.51383e-09	-0.171191	1.13787	0.00128821	-0.920808	-0.142001	0.000473566
310	2.51383e-09	-0.855035	0.757564	-0.000945213	-0.626074	-0.696923	0.000432319
311	2.51383e-09	-0.380494	1.08685	-0.00218511	-0.88116	-0.306669	0.000480119
312	2.51383e-09	0.670553	0.951207	-0.00262233	-0.754704	0.536764	-0.00133288
313	2.51383e-09	-1.0621	-0.44059	-0.00263327	0.359015	-0.861499	0.000100827
314	2.51383e-09	0.456373	1.06101	0.00150256	-0.854532	0.368632	0.00141356
315	2.51383e-09	1.15181	0.170397	-0.00407077	-0.137772	0.917656	0.00148066
316	2.51383e-09	-0.0133382	1.16964	-0.00105977	-0.923156	-0.00994962	-0.00146687
317	2.51383e-09	1.02074	0.540764	0.00032019	-0.438451	0.821688	0.00146783
318	2.51383e-09	0.655487	-0.962171	-0.000225027	0.767649	0.519499	0.000458427
319	2.51383e-09	1.0242	0.55952	0.00154305	-0.444686	0.812624	-0.00150114
320	2.51383e-09	0.629103	-1.00293	2.2303e-05	0.777006	0.486977	-0.000937926
321	2.51383e-09	-0.599062	1.00278	0.00045338	-0.794884	-0.473824	-0.000577454
322	2.51383e-09	-0.262129	1.1363	0.000770695	-0.900932	-0.213634	-0.000872298
323	2.51383e-09	-0.892448	0.758273	-0.000906033	-0.600985	-0.703745	-0.00238369
324	2.51383e-09	-1.173	-0.0136659	-0.00359	0.00866944	-0.923567	-0.00112509
325	2.51383e-09	-0.474997	-1.07009	-0.00178537	0.845014	-0.373361	-2.20065e-05
326	2.51383e-09	-1.1546	-0.184822	-0.000212988	0.143614	-0.914288	0.000210709
327	2.51383e-09	1.10859	0.379546	0.0008412	-0.299383	0.875661	-0.0017001
328	2.51383e-09	-1.01202	-0.569182	-0.000605112	0.457766	-0.805812	0.000966378
329	2.51383e-09	0.630005	-1.00959	0.00267847	0.774336	0.486212	-0.0012593
330	2.51383e-09	-0.286139	-1.12727	0.00193556	0.899929	-0.226054	-5.50969e-05
331	2.51383e-09	-0.997693	0.60089	0.00179906	-0.472154	-0.796289	-0.000953567
332	2.51383e-09	0.212766	-1.13961	-0.000624141	0.912153	0.172241	-0.00108057
333	2.51383e-09	1.10863	0.41225	0.000696197	-0.319669	0.86104	0.000484622
334	2.51383e-09	0.158933	1.16088	-3.29627e-05	-0.915979	0.125629	0.000682788
335	2.51383e-09	-0.454052	1.08389	-0.00165368	-0.85239	-0.355365	0.000231554
336	2.51383e-09	-0.686684	0.951189	-0.000419732	-0.749539	-0.53975	0.000171059
337	2.51383e-09	-1.13307	-0.291872	-0.000702688	0.231906	-0.896476	0.00040327
338	2.51383e-09	-0.526694	-1.04346	0.00103844	0.823595	-0.419104	-0.000735659
339	2.51383e-09	1.18866	0.0420614	-0.0025407	-0.0342297	0.917126	-0.00113578
340	2.51383e-09	0.447815	-1.09334	-0.00189925	0.852129	0.347772	-0.000142267
341	2.51383e-09	1.15588	0.251691	0.0011394	-0.199277	0.895024	-0.000793478
342	2.51383e-09	0.763331	0.885155	-0.00147268	-0.700825	0.603658	-0.000749236
343	2.51383e-09	-0.867209	-0.77634	0.000861906	0.618373	-0.691813	-0.00140054
344	2.51383e-09	-1.17316	-0.0940618	-0.000613186	0.0716918	-0.918558	-0.00032352
345	2.51383e-09	-0.237109	1.13638	0.00094413	-0.910416	-0.186258	0.000818957
346	2.51383e-09	1.05826	0.458804	0.00112658	-0.371797	0.854741	0.000553168
347	2.51383e-09	-0.697103	-0.946874	-0.00143276	0.739323	-0.547946	-0.0005267
348	2.51383e-09	0.750994	0.919102	0.0010535	-0.707992	0.581877	-0.000173214
349	2.51383e-09	1.02561	0.562304	-0.00139112	-0.442905	0.815237	0.00116654
350	2.51383e-09	1.16088	0.0564315	0.00167479	-0.0418787	0.928797	0.000731349
351	2.51383e-09	-1.18551	-0.0989167	0.00208837	0.0732151	-0.911859	0.000204098
352	2.51383e-09	0.530263	1.06074	0.000434479	-0.821427	0.412322	0.00260008
353	2.51383e-09	-1.05794	0.52866	-0.000365657	-0.409891	-0.824017	-0.000581431
354	2.51383e-09	0.615763	1.01939	0.00156979	-0.784621	0.475549	0.000838
355	2.51383e-09	-1.01854	-0.571624	0.000199151	0.450843	-0.809547	0.00155029
356	2.51383e-09	-1.18272	0.0460826	-0.00069156	-0.0378322	-0.919623	-0.000583407
357	2.51383e-09	-0.693743	0.964825	0.00253458	-0.742905	-0.536274	0.000698646
358	2.51383e-09	-0.692304	-0.962024	0.00101976	0.747123	-0.539175	0.000185568
359	2.51383e-09	-0.179921	-1.17649	-0.000876015	0.907914	-0.138159	-0.00152659
360	2.51383e-09	-1.14797	-0.155138	-0.000824897	0.123239	-0.921101	-0.000159165
361	2.51383e-09	0.76568	-0.910056	0.000464956	0.70272	0.589279	0.000542305
362	2.51383e-09	-0.662438	0.966149	-0.000673252	-0.763947	-0.524751	0.00155738
363	2.51383e-09	-0.414727	1.107	-0.00324615	-0.86034	-0.323382	0.000448405
364	2.51383e-09	-0.290682	1.13859	0.00169835	-0.892594	-0.230042	-0.00199587
365	2.51383e-09	-1.18947	-0.0677596	0.000759433	0.050192	-0.914905	0.00052304
366	2.51383e-09	0.95113	0.712558	-0.00231199	-0.548874	0.734123	0.00118297
367	2.51383e-09	1.03496	0.587729	-0.000116247	-0.451032	0.798768	8.35469e-05
368	2.51383e-09	-0.656567	0.988662	-0.00161193	-0.765697	-0.506977	-0.00118392
369	2.51383e-09	0.61072	-1.03087	-0.00184403	0.785773	0.463439	-0.00132586
370	2.51383e-09	0.925405	-0.744488	0.00104356	0.57747	0.713517	-0.000272746
371	2.51383e-09	-0.799293	-0.886001	0.00194088	0.678533	-0.615091	0.000414554
372	2.51383e-09	0.467038	1.08985	2.35404e-05	-0.844348	0.36098	-0.00119613
373	2.51383e-09	-0.174681	1.17564	0.000419165	-0.908233	-0.135594	0.000743484
374	2.51383e-09	-0.522449	-1.08337	-0.000873596	0.821825	-0.393179	-0.00100335
375	2.51383e-09	0.0349236	1.19753	0.000177561	-0.912004	0.0276723	-0.000461568
376	2.51383e-09	-1.16536	-0.207775	-0.000988224	0.164793	-0.90499	-0.000234234
377	2.51383e-09	-1.18924	-0.0405516	-0.000162976	0.0306445	-0.916029	0.00259195
378	2.51383e-09	-1.05605	0.572834	0.00165135	-0.434084	-0.802773	0.000860676
379	2.51383e-09	-0.595449	1.03248	-0.00112342	-0.79028	-0.456086	0.00010574
380	2.51383e-09	-1.18461	0.0213183	-0.00136271	-0.0157756	-0.918772	0.000313478
381	2.51383e-09	-0.219842	1.16893	0.00127775	-0.900843	-0.168224	-0.000397879
382	2.51383e-09	-0.0429645	-1.18454	-0.000736125	0.918301	-0.0303331	0.000965805
383	2.51383e-09	-1.18085	-0.0641521	-0.000151456	0.0488724	-0.918074	0.00171718
384	2.51383e-09	-0.890057	-0.819965	0.00172251	0.612758	-0.668802	0.00206005
385	2.51383e-09	-1.18411	-0.0228663	-0.0012837	0.0171694	-0.9197	0.000996204
386	2.51383e-09	1.19544	-0.135277	0.000199398	0.0986638	0.908227	-0.000881756
387	2.51383e-09	1.18923	0.135203	0.00132414	-0.102028	0.909598	-0.000134023
388	2.51383e-09	0.942013	-0.748547	-0.00204639	0.56275	0.714366	-0.000472782
389	2.51383e-09	-0.242461	1.18172	0.000706698	-0.889628	-0.183877	-0.000679987
390	2.51383e-09	0.221741	1.16844	-0.000510363	-0.900279	0.171685	-0.000352756
391	2.51383e-09	-1.08897	0.513862	0.00165888	-0.387988	-0.825792	-0.000381837
392	2.51383e-09	-1.04312	0.604871	-0.00129548	-0.457669	-0.786695	0.00170853
393	2.51383e-09	-0.357597	1.15755	-0.002019	-0.866047	-0.270502	0.000972247
394	2.51383e-09	-0.797135	-0.89372	0.00114921	0.684586	-0.605577	-0.000445864
395	2.51383e-09	-1.14582	-0.3648	0.000338161	0.280502	-0.868433	0.00141929
396	2.51383e-09	-0.955903	0.715149	-0.00135645	-0.550322	-0.734266	0.000703055
397	2.51383e-09	-0.682339	-0.99378	-0.000837945	0.751598	-0.513016	0.001238
398	2.51383e-09	-0.173471	-1.19173	-0.00191279	0.90367	-0.133354	-0.000767929
399	2.51383e-09	0.112719	-1.19763	-0.00263133	0.906863	0.0859141	0.00118024
400	2.51383e-09	0.59968	-1.03596	-0.00195909	0.79296	0.455945	6.20352e-05
