8.091000e+03
401
0	1	0.000373739	0.000231796	-3.41052e-07	5.51863e-08	4.45878e-08	-1.83187e-10
1	2.51383e-09	0.6332	0.795132	-0.00141274	-0.773269	0.617628	-0.00228177
2	2.51383e-09	0.785583	-0.624754	8.60671e-05	0.625754	0.77555	-0.000894869
3	2.51383e-09	-0.408668	0.91285	0.00113448	-0.911714	-0.406223	-0.000484204
4	2.51383e-09	0.744567	-0.675134	0.00099131	0.673181	0.737184	0.00203708
5	2.51383e-09	0.99143	0.100619	-0.000625409	-0.0965932	0.997198	0.00157747
6	2.51383e-09	-0.489802	0.881719	-0.00272324	-0.868939	-0.484644	-0.00165227
7	2.51383e-09	-0.990885	-0.0756255	-0.00100458	0.0814709	-1.001	0.00239371
8	2.51383e-09	0.994659	-0.0394519	-0.000847869	0.0431259	1.00182	0.000470636
9	2.51383e-09	0.956997	0.310188	-0.00078005	-0.302521	0.950009	2.66943e-05
10	2.51383e-09	-0.921804	0.422081	0.000539158	-0.414638	-0.902566	-0.000389096
11	2.51383e-09	0.986838	0.143264	-0.000409112	-0.144041	0.992301	-0.000332922
12	2.51383e-09	-0.999009	-0.155554	-0.00185805	0.150566	-0.984221	-0.000239211
13	2.51383e-09	-1.00007	0.112772	3.34245e-05	-0.113264	-0.988766	0.000476473
14	2.51383e-09	0.484143	0.889902	-0.000148102	-0.872666	0.474246	-0.00335737
15	2.51383e-09	-0.0167963	1.01325	-0.0018584	-0.989976	-0.0149176	-0.00096855
16	2.51383e-09	-0.153093	0.980324	0.000566413	-0.995096	-0.155667	0.00193392
17	2.51383e-09	0.28616	0.967924	-0.000891811	-0.957632	0.275303	0.00117574
18	2.51383e-09	0.528682	-0.875133	-0.000147289	0.849241	0.505934	-0.0018554
19	2.51383e-09	0.356507	0.945406	-0.00264381	-0.933765	0.355727	0.00151317
20	2.51383e-09	0.711458	0.742702	-0.00203909	-0.713001	0.681967	-0.00226888
21	2.51383e-09	0.683725	0.739054	-0.00349589	-0.73138	0.678186	0.000498908
22	2.51383e-09	-0.547887	-0.877482	0.00107714	0.832096	-0.518567	0.00249869
23	2.51383e-09	0.193085	0.994833	-0.00263531	-0.973175	0.192052	-0.00120257
24	2.51383e-09	0.615153	-0.800794	3.79048e-05	0.785349	0.612083	-0.00168556
25	2.51383e-09	-0.525376	-0.875394	0.00178713	0.844875	-0.511261	0.00229887
26	2.51383e-09	1.01043	0.0761518	-0.00121521	-0.07375	0.992966	0.000780148
27	2.51383e-09	-0.95973	-0.26475	-0.00135202	0.267668	-0.968481	0.00241171
28	2.51383e-09	0.887339	-0.485428	-0.00151342	0.478125	0.870056	-0.00241783
29	2.51383e-09	0.428461	0.917408	0.00116706	-0.901659	0.418695	0.00158943
30	2.51383e-09	-0.752317	0.676759	0.00147251	-0.664483	-0.739413	-0.00142635
31	2.51383e-09	-0.941044	0.363661	0.00303386	-0.358788	-0.929242	0.00242254
32	2.51383e-09	0.997554	-0.136156	-0.00155807	0.131479	0.9888	0.00396953
33	2.51383e-09	0.895068	0.524448	0.000442372	-0.490266	0.846565	-0.00085352
34	2.51383e-09	0.901117	-0.511752	0.00336867	0.484918	0.853154	0.000501579
35	2.51383e-09	0.461769	0.90536	0.00117399	-0.885521	0.451808	0.00306037
36	2.51383e-09	-0.39839	0.939539	0.00248441	-0.910245	-0.379448	-0.0002357
37	2.51383e-09	0.906732	-0.457997	0.00133978	0.448675	0.886973	-0.00186223
38	2.51383e-09	0.665554	0.751635	0.00294688	-0.750692	0.657897	0.000397831
39	2.51383e-09	-0.728841	-0.711441	-0.00192485	0.686187	-0.712212	-4.71602e-05
40	2.51383e-09	-0.15598	-1.00975	0.000403626	0.974854	-0.156449	-3.60073e-06
41	2.51383e-09	0.970957	0.296188	-0.00332058	-0.289967	0.949317	0.00184942
42	2.51383e-09	0.703501	0.769462	-0.00101397	-0.721032	0.660139	0.00242996
43	2.51383e-09	0.771902	-0.664152	-0.0019499	0.645319	0.747294	0.00261122
44	2.51383e-09	0.726115	0.742528	0.00175958	-0.699978	0.686221	-0.000245785
45	2.51383e-09	-0.89258	-0.488904	0.000655096	0.478747	-0.870582	0.00216211
46	2.51383e-09	1.00617	0.131539	-0.000537532	-0.127106	0.986537	-0.000545326
47	2.51383e-09	0.886556	-0.507628	0.000260426	0.490981	0.857538	0.00159635
48	2.51383e-09	-0.755583	0.700405	3.55323e-05	-0.669061	-0.721765	-0.00178713
49	2.51383e-09	-0.903296	0.451999	-0.00103481	-0.44634	-0.889091	-0.00238913
50	2.51383e-09	0.87979	-0.548879	0.00212893	0.518495	0.835716	-0.00190913
51	2.51383e-09	0.0316558	-1.00202	9.99812e-05	0.999362	0.0321118	0.0014603
52	2.51383e-09	-0.116076	-1.01846	-0.000534297	0.984289	-0.111114	-0.00155649
53	2.51383e-09	0.960189	0.367397	-0.00162161	-0.354567	0.919673	-0.00138998
54	2.51383e-09	0.939452	0.397062	0.00130755	-0.383734	0.91431	-0.00126951
55	2.51383e-09	0.877176	-0.560779	-0.000266016	0.526507	0.824832	-0.000260683
56	2.51383e-09	0.853792	0.569008	-0.000888882	-0.551333	0.819731	0.000275862
57	2.51383e-09	-0.493004	-0.928866	0.00142305	0.858039	-0.459187	0.000534444
58	2.51383e-09	-0.742953	0.729652	-0.000287968	-0.689178	-0.696793	0.00109246
59	2.51383e-09	-0.35444	0.957248	0.00100296	-0.931484	-0.345444	0.00288642
60	2.51383e-09	-1.02771	-0.0245284	0.000325581	0.0224733	-0.98744	0.00133315
61	2.51383e-09	0.581653	-0.853654	0.00291357	0.812811	0.557192	-0.00177534
62	2.51383e-09	1.00835	-0.244522	0.000842113	0.23472	0.952993	-7.14656e-05
63	2.51383e-09	0.909259	-0.484461	-0.00123959	0.464656	0.868254	-0.000111767
64	2.51383e-09	0.984735	-0.320302	7.90687e-05	0.308188	0.929888	0.00127759
65	2.51383e-09	0.80269	0.634204	0.000629755	-0.616134	0.773801	0.000489841
66	2.51383e-09	-0.943958	-0.422529	0.000261859	0.408671	-0.891111	-0.00216652
67	2.51383e-09	-0.176351	1.0303	-0.00144227	-0.965723	-0.161943	0.000615549
68	2.51383e-09	-0.773296	-0.682403	-0.00283674	0.651031	-0.738539	0.00199078
69	2.51383e-09	0.150935	1.02676	0.00375653	-0.970494	0.147662	0.00122529
70	2.51383e-09	0.461033	-0.915496	0.000245593	0.882517	0.445839	-0.000658154
71	2.51383e-09	-0.57213	-0.858729	-0.00506296	0.820541	-0.545764	0.00156046
72	2.51383e-09	0.157228	-1.05402	0.00291014	0.955115	0.145102	0.00114022
73	2.51383e-09	1.01135	-0.221748	0.00206526	0.210821	0.961476	0.00203199
74	2.51383e-09	0.951859	0.445812	-0.00248858	-0.4125	0.887271	-0.00102766
75	2.51383e-09	-0.632293	-0.831674	-0.000777338	0.778231	-0.591848	-0.000667194
76	2.51383e-09	0.23402	-1.01848	0.00297434	0.956963	0.214555	0.00184864
77	2.51383e-09	-0.526773	-0.91333	0.000574097	0.845164	-0.487912	-0.000884013
78	2.51383e-09	-0.431146	-0.952101	-0.00103614	0.893962	-0.395446	-0.00292048
79	2.51383e-09	0.337053	-0.981425	-0.00276402	0.925537	0.323719	0.00395962
80	2.51383e-09	0.970928	-0.36718	0.00136866	0.343754	0.918921	-0.00158882
81	2.51383e-09	1.0101	0.164017	-0.000943336	-0.155244	0.977622	-7.45503e-06
82	2.51383e-09	1.06277	0.056045	-4.02302e-05	-0.0521661	0.964365	-0.00166091
83	2.51383e-09	-0.353161	0.970133	0.00211577	-0.924065	-0.339744	0.000506448
84	2.51383e-09	-0.0637424	1.0374	-0.000398575	-0.980801	-0.0627514	-0.000789312
85	2.51383e-09	-0.978004	0.315713	0.0011589	-0.303624	-0.937812	-0.00100092
86	2.51383e-09	0.567169	0.895301	-0.000841813	-0.815648	0.522512	-0.000707256
87	2.51383e-09	0.672536	-0.805693	-0.000647091	0.745241	0.628016	0.000752876
88	2.51383e-09	-0.416121	-0.950223	0.00235719	0.898095	-0.394729	0.00192403
89	2.51383e-09	-0.0835388	1.04992	-7.61974e-05	-0.96928	-0.0763279	0.00107666
90	2.51383e-09	-0.546777	0.89728	-0.00188415	-0.830129	-0.50915	0.0031416
91	2.51383e-09	-1.016	-0.141087	0.00195881	0.13371	-0.9798	-0.00441533
92	2.51383e-09	0.853612	-0.612501	-0.00216889	0.570392	0.791808	-0.000698707
93	2.51383e-09	-1.00639	-0.354239	-0.000325969	0.321275	-0.911804	2.22114e-07
94	2.51383e-09	0.741735	-0.72582	0.00264762	0.68811	0.70043	0.00202209
95	2.51383e-09	1.01679	-0.18139	-0.000673572	0.174514	0.966919	-0.000104413
96	2.51383e-09	-0.869179	0.611241	-0.00147934	-0.557408	-0.790205	-0.00221801
97	2.51383e-09	0.975655	-0.402347	-0.000409887	0.377264	0.896113	0.00174402
98	2.51383e-09	-0.968913	-0.426211	-0.00165901	0.387897	-0.889856	0.000706067
99	2.51383e-09	0.990378	0.420575	-0.00241275	-0.371266	0.885438	4.74911e-05
100	2.51383e-09	1.04915	0.120389	6.94562e-05	-0.11923	0.965832	0.000997549
101	2.51383e-09	-0.206727	-1.01122	0.00129896	0.96487	-0.19669	-0.000613769
102	2.51383e-09	-0.351922	-0.959018	-0.000778774	0.930462	-0.341479	-0.0014009
103	2.51383e-09	-0.2661	-1.01374	-0.00256457	0.944324	-0.251649	-0.000769876
104	2.51383e-09	-0.821428	-0.650846	0.00187003	0.601695	-0.767377	0.00138379
105	2.51383e-09	-0.753196	0.716144	-0.00158451	-0.67242	-0.711785	0.000843495
106	2.51383e-09	0.0275219	1.04697	0.00131068	-0.977594	0.0230522	-0.00146501
107	2.51383e-09	-1.04793	0.142851	-0.00121255	-0.128455	-0.964328	0.00103007
108	2.51383e-09	0.0170391	-1.06689	-0.000706884	0.96795	0.0212677	-0.000482871
109	2.51383e-09	-0.20906	1.03513	0.00150348	-0.957584	-0.193859	0.00159264
110	2.51383e-09	-0.316556	-1.01334	-0.00351361	0.923461	-0.289732	-0.00171443
111	2.51383e-09	-0.912556	0.533734	0.00168714	-0.491009	-0.842388	0.0018386
112	2.51383e-09	0.602812	-0.874914	0.000222592	0.801908	0.547394	-0.00136067
113	2.51383e-09	-0.701329	-0.790694	-0.000710976	0.731077	-0.643568	-0.00120401
114	2.51383e-09	-0.882335	0.576963	0.00202478	-0.533996	-0.812801	-0.00103182
115	2.51383e-09	-0.33883	-1.02737	-0.0002405	0.908719	-0.304285	0.0020822
116	2.51383e-09	0.358244	0.984235	-0.00170824	-0.921287	0.332619	0.00303244
117	2.51383e-09	-0.985357	-0.378658	0.000314076	0.350174	-0.907768	0.000967478
118	2.51383e-09	0.424579	-0.97238	-0.000978765	0.887634	0.390284	-7.51536e-05
119	2.51383e-09	0.560701	0.878212	0.00375764	-0.830518	0.524875	-0.00183102
120	2.51383e-09	-1.00151	0.293156	0.0024785	-0.276554	-0.941426	0.000928818
121	2.51383e-09	0.0375289	1.07066	-0.000232977	-0.963691	0.0338001	0.00289052
122	2.51383e-09	-0.526405	-0.940681	0.00260981	0.839407	-0.46784	-0.000839655
123	2.51383e-09	-0.831766	-0.621162	0.0018228	0.590835	-0.785853	0.00194617
124	2.51383e-09	-0.813305	-0.707718	0.0010651	0.631135	-0.726505	-0.00257472
125	2.51383e-09	-0.449922	0.942771	0.00132692	-0.884979	-0.418296	-0.00177061
126	2.51383e-09	-0.50985	0.927968	-0.000383283	-0.855831	-0.463822	0.00137639
127	2.51383e-09	0.145195	1.04799	-0.000147553	-0.961669	0.135595	-0.00109048
128	2.51383e-09	-0.981309	0.424793	0.00040561	-0.380974	-0.888465	0.00274507
129	2.51383e-09	0.680793	0.799313	-0.00246937	-0.744531	0.635166	-0.00078946
130	2.51383e-09	-0.202943	1.04605	-0.000266066	-0.951686	-0.180354	-0.00138026
131	2.51383e-09	-1.06757	-0.23261	-0.00123208	0.200808	-0.934289	-0.00106596
132	2.51383e-09	0.62869	0.860411	0.00129176	-0.782238	0.573807	0.00157408
133	2.51383e-09	1.0383	-0.257232	0.00205883	0.230196	0.939404	0.000189861
134	2.51383e-09	0.952317	-0.437341	0.000898158	0.410862	0.888523	0.000121534
135	2.51383e-09	-0.0286447	1.05147	-0.00226905	-0.975039	-0.0224131	-0.000557837
136	2.51383e-09	0.596413	0.913096	-0.00124494	-0.79987	0.521872	0.00191212
137	2.51383e-09	-1.06296	-0.0561408	0.000598446	0.054753	-0.966558	-0.000716297
138	2.51383e-09	-0.990403	-0.389035	-0.00101965	0.350104	-0.904138	0.000694701
139	2.51383e-09	0.692797	-0.810889	-0.00213043	0.735472	0.627477	0.00254549
140	2.51383e-09	-0.87838	-0.64801	-0.000745203	0.56269	-0.771297	0.0001209
141	2.51383e-09	-0.643661	0.858902	-0.00416182	-0.771663	-0.576915	-0.000307355
142	2.51383e-09	-0.770497	0.759246	-0.00159598	-0.668347	-0.687996	-0.000835343
143	2.51383e-09	-0.977816	-0.436866	0.00186101	0.398353	-0.881543	-0.000411103
144	2.51383e-09	-0.841573	-0.684854	-0.00252317	0.605671	-0.742874	-5.9285e-05
145	2.51383e-09	-0.919782	0.513913	0.000466282	-0.477004	-0.85182	-0.000554349
146	2.51383e-09	0.612404	-0.919111	-0.00277675	0.789436	0.530229	0.00270723
147	2.51383e-09	-0.508974	-0.959493	0.00271388	0.846473	-0.448206	0.000721721
148	2.51383e-09	-1.02386	-0.372694	0.000822978	0.33056	-0.896659	-0.000417565
149	2.51383e-09	-0.242052	1.03705	-0.00150281	-0.939298	-0.229241	0.00120178
150	2.51383e-09	1.08329	0.0834116	-0.00153977	-0.0716821	0.952775	0.000208263
151	2.51383e-09	-0.240639	1.05464	0.000585246	-0.935815	-0.214641	-0.000695611
152	2.51383e-09	0.675776	0.858483	0.000258939	-0.745743	0.58859	0.000992084
153	2.51383e-09	1.05143	0.267065	0.000173957	-0.236814	0.929917	2.90113e-06
154	2.51383e-09	1.0972	0.0751641	-0.00105616	-0.0665306	0.954218	0.00187506
155	2.51383e-09	0.536781	-0.941498	0.00187131	0.83379	0.472019	0.00123449
156	2.51383e-09	0.152064	-1.07359	-0.00310078	0.953286	0.135754	0.000754976
157	2.51383e-09	1.06499	0.125156	-0.000801595	-0.108733	0.957743	0.000273201
158	2.51383e-09	0.921582	-0.585184	-0.00201658	0.51808	0.806226	-0.00465142
159	2.51383e-09	-0.606872	0.879601	0.000433311	-0.79653	-0.552341	0.000776652
160	2.51383e-09	0.162833	-1.06254	0.00244126	0.954455	0.144194	0.00188969
161	2.51383e-09	0.329145	-1.0402	0.00124146	0.912021	0.288857	-0.00214521
162	2.51383e-09	-1.01887	-0.355402	-0.00295474	0.317141	-0.908954	-0.00206988
163	2.51383e-09	0.909279	0.595516	-0.00167777	-0.52895	0.799641	7.27474e-05
164	2.51383e-09	-0.0915388	1.072	0.00291355	-0.959019	-0.0796178	0.00180714
165	2.51383e-09	1.09513	-0.0746961	-0.000165908	0.0640122	0.953828	0.00350293
166	2.51383e-09	-0.883583	0.616072	0.000830265	-0.549861	-0.794412	-0.00153181
167	2.51383e-09	-0.836235	0.652538	0.00176486	-0.593129	-0.772262	-0.00353279
168	2.51383e-09	-1.00268	-0.418277	0.000574498	0.371748	-0.884893	0.00125255
169	2.51383e-09	0.635702	0.876722	-0.00100266	-0.778421	0.566554	-0.000464663
170	2.51383e-09	-0.0446073	1.08692	-0.00101506	-0.958412	-0.0351797	-0.00359995
171	2.51383e-09	1.04503	0.321642	0.00205767	-0.284964	0.912017	0.00255439
172	2.51383e-09	-1.11187	-0.0402071	-0.00139011	0.0345488	-0.948728	-0.00179504
173	2.51383e-09	-1.02637	0.410619	-0.00200613	-0.351163	-0.883759	-0.000620412
174	2.51383e-09	-0.105996	1.09779	-0.00134597	-0.947457	-0.0963454	0.00186831
175	2.51383e-09	-0.993599	0.436355	-0.000419476	-0.381261	-0.882501	0.00162634
176	2.51383e-09	-1.06539	-0.140266	-0.000186033	0.126775	-0.95695	-0.000253679
177	2.51383e-09	-1.12	0.010063	0.00204172	-0.0075474	-0.943593	0.0014377
178	2.51383e-09	-0.26781	-1.04334	0.0013595	0.933216	-0.237938	0.000519822
179	2.51383e-09	-1.09285	-0.0743516	-0.00380853	0.0609688	-0.954492	0.00183005
180	2.51383e-09	0.204063	1.06114	0.00278745	-0.946122	0.180961	0.000923477
181	2.51383e-09	0.832308	0.715451	0.000921696	-0.623743	0.725018	-0.00154896
182	2.51383e-09	-0.339049	1.0425	-0.00161006	-0.907659	-0.296214	-0.000726482
183	2.51383e-09	1.08986	0.0975044	-0.00113857	-0.0892166	0.952222	-0.000105184
184	2.51383e-09	1.04187	-0.38673	-0.00230145	0.329351	0.889415	-0.00116086
185	2.51383e-09	-0.0867001	1.08863	0.00133916	-0.95321	-0.0793359	0.000325303
186	2.51383e-09	-0.517237	0.943955	-0.00180078	-0.848424	-0.465235	-0.000474389
187	2.51383e-09	-0.34717	-1.01015	-0.00266913	0.912838	-0.313704	-0.00304549
188	2.51383e-09	0.713494	-0.83957	-0.00249096	0.724337	0.620712	0.00074501
189	2.51383e-09	0.758674	-0.784418	-0.00170665	0.687741	0.664638	0.00255712
190	2.51383e-09	1.03379	-0.393221	0.00203956	0.331055	0.890252	0.000383227
191	2.51383e-09	-0.678393	0.854575	0.0013504	-0.751027	-0.594375	-0.00304865
192	2.51383e-09	0.859334	0.684985	0.000301422	-0.593637	0.748119	0.00117459
193	2.51383e-09	0.478886	-1.00122	-0.00162593	0.853505	0.409165	0.00188044
194	2.51383e-09	-0.226112	-1.09385	0.000197972	0.927296	-0.192447	-5.65194e-05
195	2.51383e-09	0.972512	0.48301	-7.67682e-05	-0.427496	0.858626	0.000390622
196	2.51383e-09	0.723495	-0.812284	4.33139e-05	0.722256	0.632604	0.00338555
197	2.51383e-09	-0.971962	0.481611	-0.000777732	-0.428316	-0.85974	0.00240586
198	2.51383e-09	-0.983083	-0.522796	-0.00094273	0.445258	-0.835156	0.00230914
199	2.51383e-09	-0.606727	-0.912315	0.00125158	0.79629	-0.529925	-0.00264752
200	2.51383e-09	-0.986239	-0.52391	-0.000505831	0.445852	-0.833165	-0.000891208
201	2.51383e-09	0.892745	-0.648476	0.00228446	0.562001	0.768353	-7.2095e-05
202	2.51383e-09	-0.784966	-0.766813	0.00150205	0.661418	-0.685964	-0.00202327
203	2.51383e-09	1.08448	-0.0492933	0.00243294	0.0421379	0.958422	-0.00132061
204	2.51383e-09	-1.09646	0.101512	0.000570924	-0.0946161	-0.949226	-0.00060163
205	2.51383e-09	-0.94543	-0.610628	0.00155395	0.507938	-0.793394	-0.000692949
206	2.51383e-09	-0.986657	-0.482138	0.00169764	0.418868	-0.855198	0.00174676
207	2.51383e-09	0.68866	0.873884	-0.000735316	-0.747653	0.584605	-0.000864647
208	2.51383e-09	-0.395296	-1.02293	0.00243645	0.890819	-0.343368	-0.000274121
209	2.51383e-09	-0.573211	0.935556	-0.00140994	-0.815337	-0.500472	0.00236865
210	2.51383e-09	-0.343937	-1.05003	0.00143418	0.903037	-0.295606	0.00233641
211	2.51383e-09	1.0109	-0.415243	0.00021225	0.363694	0.887342	-0.00237626
212	2.51383e-09	-0.597282	-0.952861	-0.00372195	0.801116	-0.495505	0.000330621
213	2.51383e-09	-1.02374	-0.418801	0.000718638	0.358101	-0.880197	-0.000190051
214	2.51383e-09	1.07681	-0.18517	-0.000789934	0.170294	0.943421	-0.00109306
215	2.51383e-09	1.0307	0.433654	-0.00366339	-0.371637	0.868957	-0.00103078
216	2.51383e-09	-0.744046	-0.823114	-0.000475822	0.706866	-0.637894	0.000715118
217	2.51383e-09	-1.00578	-0.504286	-0.000772655	0.421471	-0.842384	0.0022729
218	2.51383e-09	-0.850282	-0.675549	-0.00205467	0.59663	-0.747876	-0.00124666
219	2.51383e-09	0.621574	0.945621	-0.000456631	-0.785747	0.518058	0.00119575
220	2.51383e-09	-0.84554	0.731354	-0.00172455	-0.617315	-0.714158	0.00227214
221	2.51383e-09	-0.911226	0.593736	-0.00182521	-0.524509	-0.804711	0.000569404
222	2.51383e-09	-0.617198	-0.920628	-0.00316319	0.791062	-0.526389	0.000295923
223	2.51383e-09	-1.05392	-0.320288	0.00119643	0.279765	-0.913466	0.0011921
224	2.51383e-09	0.734209	-0.819256	-0.000685946	0.71143	0.63102	-0.000134474
225	2.51383e-09	0.991297	0.499281	0.00115411	-0.431715	0.847173	-0.000384414
226	2.51383e-09	-1.07247	-0.279299	0.00119735	0.24098	-0.921275	-0.00238385
227	2.51383e-09	0.62621	-0.909565	-0.000507731	0.782712	0.541912	0.00137474
228	2.51383e-09	-1.1019	-0.198762	0.00193091	0.166547	-0.929288	-0.000467784
229	2.51383e-09	-1.12389	-0.0385243	0.00339568	0.0335263	-0.943727	-0.000843152
230	2.51383e-09	-0.804833	0.80662	0.00086314	-0.658163	-0.665922	-0.00156651
231	2.51383e-09	-0.194672	-1.10951	0.00532122	0.928755	-0.15701	0.00262772
232	2.51383e-09	-1.05793	0.302223	-0.00262139	-0.257522	-0.919235	-0.00273476
233	2.51383e-09	-1.00936	0.46118	0.000750286	-0.388881	-0.86722	-0.00111319
234	2.51383e-09	1.08589	0.228111	-0.00394579	-0.20031	0.928456	-0.00143689
235	2.51383e-09	0.830361	-0.746733	0.00304439	0.635643	0.699511	0.00237981
236	2.51383e-09	-0.963044	0.590695	0.00151656	-0.493205	-0.798994	-0.000114963
237	2.51383e-09	0.929391	-0.581529	-0.00161072	0.505291	0.815524	0.000832006
238	2.51383e-09	0.510239	-1.0104	-0.000413384	0.842732	0.425573	0.000841054
239	2.51383e-09	1.03987	0.377579	-0.00358802	-0.321173	0.89548	-0.000794598
240	2.51383e-09	0.166516	-1.10508	-3.06525e-05	0.938241	0.143862	0.000916559
241	2.51383e-09	-1.10081	0.137022	0.000662352	-0.123285	-0.944052	-0.00166564
242	2.51383e-09	-0.0553804	1.14912	-0.00185751	-0.932382	-0.0455877	0.00278436
243	2.51383e-09	-0.85855	0.719276	0.00196298	-0.608233	-0.724206	0.00235841
244	2.51383e-09	1.0186	-0.500661	-0.00102929	0.412308	0.844761	-0.00212939
245	2.51383e-09	0.336976	1.0741	0.0011783	-0.898424	0.2827	0.00437531
246	2.51383e-09	1.12468	0.0350356	0.00149657	-0.026825	0.942931	0.000783325
247	2.51383e-09	0.863786	-0.690203	-0.00126137	0.588672	0.745224	0.000577407
248	2.51383e-09	-0.385286	1.06432	0.000211487	-0.885466	-0.318176	0.000541805
249	2.51383e-09	-1.102	0.23765	0.000602442	-0.194902	-0.919108	0.000588367
250	2.51383e-09	0.727686	0.864133	0.00174864	-0.721356	0.604373	-0.00081258
251	2.51383e-09	1.01812	-0.487383	0.00159779	0.402464	0.851578	-0.000204583
252	2.51383e-09	-0.898132	0.666062	-0.000577164	-0.56245	-0.761444	0.00136588
253	2.51383e-09	-0.320156	1.08809	0.00127363	-0.90084	-0.262914	0.00287418
254	2.51383e-09	0.501693	-1.00631	-0.00143004	0.84462	0.421667	0.00202878
255	2.51383e-09	-0.864555	0.741263	-0.000734665	-0.609071	-0.710949	-0.000827847
256	2.51383e-09	-1.13398	0.173869	-0.00111188	-0.147701	-0.919652	-0.000343082
257	2.51383e-09	-0.828514	-0.76623	0.00338295	0.641892	-0.688296	-0.000951925
258	2.51383e-09	-0.527831	-0.996798	-0.0019596	0.830019	-0.443742	-0.00346046
259	2.51383e-09	-0.25986	1.10418	-0.00114161	-0.912697	-0.212345	-0.000652133
260	2.51383e-09	-0.955349	0.588708	-0.00282455	-0.495643	-0.8057	0.00259475
261	2.51383e-09	-1.1208	0.20977	-0.000122524	-0.1689	-0.921443	0.00109156
262	2.51383e-09	0.930468	-0.603195	0.00501958	0.515352	0.800781	0.000477804
263	2.51383e-09	-1.10151	-0.30691	-0.00168114	0.248179	-0.898952	-0.000783609
264	2.51383e-09	1.11362	0.158379	-0.00145704	-0.1321	0.933449	0.000635091
265	2.51383e-09	0.964484	-0.608594	0.00048344	0.498991	0.795585	0.00101697
266	2.51383e-09	1.05854	-0.418304	-0.000197371	0.345373	0.871226	-0.000544944
267	2.51383e-09	-0.4944	-1.00364	-0.000293732	0.847393	-0.423205	-0.00178209
268	2.51383e-09	1.11782	0.250494	-0.00250336	-0.20891	0.906374	0.000333141
269	2.51383e-09	-0.620788	0.970422	-0.00376866	-0.785678	-0.498196	0.000527234
270	2.51383e-09	-0.0660359	1.1222	2.66119e-05	-0.943543	-0.0524002	0.000255576
271	2.51383e-09	-0.502038	-1.03077	0.00259651	0.839416	-0.410831	-0.000510586
272	2.51383e-09	-0.131334	-1.13569	-0.00307309	0.929682	-0.107418	-0.00127158
273	2.51383e-09	-0.184474	1.12231	-0.00173073	-0.926788	-0.153013	-0.00213643
274	2.51383e-09	-1.10403	-0.171713	0.00172451	0.137952	-0.936626	-0.000412523
275	2.51383e-09	-0.968437	-0.590076	0.00187593	0.491538	-0.799626	0.00186415
276	2.51383e-09	1.13606	-0.0307307	-0.00127989	0.0302239	0.940029	-0.000994614
277	2.51383e-09	-0.228111	1.13076	0.00439042	-0.909304	-0.179266	-0.00124877
278	2.51383e-09	-0.52778	1.02556	0.00116351	-0.829028	-0.424448	-0.00109042
279	2.51383e-09	1.05259	0.500304	-0.000973342	-0.398668	0.838763	0.000828945
280	2.51383e-09	-0.74089	0.883733	-0.00133984	-0.714756	-0.601119	0.00101524
281	2.51383e-09	0.981065	0.580767	0.00046912	-0.479515	0.803879	0.000671261
282	2.51383e-09	-0.59654	-0.979201	0.00290008	0.797717	-0.485432	-0.000478049
283	2.51383e-09	0.710617	0.898264	0.00193129	-0.733146	0.573584	0.00124514
284	2.51383e-09	-0.338515	1.10249	-0.00233863	-0.888298	-0.277524	0.00045851
285	2.51383e-09	-1.06553	0.421951	-0.0012683	-0.346488	-0.868097	0.000820514
286	2.51383e-09	0.669994	-0.919636	0.002708	0.756994	0.551828	-0.000710935
287	2.51383e-09	-0.767096	0.834648	0.0013084	-0.687931	-0.638062	-0.000116359
288	2.51383e-09	-0.654937	0.958802	0.000648529	-0.762765	-0.526646	0.00167758
289	2.51383e-09	1.02673	0.548786	0.00286534	-0.434606	0.814757	-0.000823955
290	2.51383e-09	0.878393	0.739202	0.00325687	-0.59904	0.71381	0.000603403
291	2.51383e-09	-1.05758	0.435719	0.00118831	-0.356339	-0.865518	0.0019005
292	2.51383e-09	-1.05009	0.451925	-0.000886669	-0.370083	-0.858996	0.00132836
293	2.51383e-09	-0.69205	0.901489	0.0010496	-0.745568	-0.56838	-0.00235779
294	2.51383e-09	-0.915988	-0.729282	0.00158618	0.575606	-0.72206	0.00523393
295	2.51383e-09	-0.976513	-0.582455	0.000183041	0.482804	-0.806129	0.00127727
296	2.51383e-09	0.698303	0.921592	-0.00505033	-0.740605	0.562111	0.000955482
297	2.51383e-09	-1.07892	-0.386524	0.000165323	0.31353	-0.878189	0.00208362
298	2.51383e-09	-0.194019	-1.12724	-0.00320876	0.923641	-0.156546	-0.000209052
299	2.51383e-09	1.03814	-0.558489	0.000333702	0.437938	0.804799	0.000179733
300	2.51383e-09	-0.533957	-1.03845	0.000322809	0.8213	-0.425041	-0.00268181
301	2.51383e-09	1.09963	0.407815	-0.00032142	-0.325405	0.860131	-0.00183831
302	2.51383e-09	-0.144736	-1.14603	-0.000393524	0.927107	-0.115184	0.00473237
303	2.51383e-09	-1.06344	-0.445906	-0.00163016	0.358914	-0.859037	0.00115557
304	2.51383e-09	0.943135	0.666885	-0.000464738	-0.539636	0.76196	-0.00172505
305	2.51383e-09	-0.876622	0.742182	-0.0031507	-0.602629	-0.711687	0.000623101
306	2.51383e-09	-0.0388875	-1.14751	-0.000228319	0.933275	-0.0310425	0.000752717
307	2.51383e-09	-0.89922	0.732946	-0.0016254	-0.589416	-0.717583	0.00234895
308	2.51383e-09	0.492842	1.071	0.00106252	-0.835136	0.382712	-0.000379446
309	2.51383e-09	1.01264	0.533061	9.12295e-05	-0.431708	0.829067	-0.00015984
310	2.51383e-09	-1.15788	0.125008	-0.00104613	-0.0990193	-0.919309	0.000515556
311	2.51383e-09	0.722585	-0.909076	0.000811536	0.724816	0.579078	0.00275353
312	2.51383e-09	-0.316396	1.11948	0.00116706	-0.893145	-0.24928	-0.00118366
313	2.51383e-09	1.05158	-0.444395	-0.000606046	0.364134	0.864723	0.00266609
314	2.51383e-09	-1.11599	-0.248118	-0.00106237	0.202678	-0.913809	-0.00101531
315	2.51383e-09	-0.719274	-0.920713	0.00205941	0.728556	-0.569622	0.00177762
316	2.51383e-09	-0.586875	1.01457	0.00176654	-0.798479	-0.459971	-0.00139931
317	2.51383e-09	1.05146	0.488139	-0.00206508	-0.394049	0.840528	0.00225222
318	2.51383e-09	0.9242	-0.705633	0.00187341	0.560371	0.736665	0.00112706
319	2.51383e-09	-0.774042	-0.871393	-0.0027103	0.694079	-0.614565	-0.00139455
320	2.51383e-09	-0.376147	1.12588	-0.000808599	-0.869807	-0.289174	-0.000306267
321	2.51383e-09	0.849772	-0.790337	-2.49522e-05	0.63525	0.679673	-0.000493255
322	2.51383e-09	-0.809906	-0.823878	-0.00305034	0.662176	-0.655731	-0.00156541
323	2.51383e-09	0.475726	1.04736	0.000530789	-0.853657	0.383962	-0.000622945
324	2.51383e-09	-1.0596	0.503078	0.00156995	-0.394399	-0.834985	0.000154297
325	2.51383e-09	1.12293	0.250239	0.00271924	-0.201278	0.913801	-0.00137652
326	2.51383e-09	0.820222	0.860879	0.00359225	-0.665875	0.625879	0.00245201
327	2.51383e-09	-0.0943855	-1.17396	-0.00301699	0.918101	-0.07268	0.000303368
328	2.51383e-09	1.14299	0.130265	-0.00245205	-0.101873	0.926074	0.000180665
329	2.51383e-09	-0.491604	1.06124	-0.000494333	-0.838552	-0.395209	-9.11657e-05
330	2.51383e-09	-0.689599	-0.935484	-0.000555929	0.744262	-0.551273	0.000116157
331	2.51383e-09	1.01702	0.543541	0.000723822	-0.437385	0.820401	0.00164769
332	2.51383e-09	1.02519	-0.584699	-0.00150699	0.455211	0.800926	0.000314845
333	2.51383e-09	-1.11398	-0.401468	0.000359669	0.310374	-0.86508	-0.00205915
334	2.51383e-09	-1.04022	-0.555757	0.000791072	0.435867	-0.808577	-0.00144247
335	2.51383e-09	-1.16312	0.212192	0.000980407	-0.168447	-0.903266	0.000823331
336	2.51383e-09	-0.642217	-0.978472	0.00173851	0.772711	-0.508753	-0.00168016
337	2.51383e-09	1.17448	-0.052256	0.00217117	0.0413499	0.923689	-0.000876403
338	2.51383e-09	-0.0529974	-1.16245	0.00337131	0.926689	-0.0416027	0.00132202
339	2.51383e-09	-0.603908	-1.02493	-0.000315836	0.79044	-0.461195	0.00411482
340	2.51383e-09	-0.227989	1.15353	0.00110091	-0.906364	-0.181587	0.00134894
341	2.51383e-09	0.956783	0.681637	3.4362e-05	-0.535091	0.753352	-0.00024336
342	2.51383e-09	0.960306	0.661215	0.000653358	-0.524837	0.762599	0.000613889
343	2.51383e-09	0.837999	0.804288	-6.21004e-05	-0.641967	0.667807	-0.002215
344	2.51383e-09	0.195923	-1.17122	0.000753455	0.90242	0.148647	0.000316784
345	2.51383e-09	0.00835176	-1.16217	0.000383629	0.929038	0.00411707	-0.00293567
346	2.51383e-09	0.766743	0.876649	-0.00267659	-0.698235	0.613915	0.000684812
347	2.51383e-09	-0.402958	1.10111	0.00184155	-0.864702	-0.326122	0.0004769
348	2.51383e-09	1.16633	-0.139173	0.00355889	0.10978	0.916557	0.00127278
349	2.51383e-09	0.417194	-1.10381	0.00342048	0.858001	0.324705	-0.000553359
350	2.51383e-09	-0.669158	-0.954726	-0.00190983	0.76075	-0.530016	0.00138624
351	2.51383e-09	0.0942563	1.19207	-0.000518358	-0.910615	0.0726303	-0.00213901
352	2.51383e-09	-1.17485	-0.109816	0.000359101	0.0885721	-0.915096	0.00161375
353	2.51383e-09	0.368468	1.13858	-0.00232553	-0.871268	0.276746	0.00304731
354	2.51383e-09	-1.1145	0.411165	0.00174267	-0.315612	-0.85963	0.0020305
355	2.51383e-09	-1.01765	-0.543222	0.00187026	0.437872	-0.822033	0.00224038
356	2.51383e-09	1.18457	0.234048	-0.000875817	-0.175507	0.89125	8.84045e-05
357	2.51383e-09	0.53261	1.05637	-0.0010846	-0.820334	0.411876	0.0012159
358	2.51383e-09	0.238825	-1.17683	-0.00327566	0.893862	0.178042	0.00136134
359	2.51383e-09	0.0895426	-1.19235	-0.00271557	0.91285	0.064545	-0.00178134
360	2.51383e-09	-1.00026	0.616586	6.68641e-05	-0.48407	-0.784137	-0.000818029
361	2.51383e-09	-0.7672	0.894365	0.000215938	-0.69794	-0.600296	-0.00177464
362	2.51383e-09	0.724563	-0.924481	-0.000355291	0.727764	0.567898	0.00115776
363	2.51383e-09	-0.830692	-0.842066	-0.000999634	0.658165	-0.64276	0.00149111
364	2.51383e-09	-0.0727223	-1.15996	-0.000389433	0.92428	-0.0618804	-0.00131181
365	2.51383e-09	-0.208508	-1.18389	0.000514942	0.897616	-0.158372	-0.00171644
366	2.51383e-09	0.845232	0.832497	0.000532462	-0.645609	0.653974	-0.00191533
367	2.51383e-09	-1.17175	-0.230038	0.000429146	0.178091	-0.895464	0.00143296
368	2.51383e-09	-0.109839	1.19954	-0.000674546	-0.906527	-0.0802765	0.000644133
369	2.51383e-09	-1.18188	0.0718696	0.00013532	-0.0598148	-0.918406	-0.000717562
370	2.51383e-09	1.03074	-0.58549	0.00109775	0.451589	0.800035	-0.000272346
371	2.51383e-09	-0.607273	1.04628	0.00125589	-0.784646	-0.457616	-0.000448976
372	2.51383e-09	-0.517631	-1.0856	0.00216601	0.823944	-0.387703	-0.00156148
373	2.51383e-09	1.1529	-0.296368	-7.70871e-06	0.229091	0.886933	-0.00267933
374	2.51383e-09	0.487336	-1.1042	0.00380355	0.831714	0.371348	0.00029132
375	2.51383e-09	1.18748	-0.0925072	-0.000923147	0.0733325	0.913222	-0.0012763
376	2.51383e-09	1.16823	-0.203307	0.00147376	0.159327	0.90393	-0.000354956
377	2.51383e-09	-0.766601	0.908305	-0.000446199	-0.704092	-0.589682	-0.00131745
378	2.51383e-09	0.979032	-0.69527	0.000548896	0.525608	0.743726	-0.000504247
379	2.51383e-09	0.101686	1.17438	-0.00215514	-0.917199	0.0876757	-0.00123054
380	2.51383e-09	-1.05632	0.524893	0.000690597	-0.410259	-0.825158	0.000105371
381	2.51383e-09	-0.263197	-1.15867	0.000374322	0.894535	-0.204316	-3.434e-05
382	2.51383e-09	-0.864536	-0.826533	-4.87878e-06	0.635897	-0.656899	-0.00211351
383	2.51383e-09	-0.370676	-1.10926	0.000162019	0.876217	-0.299847	0.000381988
384	2.51383e-09	1.17399	0.244327	-0.000942184	-0.188281	0.894808	0.00490649
385	2.51383e-09	-0.693972	0.954517	0.00119594	-0.748976	-0.537759	0.000113272
386	2.51383e-09	-0.45498	-1.09955	-0.0016746	0.847026	-0.3522	-0.00115583
387	2.51383e-09	0.588938	-1.04258	-0.00055524	0.795995	0.450675	-0.00284139
388	2.51383e-09	-0.507879	1.08093	0.00142481	-0.830249	-0.39271	0.000538226
389	2.51383e-09	1.17576	-0.174612	-0.00390378	0.133117	0.906581	0.00232549
390	2.51383e-09	0.104508	-1.18529	0.00334221	0.911242	0.0803584	-0.000717303
391	2.51383e-09	-0.287194	1.17894	-2.1043e-05	-0.879124	-0.215859	-0.00175534
392	2.51383e-09	-0.227174	1.17786	-0.00346453	-0.897726	-0.172534	-0.00357688
393	2.51383e-09	-0.128511	-1.19843	0.0013706	0.906934	-0.103149	0.000296275
394	2.51383e-09	1.10983	-0.437318	-0.00118044	0.335364	0.854421	-0.00132821
395	2.51383e-09	-0.336892	1.14636	-0.000935975	-0.878656	-0.259431	-0.000701082
396	2.51383e-09	0.211295	1.1949	0.000362474	-0.891997	0.158881	0.000359122
397	2.51383e-09	-1.03114	0.617066	0.00179527	-0.468231	-0.781733	0.00207662
398	2.51383e-09	-0.172992	1.20221	-0.000499106	-0.895682	-0.134183	-0.00137477
399	2.51383e-09	-0.0640941	-1.20119	0.00334236	0.909301	-0.0485581	-0.000297244
400	2.51383e-09	0.0159379	1.21223	0.00120998	-0.904273	0.0103234	-0.000238957
