4.040000e+03
401
0	1	0.00018671	0.000115781	-1.70329e-07	5.48249e-08	8.18849e-11	-1.70373e-11
1	2.51383e-09	0.313601	-0.944528	0.000242614	0.954148	0.314743	0.000802763
2	2.51383e-09	0.43684	-0.911396	-0.000608294	0.897976	0.428066	-0.00142808
3	2.51383e-09	-0.336754	0.940381	-0.000515843	-0.94086	-0.33659	-0.000867681
4	2.51383e-09	-0.989452	0.152788	0.000695979	-0.153381	-0.987687	-0.00101212
5	2.51383e-09	-0.925968	-0.375097	0.000875338	0.373637	-0.928249	-0.00058723
6	2.51383e-09	-0.431898	0.913218	0.00203342	-0.898742	-0.430797	0.000111592
7	2.51383e-09	-0.384456	-0.929506	-0.000561595	0.920096	-0.381739	-0.00313913
8	2.51383e-09	0.244963	-0.968253	-0.000367634	0.971061	0.245655	0.000408688
9	2.51383e-09	0.874587	-0.488148	0.00067017	0.485369	0.874373	0.000359113
10	2.51383e-09	-0.353545	-0.931352	0.000658977	0.937304	-0.358193	-0.000671515
11	2.51383e-09	1.00228	0.000548056	-0.000551632	-0.00161876	0.998814	-0.000546932
12	2.51383e-09	0.946801	-0.370781	0.000108242	0.362924	0.923861	-0.000484448
13	2.51383e-09	-0.670077	0.744059	0.00119956	-0.742275	-0.670312	-0.00191081
14	2.51383e-09	0.654544	0.773813	0.0018323	-0.755051	0.640988	0.00147865
15	2.51383e-09	0.803567	-0.590759	-0.00192891	0.600357	0.803902	-0.00100663
16	2.51383e-09	-0.77102	-0.642624	0.000884015	0.636682	-0.766881	0.00107508
17	2.51383e-09	0.341257	0.943756	0.00103253	-0.940598	0.336258	-0.000901599
18	2.51383e-09	1.02042	0.0476427	0.00165423	-0.0474575	0.985112	0.000436927
19	2.51383e-09	0.964553	0.292234	0.00054131	-0.293943	0.955735	0.00156612
20	2.51383e-09	0.948777	-0.393042	-0.000129636	0.376013	0.913141	0.0022678
21	2.51383e-09	-0.838753	-0.570794	-0.00243633	0.556138	-0.81834	0.00103513
22	2.51383e-09	-0.506844	-0.882037	0.00134585	0.857595	-0.496507	-0.000597047
23	2.51383e-09	0.770593	-0.657948	-0.00214346	0.651172	0.753303	-0.000717086
24	2.51383e-09	-0.144695	-1.0103	0.000458072	0.976832	-0.137781	-0.00123558
25	2.51383e-09	0.984339	-0.27433	-0.00262534	0.264725	0.952872	0.000859005
26	2.51383e-09	-0.613598	0.806764	-0.00228681	-0.793055	-0.59804	-2.58383e-05
27	2.51383e-09	-0.249644	0.972787	-0.000702881	-0.968662	-0.250952	0.00226612
28	2.51383e-09	-0.94022	-0.374753	0.00025051	0.368805	-0.925463	-0.000108954
29	2.51383e-09	-0.0619014	1.01366	0.00112546	-0.990251	-0.0591088	-0.00176737
30	2.51383e-09	-0.922457	0.402236	0.000538165	-0.396468	-0.914643	0.00258147
31	2.51383e-09	-0.734019	0.697517	-0.0014789	-0.681603	-0.720017	-0.00119774
32	2.51383e-09	-0.3613	-0.941674	0.00089477	0.928879	-0.356438	0.000218358
33	2.51383e-09	-0.999964	0.168104	-0.00149659	-0.16365	-0.982835	-0.00115897
34	2.51383e-09	-1.00338	0.25417	0.000770513	-0.242179	-0.953036	0.000131564
35	2.51383e-09	0.309162	0.980808	-0.00115846	-0.937791	0.294968	-0.000417009
36	2.51383e-09	0.909376	0.452363	4.28335e-05	-0.439579	0.888877	-0.0023985
37	2.51383e-09	-0.925603	-0.43245	-0.00169861	0.418355	-0.895659	-0.00356547
38	2.51383e-09	-0.994916	-0.130068	0.00138551	0.12904	-0.99059	4.04617e-05
39	2.51383e-09	-0.218018	-0.983547	0.000826239	0.973318	-0.212505	-0.00105999
40	2.51383e-09	-1.00714	-0.0300133	0.000752226	0.0289943	-0.995799	0.00156368
41	2.51383e-09	-0.975282	-0.283079	-0.00217664	0.275018	-0.953058	0.00126688
42	2.51383e-09	-0.186209	-1.01162	-0.00167283	0.969445	-0.1799	0.000650355
43	2.51383e-09	0.154913	-1.00742	0.00197263	0.976891	0.150351	-0.000917984
44	2.51383e-09	-0.726815	0.735722	-0.00101187	-0.695583	-0.691534	0.00265289
45	2.51383e-09	0.611842	0.832037	-0.00206312	-0.790088	0.584796	6.74797e-05
46	2.51383e-09	-0.173441	1.01083	-0.00261754	-0.972071	-0.167232	-0.0016107
47	2.51383e-09	-0.100907	-1.02129	0.000783325	0.980544	-0.0930928	-0.00138485
48	2.51383e-09	0.286178	0.985519	0.000371594	-0.947269	0.274769	-0.00046135
49	2.51383e-09	0.197172	1.00956	-0.000231725	-0.966118	0.191445	-0.000259002
50	2.51383e-09	0.601804	-0.830492	-0.00184971	0.799307	0.580675	-0.00227063
51	2.51383e-09	-0.367299	-0.950815	0.000495878	0.924624	-0.353783	0.000813438
52	2.51383e-09	-0.0379222	-1.02922	-0.000969491	0.984903	-0.0365651	0.000304157
53	2.51383e-09	1.00742	-0.203691	-0.000277555	0.195807	0.965403	0.0006879
54	2.51383e-09	-1.01523	0.0283619	0.000780132	-0.0255167	-0.994392	0.00114948
55	2.51383e-09	-0.66745	-0.790843	0.00119385	0.749035	-0.633219	-0.00121518
56	2.51383e-09	-0.638433	-0.80027	-0.0011053	0.772428	-0.618137	-0.000110389
57	2.51383e-09	-0.461599	-0.940128	-0.00102006	0.874362	-0.428745	-0.00117799
58	2.51383e-09	0.740572	0.736388	0.00142675	-0.690075	0.692364	0.000410575
59	2.51383e-09	1.02724	0.0198893	0.00184884	-0.0267855	0.986756	-0.00114032
60	2.51383e-09	-0.948312	-0.368223	-0.000741064	0.359529	-0.924575	0.000436303
61	2.51383e-09	0.669987	-0.789238	-0.00138377	0.748073	0.641019	0.00135064
62	2.51383e-09	-0.831538	0.606233	0.00170057	-0.58026	-0.79744	-0.000867739
63	2.51383e-09	0.947438	0.385888	0.000386024	-0.372823	0.914736	0.00063616
64	2.51383e-09	0.636087	0.813269	-0.000777122	-0.775206	0.602888	-0.0012571
65	2.51383e-09	-0.141758	1.03061	-0.000201186	-0.970621	-0.131901	-0.00169239
66	2.51383e-09	1.00743	-0.158648	0.00239057	0.153414	0.981899	-0.00200226
67	2.51383e-09	0.536464	-0.88804	-0.000357117	0.836547	0.512065	0.000870269
68	2.51383e-09	0.797618	-0.644953	-0.00146244	0.619452	0.770424	-0.000948237
69	2.51383e-09	-0.724718	-0.729891	-0.0017703	0.698847	-0.695704	0.000253122
70	2.51383e-09	-0.392646	-0.950503	-0.00198451	0.913148	-0.37499	-0.00193592
71	2.51383e-09	-0.384981	0.95849	0.000191985	-0.912483	-0.369457	-2.08374e-05
72	2.51383e-09	-0.073893	-1.05099	0.000194326	0.96926	-0.0669676	-0.000628134
73	2.51383e-09	1.0157	-0.227499	0.000969077	0.213705	0.954932	-0.00277157
74	2.51383e-09	-0.392614	-0.965439	0.00115862	0.91053	-0.365761	0.000133514
75	2.51383e-09	-0.566365	0.869628	-6.0439e-05	-0.820366	-0.538696	-0.000511392
76	2.51383e-09	-0.583086	-0.868207	-0.000979868	0.812818	-0.545888	-0.00158525
77	2.51383e-09	-0.357471	-0.99293	-0.00144842	0.916987	-0.327799	0.000286019
78	2.51383e-09	0.817295	-0.636791	-0.000293999	0.606243	0.778214	0.00123532
79	2.51383e-09	-0.52327	0.889256	0.000467541	-0.850997	-0.496276	0.00246674
80	2.51383e-09	1.03358	0.164154	0.000280096	-0.153573	0.965287	0.000657987
81	2.51383e-09	0.892799	-0.540334	0.000149357	0.506006	0.838121	0.000895437
82	2.51383e-09	-1.04527	0.0439185	5.54851e-05	-0.0451651	-0.978278	0.000574657
83	2.51383e-09	0.217307	-1.02313	0.00242112	0.955309	0.199422	0.000678889
84	2.51383e-09	-0.319194	1.00022	-8.98037e-05	-0.929889	-0.297478	0.000625114
85	2.51383e-09	-0.592809	0.835609	0.000149811	-0.80684	-0.573571	-0.0010991
86	2.51383e-09	-1.03753	0.117378	0.000630885	-0.111213	-0.97205	0.000336293
87	2.51383e-09	-1.04054	0.0190958	0.00121433	-0.0224574	-0.977519	-0.000597158
88	2.51383e-09	0.880435	0.541304	0.00250611	-0.515208	0.838354	5.37897e-05
89	2.51383e-09	0.640628	0.851544	-0.00041553	-0.774428	0.57996	-0.000791284
90	2.51383e-09	-0.349034	0.983526	-0.0014407	-0.922557	-0.329338	-0.00148212
91	2.51383e-09	-0.360846	-0.968027	0.0018936	0.923446	-0.341563	0.00223246
92	2.51383e-09	0.26102	1.02068	0.00213994	-0.943014	0.243257	0.000859703
93	2.51383e-09	-0.0199605	1.05156	-0.000272932	-0.977188	-0.0171124	0.000673198
94	2.51383e-09	0.576541	-0.873131	-0.00178253	0.811955	0.542035	-0.00104667
95	2.51383e-09	-0.931045	0.449485	-0.0013944	-0.426938	-0.888502	0.00114571
96	2.51383e-09	0.217142	-1.03353	0.000684301	0.950705	0.198789	-0.000318334
97	2.51383e-09	1.04494	0.174752	0.000853169	-0.157076	0.956035	-0.00388183
98	2.51383e-09	1.06128	-0.00858255	-0.00157748	0.0135883	0.971021	0.00158001
99	2.51383e-09	-0.799644	0.697346	-0.000848421	-0.63335	-0.735291	0.000877449
100	2.51383e-09	1.04617	-0.118454	0.0016978	0.104651	0.968398	0.00133931
101	2.51383e-09	0.757391	0.706284	-0.00165125	-0.669506	0.719908	-0.00063066
102	2.51383e-09	0.674444	0.786942	-0.00162146	-0.742649	0.642442	-0.00161307
103	2.51383e-09	1.05175	0.103015	0.00125703	-0.0945621	0.965952	-0.00133124
104	2.51383e-09	-0.87966	-0.57914	0.000917754	0.533302	-0.814601	-0.00133169
105	2.51383e-09	0.976931	0.402957	-0.000430332	-0.365443	0.898553	0.000336488
106	2.51383e-09	0.567808	-0.883367	-0.00206997	0.820813	0.526934	0.000194498
107	2.51383e-09	-1.04376	0.155831	0.00144706	-0.138521	-0.963781	-0.00077292
108	2.51383e-09	0.635353	-0.853938	0.000329029	0.776836	0.578999	0.00166538
109	2.51383e-09	0.834528	-0.659692	-0.00114627	0.598856	0.760541	0.00262919
110	2.51383e-09	0.440873	0.953336	-0.000168562	-0.887258	0.41105	0.00231082
111	2.51383e-09	-0.39888	0.991248	-0.000582177	-0.897524	-0.361127	-0.000161077
112	2.51383e-09	0.854183	0.631886	-0.0011524	-0.577332	0.777358	-0.000462269
113	2.51383e-09	0.750202	0.747133	0.00180102	-0.687218	0.687011	-0.00198533
114	2.51383e-09	-0.844661	0.623388	0.00022794	-0.58021	-0.783252	-0.000703432
115	2.51383e-09	-0.94663	-0.479309	0.00068313	0.436952	-0.86847	-0.00178702
116	2.51383e-09	-1.02615	0.234017	0.00128765	-0.211977	-0.951198	0.000165592
117	2.51383e-09	-0.311139	1.01859	-0.00161582	-0.925885	-0.284268	-0.000642762
118	2.51383e-09	0.963245	0.448965	0.00042927	-0.411467	0.878694	-0.000734851
119	2.51383e-09	0.143833	-1.04006	0.00203959	0.965501	0.134772	-0.000429687
120	2.51383e-09	-0.591084	0.870524	0.000839397	-0.803892	-0.550585	-0.00187014
121	2.51383e-09	-1.02444	0.283735	0.000766198	-0.258804	-0.933595	0.00049854
122	2.51383e-09	-0.846105	0.655581	0.00093844	-0.588101	-0.766609	0.000548941
123	2.51383e-09	0.858595	-0.60976	-0.000396863	0.565519	0.79099	0.00148221
124	2.51383e-09	-0.805445	-0.717368	0.000842699	0.634888	-0.722188	0.00287787
125	2.51383e-09	0.202884	-1.03375	0.000202186	0.955298	0.189838	0.00155366
126	2.51383e-09	0.173827	-1.04695	-8.55869e-05	0.955702	0.166451	-0.00137094
127	2.51383e-09	-1.00774	-0.329627	0.00237115	0.30138	-0.921829	-0.000550052
128	2.51383e-09	1.06845	-0.00299288	0.00205089	0.00622426	0.967164	1.50181e-05
129	2.51383e-09	-0.992156	-0.381207	-0.00232959	0.350241	-0.90133	-0.000339145
130	2.51383e-09	-0.546447	0.908097	-0.00136824	-0.834901	-0.497051	-3.60393e-05
131	2.51383e-09	-0.305393	1.02703	0.00199299	-0.928513	-0.277155	0.000710814
132	2.51383e-09	1.03284	-0.277216	-0.000416659	0.254841	0.935955	0.00158231
133	2.51383e-09	0.752128	0.751949	-0.00247335	-0.687778	0.684899	0.00240944
134	2.51383e-09	0.127009	-1.05289	0.00195279	0.964991	0.120216	-0.0015128
135	2.51383e-09	0.895903	-0.578269	0.00281143	0.528175	0.813273	-0.000418947
136	2.51383e-09	-0.83195	-0.683556	-0.00211644	0.610764	-0.745465	0.00186471
137	2.51383e-09	-1.02677	0.264246	0.000691921	-0.23985	-0.941577	0.00252123
138	2.51383e-09	0.124598	1.06469	0.000657227	-0.958741	0.11207	-0.00219932
139	2.51383e-09	-0.567188	0.907064	-0.00109784	-0.820432	-0.51151	0.00129821
140	2.51383e-09	0.384133	1.01576	-0.00136444	-0.897387	0.339181	7.08506e-05
141	2.51383e-09	0.00479928	1.06855	0.000479767	-0.96744	0.010301	0.00248649
142	2.51383e-09	0.634523	0.873611	-0.00175629	-0.776306	0.563652	0.00163671
143	2.51383e-09	-0.643967	-0.848973	-0.000266617	0.771614	-0.586402	-0.000851678
144	2.51383e-09	-0.360836	-1.0277	0.00204905	0.904429	-0.313375	-0.000583089
145	2.51383e-09	-0.626157	0.870813	-0.00170382	-0.783749	-0.562387	0.000633429
146	2.51383e-09	0.654587	0.882752	-0.000822201	-0.765756	0.568145	0.000916012
147	2.51383e-09	-0.398574	0.999961	0.00151094	-0.898073	-0.358201	-0.000168172
148	2.51383e-09	-0.880241	-0.634529	-0.0002777	0.56436	-0.775554	-0.000691487
149	2.51383e-09	0.344545	-1.0044	-0.000879546	0.921839	0.306133	-0.00087537
150	2.51383e-09	-0.0962854	-1.07173	-0.00323942	0.959353	-0.0881436	0.000598841
151	2.51383e-09	0.696677	-0.82144	0.000450084	0.734115	0.622905	-0.00130337
152	2.51383e-09	0.0904645	-1.06397	-0.000514365	0.96399	0.0799903	-0.00170647
153	2.51383e-09	0.0642099	-1.08488	-0.00135916	0.957172	0.0564715	0.000691106
154	2.51383e-09	1.03954	0.314072	0.00250178	-0.277997	0.92105	-0.0010078
155	2.51383e-09	-0.710606	-0.810141	-0.00186632	0.720907	-0.637177	0.000713354
156	2.51383e-09	0.904993	0.578278	-0.0021718	-0.522299	0.813389	-0.00120474
157	2.51383e-09	1.07611	-0.0788112	-0.00125911	0.0694919	0.959128	-0.00080285
158	2.51383e-09	1.03607	0.356164	0.00183377	-0.310779	0.901575	0.000514343
159	2.51383e-09	1.07668	0.00920454	0.00158781	-0.00962466	0.963461	0.00214285
160	2.51383e-09	-0.83584	-0.668492	-0.00221232	0.602182	-0.757078	-0.00121196
161	2.51383e-09	0.373264	1.01989	-0.00138494	-0.902708	0.327207	0.000750893
162	2.51383e-09	0.886295	0.636397	-0.00159475	-0.559401	0.777802	-0.000409548
163	2.51383e-09	0.468856	-0.970884	-2.3274e-05	0.86705	0.418683	-0.00168133
164	2.51383e-09	0.977766	0.427169	-0.000244419	-0.384234	0.888446	1.99899e-05
165	2.51383e-09	0.991798	0.454266	0.000959366	-0.401258	0.872001	0.000285002
166	2.51383e-09	-0.797279	-0.738185	1.10263e-05	0.655132	-0.701279	0.00197103
167	2.51383e-09	0.352705	1.03214	-0.00359568	-0.904335	0.306175	0.00012057
168	2.51383e-09	0.224622	-1.06167	-0.0010898	0.939515	0.192079	0.00180729
169	2.51383e-09	0.748615	-0.773251	-0.00138642	0.693597	0.673101	-0.000737096
170	2.51383e-09	-0.0254591	1.09851	-0.000312851	-0.950859	-0.0231028	0.00239499
171	2.51383e-09	0.12278	-1.07735	0.00255923	0.95544	0.10596	0.000521057
172	2.51383e-09	1.05172	-0.313447	-0.00114429	0.275395	0.915699	-0.00103792
173	2.51383e-09	-0.349219	1.04611	0.00215037	-0.902782	-0.299412	0.000475707
174	2.51383e-09	0.984221	-0.488447	0.00044594	0.426072	0.855462	-0.000508752
175	2.51383e-09	-0.524048	0.963936	0.000526931	-0.833694	-0.457189	0.00100068
176	2.51383e-09	-0.598447	-0.890857	0.00184103	0.800679	-0.541346	-6.41268e-05
177	2.51383e-09	-0.738852	-0.813392	-0.000626059	0.705802	-0.643253	0.00181465
178	2.51383e-09	0.0752753	1.08586	0.00100221	-0.955746	0.0655419	-0.000897979
179	2.51383e-09	0.435063	-1.00665	0.000496851	0.875055	0.377422	-0.00045309
180	2.51383e-09	-1.08705	0.106672	-0.00203778	-0.0963299	-0.949769	0.000742
181	2.51383e-09	-0.805138	0.747001	0.00105016	-0.651457	-0.69814	0.000336017
182	2.51383e-09	0.931497	0.555461	0.000923804	-0.491966	0.82583	0.00213711
183	2.51383e-09	0.718301	0.838546	-0.00155111	-0.723079	0.618549	0.000746077
184	2.51383e-09	1.07467	0.271571	2.36128e-05	-0.231438	0.920478	-0.000590461
185	2.51383e-09	1.04947	0.264283	0.000509357	-0.236035	0.932548	0.00114356
186	2.51383e-09	0.8566	-0.672013	-0.000425356	0.585385	0.755843	0.000573866
187	2.51383e-09	0.938193	-0.535784	0.000742704	0.476981	0.83496	-0.0004477
188	2.51383e-09	0.400293	1.02014	0.00106268	-0.889967	0.350121	0.000871328
189	2.51383e-09	0.902296	-0.62979	-0.00140839	0.544672	0.78212	-0.00132006
190	2.51383e-09	0.233577	1.07589	-0.00169054	-0.934855	0.198905	0.00136809
191	2.51383e-09	-1.00026	0.437465	-0.000832857	-0.383066	-0.878455	0.00133382
192	2.51383e-09	-1.06315	0.297373	-0.00238294	-0.254485	-0.915033	-0.00194675
193	2.51383e-09	0.31579	1.05231	0.000560363	-0.916515	0.273853	0.00100547
194	2.51383e-09	0.990742	0.509686	0.000653687	-0.437962	0.839661	-0.000549594
195	2.51383e-09	-0.777808	0.75955	-0.00204741	-0.674323	-0.681589	-0.000530436
196	2.51383e-09	-0.217289	1.07614	0.000621417	-0.934857	-0.185074	0.000219707
197	2.51383e-09	1.09635	-0.0859731	-0.000814242	0.0779396	0.948883	9.05834e-05
198	2.51383e-09	-0.770032	-0.801892	-0.00148791	0.680365	-0.658685	0.000757994
199	2.51383e-09	0.397913	1.02346	-0.000164154	-0.891528	0.342769	-0.000560864
200	2.51383e-09	0.377922	1.04286	-0.00012771	-0.892613	0.320064	-0.00199926
201	2.51383e-09	0.700477	0.856299	-0.00206165	-0.734533	0.601301	0.000298075
202	2.51383e-09	-0.282338	1.05627	-0.00137763	-0.926237	-0.246981	-0.00252692
203	2.51383e-09	0.0762494	-1.08013	0.000692217	0.958672	0.0657548	-0.000241022
204	2.51383e-09	-1.09757	-0.164801	-0.000147993	0.142205	-0.936633	-0.00165772
205	2.51383e-09	-0.851039	0.735555	0.00011614	-0.615726	-0.712013	-0.00122248
206	2.51383e-09	-0.199633	-1.08108	-0.0029667	0.938532	-0.176925	4.44038e-05
207	2.51383e-09	0.832696	0.739715	-0.000970347	-0.628933	0.707139	-0.00038209
208	2.51383e-09	-0.961783	0.509296	0.00196509	-0.452023	-0.846349	9.53934e-05
209	2.51383e-09	-0.650742	-0.886774	-0.00217981	0.76742	-0.563542	-0.000348008
210	2.51383e-09	-0.768962	-0.809387	-0.000960001	0.684576	-0.650192	-0.000226889
211	2.51383e-09	0.651937	-0.889693	-0.000257294	0.769894	0.559255	0.000309691
212	2.51383e-09	-1.0116	0.48567	0.000118842	-0.409476	-0.85082	0.000931045
213	2.51383e-09	-1.08513	0.0525175	-0.000366824	-0.050452	-0.959504	-0.0014768
214	2.51383e-09	-0.546242	-0.95332	0.000225986	0.830821	-0.474411	0.000864107
215	2.51383e-09	0.417303	-1.03958	-0.0017195	0.872869	0.352926	-0.00202566
216	2.51383e-09	1.05406	-0.36843	0.00104361	0.316589	0.891088	-0.00149579
217	2.51383e-09	-0.949474	0.593961	0.000544113	-0.502706	-0.797775	0.000150348
218	2.51383e-09	1.04831	-0.282189	0.000688948	0.252931	0.926939	-0.00054872
219	2.51383e-09	-0.130868	1.10529	0.000165588	-0.943567	-0.110575	0.000124864
220	2.51383e-09	0.487255	0.997591	0.00203144	-0.85382	0.415426	0.00137951
221	2.51383e-09	-0.23878	-1.07998	-0.00130275	0.926356	-0.208876	-0.000519282
222	2.51383e-09	0.641322	0.914324	-0.00176614	-0.772349	0.545773	-0.000972905
223	2.51383e-09	0.191198	-1.09921	0.0019095	0.933349	0.165192	-0.000370759
224	2.51383e-09	-0.324407	-1.05932	0.000799611	0.905795	-0.279462	-0.00108603
225	2.51383e-09	-1.03315	-0.435984	0.00125722	0.369352	-0.865598	0.00155824
226	2.51383e-09	0.879599	-0.706206	0.000489886	0.589417	0.734473	-0.000227563
227	2.51383e-09	-0.773694	0.789715	0.00195941	-0.683614	-0.663824	0.000770058
228	2.51383e-09	1.10116	0.193951	-0.000297991	-0.163177	0.930922	0.00117298
229	2.51383e-09	-1.05242	0.390487	-0.00240064	-0.328495	-0.887058	-0.00157928
230	2.51383e-09	1.00036	0.536332	0.000137008	-0.443037	0.826641	-0.00194294
231	2.51383e-09	0.349089	1.07092	-0.000592391	-0.896226	0.296226	0.00132496
232	2.51383e-09	-0.935267	0.59644	0.00268884	-0.504613	-0.802777	-0.000854466
233	2.51383e-09	1.08689	-0.287126	-1.03851e-05	0.242851	0.908774	0.00115074
234	2.51383e-09	1.12197	0.0374548	-0.000537108	-0.0344351	0.942161	-0.000376459
235	2.51383e-09	-0.593886	0.941108	0.00515422	-0.801282	-0.509059	0.00127858
236	2.51383e-09	-1.12393	-0.102442	0.000658398	0.090176	-0.937658	-0.000700913
237	2.51383e-09	0.990957	0.521731	0.000265238	-0.441232	0.836137	0.000454593
238	2.51383e-09	-0.829597	0.776866	-0.00148066	-0.637398	-0.684928	-0.000618928
239	2.51383e-09	-1.06384	0.302354	-0.0010499	-0.25819	-0.915126	-0.00178507
240	2.51383e-09	-1.02757	0.490922	0.00177998	-0.402191	-0.84372	0.00170739
241	2.51383e-09	0.274045	1.08162	-0.00299425	-0.91981	0.233496	-0.00178274
242	2.51383e-09	-0.963064	0.631114	-0.00136041	-0.513636	-0.777809	-0.000430008
243	2.51383e-09	0.345088	1.07187	0.00183009	-0.897637	0.283858	-0.00141809
244	2.51383e-09	0.7258	-0.869448	0.000329825	0.718549	0.605466	-0.000869859
245	2.51383e-09	-1.10805	-0.202884	-0.00114684	0.170366	-0.92552	0.00121213
246	2.51383e-09	0.44538	1.02425	-0.00214769	-0.86533	0.383615	-0.00121128
247	2.51383e-09	-0.464658	-1.00926	0.00127373	0.861478	-0.39482	0.00133292
248	2.51383e-09	0.737037	-0.833944	0.0006912	0.713231	0.627045	0.00153073
249	2.51383e-09	-0.674413	0.90434	-0.000566074	-0.754612	-0.560526	4.69774e-05
250	2.51383e-09	-1.0853	-0.318121	0.000267801	0.265239	-0.902619	0.00202299
251	2.51383e-09	0.929126	-0.646979	-0.00264026	0.534236	0.772283	-0.000672001
252	2.51383e-09	-0.482656	1.01317	0.00194653	-0.854343	-0.406792	0.00107469
253	2.51383e-09	1.13133	-0.09151	0.000229833	0.0765697	0.934558	0.000287491
254	2.51383e-09	0.956641	0.596014	-0.00139261	-0.500037	0.795733	-8.02497e-05
255	2.51383e-09	-1.12486	0.0390727	0.00297243	-0.031573	-0.944541	0.00171257
256	2.51383e-09	0.664479	-0.92421	0.000594278	0.76241	0.545326	0.00184358
257	2.51383e-09	-0.254373	1.10767	-0.00194712	-0.913616	-0.212628	0.000807034
258	2.51383e-09	1.10087	-0.296685	0.0014438	0.247211	0.901617	-0.00279232
259	2.51383e-09	1.12801	0.00307572	0.000394288	0.00058002	0.942424	-0.0022118
260	2.51383e-09	-0.875822	0.719612	0.00319105	-0.594998	-0.728285	-0.00275935
261	2.51383e-09	-0.573303	-0.983262	-0.000961356	0.812948	-0.471072	0.000171072
262	2.51383e-09	0.812574	-0.756257	-0.00370415	0.647941	0.697384	0.0021251
263	2.51383e-09	-0.779624	-0.824383	0.000582563	0.68244	-0.643832	0.00198431
264	2.51383e-09	0.23509	-1.10114	-0.000201499	0.920921	0.200772	-0.000583266
265	2.51383e-09	0.181487	-1.12716	-0.000649315	0.924631	0.151572	-0.000820208
266	2.51383e-09	0.615278	0.956897	0.00145029	-0.788173	0.508589	0.00106825
267	2.51383e-09	1.00666	-0.518569	0.00305459	0.430939	0.83319	-0.00231195
268	2.51383e-09	-0.847041	-0.749787	-9.90181e-05	0.622326	-0.703917	-0.000463483
269	2.51383e-09	-0.835516	0.777244	-0.000564447	-0.638535	-0.683661	-0.00123441
270	2.51383e-09	0.765987	-0.838302	0.000698323	0.693984	0.632433	-0.00110957
271	2.51383e-09	0.551994	-1.01101	0.000275036	0.816807	0.44553	0.00125063
272	2.51383e-09	0.535569	-1.01273	0.00320559	0.824656	0.437296	-0.00126629
273	2.51383e-09	0.324712	1.09382	-0.000806658	-0.8993	0.263344	-0.000104835
274	2.51383e-09	-0.607439	0.936742	-0.000101762	-0.796231	-0.515649	-0.00134576
275	2.51383e-09	1.10788	-0.218392	-0.00027914	0.183329	0.926027	0.00196167
276	2.51383e-09	0.71288	-0.873621	0.00099984	0.730144	0.596171	0.000883531
277	2.51383e-09	0.916944	0.67825	-9.90797e-05	-0.553683	0.756591	0.000221598
278	2.51383e-09	-1.00746	-0.532212	-0.000507248	0.441283	-0.828782	0.000344563
279	2.51383e-09	-1.13163	-0.183354	-0.000414394	0.154101	-0.91947	0.000384438
280	2.51383e-09	-1.08195	-0.418471	-0.00095219	0.334047	-0.867064	0.000587318
281	2.51383e-09	-1.05918	0.401976	0.000784509	-0.335109	-0.880729	0.00071816
282	2.51383e-09	1.06091	0.430694	0.00304573	-0.353647	0.864589	0.00117517
283	2.51383e-09	0.877637	-0.716086	0.000981851	0.596178	0.727049	0.00132882
284	2.51383e-09	-1.14675	-0.132736	9.45278e-05	0.107381	-0.925125	0.001205
285	2.51383e-09	-0.11464	1.144	0.000134131	-0.930681	-0.0937349	0.000821876
286	2.51383e-09	-0.764571	-0.828574	0.00181542	0.691202	-0.640714	0.000277617
287	2.51383e-09	0.0265484	1.14663	-0.00017358	-0.932021	0.0251502	0.000517694
288	2.51383e-09	-0.391072	-1.08233	0.000996727	0.877372	-0.315357	0.00116134
289	2.51383e-09	0.312046	1.11377	-0.00354305	-0.895698	0.247867	0.000514994
290	2.51383e-09	1.03048	0.493906	-0.00247709	-0.404232	0.843473	-0.00129183
291	2.51383e-09	0.453305	-1.05055	-0.000905187	0.859508	0.368768	0.00145
292	2.51383e-09	-0.336103	1.11155	0.00172678	-0.888949	-0.262585	-0.000816634
293	2.51383e-09	0.920061	0.678638	-0.00182249	-0.554917	0.754307	-0.00213752
294	2.51383e-09	-0.00115142	-1.15973	-0.000804806	0.928305	-0.000760125	-0.00236989
295	2.51383e-09	0.715875	-0.885814	-0.00325014	0.731845	0.587037	0.00120792
296	2.51383e-09	-1.14077	0.173606	0.000132475	-0.143164	-0.921133	-0.000512458
297	2.51383e-09	1.13376	0.130151	-0.000293407	-0.10591	0.931378	0.000970186
298	2.51383e-09	0.814464	0.818539	-5.38785e-05	-0.658028	0.657185	-0.000346903
299	2.51383e-09	0.464778	-1.06828	0.0029123	0.851436	0.361466	-0.000959004
300	2.51383e-09	-1.11035	0.336621	-0.000421247	-0.265003	-0.892088	-0.00105631
301	2.51383e-09	0.620895	-0.969097	-0.00161074	0.789723	0.498544	-0.0016825
302	2.51383e-09	-0.676408	0.948253	0.00255938	-0.753021	-0.537524	0.00123955
303	2.51383e-09	-0.655385	-0.94492	-0.000739538	0.769659	-0.531112	-0.00113236
304	2.51383e-09	0.470644	1.06375	-0.00229772	-0.846608	0.377434	0.00176982
305	2.51383e-09	0.805422	0.809128	0.00192087	-0.6648	0.659758	0.00172871
306	2.51383e-09	-0.984193	-0.604467	-0.0024409	0.484485	-0.795599	-8.73356e-06
307	2.51383e-09	-1.14136	0.109573	0.000392693	-0.090241	-0.930305	-0.0014967
308	2.51383e-09	1.03392	0.543248	0.00194652	-0.430298	0.817396	3.92019e-05
309	2.51383e-09	-1.06477	-0.421821	-0.001744	0.342677	-0.870861	-0.000260956
310	2.51383e-09	-0.722173	-0.905643	0.00166747	0.723198	-0.577488	6.37888e-06
311	2.51383e-09	0.46447	-1.058	0.00167095	0.851485	0.374933	-0.0014334
312	2.51383e-09	1.13783	0.236664	-0.00267836	-0.185988	0.90881	-0.00212939
313	2.51383e-09	-0.581762	0.998074	-0.00213092	-0.802885	-0.46923	-0.00126573
314	2.51383e-09	-0.234109	-1.12854	-0.0023526	0.912879	-0.188673	-0.000824116
315	2.51383e-09	0.0181506	1.16353	0.00245035	-0.928523	0.0164551	0.0013605
316	2.51383e-09	-0.672593	-0.949235	0.000938183	0.75745	-0.535629	0.0019322
317	2.51383e-09	-0.480749	-1.05288	-0.00187926	0.843707	-0.386053	0.000185289
318	2.51383e-09	-0.262131	-1.13466	4.78167e-05	0.900535	-0.209131	-0.00254907
319	2.51383e-09	-0.0572021	1.16635	-0.00221559	-0.924725	-0.0459145	-0.000901078
320	2.51383e-09	1.18011	0.0553361	-0.00109594	-0.0462411	0.917505	0.000169876
321	2.51383e-09	-1.02823	-0.552554	-0.000384337	0.440799	-0.813452	0.000957949
322	2.51383e-09	-0.196738	-1.14394	-0.000327131	0.915238	-0.163728	0.000372116
323	2.51383e-09	1.16297	0.14413	0.00305098	-0.118081	0.916308	-0.000103582
324	2.51383e-09	0.432938	-1.09851	0.00145359	0.855019	0.33742	0.00171776
325	2.51383e-09	-0.730099	-0.917147	-0.000675771	0.723058	-0.573631	0.000473427
326	2.51383e-09	-0.642119	0.9737	-0.0016972	-0.773921	-0.512531	-0.000881838
327	2.51383e-09	-0.512054	1.06115	-0.00304824	-0.830739	-0.398766	0.000653293
328	2.51383e-09	0.926865	0.677769	-0.000711409	-0.549474	0.756805	-0.000804684
329	2.51383e-09	0.0561105	1.17846	-0.00310022	-0.922396	0.0425745	0.00057221
330	2.51383e-09	-0.75675	-0.873212	0.00126075	0.705619	-0.607866	-0.00105847
331	2.51383e-09	0.352866	1.11407	0.000992259	-0.87891	0.280176	-6.02087e-05
332	2.51383e-09	1.15231	-0.117925	-0.000260864	0.0923598	0.925121	0.000626783
333	2.51383e-09	1.00998	0.615889	0.0013236	-0.476786	0.784473	7.24413e-05
334	2.51383e-09	0.529605	-1.04933	-0.000435381	0.822177	0.416823	0.000872855
335	2.51383e-09	-1.02437	0.585559	-0.000621113	-0.45943	-0.797526	0.0010744
336	2.51383e-09	1.07635	-0.459022	0.000138762	0.364789	0.85074	0.00121337
337	2.51383e-09	1.16763	-0.118984	-0.00171609	0.0957367	0.918688	-0.00103225
338	2.51383e-09	1.11661	-0.35362	-0.00204376	0.276113	0.880517	7.56812e-05
339	2.51383e-09	0.962924	-0.701271	-0.00161802	0.537344	0.742006	-0.00156484
340	2.51383e-09	-1.18095	0.118847	0.000504516	-0.0907741	-0.912862	-0.000631717
341	2.51383e-09	-0.165649	1.16211	-0.00130115	-0.914444	-0.136568	-1.58638e-05
342	2.51383e-09	-0.579195	1.01182	-0.000943634	-0.803206	-0.461816	0.000981403
343	2.51383e-09	1.11532	-0.346447	-0.00180964	0.277074	0.882149	0.00200593
344	2.51383e-09	1.11077	-0.38859	0.00031604	0.300466	0.871008	0.000879796
345	2.51383e-09	-1.0887	-0.427667	-0.00175368	0.336549	-0.86058	-0.00146824
346	2.51383e-09	-0.454895	1.06439	-0.000112883	-0.855915	-0.363594	-0.00134692
347	2.51383e-09	-1.17086	0.0168731	-0.00109702	-0.0173535	-0.924007	-0.000700341
348	2.51383e-09	-0.0248701	-1.17935	-0.000489588	0.922407	-0.017481	0.00103221
349	2.51383e-09	-1.17508	0.141961	0.000744772	-0.110076	-0.909095	-0.00125806
350	2.51383e-09	0.416605	1.09509	-8.22556e-05	-0.861672	0.330769	-0.000535457
351	2.51383e-09	0.791159	0.87104	-0.000516695	-0.684019	0.622059	0.000951435
352	2.51383e-09	-1.17951	-0.0864068	0.00134868	0.0666389	-0.917075	-0.0028645
353	2.51383e-09	-0.0889132	-1.1846	-0.000168642	0.915471	-0.0706015	0.000730735
354	2.51383e-09	1.10644	-0.438279	0.000985494	0.336059	0.853304	0.00109978
355	2.51383e-09	0.176913	-1.15603	-5.10407e-05	0.912534	0.139286	-0.000590237
356	2.51383e-09	-1.13851	0.348218	0.000274483	-0.267907	-0.876178	0.000110398
357	2.51383e-09	1.0913	-0.444083	8.70531e-05	0.347264	0.854159	0.000815772
358	2.51383e-09	0.44206	1.11132	-0.00149807	-0.8493	0.337975	0.000633892
359	2.51383e-09	0.522046	1.08645	-0.000141324	-0.818125	0.393263	7.63205e-05
360	2.51383e-09	-0.410958	1.08716	-0.00249385	-0.869139	-0.325868	-0.000788755
361	2.51383e-09	-0.720184	0.944987	-0.000391354	-0.726882	-0.554617	0.000307945
362	2.51383e-09	-1.12604	0.339359	0.00150843	-0.266704	-0.88362	0.00114658
363	2.51383e-09	-0.70506	0.946481	-0.00143135	-0.736812	-0.549526	0.00113707
364	2.51383e-09	0.633898	-0.993431	0.00100319	0.776534	0.492844	0.00162432
365	2.51383e-09	-0.342994	-1.14145	0.0014978	0.875218	-0.26506	0.000549446
366	2.51383e-09	-0.491861	1.08458	0.00129217	-0.833455	-0.378587	0.0019617
367	2.51383e-09	-0.441556	-1.10831	-0.00115629	0.851945	-0.33585	-8.58245e-05
368	2.51383e-09	-0.706918	0.955642	-0.00230999	-0.73978	-0.543412	-0.000352583
369	2.51383e-09	-0.450365	1.10642	0.0019322	-0.847272	-0.347393	0.000991312
370	2.51383e-09	1.1033	0.455151	-0.00134012	-0.348002	0.845187	-0.00109939
371	2.51383e-09	1.10021	-0.495681	-0.00144817	0.37518	0.827133	-0.00185824
372	2.51383e-09	0.822274	-0.84852	0.00154444	0.661533	0.639714	0.000148144
373	2.51383e-09	0.994034	0.654159	-0.00066465	-0.504846	0.766036	0.000548558
374	2.51383e-09	-1.01164	0.656515	0.000867536	-0.4973	-0.761546	-0.000852812
375	2.51383e-09	0.0523754	-1.18999	3.2894e-06	0.916514	0.0412445	0.000785639
376	2.51383e-09	0.0267424	-1.18272	-0.000170171	0.922196	0.0159945	0.000500425
377	2.51383e-09	0.893707	0.781579	-0.00243685	-0.605172	0.692338	0.000440504
378	2.51383e-09	-0.306155	1.15996	0.000920672	-0.881977	-0.234733	0.00149338
379	2.51383e-09	1.17957	0.0178245	-0.000532197	-0.0067504	0.922182	-0.000626688
380	2.51383e-09	1.18366	0.0732455	0.00105222	-0.0557668	0.916317	-0.0022398
381	2.51383e-09	-1.10476	-0.430182	-0.00107803	0.335264	-0.854696	-0.00072634
382	2.51383e-09	0.325567	-1.1482	0.000225384	0.879222	0.251217	0.00161646
383	2.51383e-09	-1.16786	-0.140536	0.0015679	0.106105	-0.91616	0.00192848
384	2.51383e-09	0.973663	0.704305	-0.00235301	-0.538115	0.738413	-0.00178412
385	2.51383e-09	0.964818	-0.690266	-3.65314e-06	0.533925	0.746241	0.00112878
386	2.51383e-09	-0.143941	1.19281	-0.000900274	-0.907883	-0.106522	0.00024013
387	2.51383e-09	1.18059	0.202636	0.00120541	-0.153662	0.901698	-0.00040985
388	2.51383e-09	1.136	0.379388	0.000494593	-0.296293	0.865276	0.00149686
389	2.51383e-09	-0.555713	1.06476	3.39354e-05	-0.806807	-0.424353	-0.000592108
390	2.51383e-09	-0.913174	0.76088	0.0005627	-0.586703	-0.704557	0.000478873
391	2.51383e-09	-0.163896	-1.19557	-0.000991355	0.901915	-0.127682	-0.000871151
392	2.51383e-09	1.18852	-0.178317	-0.000510393	0.135432	0.903372	-0.00114206
393	2.51383e-09	-1.13725	-0.39608	0.00151567	0.30221	-0.860852	0.00132882
394	2.51383e-09	0.866211	-0.816064	-0.00128177	0.630763	0.668661	-0.00097401
395	2.51383e-09	0.825957	0.882491	-0.00125779	-0.662662	0.620758	-0.000518666
396	2.51383e-09	0.465303	1.10522	-0.00240457	-0.845004	0.350561	-0.000894231
397	2.51383e-09	-0.133848	1.19851	-0.00108922	-0.905268	-0.0976964	-0.00136587
398	2.51383e-09	0.309046	-1.1641	-0.00205139	0.883317	0.231513	0.000924377
399	2.51383e-09	-0.340374	-1.15431	-0.00292468	0.873266	-0.257564	0.000784669
400	2.51383e-09	-0.396955	1.1298	0.00248716	-0.859432	-0.30753	-0.000959825
