3.071001e+03
401
0	1	0.000141946	8.80527e-05	-1.29585e-07	1.03835e-08	1.01832e-08	2.6026e-11
1	2.51383e-09	0.97337	0.233552	0.000661739	-0.228336	0.972731	0.000231715
2	2.51383e-09	0.376029	0.933717	-0.00102539	-0.924031	0.373385	-7.0903e-05
3	2.51383e-09	0.954265	-0.303483	0.000479348	0.30269	0.951984	0.00105292
4	2.51383e-09	-0.997106	-0.0438373	0.000456399	0.0419905	-0.999959	-0.000702949
5	2.51383e-09	-0.166126	-0.985823	0.000383912	0.986027	-0.165274	-0.000767607
6	2.51383e-09	0.91629	-0.418447	-0.000466556	0.41536	0.905456	-0.00115993
7	2.51383e-09	-0.366171	-0.933069	0.000551801	0.929463	-0.364874	-0.00189268
8	2.51383e-09	0.988938	0.15707	0.000155406	-0.15316	0.987676	0.000510842
9	2.51383e-09	-0.683386	-0.73633	-0.000699402	0.730631	-0.677023	5.06627e-05
10	2.51383e-09	1.00295	-0.030585	-0.000565961	0.0306548	0.996326	-0.000749482
11	2.51383e-09	0.812416	-0.587416	-0.000908641	0.583775	0.810352	0.000846284
12	2.51383e-09	-0.340989	0.96325	-0.00056936	-0.931144	-0.329927	-0.000333549
13	2.51383e-09	0.422326	-0.917446	-0.00208517	0.905345	0.410003	-0.000900729
14	2.51383e-09	0.793063	0.632642	0.00112959	-0.614772	0.775784	0.000611935
15	2.51383e-09	0.630586	-0.784522	-0.000925025	0.782451	0.618605	-0.00137357
16	2.51383e-09	-0.280628	0.962137	-0.000770695	-0.959751	-0.279235	-0.000445567
17	2.51383e-09	0.373973	-0.925874	0.00128834	0.927683	0.375824	0.00125253
18	2.51383e-09	-0.349955	0.949015	0.0015806	-0.932249	-0.348168	-0.000956477
19	2.51383e-09	-0.538947	-0.862454	-0.000403726	0.838006	-0.525932	-0.00187665
20	2.51383e-09	0.902176	0.491177	-0.00199965	-0.474841	0.86726	0.0018402
21	2.51383e-09	-0.129292	-1.00647	-0.00172401	0.982049	-0.121772	0.000692045
22	2.51383e-09	-0.895436	-0.478299	0.000718896	0.464416	-0.877597	0.00257121
23	2.51383e-09	1.00498	0.13963	-0.00103391	-0.132449	0.98439	-0.00134451
24	2.51383e-09	0.917344	0.420743	-0.00083489	-0.421707	0.904047	-0.000717428
25	2.51383e-09	0.610497	-0.818853	-0.00177395	0.79357	0.590267	-0.00217248
26	2.51383e-09	-0.91604	-0.439587	-0.00142119	0.42693	-0.893318	-0.000537735
27	2.51383e-09	-0.983166	0.208798	0.000275956	-0.212441	-0.9761	0.00232729
28	2.51383e-09	-0.230493	-0.988429	-0.000496218	0.968152	-0.227647	1.97658e-05
29	2.51383e-09	-0.729152	0.718219	0.000579435	-0.692873	-0.703767	-0.00158123
30	2.51383e-09	0.94554	-0.362017	0.00138641	0.357756	0.926753	-0.00198808
31	2.51383e-09	-0.986354	0.212211	0.000537961	-0.208604	-0.973959	-0.000968253
32	2.51383e-09	-0.503301	-0.872006	-0.000147981	0.863247	-0.499378	0.00119795
33	2.51383e-09	-0.638016	0.795906	0.00143777	-0.773179	-0.620004	-0.000370149
34	2.51383e-09	-0.840393	0.597109	0.000192601	-0.572107	-0.801285	0.000943465
35	2.51383e-09	0.967194	0.339756	0.00129266	-0.322443	0.930666	-0.000552317
36	2.51383e-09	-0.967428	-0.304401	-0.00115797	0.300784	-0.946475	0.00039333
37	2.51383e-09	0.859257	0.535496	-0.00100905	-0.526536	0.846319	0.00277966
38	2.51383e-09	0.956374	-0.315223	-0.00142657	0.311888	0.94643	-0.000361325
39	2.51383e-09	0.988478	-0.214276	-0.00146344	0.214899	0.971351	-0.000986313
40	2.51383e-09	-0.991099	-0.186278	0.000410826	0.182853	-0.978668	0.00176625
41	2.51383e-09	0.0132896	1.01529	0.000813305	-0.992275	0.012637	-0.0021644
42	2.51383e-09	-0.553737	0.8668	0.00200641	-0.830454	-0.532418	-0.000475523
43	2.51383e-09	0.0414429	-1.01966	0.00238225	0.987545	0.0411425	0.000481749
44	2.51383e-09	0.958045	0.388011	0.00027476	-0.36363	0.912279	-0.00159789
45	2.51383e-09	0.895153	-0.493571	0.0014097	0.480002	0.867141	-0.00206985
46	2.51383e-09	1.02716	-0.000891743	0.00212653	0.00161504	0.985829	0.000196119
47	2.51383e-09	-0.86057	0.546461	-0.000325663	-0.534519	-0.833193	0.00132322
48	2.51383e-09	-0.835726	-0.584348	-0.000173898	0.569067	-0.811682	-0.000383173
49	2.51383e-09	-0.479124	-0.908582	-0.00148183	0.874631	-0.457773	9.9736e-05
50	2.51383e-09	0.795132	-0.647679	-0.000579834	0.62276	0.766993	-0.00221778
51	2.51383e-09	1.01054	0.0629357	0.000647842	-0.0622135	0.994526	-0.000253175
52	2.51383e-09	0.906278	0.494751	-0.00033647	-0.472086	0.864198	0.000404402
53	2.51383e-09	0.93726	-0.407131	-0.00111518	0.395965	0.906299	9.48144e-05
54	2.51383e-09	-0.0310995	1.01268	-0.000366126	-0.992788	-0.0352783	0.000879059
55	2.51383e-09	-0.901601	0.519621	-0.000206997	-0.488155	-0.847551	0.000649957
56	2.51383e-09	-0.977666	-0.307703	0.00124576	0.292831	-0.943869	-0.00254318
57	2.51383e-09	-0.312917	0.984572	0.000344964	-0.939302	-0.296076	0.00142257
58	2.51383e-09	0.786127	-0.673285	-0.00134425	0.637577	0.747235	0.000629459
59	2.51383e-09	-0.690176	0.753132	-0.00050237	-0.734808	-0.665072	-0.000436105
60	2.51383e-09	0.282443	-0.986423	0.00223146	0.948717	0.268157	0.0016781
61	2.51383e-09	0.993784	-0.288577	-0.00208574	0.275105	0.946117	0.000528315
62	2.51383e-09	-0.388265	0.954005	0.00125419	-0.911529	-0.372005	0.00102101
63	2.51383e-09	-0.271224	-0.99421	-0.000403953	0.947897	-0.264048	-0.00144064
64	2.51383e-09	-1.02616	0.0285045	-0.00100739	-0.0254067	-0.987089	0.00124106
65	2.51383e-09	-0.952663	0.412401	-0.00158904	-0.388317	-0.90035	-0.00111271
66	2.51383e-09	-0.951577	0.404775	-0.0013084	-0.384837	-0.902325	-0.00186343
67	2.51383e-09	0.234948	1.01147	0.00159439	-0.956308	0.222008	-0.00151197
68	2.51383e-09	-0.905266	0.498927	-0.00193632	-0.476571	-0.859697	0.00264997
69	2.51383e-09	-0.996765	0.254401	0.000228604	-0.245135	-0.95632	-0.00172938
70	2.51383e-09	-0.206401	-1.00477	0.00133109	0.968607	-0.199664	-0.00211254
71	2.51383e-09	-0.99736	-0.285738	-0.00114075	0.270895	-0.94383	0.00144371
72	2.51383e-09	-1.04337	0.0759172	0.000644349	-0.0775573	-0.975658	0.00139958
73	2.51383e-09	0.0690917	1.03219	-0.00149481	-0.980958	0.0623015	-0.00111774
74	2.51383e-09	-0.546383	0.881976	-0.00101617	-0.831798	-0.518093	-0.00192337
75	2.51383e-09	-0.850107	-0.587886	-0.000924858	0.558534	-0.810124	-6.92574e-05
76	2.51383e-09	-1.01103	-0.274269	1.67386e-06	0.257145	-0.94325	8.40376e-05
77	2.51383e-09	0.0337183	-1.0468	0.000940039	0.976816	0.0308587	0.00101236
78	2.51383e-09	-0.710646	-0.758979	-0.000666225	0.719226	-0.667626	0.00065151
79	2.51383e-09	0.0773602	-1.03309	0.00297196	0.977877	0.0722931	0.000386293
80	2.51383e-09	0.855893	0.599846	0.00126166	-0.562094	0.800006	0.00105145
81	2.51383e-09	1.03077	-0.160674	-0.000127235	0.14984	0.968554	6.06219e-06
82	2.51383e-09	-0.928017	-0.48317	8.62651e-05	0.448045	-0.870177	-0.000447953
83	2.51383e-09	1.04166	-0.0968044	0.00229263	0.0887914	0.97152	0.000177055
84	2.51383e-09	-0.994297	0.290654	-0.0021797	-0.277535	-0.944438	0.000909499
85	2.51383e-09	0.543173	0.880081	0.00142758	-0.836596	0.515267	0.00154024
86	2.51383e-09	-0.794152	-0.681355	0.0010138	0.63833	-0.740053	0.000457296
87	2.51383e-09	0.107592	-1.0338	0.000853255	0.973175	0.106327	-0.000784052
88	2.51383e-09	0.892198	-0.524413	-0.0012766	0.498289	0.848816	0.00198697
89	2.51383e-09	-0.84821	-0.633042	-0.00061605	0.581176	-0.780389	0.000860817
90	2.51383e-09	-1.0395	0.111095	-0.00136709	-0.105693	-0.972221	-0.00166914
91	2.51383e-09	0.56317	0.874373	0.000482787	-0.823051	0.535312	-0.000297496
92	2.51383e-09	-1.04559	-0.13573	0.00186485	0.128013	-0.964458	-0.00033704
93	2.51383e-09	-0.981088	-0.391292	0.0024602	0.356888	-0.904859	-0.000215772
94	2.51383e-09	0.0736795	-1.04268	0.000517409	0.974685	0.0710278	-0.00172514
95	2.51383e-09	-0.679263	-0.796702	5.54286e-05	0.741378	-0.635368	0.000704042
96	2.51383e-09	1.02942	0.200389	0.000594784	-0.191841	0.959013	0.00073172
97	2.51383e-09	0.212215	-1.0279	0.00190801	0.958104	0.192793	0.00334558
98	2.51383e-09	0.451817	0.956778	-0.00201151	-0.877169	0.418022	-0.000207129
99	2.51383e-09	0.99655	-0.371605	0.000866648	0.342182	0.90724	-0.000494885
100	2.51383e-09	0.446322	0.94383	0.000964177	-0.886633	0.419986	0.000183912
101	2.51383e-09	0.971045	-0.345859	-0.000167397	0.330368	0.929344	-0.000557545
102	2.51383e-09	-0.296653	-0.995524	1.31398e-06	0.942671	-0.279449	0.00146619
103	2.51383e-09	-1.03943	0.123835	-0.000501948	-0.114546	-0.973031	-0.0020067
104	2.51383e-09	-0.712046	0.770235	-0.00159632	-0.720705	-0.661849	-0.000374128
105	2.51383e-09	-0.0454133	1.05508	-0.000195913	-0.969585	-0.0457084	-0.000321739
106	2.51383e-09	0.180809	-1.03888	0.000449828	0.957989	0.16567	-0.00184579
107	2.51383e-09	0.261826	-1.01971	0.000524144	0.947044	0.239247	-0.00159639
108	2.51383e-09	0.951111	-0.483128	0.000117305	0.437511	0.863229	0.00178179
109	2.51383e-09	-0.308417	-1.01656	-0.000329204	0.927798	-0.278788	-0.00117499
110	2.51383e-09	0.519044	0.91492	8.6653e-05	-0.850178	0.480894	0.00161573
111	2.51383e-09	-1.00346	0.3691	9.45732e-05	-0.334671	-0.90876	0.0011998
112	2.51383e-09	-0.084154	-1.05067	0.000569329	0.971328	-0.0806481	0.00038373
113	2.51383e-09	1.00706	-0.331447	0.000425294	0.303758	0.921621	0.0022465
114	2.51383e-09	-0.889658	-0.558428	0.000395088	0.518749	-0.824898	-0.00191422
115	2.51383e-09	-1.0308	0.235972	0.00244518	-0.217723	-0.950475	-0.000165792
116	2.51383e-09	0.462664	0.948713	-0.0011353	-0.872715	0.42903	-0.000611239
117	2.51383e-09	1.03711	0.23652	0.00162162	-0.213976	0.945257	0.000837343
118	2.51383e-09	-0.670128	0.828294	-0.00212141	-0.752039	-0.61119	-0.00208986
119	2.51383e-09	0.675041	-0.811237	0.000580693	0.749263	0.622036	4.72115e-05
120	2.51383e-09	0.380627	-0.98026	-0.00296357	0.909876	0.351952	-0.000426184
121	2.51383e-09	-1.02997	0.265934	0.00170181	-0.246393	-0.938835	0.000906723
122	2.51383e-09	-0.412358	0.987183	-0.000717278	-0.890181	-0.372909	0.00042965
123	2.51383e-09	-0.792364	-0.678282	-9.5859e-05	0.636159	-0.747665	-0.00195431
124	2.51383e-09	-0.635094	0.862784	-0.00196657	-0.780803	-0.573369	-0.00163701
125	2.51383e-09	0.953035	0.455205	0.000849811	-0.421302	0.877475	0.000733425
126	2.51383e-09	0.884806	0.577004	-0.00136152	-0.531321	0.818147	-0.000282516
127	2.51383e-09	-1.05813	0.0993026	0.00287059	-0.0895543	-0.964891	0.000439997
128	2.51383e-09	0.204754	1.04581	-0.000865805	-0.949598	0.185024	0.000681518
129	2.51383e-09	-0.659458	-0.831457	-0.00217616	0.764213	-0.598312	-0.000739632
130	2.51383e-09	0.416444	-0.967927	-0.000274209	0.894563	0.387987	0.000662904
131	2.51383e-09	-0.957643	-0.488053	0.00219953	0.436982	-0.859364	0.000210632
132	2.51383e-09	0.797526	0.722213	-0.000236101	-0.643375	0.71813	0.00161823
133	2.51383e-09	1.01049	-0.321823	-0.00172373	0.29421	0.926437	-0.00269538
134	2.51383e-09	-1.06498	0.00559223	-0.00123751	7.24926e-06	-0.967709	0.00054067
135	2.51383e-09	0.746659	-0.760627	0.00139643	0.693223	0.678913	0.00167253
136	2.51383e-09	0.732365	-0.794178	-0.000519342	0.706578	0.651565	0.00293001
137	2.51383e-09	-0.791989	0.717166	-0.00232305	-0.647925	-0.717667	0.000601738
138	2.51383e-09	-0.453124	0.971073	0.000783443	-0.874888	-0.408187	-0.00134419
139	2.51383e-09	0.683041	0.81292	-0.000525599	-0.742914	0.62659	-0.000776501
140	2.51383e-09	0.938081	-0.536457	-0.00024146	0.47975	0.834245	0.00060491
141	2.51383e-09	-0.83543	0.667575	0.00230722	-0.608316	-0.752116	0.00168059
142	2.51383e-09	0.944995	0.522489	-0.00101743	-0.462494	0.841774	-0.00127967
143	2.51383e-09	-0.984142	0.421587	0.00188835	-0.379393	-0.888309	0.000489293
144	2.51383e-09	0.985632	-0.438305	-0.000136964	0.393545	0.880205	-0.000890873
145	2.51383e-09	-0.506213	-0.946706	-0.000287107	0.850238	-0.454845	0.00128452
146	2.51383e-09	-0.646679	-0.877679	-0.000282941	0.772749	-0.566857	-0.000936917
147	2.51383e-09	0.737374	-0.80183	-0.00141609	0.701119	0.648138	-0.00131676
148	2.51383e-09	-0.330025	1.03243	-0.000297079	-0.915726	-0.287325	0.00105733
149	2.51383e-09	0.85124	-0.661726	-0.000449213	0.592782	0.753832	-0.000377323
150	2.51383e-09	1.01321	0.36564	-0.000530637	-0.329377	0.90542	0.00290053
151	2.51383e-09	0.276669	-1.04362	0.00050743	0.930448	0.247303	-0.00121015
152	2.51383e-09	-1.06138	0.118331	0.00255509	-0.107317	-0.962571	0.000738386
153	2.51383e-09	1.07392	-0.151503	-0.000596074	0.132452	0.951679	0.000916958
154	2.51383e-09	1.00742	-0.396768	0.000874261	0.349398	0.89805	0.000746137
155	2.51383e-09	-0.96518	-0.471239	-0.0024158	0.420205	-0.867801	-0.00042848
156	2.51383e-09	-0.487556	0.95448	-0.00222828	-0.863533	-0.436987	-0.000511001
157	2.51383e-09	0.446946	0.979484	-0.00127888	-0.877597	0.397416	0.000134458
158	2.51383e-09	-0.474221	0.981842	0.001242	-0.861483	-0.419652	-0.00115077
159	2.51383e-09	1.0547	0.188705	-2.0587e-05	-0.170122	0.950908	0.00261908
160	2.51383e-09	-1.01853	0.344723	0.000649746	-0.308699	-0.915175	-0.000563366
161	2.51383e-09	-0.579858	-0.919435	0.00115926	0.80979	-0.513673	0.000499498
162	2.51383e-09	-0.667466	0.852287	-0.000858654	-0.757866	-0.59262	-0.00105438
163	2.51383e-09	1.03897	-0.281841	0.000400913	0.253395	0.929826	-0.00209339
164	2.51383e-09	-1.06472	-0.0244515	-0.000428373	0.0244645	-0.967085	0.000504208
165	2.51383e-09	0.5233	-0.955667	0.000408495	0.839926	0.46346	-0.00132086
166	2.51383e-09	1.01865	-0.37711	4.35845e-05	0.332642	0.900528	-0.00122498
167	2.51383e-09	1.0463	0.303457	-0.000103446	-0.26219	0.91915	-0.00264011
168	2.51383e-09	1.063	0.237155	0.000322329	-0.211006	0.931288	0.00132059
169	2.51383e-09	0.763178	0.771152	1.97543e-06	-0.679251	0.676876	-0.000647639
170	2.51383e-09	1.00111	0.446655	-0.0026997	-0.385107	0.872965	-0.00148977
171	2.51383e-09	1.08539	0.0232593	0.00314694	-0.0216432	0.959554	-0.000475815
172	2.51383e-09	1.01415	0.428805	-6.24127e-05	-0.367269	0.880189	-0.000432523
173	2.51383e-09	-0.382794	1.03819	0.00115079	-0.890698	-0.328092	0.00167674
174	2.51383e-09	-0.651838	-0.888355	-0.000440769	0.769	-0.55959	0.00166112
175	2.51383e-09	0.031258	-1.08535	-8.04563e-05	0.962612	0.0263966	0.00147902
176	2.51383e-09	0.157395	-1.06248	0.00160453	0.955107	0.138151	-0.000153295
177	2.51383e-09	0.758515	-0.797391	-0.00159649	0.6937	0.654959	0.00113349
178	2.51383e-09	-0.276341	-1.05145	-0.000922302	0.92834	-0.24568	0.000243238
179	2.51383e-09	0.967289	0.505676	0.00139045	-0.445293	0.846963	-0.000115158
180	2.51383e-09	0.332037	-1.036	-0.00171464	0.910891	0.295972	0.000786272
181	2.51383e-09	-0.495114	0.978825	-0.000112368	-0.854411	-0.430471	0.000570707
182	2.51383e-09	-1.02237	-0.369146	0.0019798	0.326896	-0.90216	-0.00155621
183	2.51383e-09	-0.111852	1.09742	-0.0014504	-0.948152	-0.0974449	0.000634709
184	2.51383e-09	-0.877252	-0.661357	-0.000128855	0.572721	-0.761258	0.00166992
185	2.51383e-09	0.518478	0.956993	-0.000343482	-0.842755	0.456111	0.000333636
186	2.51383e-09	0.464495	-0.972913	-0.00020989	0.868107	0.413403	-0.000824983
187	2.51383e-09	-1.00243	-0.410019	0.000356549	0.362322	-0.889481	-3.61096e-05
188	2.51383e-09	1.05186	-0.308246	-0.00189761	0.269682	0.914695	0.000137848
189	2.51383e-09	-0.257546	1.06558	-0.00104781	-0.927889	-0.226898	-0.000261972
190	2.51383e-09	0.781751	0.770999	-0.00100776	-0.672506	0.67958	-0.000538227
191	2.51383e-09	0.997413	0.449806	0.00117091	-0.393113	0.871498	-0.001368
192	2.51383e-09	-0.21834	1.0813	0.00271818	-0.932395	-0.185996	-0.00158173
193	2.51383e-09	-0.194848	-1.0915	0.00108034	0.933052	-0.165329	-0.00183817
194	2.51383e-09	0.958252	-0.577968	0.000308711	0.484723	0.808273	0.00162048
195	2.51383e-09	-0.069727	1.08761	0.00123021	-0.956891	-0.0569094	-0.00273757
196	2.51383e-09	-1.10021	0.0680126	0.00078755	-0.0590162	-0.94868	-0.000806461
197	2.51383e-09	1.0935	0.108733	-0.0006632	-0.0972981	0.947614	-0.000332166
198	2.51383e-09	-1.03758	-0.426303	-0.00120667	0.357128	-0.870772	-9.47181e-05
199	2.51383e-09	-0.176151	1.08311	0.00112534	-0.943253	-0.156779	0.000672515
200	2.51383e-09	0.512114	0.984616	0.00181604	-0.842734	0.4332	-0.00127147
201	2.51383e-09	-0.655814	0.885435	-0.00248729	-0.765299	-0.567712	0.00107581
202	2.51383e-09	0.469805	-1.00167	-0.000322799	0.85784	0.403194	0.00256742
203	2.51383e-09	1.02051	-0.36403	0.000124724	0.321542	0.906597	-0.00125726
204	2.51383e-09	-1.04887	0.359532	0.00187749	-0.308071	-0.897125	-0.000934014
205	2.51383e-09	0.516751	0.994547	-0.000903164	-0.837549	0.438825	2.3158e-05
206	2.51383e-09	0.157135	1.09832	0.00150609	-0.937947	0.130521	0.00239462
207	2.51383e-09	1.11219	-0.0588825	0.000472392	0.0501072	0.945351	-0.00057917
208	2.51383e-09	0.669811	-0.865753	0.000204429	0.757612	0.582676	-0.000856205
209	2.51383e-09	0.645964	-0.887609	-0.000479422	0.7698	0.561983	0.000999855
210	2.51383e-09	-1.10901	-0.0531956	0.000754012	0.0438928	-0.94801	2.12419e-05
211	2.51383e-09	0.946176	-0.572786	-0.00109693	0.493639	0.810638	0.000228878
212	2.51383e-09	-0.768319	-0.823525	0.00181035	0.689393	-0.641095	0.00166526
213	2.51383e-09	0.754487	0.795025	-0.000558138	-0.695596	0.654631	0.00150192
214	2.51383e-09	-1.03026	0.40988	-9.49206e-05	-0.347374	-0.882783	-0.00130266
215	2.51383e-09	0.208847	-1.09708	0.00030866	0.926651	0.176813	-0.0021612
216	2.51383e-09	0.374455	1.05431	0.00101399	-0.889989	0.313556	-0.00104079
217	2.51383e-09	0.909423	-0.63364	-0.000361686	0.540874	0.783647	-1.99025e-05
218	2.51383e-09	-0.462737	-0.994029	0.000383632	0.864986	-0.401086	0.00092831
219	2.51383e-09	0.222834	-1.09428	0.00180572	0.926499	0.189787	0.00100485
220	2.51383e-09	0.688486	0.874517	-0.000531635	-0.745215	0.585781	0.00256292
221	2.51383e-09	0.823581	-0.741337	-0.0016406	0.63343	0.705337	-0.000307818
222	2.51383e-09	0.143962	-1.102	0.00252822	0.941483	0.124316	0.00138182
223	2.51383e-09	-1.06116	-0.343091	-0.000792503	0.292968	-0.901777	0.000794076
224	2.51383e-09	0.809577	0.757905	-0.000349784	-0.647881	0.693211	-0.000466781
225	2.51383e-09	1.09787	-0.169607	0.00170308	0.147069	0.940134	-0.00124235
226	2.51383e-09	-1.1171	0.145329	-0.00166572	-0.122209	-0.933852	-0.00035022
227	2.51383e-09	0.841187	-0.729199	0.000369653	0.617094	0.717299	-0.00183051
228	2.51383e-09	0.0102162	1.10765	-0.000517967	-0.951104	0.00880993	-7.67424e-05
229	2.51383e-09	-1.12984	-0.058206	-0.00113382	0.0503782	-0.940271	-0.00172816
230	2.51383e-09	0.576106	-0.978666	0.0021252	0.80909	0.474518	0.00102136
231	2.51383e-09	-0.968515	-0.600231	0.0022375	0.494151	-0.793863	0.00040713
232	2.51383e-09	-1.07641	-0.256449	0.00141926	0.225872	-0.923885	-4.95132e-05
233	2.51383e-09	1.06823	0.347876	-0.000896935	-0.293027	0.894446	0.00164806
234	2.51383e-09	0.83973	-0.738318	-0.00131133	0.624671	0.707926	0.000611225
235	2.51383e-09	0.0464152	1.1142	-0.000129146	-0.947556	0.0382245	0.00454383
236	2.51383e-09	1.1015	0.275157	-0.000969977	-0.222685	0.910669	0.000284908
237	2.51383e-09	-1.10197	0.192979	0.000437126	-0.163366	-0.931484	-0.000291166
238	2.51383e-09	0.553717	0.988061	0.00150131	-0.817018	0.460438	-0.000573788
239	2.51383e-09	-0.191365	-1.08908	-0.0032001	0.938481	-0.164158	-0.00106209
240	2.51383e-09	0.98349	0.559366	-0.00225713	-0.464682	0.818569	-0.00132685
241	2.51383e-09	0.626075	-0.930409	0.00120763	0.779569	0.532234	0.000165815
242	2.51383e-09	-0.826393	0.792071	0.000709929	-0.646801	-0.674732	-0.00299793
243	2.51383e-09	0.666102	0.906201	0.00213339	-0.762284	0.553338	0.000547823
244	2.51383e-09	-0.979977	-0.563199	-0.000977111	0.468692	-0.814083	-0.000981945
245	2.51383e-09	-0.712376	-0.868573	-0.000950083	0.730676	-0.595738	0.000203214
246	2.51383e-09	-0.998087	0.521186	-0.00251157	-0.435793	-0.832999	0.000508056
247	2.51383e-09	-1.01255	-0.477573	-0.00103142	0.403231	-0.852748	0.000800946
248	2.51383e-09	-0.517913	-0.989258	-0.00140112	0.840204	-0.433923	-0.00247466
249	2.51383e-09	-0.881104	-0.702207	-7.64777e-05	0.587259	-0.735351	0.000646734
250	2.51383e-09	-0.849753	0.738546	-0.000946405	-0.616578	-0.712477	-3.85437e-06
251	2.51383e-09	-1.07177	0.363451	0.000125579	-0.30499	-0.888684	0.00071288
252	2.51383e-09	1.11914	-0.179273	-0.00341948	0.146996	0.925866	-0.000286163
253	2.51383e-09	-1.07494	-0.336071	-9.69393e-05	0.282996	-0.898484	-0.000777983
254	2.51383e-09	-0.103735	-1.11645	0.00139525	0.939391	-0.0931151	-0.000355825
255	2.51383e-09	1.10121	0.288073	-0.000315376	-0.235915	0.905075	-0.00297082
256	2.51383e-09	-0.522529	-0.99958	-0.000763362	0.833905	-0.43973	-3.07988e-05
257	2.51383e-09	-1.12548	0.14245	-0.00125693	-0.117739	-0.932221	0.00156299
258	2.51383e-09	1.10202	0.296143	0.00131221	-0.239607	0.902274	-0.000713675
259	2.51383e-09	1.11074	0.188759	0.000636877	-0.156676	0.929832	-0.00173457
260	2.51383e-09	-1.1261	0.0877263	0.00271793	-0.0726831	-0.939175	-0.00162815
261	2.51383e-09	1.1348	0.140182	-0.000281109	-0.111733	0.928095	0.000411106
262	2.51383e-09	-0.437453	1.04042	0.00150368	-0.865426	-0.364831	-2.26904e-05
263	2.51383e-09	-1.12574	-0.137948	-0.00187959	0.113026	-0.931377	0.000589352
264	2.51383e-09	-0.818216	-0.777376	9.40909e-06	0.649534	-0.681077	-0.000153383
265	2.51383e-09	-0.147813	1.13851	-0.00079219	-0.923587	-0.121587	-3.06919e-06
266	2.51383e-09	-0.880092	0.720201	0.00219509	-0.594374	-0.724365	-0.000324538
267	2.51383e-09	-0.537739	-0.985357	-0.000153986	0.828077	-0.456724	0.00324205
268	2.51383e-09	0.138364	1.11389	0.000314208	-0.937652	0.11863	0.00089234
269	2.51383e-09	0.644989	0.93605	0.000590529	-0.775025	0.531257	0.00153185
270	2.51383e-09	-0.458472	-1.03729	0.000872029	0.858919	-0.378744	0.000917009
271	2.51383e-09	0.5872	-0.98862	-0.00124038	0.80045	0.476197	-9.39672e-05
272	2.51383e-09	0.00737655	1.14169	-0.00148355	-0.937317	0.00605387	-0.000218527
273	2.51383e-09	-0.851093	0.751953	0.000337467	-0.623027	-0.703328	-0.000541805
274	2.51383e-09	-0.338091	-1.08282	0.000558897	0.895585	-0.278927	0.000205444
275	2.51383e-09	-0.490902	1.03459	0.00231786	-0.84376	-0.395728	0.000600572
276	2.51383e-09	0.218171	-1.11582	-0.00043718	0.92043	0.177358	-0.000150548
277	2.51383e-09	-0.95755	-0.625664	0.00130944	0.515474	-0.780935	-0.000432818
278	2.51383e-09	-1.02584	-0.496692	3.6421e-05	0.410067	-0.845079	0.00126032
279	2.51383e-09	0.343816	-1.08025	0.000729158	0.897223	0.287921	0.000253618
280	2.51383e-09	0.550836	1.00758	-0.00156255	-0.823231	0.445762	0.000534654
281	2.51383e-09	0.905841	0.694906	-0.000363888	-0.571216	0.739677	-0.000832025
282	2.51383e-09	-0.328976	1.0964	0.00299059	-0.89581	-0.268444	-0.00106058
283	2.51383e-09	-0.893329	0.706844	0.000742417	-0.581003	-0.736204	-3.54021e-05
284	2.51383e-09	1.14716	-0.139678	0.00142164	0.112902	0.922876	0.000118993
285	2.51383e-09	0.776757	-0.858567	0.00113664	0.68558	0.625494	0.000241785
286	2.51383e-09	0.881451	0.714658	-0.00190016	-0.591233	0.728409	-0.0024992
287	2.51383e-09	-0.857498	-0.758306	0.00131255	0.621649	-0.698279	0.00132076
288	2.51383e-09	0.142621	-1.14644	0.000462687	0.922867	0.11629	0.00148365
289	2.51383e-09	-0.91754	-0.699804	0.001512	0.564104	-0.741397	0.00203894
290	2.51383e-09	-0.356084	1.08833	-0.00112139	-0.887635	-0.289732	-0.000656883
291	2.51383e-09	-1.05702	-0.436484	0.000137906	0.35858	-0.864077	-0.00098798
292	2.51383e-09	0.979291	-0.597243	0.000789429	0.485162	0.800763	0.000121429
293	2.51383e-09	0.931853	-0.665146	0.00226418	0.541575	0.762203	-0.00023331
294	2.51383e-09	-0.677246	-0.940185	0.00243192	0.752554	-0.543636	-0.00127435
295	2.51383e-09	-0.27032	1.11601	0.00203149	-0.90551	-0.220371	0.00158418
296	2.51383e-09	0.311642	-1.1167	-0.000445871	0.892566	0.248725	-0.000575514
297	2.51383e-09	-0.872922	0.738155	-0.00291162	-0.604733	-0.713199	0.00111255
298	2.51383e-09	0.992431	-0.585741	-0.000897546	0.472582	0.802625	0.00114383
299	2.51383e-09	-0.931923	0.669527	-0.000578058	-0.547673	-0.758168	0.000169235
300	2.51383e-09	-1.15177	-0.142123	0.000457303	0.117101	-0.923282	-0.00133545
301	2.51383e-09	-0.259382	1.13651	-0.00180833	-0.899138	-0.205976	0.000125017
302	2.51383e-09	-0.563019	-1.01588	0.00147348	0.814576	-0.446822	-0.000925951
303	2.51383e-09	1.14454	0.204254	-0.000567581	-0.158974	0.911745	-0.000315889
304	2.51383e-09	-0.831137	-0.813317	0.000735816	0.650425	-0.661187	0.00190717
305	2.51383e-09	-0.720573	-0.893878	-0.000105797	0.725544	-0.585133	-0.00209296
306	2.51383e-09	0.0404097	1.15694	0.00194221	-0.929047	0.0288931	0.000338709
307	2.51383e-09	0.617184	0.990551	-0.000402476	-0.785378	0.485693	-0.00182086
308	2.51383e-09	-1.02467	-0.538006	-0.00164206	0.432014	-0.824912	-0.00105389
309	2.51383e-09	0.310524	-1.10668	-0.00187412	0.898881	0.250238	-0.000694343
310	2.51383e-09	-0.955503	-0.636796	-0.000876216	0.512511	-0.777311	0.00119305
311	2.51383e-09	1.04087	0.491539	-0.000156526	-0.400254	0.843302	-0.00183846
312	2.51383e-09	-0.480273	1.06272	-0.00299902	-0.842265	-0.379698	0.00038751
313	2.51383e-09	0.225837	1.13219	0.00182753	-0.911513	0.181512	-0.00173591
314	2.51383e-09	1.07467	0.424142	-0.000656738	-0.339972	0.866485	0.00173169
315	2.51383e-09	-1.13582	-0.286765	0.00454437	0.224039	-0.894892	-0.00118165
316	2.51383e-09	-0.598928	-0.996619	0.000403919	0.796202	-0.47724	0.000167402
317	2.51383e-09	1.14675	0.142351	-0.00109181	-0.117398	0.923258	0.000742902
318	2.51383e-09	0.403256	1.09848	0.00113311	-0.865984	0.317716	0.00116924
319	2.51383e-09	-0.846864	-0.806673	-0.0013971	0.63675	-0.669399	0.00155094
320	2.51383e-09	1.09242	-0.452427	-0.000731645	0.348769	0.849268	-0.000877399
321	2.51383e-09	0.759016	-0.888975	-0.000732102	0.703748	0.599429	0.000317436
322	2.51383e-09	-0.751622	-0.88645	-0.00105946	0.707139	-0.600098	-0.000573906
323	2.51383e-09	-0.841307	0.816939	0.000359502	-0.645703	-0.662524	-0.00215122
324	2.51383e-09	-1.13576	0.317093	-0.00149471	-0.25221	-0.88573	-0.00145288
325	2.51383e-09	-0.822097	0.836579	0.000874022	-0.659482	-0.645555	-0.00113827
326	2.51383e-09	1.11275	0.35681	-0.00107293	-0.280869	0.880295	0.000462859
327	2.51383e-09	1.14626	0.255983	0.00152858	-0.200724	0.901724	-0.00158476
328	2.51383e-09	-1.02283	-0.547934	-0.0012115	0.441439	-0.815512	0.000591176
329	2.51383e-09	0.0464644	1.17732	-0.00321988	-0.923148	0.0356928	-0.000505703
330	2.51383e-09	1.07486	0.443235	-0.000817861	-0.352203	0.85887	-0.00135497
331	2.51383e-09	-0.936071	-0.679142	0.000690554	0.550511	-0.751283	-0.000976719
332	2.51383e-09	0.450122	-1.0676	-0.000593211	0.855384	0.363187	-0.001164
333	2.51383e-09	0.209371	1.16299	0.000920006	-0.904841	0.161204	-0.00016492
334	2.51383e-09	1.17252	0.0140755	-0.00017253	-0.0119486	0.923187	-0.000296348
335	2.51383e-09	-0.474384	1.07294	-0.00185746	-0.846428	-0.371621	-0.000504633
336	2.51383e-09	0.467651	1.07376	-0.000416925	-0.848038	0.369217	-0.000134085
337	2.51383e-09	-1.17228	0.040906	-0.000804083	-0.0303402	-0.924268	-0.000300931
338	2.51383e-09	0.776953	0.869262	-0.0017505	-0.692486	0.61535	0.000278508
339	2.51383e-09	0.445015	-1.11032	8.00567e-05	0.847258	0.340539	-0.00137211
340	2.51383e-09	0.730378	0.93216	0.000513261	-0.722642	0.566817	0.00162754
341	2.51383e-09	1.17957	-0.0772325	0.00114572	0.0563942	0.915419	-0.000389726
342	2.51383e-09	0.402371	-1.10106	0.00157948	0.86703	0.31683	-0.000458222
343	2.51383e-09	0.042414	1.16589	-0.000611126	-0.926808	0.0308862	0.000116948
344	2.51383e-09	-1.05025	0.526231	-0.000751374	-0.4137	-0.824203	-0.00053993
345	2.51383e-09	-1.02734	-0.556375	0.000835016	0.43774	-0.812704	-0.000808344
346	2.51383e-09	1.11977	-0.290606	-0.000720458	0.233776	0.899917	0.0012363
347	2.51383e-09	-0.627976	0.980251	0.0014342	-0.783619	-0.49906	-0.000557513
348	2.51383e-09	-1.15906	0.236059	-0.000383824	-0.180874	-0.901023	-0.000653108
349	2.51383e-09	1.02333	0.566357	-0.00179799	-0.446491	0.812997	0.000431017
350	2.51383e-09	-1.17126	-0.053069	-0.00162235	0.0452908	-0.92027	-0.000805421
351	2.51383e-09	1.1707	0.175127	-0.000931123	-0.138613	0.910401	-0.000662685
352	2.51383e-09	-0.752471	-0.912809	0.00258672	0.711078	-0.583605	-0.00194959
353	2.51383e-09	0.920079	-0.750264	0.0014121	0.58199	0.709822	0.000259678
354	2.51383e-09	0.946713	-0.716723	-0.00150439	0.55381	0.734074	-0.000581603
355	2.51383e-09	-0.0146313	1.16813	-0.00152126	-0.926217	-0.0169337	-0.00106459
356	2.51383e-09	-0.0759174	-1.17965	-9.84717e-05	0.917492	-0.0555118	0.000975128
357	2.51383e-09	0.90016	-0.768273	-0.00153257	0.599341	0.698053	-0.000900305
358	2.51383e-09	-1.04499	-0.565588	0.000817641	0.438053	-0.80922	0.000591708
359	2.51383e-09	-0.511754	-1.07572	0.00084906	0.829884	-0.39105	-0.000663936
360	2.51383e-09	-0.357474	-1.10351	-0.00106081	0.883742	-0.290152	-0.000762649
361	2.51383e-09	-1.17785	-0.162045	-0.00101324	0.126984	-0.907973	-0.000301016
362	2.51383e-09	-1.1735	0.022445	0.000907262	-0.0225538	-0.924699	0.00176084
363	2.51383e-09	-1.04173	0.544624	-0.00237561	-0.424768	-0.819085	0.00048551
364	2.51383e-09	0.983144	0.644743	0.00288917	-0.504874	0.770555	0.000817052
365	2.51383e-09	-0.675166	0.979854	-0.000220091	-0.755946	-0.520451	0.000806607
366	2.51383e-09	0.291094	-1.14937	0.000600325	0.890971	0.225916	-0.000797666
367	2.51383e-09	-0.475002	-1.08897	0.000693428	0.841969	-0.363857	-0.00176
368	2.51383e-09	1.18351	-0.117811	0.00160769	0.0883674	0.912766	6.61537e-05
369	2.51383e-09	0.348255	-1.14645	-0.00121933	0.873781	0.262586	-0.00171759
370	2.51383e-09	-1.0972	-0.453592	-0.000327503	0.352701	-0.848266	0.000823361
371	2.51383e-09	-1.19041	-0.00418148	0.000817311	0.00248207	-0.917215	0.00141202
372	2.51383e-09	0.355662	-1.13621	0.000642542	0.874243	0.273292	0.0010995
373	2.51383e-09	1.16592	0.242656	-0.00266367	-0.188582	0.896328	0.000281433
374	2.51383e-09	1.14002	-0.355184	0.000702083	0.273078	0.875837	0.000283261
375	2.51383e-09	0.553928	1.05845	0.00065879	-0.809563	0.425073	-0.000230296
376	2.51383e-09	0.828175	0.856726	0.00113413	-0.657767	0.636249	0.000440351
377	2.51383e-09	0.222964	1.17224	-0.00145489	-0.899104	0.165573	-0.00177357
378	2.51383e-09	0.0324463	-1.19964	0.000953599	0.913212	0.0239747	-0.00162957
379	2.51383e-09	-0.204368	-1.16046	0.000621883	0.910252	-0.155174	0.0016063
380	2.51383e-09	0.0252838	1.19322	-0.00112766	-0.914381	0.0203345	0.000404638
381	2.51383e-09	0.449248	-1.09495	-0.00136678	0.850844	0.347609	0.000108359
382	2.51383e-09	0.0190446	1.18682	0.00115484	-0.9173	0.0181895	-0.000769035
383	2.51383e-09	0.123772	-1.17597	0.00058163	0.914166	0.0967688	0.000873767
384	2.51383e-09	1.16267	0.286164	0.000357043	-0.222574	0.888643	-0.00283036
385	2.51383e-09	1.09195	0.469096	0.00126762	-0.363922	0.841662	-0.00075797
386	2.51383e-09	-0.988872	-0.702709	0.000604283	0.524287	-0.738141	0.000761641
387	2.51383e-09	0.198844	1.18368	0.000288306	-0.899591	0.153227	-0.00102152
388	2.51383e-09	1.1911	-0.115933	-0.000157606	0.0853246	0.90989	0.000630915
389	2.51383e-09	-1.14592	-0.350788	-0.000928504	0.271598	-0.872969	-0.000484443
390	2.51383e-09	1.16192	-0.26724	-0.00118373	0.20501	0.89259	-8.62245e-06
391	2.51383e-09	1.20394	0.123114	-0.00119813	-0.0921669	0.903159	0.000949095
392	2.51383e-09	0.906251	-0.796038	0.00134447	0.599357	0.68489	-0.000977668
393	2.51383e-09	1.11546	-0.463908	0.000417654	0.35297	0.838604	-0.00179622
394	2.51383e-09	-0.067888	-1.19146	-0.000619538	0.915302	-0.0517067	-0.00162946
395	2.51383e-09	1.14781	0.377374	-0.000698193	-0.281463	0.863108	0.000609553
396	2.51383e-09	-0.836634	-0.860396	0.000711304	0.650973	-0.639706	0.00111916
397	2.51383e-09	0.979842	0.697262	0.000776398	-0.529785	0.742908	0.00121225
398	2.51383e-09	-1.19069	0.203352	0.00110792	-0.148857	-0.898462	-0.00140954
399	2.51383e-09	1.19386	0.104754	0.000923812	-0.0814066	0.910495	0.00232753
400	2.51383e-09	1.14742	0.373939	0.000205458	-0.280246	0.865777	-0.000340195
