1.181800e+04
401
0	1	0.000543707	0.000337237	-4.9614e-07	5.81504e-08	5.85289e-08	-4.3924e-12
1	2.51383e-09	0.773173	-0.650293	-0.00230079	0.646934	0.756378	-0.000990186
2	2.51383e-09	0.935269	0.368491	-0.000822143	-0.361514	0.925096	0.00181959
3	2.51383e-09	-0.596507	0.802384	-0.000568633	-0.80082	-0.593854	-0.00221361
4	2.51383e-09	0.0809696	-0.999104	0.002169	0.996095	0.0806819	0.000872841
5	2.51383e-09	0.983851	-0.148396	0.000968868	0.152973	0.990346	0.00123112
6	2.51383e-09	-0.388343	-0.932765	0.00401372	0.919834	-0.38206	-0.00235861
7	2.51383e-09	0.935126	-0.348922	-0.00137096	0.353504	0.936749	-0.00243674
8	2.51383e-09	0.173038	-0.974899	-0.000216322	0.991766	0.176875	0.000119587
9	2.51383e-09	-0.242673	-0.982873	-0.000651275	0.96212	-0.240681	-0.000300695
10	2.51383e-09	-0.0438084	-1.00721	0.00165713	0.995865	-0.044542	-0.00237503
11	2.51383e-09	0.996811	0.102026	-0.00097073	-0.0992946	0.993836	0.00190838
12	2.51383e-09	-0.27195	0.980571	-0.000754594	-0.958097	-0.260792	-0.000736108
13	2.51383e-09	0.77711	0.639013	0.00124986	-0.637106	0.767103	0.000949745
14	2.51383e-09	0.259905	-0.980415	0.000609001	0.959507	0.249808	-0.00323541
15	2.51383e-09	-0.719194	0.709004	0.0016554	-0.690843	-0.709548	0.00168401
16	2.51383e-09	-0.891348	0.454026	-0.000531081	-0.459325	-0.887995	-0.00175601
17	2.51383e-09	0.650083	0.777994	-0.000620219	-0.766514	0.629843	-0.00216063
18	2.51383e-09	-0.698121	-0.725771	-0.00103701	0.718397	-0.694783	-0.0005992
19	2.51383e-09	1.00057	0.136745	-0.00111999	-0.137616	0.989402	0.00436709
20	2.51383e-09	-1.02113	-0.161153	-0.00142559	0.153779	-0.970082	-0.00226906
21	2.51383e-09	-1.00237	0.0903999	-0.000532788	-0.0895412	-0.991579	0.000117377
22	2.51383e-09	0.917109	0.484542	-0.000431534	-0.460429	0.870717	0.001674
23	2.51383e-09	0.868768	0.523325	-0.00234719	-0.510092	0.85305	0.00307497
24	2.51383e-09	-0.646229	0.774875	0.000513468	-0.768794	-0.629823	-0.00208315
25	2.51383e-09	0.509368	-0.888695	-0.00178538	0.853311	0.49103	-0.000878365
26	2.51383e-09	0.969457	-0.313242	-0.000756338	0.309966	0.942407	0.00103074
27	2.51383e-09	0.907708	0.43469	-0.00309197	-0.428305	0.899102	0.000387986
28	2.51383e-09	-0.827806	-0.57626	-0.00315706	0.569043	-0.81835	-0.00413636
29	2.51383e-09	0.249102	0.970262	-0.0022038	-0.967665	0.246664	-0.00219669
30	2.51383e-09	-0.077018	-1.01227	0.000365679	0.989302	-0.0778287	0.00186919
31	2.51383e-09	-0.145554	0.998157	0.000739331	-0.984636	-0.154392	-0.00254531
32	2.51383e-09	0.161495	0.996761	0.00024139	-0.982509	0.163101	-0.00425145
33	2.51383e-09	-0.444667	-0.914089	0.000814999	0.895258	-0.439701	0.000249251
34	2.51383e-09	-0.555961	0.879122	-6.02966e-05	-0.827644	-0.525529	0.0031153
35	2.51383e-09	-0.149936	-1.0065	-0.00159842	0.979411	-0.149282	0.00195675
36	2.51383e-09	0.980604	0.178028	0.000482558	-0.178755	0.993558	-0.000710002
37	2.51383e-09	0.998913	0.199001	4.04144e-05	-0.19236	0.97361	0.000828074
38	2.51383e-09	-0.191098	-0.990508	0.000556709	0.973871	-0.194727	0.000109462
39	2.51383e-09	0.261501	0.982131	-0.000105049	-0.961263	0.256709	0.000741007
40	2.51383e-09	-0.179664	0.992091	-0.00087092	-0.98373	-0.185159	0.00173906
41	2.51383e-09	0.524426	0.868103	0.00140174	-0.852583	0.511699	-0.000240256
42	2.51383e-09	0.923411	0.448844	0.00058399	-0.430689	0.886786	-0.00198085
43	2.51383e-09	0.930032	-0.395006	0.00222804	0.388998	0.913017	0.000127098
44	2.51383e-09	0.754504	-0.707681	8.32382e-05	0.673675	0.715828	-0.00279193
45	2.51383e-09	0.00770468	-1.02068	-0.00157661	0.991444	0.00897289	-0.00152742
46	2.51383e-09	-0.918058	-0.414305	0.000826033	0.407346	-0.906652	-0.00221235
47	2.51383e-09	-0.611881	0.807214	-0.000764444	-0.792833	-0.600253	0.000402478
48	2.51383e-09	-0.574785	-0.854237	0.000148093	0.81886	-0.550076	0.000284949
49	2.51383e-09	-0.529782	-0.8614	0.00238288	0.847525	-0.517109	0.0018576
50	2.51383e-09	-0.183104	1.02725	0.00205342	-0.962083	-0.175187	-0.000552419
51	2.51383e-09	0.764067	-0.670669	0.00149571	0.65358	0.747644	-0.000342671
52	2.51383e-09	0.843462	0.611183	0.00102491	-0.573864	0.792046	-0.00169429
53	2.51383e-09	-0.0240228	1.0255	0.000494112	-0.986774	-0.0299527	-0.000143649
54	2.51383e-09	1.03169	0.0470395	-0.0030054	-0.0468749	0.984163	0.00106221
55	2.51383e-09	-0.549462	-0.870477	0.00118945	0.832386	-0.5271	7.70486e-05
56	2.51383e-09	0.417166	-0.93925	-0.000164803	0.900318	0.399792	-0.000369893
57	2.51383e-09	0.0536134	-1.05089	-0.000615229	0.972063	0.04963	-0.00115727
58	2.51383e-09	-0.297111	-0.993011	-0.00115001	0.940726	-0.279427	-0.00183948
59	2.51383e-09	-0.690711	0.751345	0.000272546	-0.728767	-0.674548	-0.00367104
60	2.51383e-09	0.0481648	1.03717	-0.00128753	-0.980822	0.0431023	-0.00293965
61	2.51383e-09	-0.335392	0.979915	0.00358628	-0.930576	-0.31509	0.00208441
62	2.51383e-09	-0.972461	-0.343759	-0.000500374	0.325695	-0.930284	-0.00118666
63	2.51383e-09	0.0958573	1.02565	0.00125253	-0.980688	0.0940261	0.0010862
64	2.51383e-09	1.01503	-0.228864	0.000845941	0.221266	0.951431	-0.00211152
65	2.51383e-09	-0.773779	-0.681618	0.00113012	0.649735	-0.736811	-0.000555933
66	2.51383e-09	-0.446568	-0.919971	0.00168848	0.896699	-0.422733	0.00231482
67	2.51383e-09	0.319044	0.992554	0.000420712	-0.931866	0.302414	-0.001379
68	2.51383e-09	0.226553	1.01965	-0.00211278	-0.953307	0.211398	0.000748495
69	2.51383e-09	-0.0477393	-1.03953	0.00171093	0.981556	-0.0414046	4.29298e-05
70	2.51383e-09	0.0607712	-1.02755	-0.00175746	0.982547	0.0600642	-0.00285013
71	2.51383e-09	-0.57534	0.874552	-0.00590852	-0.813401	-0.537639	0.00132105
72	2.51383e-09	-0.93515	-0.510292	0.000194992	0.461872	-0.850747	-0.0017677
73	2.51383e-09	-0.00130184	1.04471	-0.000420937	-0.979314	-0.00326316	0.00188681
74	2.51383e-09	0.845143	-0.628334	-0.00112938	0.581343	0.785768	0.00317312
75	2.51383e-09	-0.933819	-0.456578	0.0020317	0.426049	-0.88081	0.00335563
76	2.51383e-09	0.188173	-1.03783	0.000836785	0.958157	0.163929	0.00117785
77	2.51383e-09	1.00883	-0.301727	0.00135672	0.280037	0.932798	-0.000512329
78	2.51383e-09	-0.947378	0.443668	-0.00351821	-0.415746	-0.880837	-0.00194197
79	2.51383e-09	-0.901203	0.517544	-0.00494734	-0.489762	-0.846269	0.00306816
80	2.51383e-09	0.183914	-1.02883	9.69905e-05	0.963112	0.175471	-0.000429894
81	2.51383e-09	-0.796327	-0.630034	-0.00269403	0.62073	-0.774894	0.00102975
82	2.51383e-09	-0.607204	0.85163	0.0022981	-0.796378	-0.570477	-0.00273389
83	2.51383e-09	-0.774718	-0.666212	0.00144186	0.64776	-0.752617	-0.000365835
84	2.51383e-09	0.161692	-1.03765	-0.00207986	0.963586	0.14393	0.000744277
85	2.51383e-09	-1.01728	-0.135326	-0.000989782	0.131356	-0.977324	0.000710647
86	2.51383e-09	-1.0037	0.303179	0.000263283	-0.274404	-0.938525	-0.00137432
87	2.51383e-09	0.569546	-0.875849	0.00360621	0.819579	0.534575	-0.00116385
88	2.51383e-09	-0.788526	0.656185	0.00194696	-0.629152	-0.760845	-0.000647868
89	2.51383e-09	-0.663544	-0.815694	-8.48364e-05	0.759716	-0.611197	0.00296084
90	2.51383e-09	0.98456	-0.348029	-0.000805832	0.32998	0.922975	0.00251092
91	2.51383e-09	-0.740709	0.696686	-0.00260356	-0.678283	-0.729029	-0.000376874
92	2.51383e-09	1.04385	-0.0627064	-0.000768417	0.0613427	0.976591	0.00102091
93	2.51383e-09	-0.948608	-0.501083	0.00198291	0.445006	-0.856529	-0.00135122
94	2.51383e-09	0.625886	-0.823059	0.00104213	0.782469	0.595393	0.000195268
95	2.51383e-09	-1.03246	-0.0238235	0.00244436	0.0216131	-0.982261	-0.000139396
96	2.51383e-09	-0.680029	-0.824729	-0.000478606	0.749307	-0.607133	0.000836571
97	2.51383e-09	0.358986	0.989314	-0.00211032	-0.915716	0.333474	0.00163089
98	2.51383e-09	-0.911305	-0.51497	0.000152159	0.4816	-0.85376	-0.00360795
99	2.51383e-09	0.609514	-0.86716	-0.0025851	0.800032	0.553278	-0.00130313
100	2.51383e-09	-0.0600891	1.04814	0.00057173	-0.978235	-0.0631105	0.001482
101	2.51383e-09	-1.00472	-0.264338	-0.00166631	0.246637	-0.947882	-0.000473696
102	2.51383e-09	0.589765	-0.846223	0.00189178	0.812474	0.555983	-8.58456e-07
103	2.51383e-09	0.998613	-0.352088	0.00123098	0.322437	0.914759	-0.00168712
104	2.51383e-09	-0.553683	0.875958	-0.00121452	-0.836777	-0.519641	-0.000330853
105	2.51383e-09	-1.031	0.121591	0.000401346	-0.11534	-0.972961	0.00138659
106	2.51383e-09	0.2635	1.00293	0.000597147	-0.948972	0.251581	-8.40841e-05
107	2.51383e-09	0.410074	-0.980916	-0.00248558	0.896124	0.374385	-0.00187205
108	2.51383e-09	-1.07272	-0.0566206	0.000135811	0.0493829	-0.960294	0.00147466
109	2.51383e-09	0.971185	0.411979	0.000831866	-0.384853	0.89649	-0.00224533
110	2.51383e-09	0.952659	0.452923	-0.000524122	-0.424899	0.878203	-0.00125017
111	2.51383e-09	-1.02793	-0.259009	-0.00533574	0.238406	-0.944286	0.000506271
112	2.51383e-09	0.963539	0.49012	0.00129957	-0.432172	0.856014	-0.00190945
113	2.51383e-09	-0.121233	1.05567	-0.00236937	-0.963289	-0.107437	-0.000255084
114	2.51383e-09	-0.896532	-0.549483	-0.000896008	0.504519	-0.832391	0.00115347
115	2.51383e-09	-0.958964	-0.492525	0.00348096	0.437821	-0.85703	0.000187998
116	2.51383e-09	0.00996833	-1.05828	-0.00256633	0.970019	0.012621	0.00402319
117	2.51383e-09	0.7828	-0.697775	-0.00216397	0.654141	0.725913	-0.000283184
118	2.51383e-09	0.545505	0.896967	-0.000473286	-0.837633	0.507892	-6.18233e-05
119	2.51383e-09	1.03359	0.200028	-0.00155807	-0.189095	0.955742	-0.00388068
120	2.51383e-09	0.123726	1.04641	0.000749799	-0.970439	0.113218	-0.00182656
121	2.51383e-09	-0.726077	0.784201	-0.00194691	-0.706221	-0.659729	-0.00270846
122	2.51383e-09	0.323043	1.02188	0.00251735	-0.922717	0.295515	0.00047155
123	2.51383e-09	0.173971	1.02663	-0.000868868	-0.96701	0.162408	0.00354626
124	2.51383e-09	0.606282	-0.892094	0.00216586	0.795186	0.543563	0.00297009
125	2.51383e-09	0.116066	-1.04424	-0.000786763	0.965515	0.110541	-0.00157357
126	2.51383e-09	-0.979073	-0.396887	-0.000567524	0.366733	-0.899262	-0.000139914
127	2.51383e-09	-1.04393	-0.132512	0.00388792	0.127427	-0.967553	0.000365911
128	2.51383e-09	-0.037685	-1.05845	-0.00363857	0.973295	-0.0376118	-0.00277895
129	2.51383e-09	-1.05207	0.123547	0.00171447	-0.118032	-0.963493	-0.0019746
130	2.51383e-09	0.569606	0.894862	-0.00374654	-0.817821	0.526909	0.00249814
131	2.51383e-09	1.0865	-0.0838388	-0.000811253	0.0774534	0.955697	-0.00110561
132	2.51383e-09	0.457496	0.969425	-0.00258165	-0.87134	0.420039	0.00150165
133	2.51383e-09	0.296046	-1.03148	0.000403029	0.926034	0.264612	0.00165931
134	2.51383e-09	-0.639367	0.847394	0.00125159	-0.770921	-0.58863	-0.00135254
135	2.51383e-09	-0.680946	-0.816333	-0.00143222	0.742165	-0.620665	-0.00257584
136	2.51383e-09	-0.805217	0.746656	-0.000237062	-0.647876	-0.699583	0.00129841
137	2.51383e-09	1.05502	-0.0488628	0.00117661	0.0485447	0.974114	-0.00134037
138	2.51383e-09	1.06525	-0.0265852	-0.00382626	0.0197472	0.967255	-0.00121707
139	2.51383e-09	-1.02179	0.273666	-0.0021739	-0.253985	-0.938813	0.0031942
140	2.51383e-09	0.971074	0.501283	0.000266269	-0.442083	0.850231	0.000568582
141	2.51383e-09	0.561142	0.889519	0.00148011	-0.826661	0.521383	0.00112604
142	2.51383e-09	-0.00670301	1.085	-0.000492947	-0.956717	0.000138107	0.00251636
143	2.51383e-09	-0.0359898	-1.06409	-0.00267857	0.971927	-0.0249824	0.00232
144	2.51383e-09	0.357167	-1.01823	0.000801213	0.910433	0.316583	-0.00226207
145	2.51383e-09	0.744925	0.74106	0.00250048	-0.687064	0.691502	-0.00142017
146	2.51383e-09	0.0694181	1.08755	-0.00278358	-0.959173	0.0621958	0.000812335
147	2.51383e-09	0.728018	-0.794176	-0.0009578	0.711087	0.652233	0.00384758
148	2.51383e-09	-0.264781	-1.04967	-0.00189968	0.933524	-0.234758	0.000254838
149	2.51383e-09	-0.9977	0.326948	0.00102854	-0.297296	-0.933046	-0.00293806
150	2.51383e-09	-1.04868	0.185527	-0.00199689	-0.161047	-0.960161	-0.000256865
151	2.51383e-09	-0.423585	1.00339	-0.000116299	-0.87901	-0.376214	0.0018304
152	2.51383e-09	-1.03724	-0.229584	-1.90029e-05	0.216767	-0.950897	-0.000103123
153	2.51383e-09	-0.60914	0.889117	0.00106842	-0.797574	-0.544495	0.00331143
154	2.51383e-09	0.408884	1.02095	-0.000936372	-0.887112	0.356483	-0.00351055
155	2.51383e-09	-0.419014	0.998988	-0.000856339	-0.886772	-0.374771	0.00140591
156	2.51383e-09	-0.622644	-0.892511	0.00248496	0.792034	-0.543869	0.00200312
157	2.51383e-09	-0.358645	-0.998224	-0.00181217	0.915279	-0.326662	-0.00113533
158	2.51383e-09	-0.519981	0.969043	0.00262974	-0.834904	-0.454906	-0.00236695
159	2.51383e-09	-0.710568	0.800253	0.000567595	-0.723777	-0.642606	-0.000605558
160	2.51383e-09	0.0487345	-1.07366	0.000270212	0.964002	0.0376427	-0.00144412
161	2.51383e-09	-0.342234	-1.02458	-0.00158006	0.913935	-0.30498	0.00175489
162	2.51383e-09	0.657525	-0.852457	0.00217083	0.760708	0.588958	-0.00249495
163	2.51383e-09	-1.07353	-0.095731	-0.000785688	0.0776793	-0.962249	0.000709078
164	2.51383e-09	-0.696565	-0.826117	-0.00348933	0.731637	-0.620858	-0.00308514
165	2.51383e-09	-1.04179	0.354832	-0.00031585	-0.304981	-0.902224	0.00326895
166	2.51383e-09	-1.06041	-0.13388	0.000760433	0.119629	-0.961181	0.00149584
167	2.51383e-09	-0.914475	0.540001	-0.00135138	-0.487664	-0.840627	0.000651003
168	2.51383e-09	1.08905	0.137972	0.000819854	-0.12065	0.943728	-0.000146554
169	2.51383e-09	0.894499	0.610002	-0.000974567	-0.542414	0.797755	-0.00106117
170	2.51383e-09	0.838065	0.698042	0.000404372	-0.611076	0.739456	0.00141369
171	2.51383e-09	0.752159	-0.793278	0.000649682	0.692967	0.658483	0.00101591
172	2.51383e-09	0.852818	0.712689	-0.00102775	-0.611527	0.72709	0.000456534
173	2.51383e-09	-0.765537	-0.788508	0.00197364	0.682954	-0.665311	-0.00194457
174	2.51383e-09	-0.974014	-0.504527	-0.00233393	0.43748	-0.850002	-0.00130562
175	2.51383e-09	0.704833	0.84361	0.00198613	-0.736141	0.60297	0.000366296
176	2.51383e-09	1.07766	-0.139674	0.00122137	0.122091	0.950824	0.00214966
177	2.51383e-09	-0.176697	-1.09645	-0.00292981	0.937392	-0.152182	-0.00184055
178	2.51383e-09	0.978694	0.470007	-0.00267301	-0.41275	0.866497	-0.000449414
179	2.51383e-09	-0.981178	0.50283	0.00310044	-0.43716	-0.845984	0.00148324
180	2.51383e-09	0.459969	-0.975105	0.00252039	0.870658	0.412048	0.000536869
181	2.51383e-09	-1.10167	-0.0296117	-0.000168567	0.0210008	-0.950579	-6.39629e-05
182	2.51383e-09	0.771977	-0.785395	-0.000447506	0.67557	0.672807	-0.00105685
183	2.51383e-09	0.815542	-0.735831	0.000256358	0.640555	0.706495	-0.000622908
184	2.51383e-09	-1.09024	-0.190272	-0.00167004	0.161835	-0.934555	-0.00106171
185	2.51383e-09	0.217123	1.06171	0.000520883	-0.943107	0.189537	-0.00269054
186	2.51383e-09	-0.911109	0.598947	-0.000308066	-0.52694	-0.799368	-0.00179732
187	2.51383e-09	-1.00823	0.346848	-0.00313005	-0.317493	-0.913343	-0.00166819
188	2.51383e-09	1.07063	0.221643	0.000812538	-0.194046	0.939921	-0.00269137
189	2.51383e-09	0.222425	-1.07295	0.00307764	0.934118	0.192637	-0.00105774
190	2.51383e-09	-0.23451	-1.09005	-0.00145037	0.921197	-0.198146	0.000667607
191	2.51383e-09	-0.451436	-0.982759	2.36187e-05	0.872003	-0.404913	-0.000141093
192	2.51383e-09	0.103317	1.0958	-0.000302369	-0.948737	0.0918397	0.0013342
193	2.51383e-09	0.655774	0.904674	-0.000769228	-0.765404	0.552584	-0.00316648
194	2.51383e-09	0.972974	-0.547741	0.00333081	0.466265	0.824944	0.000258856
195	2.51383e-09	-0.457507	-0.983554	0.000517549	0.868277	-0.404313	-0.00100947
196	2.51383e-09	-0.313725	-1.04229	0.00435018	0.920135	-0.277265	0.000494509
197	2.51383e-09	0.554129	-0.935639	-0.00262904	0.825845	0.488322	0.00107894
198	2.51383e-09	1.07264	0.281513	-0.000252047	-0.241754	0.919528	0.00103598
199	2.51383e-09	-1.0984	0.137454	-0.00269589	-0.117285	-0.940972	-0.00302909
200	2.51383e-09	-0.511555	0.989774	-0.000312455	-0.841469	-0.433351	0.000691154
201	2.51383e-09	1.08102	0.175534	-0.00124391	-0.152626	0.944386	-0.0013473
202	2.51383e-09	-1.08396	0.0567124	-0.0014941	-0.0524904	-0.959079	-0.00106073
203	2.51383e-09	1.05119	-0.258877	-0.00182597	0.228229	0.93228	0.00262086
204	2.51383e-09	1.07427	0.251678	0.000725365	-0.225994	0.924709	-0.00172738
205	2.51383e-09	1.00439	-0.524163	9.64363e-05	0.430568	0.832178	-0.000630293
206	2.51383e-09	1.02401	-0.39167	0.000658658	0.341778	0.892639	0.00152929
207	2.51383e-09	1.04417	0.407331	-0.00110411	-0.343301	0.879019	0.00341111
208	2.51383e-09	-0.892296	0.650816	-0.000364986	-0.562397	-0.763851	-0.00281911
209	2.51383e-09	-0.444009	-1.01351	-0.00337724	0.866953	-0.385188	-0.000929747
210	2.51383e-09	-1.03343	-0.388964	0.0017485	0.330637	-0.891459	-0.00145704
211	2.51383e-09	0.393648	-1.02106	-0.000850062	0.891832	0.346024	-0.000258056
212	2.51383e-09	-1.08635	0.340734	0.00108276	-0.286295	-0.888746	0.00222597
213	2.51383e-09	0.19921	-1.09865	-0.00289008	0.928727	0.170988	0.0018261
214	2.51383e-09	1.00641	-0.444503	0.00209182	0.389033	0.869081	-0.000734127
215	2.51383e-09	-0.380955	-1.05439	-0.00165573	0.887056	-0.322535	-0.000473553
216	2.51383e-09	-0.725996	-0.826302	0.00135769	0.719111	-0.631135	-0.000118828
217	2.51383e-09	-0.788164	0.78883	0.000253142	-0.673144	-0.667157	0.00184023
218	2.51383e-09	0.989895	-0.409867	0.00331022	0.374896	0.891334	-0.00500294
219	2.51383e-09	1.07397	0.373333	0.0010099	-0.310868	0.885931	0.000533371
220	2.51383e-09	-0.0609315	-1.11167	-0.00233982	0.947094	-0.048507	-0.00265846
221	2.51383e-09	0.970206	-0.48749	-0.0029385	0.430798	0.856852	0.00155875
222	2.51383e-09	-1.10274	0.0695066	-0.000387986	-0.0600674	-0.950213	0.00191214
223	2.51383e-09	-1.04642	0.370505	0.0008606	-0.31091	-0.897885	-0.000744215
224	2.51383e-09	0.630909	0.88855	-0.00124019	-0.784785	0.55055	-0.00110994
225	2.51383e-09	-0.0641831	1.10738	-0.000339742	-0.950752	-0.0531224	0.00138871
226	2.51383e-09	0.648569	-0.908165	0.000171025	0.77376	0.546648	0.00315993
227	2.51383e-09	0.851497	0.712442	0.00207613	-0.607852	0.728952	-0.000742644
228	2.51383e-09	-0.82535	-0.747589	0.00183247	0.634243	-0.704229	-0.00109862
229	2.51383e-09	0.454663	1.02959	0.00431107	-0.863187	0.38098	-0.00166784
230	2.51383e-09	-0.849643	0.778353	0.00101158	-0.625248	-0.689843	0.00240934
231	2.51383e-09	0.0768572	1.12829	0.00194835	-0.938272	0.0679351	0.00396667
232	2.51383e-09	-0.997661	0.432511	0.0015197	-0.376736	-0.884656	0.00196668
233	2.51383e-09	-0.678311	0.877693	-0.00103696	-0.75134	-0.584923	0.0017177
234	2.51383e-09	-0.632476	-0.924907	-0.00460665	0.779001	-0.532254	-0.00352691
235	2.51383e-09	0.954316	-0.587069	-0.000123762	0.500874	0.798615	-0.00220584
236	2.51383e-09	1.10953	-0.172607	0.00134112	0.137126	0.935063	0.00126315
237	2.51383e-09	-0.159516	-1.0889	2.08717e-05	0.943693	-0.130516	0.00315769
238	2.51383e-09	0.104883	-1.14049	0.000248624	0.933272	0.0890954	-0.00112816
239	2.51383e-09	0.484378	-0.989858	-0.00218402	0.857514	0.418587	0.00127948
240	2.51383e-09	0.778594	-0.797995	0.000325532	0.683294	0.663184	-0.00299108
241	2.51383e-09	-0.675925	0.886624	-0.00154821	-0.748481	-0.579721	0.00130792
242	2.51383e-09	-0.371777	1.09438	0.00179952	-0.882581	-0.298114	-0.00252471
243	2.51383e-09	0.478155	-1.02675	-0.00378048	0.849816	0.396442	0.00185189
244	2.51383e-09	-0.0108617	1.14192	0.000773977	-0.935425	-0.00406893	-0.00165445
245	2.51383e-09	-0.855472	0.741926	-0.00102414	-0.615409	-0.708016	-0.00336745
246	2.51383e-09	1.1066	-0.220405	0.000782388	0.185648	0.926252	-0.00277747
247	2.51383e-09	-0.930409	0.569736	-0.00335188	-0.502435	-0.81986	0.00110503
248	2.51383e-09	-0.327103	1.07824	0.000336117	-0.900176	-0.274444	0.000142378
249	2.51383e-09	-0.606931	-0.954353	0.000300758	0.78913	-0.505563	-0.00131924
250	2.51383e-09	0.509344	-1.01641	-0.00121805	0.838845	0.419707	-0.00185483
251	2.51383e-09	1.09485	-0.2295	0.00149236	0.197308	0.926233	0.000998016
252	2.51383e-09	-0.52485	-0.976679	0.000563822	0.840236	-0.448044	0.000346031
253	2.51383e-09	0.554297	0.985423	0.00518765	-0.818021	0.463494	0.000617463
254	2.51383e-09	-1.0428	0.417751	9.90242e-05	-0.346604	-0.879875	-0.000801673
255	2.51383e-09	-0.371651	1.08144	0.00246289	-0.88012	-0.308386	-0.00120126
256	2.51383e-09	1.12314	0.194186	-0.000163512	-0.157081	0.926299	-0.00164729
257	2.51383e-09	0.780049	0.804395	0.00168579	-0.677615	0.659239	-0.00176718
258	2.51383e-09	-0.411245	-1.05151	-0.00199423	0.873407	-0.347752	0.00239362
259	2.51383e-09	-1.07015	0.380865	-0.000235436	-0.31749	-0.880993	0.00168326
260	2.51383e-09	0.910889	0.664724	-0.00405006	-0.556179	0.758698	0.00314104
261	2.51383e-09	0.0707067	1.12946	0.00119488	-0.939315	0.0546391	0.00209123
262	2.51383e-09	0.409399	1.03058	-0.00482485	-0.882536	0.356157	0.00252444
263	2.51383e-09	1.12231	0.20749	-0.00268374	-0.177314	0.92078	-0.00176111
264	2.51383e-09	-0.934544	-0.601744	0.00147338	0.514579	-0.799635	-0.00153949
265	2.51383e-09	0.186119	1.13059	0.000309963	-0.921959	0.153408	0.00242026
266	2.51383e-09	1.07486	-0.362069	-0.000427874	0.299039	0.890768	0.000875919
267	2.51383e-09	-0.561481	-0.961909	-0.000274169	0.818822	-0.480921	0.000122577
268	2.51383e-09	-0.179366	1.1199	-0.00166628	-0.927646	-0.151174	-0.00189467
269	2.51383e-09	-0.770069	0.856112	0.00255513	-0.694166	-0.619017	0.0006072
270	2.51383e-09	0.367689	-1.07313	-0.00196317	0.886555	0.300529	-0.000862843
271	2.51383e-09	0.238987	1.13293	-0.00067273	-0.908083	0.193403	1.45857e-06
272	2.51383e-09	0.807951	-0.803848	0.00347422	0.663294	0.663482	0.00224325
273	2.51383e-09	0.556462	-1.00707	-0.00216278	0.813231	0.453709	0.0010553
274	2.51383e-09	-0.944681	-0.615428	0.0033771	0.508784	-0.792072	0.00111827
275	2.51383e-09	-1.13169	-0.129746	-0.000410792	0.110529	-0.929406	-0.00195901
276	2.51383e-09	-0.991841	-0.577339	0.00222107	0.472649	-0.808216	0.00138329
277	2.51383e-09	-0.394644	1.08845	-0.00503874	-0.869541	-0.314422	-0.00190742
278	2.51383e-09	-0.978398	0.595644	-0.00419157	-0.487958	-0.796832	0.000575061
279	2.51383e-09	0.415064	-1.10537	0.00100946	0.860651	0.317586	0.00047878
280	2.51383e-09	0.0779388	-1.16316	0.00274492	0.922617	0.0644115	0.00089289
281	2.51383e-09	-1.07723	0.354142	3.4139e-05	-0.300227	-0.889221	-0.00120972
282	2.51383e-09	-0.409792	-1.06772	0.00238086	0.870908	-0.33843	-0.000160963
283	2.51383e-09	1.13184	-0.139613	0.000802404	0.117689	0.927013	-0.0031991
284	2.51383e-09	1.15581	0.0338666	0.00232788	-0.0239658	0.926523	0.000194581
285	2.51383e-09	0.799558	-0.827702	-0.00122578	0.668761	0.648639	-0.000863575
286	2.51383e-09	-0.412859	1.05741	0.00020266	-0.877095	-0.340091	0.000492164
287	2.51383e-09	-1.1128	0.194556	-0.00128316	-0.154358	-0.929302	0.000992591
288	2.51383e-09	0.55532	-1.0074	0.000616732	0.820537	0.445295	0.00210499
289	2.51383e-09	0.301765	1.11349	-0.00460374	-0.897372	0.24188	-0.000405273
290	2.51383e-09	0.881581	-0.706216	0.00299661	0.59091	0.735385	-0.00269922
291	2.51383e-09	-1.02679	0.509989	-0.00126736	-0.414802	-0.837895	-0.00120303
292	2.51383e-09	-1.10517	-0.325405	0.00110499	0.265871	-0.892559	-0.000687153
293	2.51383e-09	-0.575254	0.984029	0.00182237	-0.809116	-0.468665	0.00110076
294	2.51383e-09	-0.682809	-0.943917	0.00553198	0.752534	-0.539663	-0.00340601
295	2.51383e-09	-0.786634	0.825503	0.000735611	-0.674711	-0.649355	0.00298382
296	2.51383e-09	1.05612	0.472677	0.00318582	-0.379631	0.849332	0.0031102
297	2.51383e-09	0.973268	0.601725	-0.000725113	-0.490953	0.795375	-3.68691e-05
298	2.51383e-09	-1.13523	-0.192381	-0.000242893	0.15986	-0.918033	0.00207681
299	2.51383e-09	-0.309087	1.11836	-0.00219399	-0.895646	-0.255024	-0.00188949
300	2.51383e-09	-1.16318	-0.0580522	-0.00147841	0.0485631	-0.925312	0.00306374
301	2.51383e-09	0.177163	-1.1529	-0.00257801	0.91463	0.132686	-0.00121207
302	2.51383e-09	-0.951512	0.686893	-0.00094026	-0.537861	-0.74613	0.00313394
303	2.51383e-09	-0.176858	1.13619	-0.00182017	-0.921474	-0.148756	-0.00170426
304	2.51383e-09	-0.778129	0.887856	0.000416914	-0.695992	-0.60215	0.000144254
305	2.51383e-09	-1.07566	0.388471	0.00217833	-0.319487	-0.878983	-0.00216109
306	2.51383e-09	0.851715	0.764481	0.00111196	-0.623187	0.697354	0.00214937
307	2.51383e-09	0.725947	0.909449	0.00136402	-0.723353	0.57933	0.00191706
308	2.51383e-09	-0.060654	1.16628	-0.00146324	-0.925282	-0.0528577	0.002848
309	2.51383e-09	0.00706085	-1.1377	-0.0025332	0.937899	0.0106002	-0.000904528
310	2.51383e-09	-1.13813	-0.254328	0.00175325	0.202863	-0.900256	0.00160012
311	2.51383e-09	-0.0982147	1.15586	-0.00218079	-0.924259	-0.0797071	0.00362182
312	2.51383e-09	-0.0947827	1.16534	-0.00337521	-0.921736	-0.0681539	0.00122131
313	2.51383e-09	-0.504727	-1.0381	0.00351791	0.836579	-0.403214	2.28943e-05
314	2.51383e-09	0.224887	-1.12215	0.00148209	0.917653	0.175995	0.000356019
315	2.51383e-09	-0.981876	0.628316	0.00270675	-0.494363	-0.781813	-0.00103443
316	2.51383e-09	0.453694	-1.07467	0.00159988	0.856263	0.355695	-0.000508696
317	2.51383e-09	-1.13282	-0.207307	-0.004367	0.163401	-0.919533	0.000302564
318	2.51383e-09	-0.66252	0.956581	-3.09726e-06	-0.760442	-0.530467	0.00104963
319	2.51383e-09	0.709558	0.937265	-0.000962857	-0.733319	0.556676	-0.00240881
320	2.51383e-09	0.261255	1.1423	-0.000578615	-0.900142	0.210438	-0.000474781
321	2.51383e-09	-0.973645	0.640165	-0.00209279	-0.506288	-0.774199	-0.000835232
322	2.51383e-09	-0.919813	0.705467	0.0001694	-0.563392	-0.737665	0.00288669
323	2.51383e-09	0.679391	-0.94274	-0.00136918	0.747644	0.544718	-0.000161437
324	2.51383e-09	0.930553	-0.730166	0.000627264	0.566104	0.724815	-0.00135442
325	2.51383e-09	0.419047	1.076	-0.00276374	-0.866431	0.343602	-0.000446441
326	2.51383e-09	0.532383	1.05485	0.00199416	-0.824008	0.406099	-0.00558988
327	2.51383e-09	-0.858226	-0.802753	0.000494195	0.629913	-0.673379	-0.00175405
328	2.51383e-09	-0.460744	1.03735	0.00375506	-0.855473	-0.386178	-0.00325782
329	2.51383e-09	-0.633737	0.986588	4.85296e-05	-0.776724	-0.50384	-0.000823483
330	2.51383e-09	0.865508	-0.76846	-0.000981255	0.614	0.696438	0.00142891
331	2.51383e-09	-1.11711	0.284497	-0.00140239	-0.224754	-0.904252	0.00332057
332	2.51383e-09	-0.0559139	-1.17884	0.00373598	0.918389	-0.0472956	0.00165378
333	2.51383e-09	-0.593601	1.01465	-0.000707736	-0.795772	-0.466571	-0.00118209
334	2.51383e-09	-1.166	-0.154509	-0.000132223	0.125237	-0.910553	0.00111683
335	2.51383e-09	-1.17601	0.118024	0.00157165	-0.0952541	-0.915845	0.000592042
336	2.51383e-09	-1.16717	-0.148528	-0.00240603	0.122362	-0.91393	0.00117774
337	2.51383e-09	0.578041	1.03289	-6.439e-06	-0.800305	0.452944	0.00120145
338	2.51383e-09	-1.00351	-0.581196	-0.000215251	0.464046	-0.804373	0.00021627
339	2.51383e-09	-0.766456	0.909161	-0.00168262	-0.702173	-0.588046	0.00367809
340	2.51383e-09	0.711021	-0.959	0.00128455	0.73144	0.542414	0.00322001
341	2.51383e-09	-0.285928	-1.15129	-0.000224114	0.892757	-0.215309	-0.00110188
342	2.51383e-09	0.890074	0.704706	6.37821e-05	-0.585723	0.735622	-3.24242e-05
343	2.51383e-09	1.15744	-0.161605	0.00016037	0.129104	0.91335	0.000810328
344	2.51383e-09	1.17144	-0.122116	0.00182026	0.0969941	0.917112	-0.000334713
345	2.51383e-09	0.695951	-0.923258	-0.000190469	0.744945	0.559098	0.00283522
346	2.51383e-09	-0.684561	0.956936	-1.50217e-06	-0.752329	-0.530982	-0.00263384
347	2.51383e-09	-0.166256	-1.16723	-0.00015318	0.91089	-0.132047	-0.000464571
348	2.51383e-09	-0.667573	0.971343	0.00128614	-0.755374	-0.524568	0.00155485
349	2.51383e-09	1.18326	0.0601357	0.000978495	-0.0487918	0.917524	0.000179928
350	2.51383e-09	-0.47154	1.07227	-0.000837466	-0.844373	-0.370225	0.0020911
351	2.51383e-09	0.783198	-0.913789	0.00108774	0.691307	0.590924	-0.00205149
352	2.51383e-09	-0.515529	1.05543	0.0019295	-0.829806	-0.400512	-0.000940564
353	2.51383e-09	1.15265	-0.3387	-0.002071	0.260369	0.87383	0.00222075
354	2.51383e-09	-0.759934	0.900714	0.000758529	-0.703194	-0.593125	0.000791003
355	2.51383e-09	0.995795	-0.58683	0.00189199	0.474486	0.801015	0.000117604
356	2.51383e-09	-0.326928	-1.15619	-6.98984e-05	0.875367	-0.252044	-0.00252966
357	2.51383e-09	1.07679	-0.472724	-0.00110688	0.371539	0.842262	-0.00174473
358	2.51383e-09	-1.18208	-0.155272	-0.00217946	0.117382	-0.908341	0.00152099
359	2.51383e-09	1.19335	-0.20062	0.00262596	0.153647	0.894843	0.00158143
360	2.51383e-09	1.05834	-0.523313	0.00103652	0.403462	0.82471	0.000590009
361	2.51383e-09	0.993849	0.644294	0.000918484	-0.500599	0.768647	0.0017004
362	2.51383e-09	-0.999836	-0.597344	0.000853262	0.47807	-0.796196	0.00218463
363	2.51383e-09	-1.12857	0.378237	0.000989543	-0.293254	-0.865405	0.000926092
364	2.51383e-09	0.452201	-1.06731	0.00246991	0.857584	0.359315	0.000978452
365	2.51383e-09	-0.924386	0.777354	-0.000558137	-0.583741	-0.693682	0.00139624
366	2.51383e-09	0.97601	0.679	-0.00304486	-0.527863	0.752445	-0.000647746
367	2.51383e-09	0.563295	1.02865	0.00237509	-0.814024	0.439543	0.00217272
368	2.51383e-09	-0.260029	1.17045	0.0019762	-0.89168	-0.196991	0.00216276
369	2.51383e-09	-1.09956	-0.484267	0.00018959	0.36216	-0.832578	-0.00216526
370	2.51383e-09	0.477189	-1.08452	-0.00213796	0.841881	0.373003	-0.00225208
371	2.51383e-09	-0.528365	1.08981	-0.00122434	-0.815612	-0.399271	-0.00123583
372	2.51383e-09	1.04093	-0.582505	-0.00239913	0.44948	0.800779	0.00132801
373	2.51383e-09	-0.554061	1.03687	-0.00247087	-0.813805	-0.439004	-0.000161031
374	2.51383e-09	-0.926723	-0.78843	0.00313734	0.586967	-0.687078	0.00194563
375	2.51383e-09	-0.873018	-0.807768	-0.00255602	0.618585	-0.676156	-0.0036772
376	2.51383e-09	-0.800698	0.851204	-0.000467515	-0.676494	-0.635953	-0.000904161
377	2.51383e-09	-1.18904	-0.0335058	0.00124257	0.0237926	-0.914335	0.000724056
378	2.51383e-09	-1.06666	-0.538719	-0.00109583	0.410371	-0.817227	1.10906e-05
379	2.51383e-09	-0.815106	0.872491	0.00381425	-0.666462	-0.62114	-0.00175415
380	2.51383e-09	0.961214	0.673131	0.000373708	-0.532061	0.756218	0.00228817
381	2.51383e-09	1.18944	0.108884	-0.00145265	-0.0829008	0.910749	-0.000368813
382	2.51383e-09	1.00447	0.656099	0.00102647	-0.49495	0.768569	4.54635e-05
383	2.51383e-09	0.24062	1.16319	0.00118855	-0.897284	0.184522	-0.00074953
384	2.51383e-09	-0.26767	1.17053	0.00375154	-0.891367	-0.201583	-0.00350993
385	2.51383e-09	-0.191022	1.1598	-0.00212748	-0.910818	-0.150219	-0.000246167
386	2.51383e-09	-0.421492	-1.11194	0.00200916	0.857443	-0.328518	0.00212952
387	2.51383e-09	1.11395	0.459341	-0.000233906	-0.345878	0.841074	0.00220036
388	2.51383e-09	-0.75399	-0.931878	0.00249321	0.706721	-0.578099	-0.000993413
389	2.51383e-09	0.0855024	-1.18037	-0.000592385	0.917031	0.0633949	0.00376766
390	2.51383e-09	-0.952464	-0.70377	-0.0006443	0.543029	-0.741724	-0.000645047
391	2.51383e-09	1.20338	0.101273	-0.000247919	-0.0708538	0.908188	-0.00204197
392	2.51383e-09	1.19399	0.0692689	0.000705821	-0.0544417	0.913712	-0.0051076
393	2.51383e-09	-1.1134	-0.446547	0.00217371	0.345098	-0.847654	-0.000930186
394	2.51383e-09	0.66782	0.998279	-0.000228012	-0.757673	0.512041	0.00134541
395	2.51383e-09	0.284096	1.16373	0.000481517	-0.891332	0.210268	-4.60007e-05
396	2.51383e-09	0.750931	0.972479	0.00111591	-0.710011	0.548776	-0.0016545
397	2.51383e-09	-1.20161	0.0992794	0.00267864	-0.072503	-0.906185	-0.00156635
398	2.51383e-09	-1.07603	-0.533369	0.00199837	0.402943	-0.819479	0.000451533
399	2.51383e-09	0.984549	0.688999	0.000324805	-0.521077	0.749226	0.00110216
400	2.51383e-09	-1.03405	0.615238	-0.00226148	-0.460541	-0.785592	-0.000787906
