1.380000e+03
401
0	1	6.36389e-05	3.94601e-05	-5.8092e-08	1.18621e-08	1.97136e-08	-3.44435e-11
1	2.51383e-09	-0.205973	0.98092	0.0011179	-0.97738	-0.206116	5.77912e-05
2	2.51383e-09	-0.327618	0.948247	-0.000650635	-0.942762	-0.326181	0.00134014
3	2.51383e-09	-0.352744	0.939199	-0.000214866	-0.933572	-0.352428	0.00126753
4	2.51383e-09	-0.821179	0.5699	0.000889869	-0.569799	-0.822347	0.00131091
5	2.51383e-09	-0.324708	0.947386	0.00100185	-0.945255	-0.323239	0.00054518
6	2.51383e-09	-0.264285	-0.970597	-0.000690019	0.962347	-0.259261	-0.000824952
7	2.51383e-09	0.978334	-0.215349	-0.000427183	0.218128	0.97551	0.000214337
8	2.51383e-09	0.216901	0.979045	-0.000131182	-0.973026	0.217366	0.000116166
9	2.51383e-09	0.787123	-0.614245	-8.25296e-05	0.615099	0.78996	0.00024194
10	2.51383e-09	-0.864965	-0.505524	-0.00143757	0.501651	-0.865145	-0.000568572
11	2.51383e-09	0.816966	-0.588374	-0.000594951	0.581426	0.80924	-0.00117881
12	2.51383e-09	0.465884	-0.895487	0.000968606	0.883875	0.458671	0.000361689
13	2.51383e-09	0.560256	-0.843384	0.000747268	0.827317	0.545204	-0.00243517
14	2.51383e-09	-0.747082	0.686295	0.00132246	-0.668144	-0.732831	0.00135946
15	2.51383e-09	-0.53854	0.850314	-0.00143702	-0.838338	-0.536849	0.000590435
16	2.51383e-09	-0.0601866	-1.00072	0.000741151	0.996104	-0.0608183	0.000827901
17	2.51383e-09	-1.00078	0.0808059	-0.00169607	-0.0797231	-0.993746	-0.0011454
18	2.51383e-09	-0.305694	0.968115	0.00101347	-0.94467	-0.299655	-0.00110347
19	2.51383e-09	-0.451866	0.90591	-0.000234608	-0.891852	-0.440709	-0.000702272
20	2.51383e-09	-0.323524	-0.966598	0.000616032	0.9384	-0.314246	-4.38751e-05
21	2.51383e-09	-0.914615	-0.450336	-0.0005153	0.439489	-0.885744	0.000683809
22	2.51383e-09	-0.739988	0.6867	0.000263116	-0.679531	-0.729652	-0.000926666
23	2.51383e-09	-1.00541	0.128926	-0.000825127	-0.125519	-0.984115	-0.0003627
24	2.51383e-09	-0.648973	0.776183	-7.27412e-06	-0.763537	-0.636566	0.00123986
25	2.51383e-09	0.432013	0.921377	0.00021803	-0.896927	0.420864	-0.000790348
26	2.51383e-09	0.657159	-0.76341	-0.000170718	0.753158	0.651956	-0.000273148
27	2.51383e-09	0.650575	-0.774778	0.00135133	0.759517	0.638769	0.00038716
28	2.51383e-09	0.304533	0.966715	-0.000675387	-0.948603	0.298837	-0.000203979
29	2.51383e-09	0.47142	-0.898433	-0.00169252	0.881871	0.456453	-0.00175868
30	2.51383e-09	0.279948	-0.970571	0.0015041	0.957019	0.274587	0.00160565
31	2.51383e-09	-0.380128	-0.933971	0.000987194	0.923589	-0.375604	0.000554679
32	2.51383e-09	0.991101	-0.212747	4.3608e-05	0.208936	0.96966	-0.000136137
33	2.51383e-09	0.667688	-0.77071	0.00101707	0.749667	0.647757	-0.000115175
34	2.51383e-09	0.110057	-1.02173	-0.00100965	0.98206	0.105517	0.000753448
35	2.51383e-09	0.611136	0.815668	0.00117728	-0.791158	0.593612	0.000352139
36	2.51383e-09	0.0358776	1.01866	0.00105021	-0.991112	0.0349987	-0.000235643
37	2.51383e-09	-0.530977	0.863112	-0.000565849	-0.850026	-0.516809	0.00176374
38	2.51383e-09	0.0998217	-1.0164	0.000680804	0.983255	0.0990169	0.000902143
39	2.51383e-09	-0.388821	0.943837	-0.000363379	-0.913714	-0.377178	0.00103787
40	2.51383e-09	0.970716	-0.284616	0.000447376	0.27993	0.953705	0.00106894
41	2.51383e-09	0.989109	-0.214438	-0.00190992	0.210267	0.973588	-0.000448096
42	2.51383e-09	-0.950195	-0.383293	0.000664085	0.370992	-0.916103	0.00147856
43	2.51383e-09	-0.897208	-0.492949	-0.00130646	0.475682	-0.867393	0.000237125
44	2.51383e-09	-0.901532	-0.48652	0.000200161	0.466176	-0.870919	-0.000275408
45	2.51383e-09	0.609893	-0.822108	4.31675e-05	0.794107	0.589428	-0.00191784
46	2.51383e-09	0.664684	0.787337	0.000269231	-0.754576	0.631746	5.56281e-08
47	2.51383e-09	-0.731518	0.705522	0.00091295	-0.688482	-0.715349	-0.000402956
48	2.51383e-09	-0.0269282	-1.01833	0.000312426	0.991391	-0.0275364	0.000485041
49	2.51383e-09	0.237335	-0.9953	-0.0013479	0.962642	0.230475	-0.000842687
50	2.51383e-09	0.376697	0.951494	-0.000728815	-0.920385	0.36328	-0.00182925
51	2.51383e-09	-0.795373	0.640846	-0.00103628	-0.622904	-0.769166	0.00106919
52	2.51383e-09	-0.992624	-0.297114	3.66373e-05	0.28088	-0.94077	0.0005547
53	2.51383e-09	-0.42832	-0.934388	0.000948363	0.894335	-0.410375	-0.00121031
54	2.51383e-09	-0.266311	-0.989175	0.000965673	0.954306	-0.256935	0.000665183
55	2.51383e-09	0.636044	0.81583	-0.000215156	-0.775434	0.603557	-0.000970806
56	2.51383e-09	0.276058	0.989043	-0.00211702	-0.951866	0.260539	0.0012912
57	2.51383e-09	1.00922	0.214342	0.00031904	-0.205427	0.964128	-0.001195
58	2.51383e-09	-0.486148	0.90842	-0.000636937	-0.869058	-0.464413	0.00084305
59	2.51383e-09	0.731164	-0.726865	0.000435324	0.694556	0.697329	-0.000258755
60	2.51383e-09	0.317009	-0.970464	-0.00199633	0.941089	0.306357	0.00169272
61	2.51383e-09	-0.79728	0.673212	-0.000212971	-0.630427	-0.750517	-2.77533e-05
62	2.51383e-09	0.8915	-0.527552	-0.000224277	0.500559	0.846568	0.00142752
63	2.51383e-09	0.89442	-0.516483	0.000949312	0.490567	0.850963	-0.000538659
64	2.51383e-09	0.326314	-0.96916	-0.00162018	0.937818	0.318414	0.000333045
65	2.51383e-09	1.0298	0.0851913	0.000439106	-0.0784594	0.979806	0.00128963
66	2.51383e-09	0.0539922	-1.03101	-0.000983258	0.98134	0.0519621	-0.000937797
67	2.51383e-09	-0.682209	0.777526	-0.000161066	-0.739451	-0.647474	0.000891945
68	2.51383e-09	-0.00838691	-1.02852	-0.00045036	0.985918	-0.00309108	0.00129199
69	2.51383e-09	-0.362192	-0.969449	0.000865139	0.919877	-0.345595	-0.000443986
70	2.51383e-09	0.119476	1.02896	0.000109684	-0.975527	0.112921	-0.00081324
71	2.51383e-09	-0.219667	-1.01316	-0.00146021	0.960941	-0.206836	-0.000762068
72	2.51383e-09	0.674323	0.784979	0.00070882	-0.747735	0.640231	0.000748155
73	2.51383e-09	-0.816972	0.624768	0.000967774	-0.598567	-0.785917	-6.09605e-05
74	2.51383e-09	0.9498	0.416068	-0.000411147	-0.39054	0.899571	0.00135982
75	2.51383e-09	-0.822349	0.627256	-0.000690227	-0.596814	-0.782504	-5.25913e-05
76	2.51383e-09	-0.943074	-0.446825	-0.000646748	0.423561	-0.882757	0.000344051
77	2.51383e-09	1.00106	0.298508	0.000470016	-0.279232	0.936299	0.000557103
78	2.51383e-09	-1.04106	-0.0538469	-0.000484866	0.0529732	-0.977632	0.000152452
79	2.51383e-09	-0.959806	-0.375391	-0.0016644	0.356674	-0.918269	-0.00153267
80	2.51383e-09	0.598556	0.847834	0.000954831	-0.803725	0.566335	0.0010755
81	2.51383e-09	0.792114	-0.677951	5.11784e-05	0.63863	0.744647	2.0498e-05
82	2.51383e-09	-0.15907	1.02476	-0.000326243	-0.972568	-0.14736	-0.000900427
83	2.51383e-09	-0.311446	-0.99846	-0.00228882	0.932061	-0.291276	-0.000170406
84	2.51383e-09	-0.695623	-0.782906	-0.000801236	0.728683	-0.651021	-0.000371833
85	2.51383e-09	-0.993833	0.295999	0.000132685	-0.281642	-0.942863	0.00206355
86	2.51383e-09	0.575933	0.863916	0.0016676	-0.814544	0.5473	-0.000722625
87	2.51383e-09	-0.336551	0.984125	4.26142e-05	-0.927524	-0.316273	0.00115574
88	2.51383e-09	-0.138841	-1.03238	0.00122904	0.970339	-0.128569	0.000140607
89	2.51383e-09	0.366431	0.986954	-0.000795325	-0.913238	0.34092	4.64559e-05
90	2.51383e-09	-0.561252	-0.877086	-0.00123676	0.826008	-0.528228	-0.000596225
91	2.51383e-09	0.923194	0.48124	-0.000629373	-0.451522	0.870902	7.3731e-05
92	2.51383e-09	0.46325	-0.940702	0.00013755	0.87668	0.433351	0.000866981
93	2.51383e-09	-1.03238	-0.198685	-0.000889409	0.180564	-0.958691	0.00169543
94	2.51383e-09	0.184381	1.03409	0.00123352	-0.962596	0.170765	-0.000700068
95	2.51383e-09	0.512298	0.906338	0.0011833	-0.854863	0.483083	-0.000389793
96	2.51383e-09	0.501504	-0.933594	0.000836498	0.854103	0.459314	-0.00124776
97	2.51383e-09	-0.999809	-0.302955	-0.00275402	0.283627	-0.939497	-0.00216003
98	2.51383e-09	-0.410265	-0.973056	-0.00115446	0.897819	-0.377204	7.61824e-05
99	2.51383e-09	-0.766794	-0.730805	-0.000889192	0.669227	-0.704215	-0.00115168
100	2.51383e-09	0.96145	-0.413648	0.000652053	0.386036	0.899626	-0.000314637
101	2.51383e-09	-0.44709	-0.938875	0.000235273	0.885402	-0.418415	-0.000816703
102	2.51383e-09	-0.880798	0.57037	0.00177119	-0.530964	-0.819121	-0.000559393
103	2.51383e-09	-0.0377205	-1.05221	9.17393e-05	0.973881	-0.0379694	0.000123292
104	2.51383e-09	1.00888	-0.302483	-0.00142837	0.281535	0.933677	7.4496e-05
105	2.51383e-09	-0.452822	0.95047	-0.000537243	-0.875787	-0.424511	-0.000459151
106	2.51383e-09	0.562312	-0.891998	0.00206742	0.822202	0.520539	-0.00104645
107	2.51383e-09	-0.668462	-0.80332	0.00169723	0.750896	-0.628679	0.000494581
108	2.51383e-09	1.00876	0.331845	-0.00102559	-0.304443	0.922038	-0.000353448
109	2.51383e-09	-0.325665	1.00954	-0.000460832	-0.924319	-0.294797	-0.000477987
110	2.51383e-09	-1.04501	-0.14298	-0.000457118	0.133389	-0.964354	-0.000593893
111	2.51383e-09	0.871142	0.608509	-0.00148385	-0.557003	0.797136	0.000345015
112	2.51383e-09	1.03764	0.169899	0.000163796	-0.15884	0.962723	0.000914723
113	2.51383e-09	-0.160485	-1.03952	-0.000497713	0.963565	-0.148292	-0.00110419
114	2.51383e-09	-1.04841	0.142062	0.00132158	-0.132505	-0.963865	0.00181
115	2.51383e-09	1.05495	0.144117	-0.000328231	-0.128599	0.958687	-0.00190689
116	2.51383e-09	-1.0453	0.132327	0.000578933	-0.119733	-0.967313	-9.12775e-05
117	2.51383e-09	0.879813	0.593205	-0.00110973	-0.541345	0.804192	0.00075462
118	2.51383e-09	0.278594	-1.02996	0.000469897	0.936287	0.25152	-0.000364815
119	2.51383e-09	-1.05417	-0.0288696	0.000534364	0.026904	-0.972852	0.00112656
120	2.51383e-09	0.778349	-0.716937	-7.99161e-05	0.660842	0.713509	-0.0015785
121	2.51383e-09	0.933609	-0.523616	0.00127085	0.471804	0.841372	0.000787869
122	2.51383e-09	1.05424	0.0708699	-0.000508694	-0.0642339	0.971552	0.000685517
123	2.51383e-09	-0.223624	-1.03254	7.37012e-05	0.95163	-0.204603	0.000496051
124	2.51383e-09	0.690316	0.808851	-0.00025079	-0.740444	0.629149	0.0016353
125	2.51383e-09	-0.152272	-1.04701	-0.00030382	0.962791	-0.140947	-0.00110037
126	2.51383e-09	0.637289	0.850618	0.000907483	-0.776227	0.582713	0.00183815
127	2.51383e-09	1.01776	0.288352	0.00125041	-0.264518	0.93547	-0.000737916
128	2.51383e-09	1.05631	0.158616	-3.50554e-06	-0.142224	0.95617	-0.00082691
129	2.51383e-09	-0.99656	0.383946	0.000751661	-0.347569	-0.902699	0.0002679
130	2.51383e-09	1.04753	-0.145267	-0.00172037	0.132142	0.963855	-0.000433141
131	2.51383e-09	-0.295659	1.02962	0.000136294	-0.930277	-0.264522	-0.000281441
132	2.51383e-09	-0.210868	1.05287	-0.000792712	-0.946138	-0.187197	0.00119015
133	2.51383e-09	1.04611	-0.190077	0.00147744	0.170873	0.955036	-0.0027055
134	2.51383e-09	0.439852	0.970972	0.00142693	-0.882855	0.398316	0.000710919
135	2.51383e-09	0.712211	0.792388	0.00238338	-0.721836	0.646041	0.000738151
136	2.51383e-09	0.0226911	-1.07495	-0.000832738	0.962795	0.0191923	-0.00286951
137	2.51383e-09	-0.850883	-0.642862	-0.00164498	0.583697	-0.773415	0.000286459
138	2.51383e-09	0.460213	-0.966777	-0.00175454	0.87358	0.415813	-0.00173954
139	2.51383e-09	-1.0118	0.354382	-0.000667926	-0.316107	-0.910917	-0.000142876
140	2.51383e-09	0.0492215	1.07582	-0.00111155	-0.963009	0.0412345	0.00113245
141	2.51383e-09	-0.326143	-1.01484	-0.000878286	0.922343	-0.293339	9.51707e-05
142	2.51383e-09	0.91246	-0.563653	-0.000531456	0.507073	0.821788	0.00104192
143	2.51383e-09	1.01451	0.357769	0.000836095	-0.321209	0.908176	-6.80614e-05
144	2.51383e-09	-0.970736	0.463475	-0.000887277	-0.416316	-0.87058	0.00046098
145	2.51383e-09	-0.365199	-1.01879	-0.00124663	0.903877	-0.324608	-0.000351418
146	2.51383e-09	-0.317645	-1.03365	-0.000516993	0.919089	-0.284337	0.00084444
147	2.51383e-09	0.00657086	-1.08215	0.000333679	0.958733	0.00323117	0.00117497
148	2.51383e-09	0.973523	0.453901	0.00130532	-0.40866	0.875887	-0.00152675
149	2.51383e-09	-0.14137	-1.06404	-0.000917609	0.956465	-0.132604	0.000105291
150	2.51383e-09	-1.03057	-0.292261	0.00184986	0.264035	-0.927904	0.000346307
151	2.51383e-09	-0.72467	-0.798066	-0.00105044	0.715485	-0.645581	0.000755899
152	2.51383e-09	-0.615635	0.87462	-0.00278423	-0.790429	-0.558371	0.00176557
153	2.51383e-09	-0.298411	1.04224	0.000178528	-0.922928	-0.262931	0.00055794
154	2.51383e-09	-0.568588	-0.928202	0.00102373	0.817358	-0.499001	-0.000169386
155	2.51383e-09	0.591036	0.895298	0.0021525	-0.808166	0.530715	0.000973119
156	2.51383e-09	1.0435	-0.292036	-0.00053444	0.25647	0.926755	0.000334099
157	2.51383e-09	0.715755	0.812873	-0.0005821	-0.720128	0.63426	3.03885e-05
158	2.51383e-09	0.449853	-0.979342	0.000796497	0.874751	0.403531	-0.000684322
159	2.51383e-09	0.418031	-0.993524	-0.000361805	0.887786	0.373795	-0.00182617
160	2.51383e-09	0.0346565	1.0789	0.0008504	-0.962275	0.0338019	0.000414394
161	2.51383e-09	0.709517	0.829914	0.000395179	-0.729201	0.618343	-0.000149771
162	2.51383e-09	-0.665931	0.853347	0.000776298	-0.757981	-0.592325	7.30669e-05
163	2.51383e-09	-0.964529	-0.48722	0.000177324	0.435072	-0.856554	-0.00100507
164	2.51383e-09	-1.02722	0.312413	-0.000990021	-0.282277	-0.923563	0.000527666
165	2.51383e-09	0.315949	-1.04069	0.00175237	0.916202	0.28028	-0.00163861
166	2.51383e-09	-1.01647	-0.394709	-0.000944717	0.347689	-0.889847	0.000347054
167	2.51383e-09	-0.525447	-0.946565	-0.00194017	0.842631	-0.466992	0.00228984
168	2.51383e-09	-0.229719	1.04582	-0.000924282	-0.944856	-0.212645	0.00177797
169	2.51383e-09	1.07808	-0.129777	0.000993686	0.118376	0.952783	0.000223484
170	2.51383e-09	0.143114	1.08804	-0.000674853	-0.944301	0.124258	9.10611e-06
171	2.51383e-09	1.01293	-0.3976	0.00172643	0.351286	0.891267	0.00294085
172	2.51383e-09	-1.06795	0.240791	-0.000984382	-0.209925	-0.932999	0.000104736
173	2.51383e-09	0.00366703	1.09844	0.0011076	-0.955268	0.00134215	-0.000177668
174	2.51383e-09	-1.06929	-0.252783	-0.000392935	0.220772	-0.927752	0.000920484
175	2.51383e-09	-1.05189	0.299249	0.000249938	-0.260553	-0.918654	-6.64066e-05
176	2.51383e-09	0.966641	-0.463266	0.000965177	0.415764	0.870415	0.000167267
177	2.51383e-09	-1.05211	0.304696	0.000336703	-0.265076	-0.917143	0.00136928
178	2.51383e-09	-0.17109	-1.0732	4.74126e-05	0.948661	-0.152404	-0.00141784
179	2.51383e-09	1.0503	-0.293855	-0.000349672	0.25782	0.921939	0.00140114
180	2.51383e-09	-0.846839	0.685924	0.0011979	-0.600799	-0.744298	0.00132732
181	2.51383e-09	0.860722	0.673215	0.000946386	-0.588779	0.753081	0.000147602
182	2.51383e-09	-0.285498	1.04172	-0.00144496	-0.929761	-0.254511	7.82085e-05
183	2.51383e-09	-0.691982	-0.856347	0.000246248	0.739935	-0.601346	0.000789045
184	2.51383e-09	-0.663195	0.872898	0.000755815	-0.76043	-0.579151	1.18952e-05
185	2.51383e-09	-0.958425	-0.52873	0.0013842	0.461375	-0.837212	-0.00159241
186	2.51383e-09	-0.0576903	1.09411	-0.00136813	-0.953043	-0.0504292	0.00170051
187	2.51383e-09	0.16326	-1.07778	0.000486908	0.94672	0.144429	0.00127864
188	2.51383e-09	0.124031	1.08866	-7.56987e-06	-0.949357	0.106306	-2.25469e-05
189	2.51383e-09	-0.861555	-0.679134	-0.00181005	0.588005	-0.751211	-0.000285591
190	2.51383e-09	0.274585	-1.06646	-0.0014746	0.922783	0.237717	0.000633287
191	2.51383e-09	0.862788	0.679664	0.00198963	-0.59167	0.748715	-3.0336e-05
192	2.51383e-09	0.667962	0.875759	0.000511998	-0.759416	0.577309	-0.000466102
193	2.51383e-09	-0.572085	-0.945394	0.000524969	0.81282	-0.492417	0.000665067
194	2.51383e-09	-0.0871559	-1.09782	-0.000279587	0.949606	-0.0734483	-0.00139492
195	2.51383e-09	-0.734556	0.814028	0.00354814	-0.710126	-0.637552	-0.000834703
196	2.51383e-09	0.668114	-0.870326	0.000263456	0.756165	0.583579	-0.000793052
197	2.51383e-09	0.242515	-1.06735	-0.000463229	0.933071	0.209068	-0.000811515
198	2.51383e-09	-0.394562	1.03392	0.000714355	-0.887564	-0.33734	0.00086489
199	2.51383e-09	-1.04534	0.335981	6.44519e-06	-0.292182	-0.90977	-0.000286453
200	2.51383e-09	0.539771	0.971106	0.000643035	-0.82939	0.460576	0.00131345
201	2.51383e-09	-0.963167	0.559716	0.000965628	-0.472657	-0.819848	9.83092e-06
202	2.51383e-09	0.658213	0.890091	0.00205188	-0.766193	0.562628	0.000689348
203	2.51383e-09	-1.09033	-0.0839099	-0.00135101	0.075655	-0.952541	0.000678999
204	2.51383e-09	1.07676	0.212312	-0.00198878	-0.185448	0.938255	-0.000570096
205	2.51383e-09	-0.707042	0.853544	-0.000409097	-0.730252	-0.607605	-0.00104324
206	2.51383e-09	-0.702122	-0.843249	0.00293142	0.732513	-0.612121	0.000491644
207	2.51383e-09	-0.676201	-0.870104	-0.000146549	0.75113	-0.587193	0.00113328
208	2.51383e-09	-0.947622	-0.587396	-0.00110773	0.497755	-0.805389	0.000301637
209	2.51383e-09	0.934427	0.569966	-0.00123677	-0.502305	0.812955	-0.000584647
210	2.51383e-09	0.770115	0.801323	-0.00212093	-0.684904	0.656095	9.82806e-05
211	2.51383e-09	0.0357192	-1.10371	0.000170236	0.951901	0.0312128	0.000663116
212	2.51383e-09	0.762748	-0.814377	0.00122082	0.690989	0.648107	-0.00107227
213	2.51383e-09	0.465135	-1.00209	-0.000858559	0.861819	0.400685	-0.00025479
214	2.51383e-09	-0.692198	0.875635	0.000731427	-0.740764	-0.58462	0.000478055
215	2.51383e-09	0.88758	-0.65229	0.000283128	0.565633	0.768437	-0.00087786
216	2.51383e-09	-1.09095	-0.215756	0.000431124	0.181683	-0.929369	-0.00041898
217	2.51383e-09	-1.10471	-0.0938448	0.000479063	0.0823818	-0.945863	4.38816e-05
218	2.51383e-09	0.571156	0.942543	0.00108656	-0.814118	0.494529	0.000548126
219	2.51383e-09	-0.274322	-1.08204	-0.00183457	0.917945	-0.22999	0.000671553
220	2.51383e-09	-0.647602	0.903813	-0.00101709	-0.768948	-0.555812	-0.00139806
221	2.51383e-09	-0.904541	-0.653702	-0.000140374	0.551977	-0.767366	0.00111313
222	2.51383e-09	-0.883682	-0.677567	-0.00193167	0.578066	-0.752814	-0.000274024
223	2.51383e-09	0.852139	-0.720039	0.000322767	0.609869	0.724684	0.000704392
224	2.51383e-09	0.832711	0.741209	0.000928401	-0.629348	0.706792	-0.00064137
225	2.51383e-09	-0.757339	0.817022	0.000684474	-0.694539	-0.645229	-0.00075933
226	2.51383e-09	-0.663605	-0.899947	-0.000483261	0.759676	-0.564519	6.91667e-05
227	2.51383e-09	-0.643609	-0.91066	-0.000730618	0.772578	-0.545457	0.000824952
228	2.51383e-09	-0.372734	1.05184	0.000878275	-0.89239	-0.316057	-0.000625364
229	2.51383e-09	0.822289	0.777885	-0.000365459	-0.646276	0.679757	0.000683786
230	2.51383e-09	1.0827	-0.297895	-0.00135787	0.251594	0.909723	-0.00177809
231	2.51383e-09	-1.06024	-0.410751	-0.000965831	0.340147	-0.872857	0.00136574
232	2.51383e-09	-1.01447	0.447063	9.20103e-05	-0.381567	-0.870335	0.00225047
233	2.51383e-09	1.1005	0.211328	-0.00188988	-0.179673	0.925994	0.00024771
234	2.51383e-09	-0.217615	1.08908	-0.00122085	-0.931624	-0.184609	0.0011089
235	2.51383e-09	0.90775	0.662236	-0.0011857	-0.554238	0.762546	-0.00148687
236	2.51383e-09	0.671909	-0.906748	0.000624039	0.756645	0.557687	0.000391829
237	2.51383e-09	0.10487	1.11714	-0.0008208	-0.939976	0.085296	-0.0011
238	2.51383e-09	1.12288	0.0977981	-0.000773466	-0.0814264	0.938062	0.00113735
239	2.51383e-09	1.11285	0.0278563	-0.000145174	-0.0216372	0.948444	-0.00181465
240	2.51383e-09	-1.13225	0.0312907	-0.00164129	-0.0275697	-0.938138	0.00047364
241	2.51383e-09	0.681728	-0.892997	-0.00186382	0.748086	0.575088	-0.000518128
242	2.51383e-09	-0.998114	-0.547777	0.00222221	0.450967	-0.822327	-0.000886032
243	2.51383e-09	-0.714706	0.865115	0.000631627	-0.727757	-0.603702	0.00112159
244	2.51383e-09	-0.425544	-1.03682	-0.000726559	0.873269	-0.359698	-0.000986927
245	2.51383e-09	0.445696	1.03754	-0.000703193	-0.863021	0.372488	-0.000800814
246	2.51383e-09	-0.876432	0.709337	4.99737e-05	-0.591286	-0.73138	-0.000803333
247	2.51383e-09	-0.68819	-0.872919	-0.00123022	0.746378	-0.587176	-0.00134713
248	2.51383e-09	-0.997749	0.509291	-0.000359188	-0.432227	-0.837429	0.000768105
249	2.51383e-09	0.958802	-0.572965	-0.00149477	0.485564	0.813442	0.000880021
250	2.51383e-09	1.09871	0.24007	-0.000577265	-0.201533	0.921077	0.00117563
251	2.51383e-09	0.905188	0.68824	0.00147216	-0.565227	0.747513	-0.00170358
252	2.51383e-09	0.924799	0.658393	0.00152151	-0.544005	0.762595	-0.00113789
253	2.51383e-09	-0.70184	-0.882869	0.00114974	0.737417	-0.583654	0.00165592
254	2.51383e-09	-0.575781	-0.965186	-0.00118956	0.810337	-0.484318	-0.000480894
255	2.51383e-09	-1.09505	0.303726	-1.45519e-05	-0.251736	-0.903083	0.000563937
256	2.51383e-09	-0.352785	1.0668	-0.000172909	-0.896726	-0.298419	0.00123873
257	2.51383e-09	0.995122	-0.536126	0.000545629	0.445414	0.829671	-0.00111049
258	2.51383e-09	-0.908608	-0.667776	-0.00100499	0.558039	-0.759858	-0.000490632
259	2.51383e-09	1.00216	0.507709	0.000272779	-0.428181	0.841495	6.85517e-06
260	2.51383e-09	-0.637658	-0.928865	0.00135164	0.774421	-0.539327	-0.00047995
261	2.51383e-09	-0.37499	1.08682	-0.000367119	-0.87891	-0.305194	0.000778987
262	2.51383e-09	-0.636398	-0.938648	0.00107624	0.778896	-0.52446	0.00050945
263	2.51383e-09	-0.958647	-0.616178	0.000175416	0.506117	-0.788438	0.000168874
264	2.51383e-09	-0.940275	0.637138	0.000841105	-0.523184	-0.776826	-0.000326254
265	2.51383e-09	-0.928395	-0.661974	-0.000349578	0.546738	-0.761962	-0.000244985
266	2.51383e-09	-1.13326	-0.0496385	-0.0004109	0.0386541	-0.939168	0.00165282
267	2.51383e-09	-0.240379	-1.10159	-0.00142273	0.920145	-0.202931	0.000701828
268	2.51383e-09	-0.804564	0.796532	-0.000498521	-0.663593	-0.665116	0.000233921
269	2.51383e-09	1.11271	0.216068	-1.1119e-05	-0.179571	0.922795	-0.00150725
270	2.51383e-09	-0.0256049	1.1345	-0.000275796	-0.938184	-0.0200545	-0.000401145
271	2.51383e-09	-0.754739	-0.851449	-0.000536857	0.699797	-0.62424	-0.00052684
272	2.51383e-09	0.030482	1.13734	0.000278637	-0.938763	0.0281717	-0.00110304
273	2.51383e-09	0.810253	-0.803705	0.00101981	0.65875	0.665789	5.63819e-05
274	2.51383e-09	0.295082	-1.09959	-0.00137821	0.903437	0.245434	-0.000478864
275	2.51383e-09	1.1193	-0.163161	-2.60028e-05	0.137942	0.932134	-0.001652
276	2.51383e-09	-0.74529	0.858067	0.000265646	-0.709495	-0.614321	0.000323004
277	2.51383e-09	-0.225348	-1.12051	0.000286353	0.916618	-0.184712	-0.000618256
278	2.51383e-09	0.222094	1.12277	-7.32474e-05	-0.916805	0.178052	-0.00144351
279	2.51383e-09	-0.903661	-0.700318	0.000480496	0.575136	-0.73768	-0.000174187
280	2.51383e-09	0.822667	0.793178	0.00194914	-0.650184	0.672759	-0.000333452
281	2.51383e-09	0.289306	-1.10559	0.000629828	0.905234	0.235822	-0.000363322
282	2.51383e-09	0.537565	-1.00851	0.000143758	0.824206	0.443429	-0.000674332
283	2.51383e-09	1.04463	-0.481492	-0.000948157	0.39189	0.846258	0.00024601
284	2.51383e-09	-0.642903	-0.959091	-0.00186065	0.773566	-0.51508	-0.00127807
285	2.51383e-09	0.698192	-0.912701	0.00137629	0.739701	0.567043	0.000254058
286	2.51383e-09	0.636092	0.951059	0.00127802	-0.778401	0.518759	-0.0016591
287	2.51383e-09	0.168171	-1.12735	-0.00229374	0.926201	0.136154	-7.58361e-05
288	2.51383e-09	0.47865	1.03989	0.00042496	-0.847748	0.393187	0.000209095
289	2.51383e-09	-0.266957	-1.12587	0.000264638	0.903889	-0.21517	0.00273285
290	2.51383e-09	1.03045	-0.496985	-0.000835882	0.408544	0.841355	-0.000212355
291	2.51383e-09	-0.043278	-1.15668	0.00217473	0.926577	-0.0350152	-0.00129326
292	2.51383e-09	-1.13448	0.188567	0.000675346	-0.153279	-0.918723	0.000548179
293	2.51383e-09	-0.228257	1.12229	-0.000334836	-0.917265	-0.183554	0.000885514
294	2.51383e-09	1.11253	0.297243	0.000967512	-0.241049	0.900152	-0.00212267
295	2.51383e-09	-0.831471	0.791506	-2.50586e-05	-0.64623	-0.674074	-0.000470408
296	2.51383e-09	1.0653	0.441375	0.000511925	-0.356698	0.859131	-0.000954948
297	2.51383e-09	1.06917	0.423021	0.00322288	-0.34434	0.867162	0.000118646
298	2.51383e-09	0.61573	-0.979563	-0.000573506	0.785762	0.496399	-0.000590486
299	2.51383e-09	0.0252999	1.14849	0.000322984	-0.934562	0.0203673	-0.00138722
300	2.51383e-09	-0.651735	-0.958126	0.000456485	0.769073	-0.521111	-0.000551289
301	2.51383e-09	0.143866	1.15422	-0.000980102	-0.918581	0.111983	-0.000102363
302	2.51383e-09	0.188388	-1.14498	-6.06616e-05	0.916544	0.150706	-0.00184397
303	2.51383e-09	0.452048	1.06379	0.000454285	-0.856108	0.361819	0.00119029
304	2.51383e-09	1.15365	0.0192759	0.00279619	-0.017398	0.932394	0.000659508
305	2.51383e-09	-0.0924428	1.15219	-0.00146207	-0.927186	-0.0771002	0.000453597
306	2.51383e-09	0.460423	-1.05561	0.000121903	0.855014	0.371266	-0.000345262
307	2.51383e-09	-0.00213546	1.16599	0.000943883	-0.922746	-0.00324903	-0.000606683
308	2.51383e-09	1.1588	-0.057217	-0.00202759	0.0474662	0.927621	0.00132155
309	2.51383e-09	1.14321	-0.155764	-0.000744472	0.127753	0.919841	-0.00165137
310	2.51383e-09	0.971865	-0.616719	-0.00107371	0.501039	0.78516	0.000770791
311	2.51383e-09	1.05473	-0.473091	-0.000523888	0.379635	0.849847	0.000967893
312	2.51383e-09	-0.657433	-0.955186	0.000169608	0.764646	-0.528665	0.000438043
313	2.51383e-09	-0.0924291	-1.1503	-0.00128867	0.928001	-0.0759812	-0.00174879
314	2.51383e-09	0.456244	-1.06442	0.000333229	0.854923	0.367471	-0.000772237
315	2.51383e-09	0.605283	0.988727	-0.000881792	-0.792523	0.48691	-0.00073899
316	2.51383e-09	-0.791932	0.85336	0.000660183	-0.679362	-0.628628	-0.00118574
317	2.51383e-09	0.877169	-0.762321	0.00172707	0.605827	0.702553	0.000172755
318	2.51383e-09	-1.13106	-0.241598	0.00146049	0.195842	-0.909923	-0.000767222
319	2.51383e-09	-0.609308	0.98788	-0.000216199	-0.789365	-0.490566	0.000402477
320	2.51383e-09	0.6818	0.941592	0.00082938	-0.754146	0.542802	0.000339239
321	2.51383e-09	-0.704788	0.927531	-0.000934955	-0.736963	-0.56084	0.000635273
322	2.51383e-09	-1.03274	-0.553724	0.00114575	0.43538	-0.813167	0.00111814
323	2.51383e-09	0.660383	-0.967218	-0.000142412	0.763048	0.523217	-0.00132543
324	2.51383e-09	-0.854102	0.805478	0.0011532	-0.638273	-0.669036	-0.000263842
325	2.51383e-09	-0.184993	-1.15229	0.00139724	0.914383	-0.143904	-0.000151058
326	2.51383e-09	1.03435	-0.541886	0.0011445	0.429973	0.818274	-0.000745866
327	2.51383e-09	0.510617	-1.04967	-0.000911609	0.832415	0.404379	0.00130526
328	2.51383e-09	0.245769	1.13999	-0.00180574	-0.90552	0.196824	-0.000573843
329	2.51383e-09	0.115339	-1.18192	-0.000491254	0.912907	0.0900324	9.99153e-05
330	2.51383e-09	0.888423	0.773353	0.000104299	-0.603144	0.696083	0.000860409
331	2.51383e-09	0.388546	1.10991	-0.000795018	-0.868869	0.303123	-0.000197249
332	2.51383e-09	1.16234	-0.107995	-0.00197553	0.0840184	0.92094	-0.00181883
333	2.51383e-09	-0.0837972	1.17341	0.000547399	-0.918256	-0.066858	-0.000211401
334	2.51383e-09	-0.432377	1.08642	0.00146313	-0.859912	-0.340252	-0.000780834
335	2.51383e-09	-0.786655	-0.868404	-0.00265438	0.684425	-0.619379	-0.000639455
336	2.51383e-09	0.931578	-0.714297	0.0020246	0.561774	0.732307	-0.00107183
337	2.51383e-09	-1.05108	0.527751	-0.000626304	-0.412079	-0.82436	-0.000670797
338	2.51383e-09	-1.1513	0.125473	-0.00160704	-0.102389	-0.925149	-0.000837309
339	2.51383e-09	1.04523	0.569554	-0.000305307	-0.439367	0.803671	-0.000465521
340	2.51383e-09	-1.10815	0.419812	-0.000815233	-0.322152	-0.860377	0.00042745
341	2.51383e-09	-1.10445	0.416706	0.000479163	-0.321942	-0.863021	-0.00056087
342	2.51383e-09	0.915214	-0.735192	-0.000130186	0.576233	0.720853	0.00105418
343	2.51383e-09	1.14828	0.224377	-0.00145654	-0.1805	0.906706	0.000948844
344	2.51383e-09	0.773588	-0.880599	7.58604e-05	0.69394	0.60812	0.000634877
345	2.51383e-09	-0.403729	-1.1073	0.00100377	0.864802	-0.31548	-0.00151948
346	2.51383e-09	1.04835	0.521353	3.82891e-05	-0.409562	0.826702	0.000115723
347	2.51383e-09	0.00700689	-1.17439	0.00197056	0.922357	0.00446086	-0.000829028
348	2.51383e-09	0.0464668	1.1815	0.000912123	-0.917867	0.0341746	0.00037443
349	2.51383e-09	-0.322295	1.13938	-0.000383465	-0.883894	-0.245021	-0.000318514
350	2.51383e-09	-1.17799	0.0675923	0.000679885	-0.0499516	-0.918491	8.85355e-05
351	2.51383e-09	1.07875	-0.485161	0.00266957	0.373558	0.839414	-0.000130093
352	2.51383e-09	0.00769746	-1.17533	0.00108542	0.92333	0.0016653	0.000310837
353	2.51383e-09	1.03668	-0.556869	0.000115524	0.432377	0.813795	0.000767455
354	2.51383e-09	-1.15477	0.282562	0.000317625	-0.218428	-0.890171	0.00173788
355	2.51383e-09	-1.16891	0.0143473	-0.00016562	-0.010704	-0.92526	-0.000771372
356	2.51383e-09	-0.074635	1.18756	0.00122137	-0.914369	-0.0565531	-0.00037873
357	2.51383e-09	0.565897	-1.03778	0.00136232	0.80785	0.440279	-0.00139952
358	2.51383e-09	-0.43209	-1.10558	-0.00107286	0.854534	-0.33764	0.000747269
359	2.51383e-09	0.520753	-1.06794	0.000510029	0.8244	0.400989	-0.000396623
360	2.51383e-09	0.900353	-0.768519	0.000273351	0.597538	0.697441	-0.00131523
361	2.51383e-09	0.993054	0.645654	-0.00224822	-0.501614	0.769885	0.000776696
362	2.51383e-09	0.15917	1.16475	0.000379193	-0.915207	0.124858	-0.00103655
363	2.51383e-09	1.00105	0.612074	-0.00053553	-0.482203	0.78651	0.00110564
364	2.51383e-09	0.402642	1.11298	0.000713463	-0.865571	0.309543	3.10332e-05
365	2.51383e-09	0.324051	1.14484	-0.001019	-0.881154	0.253406	0.000944848
366	2.51383e-09	0.284975	1.15142	7.24398e-05	-0.891062	0.220947	-0.00181318
367	2.51383e-09	-1.06582	-0.520952	-0.000374013	0.403455	-0.825231	0.000290557
368	2.51383e-09	1.01283	-0.629023	-0.00240172	0.482943	0.778991	-0.0012055
369	2.51383e-09	0.35493	-1.14233	-0.00078087	0.872775	0.270156	4.94691e-05
370	2.51383e-09	-0.982827	-0.649664	0.000558956	0.507758	-0.76998	-0.000213566
371	2.51383e-09	1.03565	-0.596654	0.00267854	0.456319	0.79287	0.000770815
372	2.51383e-09	-1.18809	-0.119083	0.00136948	0.0894838	-0.9103	-0.000239252
373	2.51383e-09	-1.17863	-0.144613	-0.000561033	0.113769	-0.91032	0.000850578
374	2.51383e-09	-0.00593349	-1.19805	-0.000769358	0.914695	-0.0019788	0.000259585
375	2.51383e-09	0.691495	0.973688	-0.000391901	-0.744831	0.531738	-0.000260575
376	2.51383e-09	0.193075	1.17297	0.000815398	-0.904811	0.150396	0.000800888
377	2.51383e-09	-0.555186	-1.04976	-0.00184258	0.810326	-0.433051	-0.000684045
378	2.51383e-09	0.274287	-1.16699	0.00128235	0.889248	0.207384	-0.000600042
379	2.51383e-09	0.0596941	1.19387	0.000888184	-0.911033	0.0480134	-0.00130757
380	2.51383e-09	0.487578	-1.09014	-0.00130294	0.835718	0.373027	5.61762e-06
381	2.51383e-09	-0.2742	-1.15735	0.00120559	0.892975	-0.210149	0.000519256
382	2.51383e-09	0.619343	-1.01434	0.000926997	0.784183	0.478334	-5.34981e-06
383	2.51383e-09	-1.1747	0.172692	-0.000671106	-0.133313	-0.906115	0.000571524
384	2.51383e-09	-1.20183	-0.0466702	-0.00323636	0.0312179	-0.91008	0.00128242
385	2.51383e-09	-1.00146	0.650149	0.00167303	-0.499175	-0.768002	0.000152477
386	2.51383e-09	0.777506	-0.917837	-0.00011582	0.693513	0.591529	-0.000256392
387	2.51383e-09	1.1883	-0.140319	-0.000558756	0.109055	0.908972	-3.15775e-05
388	2.51383e-09	-0.5495	-1.06515	0.000513554	0.812142	-0.41842	-0.000507324
389	2.51383e-09	0.315704	-1.15122	-0.000550512	0.883533	0.240605	-0.00109266
390	2.51383e-09	1.07597	0.531613	-0.000119211	-0.405783	0.816121	0.000615817
391	2.51383e-09	1.0734	0.547773	-0.00130855	-0.414093	0.810608	0.000325316
392	2.51383e-09	1.19615	-0.122561	0.000797726	0.0922901	0.907713	-0.00108087
393	2.51383e-09	1.2134	-0.00822018	0.000603195	0.0104115	0.906672	0.000253352
394	2.51383e-09	-1.11467	-0.447885	0.00143344	0.339632	-0.846545	0.00106117
395	2.51383e-09	-0.997691	0.666092	-0.00171068	-0.504376	-0.761054	0.00136697
396	2.51383e-09	-0.477674	1.09101	0.000161324	-0.841392	-0.368757	-0.000303438
397	2.51383e-09	0.122365	-1.19602	-0.00160034	0.908489	0.0916575	-0.000444387
398	2.51383e-09	-1.19454	0.150201	0.00166534	-0.113375	-0.905199	0.000883495
399	2.51383e-09	0.836704	0.857972	0.000137333	-0.654636	0.639109	0.00130709
400	2.51383e-09	0.516231	-1.08984	0.00031103	0.823458	0.389752	-2.41392e-05
