1.048000e+04
401
0	1	0.000482869	0.000299521	-4.40683e-07	5.1473e-08	2.37018e-08	-6.15002e-11
1	2.51383e-09	-0.851378	0.549468	0.000668012	-0.534006	-0.837495	0.00278084
2	2.51383e-09	0.384892	0.928249	-1.32077e-05	-0.92145	0.374984	0.00132379
3	2.51383e-09	-0.998229	-0.0357416	-0.00155672	0.0403841	-0.997406	-0.00169125
4	2.51383e-09	0.0698451	-0.998406	0.00189511	0.998602	0.0697321	0.00135563
5	2.51383e-09	0.259945	0.965453	0.00166608	-0.9641	0.260069	-0.000628893
6	2.51383e-09	-0.923948	-0.407386	0.00217474	0.402445	-0.909663	0.00249123
7	2.51383e-09	1.00017	0.034636	-0.0010994	-0.0321722	0.998161	-0.00299167
8	2.51383e-09	0.770252	0.634255	0.000523801	-0.632889	0.774945	0.000240359
9	2.51383e-09	-0.741985	0.680514	0.000873912	-0.675997	-0.734388	-0.000542987
10	2.51383e-09	0.933601	0.404768	-0.00199829	-0.393834	0.909522	-0.00147267
11	2.51383e-09	-0.995466	-0.078573	0.00168703	0.0814874	-0.997139	-0.000736365
12	2.51383e-09	0.886761	0.492262	0.000622738	-0.483916	0.868952	-0.00312045
13	2.51383e-09	-0.887658	0.468806	0.00142101	-0.467039	-0.882047	-0.0002636
14	2.51383e-09	0.841524	0.564013	-0.00271389	-0.555059	0.823016	-0.00198267
15	2.51383e-09	-0.97537	-0.230685	0.00161604	0.238784	-0.969462	0.00140881
16	2.51383e-09	0.687162	0.720507	0.00135253	-0.729393	0.69096	0.00146248
17	2.51383e-09	0.81272	-0.612215	-0.00143344	0.594185	0.789629	0.00109507
18	2.51383e-09	0.829082	-0.596107	-0.00128233	0.581249	0.79849	0.000414437
19	2.51383e-09	-0.43529	0.914545	0.00350773	-0.902084	-0.418574	0.002349
20	2.51383e-09	0.761796	0.693026	1.80104e-05	-0.663194	0.73082	0.00212545
21	2.51383e-09	0.973005	-0.238848	-0.000344728	0.234385	0.971316	0.000836368
22	2.51383e-09	-0.598625	-0.843642	0.000554247	0.800539	-0.56579	-0.00190437
23	2.51383e-09	-0.496127	0.885385	0.000651082	-0.864397	-0.48551	0.0032486
24	2.51383e-09	-1.01684	-0.00366093	5.50242e-06	0.00363516	-0.988237	-0.00234106
25	2.51383e-09	0.91811	-0.44422	-0.0012281	0.427205	0.891703	3.04782e-05
26	2.51383e-09	0.399676	-0.934234	-0.000640974	0.91378	0.390581	-0.000360311
27	2.51383e-09	0.843856	-0.545754	-0.000536427	0.545779	0.834725	-0.00307697
28	2.51383e-09	-0.962332	-0.308835	0.00227578	0.303216	-0.94826	-0.00345051
29	2.51383e-09	0.722764	0.697114	0.000660409	-0.691715	0.717952	-0.00172451
30	2.51383e-09	0.022591	-1.01603	0.000174121	0.990564	0.023353	0.00192567
31	2.51383e-09	0.0207881	-1.01269	-0.00356507	0.9919	0.0157211	-0.00104414
32	2.51383e-09	0.0919726	-1.00422	-0.00213211	0.990872	0.0924388	0.00359143
33	2.51383e-09	-0.92978	0.420252	0.000731705	-0.399013	-0.909165	0.000283492
34	2.51383e-09	-0.248856	-1.00586	0.0038204	0.953258	-0.236992	0.0004975
35	2.51383e-09	0.871491	0.51762	0.00225687	-0.510904	0.852328	0.00157184
36	2.51383e-09	0.979629	0.218024	-0.000559718	-0.215289	0.980883	0.000127398
37	2.51383e-09	0.902774	-0.469801	-0.000612711	0.461027	0.879069	0.000426343
38	2.51383e-09	0.69967	-0.729386	0.00186359	0.71695	0.684555	-0.00016347
39	2.51383e-09	1.00748	0.100774	-9.94706e-05	-0.109648	0.989623	-0.000157694
40	2.51383e-09	-0.91829	0.408748	-1.28554e-05	-0.407432	-0.915985	0.00127493
41	2.51383e-09	0.69421	-0.742451	-0.00229987	0.724849	0.676689	0.00188418
42	2.51383e-09	1.0318	0.0510061	0.00372554	-0.0449945	0.981529	-0.000206872
43	2.51383e-09	0.417772	0.923846	0.00198738	-0.907005	0.403127	-0.00223632
44	2.51383e-09	0.612116	-0.834437	0.00262221	0.793245	0.579755	-0.00149068
45	2.51383e-09	-1.00872	-0.202119	0.00316928	0.195171	-0.964723	0.000202939
46	2.51383e-09	-0.59596	0.826873	0.000867994	-0.802221	-0.576669	2.34708e-05
47	2.51383e-09	-0.784777	0.648356	-0.00107612	-0.631538	-0.763945	-2.85826e-05
48	2.51383e-09	0.471772	-0.912743	0.00139037	0.877382	0.452812	-3.12069e-06
49	2.51383e-09	0.308191	-0.95636	0.0035966	0.949436	0.307879	0.00187512
50	2.51383e-09	-0.992716	-0.299928	0.00150778	0.287887	-0.94033	-0.00147811
51	2.51383e-09	1.00864	-0.0307166	0.00187693	0.0311936	0.996199	-0.00145145
52	2.51383e-09	-0.0924131	-1.02571	-0.000727694	0.98325	-0.0928313	0.00110793
53	2.51383e-09	-0.876457	-0.533769	-0.00109613	0.514081	-0.844486	-0.000912943
54	2.51383e-09	0.280699	0.997154	-0.0027317	-0.946	0.266901	0.00194001
55	2.51383e-09	-0.0543173	1.03362	-0.00177981	-0.981468	-0.0542623	-0.000929234
56	2.51383e-09	0.587001	-0.850873	0.000687139	0.808001	0.555641	-0.00047724
57	2.51383e-09	-0.589482	0.865099	-0.000432344	-0.809396	-0.548	0.00176056
58	2.51383e-09	1.0397	-0.0306949	-0.00110264	0.0259963	0.981424	-0.000451484
59	2.51383e-09	-0.991034	-0.252433	-0.000446636	0.239839	-0.961345	-0.00363443
60	2.51383e-09	0.407634	0.95271	0.00151263	-0.905524	0.381098	0.0016148
61	2.51383e-09	0.885686	0.534376	-0.00230655	-0.503066	0.845463	0.00153577
62	2.51383e-09	-0.624432	0.823956	0.000807231	-0.783661	-0.595215	0.00112012
63	2.51383e-09	0.988586	-0.266777	-0.00189338	0.260793	0.954089	-0.00058487
64	2.51383e-09	0.621975	0.832646	0.00123287	-0.786656	0.581263	-0.00148453
65	2.51383e-09	-0.221403	-1.00389	0.000904884	0.962034	-0.209075	-0.000289816
66	2.51383e-09	0.914152	0.465528	0.00268571	-0.438446	0.887336	-0.00103546
67	2.51383e-09	-0.894693	-0.538359	-0.000610852	0.507245	-0.835772	-0.00111325
68	2.51383e-09	0.387844	-0.960485	0.00264184	0.914169	0.365322	5.84884e-05
69	2.51383e-09	-0.849441	0.608336	-0.00296469	-0.571138	-0.791334	-0.00209543
70	2.51383e-09	1.02201	-0.0687748	-0.0034292	0.064801	0.98657	-0.00136538
71	2.51383e-09	0.636707	-0.819832	0.00478823	0.778777	0.601642	0.00194491
72	2.51383e-09	0.964802	0.441377	-0.00257817	-0.406099	0.883257	0.000897304
73	2.51383e-09	-0.630926	-0.83078	0.00207066	0.777753	-0.594494	0.000780329
74	2.51383e-09	1.05091	-0.0553513	-0.00103351	0.051871	0.975646	0.00257507
75	2.51383e-09	-1.04104	-0.0187396	-0.00318622	0.0122949	-0.978907	0.00181066
76	2.51383e-09	1.06134	0.00328436	-0.000899269	-0.0039811	0.966331	0.000673233
77	2.51383e-09	1.05912	0.0182937	0.000980716	-0.0164433	0.971047	0.000808231
78	2.51383e-09	0.815689	-0.637691	0.000394993	0.605444	0.779086	0.00390663
79	2.51383e-09	0.970795	-0.328324	0.00574232	0.315419	0.939653	-0.0011509
80	2.51383e-09	-0.291261	-1.00576	0.000620029	0.939366	-0.267952	0.000220638
81	2.51383e-09	0.787228	-0.637699	-0.00113225	0.627204	0.774216	0.000765342
82	2.51383e-09	-0.947742	0.449623	0.00297836	-0.418565	-0.883825	-0.00232325
83	2.51383e-09	-0.922705	-0.442621	0.000387832	0.431839	-0.892169	0.000713738
84	2.51383e-09	0.438651	-0.955003	0.000495669	0.886177	0.405698	-0.000711831
85	2.51383e-09	1.01214	-0.159646	0.00167417	0.153548	0.976167	0.000723238
86	2.51383e-09	-0.495407	-0.91778	0.000357072	0.864899	-0.467227	-0.00148746
87	2.51383e-09	-0.30207	0.998553	-0.0024729	-0.938799	-0.281721	-0.00091663
88	2.51383e-09	-0.549148	0.873206	0.000241962	-0.83273	-0.524324	0.00106867
89	2.51383e-09	0.836443	-0.625927	0.000405939	0.590006	0.783959	0.00229384
90	2.51383e-09	1.00674	0.29447	-0.00294854	-0.269401	0.939608	0.0020965
91	2.51383e-09	0.959205	0.387969	0.0041431	-0.370771	0.907039	0.000743202
92	2.51383e-09	0.552226	-0.892071	-0.000194277	0.832161	0.510781	0.00017071
93	2.51383e-09	-0.85893	-0.648632	0.00178319	0.576541	-0.770193	-0.000250591
94	2.51383e-09	-0.924678	-0.462726	-0.000317576	0.441371	-0.877801	-0.00133077
95	2.51383e-09	0.00318098	1.0237	-0.000926531	-0.989415	0.00412817	0.00198157
96	2.51383e-09	-1.0023	-0.370773	0.00154418	0.337345	-0.901972	-2.55922e-05
97	2.51383e-09	0.159196	-1.03537	0.00099094	0.967119	0.146851	0.000826765
98	2.51383e-09	0.991768	0.353384	-0.00261475	-0.325335	0.91725	0.000843232
99	2.51383e-09	0.164109	1.05306	-0.0013425	-0.954272	0.146198	0.000563414
100	2.51383e-09	-0.218463	1.02478	-0.000224045	-0.958919	-0.209906	0.000771428
101	2.51383e-09	-0.184646	1.01504	0.00232763	-0.969274	-0.178231	0.000980451
102	2.51383e-09	0.520643	-0.885823	-5.13108e-05	0.853179	0.497122	0.001482
103	2.51383e-09	-0.99635	-0.326607	-0.00150523	0.303778	-0.928257	0.00118338
104	2.51383e-09	-0.997369	0.298512	-0.000649851	-0.290106	-0.936269	-0.00133312
105	2.51383e-09	0.583014	0.856435	-0.00070341	-0.813848	0.550673	-0.0012487
106	2.51383e-09	-0.297647	-1.00355	0.00104747	0.935325	-0.277166	-0.00173723
107	2.51383e-09	0.880899	0.608229	-0.00301877	-0.547407	0.796199	0.00098103
108	2.51383e-09	1.0099	0.329506	0.00106065	-0.30011	0.926049	-0.000687219
109	2.51383e-09	-0.0393466	-1.06523	-0.000171456	0.96384	-0.0351148	0.00174504
110	2.51383e-09	0.819662	-0.676617	0.00193373	0.611052	0.750199	0.000812306
111	2.51383e-09	-0.477217	0.95559	0.00103173	-0.863541	-0.438268	-0.00514435
112	2.51383e-09	0.944798	-0.509958	0.00230578	0.463875	0.845632	0.00122211
113	2.51383e-09	-0.524336	0.920733	-0.00114386	-0.843988	-0.478898	-0.00215562
114	2.51383e-09	-0.251478	-1.02225	-0.00128995	0.943811	-0.236508	0.00112294
115	2.51383e-09	0.0347291	-1.07677	0.0032283	0.960326	0.0315528	-0.00138859
116	2.51383e-09	-0.961149	-0.445681	-0.00364456	0.406302	-0.878937	-0.00312751
117	2.51383e-09	-1.03377	-0.174267	0.000460032	0.164804	-0.962861	0.00104462
118	2.51383e-09	-0.560491	0.896379	-0.000969466	-0.827593	-0.513304	-0.000741605
119	2.51383e-09	-0.960262	-0.418985	-0.000404062	0.387438	-0.897151	0.00424343
120	2.51383e-09	0.573112	-0.891046	-0.00217807	0.815496	0.523898	0.000391251
121	2.51383e-09	-0.754182	0.761959	0.00092326	-0.681377	-0.681188	-0.00288658
122	2.51383e-09	0.920474	-0.553047	-0.00335468	0.493074	0.831055	0.00061407
123	2.51383e-09	-0.655734	0.81049	-4.93365e-05	-0.759963	-0.616831	0.00354962
124	2.51383e-09	-0.0586962	1.07525	0.00397996	-0.962787	-0.0521274	-0.00211491
125	2.51383e-09	0.803888	0.672596	-0.000683916	-0.631869	0.747239	-0.00080144
126	2.51383e-09	0.571004	0.882011	9.99158e-05	-0.81894	0.533204	0.00155328
127	2.51383e-09	-0.681707	0.810617	0.000304054	-0.74338	-0.625195	-1.31082e-05
128	2.51383e-09	1.05575	0.188074	-0.00400339	-0.164449	0.950744	0.00193731
129	2.51383e-09	-0.307613	-1.01999	-0.000200511	0.924959	-0.278476	-0.003253
130	2.51383e-09	-0.822686	-0.677877	0.00421573	0.617792	-0.744212	0.00164058
131	2.51383e-09	0.88871	0.634043	0.00046815	-0.556418	0.778549	-0.00103738
132	2.51383e-09	-0.998542	-0.396392	0.000912515	0.358695	-0.891771	0.0020778
133	2.51383e-09	-0.912377	-0.552516	-0.00122689	0.497709	-0.831047	-0.00105933
134	2.51383e-09	0.855356	0.626985	-0.00155709	-0.570261	0.784057	0.000539701
135	2.51383e-09	-1.04849	-0.155039	0.00138027	0.138063	-0.959748	-0.00157874
136	2.51383e-09	-0.398588	1.01815	-0.00182303	-0.890722	-0.348604	0.000679185
137	2.51383e-09	-1.04364	0.190537	-0.00216713	-0.170521	-0.954613	0.000262499
138	2.51383e-09	0.447479	-0.969609	0.0021645	0.876844	0.402457	-0.00297375
139	2.51383e-09	-1.0522	-0.134709	-0.00336445	0.121932	-0.9629	0.00179325
140	2.51383e-09	-1.08605	0.0991375	-0.00137559	-0.0927252	-0.951428	-0.000617386
141	2.51383e-09	0.860557	0.615792	-0.00109282	-0.569212	0.791815	0.000976782
142	2.51383e-09	0.0191488	-1.06397	0.00268762	0.973304	0.0217162	-0.00184034
143	2.51383e-09	0.04546	1.07745	0.00253655	-0.958469	0.0462116	7.70945e-06
144	2.51383e-09	-0.576771	0.922232	-0.00229972	-0.809458	-0.510584	0.000816244
145	2.51383e-09	-0.738368	-0.744975	-0.00166674	0.692672	-0.687332	-0.000565227
146	2.51383e-09	-0.984372	0.492823	-0.00380216	-0.431274	-0.848679	0.000903499
147	2.51383e-09	-0.495192	-0.965739	0.000381612	0.852472	-0.437539	-0.00252444
148	2.51383e-09	0.546894	-0.9364	-0.000650672	0.828401	0.485351	0.000843249
149	2.51383e-09	1.06577	-0.00538868	-0.00239991	0.01019	0.964826	0.000790738
150	2.51383e-09	-0.187161	-1.04965	-0.00206605	0.954736	-0.180654	-0.000299216
151	2.51383e-09	0.695278	0.836932	-0.00207583	-0.733893	0.614157	-0.00144308
152	2.51383e-09	-0.0134065	1.08773	-0.000108969	-0.954224	-0.0206166	0.000113997
153	2.51383e-09	0.2519	-1.06287	0.00279273	0.927594	0.219249	-0.00116627
154	2.51383e-09	0.420466	1.01948	0.00248913	-0.88131	0.364387	-0.00277631
155	2.51383e-09	-0.128998	1.07188	-0.0016692	-0.95704	-0.117497	-0.00110611
156	2.51383e-09	-0.47559	1.00017	-0.00215234	-0.854117	-0.406528	-0.00152233
157	2.51383e-09	-0.965097	0.455997	0.00126217	-0.408154	-0.876258	0.00026833
158	2.51383e-09	-1.0842	-0.128959	0.00325927	0.118143	-0.949825	-0.00277681
159	2.51383e-09	1.02757	-0.308642	-0.000322245	0.27686	0.925114	-1.97857e-05
160	2.51383e-09	-0.0755185	1.07343	-0.00173043	-0.961676	-0.0725364	0.00107272
161	2.51383e-09	0.0897614	-1.08122	-0.00316737	0.957189	0.0786226	0.00121782
162	2.51383e-09	-0.865764	-0.644	0.000323627	0.570224	-0.774949	0.00107339
163	2.51383e-09	-0.643981	-0.871148	-0.00123857	0.767266	-0.575341	0.000244542
164	2.51383e-09	-0.676788	-0.845174	-0.00064915	0.747692	-0.599576	-0.00456155
165	2.51383e-09	0.611305	-0.910727	0.00209902	0.791349	0.534453	0.000121634
166	2.51383e-09	-1.06534	-0.127508	-0.00208709	0.112428	-0.959675	0.00107289
167	2.51383e-09	-0.60152	-0.864521	-0.00223403	0.802636	-0.559738	0.00162982
168	2.51383e-09	-0.29685	-1.04224	-0.00113307	0.923251	-0.270363	-0.000976163
169	2.51383e-09	-0.0230493	-1.08887	0.00123325	0.956361	-0.0172398	0.000559792
170	2.51383e-09	-0.503409	0.969597	-0.00172953	-0.850641	-0.438414	0.0017023
171	2.51383e-09	1.09298	0.0746439	-0.000178869	-0.070884	0.95208	0.000351128
172	2.51383e-09	-0.48529	0.996687	-0.00136532	-0.854831	-0.418746	0.000484756
173	2.51383e-09	0.212778	1.07938	-0.00265338	-0.9368	0.183153	0.001605
174	2.51383e-09	1.06999	0.259006	-0.000728367	-0.222616	0.926307	0.00199828
175	2.51383e-09	0.247162	1.06502	-8.96049e-05	-0.931196	0.209094	0.00227573
176	2.51383e-09	-0.99045	-0.425496	-0.000444174	0.379455	-0.886101	-0.00240271
177	2.51383e-09	0.803257	-0.769737	-0.00360927	0.657409	0.684161	-0.00103127
178	2.51383e-09	0.411605	1.00869	-0.00199715	-0.886131	0.361104	3.09591e-05
179	2.51383e-09	-0.195933	1.07776	-0.0033209	-0.942875	-0.170806	0.000776851
180	2.51383e-09	0.912365	0.572588	0.00193461	-0.513254	0.81733	-0.000815251
181	2.51383e-09	-0.478831	-0.99428	0.00216539	0.856556	-0.411604	-0.000136382
182	2.51383e-09	-1.09761	-0.0249894	0.00194308	0.021147	-0.953337	0.000671042
183	2.51383e-09	-0.796346	0.750064	-0.000937054	-0.654145	-0.695116	-0.000693661
184	2.51383e-09	-0.00778531	1.10752	0.00180229	-0.950863	-0.00616257	-0.000605559
185	2.51383e-09	1.04852	-0.314775	0.00296984	0.27258	0.913356	0.0010392
186	2.51383e-09	-0.479283	-0.985517	-0.00143631	0.856469	-0.419101	-0.00132515
187	2.51383e-09	-0.873788	-0.619387	-0.00316542	0.556631	-0.786749	-0.000643635
188	2.51383e-09	0.882907	0.654647	0.00345183	-0.565568	0.77009	-0.000422997
189	2.51383e-09	-0.8777	-0.647976	-0.0001802	0.566742	-0.771079	0.00314728
190	2.51383e-09	1.09014	0.116688	-0.000429394	-0.110282	0.950477	-0.000721226
191	2.51383e-09	1.06794	-0.232812	0.00121104	0.202301	0.933566	-0.00177747
192	2.51383e-09	1.05183	0.297566	0.000922741	-0.263958	0.922858	-0.0010047
193	2.51383e-09	-0.0811373	-1.10732	-8.4844e-05	0.946251	-0.0742094	0.00342696
194	2.51383e-09	0.885576	0.679926	0.00161438	-0.577393	0.751208	0.000243457
195	2.51383e-09	-0.890003	-0.612768	0.00038437	0.544299	-0.792415	-0.00126288
196	2.51383e-09	1.08247	0.173264	0.00138302	-0.145631	0.943464	-0.00325772
197	2.51383e-09	-1.01623	-0.393755	0.0013042	0.346961	-0.892035	-0.00232509
198	2.51383e-09	1.10115	0.0972699	-0.00223932	-0.0842027	0.949065	0.000240378
199	2.51383e-09	0.957295	0.545117	0.00177693	-0.468997	0.830393	0.00323279
200	2.51383e-09	1.07448	-0.275945	-0.000772549	0.237255	0.921759	-0.000647254
201	2.51383e-09	-0.219828	1.07602	-0.00117069	-0.934028	-0.191609	-0.00153812
202	2.51383e-09	-0.134717	-1.08324	-0.00277873	0.94843	-0.119639	0.00119331
203	2.51383e-09	0.308206	-1.03707	-0.00158243	0.923211	0.269849	-0.00208235
204	2.51383e-09	0.366637	1.03224	0.00124303	-0.904716	0.315284	-0.00208233
205	2.51383e-09	-0.552	0.975922	-0.00045369	-0.825113	-0.465341	-2.97233e-05
206	2.51383e-09	0.94655	-0.548887	-0.00184529	0.48054	0.827106	0.000293404
207	2.51383e-09	0.829354	0.75043	-0.00244958	-0.635153	0.700329	0.00324388
208	2.51383e-09	-0.117911	-1.0916	-0.00266426	0.94943	-0.0962788	-0.000943751
209	2.51383e-09	-1.06087	0.289917	0.00310066	-0.255031	-0.921019	-0.000757749
210	2.51383e-09	1.09565	-0.173263	-0.000798693	0.144242	0.937281	-0.000929986
211	2.51383e-09	-0.662944	0.883213	0.00207386	-0.762154	-0.566978	-0.000346921
212	2.51383e-09	0.133012	-1.12579	0.00226817	0.930147	0.118288	0.000619215
213	2.51383e-09	-0.989954	-0.517262	-0.00022907	0.435298	-0.836904	-0.00256774
214	2.51383e-09	1.09244	0.14886	0.00185675	-0.122898	0.943646	0.000257919
215	2.51383e-09	-0.147346	-1.11373	-0.00152129	0.933974	-0.124353	-0.00150731
216	2.51383e-09	0.973034	-0.55444	-0.000355258	0.471572	0.816606	-0.000647177
217	2.51383e-09	-0.662793	0.897693	-0.00137952	-0.764716	-0.559689	0.00177847
218	2.51383e-09	0.856732	-0.645192	0.0061946	0.58524	0.769173	-0.00209353
219	2.51383e-09	-0.556789	-0.996025	-0.00123577	0.815596	-0.455712	-0.000369907
220	2.51383e-09	-0.873762	-0.698057	0.002934	0.592227	-0.736114	-0.00169752
221	2.51383e-09	1.08863	0.09537	-0.00131803	-0.0849358	0.951509	-0.000266167
222	2.51383e-09	1.10007	0.153009	0.00178826	-0.129199	0.93946	-0.00117957
223	2.51383e-09	0.771825	0.809388	-0.00147267	-0.682952	0.650168	0.00146621
224	2.51383e-09	0.632211	0.896352	0.00152226	-0.783665	0.544908	0.000640686
225	2.51383e-09	-0.329525	-1.07002	-0.000192974	0.901052	-0.278448	0.000344926
226	2.51383e-09	-0.417697	1.04427	0.00227405	-0.871778	-0.354418	-0.000686601
227	2.51383e-09	0.404217	1.03074	0.000153899	-0.883515	0.349137	0.00017703
228	2.51383e-09	-0.744245	-0.837907	0.00115028	0.70414	-0.628557	0.000949163
229	2.51383e-09	-1.05891	-0.376811	-0.00248078	0.314839	-0.890663	-0.00252706
230	2.51383e-09	-0.723333	0.887333	-0.00166825	-0.720867	-0.594609	0.00191373
231	2.51383e-09	0.234504	1.1042	-0.00304414	-0.92032	0.199504	0.00348776
232	2.51383e-09	-0.163735	1.09746	-0.00292875	-0.935301	-0.145942	0.000595648
233	2.51383e-09	-0.0594013	-1.10652	0.000888098	0.949635	-0.0592695	0.00237348
234	2.51383e-09	1.12063	0.0212002	-0.00401441	-0.0200553	0.944934	0.00325378
235	2.51383e-09	-1.00948	0.460489	-0.00142158	-0.387404	-0.869243	0.00203788
236	2.51383e-09	-1.0794	-0.349147	0.00146463	0.284931	-0.8913	-0.00184698
237	2.51383e-09	-0.920778	0.610053	-0.000779174	-0.528417	-0.78776	-0.00313493
238	2.51383e-09	0.979997	-0.590896	3.33157e-05	0.488305	0.800842	-0.00221158
239	2.51383e-09	-0.313265	-1.05365	-0.00187774	0.916188	-0.268902	-0.00294499
240	2.51383e-09	0.619126	0.947519	-0.00222647	-0.781261	0.520428	-0.00146685
241	2.51383e-09	0.745727	-0.838998	0.00215493	0.704738	0.623233	-0.00123633
242	2.51383e-09	-1.10988	0.321566	0.00211783	-0.2606	-0.893096	-0.00249295
243	2.51383e-09	-0.986039	0.543679	0.00353289	-0.458232	-0.824299	-0.00219861
244	2.51383e-09	-0.0841499	1.13463	0.00262967	-0.93541	-0.0669701	-0.000268222
245	2.51383e-09	-1.10162	0.242623	0.00127635	-0.20098	-0.918435	-0.00427433
246	2.51383e-09	0.776104	0.824834	3.15361e-05	-0.680753	0.649433	-0.00252014
247	2.51383e-09	-0.899829	0.618613	-0.00298015	-0.544621	-0.791165	-0.00109978
248	2.51383e-09	0.130449	-1.11551	-0.00101526	0.937366	0.111552	-3.83594e-05
249	2.51383e-09	1.11344	0.0575946	-0.0014373	-0.0490775	0.946697	-0.000337677
250	2.51383e-09	1.13584	0.0068098	-0.000836122	-0.00483182	0.937797	-0.00146083
251	2.51383e-09	0.251052	-1.0873	-0.00140351	0.923893	0.213107	0.000432651
252	2.51383e-09	1.06273	-0.344303	0.000575647	0.292876	0.900596	0.00151344
253	2.51383e-09	-0.157444	1.12392	0.00507151	-0.928738	-0.12805	-0.000340163
254	2.51383e-09	-0.851923	0.743958	-0.000948256	-0.611621	-0.713059	0.00064895
255	2.51383e-09	1.03026	-0.48945	0.000997383	0.401663	0.845057	0.000301252
256	2.51383e-09	1.1294	0.11493	0.000633018	-0.0951763	0.93766	-0.000333048
257	2.51383e-09	1.05432	-0.359227	0.00068699	0.306831	0.898283	0.00291461
258	2.51383e-09	1.13163	-0.0524417	0.000329125	0.0394984	0.936599	0.00140962
259	2.51383e-09	1.12075	0.114245	-0.00041681	-0.0945622	0.939002	-0.000334402
260	2.51383e-09	1.12778	-0.0724477	-0.00289573	0.0588675	0.937509	-0.0030797
261	2.51383e-09	0.357451	-1.08401	-0.000929079	0.887765	0.290509	-0.000759878
262	2.51383e-09	0.885371	0.662922	-0.00321119	-0.570074	0.764617	-0.00368815
263	2.51383e-09	0.730128	-0.881488	0.0034812	0.715308	0.599913	-0.00169027
264	2.51383e-09	0.874226	0.701477	1.69453e-05	-0.58972	0.737009	-0.00108181
265	2.51383e-09	-0.965562	-0.617894	0.00394887	0.503019	-0.785762	-0.000158227
266	2.51383e-09	0.611071	-0.954851	-0.000228426	0.790406	0.507287	0.000736278
267	2.51383e-09	-0.893874	-0.660329	-0.00171911	0.563286	-0.767845	-0.00056199
268	2.51383e-09	-0.610917	0.951822	0.000986868	-0.789457	-0.512753	-0.00312634
269	2.51383e-09	0.805674	0.811004	-0.00416077	-0.663724	0.661514	8.93528e-05
270	2.51383e-09	1.12635	0.0818258	-0.00241619	-0.0712013	0.937572	0.00031179
271	2.51383e-09	-0.912714	-0.690005	-0.000448573	0.562755	-0.744934	0.00103107
272	2.51383e-09	-0.580493	-0.979787	-0.00355239	0.807377	-0.477449	0.00202459
273	2.51383e-09	1.08507	0.351245	-0.0032925	-0.288154	0.892066	-0.00118686
274	2.51383e-09	0.805013	-0.796383	0.000442804	0.658111	0.666735	-0.00102573
275	2.51383e-09	-0.829533	0.784789	0.00268466	-0.64205	-0.6786	-6.92992e-05
276	2.51383e-09	0.633965	-0.951707	0.00235565	0.78343	0.515981	0.000631281
277	2.51383e-09	-0.692257	0.922341	-0.00329383	-0.739444	-0.557806	-0.00305723
278	2.51383e-09	-0.469914	-1.04771	-0.000641195	0.850769	-0.380154	0.00172471
279	2.51383e-09	0.0975854	1.16626	-0.000272882	-0.925417	0.0743604	-0.000730157
280	2.51383e-09	0.358181	-1.10481	0.00192021	0.882829	0.284184	-0.000456629
281	2.51383e-09	-0.349095	-1.0888	0.000495112	0.887514	-0.284763	-0.00175572
282	2.51383e-09	-0.681763	-0.915874	0.00176975	0.749761	-0.561021	0.00190705
283	2.51383e-09	-0.041172	1.13974	-0.00233775	-0.934448	-0.0401568	-0.00167382
284	2.51383e-09	-0.631967	0.959937	0.00116271	-0.77683	-0.51568	-0.00153695
285	2.51383e-09	0.0114449	1.1509	-0.000403093	-0.932438	0.00951641	0.0010201
286	2.51383e-09	0.825324	-0.78665	-0.00195863	0.644792	0.679573	-0.00121922
287	2.51383e-09	-1.0731	0.355193	-0.00210645	-0.290412	-0.895641	-0.000704015
288	2.51383e-09	0.543802	1.02781	0.000957771	-0.816579	0.434503	0.000737041
289	2.51383e-09	1.14351	0.19816	0.000944149	-0.153501	0.91278	-0.00281662
290	2.51383e-09	-1.13978	0.0639804	-0.00233729	-0.0470135	-0.932986	0.00218253
291	2.51383e-09	-0.0416834	1.14532	0.0016526	-0.934475	-0.0347865	-5.74553e-05
292	2.51383e-09	-0.707174	-0.909509	0.00193155	0.737065	-0.569624	-0.000568493
293	2.51383e-09	-0.481462	-1.03475	0.000894636	0.848734	-0.389645	-0.000951409
294	2.51383e-09	-1.12538	-0.311341	0.00513273	0.249792	-0.889998	0.00337674
295	2.51383e-09	1.00519	0.574993	-0.000262787	-0.461229	0.803902	-0.000691581
296	2.51383e-09	0.711655	-0.910621	-0.00521661	0.73227	0.572524	0.000568093
297	2.51383e-09	1.12901	-0.192969	-0.000309978	0.157664	0.919501	0.00129423
298	2.51383e-09	-1.0557	-0.452254	-0.00231929	0.37164	-0.856275	0.00146659
299	2.51383e-09	-1.14256	-0.172209	-0.00205245	0.134687	-0.92468	-0.000408868
300	2.51383e-09	-1.13709	-0.26162	-0.00233147	0.205268	-0.902661	0.000562573
301	2.51383e-09	0.930589	0.70244	-0.00203695	-0.56354	0.73426	0.00100438
302	2.51383e-09	-1.16452	-0.0994287	-0.0017276	0.0848934	-0.920032	0.00398573
303	2.51383e-09	-0.653063	-0.944224	-0.000947654	0.768482	-0.533533	4.52683e-05
304	2.51383e-09	-1.12215	-0.349284	0.0014043	0.272063	-0.879878	0.000846037
305	2.51383e-09	0.172709	1.13535	-0.00154325	-0.922916	0.140795	0.00251915
306	2.51383e-09	-0.861991	0.754912	0.000399122	-0.61452	-0.702219	0.000897509
307	2.51383e-09	-0.0226311	1.16348	0.000384406	-0.926297	-0.0188961	0.00268707
308	2.51383e-09	-0.101246	1.16487	-0.00210375	-0.920708	-0.085521	0.00046113
309	2.51383e-09	-0.678482	-0.913024	0.000211471	0.755766	-0.555235	-0.00103942
310	2.51383e-09	-1.05835	0.48789	-0.00201525	-0.386559	-0.839105	0.00159892
311	2.51383e-09	0.898557	-0.738148	0.00514159	0.586251	0.71828	-6.8072e-05
312	2.51383e-09	-1.17147	0.122898	-0.00140171	-0.0934531	-0.911824	0.00159237
313	2.51383e-09	-0.357815	1.09327	-0.00177133	-0.888242	-0.28545	1.37261e-05
314	2.51383e-09	1.10676	-0.306548	0.0012689	0.252268	0.8973	-6.23546e-05
315	2.51383e-09	0.95637	0.671507	-0.00282072	-0.527488	0.758778	0.00145527
316	2.51383e-09	1.00253	-0.602793	0.00207006	0.479162	0.791176	-0.00116974
317	2.51383e-09	1.16456	-0.0178308	0.00222963	0.0111217	0.924414	0.00215076
318	2.51383e-09	-1.11144	0.324236	-0.000697294	-0.261232	-0.893282	0.00213537
319	2.51383e-09	1.12669	0.318329	0.00215588	-0.248695	0.889906	-0.00131242
320	2.51383e-09	-0.522139	1.05788	7.87165e-05	-0.826131	-0.406475	-0.000567157
321	2.51383e-09	1.0748	-0.44428	0.000338309	0.356528	0.857448	0.000985907
322	2.51383e-09	-1.14861	0.106127	0.000329547	-0.0870108	-0.927653	0.00375126
323	2.51383e-09	-0.592475	-1.00149	0.000692879	0.793844	-0.472498	-0.00117204
324	2.51383e-09	-0.914146	0.739675	-0.000528051	-0.582535	-0.716063	-0.00165014
325	2.51383e-09	0.0582341	1.15587	-0.0011921	-0.928527	0.0521071	-0.00223178
326	2.51383e-09	0.779578	-0.896951	0.00281043	0.694161	0.59449	0.00482393
327	2.51383e-09	-1.02367	-0.57895	0.00254158	0.45413	-0.802424	-8.20365e-05
328	2.51383e-09	1.04985	-0.446369	-0.00321715	0.368647	0.859274	0.00325564
329	2.51383e-09	-1.02095	-0.568348	-0.00101027	0.445663	-0.813493	-0.0003454
330	2.51383e-09	-0.332501	-1.11395	-0.00175358	0.887397	-0.263487	-0.000905067
331	2.51383e-09	0.609852	0.979677	-0.000788725	-0.789878	0.489286	-0.00254963
332	2.51383e-09	-1.13096	-0.318487	-0.00245131	0.246756	-0.890195	0.00104991
333	2.51383e-09	0.809869	0.853975	0.00145148	-0.668701	0.63392	0.000309477
334	2.51383e-09	-0.819402	-0.844176	-0.00150474	0.663815	-0.638182	0.000298922
335	2.51383e-09	-0.843605	0.822736	-0.000506672	-0.644427	-0.660635	0.000864801
336	2.51383e-09	0.417771	-1.09424	-0.000371197	0.865538	0.327628	0.00213715
337	2.51383e-09	-1.05596	-0.541717	0.00158619	0.422265	-0.812319	0.000880287
338	2.51383e-09	-0.417315	-1.08178	0.000530671	0.866263	-0.334692	-0.000206132
339	2.51383e-09	-0.541238	1.05364	-0.00482735	-0.818283	-0.415542	0.00143339
340	2.51383e-09	0.934487	0.721733	0.00272371	-0.569012	0.723726	0.000538722
341	2.51383e-09	0.68738	0.967138	0.000548064	-0.746219	0.536149	0.00104947
342	2.51383e-09	1.12041	0.311831	0.00239963	-0.249666	0.891088	-0.000575008
343	2.51383e-09	0.273229	1.13133	-0.000601567	-0.90181	0.213161	0.0013833
344	2.51383e-09	-0.925789	0.724998	0.00198321	-0.569044	-0.726086	-0.000147624
345	2.51383e-09	-0.385963	1.09725	0.0038613	-0.873132	-0.309669	-0.000355441
346	2.51383e-09	1.15071	-0.192205	-0.00106865	0.149679	0.91642	0.00206378
347	2.51383e-09	-1.11068	0.386269	0.000247304	-0.303752	-0.872281	-0.000627718
348	2.51383e-09	-1.03031	0.55864	-0.000520413	-0.43711	-0.813571	0.00159094
349	2.51383e-09	-0.101989	1.16183	-0.000387915	-0.926192	-0.0815532	0.00245908
350	2.51383e-09	-1.13805	0.263595	-0.000658244	-0.206124	-0.900261	0.00140931
351	2.51383e-09	-0.833202	0.854095	-0.0010468	-0.653813	-0.642454	0.00256074
352	2.51383e-09	-1.13409	0.31013	0.00211606	-0.241329	-0.887509	-0.000840658
353	2.51383e-09	0.696261	0.976311	0.00135166	-0.744778	0.525503	0.00300962
354	2.51383e-09	-0.673331	-0.969227	0.00131876	0.756577	-0.521551	0.000738557
355	2.51383e-09	-1.09315	-0.356895	0.000335689	0.28829	-0.886722	-0.00113524
356	2.51383e-09	0.970478	-0.717216	-0.000612434	0.539876	0.730336	-0.00184439
357	2.51383e-09	1.03353	-0.555906	0.00313505	0.441609	0.810847	-0.000976546
358	2.51383e-09	-1.06038	0.547193	-0.00284613	-0.420549	-0.813591	-0.00186173
359	2.51383e-09	1.1381	0.409605	0.00253256	-0.306019	0.854643	0.00129144
360	2.51383e-09	0.852396	0.807156	0.000653571	-0.638571	0.668468	0.000169182
361	2.51383e-09	0.405329	-1.10235	-4.47332e-05	0.868411	0.317044	-0.00129417
362	2.51383e-09	-1.08277	0.439904	-0.00247935	-0.341303	-0.859239	-0.000240846
363	2.51383e-09	-0.634505	1.00605	-0.00156211	-0.775983	-0.484883	0.000823512
364	2.51383e-09	-1.14911	0.157399	-0.000592795	-0.122744	-0.921422	-0.00058186
365	2.51383e-09	-1.1852	0.233259	-0.000339703	-0.172	-0.890108	0.000864924
366	2.51383e-09	0.356246	-1.14548	0.00242482	0.86907	0.271632	-0.0007968
367	2.51383e-09	-0.575873	-1.03743	-0.00119086	0.801745	-0.444171	-0.000610017
368	2.51383e-09	-1.18623	0.223366	0.0021409	-0.167583	-0.891975	0.000205489
369	2.51383e-09	-0.0515649	-1.19835	-0.00121914	0.908409	-0.0372704	-0.0021218
370	2.51383e-09	1.18497	-0.0541492	-0.00324725	0.0417929	0.91977	-0.00100476
371	2.51383e-09	-0.688274	0.998401	-0.000654584	-0.744471	-0.51849	-0.00150881
372	2.51383e-09	0.235927	-1.17175	-0.00154618	0.897161	0.185329	-0.00208891
373	2.51383e-09	-0.735255	-0.92591	-0.000581659	0.719504	-0.57332	0.000175536
374	2.51383e-09	-0.873695	-0.84453	0.00240421	0.630101	-0.649036	0.00249191
375	2.51383e-09	-0.822751	0.866926	0.00272046	-0.662186	-0.630516	0.00214664
376	2.51383e-09	0.3344	-1.13417	0.000192556	0.882525	0.256812	-0.000289875
377	2.51383e-09	1.18705	-0.0249434	-0.000805227	0.0163051	0.919209	-0.00192302
378	2.51383e-09	-0.625716	-1.0218	0.000514089	0.775913	-0.480367	-0.000912111
379	2.51383e-09	0.235986	1.16579	0.00272804	-0.895553	0.188248	0.00253921
380	2.51383e-09	-1.05157	-0.534007	0.000511638	0.413029	-0.821755	-0.00070212
381	2.51383e-09	-0.564261	1.04467	-0.00210756	-0.809052	-0.435769	0.000428636
382	2.51383e-09	-1.16425	0.314317	-0.00085975	-0.234266	-0.877594	-0.000793808
383	2.51383e-09	-0.00637987	1.18323	0.000683069	-0.917573	-0.00777824	-1.29705e-05
384	2.51383e-09	0.27017	1.16907	0.00602577	-0.891313	0.206479	-0.000771472
385	2.51383e-09	-0.935832	0.709617	-0.00196896	-0.558668	-0.734987	-0.000487627
386	2.51383e-09	-0.430583	-1.10944	-0.000996279	0.855183	-0.334287	0.00206614
387	2.51383e-09	0.994897	0.674196	-0.000887855	-0.510674	0.755435	0.0033112
388	2.51383e-09	-1.06678	-0.540858	-0.000496895	0.407754	-0.82033	-0.000257517
389	2.51383e-09	0.0325798	-1.18287	-0.00332979	0.91934	0.0233548	0.00264983
390	2.51383e-09	-1.01155	0.60462	0.00198783	-0.476692	-0.790462	0.000481274
391	2.51383e-09	1.20769	-0.03347	0.00136844	0.0316061	0.910193	-0.00123229
392	2.51383e-09	1.04987	-0.583767	0.00549467	0.441997	0.798529	-0.0021718
393	2.51383e-09	-1.12116	0.447139	0.00185775	-0.33078	-0.849519	0.000630878
394	2.51383e-09	1.18548	0.172381	-0.00110604	-0.130536	0.906553	0.000547822
395	2.51383e-09	1.02562	0.615772	-0.00173844	-0.472514	0.781769	-0.00026918
396	2.51383e-09	1.17177	-0.323566	0.000475592	0.249303	0.871224	0.000610301
397	2.51383e-09	1.07379	0.536786	-0.00227884	-0.406652	0.818545	0.00208091
398	2.51383e-09	-0.112146	1.19178	-0.00104299	-0.91144	-0.087838	0.000402544
399	2.51383e-09	-0.913838	-0.769382	0.00217699	0.589335	-0.699656	-0.00141871
400	2.51383e-09	-1.19699	0.0042063	-0.00197365	0.0025852	-0.914907	-0.00088363
