7.219998e+02
401
0	1	3.3276e-05	2.05028e-05	-3.04415e-08	9.82342e-08	4.02124e-08	-1.29418e-10
1	2.51383e-09	-0.447334	0.89399	0.00120008	-0.894267	-0.448534	-0.000115488
2	2.51383e-09	-0.149906	-0.993224	0.000556879	0.987154	-0.14928	-0.000388393
3	2.51383e-09	-0.533636	-0.848648	0.0015416	0.845048	-0.533469	-0.000269398
4	2.51383e-09	-0.948441	-0.32192	0.00105829	0.321119	-0.94627	0.000624881
5	2.51383e-09	-0.534633	0.847554	0.000685573	-0.843889	-0.532614	0.00142671
6	2.51383e-09	-0.957232	0.315834	0.000949082	-0.311209	-0.944731	-0.00041481
7	2.51383e-09	-0.592284	-0.808192	0.000466978	0.805739	-0.591708	-0.00076771
8	2.51383e-09	0.694824	0.721191	-0.000127682	-0.717544	0.694595	1.11439e-05
9	2.51383e-09	0.689234	-0.727214	4.82511e-06	0.724442	0.68743	0.000189306
10	2.51383e-09	0.661283	0.755268	0.00149517	-0.752117	0.656168	0.000522061
11	2.51383e-09	0.41252	-0.919501	0.00060609	0.908111	0.407022	-0.00105517
12	2.51383e-09	-0.0537404	1.01006	0.000786841	-0.991908	-0.0531054	-8.58795e-05
13	2.51383e-09	-0.233705	-0.976775	0.000200523	0.97023	-0.235749	0.000397534
14	2.51383e-09	0.836371	0.573398	-0.00202535	-0.55864	0.819627	0.000320472
15	2.51383e-09	0.963149	-0.289157	0.00138795	0.291868	0.952985	-0.000773254
16	2.51383e-09	0.37154	-0.93082	0.000935326	0.926715	0.369977	0.000488407
17	2.51383e-09	-0.0763148	-0.99875	-0.000999404	0.996521	-0.07404	0.00116268
18	2.51383e-09	0.879929	0.502234	0.00085265	-0.489518	0.863412	0.00121982
19	2.51383e-09	0.804114	0.6107	0.000110024	-0.60348	0.792785	0.00105765
20	2.51383e-09	-0.0533941	1.01285	-0.00057709	-0.992328	-0.0515287	1.43812e-05
21	2.51383e-09	-0.537434	-0.857891	0.00024493	0.842471	-0.526327	0.00125297
22	2.51383e-09	0.271185	0.973016	0.000543772	-0.960086	0.266132	0.00106578
23	2.51383e-09	-0.0711558	1.00953	-0.000373894	-0.991302	-0.0696543	-0.0012414
24	2.51383e-09	0.386026	0.934843	-0.000262808	-0.920206	0.377417	-0.00070219
25	2.51383e-09	-0.890336	-0.492367	0.000843053	0.478279	-0.867062	-0.000749522
26	2.51383e-09	-0.846899	-0.549973	0.0011579	0.539682	-0.833523	0.000643964
27	2.51383e-09	-0.831141	0.575368	-0.0010555	-0.565432	-0.818086	0.000236658
28	2.51383e-09	0.304983	-0.969972	0.00117642	0.945761	0.299889	-0.000216806
29	2.51383e-09	-0.23601	0.988041	-0.000661065	-0.964058	-0.234246	0.00249313
30	2.51383e-09	-0.380844	-0.938569	-0.00125698	0.920542	-0.372191	-0.000305556
31	2.51383e-09	-0.954198	0.337422	-0.000507816	-0.332016	-0.93724	-2.76544e-05
32	2.51383e-09	0.209489	-0.994006	-0.000783817	0.970765	0.204059	0.000544551
33	2.51383e-09	0.891867	-0.49364	0.00088737	0.479487	0.866998	-4.58834e-05
34	2.51383e-09	-0.371849	-0.952113	-0.000554855	0.923467	-0.35831	-0.00164145
35	2.51383e-09	-0.818478	-0.605427	0.000341644	0.589329	-0.796965	-0.00150293
36	2.51383e-09	-0.60059	-0.828079	-0.000115645	0.798973	-0.580591	0.000876957
37	2.51383e-09	-0.506531	-0.883204	0.00132974	0.857275	-0.492923	0.00141355
38	2.51383e-09	-0.684204	0.752235	-0.00119037	-0.733697	-0.668262	-0.00106284
39	2.51383e-09	1.01356	-0.0460861	-0.000222748	0.04846	0.99185	-0.00133876
40	2.51383e-09	0.960682	0.32738	0.00112941	-0.318981	0.941524	0.000346566
41	2.51383e-09	-0.918162	0.437898	0.000778076	-0.428917	-0.893471	0.00178716
42	2.51383e-09	0.293859	0.98065	-0.00113628	-0.947732	0.280975	-0.00114133
43	2.51383e-09	-1.001	0.207937	-0.000614697	-0.202384	-0.969725	-0.00109886
44	2.51383e-09	0.383583	-0.942649	-0.000330631	0.917796	0.375633	0.00109331
45	2.51383e-09	0.955118	-0.388727	0.00129275	0.369622	0.912925	-0.000499989
46	2.51383e-09	-0.420662	-0.930582	-0.000995399	0.901499	-0.408747	-8.03041e-05
47	2.51383e-09	0.909059	0.461563	-0.000484628	-0.448879	0.881831	0.000703452
48	2.51383e-09	1.021	-0.0684561	-0.00121171	0.066617	0.986768	2.86797e-05
49	2.51383e-09	-0.4472	-0.922805	0.0013103	0.889615	-0.427953	-0.00118685
50	2.51383e-09	0.599294	0.833962	0.000810524	-0.801786	0.576068	-0.00194426
51	2.51383e-09	0.915376	-0.466924	0.000233904	0.445655	0.878441	0.000264474
52	2.51383e-09	0.775881	0.671504	0.000466522	-0.645032	0.747548	0.000961204
53	2.51383e-09	-0.697102	0.750476	-2.62607e-05	-0.725732	-0.670958	0.00156726
54	2.51383e-09	-1.0122	0.161554	-0.000862096	-0.154911	-0.975591	0.00085832
55	2.51383e-09	0.599806	0.842968	-0.000232126	-0.800552	0.570002	-0.000590254
56	2.51383e-09	-0.49362	0.902982	-0.000368517	-0.864951	-0.473736	-0.000913677
57	2.51383e-09	0.835118	0.605564	-2.72289e-07	-0.577849	0.798567	-0.00113242
58	2.51383e-09	-0.069502	-1.02215	0.00025155	0.986636	-0.0670645	0.000244415
59	2.51383e-09	-0.603024	0.834007	-0.000495923	-0.798935	-0.578288	0.00141377
60	2.51383e-09	-0.0610479	1.02162	0.000440792	-0.986695	-0.0630386	0.000772143
61	2.51383e-09	0.334701	-0.984794	-0.00037431	0.930023	0.315294	0.000620123
62	2.51383e-09	-0.979616	0.332824	0.00106035	-0.316972	-0.930965	-0.00161798
63	2.51383e-09	-0.764366	0.688967	-0.00132261	-0.659889	-0.733195	-0.000512719
64	2.51383e-09	-0.144793	1.02003	-0.00133925	-0.974406	-0.140225	-3.35963e-05
65	2.51383e-09	-0.171862	-1.01769	-0.00114672	0.971076	-0.163139	-0.000902483
66	2.51383e-09	1.01846	0.151524	0.000653772	-0.146035	0.973802	-0.000631315
67	2.51383e-09	-0.677577	0.778731	-0.00132213	-0.743878	-0.644735	-0.000233122
68	2.51383e-09	0.145954	-1.02515	-0.000526028	0.972598	0.137463	0.00113997
69	2.51383e-09	0.306555	-0.988527	0.00137677	0.938646	0.290757	-8.23373e-05
70	2.51383e-09	0.712174	-0.755809	0.000297958	0.714457	0.672901	0.00127783
71	2.51383e-09	-0.0950082	1.03224	0.000675904	-0.977399	-0.0870388	0.000720083
72	2.51383e-09	0.220349	1.00809	0.000149809	-0.961973	0.20985	0.00124429
73	2.51383e-09	-0.326339	0.97937	0.00213331	-0.933198	-0.313816	0.00043804
74	2.51383e-09	-0.854358	0.592062	-0.000180056	-0.556545	-0.807146	0.00103899
75	2.51383e-09	-0.91887	-0.473055	0.00021367	0.451027	-0.874112	-0.000185353
76	2.51383e-09	1.04388	0.012437	0.000380675	-0.011671	0.978252	-0.00018931
77	2.51383e-09	-0.995094	-0.277152	-0.00196012	0.264621	-0.949234	-0.00175719
78	2.51383e-09	-0.672428	-0.791708	-0.000748348	0.749629	-0.633898	0.000623089
79	2.51383e-09	-1.02615	-0.159208	3.96354e-05	0.150778	-0.969146	-0.00135769
80	2.51383e-09	-1.0403	0.083565	0.000620933	-0.0818564	-0.975194	-0.000386059
81	2.51383e-09	-1.01001	0.266621	0.00126361	-0.248161	-0.94496	-0.000724894
82	2.51383e-09	0.960544	-0.389278	9.25512e-05	0.364853	0.912193	0.000760209
83	2.51383e-09	-1.04539	-0.042213	-0.000244569	0.0368656	-0.977498	-0.0014027
84	2.51383e-09	0.422718	0.952523	5.84214e-05	-0.896527	0.397587	0.000956544
85	2.51383e-09	-0.704621	-0.765992	0.001616	0.719017	-0.666619	0.00126366
86	2.51383e-09	1.02533	0.19197	-0.00199111	-0.180251	0.961881	0.000464278
87	2.51383e-09	-0.857266	-0.598251	-5.71427e-05	0.561025	-0.800952	0.000744831
88	2.51383e-09	0.920508	0.498344	0.00103589	-0.463419	0.859729	-0.000266056
89	2.51383e-09	0.960897	-0.420867	0.000580799	0.391127	0.895942	0.000510127
90	2.51383e-09	0.971961	-0.378435	-0.000715608	0.355988	0.912179	0.0011121
91	2.51383e-09	-0.203506	1.02259	-0.000553716	-0.959956	-0.189527	0.000632493
92	2.51383e-09	-1.04972	0.117679	0.000209445	-0.106855	-0.964918	-0.00123332
93	2.51383e-09	0.683659	0.798643	0.00158406	-0.74261	0.633572	0.000143055
94	2.51383e-09	-0.0155927	-1.05108	-0.00113753	0.975238	-0.0157741	-0.00117167
95	2.51383e-09	0.0507877	-1.04786	-0.000807782	0.972871	0.0484425	0.000596524
96	2.51383e-09	-0.522832	-0.916665	0.000661989	0.843975	-0.483867	0.000982068
97	2.51383e-09	0.98924	-0.354993	-0.00205187	0.329075	0.916373	0.00106657
98	2.51383e-09	0.362023	0.996249	-1.04392e-05	-0.912065	0.332129	0.000195647
99	2.51383e-09	1.00701	-0.319418	-0.00103959	0.292866	0.927401	0.000921984
100	2.51383e-09	-0.831213	0.644373	-0.000839113	-0.594601	-0.771192	-0.000248217
101	2.51383e-09	0.915951	-0.499831	0.000896926	0.471143	0.858285	0.000311061
102	2.51383e-09	0.798981	0.684655	-0.0010862	-0.636069	0.740058	0.000886867
103	2.51383e-09	0.931963	0.473435	0.00138716	-0.445562	0.870283	0.000176974
104	2.51383e-09	1.04383	0.160435	-0.000775594	-0.146315	0.962094	0.00102756
105	2.51383e-09	-0.897496	0.542755	0.00118024	-0.504867	-0.836852	-0.000169874
106	2.51383e-09	0.7315	0.764063	-0.000346955	-0.704042	0.672596	-0.00171946
107	2.51383e-09	-0.930004	-0.478601	0.000437624	0.446789	-0.870116	0.00171769
108	2.51383e-09	-0.153567	-1.04614	0.00034992	0.962642	-0.141257	-0.000372795
109	2.51383e-09	0.773227	0.720344	-0.00118471	-0.6638	0.711644	-0.000392043
110	2.51383e-09	0.0986885	-1.04833	-0.00071151	0.971407	0.0908548	0.000809596
111	2.51383e-09	-0.998831	0.340872	0.000483723	-0.314651	-0.922996	-0.000183253
112	2.51383e-09	-0.0771417	-1.05074	-0.00101989	0.97118	-0.0720531	-0.000642034
113	2.51383e-09	-0.314851	1.00427	0.000708658	-0.929836	-0.291467	0.00106302
114	2.51383e-09	0.751337	0.744286	-0.000537263	-0.683977	0.693115	-0.00171889
115	2.51383e-09	-0.753868	-0.745532	0.000845245	0.682663	-0.691175	0.00118902
116	2.51383e-09	-0.0649603	-1.05447	0.000950221	0.971808	-0.0611041	-4.88195e-05
117	2.51383e-09	0.821851	0.67301	-0.00140864	-0.614085	0.751354	-0.00156334
118	2.51383e-09	-0.184369	-1.04828	-0.000417523	0.954947	-0.168661	5.89472e-05
119	2.51383e-09	-0.834867	0.641911	-0.00157768	-0.59355	-0.773804	0.00046654
120	2.51383e-09	-1.02267	0.266341	0.000440406	-0.24359	-0.942506	0.00145256
121	2.51383e-09	-0.714399	0.790559	-0.000132275	-0.718402	-0.649749	0.00104101
122	2.51383e-09	-1.04906	0.105873	-0.000291279	-0.098326	-0.970036	0.000421495
123	2.51383e-09	-0.563834	0.899856	0.00147252	-0.823252	-0.513187	0.000213063
124	2.51383e-09	-0.703801	-0.796472	0.000486794	0.727291	-0.640784	0.00145804
125	2.51383e-09	-0.612548	-0.868569	0.00115337	0.792536	-0.559403	-0.000561341
126	2.51383e-09	-0.0228428	-1.06502	-0.000118046	0.969266	-0.019418	-0.00169444
127	2.51383e-09	-0.426435	-0.974954	5.19882e-05	0.888977	-0.38841	-0.00100603
128	2.51383e-09	-1.0709	-0.01113	0.00150986	0.0112487	-0.965699	0.000418967
129	2.51383e-09	0.436286	0.973769	-0.000538717	-0.883131	0.396975	0.000646822
130	2.51383e-09	-0.303288	1.01083	-0.000554764	-0.933135	-0.276671	0.00164396
131	2.51383e-09	-0.862986	0.627649	-0.000642628	-0.570656	-0.782372	-0.00055252
132	2.51383e-09	-0.740177	0.764717	-4.09269e-05	-0.696918	-0.674044	0.00124919
133	2.51383e-09	-0.456394	0.961053	-0.00134547	-0.876485	-0.416355	-0.00141654
134	2.51383e-09	0.78349	-0.730582	-0.0015635	0.657668	0.706311	0.000705612
135	2.51383e-09	-0.892058	0.585708	0.000739732	-0.531449	-0.806574	-0.000178917
136	2.51383e-09	0.0674734	-1.06801	-0.000670134	0.964028	0.0627131	-0.000746631
137	2.51383e-09	-1.06662	-0.0597676	-0.0010419	0.0532481	-0.966844	-0.00119702
138	2.51383e-09	-0.35205	1.01578	0.000539123	-0.910662	-0.314722	0.00201032
139	2.51383e-09	-1.06241	0.125247	-0.000292983	-0.111162	-0.960045	-0.000176774
140	2.51383e-09	0.442547	0.982797	-0.000996165	-0.879364	0.391657	-0.000280782
141	2.51383e-09	0.999335	-0.356459	-0.000328614	0.326243	0.915843	0.000550702
142	2.51383e-09	-1.01937	0.343428	0.00068582	-0.307049	-0.913922	-0.000888365
143	2.51383e-09	-0.845521	-0.659744	0.000675636	0.592415	-0.76247	-0.000275008
144	2.51383e-09	0.344668	1.01499	0.000733423	-0.915832	0.307461	-0.000468278
145	2.51383e-09	-0.530608	0.945067	-0.000213753	-0.838665	-0.469076	0.00185937
146	2.51383e-09	-1.07878	0.00553907	2.70157e-05	-0.00423746	-0.963219	0.00118815
147	2.51383e-09	-0.57132	-0.914256	-0.00183876	0.813812	-0.51352	0.000454048
148	2.51383e-09	1.06412	-0.158192	0.00240509	0.140121	0.953591	0.000313725
149	2.51383e-09	-0.929812	0.527107	0.00163914	-0.476109	-0.84454	-0.000820105
150	2.51383e-09	0.595919	-0.893967	0.000693316	0.801284	0.537143	-0.00104754
151	2.51383e-09	1.01732	-0.350953	0.000243175	0.314027	0.912787	0.000972534
152	2.51383e-09	-0.461729	-0.967753	0.00199283	0.871485	-0.41632	0.00245873
153	2.51383e-09	1.0553	-0.229921	0.000665053	0.20599	0.940352	-0.00108826
154	2.51383e-09	-0.756628	-0.776055	0.0015166	0.685465	-0.672207	0.000988248
155	2.51383e-09	0.572973	0.908765	0.00126499	-0.816684	0.516729	0.00180003
156	2.51383e-09	0.897064	0.606754	0.00172134	-0.54147	0.795951	0.00138545
157	2.51383e-09	-1.0754	-0.104819	0.000849658	0.0937731	-0.957012	0.000261476
158	2.51383e-09	1.05714	-0.203444	0.000332102	0.181435	0.947334	-0.000895415
159	2.51383e-09	0.652562	-0.856438	-6.15197e-05	0.76725	0.583708	-0.00037171
160	2.51383e-09	0.644865	-0.864687	-0.000147096	0.771762	0.577526	-0.000972157
161	2.51383e-09	0.915376	-0.600059	5.86609e-06	0.522292	0.798585	0.000278031
162	2.51383e-09	-0.699277	0.831404	0.00152539	-0.732868	-0.618831	-0.000315636
163	2.51383e-09	-0.747048	-0.776686	0.000539811	0.695408	-0.666235	-0.000761644
164	2.51383e-09	0.398948	0.997625	-0.000280629	-0.896841	0.356117	-0.000617393
165	2.51383e-09	0.792188	-0.742647	0.00109864	0.657057	0.698735	-0.000699793
166	2.51383e-09	-0.187392	-1.071	-0.00042514	0.945018	-0.161508	0.000712977
167	2.51383e-09	0.827583	0.716379	0.00119584	-0.621619	0.724073	-7.77051e-05
168	2.51383e-09	-1.06019	-0.207838	-0.000556386	0.184653	-0.946102	-0.000509025
169	2.51383e-09	0.651746	0.87015	0.00096525	-0.76659	0.575133	0.000194566
170	2.51383e-09	1.01692	0.398299	0.000962265	-0.347922	0.889671	-0.000501633
171	2.51383e-09	-0.720572	0.817269	0.00110578	-0.715991	-0.636164	-3.54526e-05
172	2.51383e-09	-0.718343	-0.820001	0.000178654	0.720186	-0.631078	-0.000959304
173	2.51383e-09	1.09205	-0.10411	-0.000632535	0.0900254	0.950033	0.000741216
174	2.51383e-09	0.832104	0.7158	0.000931222	-0.621386	0.722006	-0.00126166
175	2.51383e-09	0.53331	0.950721	-0.000512029	-0.834074	0.470927	5.18375e-05
176	2.51383e-09	-0.921393	-0.562783	-0.000261055	0.497557	-0.822759	0.000163725
177	2.51383e-09	-0.934916	-0.566977	-0.000228299	0.498342	-0.815862	0.00085994
178	2.51383e-09	0.135019	1.08393	0.000778358	-0.947398	0.117992	-0.000390888
179	2.51383e-09	-0.905098	-0.603377	-0.000529437	0.531749	-0.797975	-0.0012847
180	2.51383e-09	-1.07713	0.134054	0.000741974	-0.117131	-0.952161	0.000604206
181	2.51383e-09	-0.584532	-0.924879	-0.000846637	0.807085	-0.512094	-0.000940034
182	2.51383e-09	-0.193215	1.06259	-0.00115636	-0.947558	-0.17278	-0.00161594
183	2.51383e-09	0.669132	-0.871982	-0.000489558	0.756904	0.579118	0.00149446
184	2.51383e-09	0.684025	0.863386	0.000225763	-0.746525	0.590692	0.000679377
185	2.51383e-09	0.895182	0.635598	-0.00195032	-0.554408	0.777014	0.000887733
186	2.51383e-09	-0.955551	-0.536414	0.00127664	0.468073	-0.83258	0.00173071
187	2.51383e-09	-0.96896	0.500316	-0.0010674	-0.438914	-0.850927	-0.00109237
188	2.51383e-09	-0.492658	0.975201	0.000820886	-0.853193	-0.433335	0.000606453
189	2.51383e-09	0.198662	1.07734	0.000115976	-0.940123	0.175099	0.000531593
190	2.51383e-09	0.913996	0.615856	0.000261455	-0.530836	0.791989	0.000566524
191	2.51383e-09	0.714912	-0.836464	0.000255733	0.725024	0.618884	4.4409e-05
192	2.51383e-09	-1.03389	0.382349	-0.000502368	-0.331906	-0.892825	-0.000452454
193	2.51383e-09	0.843871	-0.70914	0.000436239	0.611073	0.730648	-0.000115358
194	2.51383e-09	-0.916489	-0.613029	0.0016841	0.528562	-0.790178	0.000125483
195	2.51383e-09	-0.694927	-0.849473	0.000688622	0.737547	-0.60424	-0.00253872
196	2.51383e-09	-0.895292	-0.636612	-0.001139	0.55334	-0.777257	-0.000135229
197	2.51383e-09	-0.09436	1.0953	-0.000712226	-0.950086	-0.083889	0.000704071
198	2.51383e-09	-0.0597583	-1.1018	0.000776431	0.95093	-0.0490719	-0.000510762
199	2.51383e-09	-1.05378	-0.313067	-3.40886e-05	0.270597	-0.915331	-0.00116451
200	2.51383e-09	-0.928301	0.608716	-4.22829e-05	-0.518725	-0.793806	-0.000224671
201	2.51383e-09	-0.943467	0.586536	0.00123358	-0.498539	-0.806053	-0.000434657
202	2.51383e-09	0.680167	-0.875275	-0.00229644	0.74956	0.581722	0.000894461
203	2.51383e-09	0.77588	-0.777367	0.000727057	0.676226	0.673415	0.0012985
204	2.51383e-09	0.45808	1.0036	-0.000843693	-0.865434	0.397515	0.000465142
205	2.51383e-09	0.0167772	1.10585	-0.00057604	-0.950714	0.0131142	0.00125875
206	2.51383e-09	0.0377748	1.09787	-0.00225468	-0.953972	0.0346722	-0.000569117
207	2.51383e-09	0.926077	0.608323	-0.000362227	-0.521168	0.792498	-0.000288775
208	2.51383e-09	0.992666	0.502366	0.00124411	-0.430443	0.844486	2.52823e-05
209	2.51383e-09	0.0443972	1.09036	-0.000251332	-0.957556	0.0371231	-0.000631078
210	2.51383e-09	-0.419802	1.0268	-0.00138226	-0.878612	-0.361386	3.69315e-05
211	2.51383e-09	-0.741262	0.819755	0.000763835	-0.705692	-0.637345	-0.000812695
212	2.51383e-09	-0.921677	-0.620281	0.00113777	0.532063	-0.785355	0.000945781
213	2.51383e-09	0.29904	1.06358	0.000291609	-0.916768	0.254518	0.000116691
214	2.51383e-09	-1.09695	0.172729	-0.000709264	-0.148581	-0.937345	0.00106735
215	2.51383e-09	-1.01673	0.436113	-0.00022269	-0.373342	-0.873728	0.000850498
216	2.51383e-09	-0.492212	-1.00011	0.00100614	0.848939	-0.416741	-0.000668113
217	2.51383e-09	-0.703602	-0.859536	0.00123999	0.733334	-0.6014	0.000569434
218	2.51383e-09	-1.02641	-0.408575	-0.00027791	0.351537	-0.883726	-0.00103074
219	2.51383e-09	-0.746221	-0.834797	-0.00157213	0.704534	-0.627927	-0.000767601
220	2.51383e-09	-0.0871683	-1.10526	-0.00135345	0.947568	-0.0785686	1.56711e-05
221	2.51383e-09	0.718985	0.846023	0.000228575	-0.724347	0.614935	-0.00121193
222	2.51383e-09	-0.499241	0.996374	0.00222432	-0.845562	-0.425939	-8.00264e-05
223	2.51383e-09	0.768301	-0.809651	0.00111845	0.686901	0.651238	-0.000563377
224	2.51383e-09	-0.195938	-1.097	-0.000391448	0.932848	-0.166219	-0.00132117
225	2.51383e-09	-0.113771	1.10936	0.00107025	-0.942655	-0.0971105	9.97764e-05
226	2.51383e-09	1.07256	0.324936	-0.00019072	-0.274399	0.902489	0.000484034
227	2.51383e-09	-0.435525	1.02504	-0.000125737	-0.87296	-0.369982	-0.000478633
228	2.51383e-09	0.256518	1.08612	0.00108233	-0.921001	0.218369	0.000243197
229	2.51383e-09	-0.467417	-1.01333	0.000179352	0.859168	-0.396668	0.000696276
230	2.51383e-09	-1.03895	-0.415008	0.00113674	0.349656	-0.87873	-0.000369745
231	2.51383e-09	-0.859523	0.735488	-0.000906756	-0.612233	-0.712769	-0.000955238
232	2.51383e-09	0.208604	-1.09266	0.00209473	0.931513	0.177463	-1.52247e-05
233	2.51383e-09	1.03661	0.433576	-0.00165699	-0.362737	0.86925	-0.000518167
234	2.51383e-09	-0.339127	-1.06462	-0.0010577	0.901199	-0.287885	0.000563354
235	2.51383e-09	1.00729	-0.497571	-0.000262573	0.418856	0.847428	0.00109412
236	2.51383e-09	-0.506266	-1.00131	0.000805895	0.842574	-0.426062	0.000582501
237	2.51383e-09	0.655889	0.912451	0.000477791	-0.765531	0.549886	0.0012671
238	2.51383e-09	1.08694	-0.294237	0.000898458	0.246977	0.909065	-0.000539051
239	2.51383e-09	1.08808	-0.253871	0.00160918	0.214881	0.921753	-0.000904825
240	2.51383e-09	0.913033	0.668132	0.000440143	-0.555006	0.758852	-4.39466e-05
241	2.51383e-09	0.752308	-0.840546	0.000109545	0.698858	0.629927	-0.00140648
242	2.51383e-09	0.725873	0.876725	-0.00241375	-0.722633	0.596431	0.000543325
243	2.51383e-09	0.229648	1.09838	-0.00167051	-0.925187	0.191906	0.000522933
244	2.51383e-09	0.617893	0.941001	-0.000198699	-0.788183	0.515799	-0.000553701
245	2.51383e-09	0.490612	1.01487	-0.000461136	-0.847213	0.410054	-0.00104046
246	2.51383e-09	-0.387612	1.05656	0.00127226	-0.884279	-0.325227	-0.000316112
247	2.51383e-09	1.05079	0.404431	-0.000681181	-0.338678	0.879287	0.000676611
248	2.51383e-09	-1.04885	0.400893	-0.00129834	-0.337664	-0.878833	0.000318412
249	2.51383e-09	0.0658873	1.1181	0.0012409	-0.943042	0.0581316	0.0015678
250	2.51383e-09	1.11231	0.153467	-0.00142884	-0.128285	0.935588	0.00068907
251	2.51383e-09	0.650447	0.931507	0.000196332	-0.766797	0.538024	3.42707e-05
252	2.51383e-09	0.491347	-1.01954	0.000280993	0.847694	0.406032	0.00139769
253	2.51383e-09	-0.943264	-0.619031	-0.000256992	0.516942	-0.785065	0.00187899
254	2.51383e-09	0.255345	-1.09816	-0.00104347	0.916957	0.214027	-0.000304693
255	2.51383e-09	0.639195	-0.939821	0.000619287	0.776514	0.527763	-0.000460875
256	2.51383e-09	-1.10737	0.194587	0.000748737	-0.164272	-0.929726	0.00101002
257	2.51383e-09	0.356617	-1.07465	0.00133321	0.89183	0.297218	-0.000160668
258	2.51383e-09	0.555152	0.987453	0.000839798	-0.818446	0.458454	0.000431053
259	2.51383e-09	0.686457	-0.885553	7.42555e-05	0.747321	0.577729	0.000610486
260	2.51383e-09	-1.07478	0.333279	-0.000654845	-0.279301	-0.903379	0.0012285
261	2.51383e-09	0.174099	1.13053	-0.0010274	-0.922983	0.142872	8.12237e-05
262	2.51383e-09	-1.07832	-0.347453	-0.000198886	0.289054	-0.894357	0.00106966
263	2.51383e-09	0.623966	0.951496	-4.04329e-05	-0.784677	0.512609	-0.000151138
264	2.51383e-09	-0.0548722	1.13392	0.000730124	-0.937271	-0.0451449	-0.000834993
265	2.51383e-09	-1.10899	-0.263966	-0.000429463	0.219211	-0.911036	-0.000779509
266	2.51383e-09	0.845932	-0.767072	0.00194262	0.628118	0.691376	-0.000720119
267	2.51383e-09	-0.1485	1.12751	0.000145462	-0.928874	-0.121125	-0.00150151
268	2.51383e-09	-0.0344591	1.13	0.000720459	-0.940418	-0.0278111	0.000245565
269	2.51383e-09	1.00452	0.524956	0.000191982	-0.435675	0.832802	-0.00108724
270	2.51383e-09	0.700357	0.888237	0.000119133	-0.737996	0.582829	-0.000589595
271	2.51383e-09	-0.0214869	1.13631	0.000598409	-0.939128	-0.0174659	0.00040595
272	2.51383e-09	0.160907	-1.12882	-0.000440065	0.925683	0.134961	0.00200338
273	2.51383e-09	1.10971	0.273025	0.00074374	-0.223335	0.909188	-0.000335975
274	2.51383e-09	-0.0709072	1.13532	0.000842777	-0.936789	-0.0574766	0.000830343
275	2.51383e-09	-1.04544	0.462208	-0.00136501	-0.377378	-0.85413	0.0011512
276	2.51383e-09	0.347697	-1.08271	0.000274164	0.892475	0.287498	-0.000584649
277	2.51383e-09	-0.934125	-0.657911	0.00123739	0.538986	-0.764142	9.05278e-05
278	2.51383e-09	-0.650311	0.943541	0.00175993	-0.76721	-0.531183	-0.00131417
279	2.51383e-09	0.0381338	-1.14116	0.000629658	0.936285	0.0323547	0.000453073
280	2.51383e-09	0.482806	1.0367	0.00178808	-0.84765	0.394722	-0.000144146
281	2.51383e-09	0.0727823	-1.14111	0.000562866	0.933036	0.0614607	-0.000788096
282	2.51383e-09	0.794459	-0.820441	0.000450435	0.67215	0.651867	-0.000764443
283	2.51383e-09	0.507104	-1.03078	0.000758492	0.837495	0.412898	-0.00011991
284	2.51383e-09	-0.991818	-0.585529	0.000218848	0.47344	-0.801298	-0.000854245
285	2.51383e-09	0.0428241	1.14486	-0.000440738	-0.934166	0.0348	-0.00100606
286	2.51383e-09	-1.04021	0.47895	-0.00035825	-0.390834	-0.849382	-0.00111966
287	2.51383e-09	-0.657416	0.929838	0.00189418	-0.764955	-0.542037	0.00049926
288	2.51383e-09	-0.984707	-0.594212	0.00118598	0.482082	-0.797998	0.000501089
289	2.51383e-09	-1.12167	0.234626	-0.000889128	-0.190457	-0.914047	-0.000623774
290	2.51383e-09	0.991658	0.568451	-0.000726664	-0.465667	0.811485	0.00024702
291	2.51383e-09	1.09316	-0.363401	0.0012538	0.293285	0.883464	0.0018436
292	2.51383e-09	0.841041	-0.781489	0.00225874	0.63509	0.682805	-0.000862952
293	2.51383e-09	0.590063	-0.986733	0.000814475	0.798769	0.479753	-0.000943026
294	2.51383e-09	0.878571	-0.740412	0.000562079	0.601996	0.712714	0.0010624
295	2.51383e-09	0.941459	0.663357	-0.000601844	-0.53568	0.762914	0.00106274
296	2.51383e-09	1.07394	0.418157	0.000857937	-0.339306	0.867256	-0.000702484
297	2.51383e-09	1.14073	-0.170027	0.000215813	0.135935	0.921973	0.000746992
298	2.51383e-09	-0.883138	0.745997	0.00082595	-0.600817	-0.711388	0.00109515
299	2.51383e-09	-0.632563	0.958658	0.000929952	-0.781629	-0.512315	-0.00158622
300	2.51383e-09	0.0647784	1.15251	-0.000635997	-0.929885	0.0538597	0.000580318
301	2.51383e-09	-1.00775	-0.554855	-0.000393686	0.451885	-0.816995	0.00112835
302	2.51383e-09	0.926223	-0.699538	-0.00069741	0.559215	0.740844	-0.00194691
303	2.51383e-09	-1.02933	0.517711	0.000523205	-0.4167	-0.833735	3.68284e-05
304	2.51383e-09	0.105021	-1.15755	-0.00139643	0.922363	0.0871504	0.00101779
305	2.51383e-09	0.729338	-0.90041	0.00109158	0.722175	0.583711	-0.000771335
306	2.51383e-09	-0.0924184	1.15634	-0.000733959	-0.924644	-0.0741018	0.000728615
307	2.51383e-09	0.878367	0.758197	0.000589561	-0.605343	0.701354	9.77361e-05
308	2.51383e-09	1.11461	0.319152	-0.00209805	-0.253786	0.894253	0.000790742
309	2.51383e-09	-0.770079	-0.846812	0.000963454	0.691262	-0.632321	0.00177696
310	2.51383e-09	0.836227	-0.795439	-1.61139e-05	0.641533	0.673517	0.000619283
311	2.51383e-09	-1.06201	-0.464725	-5.89133e-05	0.371871	-0.850383	-0.000973889
312	2.51383e-09	-0.295135	-1.12209	0.000474545	0.898269	-0.236874	0.000330679
313	2.51383e-09	0.482429	1.05578	2.67971e-06	-0.843924	0.384567	0.000780472
314	2.51383e-09	1.05478	-0.48025	5.36042e-06	0.387349	0.845526	-0.000942502
315	2.51383e-09	0.795598	0.838508	-0.000245683	-0.675004	0.64076	-4.64378e-05
316	2.51383e-09	-0.805139	0.840761	0.00164759	-0.66928	-0.639663	-0.000300218
317	2.51383e-09	0.67261	0.948072	0.00103716	-0.75691	0.536699	-0.000712104
318	2.51383e-09	0.640144	0.964901	-0.00116008	-0.774669	0.512305	-0.000235164
319	2.51383e-09	-1.15963	0.0026233	4.43741e-05	-0.00279158	-0.929409	9.88268e-05
320	2.51383e-09	0.450822	-1.08272	-0.00109813	0.849897	0.354889	-8.20607e-06
321	2.51383e-09	-0.167743	-1.1531	0.000727874	0.916224	-0.133121	0.000712276
322	2.51383e-09	-0.223484	1.14694	-0.00132635	-0.9082	-0.175415	-0.000165894
323	2.51383e-09	0.63751	-0.977661	0.000941904	0.77423	0.505899	0.00086211
324	2.51383e-09	0.783804	0.868454	-0.00168481	-0.689036	0.618124	0.000964589
325	2.51383e-09	-0.853413	0.795025	-0.00142858	-0.632789	-0.676272	8.45379e-05
326	2.51383e-09	-1.05522	0.488933	-0.00177886	-0.39096	-0.841953	9.74841e-05
327	2.51383e-09	-0.791477	0.855863	0.00102907	-0.678509	-0.629869	-0.000517758
328	2.51383e-09	1.08616	-0.425542	0.00143923	0.334795	0.863456	-0.000463765
329	2.51383e-09	1.10574	0.41756	-0.000953642	-0.323961	0.860388	-0.000518986
330	2.51383e-09	-0.43503	1.09006	-0.000635356	-0.855728	-0.343498	0.000232619
331	2.51383e-09	-1.00291	-0.601451	0.000523689	0.477599	-0.793383	-0.000249796
332	2.51383e-09	-1.16192	0.101227	0.000735414	-0.0822354	-0.922323	0.00115868
333	2.51383e-09	-0.031582	-1.17164	-0.00128611	0.92399	-0.0262409	0.000177263
334	2.51383e-09	0.13204	1.16064	0.00088743	-0.919689	0.105089	0.000825821
335	2.51383e-09	-1.01143	-0.584901	-9.73848e-06	0.464277	-0.800355	-0.00132685
336	2.51383e-09	-0.407499	1.10045	-0.00266624	-0.866059	-0.320754	0.00105743
337	2.51383e-09	1.17241	-0.077924	0.00121376	0.0617078	0.920623	0.00096104
338	2.51383e-09	1.17059	-0.0488767	-0.00133819	0.0373578	0.922546	3.65019e-05
339	2.51383e-09	0.429754	-1.10131	0.00132857	0.857135	0.33402	-0.00127832
340	2.51383e-09	1.16955	0.168384	0.000193755	-0.128628	0.912588	-0.000232014
341	2.51383e-09	-0.0763592	-1.17787	-0.000253805	0.919383	-0.0623457	-0.000304597
342	2.51383e-09	0.973613	-0.646066	-0.00172225	0.511919	0.77121	-4.44276e-05
343	2.51383e-09	-0.335078	1.13631	0.000611235	-0.879425	-0.258965	-0.000146843
344	2.51383e-09	0.248716	-1.14405	-0.000458262	0.903043	0.194695	0.000292273
345	2.51383e-09	-1.1439	0.271559	-0.000849572	-0.211691	-0.897957	-0.000808478
346	2.51383e-09	0.82881	0.83016	0.0014709	-0.653346	0.652052	-0.000253781
347	2.51383e-09	-0.471087	1.07547	-0.00137045	-0.846203	-0.370837	-0.000210799
348	2.51383e-09	0.278908	1.14848	0.000627748	-0.892995	0.216394	0.000681308
349	2.51383e-09	0.329781	1.12338	-8.92798e-05	-0.888169	0.261369	0.000644155
350	2.51383e-09	-0.415536	1.10432	8.90259e-05	-0.860753	-0.323202	0.000579274
351	2.51383e-09	0.252298	-1.1492	-0.000228857	0.900023	0.198626	0.00063342
352	2.51383e-09	-1.13131	-0.323297	0.000114917	0.255544	-0.88631	0.00125971
353	2.51383e-09	-1.14191	0.271449	0.000178112	-0.217523	-0.897677	0.000264787
354	2.51383e-09	0.741582	-0.928224	0.000214466	0.715659	0.572301	0.00100055
355	2.51383e-09	1.09229	-0.439136	-0.000671144	0.341703	0.856257	-0.000637842
356	2.51383e-09	0.629599	-1.00499	-0.00138568	0.778025	0.486308	0.000521958
357	2.51383e-09	-1.1119	0.406745	-0.000849613	-0.317211	-0.862981	0.00087274
358	2.51383e-09	1.04074	-0.586376	0.00177077	0.447961	0.796455	0.00102426
359	2.51383e-09	-1.05673	-0.540131	-0.00190023	0.417245	-0.817858	0.000723575
360	2.51383e-09	0.510239	1.07	-0.0013756	-0.828652	0.3947	-0.000469469
361	2.51383e-09	-1.17536	0.132988	0.00191687	-0.103778	-0.913849	0.00131871
362	2.51383e-09	0.854282	0.807577	0.00127207	-0.635403	0.670086	-0.000395498
363	2.51383e-09	-0.636336	0.986243	0.00119599	-0.775562	-0.500867	0.0012152
364	2.51383e-09	-0.349535	-1.13246	-0.000504694	0.876842	-0.27389	-0.000139352
365	2.51383e-09	0.975633	0.673474	-0.000733335	-0.520681	0.757521	0.000951001
366	2.51383e-09	0.42699	-1.10391	-0.000263376	0.857469	0.331683	0.0017815
367	2.51383e-09	-0.919658	0.751498	-0.000328126	-0.579735	-0.711417	-0.000209069
368	2.51383e-09	0.0340438	1.19013	-0.0012147	-0.915927	0.0295115	0.00159674
369	2.51383e-09	-0.335818	1.14606	-0.000477377	-0.87742	-0.259327	0.000576241
370	2.51383e-09	0.965187	0.688253	-0.00104505	-0.533818	0.747694	-4.95064e-05
371	2.51383e-09	-1.1489	-0.331591	-0.00277659	0.253814	-0.878447	0.000508649
372	2.51383e-09	-0.00303384	-1.18833	4.31266e-05	0.917739	-0.00330255	-0.0010935
373	2.51383e-09	-0.695425	0.967367	-0.00118993	-0.74287	-0.533838	-0.000201825
374	2.51383e-09	1.06962	-0.535204	-0.000875692	0.409675	0.81861	0.000795064
375	2.51383e-09	0.790391	-0.898726	0.000284929	0.685781	0.60494	0.000447053
376	2.51383e-09	-0.827812	0.856242	0.00129386	-0.659258	-0.636549	0.000434554
377	2.51383e-09	0.684892	-0.980788	-0.00198174	0.750038	0.521466	0.000130441
378	2.51383e-09	0.70228	0.967054	-0.00146381	-0.739258	0.537396	-0.000222414
379	2.51383e-09	-1.05637	0.562873	-3.35379e-05	-0.425144	-0.807093	-0.000905079
380	2.51383e-09	-1.04314	0.581435	0.00184408	-0.446227	-0.800073	0.00023195
381	2.51383e-09	1.17184	0.231204	0.000779648	-0.176407	0.897364	-0.0013056
382	2.51383e-09	0.286567	1.15994	0.00083394	-0.886861	0.221688	-0.000336784
383	2.51383e-09	1.07128	-0.515353	0.00131502	0.397716	0.825598	-2.25868e-05
384	2.51383e-09	-0.0849442	1.19246	0.00102995	-0.912521	-0.0653749	-0.000690031
385	2.51383e-09	0.689918	0.975338	-0.000788594	-0.74814	0.528446	0.00090233
386	2.51383e-09	1.11451	0.443304	-0.000732421	-0.338398	0.848664	0.000642846
387	2.51383e-09	1.07766	0.532031	-0.00118506	-0.404004	0.81784	0.000577001
388	2.51383e-09	-0.499443	-1.0895	0.00146525	0.830167	-0.382413	0.000219363
389	2.51383e-09	0.359041	-1.14113	0.000798632	0.873973	0.272885	-5.57109e-05
390	2.51383e-09	-0.48815	-1.09419	0.00025486	0.83502	-0.371663	-0.00102876
391	2.51383e-09	-0.961091	0.717427	0.000775988	-0.546173	-0.732867	0.000886647
392	2.51383e-09	-0.445219	1.11524	-0.0014464	-0.848311	-0.337818	-0.000320557
393	2.51383e-09	1.16221	0.349745	0.000267819	-0.257886	0.868713	0.000425414
394	2.51383e-09	-0.590333	-1.03977	0.00194024	0.795143	-0.450895	0.000630602
395	2.51383e-09	-1.18863	0.161305	-0.00160375	-0.121159	-0.905425	0.000324633
396	2.51383e-09	0.949664	0.722976	0.00043489	-0.557683	0.727277	1.96522e-05
397	2.51383e-09	-0.103279	1.20224	0.00090579	-0.90582	-0.0776127	0.000687539
398	2.51383e-09	0.939088	0.755612	-0.00135782	-0.56946	0.710141	-0.000919046
399	2.51383e-09	-1.18183	-0.23675	0.0013428	0.177792	-0.893155	-0.000505881
400	2.51383e-09	-1.04913	-0.593611	0.000153867	0.45025	-0.791665	0.00101697
