4.633000e+03
401
0	1	0.000214179	0.00013281	-1.95456e-07	3.50103e-08	6.35351e-08	-3.20906e-11
1	2.51383e-09	-0.97866	0.19656	0.000671895	-0.194997	-0.982672	-0.000391237
2	2.51383e-09	0.828637	0.574694	-0.000977492	-0.568655	0.817416	0.0015244
3	2.51383e-09	-0.916879	-0.386248	0.000489677	0.391638	-0.922927	0.00059626
4	2.51383e-09	-0.991546	0.152565	0.00131175	-0.15072	-0.987935	-0.000407304
5	2.51383e-09	0.733839	0.680805	5.3233e-05	-0.681714	0.731459	0.000737651
6	2.51383e-09	0.987736	0.219283	-0.000315561	-0.215723	0.970145	0.00161703
7	2.51383e-09	0.95897	0.283716	2.6235e-05	-0.285493	0.959179	0.00167383
8	2.51383e-09	-0.872251	0.495262	-0.00100661	-0.488456	-0.869725	0.000237003
9	2.51383e-09	-0.189579	0.984028	-0.00115287	-0.981548	-0.185959	-0.000341101
10	2.51383e-09	-0.847198	0.529617	0.000583549	-0.527495	-0.850536	0.000368436
11	2.51383e-09	-0.941735	-0.343777	-0.000488422	0.340826	-0.937144	0.000104674
12	2.51383e-09	-0.091168	1.01364	0.00112869	-0.98661	-0.0924021	0.00121395
13	2.51383e-09	-0.968167	0.266451	-0.00175424	-0.265239	-0.962758	-0.0012051
14	2.51383e-09	-0.982692	-0.222454	-0.00123407	0.223647	-0.971781	-0.00213989
15	2.51383e-09	-0.988775	-0.134524	0.00173494	0.142691	-0.991591	-0.00172
16	2.51383e-09	-0.364244	0.927693	-0.00118081	-0.934676	-0.365104	0.0012485
17	2.51383e-09	0.941583	0.374238	0.00131922	-0.368935	0.920571	-0.00126617
18	2.51383e-09	0.555362	-0.853956	0.000442781	0.83069	0.534457	-0.000335664
19	2.51383e-09	0.173917	-1.00234	-0.000905379	0.974115	0.175144	0.00181634
20	2.51383e-09	0.967567	-0.334923	0.00077525	0.322502	0.935383	0.00292371
21	2.51383e-09	0.742299	0.674066	0.00191954	-0.672761	0.742443	-0.00230568
22	2.51383e-09	0.266766	0.976231	-0.000318702	-0.961471	0.259039	0.00150602
23	2.51383e-09	0.434246	0.925732	0.00131577	-0.891842	0.421937	0.00130159
24	2.51383e-09	-0.121002	1.00855	-3.48298e-05	-0.986308	-0.111661	0.0016127
25	2.51383e-09	-0.421559	-0.932216	-0.00106276	0.899184	-0.408746	-0.00140705
26	2.51383e-09	0.348136	0.949939	-0.000186578	-0.933145	0.347326	-0.00154288
27	2.51383e-09	-0.632255	-0.789084	0.0016134	0.772292	-0.625213	-0.00115434
28	2.51383e-09	0.781584	0.655844	0.000393825	-0.636081	0.754352	-0.0004525
29	2.51383e-09	0.251488	0.980109	-0.000820679	-0.963399	0.246113	-0.00104597
30	2.51383e-09	-0.381677	0.930283	-7.00729e-05	-0.923001	-0.377875	0.000178922
31	2.51383e-09	1.00187	0.0997214	0.0020058	-0.0946063	0.992855	-0.00094651
32	2.51383e-09	-0.436866	0.907522	0.000362913	-0.898597	-0.431126	0.00113269
33	2.51383e-09	-0.531911	0.869124	0.000112033	-0.841789	-0.52358	-0.000873032
34	2.51383e-09	-0.563121	-0.859384	0.00117354	0.826893	-0.539561	-0.00134695
35	2.51383e-09	0.766227	-0.675763	0.00231883	0.654177	0.742737	-0.0010664
36	2.51383e-09	-0.696233	-0.741642	0.00193513	0.724064	-0.677487	0.00215878
37	2.51383e-09	-0.998254	-0.221362	-0.00276473	0.211638	-0.965092	-0.00259433
38	2.51383e-09	0.102026	-1.00191	-0.00143096	0.990515	0.098469	-0.00189466
39	2.51383e-09	-0.827163	0.581126	0.00186296	-0.57056	-0.812124	0.000686732
40	2.51383e-09	1.01133	0.131434	-0.00278669	-0.125801	0.979389	-0.00132143
41	2.51383e-09	0.235322	0.983831	-0.000978103	-0.967988	0.229948	-0.00228815
42	2.51383e-09	-0.565072	0.860074	0.00030145	-0.823246	-0.542434	-0.00167129
43	2.51383e-09	-0.976838	-0.269025	0.00227076	0.260558	-0.958267	0.00154038
44	2.51383e-09	0.830032	0.615274	-0.00180729	-0.581151	0.793311	-2.36411e-05
45	2.51383e-09	-1.02017	0.168316	0.00199786	-0.159304	-0.969912	0.000136049
46	2.51383e-09	0.980489	-0.279847	0.00110584	0.275845	0.95268	-0.00129706
47	2.51383e-09	-0.992005	-0.248067	0.00123861	0.239792	-0.957667	-0.0002098
48	2.51383e-09	-1.01905	0.125239	0.000606499	-0.116369	-0.979111	3.48215e-07
49	2.51383e-09	-1.00969	0.182078	8.48892e-05	-0.173582	-0.971417	-0.00079976
50	2.51383e-09	-0.866705	-0.564237	0.0010135	0.536732	-0.822422	-0.00208016
51	2.51383e-09	-0.989551	-0.254339	7.18271e-05	0.247452	-0.956603	0.00123583
52	2.51383e-09	-0.993317	0.273754	-0.00105177	-0.260914	-0.948701	-0.000800709
53	2.51383e-09	0.153918	1.01402	0.000622811	-0.976558	0.144835	-0.000206158
54	2.51383e-09	-0.726331	0.713912	0.000407669	-0.691513	-0.711404	0.00127892
55	2.51383e-09	-0.342157	0.967662	0.00108996	-0.933839	-0.32567	2.13035e-05
56	2.51383e-09	-0.352557	-0.964417	-0.00108032	0.9256	-0.341495	0.00158109
57	2.51383e-09	-1.04576	0.0134777	0.000589243	-0.0170232	-0.976982	-0.00231679
58	2.51383e-09	0.766249	0.710173	0.00164563	-0.664981	0.71674	-0.000329362
59	2.51383e-09	0.687035	-0.769812	0.00284272	0.729368	0.658023	-0.000599572
60	2.51383e-09	-0.885376	0.506205	-0.000828058	-0.48997	-0.860327	-1.20083e-05
61	2.51383e-09	-0.491445	-0.912341	-0.00368314	0.865213	-0.462804	5.61877e-05
62	2.51383e-09	0.742492	-0.71827	-0.000682899	0.684784	0.705571	0.000809007
63	2.51383e-09	0.67815	-0.769874	0.000615604	0.742812	0.648433	0.00108429
64	2.51383e-09	1.01492	0.19599	-0.00014813	-0.185895	0.963239	-0.00170717
65	2.51383e-09	0.654197	-0.80049	0.00185576	0.761951	0.62409	0.000988517
66	2.51383e-09	1.01856	-0.0587757	0.000791695	0.0562994	0.991966	-0.00277787
67	2.51383e-09	-0.11629	-1.03494	-0.000881568	0.971437	-0.107019	0.00202368
68	2.51383e-09	-0.256083	-1.00039	-0.000262834	0.952106	-0.242294	-0.00204125
69	2.51383e-09	0.857681	-0.574996	0.000390543	0.546949	0.819967	-0.00307519
70	2.51383e-09	1.02759	0.0795484	2.17262e-05	-0.0735171	0.983407	0.00294044
71	2.51383e-09	-0.865165	0.563274	-0.000144627	-0.534434	-0.827267	0.00044322
72	2.51383e-09	0.936972	-0.479198	-0.00108584	0.44106	0.868402	-3.24057e-05
73	2.51383e-09	-0.943807	-0.428836	0.00143279	0.40453	-0.895697	0.000553259
74	2.51383e-09	1.04302	-0.0123039	-0.000453344	0.0118017	0.981726	0.000114176
75	2.51383e-09	0.568956	-0.873254	0.00010736	0.821717	0.532559	0.000747777
76	2.51383e-09	0.956381	-0.431133	-0.000946528	0.403786	0.888361	0.00179977
77	2.51383e-09	0.685436	-0.805399	0.000773591	0.742912	0.629476	0.000919153
78	2.51383e-09	-1.05016	-0.0350526	-0.0011647	0.0363986	-0.971975	-0.000740745
79	2.51383e-09	-0.98902	0.303496	0.00259962	-0.293912	-0.937554	5.11552e-05
80	2.51383e-09	-0.241062	1.02388	0.00128568	-0.948365	-0.223674	-0.000555021
81	2.51383e-09	0.659717	-0.804021	0.000237355	0.757785	0.621959	0.00210375
82	2.51383e-09	-1.04659	0.0163696	0.00197313	-0.0176565	-0.979194	7.01124e-05
83	2.51383e-09	0.232284	-1.01881	0.00229991	0.953331	0.214286	-0.000159985
84	2.51383e-09	-0.133263	1.043	-0.000424112	-0.966962	-0.123704	0.00103707
85	2.51383e-09	0.724857	0.730363	-0.000311605	-0.701547	0.692993	-0.00126328
86	2.51383e-09	0.802416	0.673331	-0.000192928	-0.627145	0.748736	0.00219054
87	2.51383e-09	-0.66224	0.798487	0.00141919	-0.758719	-0.622299	0.000530967
88	2.51383e-09	-0.293443	0.990441	-0.000411278	-0.943593	-0.278919	-0.00203219
89	2.51383e-09	1.01264	-0.28666	-0.000270482	0.268394	0.938871	-0.00097592
90	2.51383e-09	0.450749	0.942913	0.000303591	-0.882502	0.419642	0.000106936
91	2.51383e-09	-0.922091	-0.468982	0.000814724	0.448851	-0.87514	0.00271254
92	2.51383e-09	0.966407	0.408432	0.0014824	-0.379835	0.900507	0.00128904
93	2.51383e-09	-0.0955756	-1.05112	-0.000758876	0.967597	-0.0887351	-0.000877562
94	2.51383e-09	0.325099	-0.995843	-0.00200948	0.925671	0.305581	-0.00102291
95	2.51383e-09	1.03349	-0.147372	-0.000839519	0.138114	0.966345	-0.00217448
96	2.51383e-09	-1.02487	-0.23767	4.10618e-05	0.217736	-0.95041	0.000923701
97	2.51383e-09	-0.94405	-0.452409	0.00179577	0.423067	-0.883635	0.00418372
98	2.51383e-09	-0.804641	-0.690281	-0.00115553	0.636097	-0.734864	-0.0018913
99	2.51383e-09	0.742532	0.764652	-0.00121336	-0.691923	0.674392	0.000182746
100	2.51383e-09	-0.796569	-0.69965	-0.00134744	0.636819	-0.73011	0.00175745
101	2.51383e-09	0.477226	-0.920705	0.000306781	0.872018	0.453268	-0.00141933
102	2.51383e-09	0.73839	0.722294	-0.00208357	-0.685283	0.703728	-0.000784935
103	2.51383e-09	0.216009	1.02656	-0.0028698	-0.955778	0.199857	-0.00133859
104	2.51383e-09	-0.940059	-0.467204	-0.000626476	0.42925	-0.87663	-0.000729724
105	2.51383e-09	1.04635	0.131284	-5.24998e-05	-0.11349	0.965689	0.00010838
106	2.51383e-09	0.382225	0.972863	0.000436145	-0.910681	0.35625	-0.000806191
107	2.51383e-09	0.471702	-0.942068	-0.00183836	0.872913	0.434052	8.7823e-05
108	2.51383e-09	-0.0620526	1.06057	-0.000291265	-0.968985	-0.0547501	-0.0020224
109	2.51383e-09	-0.636364	-0.85126	-0.00281789	0.774814	-0.581973	0.0004486
110	2.51383e-09	-1.05114	0.121357	0.00191949	-0.116152	-0.964213	-0.00137129
111	2.51383e-09	0.602586	-0.883979	0.000247249	0.798404	0.541826	-0.00049585
112	2.51383e-09	0.874287	0.60423	-0.000732816	-0.552744	0.795517	-0.000424344
113	2.51383e-09	-0.0322966	1.05616	-0.00180152	-0.97179	-0.0302965	-0.00172349
114	2.51383e-09	-0.98843	0.363639	-0.0021765	-0.339304	-0.911852	0.000521283
115	2.51383e-09	0.500305	-0.946074	-0.00104777	0.854679	0.451141	0.000499251
116	2.51383e-09	0.245825	1.02267	0.00137907	-0.948398	0.225884	0.00115143
117	2.51383e-09	-0.949967	0.477085	-0.000592293	-0.434795	-0.869126	0.000783788
118	2.51383e-09	-0.528969	-0.917542	0.00088784	0.84098	-0.487244	0.000213343
119	2.51383e-09	0.418678	0.959381	-0.00229304	-0.898078	0.387746	0.000466931
120	2.51383e-09	-1.02119	-0.214475	-0.00240343	0.203054	-0.958614	0.000916722
121	2.51383e-09	0.845924	0.640722	-0.00081796	-0.583801	0.776491	0.000288788
122	2.51383e-09	1.02418	0.315731	-0.000106975	-0.280534	0.923023	0.00125044
123	2.51383e-09	0.160689	1.03475	0.00172275	-0.965969	0.145107	-0.00105071
124	2.51383e-09	-1.07332	0.0216393	8.41773e-05	-0.0255159	-0.965488	0.00250781
125	2.51383e-09	0.511316	0.922559	0.000418026	-0.853174	0.472372	-0.00202875
126	2.51383e-09	-1.00731	0.351867	0.000109318	-0.322032	-0.910187	-0.000242061
127	2.51383e-09	-0.945458	-0.48255	0.00217971	0.441976	-0.862556	-0.00232494
128	2.51383e-09	-0.392947	-0.994204	-0.00106691	0.899119	-0.357999	0.00338806
129	2.51383e-09	-0.130389	-1.04509	-0.000357445	0.969276	-0.113273	0.000205583
130	2.51383e-09	1.00637	0.322252	-0.000863467	-0.29847	0.92812	-0.00133066
131	2.51383e-09	1.05015	-0.256732	-0.000864377	0.223484	0.934087	0.0018619
132	2.51383e-09	0.95914	-0.472701	0.000383375	0.430879	0.869049	0.00229069
133	2.51383e-09	1.0175	-0.337703	-0.0033002	0.301216	0.916588	0.00074316
134	2.51383e-09	0.578509	0.88722	-0.00194196	-0.812994	0.533756	0.00152376
135	2.51383e-09	-0.443064	-0.96839	0.0016203	0.883442	-0.401568	0.00251439
136	2.51383e-09	-0.651494	0.856407	-0.00188896	-0.767738	-0.583905	-0.00118414
137	2.51383e-09	0.411455	0.981373	-0.00292771	-0.892909	0.373569	0.00101052
138	2.51383e-09	-0.0510542	-1.06734	0.000139929	0.966835	-0.0464211	0.00234972
139	2.51383e-09	1.06615	-0.0661408	-0.00168432	0.0587631	0.966253	-0.00112622
140	2.51383e-09	0.659763	-0.863347	-0.000459304	0.762304	0.582084	-0.0027163
141	2.51383e-09	1.05511	0.126259	-0.00111659	-0.112941	0.966402	0.00163335
142	2.51383e-09	-0.0960855	1.07377	0.000220501	-0.957087	-0.0901785	0.00230535
143	2.51383e-09	-0.994493	0.391088	0.000657824	-0.353158	-0.900554	-0.000380494
144	2.51383e-09	-0.0744788	1.08362	-0.000981347	-0.957855	-0.0618912	0.00237493
145	2.51383e-09	-0.170057	1.05028	0.000762838	-0.956266	-0.1552	0.000700845
146	2.51383e-09	-1.07975	0.212674	0.000103568	-0.182015	-0.934795	-0.00227908
147	2.51383e-09	-1.04128	0.278002	-0.000416994	-0.251365	-0.931534	-0.00128768
148	2.51383e-09	-1.0885	-0.0385277	-0.00119268	0.0359895	-0.956097	-0.000416376
149	2.51383e-09	1.04692	0.24806	0.000633895	-0.218665	0.93433	0.000765712
150	2.51383e-09	-0.486564	0.965007	-8.99647e-06	-0.857798	-0.434527	-0.00320498
151	2.51383e-09	0.525799	-0.940601	-0.000523087	0.840704	0.469085	-0.0014966
152	2.51383e-09	-0.622571	-0.864503	0.000531033	0.785934	-0.567861	-0.0016559
153	2.51383e-09	0.15171	1.07986	0.00193655	-0.948546	0.132945	-0.00143018
154	2.51383e-09	1.07842	0.142277	0.00197529	-0.126917	0.953006	-0.00158761
155	2.51383e-09	-0.87452	-0.616349	-0.000103374	0.553329	-0.793364	7.28427e-05
156	2.51383e-09	-0.416898	-1.00205	0.00232095	0.890028	-0.36202	-0.000751992
157	2.51383e-09	0.664152	-0.847173	-0.000775388	0.757956	0.593427	-0.00136753
158	2.51383e-09	0.352326	1.03378	0.000790187	-0.905678	0.306006	-0.00312014
159	2.51383e-09	1.04694	-0.254185	0.00147858	0.225939	0.935763	0.0022136
160	2.51383e-09	0.652172	-0.857133	0.000557593	0.767364	0.580838	0.00139204
161	2.51383e-09	-0.271873	-1.05838	-0.00197913	0.924968	-0.238913	-0.000816958
162	2.51383e-09	-1.06883	0.173398	0.00248255	-0.151655	-0.949944	0.000947699
163	2.51383e-09	-0.7316	0.791301	0.00173401	-0.708356	-0.653678	0.000533624
164	2.51383e-09	0.178455	1.05478	-0.0025945	-0.951594	0.165935	-0.000371547
165	2.51383e-09	-0.543886	0.951906	-0.00205736	-0.832046	-0.472449	0.00039806
166	2.51383e-09	0.852926	0.676913	-0.000480161	-0.592782	0.752619	-0.00195935
167	2.51383e-09	-0.607451	0.871782	-0.000362396	-0.795224	-0.561758	0.00373443
168	2.51383e-09	0.840072	-0.689441	0.00117793	0.611649	0.735887	0.00164958
169	2.51383e-09	-0.694254	0.829657	0.00220206	-0.737366	-0.614818	4.21845e-05
170	2.51383e-09	1.09037	0.0626218	-0.000439732	-0.0541941	0.956892	0.00270618
171	2.51383e-09	-0.645436	0.872774	-0.00183645	-0.772013	-0.571293	0.00226764
172	2.51383e-09	1.09741	0.0289901	-0.00185032	-0.0229885	0.955245	7.2478e-05
173	2.51383e-09	-0.657411	0.886759	0.000685277	-0.763349	-0.565775	-0.00106843
174	2.51383e-09	0.616839	-0.907265	0.000790393	0.790776	0.538051	-0.000811929
175	2.51383e-09	-0.400764	-1.00469	7.41209e-05	0.897392	-0.354689	-0.00177293
176	2.51383e-09	-0.994766	-0.407046	0.00211889	0.368001	-0.893608	-0.00013389
177	2.51383e-09	-1.02428	0.409096	-0.00200626	-0.353353	-0.884121	0.00153052
178	2.51383e-09	1.04765	-0.285415	0.00123137	0.25267	0.925611	0.000159904
179	2.51383e-09	0.254291	-1.06971	-5.2798e-05	0.926672	0.216653	-0.000723131
180	2.51383e-09	1.03068	0.311733	0.000711041	-0.282025	0.925474	-0.00133682
181	2.51383e-09	0.46887	-0.990903	-0.000939754	0.861457	0.408465	0.000838367
182	2.51383e-09	-0.602357	-0.90887	-0.00234271	0.797593	-0.527798	-0.00109568
183	2.51383e-09	-1.0409	-0.363915	-0.000918054	0.31479	-0.900161	-0.00223562
184	2.51383e-09	-0.926565	0.603297	-0.00148818	-0.51703	-0.798285	0.00102356
185	2.51383e-09	1.01135	-0.397805	0.000222739	0.34937	0.892822	0.00116471
186	2.51383e-09	0.841104	-0.691139	-0.000822481	0.601682	0.742201	-0.000209546
187	2.51383e-09	-0.888741	-0.602409	0.00152799	0.54022	-0.799784	0.000866085
188	2.51383e-09	-1.10329	-0.0464731	0.00169457	0.038175	-0.949561	-0.00116134
189	2.51383e-09	0.22705	-1.0839	-0.00190921	0.928491	0.195415	-0.00039785
190	2.51383e-09	-1.02508	0.409388	0.00198141	-0.359713	-0.883372	0.000516606
191	2.51383e-09	0.163431	1.07873	-0.00294993	-0.948206	0.141373	0.000354447
192	2.51383e-09	-1.10353	-0.0753119	-0.00371455	0.0674231	-0.946349	0.000329454
193	2.51383e-09	1.06692	-0.26493	-0.00153773	0.227767	0.926732	-0.00120996
194	2.51383e-09	-0.160227	-1.10669	0.000240999	0.93464	-0.137076	-0.000921338
195	2.51383e-09	0.935349	-0.554192	0.00094306	0.485774	0.828285	-0.000607696
196	2.51383e-09	0.713172	0.834807	-0.00173341	-0.72225	0.620792	0.000821742
197	2.51383e-09	-1.00284	0.445957	0.00158363	-0.3834	-0.87422	0.00107326
198	2.51383e-09	-0.215865	-1.09223	-0.000939916	0.927792	-0.184981	-0.00177357
199	2.51383e-09	-1.00523	-0.432907	-0.00178739	0.37762	-0.879272	-0.00145603
200	2.51383e-09	-1.09635	-0.15142	-0.000222356	0.130254	-0.942168	0.000611485
201	2.51383e-09	0.982177	0.507138	-0.00185959	-0.433971	0.843718	0.000580631
202	2.51383e-09	-1.09771	-0.0485287	-0.00212313	0.037799	-0.953341	0.00211626
203	2.51383e-09	0.145664	-1.07283	0.00104985	0.952569	0.1273	-0.000843513
204	2.51383e-09	1.09962	0.0588442	0.000582253	-0.0503888	0.953603	0.00113478
205	2.51383e-09	0.88261	-0.703437	0.00122137	0.586351	0.736582	0.000552148
206	2.51383e-09	-1.01508	-0.41884	-0.00251825	0.365611	-0.883226	-0.00122261
207	2.51383e-09	0.439125	-1.02331	0.00158983	0.871212	0.372117	6.76118e-05
208	2.51383e-09	-1.04172	-0.318455	-0.000381763	0.278219	-0.916632	-0.000380844
209	2.51383e-09	-0.199115	-1.07064	-0.00156003	0.941197	-0.176732	0.00169383
210	2.51383e-09	-1.09073	-0.230317	-0.00108657	0.191788	-0.926173	-0.000810513
211	2.51383e-09	0.0437268	-1.10015	0.000403331	0.952045	0.0352425	-0.000106344
212	2.51383e-09	1.00914	-0.49447	-0.000704502	0.415511	0.847213	-0.000684129
213	2.51383e-09	0.976553	0.498611	0.00193681	-0.436296	0.850512	0.00032124
214	2.51383e-09	-0.0192868	1.11241	-0.000248235	-0.944683	-0.0185995	-0.000859751
215	2.51383e-09	-1.04005	-0.389518	-0.00114927	0.327568	-0.890205	-5.13726e-05
216	2.51383e-09	-0.768356	0.811325	-0.000316525	-0.682297	-0.654223	0.00115657
217	2.51383e-09	0.137078	-1.10728	-0.000830048	0.938575	0.122346	-0.000129102
218	2.51383e-09	-1.04251	-0.308105	0.000677998	0.274984	-0.917928	0.000160524
219	2.51383e-09	-0.705405	-0.868072	-0.000384836	0.732083	-0.595571	0.000147761
220	2.51383e-09	0.882092	0.674311	0.0016761	-0.577908	0.753068	0.00165745
221	2.51383e-09	-1.08731	-0.156757	0.000279361	0.132575	-0.945498	-0.00194359
222	2.51383e-09	-1.09053	-0.243266	0.00178587	0.210507	-0.922163	0.000793737
223	2.51383e-09	-0.33949	-1.0712	0.0020801	0.898864	-0.284001	-0.000661584
224	2.51383e-09	-1.08378	0.174439	0.00128697	-0.156901	-0.943069	-0.000614999
225	2.51383e-09	0.516603	0.98356	-0.00133529	-0.840009	0.445756	5.56243e-05
226	2.51383e-09	1.11553	0.13744	-0.00123338	-0.113103	0.937246	-0.000463634
227	2.51383e-09	-0.572134	-0.952508	0.00135205	0.81032	-0.488184	-0.00160587
228	2.51383e-09	-0.834081	0.737253	0.00115725	-0.626858	-0.711789	-0.00116741
229	2.51383e-09	-0.732524	-0.850748	0.000567481	0.713136	-0.619046	0.0030613
230	2.51383e-09	-1.11952	-0.148895	0.00133299	0.125409	-0.934127	0.00271927
231	2.51383e-09	1.12401	0.0585542	-0.00119542	-0.0493673	0.943172	0.00112757
232	2.51383e-09	0.0361693	-1.0976	-0.00266708	0.957379	0.0307776	-0.000486974
233	2.51383e-09	-0.71996	0.844377	-0.00293597	-0.718773	-0.623522	0.000104117
234	2.51383e-09	-0.196501	-1.10095	0.000798468	0.930866	-0.169955	0.00129406
235	2.51383e-09	-0.519046	-0.987106	-0.00235974	0.83648	-0.443908	-0.00423958
236	2.51383e-09	1.07464	0.372212	0.0011365	-0.302242	0.886574	0.000405611
237	2.51383e-09	-0.0556603	-1.12577	-0.000584112	0.939001	-0.0467289	-0.000425403
238	2.51383e-09	1.07787	-0.334419	0.00158852	0.283671	0.899724	-0.000647195
239	2.51383e-09	0.26301	-1.0738	0.000282314	0.92465	0.226258	0.00180315
240	2.51383e-09	1.05	0.412696	-0.00216376	-0.34202	0.878968	0.000921826
241	2.51383e-09	0.851419	0.716372	-0.00282596	-0.61259	0.72689	-0.00207371
242	2.51383e-09	0.868737	-0.762003	0.00206826	0.610726	0.700812	-0.000880659
243	2.51383e-09	0.234961	-1.09784	0.000164797	0.923561	0.191843	0.0018972
244	2.51383e-09	1.02766	0.486421	-0.00061209	-0.404296	0.846826	-0.000225709
245	2.51383e-09	0.317015	1.07473	-0.00235667	-0.905138	0.269993	-0.00163607
246	2.51383e-09	-1.12129	-0.0741033	0.000919841	0.0642073	-0.93769	0.00205564
247	2.51383e-09	0.367408	-1.04644	0.00231198	0.89395	0.316996	-0.00098536
248	2.51383e-09	0.836651	0.743926	0.00153189	-0.624831	0.707755	-0.00109908
249	2.51383e-09	0.30302	-1.07913	0.000728085	0.910309	0.257043	0.000624791
250	2.51383e-09	-0.440585	1.04265	-0.00230916	-0.864282	-0.368252	0.00118148
251	2.51383e-09	0.437653	-1.04282	-0.00322197	0.866003	0.365028	-0.000242783
252	2.51383e-09	-0.893984	-0.685095	-0.00196049	0.569751	-0.750158	-0.00196158
253	2.51383e-09	-1.12266	-0.162805	-0.0010866	0.132352	-0.929324	-0.000807107
254	2.51383e-09	-0.299049	-1.08138	-0.000121245	0.908923	-0.255979	-0.00142959
255	2.51383e-09	0.521711	1.00789	-0.00246913	-0.834406	0.42736	0.00229386
256	2.51383e-09	-1.11384	-0.230245	-0.00186995	0.192523	-0.919128	0.000912587
257	2.51383e-09	-0.622747	-0.942306	0.000776647	0.784846	-0.520141	-0.000203029
258	2.51383e-09	0.928911	0.666147	-0.00280757	-0.54337	0.758188	-0.00167612
259	2.51383e-09	0.987625	-0.536025	0.00135912	0.452256	0.830366	-0.00193859
260	2.51383e-09	-0.861019	-0.734863	-0.00352272	0.609051	-0.717757	-0.00192727
261	2.51383e-09	0.989753	0.581082	0.00182206	-0.468504	0.805785	0.00014864
262	2.51383e-09	0.456474	1.0183	0.00390565	-0.860373	0.393766	0.00141545
263	2.51383e-09	1.02362	0.482551	-0.000179303	-0.401395	0.851455	-0.000568701
264	2.51383e-09	0.968463	-0.568476	0.00113089	0.477558	0.81647	0.000692105
265	2.51383e-09	0.794759	0.822088	0.00044996	-0.670232	0.653602	0.00114194
266	2.51383e-09	-1.02774	0.487844	-0.00152197	-0.400798	-0.846096	-5.73003e-05
267	2.51383e-09	1.13176	0.0720993	-0.000676662	-0.0599804	0.934965	-0.00274325
268	2.51383e-09	-1.09197	0.295225	9.61903e-05	-0.246999	-0.907424	-0.000545849
269	2.51383e-09	0.730528	0.871935	9.6924e-05	-0.719857	0.604508	-0.00136307
270	2.51383e-09	-0.136663	1.12863	-0.00085633	-0.930732	-0.110399	0.00172798
271	2.51383e-09	-0.434378	-1.06606	0.000456443	0.861573	-0.353067	0.00107216
272	2.51383e-09	-0.482737	1.03391	-0.00281516	-0.849575	-0.395731	0.00169193
273	2.51383e-09	-0.710263	-0.893013	0.000613645	0.730078	-0.587146	-0.000427603
274	2.51383e-09	0.993295	-0.538506	0.000983368	0.444652	0.825961	-0.000172708
275	2.51383e-09	0.218628	1.11509	0.00265554	-0.91912	0.186081	-0.00113193
276	2.51383e-09	-0.741563	-0.856077	0.00118692	0.710769	-0.614423	0.000912733
277	2.51383e-09	-1.06884	-0.415927	-0.000512949	0.341791	-0.867112	0.000359063
278	2.51383e-09	1.11853	0.251445	0.000787898	-0.200998	0.910589	-0.000342945
279	2.51383e-09	0.83189	-0.77897	-0.000100534	0.642453	0.684939	9.17219e-05
280	2.51383e-09	0.939835	0.687422	0.000299733	-0.547922	0.747189	-0.001286
281	2.51383e-09	-0.589816	0.967494	0.00109825	-0.802395	-0.491476	0.000419061
282	2.51383e-09	-1.12047	0.216579	-0.00242085	-0.179129	-0.919953	-0.00167313
283	2.51383e-09	-0.773496	0.828991	-0.00178522	-0.683053	-0.64367	-0.00051569
284	2.51383e-09	-0.244697	-1.12486	-0.000622915	0.910865	-0.201558	-0.00168428
285	2.51383e-09	-0.223926	1.13115	0.00109337	-0.916202	-0.180693	0.0012423
286	2.51383e-09	-1.09784	-0.266794	0.00295744	0.219773	-0.914681	-0.00160906
287	2.51383e-09	-0.216929	-1.12062	-0.000134218	0.920232	-0.174059	-0.000926013
288	2.51383e-09	-0.965673	0.628563	-6.72833e-05	-0.50839	-0.779816	-0.00123175
289	2.51383e-09	-0.866369	-0.757508	0.00325796	0.614609	-0.702471	-0.000592624
290	2.51383e-09	-0.829309	-0.789166	0.00303342	0.643782	-0.676829	-0.000788831
291	2.51383e-09	0.643202	0.950704	0.00190944	-0.77282	0.521622	-0.000477132
292	2.51383e-09	-0.605955	0.989093	-0.000265715	-0.792564	-0.481652	-0.00189797
293	2.51383e-09	-1.12039	0.24022	0.00207119	-0.196928	-0.911985	0.00178125
294	2.51383e-09	-0.0752687	1.16395	0.00258387	-0.923877	-0.0654071	-0.000503416
295	2.51383e-09	0.523521	-1.00691	-0.00108478	0.835588	0.430573	0.00178435
296	2.51383e-09	-1.05522	-0.472739	-0.000637193	0.376687	-0.850492	-0.000477688
297	2.51383e-09	-0.21056	1.12806	0.000457129	-0.917598	-0.168647	-0.000727355
298	2.51383e-09	-1.1169	-0.2934	0.000413915	0.239532	-0.898511	0.000601656
299	2.51383e-09	-1.14894	0.00700511	0.00161067	-0.00683324	-0.937569	0.00281382
300	2.51383e-09	0.930395	-0.703966	0.000457359	0.561145	0.734323	0.000552984
301	2.51383e-09	0.878012	0.759781	0.000792627	-0.602871	0.701687	0.00055637
302	2.51383e-09	-0.500501	-1.047	-0.00224827	0.840619	-0.398792	-0.00240831
303	2.51383e-09	0.862769	0.762764	-0.000980552	-0.612805	0.70202	0.00237362
304	2.51383e-09	-0.260006	-1.13257	0.00130507	0.904727	-0.206307	-0.00298619
305	2.51383e-09	-0.16518	-1.13032	-0.00254069	0.925143	-0.136553	0.00122656
306	2.51383e-09	-0.262591	-1.12699	-0.00117061	0.903818	-0.214502	0.00234572
307	2.51383e-09	-0.229482	1.12763	0.000405285	-0.913123	-0.186409	-0.00135593
308	2.51383e-09	-0.891913	0.744426	-0.00227968	-0.594741	-0.71429	-4.33666e-05
309	2.51383e-09	-0.908162	0.700024	-0.00128742	-0.568216	-0.741799	-0.000681908
310	2.51383e-09	-1.13606	-0.203492	0.00122629	0.159509	-0.914864	0.000490731
311	2.51383e-09	1.04176	0.492661	-0.00280792	-0.398901	0.843906	-0.000135788
312	2.51383e-09	-1.13931	0.249602	0.00161584	-0.196658	-0.90436	0.00191812
313	2.51383e-09	-0.420022	-1.0783	0.00159469	0.866084	-0.337454	0.0017456
314	2.51383e-09	0.917235	0.703775	-0.00253985	-0.565357	0.73804	-0.000665012
315	2.51383e-09	0.0814465	1.16435	0.00159955	-0.924503	0.0657269	0.000165956
316	2.51383e-09	1.16285	0.0219516	-0.0010222	-0.0151623	0.927361	-0.00183056
317	2.51383e-09	1.06225	0.443317	0.0019893	-0.362072	0.860623	-8.48888e-05
318	2.51383e-09	-0.971152	-0.63972	0.000262152	0.506868	-0.77423	-0.00260462
319	2.51383e-09	-1.04644	-0.504975	0.0024616	0.403744	-0.83587	0.00169128
320	2.51383e-09	1.15301	0.246804	5.27242e-06	-0.197261	0.899789	0.000724244
321	2.51383e-09	0.458422	-1.06636	0.00111647	0.854457	0.367757	0.000241883
322	2.51383e-09	0.235929	1.13965	0.00108261	-0.908643	0.180717	-0.000169049
323	2.51383e-09	-0.594104	-1.01634	-0.00128673	0.79241	-0.466551	0.0024535
324	2.51383e-09	1.04186	-0.563382	0.00343439	0.437135	0.80612	-0.00030927
325	2.51383e-09	-1.10296	-0.393137	-0.00104196	0.308929	-0.869728	-0.00115145
326	2.51383e-09	0.793055	-0.872744	0.00306281	0.682397	0.615673	0.000129906
327	2.51383e-09	-0.309207	1.13823	-0.00246514	-0.889268	-0.2397	0.00168723
328	2.51383e-09	-1.14669	-0.169128	0.000557516	0.135416	-0.916864	0.000525282
329	2.51383e-09	-0.871687	0.798738	-0.00027788	-0.624837	-0.678536	0.00226179
330	2.51383e-09	-0.888893	-0.739649	0.000689488	0.59642	-0.71372	0.000405327
331	2.51383e-09	1.14921	0.162441	0.00134474	-0.12597	0.91959	0.00147372
332	2.51383e-09	0.750078	-0.882328	0.000343959	0.704847	0.605318	0.000615045
333	2.51383e-09	0.72969	0.927151	0.000819136	-0.722734	0.568847	-0.000366221
334	2.51383e-09	-0.59121	1.01447	-0.00060874	-0.799722	-0.46111	-0.00123365
335	2.51383e-09	-0.447265	1.08847	-0.000865251	-0.855067	-0.348162	0.000985163
336	2.51383e-09	-0.637843	0.989927	0.00041465	-0.77313	-0.498424	-0.0013924
337	2.51383e-09	-1.13313	0.318522	0.00207467	-0.246493	-0.886643	1.84344e-05
338	2.51383e-09	0.858458	-0.801876	-0.00182118	0.629948	0.671729	0.00106648
339	2.51383e-09	-0.0968888	-1.18984	0.0010187	0.910771	-0.070357	-5.05517e-06
340	2.51383e-09	0.0876867	-1.18157	-0.00102372	0.916638	0.0682024	0.000307989
341	2.51383e-09	-0.75334	0.895197	-0.00150408	-0.707336	-0.600278	0.000671467
342	2.51383e-09	0.0583299	1.16753	-0.0013677	-0.923995	0.0443228	-9.3355e-05
343	2.51383e-09	-0.0603864	1.164	0.00276079	-0.92461	-0.05138	-0.000501635
344	2.51383e-09	1.17089	-0.167713	0.00130952	0.12812	0.909761	0.000173042
345	2.51383e-09	-1.08776	0.434734	-0.00233634	-0.343472	-0.857096	-0.000648648
346	2.51383e-09	-0.910174	0.719023	-0.00180114	-0.57836	-0.725523	-0.000127458
347	2.51383e-09	-0.303338	1.12831	0.00216077	-0.893698	-0.240882	-0.00153589
348	2.51383e-09	0.867584	0.80776	0.000839619	-0.623813	0.674804	-0.000580988
349	2.51383e-09	1.07149	-0.458323	-0.000394395	0.364011	0.854839	0.00195996
350	2.51383e-09	1.10102	0.397638	-0.000754417	-0.310518	0.870896	-0.00124163
351	2.51383e-09	-0.370448	-1.13208	-0.000618684	0.868995	-0.280952	-0.000336193
352	2.51383e-09	0.33438	1.13298	0.00452736	-0.882694	0.260904	0.000944728
353	2.51383e-09	-1.07456	-0.507428	0.000294021	0.391894	-0.830973	0.000730804
354	2.51383e-09	0.928359	-0.743361	0.000909694	0.572699	0.716472	0.00124905
355	2.51383e-09	-0.231349	1.13439	0.000606715	-0.912475	-0.185206	0.00112488
356	2.51383e-09	0.0363157	-1.18426	-0.00047733	0.918474	0.0250534	-0.000529592
357	2.51383e-09	0.439607	-1.09085	-0.000364995	0.855894	0.346229	0.00111669
358	2.51383e-09	-1.13778	0.38264	0.00199377	-0.289839	-0.86504	0.00085399
359	2.51383e-09	-1.11875	0.427482	0.000183865	-0.320273	-0.856035	0.000540222
360	2.51383e-09	0.350945	-1.11229	0.00246009	0.882297	0.27856	-0.000691055
361	2.51383e-09	0.895744	-0.755849	-0.00132843	0.595492	0.706639	-0.000105108
362	2.51383e-09	-1.15802	-0.1971	0.00212859	0.153629	-0.9107	0.000158502
363	2.51383e-09	0.816552	0.858309	-0.00229223	-0.66056	0.636267	0.00179937
364	2.51383e-09	-1.15593	-0.118765	-0.00139904	0.0953231	-0.925789	0.00126066
365	2.51383e-09	-0.269688	-1.16375	0.00150219	0.889499	-0.207616	-0.000202729
366	2.51383e-09	-1.18991	0.0840366	0.00257842	-0.0633078	-0.911662	-0.000765659
367	2.51383e-09	-1.13652	0.372082	-0.000967957	-0.2832	-0.866839	-0.000866075
368	2.51383e-09	0.237318	1.16244	-0.0019361	-0.901306	0.18474	-0.00129868
369	2.51383e-09	-1.11216	-0.432433	0.000395393	0.330397	-0.855362	-0.000958653
370	2.51383e-09	1.03821	-0.588455	-0.000146812	0.453893	0.794334	-0.00155537
371	2.51383e-09	0.113532	-1.20181	-0.000801533	0.904934	0.0814351	-0.0020061
372	2.51383e-09	-1.13888	0.329484	-0.001593	-0.254311	-0.882083	0.000440814
373	2.51383e-09	1.17946	0.150263	-0.000642857	-0.116518	0.910108	0.000576891
374	2.51383e-09	0.069574	1.19962	0.00136904	-0.910827	0.0559459	1.04943e-05
375	2.51383e-09	-0.678805	0.984488	-0.000118645	-0.752197	-0.518744	0.000384882
376	2.51383e-09	0.86736	-0.805375	-2.10906e-05	0.630355	0.669644	1.64647e-05
377	2.51383e-09	1.13067	0.360695	-0.00142088	-0.282946	0.874809	0.000432723
378	2.51383e-09	-1.18004	0.196811	0.0023229	-0.148651	-0.902397	-0.000976242
379	2.51383e-09	-0.876658	-0.784776	0.000839855	0.621498	-0.68354	-0.000102074
380	2.51383e-09	-1.12652	-0.349067	0.00130075	0.273517	-0.880319	0.0016011
381	2.51383e-09	0.758174	-0.90737	0.000235238	0.707379	0.589931	0.00155538
382	2.51383e-09	-0.237507	-1.17246	0.000191578	0.894872	-0.179164	6.85702e-05
383	2.51383e-09	0.953035	-0.693645	-0.00110482	0.540954	0.743329	-0.00254206
384	2.51383e-09	-0.595099	-1.0531	0.00337054	0.789309	-0.44771	0.000662723
385	2.51383e-09	-0.981956	0.665002	-0.00167943	-0.514384	-0.759433	-0.000307242
386	2.51383e-09	-0.0862595	-1.20544	-9.50202e-05	0.906506	-0.0599678	0.000283623
387	2.51383e-09	1.19835	0.0424451	0.002371	-0.0321122	0.913801	-0.00167571
388	2.51383e-09	1.16082	0.323068	0.000383846	-0.251103	0.875354	0.000314987
389	2.51383e-09	-1.01806	-0.626887	-0.000696625	0.480154	-0.779184	0.000566964
390	2.51383e-09	0.185231	1.17707	0.00213451	-0.904494	0.145899	2.87867e-05
391	2.51383e-09	1.2144	-0.0308672	-0.000668081	0.0250533	0.905058	0.00132976
392	2.51383e-09	-0.801048	-0.898329	0.00224875	0.682059	-0.605022	0.00139694
393	2.51383e-09	1.13207	-0.420035	-0.000283608	0.320201	0.851915	-0.00175257
394	2.51383e-09	0.342628	1.15334	0.000129151	-0.871469	0.263195	4.68611e-05
395	2.51383e-09	0.421514	-1.12661	0.000187998	0.855454	0.317029	-0.00113047
396	2.51383e-09	1.17592	0.246741	-0.00220141	-0.192348	0.891601	-0.000134213
397	2.51383e-09	1.07297	-0.54605	0.00289713	0.412182	0.812975	-0.00187937
398	2.51383e-09	1.20857	0.072902	0.000916716	-0.0505128	0.906594	0.00165395
399	2.51383e-09	-0.949878	-0.739577	-0.00308176	0.557957	-0.719474	-0.000412585
400	2.51383e-09	1.19448	0.116321	0.000836732	-0.0851069	0.906527	0.00155251
