1.018000e+04
401
0	1	0.000469215	0.000291083	-4.28445e-07	3.98047e-08	8.75127e-09	-1.10915e-10
1	2.51383e-09	0.395941	0.938055	-0.00328529	-0.911288	0.383567	0.000618698
2	2.51383e-09	1.00414	-0.0790307	-0.00155388	0.0833146	0.989329	-0.000605785
3	2.51383e-09	0.992038	0.0123978	0.00141828	-0.00754017	1.00604	0.00186304
4	2.51383e-09	0.863453	-0.509061	0.00220242	0.510257	0.860014	-0.00066674
5	2.51383e-09	-0.107408	-0.983892	-0.001142	1.00142	-0.107453	-8.78487e-05
6	2.51383e-09	0.604385	0.81179	-0.002412	-0.796804	0.59403	-0.00111812
7	2.51383e-09	-0.0156928	-0.995748	0.00303622	1.00304	-0.0192191	-0.00033458
8	2.51383e-09	-0.59331	-0.796647	-0.000183565	0.806984	-0.597194	-0.000552018
9	2.51383e-09	0.993611	-0.196156	-0.000792213	0.189744	0.974817	0.00110728
10	2.51383e-09	0.917417	-0.440518	0.000331627	0.429011	0.892878	-0.00286503
11	2.51383e-09	-0.235032	0.973565	0.000925994	-0.969831	-0.235434	0.00156364
12	2.51383e-09	1.01409	0.0556384	0.0029406	-0.0561764	0.991077	-0.00201409
13	2.51383e-09	-0.766299	-0.651954	0.000592889	0.64453	-0.758838	-0.00134398
14	2.51383e-09	-0.453165	-0.901529	0.00329066	0.887971	-0.450698	0.000662968
15	2.51383e-09	-0.889838	-0.454989	0.00182157	0.463639	-0.887405	0.00114026
16	2.51383e-09	0.955211	-0.29857	-0.000813732	0.293513	0.955183	0.0014148
17	2.51383e-09	-1.0042	-0.0658234	0.000454346	0.0605161	-0.996722	-0.00172789
18	2.51383e-09	0.89443	-0.491364	-0.0013125	0.480444	0.863595	-2.55853e-05
19	2.51383e-09	0.354205	0.942541	0.000132464	-0.935321	0.356616	0.00400135
20	2.51383e-09	0.488205	0.908665	0.000952147	-0.867337	0.467853	0.00248742
21	2.51383e-09	0.975061	-0.239068	-3.91471e-05	0.233358	0.970587	0.00102044
22	2.51383e-09	-1.03285	-0.0538139	0.00174172	0.0474924	-0.979245	6.05094e-05
23	2.51383e-09	0.983468	0.240125	-0.00323802	-0.23394	0.966578	-0.000859074
24	2.51383e-09	0.92858	0.380576	0.000249162	-0.377017	0.928056	0.00216479
25	2.51383e-09	0.912189	-0.454032	-0.00116373	0.438058	0.887369	-0.000285736
26	2.51383e-09	0.974934	0.304357	-0.000307255	-0.292319	0.945352	0.000898053
27	2.51383e-09	0.937876	0.368167	-0.00210422	-0.362152	0.926765	-0.00152371
28	2.51383e-09	-0.549871	0.849161	0.00384507	-0.833996	-0.542916	0.00161522
29	2.51383e-09	0.888846	0.46795	0.00164783	-0.463528	0.882554	-0.00108324
30	2.51383e-09	-0.659813	-0.773711	-0.00126619	0.753504	-0.642436	0.00142591
31	2.51383e-09	-0.428436	0.910512	0.00347959	-0.902184	-0.428588	-0.000357856
32	2.51383e-09	0.961482	0.281611	0.00340943	-0.282753	0.960029	0.00228991
33	2.51383e-09	0.665946	0.798355	-0.00062303	-0.750178	0.623144	0.000218633
34	2.51383e-09	0.965474	0.382976	-0.00136225	-0.362731	0.911409	-0.00355983
35	2.51383e-09	0.957817	0.332383	0.00124586	-0.328691	0.938636	0.0025668
36	2.51383e-09	0.881833	-0.479163	0.000464351	0.475856	0.883711	0.000394601
37	2.51383e-09	0.357617	0.960159	0.000627536	-0.924646	0.344609	0.000983115
38	2.51383e-09	1.0103	0.0180986	0.00178064	-0.0208804	0.991953	-0.000804868
39	2.51383e-09	0.691881	-0.752965	8.9827e-06	0.720116	0.671997	0.000180674
40	2.51383e-09	-0.826868	0.572692	-0.000505205	-0.568628	-0.824805	0.00111256
41	2.51383e-09	0.479046	-0.896525	-0.00302942	0.87503	0.466491	0.00101382
42	2.51383e-09	0.833259	-0.607358	0.00287108	0.583311	0.793245	0.00221433
43	2.51383e-09	0.673344	-0.762091	0.000823936	0.74422	0.651498	0.00293501
44	2.51383e-09	1.03426	-0.0538563	0.000720639	0.051922	0.980587	-0.00291152
45	2.51383e-09	0.309146	0.979814	-0.00222555	-0.940726	0.297853	0.00177935
46	2.51383e-09	0.29701	0.972616	0.000371833	-0.946767	0.293463	0.0010167
47	2.51383e-09	-0.926525	-0.425386	-0.000799609	0.41196	-0.90012	0.000904691
48	2.51383e-09	-0.56533	-0.858783	0.000428372	0.823963	-0.541786	0.00135835
49	2.51383e-09	0.541778	0.849853	-2.95999e-06	-0.840298	0.536142	-0.00414473
50	2.51383e-09	0.409187	0.963588	-0.000725508	-0.897427	0.381894	0.00190346
51	2.51383e-09	-0.761834	-0.665346	-0.000610843	0.654998	-0.747204	0.00231021
52	2.51383e-09	0.995351	-0.294678	2.7364e-05	0.283515	0.938332	0.00115459
53	2.51383e-09	-1.02589	0.0344811	-2.10558e-06	-0.0321968	-0.988076	-0.0018281
54	2.51383e-09	-1.02877	-0.136991	0.00244807	0.129601	-0.972025	0.00232044
55	2.51383e-09	-0.835466	0.606163	-0.00186154	-0.57794	-0.797994	-5.40327e-05
56	2.51383e-09	-0.918485	0.44739	0.000191101	-0.436443	-0.889405	-7.3898e-05
57	2.51383e-09	-0.388398	0.969529	-0.00102131	-0.91035	-0.360946	0.00150536
58	2.51383e-09	-0.524235	-0.903607	0.000984721	0.844755	-0.489814	-0.00052973
59	2.51383e-09	0.130937	1.01227	0.00314092	-0.984286	0.123589	0.00138698
60	2.51383e-09	-0.910138	0.478681	0.00191347	-0.45989	-0.875339	-0.000566414
61	2.51383e-09	-0.0367625	1.03868	-0.000559298	-0.978322	-0.0316257	0.00228904
62	2.51383e-09	-0.827188	-0.622104	0.00157261	0.590681	-0.785449	-0.000167811
63	2.51383e-09	-0.981731	0.293524	0.00144403	-0.27848	-0.947397	0.00110871
64	2.51383e-09	0.200572	1.01763	0.000928696	-0.962905	0.182723	-0.0014278
65	2.51383e-09	-0.393682	0.945414	-0.000585659	-0.914069	-0.37818	0.000409134
66	2.51383e-09	0.94325	-0.380144	0.00261559	0.377466	0.923475	0.00155308
67	2.51383e-09	-0.584379	0.868468	0.00125495	-0.809833	-0.544117	-0.000532886
68	2.51383e-09	-0.692609	0.779398	-0.00244606	-0.728594	-0.65217	0.000439236
69	2.51383e-09	0.948635	-0.409586	0.00290864	0.389296	0.90683	0.00193463
70	2.51383e-09	-0.930555	-0.432977	0.00377451	0.414907	-0.894487	-6.67837e-05
71	2.51383e-09	-0.881774	-0.55233	-0.00309795	0.525352	-0.828489	0.00425254
72	2.51383e-09	1.00043	0.35406	-0.00251297	-0.325729	0.915357	0.000249096
73	2.51383e-09	-1.0034	0.274936	-0.000380352	-0.260148	-0.94667	0.00234438
74	2.51383e-09	-1.03256	-0.241071	0.000612427	0.221678	-0.94287	-0.00264137
75	2.51383e-09	0.946597	0.42294	0.00259992	-0.404913	0.897148	-0.00220927
76	2.51383e-09	0.0599923	1.04946	0.000503289	-0.974506	0.0456952	0.00126649
77	2.51383e-09	-0.560445	-0.895094	-0.00137557	0.823941	-0.518287	6.39597e-05
78	2.51383e-09	-0.855849	-0.603277	-0.00374895	0.566404	-0.792831	-0.00153398
79	2.51383e-09	1.02599	0.0227423	0.00520335	-0.0224554	0.990643	-0.00194546
80	2.51383e-09	-0.152298	-1.03576	0.000747934	0.967207	-0.137261	0.000306412
81	2.51383e-09	0.530673	0.873905	-0.000512299	-0.841846	0.517337	0.00162673
82	2.51383e-09	0.485964	-0.937817	-0.00341394	0.864583	0.444144	-0.000834857
83	2.51383e-09	-1.01536	0.141446	-0.000137402	-0.13095	-0.980294	0.000249053
84	2.51383e-09	1.04827	-0.0737365	-0.0001544	0.0671902	0.973081	-0.00071566
85	2.51383e-09	-1.02072	-0.0928752	-0.00165442	0.0895343	-0.982861	-0.000454805
86	2.51383e-09	1.05686	0.00789745	-0.00170374	0.000155022	0.971179	-0.000456097
87	2.51383e-09	0.579631	0.866897	-0.00027528	-0.814981	0.545294	-0.00265355
88	2.51383e-09	0.0577384	1.03025	-0.000203491	-0.98216	0.0564664	0.00106674
89	2.51383e-09	0.762598	0.72561	0.002446	-0.66767	0.709399	0.000268783
90	2.51383e-09	0.496406	0.925801	-0.0011348	-0.857214	0.464818	0.00327665
91	2.51383e-09	0.0339556	-1.02599	-0.00260072	0.98641	0.0243391	0.00305395
92	2.51383e-09	1.05371	-0.0243303	-7.7924e-05	0.0245327	0.972535	0.000536271
93	2.51383e-09	0.494577	0.94613	-0.00180122	-0.861464	0.446847	0.000473206
94	2.51383e-09	-0.153763	-1.02093	-0.00168107	0.974004	-0.144555	-0.00093419
95	2.51383e-09	0.478273	-0.907531	0.000171905	0.872332	0.461302	-0.00218854
96	2.51383e-09	-0.851902	0.645618	0.000391106	-0.585721	-0.764885	0.000994661
97	2.51383e-09	1.04399	-0.122369	0.00105459	0.116876	0.967929	-0.000348928
98	2.51383e-09	-0.850449	0.624067	0.000612718	-0.577118	-0.78488	0.00126619
99	2.51383e-09	0.858304	0.636139	-0.000852561	-0.574562	0.775781	-0.000613958
100	2.51383e-09	1.01412	-0.333618	-0.000609703	0.297451	0.916589	0.000307442
101	2.51383e-09	-1.01495	0.179689	0.0024414	-0.172752	-0.971121	-0.00156135
102	2.51383e-09	-0.208835	-1.00384	-0.00123485	0.968083	-0.203256	0.000926865
103	2.51383e-09	-0.289005	-1.00847	3.52165e-05	0.938198	-0.270253	0.0018018
104	2.51383e-09	0.766293	0.694652	0.000960165	-0.667519	0.727522	6.33156e-05
105	2.51383e-09	-0.800089	0.650115	-0.00148587	-0.620945	-0.765587	0.000410176
106	2.51383e-09	-1.03722	0.116148	0.00171547	-0.112145	-0.971971	0.0011577
107	2.51383e-09	1.04454	0.196106	-0.00187968	-0.175179	0.953641	-0.00105102
108	2.51383e-09	-0.267286	1.03052	0.000647785	-0.94026	-0.236384	0.000326554
109	2.51383e-09	-0.952227	0.451882	-0.000916315	-0.424265	-0.878742	-0.00181171
110	2.51383e-09	-1.00368	-0.34053	-0.00205306	0.304063	-0.921077	0.000673989
111	2.51383e-09	-0.436934	-0.971099	-0.00529677	0.882901	-0.402939	0.00176307
112	2.51383e-09	-1.00363	0.367907	-0.00111415	-0.326302	-0.911264	-0.00112991
113	2.51383e-09	0.982846	-0.378955	0.00139585	0.351021	0.910843	0.00141384
114	2.51383e-09	0.886605	-0.572718	0.000516193	0.526218	0.816249	0.00156616
115	2.51383e-09	-0.425282	0.979869	-0.00277942	-0.890864	-0.3841	0.00181572
116	2.51383e-09	1.03654	-0.166637	0.000355777	0.151586	0.966324	0.00467462
117	2.51383e-09	-0.312468	-0.998222	0.00113288	0.934031	-0.293075	0.0001961
118	2.51383e-09	0.610221	0.861817	0.00116272	-0.796991	0.562592	-0.000667672
119	2.51383e-09	-0.116878	-1.04609	0.00324675	0.967072	-0.111369	0.00304593
120	2.51383e-09	-0.603682	0.859144	0.00231411	-0.800784	-0.561227	0.000137881
121	2.51383e-09	-0.740014	-0.761344	-0.0019451	0.700865	-0.674324	-0.0018535
122	2.51383e-09	-0.315168	-1.03496	-0.00110972	0.918074	-0.276261	-0.00283559
123	2.51383e-09	1.01926	0.224504	-0.0029717	-0.209173	0.956325	-0.00226101
124	2.51383e-09	0.8167	0.704484	0.00365653	-0.631111	0.727622	0.001973
125	2.51383e-09	-0.499449	0.916567	-0.000940728	-0.86237	-0.469055	9.43703e-06
126	2.51383e-09	-1.00585	-0.324535	0.00164729	0.298797	-0.923226	-0.00107022
127	2.51383e-09	0.957736	0.446658	-0.00076755	-0.412208	0.882103	0.000210154
128	2.51383e-09	-0.64348	0.85624	0.00321676	-0.768806	-0.582909	0.00310981
129	2.51383e-09	-0.663867	0.820178	0.00260955	-0.757083	-0.612015	0.00337144
130	2.51383e-09	-0.530698	-0.923035	0.00452807	0.841638	-0.479057	0.00088365
131	2.51383e-09	-0.286229	-1.05599	0.000268862	0.920768	-0.250923	0.000389073
132	2.51383e-09	0.104561	-1.05709	0.00190441	0.966239	0.102483	6.72291e-05
133	2.51383e-09	0.953363	-0.495396	-0.000464962	0.443062	0.85449	0.00141793
134	2.51383e-09	-0.689784	-0.793224	0.00121088	0.738854	-0.639142	-0.000540458
135	2.51383e-09	0.586133	0.874403	-0.000139972	-0.812445	0.543337	0.00211384
136	2.51383e-09	1.00631	0.430415	0.00206904	-0.37389	0.879176	-0.0011678
137	2.51383e-09	0.11803	1.05685	-7.40031e-05	-0.961906	0.109281	-0.00209838
138	2.51383e-09	-0.130008	-1.05788	0.00370624	0.958716	-0.122832	-0.000710472
139	2.51383e-09	-0.738791	0.759489	-0.00323287	-0.697473	-0.676667	-0.00187527
140	2.51383e-09	0.971696	-0.494363	0.000967905	0.429914	0.855286	0.0012673
141	2.51383e-09	-0.768027	0.746095	3.51673e-05	-0.67422	-0.690591	0.00114175
142	2.51383e-09	-0.901363	0.605921	-0.000550884	-0.528252	-0.794862	0.00240429
143	2.51383e-09	-0.660279	-0.838842	-0.00171403	0.766166	-0.59209	-0.00151402
144	2.51383e-09	-0.783842	-0.742681	0.000351885	0.664117	-0.697103	0.00192279
145	2.51383e-09	-0.219629	-1.0259	-0.00159301	0.953954	-0.203676	3.1111e-05
146	2.51383e-09	-1.10321	-0.0517807	-0.00349128	0.0397609	-0.947977	0.00170884
147	2.51383e-09	0.408858	-1.00425	-0.00174947	0.888021	0.363237	-0.00201775
148	2.51383e-09	1.00485	0.406881	0.00213969	-0.360304	0.891367	0.00155292
149	2.51383e-09	-0.783097	-0.6942	0.00138903	0.650144	-0.73594	-0.0019313
150	2.51383e-09	-0.840238	0.661204	0.00154016	-0.591349	-0.768432	-0.00118127
151	2.51383e-09	-0.11752	1.08024	-0.00252566	-0.951754	-0.10392	-0.000428044
152	2.51383e-09	0.985351	0.465025	0.000255012	-0.401312	0.864172	-0.000211052
153	2.51383e-09	1.08323	0.102806	0.00197783	-0.0934638	0.95267	-0.00265766
154	2.51383e-09	-0.968228	-0.537104	-0.00405229	0.459463	-0.830073	2.86067e-05
155	2.51383e-09	-1.06549	0.173233	-0.00173258	-0.157149	-0.951057	0.000954139
156	2.51383e-09	-0.535015	0.971038	-0.00173558	-0.827427	-0.456915	-0.00177199
157	2.51383e-09	-1.03256	-0.246185	-0.000506104	0.230116	-0.943977	0.000168856
158	2.51383e-09	-0.12067	1.09223	0.0024532	-0.945805	-0.104909	0.00320631
159	2.51383e-09	-1.02231	-0.310875	0.00130219	0.281211	-0.927177	0.000542532
160	2.51383e-09	0.68399	0.838622	-0.00210106	-0.746297	0.603977	-0.000462467
161	2.51383e-09	1.03533	0.318376	-0.000645876	-0.281071	0.919319	0.0021804
162	2.51383e-09	-0.772619	-0.760187	0.000549912	0.669497	-0.687413	0.00127368
163	2.51383e-09	-0.346474	-1.02987	-0.000952719	0.905228	-0.309571	0.000306037
164	2.51383e-09	-0.337976	1.0211	0.00347911	-0.915718	-0.300339	0.00126691
165	2.51383e-09	0.650644	-0.885301	0.00202822	0.768859	0.566152	0.00100355
166	2.51383e-09	-0.146582	1.0636	-0.000651729	-0.95701	-0.134275	-0.00183268
167	2.51383e-09	1.00519	-0.377943	0.000345981	0.34352	0.899292	0.00177828
168	2.51383e-09	0.226318	1.06957	0.000951273	-0.936042	0.191633	0.000880615
169	2.51383e-09	1.07602	0.0831612	-0.000138494	-0.0795462	0.96174	0.000266843
170	2.51383e-09	0.976972	-0.477717	0.00082066	0.420284	0.863472	-0.00235613
171	2.51383e-09	-0.156437	-1.08614	-0.000493619	0.941466	-0.139328	-0.000604559
172	2.51383e-09	0.395948	1.03912	-0.00107962	-0.888741	0.333756	-0.000572333
173	2.51383e-09	-1.02541	0.392527	0.000494337	-0.343525	-0.891535	0.00245692
174	2.51383e-09	0.789908	0.767191	7.68786e-05	-0.664009	0.682907	0.00209788
175	2.51383e-09	-0.354753	-1.02274	0.0011633	0.908201	-0.321755	-0.00207773
176	2.51383e-09	-1.04996	-0.236143	0.000217758	0.212077	-0.941012	-0.00179557
177	2.51383e-09	0.621613	-0.924478	-0.00301196	0.78738	0.528104	-0.00193611
178	2.51383e-09	-1.07415	-0.145905	0.00089491	0.132273	-0.951683	0.00168829
179	2.51383e-09	-1.08894	-0.164007	-0.000290991	0.137237	-0.943032	0.00363993
180	2.51383e-09	0.988743	0.426964	0.0021084	-0.383527	0.885785	-0.000428238
181	2.51383e-09	0.611851	-0.912232	0.00134572	0.7913	0.533292	-0.00177662
182	2.51383e-09	-1.07227	0.238941	0.000912237	-0.206698	-0.93061	0.00106691
183	2.51383e-09	1.0839	-0.0933599	0.000667891	0.082626	0.956887	-0.000303388
184	2.51383e-09	0.685299	-0.872767	-0.00156562	0.745949	0.586136	0.00136557
185	2.51383e-09	-1.02208	0.354767	-0.00264682	-0.317208	-0.910342	-0.00150621
186	2.51383e-09	-0.164381	1.07415	0.000845878	-0.949752	-0.144178	0.000978045
187	2.51383e-09	0.310436	-1.02283	-0.00209204	0.923388	0.283859	0.00228091
188	2.51383e-09	-0.89298	0.655208	-0.000641662	-0.56119	-0.764211	-0.00299403
189	2.51383e-09	0.263126	1.05713	-0.00152771	-0.93068	0.229854	-0.00274861
190	2.51383e-09	0.876751	0.654884	-0.000494356	-0.579837	0.763053	-0.00115286
191	2.51383e-09	-1.08446	-0.0451004	-0.000800175	0.0384552	-0.960103	0.00196423
192	2.51383e-09	0.657014	0.872546	0.0002354	-0.765883	0.579331	-0.00121014
193	2.51383e-09	-1.07148	0.268025	-0.00404315	-0.230428	-0.925121	-0.00138734
194	2.51383e-09	0.477142	1.00872	0.00188367	-0.856348	0.405138	-0.000307671
195	2.51383e-09	-0.841668	-0.678739	0.000428512	0.600812	-0.750098	-0.00111499
196	2.51383e-09	0.576363	-0.923758	0.00404206	0.817135	0.505066	0.00050975
197	2.51383e-09	1.00622	0.41592	-0.00188848	-0.365367	0.886465	0.00185564
198	2.51383e-09	-0.440097	-1.0187	0.00192267	0.872646	-0.372921	-0.00149758
199	2.51383e-09	-0.713893	0.84463	0.00332063	-0.724621	-0.613129	-0.00121337
200	2.51383e-09	0.903534	-0.644533	0.000936158	0.553757	0.774436	0.00118673
201	2.51383e-09	-0.00626961	1.09917	-0.00163184	-0.95309	-0.00483616	-0.000232523
202	2.51383e-09	-0.582348	0.916973	0.00194286	-0.811155	-0.51617	-0.00208116
203	2.51383e-09	0.772949	0.768574	-0.00220256	-0.676182	0.677154	0.00134858
204	2.51383e-09	-0.549234	0.94132	0.000245654	-0.831054	-0.485129	-0.000785852
205	2.51383e-09	1.06715	-0.379208	0.000617586	0.309889	0.88484	-0.000435471
206	2.51383e-09	-0.0246635	-1.09347	-0.000798805	0.956001	-0.0212612	-0.00157183
207	2.51383e-09	-0.337709	1.06724	0.00171212	-0.901664	-0.286502	0.00320271
208	2.51383e-09	0.345486	-1.04029	-0.00296606	0.905744	0.307178	-0.000329233
209	2.51383e-09	0.860853	-0.703917	-0.00330444	0.597142	0.73323	-0.000920465
210	2.51383e-09	-1.05825	0.307854	0.000375706	-0.269374	-0.91543	0.00114568
211	2.51383e-09	-0.997058	0.474255	0.00190446	-0.409101	-0.855756	-0.000472677
212	2.51383e-09	-0.820204	0.768519	-0.00412287	-0.647167	-0.685911	0.00094952
213	2.51383e-09	-0.61547	0.923624	0.00310864	-0.79273	-0.522837	-0.000118315
214	2.51383e-09	0.848121	0.703081	0.00199061	-0.603752	0.735944	-0.000138909
215	2.51383e-09	1.10753	-0.176637	-0.00205715	0.147566	0.932204	0.00122215
216	2.51383e-09	0.75188	-0.830398	0.000268854	0.702945	0.628273	-0.000490429
217	2.51383e-09	-1.11528	0.105042	0.000404959	-0.0928749	-0.939091	0.00197358
218	2.51383e-09	-1.0016	-0.390818	-0.00321349	0.353184	-0.896846	0.00472709
219	2.51383e-09	0.179434	-1.11929	-0.0005814	0.926431	0.150894	0.000280636
220	2.51383e-09	-0.135896	-1.10806	0.00138609	0.940145	-0.112511	-0.00238409
221	2.51383e-09	-1.08256	-0.0813877	0.00134805	0.0703664	-0.958466	0.000385871
222	2.51383e-09	-1.09439	-0.165984	-0.00218455	0.143991	-0.93883	0.000999222
223	2.51383e-09	0.78039	-0.790519	-0.00153158	0.679519	0.662436	-0.00179119
224	2.51383e-09	1.06091	0.298536	0.000405626	-0.259652	0.913874	0.00139796
225	2.51383e-09	-0.276288	-1.08529	-0.000507599	0.913708	-0.2331	7.94467e-05
226	2.51383e-09	-1.11082	-0.0751342	0.00107952	0.0696939	-0.947086	-0.00187252
227	2.51383e-09	-0.739973	-0.822583	0.000194367	0.707435	-0.633732	-0.000838984
228	2.51383e-09	1.00331	-0.503743	0.00134411	0.423907	0.8434	-0.000827423
229	2.51383e-09	0.0824938	1.12642	0.00423726	-0.93872	0.0642673	-0.00029352
230	2.51383e-09	0.86241	-0.75045	0.00162484	0.616167	0.704547	-0.000965144
231	2.51383e-09	1.02466	-0.463337	-0.00319297	0.388304	0.861688	-0.00351858
232	2.51383e-09	-0.948641	-0.549628	0.000377596	0.48291	-0.826902	0.00261338
233	2.51383e-09	-0.942464	-0.57286	-0.00196421	0.494555	-0.81816	0.0016722
234	2.51383e-09	-0.292231	1.07959	0.00348054	-0.913882	-0.245562	0.00345888
235	2.51383e-09	-1.06051	0.328574	-0.00199517	-0.275056	-0.910734	0.00198997
236	2.51383e-09	0.251128	1.094	0.000585617	-0.921945	0.216205	0.00216113
237	2.51383e-09	-1.08554	0.218368	-0.00137026	-0.190308	-0.926937	-0.00299829
238	2.51383e-09	-0.108784	-1.13719	0.00217665	0.934649	-0.0858919	-0.000390214
239	2.51383e-09	1.09619	-0.0882481	-0.00309638	0.0801473	0.951827	0.00195031
240	2.51383e-09	0.421535	-1.03512	0.00265087	0.879203	0.360602	-0.000492752
241	2.51383e-09	0.351551	-1.06579	0.00260558	0.895109	0.289373	-0.000674464
242	2.51383e-09	-1.11757	-0.294687	0.000931669	0.235815	-0.899652	-0.0029675
243	2.51383e-09	1.02044	0.476904	-0.000185422	-0.402782	0.852948	0.00351645
244	2.51383e-09	-1.08499	0.356295	0.00102249	-0.291583	-0.887444	-0.00198841
245	2.51383e-09	1.1184	-0.100806	-0.00119428	0.0858124	0.941196	0.00421958
246	2.51383e-09	0.983016	0.55779	0.00121489	-0.459437	0.822734	-0.00183047
247	2.51383e-09	-0.84858	-0.700656	-0.00220966	0.60133	-0.739704	0.00179964
248	2.51383e-09	0.261875	1.09373	0.000871459	-0.916484	0.221739	0.000104198
249	2.51383e-09	1.0446	0.391858	-0.000381541	-0.33295	0.887397	-0.000943608
250	2.51383e-09	0.89391	-0.698996	0.000944622	0.5788	0.73794	-0.00138278
251	2.51383e-09	1.08819	0.267281	0.000363942	-0.221942	0.918689	0.00126165
252	2.51383e-09	1.10626	-0.132844	0.000416258	0.115117	0.940826	0.00171887
253	2.51383e-09	0.646722	0.930202	0.00374942	-0.769557	0.539612	0.00303254
254	2.51383e-09	1.12074	0.168913	0.000805148	-0.135596	0.927118	-0.00161303
255	2.51383e-09	1.06708	0.397083	0.000576348	-0.327237	0.878079	-0.000621479
256	2.51383e-09	-1.09805	0.348859	0.000423453	-0.282247	-0.883934	0.000597071
257	2.51383e-09	0.790205	0.791261	0.00154434	-0.669049	0.670545	0.00223633
258	2.51383e-09	-0.967488	-0.571556	-0.00114098	0.475192	-0.81586	-0.00117187
259	2.51383e-09	0.0385211	-1.12878	0.000253632	0.940547	0.0353679	-0.000615023
260	2.51383e-09	-1.11299	-0.137227	0.00318077	0.114356	-0.938576	0.0030237
261	2.51383e-09	1.02843	-0.496845	-0.00135755	0.405566	0.841544	-0.000160395
262	2.51383e-09	0.915158	-0.626317	0.00383875	0.53442	0.787153	-0.00336427
263	2.51383e-09	0.115738	1.12831	-0.0022511	-0.937107	0.0995797	-0.00145508
264	2.51383e-09	-0.665614	0.909171	0.00107875	-0.760041	-0.553685	-0.000474847
265	2.51383e-09	0.817886	0.800009	-0.00383556	-0.654007	0.669104	0.000203052
266	2.51383e-09	0.206774	-1.11957	-0.00197221	0.920479	0.170291	-0.000129295
267	2.51383e-09	0.767041	-0.823191	-0.00083675	0.693095	0.635912	0.00136883
268	2.51383e-09	-0.523095	1.00652	0.00197333	-0.831442	-0.43774	-0.00287565
269	2.51383e-09	-0.148081	-1.13886	0.00365727	0.924789	-0.117726	-0.00188496
270	2.51383e-09	-0.867908	-0.71945	0.00209229	0.597905	-0.726937	-0.00135999
271	2.51383e-09	1.12187	-0.214488	0.00124496	0.17369	0.919647	-0.000122231
272	2.51383e-09	1.07303	0.397812	0.00403675	-0.322542	0.877017	0.000841943
273	2.51383e-09	-1.14517	0.0286083	0.00177868	-0.0238792	-0.93315	0.00241036
274	2.51383e-09	-0.73124	0.845304	-8.02272e-05	-0.718717	-0.619632	0.000709342
275	2.51383e-09	-1.05069	-0.441603	0.00135267	0.364656	-0.861753	-0.00177336
276	2.51383e-09	-0.739653	-0.871359	-0.000728424	0.718111	-0.60328	0.00211056
277	2.51383e-09	-0.297035	-1.09346	-0.00190658	0.911745	-0.240313	0.00332224
278	2.51383e-09	0.0162987	1.14457	9.30381e-05	-0.935256	0.014351	-0.0018538
279	2.51383e-09	-1.15292	0.226445	-0.000711822	-0.184923	-0.905825	-0.000317579
280	2.51383e-09	1.0011	0.589902	-0.000746304	-0.472145	0.798492	-0.00132886
281	2.51383e-09	0.228628	-1.11954	0.000368482	0.913643	0.187971	-0.00139033
282	2.51383e-09	0.517871	1.02077	-0.000123984	-0.835773	0.420468	-8.58542e-05
283	2.51383e-09	-0.401145	1.06119	-0.00226203	-0.875683	-0.338705	-0.00140093
284	2.51383e-09	1.14722	0.105927	0.000167588	-0.0824891	0.926594	0.00152711
285	2.51383e-09	0.694667	-0.917654	-0.000717536	0.742978	0.560229	-0.000683629
286	2.51383e-09	0.433852	1.05252	-0.00164899	-0.867412	0.358395	0.00180207
287	2.51383e-09	-0.847423	0.752975	-0.00137802	-0.618578	-0.706589	-0.00162342
288	2.51383e-09	0.122394	1.15633	0.00123773	-0.919603	0.0974239	0.000513428
289	2.51383e-09	1.00423	-0.570345	0.0031915	0.465097	0.804691	-0.00135203
290	2.51383e-09	-0.724909	-0.870889	-2.90594e-05	0.725697	-0.598213	0.00315629
291	2.51383e-09	0.71897	0.89969	-0.000670308	-0.727556	0.583211	0.00148481
292	2.51383e-09	-1.07307	-0.424457	0.00218568	0.344811	-0.863486	0.000377816
293	2.51383e-09	-0.18398	-1.1217	0.00205288	0.925922	-0.144599	-0.000577664
294	2.51383e-09	0.959255	0.660777	-0.00596238	-0.523504	0.765348	-0.00263008
295	2.51383e-09	0.781823	-0.843716	0.0014553	0.687137	0.62929	-0.000519778
296	2.51383e-09	0.65666	-0.952285	-0.00535023	0.764812	0.527439	-7.74353e-05
297	2.51383e-09	-1.06338	0.402051	0.00154649	-0.32964	-0.880362	-0.000141138
298	2.51383e-09	-0.770979	0.861405	-0.00228795	-0.689544	-0.6209	-0.00160119
299	2.51383e-09	0.698448	0.940279	0.00184166	-0.746612	0.542613	-7.40801e-05
300	2.51383e-09	0.76342	0.877787	0.00195914	-0.702806	0.606878	-0.00136085
301	2.51383e-09	-1.15164	-0.0848587	0.00238417	0.0632178	-0.931159	0.000224515
302	2.51383e-09	1.06902	0.462843	0.00123881	-0.361534	0.853377	-0.00415281
303	2.51383e-09	-0.616304	-0.968794	-0.000399461	0.788697	-0.503234	-7.07436e-05
304	2.51383e-09	-1.06564	0.491424	-0.000169622	-0.388594	-0.836834	0.00140652
305	2.51383e-09	1.03521	-0.498339	-0.0015468	0.403641	0.84139	-0.00287602
306	2.51383e-09	1.08941	-0.357876	-0.00103415	0.293787	0.88672	-0.00096032
307	2.51383e-09	-0.854825	-0.785057	0.00243182	0.628439	-0.683383	-0.0018986
308	2.51383e-09	1.01762	-0.584967	0.00248236	0.46288	0.796427	-0.00139537
309	2.51383e-09	0.944079	-0.626247	0.00131508	0.52379	0.783438	-0.000810124
310	2.51383e-09	-0.125238	-1.15237	0.00126809	0.924237	-0.0970989	0.000244977
311	2.51383e-09	0.249767	1.13087	-0.00191784	-0.90845	0.201544	-0.00424598
312	2.51383e-09	1.04841	0.492342	0.000398495	-0.39145	0.846749	-0.00194616
313	2.51383e-09	0.505439	1.03057	-0.000870042	-0.838608	0.41472	-0.00119588
314	2.51383e-09	-0.399484	1.06953	-0.00021222	-0.875501	-0.330493	-0.00171065
315	2.51383e-09	-0.880445	-0.758256	0.0030041	0.608589	-0.701243	-0.00121258
316	2.51383e-09	-0.552256	-1.02571	0.00119962	0.816942	-0.440246	0.00162728
317	2.51383e-09	0.574839	1.00376	0.00338308	-0.810097	0.457457	-5.51476e-05
318	2.51383e-09	0.155144	-1.15292	0.00296002	0.917368	0.122247	8.68439e-05
319	2.51383e-09	0.289399	-1.13329	0.00104448	0.896344	0.227925	0.00233785
320	2.51383e-09	-1.12261	0.35673	-0.000301739	-0.278904	-0.877074	-0.000382994
321	2.51383e-09	-1.16452	0.0874353	-0.000552162	-0.0667172	-0.921982	-0.000825396
322	2.51383e-09	-1.05604	-0.467703	0.00115481	0.375734	-0.851307	0.00355258
323	2.51383e-09	0.159156	-1.15462	0.000133514	0.913633	0.128192	-0.00147919
324	2.51383e-09	-0.926236	-0.733396	-0.00183617	0.571218	-0.720997	-0.00223302
325	2.51383e-09	-0.754074	0.882781	-0.00237823	-0.706447	-0.599207	-0.00130693
326	2.51383e-09	1.18363	0.125294	0.0061805	-0.0966555	0.906907	0.00130363
327	2.51383e-09	-0.0669606	-1.17658	0.00225971	0.919606	-0.0525645	-0.000899236
328	2.51383e-09	0.851108	0.763785	0.00146081	-0.624441	0.693909	0.00401637
329	2.51383e-09	-0.983367	-0.630588	-0.000605628	0.496183	-0.78388	-0.000929352
330	2.51383e-09	1.13131	-0.245476	-0.00147506	0.195072	0.910005	0.00111911
331	2.51383e-09	1.05856	-0.466825	0.00296258	0.377045	0.848176	-1.01676e-05
332	2.51383e-09	-0.354059	-1.12552	-0.000554197	0.875641	-0.280458	0.00207461
333	2.51383e-09	-0.914142	0.74053	0.00173809	-0.580186	-0.718899	-0.00230739
334	2.51383e-09	-0.861015	-0.804609	-0.0014906	0.630459	-0.669629	-0.000351749
335	2.51383e-09	0.0664183	-1.18665	0.000752987	0.914264	0.047381	0.000554737
336	2.51383e-09	0.454017	-1.08007	-0.00131488	0.853569	0.355939	0.00300865
337	2.51383e-09	0.15337	-1.16764	0.00261385	0.913584	0.12314	-0.00119129
338	2.51383e-09	1.01572	-0.56121	1.14818e-05	0.449076	0.812124	-0.00018038
339	2.51383e-09	-0.673954	-0.977348	0.00331041	0.756482	-0.517263	0.00317995
340	2.51383e-09	-0.538467	1.03937	0.00169446	-0.823914	-0.4272	-0.00194009
341	2.51383e-09	-0.779157	-0.893936	0.0020383	0.692186	-0.599886	-0.00106727
342	2.51383e-09	0.476516	1.05721	0.00134969	-0.848212	0.377485	-0.00144813
343	2.51383e-09	-0.92165	-0.700478	0.00165652	0.560873	-0.743174	-0.000562759
344	2.51383e-09	-1.16228	0.190672	0.000869837	-0.150181	-0.908994	-0.00132377
345	2.51383e-09	-0.805537	-0.831955	-0.00173612	0.668209	-0.647129	-0.00284621
346	2.51383e-09	0.644833	-0.977518	-0.00285918	0.768624	0.513878	0.000160664
347	2.51383e-09	-0.740911	-0.915874	0.000377095	0.715063	-0.580535	-0.000923654
348	2.51383e-09	-0.466533	1.0815	-0.00313687	-0.843815	-0.366653	-0.000377532
349	2.51383e-09	-0.276295	1.13312	-0.000714766	-0.903697	-0.219744	0.00218608
350	2.51383e-09	0.79256	-0.843727	0.00176361	0.679782	0.636701	-0.000622693
351	2.51383e-09	-0.808303	0.879208	-0.00181348	-0.672298	-0.622111	0.00250152
352	2.51383e-09	-0.0137277	1.1739	7.08019e-05	-0.922095	-0.0071039	0.00145333
353	2.51383e-09	1.16644	0.289501	-0.00195346	-0.220306	0.882746	0.00303218
354	2.51383e-09	0.45555	-1.0833	0.000970037	0.851256	0.361579	-0.000987965
355	2.51383e-09	-0.677061	0.929643	0.00142369	-0.754012	-0.54888	0.000162414
356	2.51383e-09	1.12573	0.4262	-0.00235645	-0.326121	0.85032	-0.000651339
357	2.51383e-09	0.72267	-0.921466	0.00264218	0.730629	0.567885	0.000896218
358	2.51383e-09	-0.590563	1.03552	-0.000684498	-0.796491	-0.454358	-0.00275172
359	2.51383e-09	-0.980967	0.696725	0.000679042	-0.524108	-0.746521	-0.00208702
360	2.51383e-09	1.10002	-0.398143	0.000312891	0.312185	0.871084	-0.00121679
361	2.51383e-09	1.1024	-0.408955	0.000113155	0.32461	0.864226	-0.00173124
362	2.51383e-09	0.592452	1.01953	0.00100585	-0.792832	0.462626	-0.00147211
363	2.51383e-09	-0.106309	-1.17719	0.00162176	0.917132	-0.0778161	0.000530042
364	2.51383e-09	1.16209	-0.119231	0.000169093	0.0983332	0.919364	0.000790505
365	2.51383e-09	-0.751782	-0.940172	0.00182572	0.714521	-0.564262	-0.000532242
366	2.51383e-09	-0.732821	-0.948882	0.00200488	0.719189	-0.559301	0.00123851
367	2.51383e-09	1.07842	0.481221	0.000340163	-0.376147	0.841526	0.00105819
368	2.51383e-09	-0.326559	-1.15757	0.000243138	0.878411	-0.243941	0.00091202
369	2.51383e-09	-0.888517	0.781238	0.00260056	-0.613237	-0.687283	0.00133363
370	2.51383e-09	-0.357277	-1.13575	0.00255614	0.874899	-0.271096	-0.00193374
371	2.51383e-09	1.10873	-0.487176	0.00151395	0.369877	0.829774	0.00119576
372	2.51383e-09	0.947423	-0.72388	-0.00294369	0.556897	0.730802	-0.000971848
373	2.51383e-09	1.11814	0.397197	0.000575953	-0.307435	0.864416	0.000135827
374	2.51383e-09	0.558671	1.06796	-0.00344982	-0.807273	0.425726	-0.00190246
375	2.51383e-09	0.0114018	1.19639	-0.000231801	-0.9136	0.00838927	0.00298998
376	2.51383e-09	0.913183	0.758625	-0.000392868	-0.586789	0.703925	0.000492897
377	2.51383e-09	0.113846	-1.19001	0.00223455	0.908513	0.0904784	-0.000765324
378	2.51383e-09	-0.740193	-0.939651	0.000721909	0.715017	-0.569227	-0.000831791
379	2.51383e-09	-0.873644	-0.800773	0.000383468	0.625916	-0.671103	-0.00269588
380	2.51383e-09	-0.326884	-1.13707	-0.000162158	0.881057	-0.254776	-0.000641863
381	2.51383e-09	1.15475	0.287124	0.00018305	-0.223334	0.88986	-0.00162496
382	2.51383e-09	-1.1455	-0.35521	-0.000465405	0.2764	-0.86873	-0.00123677
383	2.51383e-09	-0.906429	0.752155	0.00130699	-0.584472	-0.712229	0.000356842
384	2.51383e-09	-1.18203	-0.239645	-0.00297072	0.177565	-0.891847	-0.00423143
385	2.51383e-09	-1.16799	-0.150526	-0.00189031	0.115454	-0.913816	0.000205511
386	2.51383e-09	-1.00122	-0.639758	-0.00261841	0.495594	-0.774378	0.000967595
387	2.51383e-09	0.158917	1.19353	0.00201549	-0.901908	0.121016	0.00320618
388	2.51383e-09	0.481829	-1.11316	-0.000321917	0.831523	0.355284	0.000361351
389	2.51383e-09	0.151998	1.17708	0.00404857	-0.910404	0.116068	-0.00186883
390	2.51383e-09	0.43536	-1.1088	-0.000909593	0.848826	0.335714	-0.00136081
391	2.51383e-09	-1.13429	-0.418135	-0.00151652	0.320358	-0.851153	0.00154828
392	2.51383e-09	0.826847	0.868057	-0.00100059	-0.662737	0.63063	-0.00453866
393	2.51383e-09	1.08621	0.558703	-0.0019277	-0.41032	0.802557	0.00060493
394	2.51383e-09	-0.183509	1.18913	0.000716129	-0.901104	-0.13708	0.000826376
395	2.51383e-09	1.10105	-0.472494	-0.000638765	0.360667	0.83781	-0.000722148
396	2.51383e-09	-0.693253	-0.980673	-0.000858496	0.749011	-0.528246	0.000133989
397	2.51383e-09	-0.311819	1.16116	0.00154074	-0.881052	-0.234997	0.00183295
398	2.51383e-09	-1.15113	0.331139	-0.000275784	-0.254844	-0.878435	0.000958388
399	2.51383e-09	-1.14239	-0.348647	0.00309865	0.266599	-0.875106	-0.000130638
400	2.51383e-09	-0.68324	-0.977837	-0.00209749	0.753312	-0.524659	0.000559036
