7.572001e+03
401
0	1	0.000349844	0.000217032	-3.19212e-07	2.44811e-08	1.34894e-08	-3.57063e-11
1	2.51383e-09	1.01091	0.0854993	0.000889372	-0.0790427	0.988559	-0.00237735
2	2.51383e-09	-0.734434	-0.672414	0.000196195	0.677761	-0.742695	0.00040704
3	2.51383e-09	-0.746223	0.666291	0.00120209	-0.664826	-0.743791	-0.000962499
4	2.51383e-09	0.295276	0.9662	0.00208457	-0.950374	0.290274	-0.00187695
5	2.51383e-09	0.927352	0.367856	-0.000415381	-0.365823	0.931625	0.00162753
6	2.51383e-09	-0.071661	-1.00288	0.000381854	0.995481	-0.0708821	0.00291751
7	2.51383e-09	-0.449954	-0.884146	0.00137151	0.896673	-0.456842	0.00222531
8	2.51383e-09	0.996103	0.0942684	-0.000759877	-0.0923896	0.994715	0.000273537
9	2.51383e-09	-0.0870196	1.00686	0.000154341	-0.989419	-0.0851757	0.000143066
10	2.51383e-09	-0.403207	-0.9317	-0.000351899	0.909558	-0.394528	-0.000720139
11	2.51383e-09	-0.551529	0.831684	-5.80111e-05	-0.835154	-0.551516	0.000721142
12	2.51383e-09	0.290676	-0.975263	-0.000312806	0.949205	0.280443	0.00167184
13	2.51383e-09	-0.993176	-0.16425	0.000247913	0.161344	-0.982	0.000518098
14	2.51383e-09	0.983337	0.239816	0.00253826	-0.235179	0.965376	-0.00142904
15	2.51383e-09	-1.00085	-0.105311	-0.000982573	0.111667	-0.98974	0.00159739
16	2.51383e-09	-0.921092	-0.386542	0.00212274	0.381165	-0.924111	-0.000268562
17	2.51383e-09	0.744195	-0.690758	-5.18672e-05	0.675262	0.722657	-0.00179484
18	2.51383e-09	0.932903	0.436368	-0.00106152	-0.418783	0.889015	2.707e-05
19	2.51383e-09	0.351136	-0.95762	0.00139849	0.925318	0.34877	-0.00178803
20	2.51383e-09	0.923525	0.451423	-0.000481466	-0.434621	0.88611	-0.00291263
21	2.51383e-09	-0.630736	-0.787261	0.00424696	0.776662	-0.621719	0.000139186
22	2.51383e-09	-0.9962	-0.267712	-0.00200155	0.251631	-0.9488	0.00160827
23	2.51383e-09	0.871818	0.512151	0.000128142	-0.500752	0.859794	-0.00302724
24	2.51383e-09	0.233834	-0.989312	0.0011324	0.961211	0.233812	-0.00074673
25	2.51383e-09	0.527311	0.864808	-0.00136114	-0.851421	0.515332	-0.00269289
26	2.51383e-09	-0.507161	-0.885572	0.000278521	0.860231	-0.486712	-0.00174054
27	2.51383e-09	-0.139602	0.993637	-0.0016874	-0.98783	-0.144005	-0.00208518
28	2.51383e-09	-0.958973	0.300807	0.00118203	-0.296649	-0.953879	0.00213081
29	2.51383e-09	-0.186326	0.995002	0.00216362	-0.976794	-0.185748	0.00167517
30	2.51383e-09	0.635331	0.783183	0.0012549	-0.774167	0.627606	0.0016414
31	2.51383e-09	0.556037	0.843142	-0.0032785	-0.831737	0.546078	0.00126788
32	2.51383e-09	-0.782303	0.633251	0.00383153	-0.629633	-0.77291	-0.00189809
33	2.51383e-09	1.0233	0.161907	0.0010323	-0.145602	0.96825	0.000327819
34	2.51383e-09	-1.03047	-0.0878178	-0.00338557	0.0851141	-0.980031	-0.000112582
35	2.51383e-09	0.994376	0.209404	-0.00251618	-0.207027	0.972048	0.0019396
36	2.51383e-09	-0.959924	-0.344151	0.000719118	0.340056	-0.927417	-0.00208942
37	2.51383e-09	-0.56228	-0.8484	0.000500581	0.827862	-0.544461	0.00195713
38	2.51383e-09	0.955748	0.301562	0.00205387	-0.303083	0.951447	0.00266763
39	2.51383e-09	1.01586	0.0183161	0.00126131	-0.0243782	0.991312	0.00143299
40	2.51383e-09	-0.785782	0.63849	6.6051e-05	-0.628125	-0.773445	0.000349634
41	2.51383e-09	-0.695021	0.740925	0.00151154	-0.723643	-0.678074	0.00277494
42	2.51383e-09	0.467511	0.931635	-0.000620378	-0.874457	0.438209	0.00254658
43	2.51383e-09	0.495891	-0.888417	-0.0035338	0.865486	0.478376	0.000795244
44	2.51383e-09	0.504452	-0.898859	-0.000273915	0.859804	0.482889	0.00145922
45	2.51383e-09	0.796389	-0.643019	0.00235113	0.625489	0.765153	-0.000673789
46	2.51383e-09	-0.224618	-0.99081	0.000347915	0.969478	-0.215587	0.000185854
47	2.51383e-09	-0.578384	-0.83857	-0.00154625	0.813574	-0.564089	-0.000625473
48	2.51383e-09	0.557298	0.86343	0.00199262	-0.828153	0.535653	0.000260188
49	2.51383e-09	-0.222482	0.984276	0.00189347	-0.970256	-0.220349	-0.000722806
50	2.51383e-09	0.477715	0.923123	-0.000276205	-0.86984	0.454463	-0.00201954
51	2.51383e-09	0.893812	-0.458332	0.00113322	0.457705	0.887574	0.000835187
52	2.51383e-09	-0.12812	1.0321	-0.000840304	-0.970745	-0.121678	0.00114774
53	2.51383e-09	-0.322285	-0.974496	0.00208961	0.935334	-0.313038	0.00115345
54	2.51383e-09	-0.421913	0.933537	-0.0007055	-0.900951	-0.404196	-0.0013196
55	2.51383e-09	0.309763	-0.993646	0.00160262	0.934307	0.28964	-0.00077413
56	2.51383e-09	0.0451266	-1.02886	0.000356942	0.981315	0.0411389	-0.000581182
57	2.51383e-09	0.825006	-0.653673	0.00161701	0.602244	0.765167	-0.000726255
58	2.51383e-09	0.940423	0.450585	-0.00106041	-0.421985	0.88552	-0.00103303
59	2.51383e-09	0.620359	0.812498	-0.00357404	-0.790479	0.598172	0.00137835
60	2.51383e-09	-0.58613	-0.84697	-0.00103875	0.80891	-0.562553	0.00117302
61	2.51383e-09	-0.844823	-0.604712	0.00144743	0.572088	-0.794486	0.00309039
62	2.51383e-09	-0.271401	-0.995009	-0.00105077	0.951512	-0.259294	-0.000235324
63	2.51383e-09	0.721003	-0.732379	0.000536273	0.70727	0.689067	-0.00109105
64	2.51383e-09	0.837089	-0.606104	-0.00151418	0.580628	0.791414	0.000715124
65	2.51383e-09	-0.573463	0.840126	0.00124387	-0.820857	-0.560052	0.000986904
66	2.51383e-09	-0.913048	-0.485702	0.00124778	0.46837	-0.861706	-0.0020415
67	2.51383e-09	0.158842	1.03185	-0.000247802	-0.968816	0.150231	-0.00202236
68	2.51383e-09	0.764232	-0.692723	0.000913221	0.661649	0.729298	0.00305535
69	2.51383e-09	0.384639	0.964	0.00228894	-0.910108	0.36801	0.00270609
70	2.51383e-09	-0.800458	-0.643214	0.000587729	0.620442	-0.766928	0.000249785
71	2.51383e-09	-0.407921	0.953341	0.00261855	-0.900979	-0.38805	-0.00424182
72	2.51383e-09	0.835565	0.64519	0.00176574	-0.598137	0.770311	-0.00187923
73	2.51383e-09	0.682976	-0.776783	-0.00109257	0.741829	0.647374	0.000233705
74	2.51383e-09	-0.232921	1.03225	-0.00289192	-0.949581	-0.209799	0.000443002
75	2.51383e-09	-0.993769	0.321784	0.000627679	-0.301175	-0.931167	-0.000789909
76	2.51383e-09	-0.329436	1.00512	-0.00244675	-0.9201	-0.306425	-0.00209389
77	2.51383e-09	-0.350333	1.00541	-0.000316456	-0.914712	-0.319823	0.000838665
78	2.51383e-09	-0.661205	0.815423	0.00247962	-0.758196	-0.608576	0.00179785
79	2.51383e-09	-1.02327	-0.187208	-0.00294789	0.172816	-0.962399	-0.00358866
80	2.51383e-09	1.03246	0.105355	0.00137379	-0.103753	0.977073	-0.00120251
81	2.51383e-09	-0.480238	-0.907817	-6.84227e-05	0.873116	-0.458444	-0.000515686
82	2.51383e-09	0.499554	-0.932073	0.0010612	0.857798	0.454403	0.000578664
83	2.51383e-09	0.734904	-0.734656	-0.00113775	0.694406	0.690563	-0.00013456
84	2.51383e-09	0.0606981	-1.04398	0.000102866	0.974676	0.0534738	0.000988161
85	2.51383e-09	0.404695	0.943823	0.00042822	-0.907221	0.390389	0.00148849
86	2.51383e-09	-0.819476	0.659053	-0.00114415	-0.606717	-0.761079	0.000504641
87	2.51383e-09	0.37511	-0.984262	-0.00125516	0.906662	0.348418	0.000236571
88	2.51383e-09	-1.01145	0.221259	-0.00193551	-0.210542	-0.959267	0.0021944
89	2.51383e-09	-1.05018	-0.0891567	0.00170552	0.0855308	-0.968928	0.00126327
90	2.51383e-09	-0.873403	0.58189	-0.00233582	-0.537773	-0.813903	0.00309187
91	2.51383e-09	0.380479	-0.963946	-0.00419146	0.912759	0.357583	-0.00208601
92	2.51383e-09	-0.193826	1.03178	0.000284133	-0.958966	-0.180872	0.0023221
93	2.51383e-09	-1.04213	0.229355	-0.000206848	-0.208681	-0.943967	-0.000221448
94	2.51383e-09	0.910064	-0.506551	0.00187584	0.475211	0.855316	0.00242891
95	2.51383e-09	0.804362	0.653476	-0.00113421	-0.618524	0.760325	-0.000230411
96	2.51383e-09	-0.957279	0.461385	-0.00140294	-0.420462	-0.870777	-0.00213538
97	2.51383e-09	-0.888881	-0.551595	-0.000772158	0.518747	-0.832261	-0.00187123
98	2.51383e-09	-0.869378	-0.607635	-0.00156797	0.551686	-0.796609	0.000604597
99	2.51383e-09	-0.883946	0.602861	-0.000124219	-0.537797	-0.802937	0.00133575
100	2.51383e-09	1.0574	-0.0632097	-0.0016258	0.0507595	0.969399	0.000697712
101	2.51383e-09	1.02591	0.0526031	-0.000456718	-0.0500514	0.987305	-0.000882098
102	2.51383e-09	-0.920276	0.458244	0.00143237	-0.434482	-0.884608	-6.87514e-05
103	2.51383e-09	1.03027	0.218122	-0.000329081	-0.202303	0.951873	0.00243246
104	2.51383e-09	-0.95316	0.421696	-0.00121818	-0.400935	-0.895107	0.00105756
105	2.51383e-09	-0.0606068	1.04136	-0.00213283	-0.975045	-0.058464	-0.00114976
106	2.51383e-09	-0.628771	0.833146	0.000153069	-0.781242	-0.592174	-0.000500428
107	2.51383e-09	0.835215	-0.647803	0.00147465	0.598646	0.7686	0.00050876
108	2.51383e-09	0.968271	0.439794	-0.000558619	-0.400745	0.885902	0.000877248
109	2.51383e-09	0.75432	0.739956	-0.00145526	-0.686081	0.692224	-0.000855357
110	2.51383e-09	0.267873	-1.02698	-0.00378729	0.937144	0.244714	-0.000954372
111	2.51383e-09	0.558406	0.908959	-0.00176583	-0.827435	0.501084	4.08571e-05
112	2.51383e-09	-0.871045	-0.599542	0.00112677	0.553217	-0.802524	0.000603182
113	2.51383e-09	1.01065	0.325107	-0.00111755	-0.293092	0.925292	0.0010498
114	2.51383e-09	0.784598	-0.693215	-0.00233951	0.646101	0.734789	-0.000458181
115	2.51383e-09	-0.989711	-0.414846	-0.00302679	0.3675	-0.891552	0.000251636
116	2.51383e-09	-0.667285	-0.816603	0.00318211	0.750285	-0.617602	-0.00105729
117	2.51383e-09	-0.978054	-0.396284	-0.000185408	0.367644	-0.900889	0.00111177
118	2.51383e-09	0.658836	0.830665	-0.00132472	-0.761678	0.603976	0.00150945
119	2.51383e-09	0.0291319	1.0405	0.00310412	-0.983194	0.0255924	-0.00235824
120	2.51383e-09	0.0303107	-1.05007	0.00100611	0.974777	0.0237277	-0.002881
121	2.51383e-09	-0.0450548	1.06294	0.000286596	-0.968746	-0.0357141	0.00222488
122	2.51383e-09	-1.05728	0.189692	0.000669918	-0.172486	-0.948353	0.00188115
123	2.51383e-09	0.987773	0.360921	-0.000428259	-0.329596	0.913852	-0.00152602
124	2.51383e-09	0.904197	-0.593001	-0.00129731	0.525733	0.804317	-0.00107069
125	2.51383e-09	-1.05106	0.0754522	0.00140809	-0.0732442	-0.968736	-0.00186714
126	2.51383e-09	1.00891	-0.327503	0.000308566	0.294466	0.925705	-0.00159362
127	2.51383e-09	0.786203	0.704049	0.00093415	-0.646481	0.728098	-0.000649336
128	2.51383e-09	0.940961	-0.511439	0.000734883	0.464735	0.847287	-0.00265293
129	2.51383e-09	0.962305	0.418885	-0.00166383	-0.38771	0.89925	-0.00101238
130	2.51383e-09	0.912584	0.534937	0.000429074	-0.492309	0.841268	0.00110314
131	2.51383e-09	0.430322	-0.999926	0.00152584	0.877199	0.378969	0.00107466
132	2.51383e-09	-1.0308	0.283477	0.00289717	-0.253218	-0.934039	0.000970078
133	2.51383e-09	-0.631915	0.856347	-0.000211608	-0.781162	-0.576819	-0.00276825
134	2.51383e-09	-1.05077	-0.0611024	-0.00232757	0.0587463	-0.971912	1.37162e-05
135	2.51383e-09	0.650169	-0.827716	0.00219586	0.764482	0.604941	-0.00139598
136	2.51383e-09	1.04812	0.297411	-0.00269477	-0.25925	0.92019	-9.18803e-05
137	2.51383e-09	0.631262	0.861347	0.000979432	-0.777713	0.572923	0.00311844
138	2.51383e-09	-1.03183	-0.259061	-0.00128274	0.231653	-0.941481	0.000237027
139	2.51383e-09	-0.411125	-0.982731	-0.00312619	0.892085	-0.375462	-0.0013896
140	2.51383e-09	1.01308	0.395215	0.000737262	-0.349804	0.89292	0.00133129
141	2.51383e-09	-0.57168	-0.903786	0.000130356	0.818157	-0.513422	0.00326235
142	2.51383e-09	-0.918025	-0.555583	-0.00301474	0.506038	-0.823818	0.00136659
143	2.51383e-09	-1.04629	0.241693	0.000947596	-0.212285	-0.940749	0.00048299
144	2.51383e-09	-1.05612	0.251606	0.000545898	-0.223141	-0.932343	-0.00173494
145	2.51383e-09	-0.183877	-1.04483	0.000816378	0.954208	-0.171018	-0.00029099
146	2.51383e-09	-0.0159794	-1.10657	-0.00343542	0.949595	-0.0117281	-0.00171046
147	2.51383e-09	-0.735811	0.788905	-0.00224933	-0.706467	-0.655244	0.00187374
148	2.51383e-09	-1.05911	-0.263584	0.000309242	0.232284	-0.92504	0.000371505
149	2.51383e-09	-0.681728	-0.796777	0.00134805	0.743896	-0.63969	0.00160148
150	2.51383e-09	-0.329551	1.02744	-0.00105469	-0.913842	-0.30326	0.000418341
151	2.51383e-09	-1.00982	-0.357474	-0.000376195	0.327277	-0.909979	-0.000522252
152	2.51383e-09	-0.649407	0.861848	0.00122028	-0.760243	-0.588257	0.0003127
153	2.51383e-09	1.08117	-0.12284	-0.000544211	0.105197	0.952392	0.00105281
154	2.51383e-09	1.09316	0.0832513	-0.00110467	-0.0734813	0.955071	0.00113516
155	2.51383e-09	0.00606791	1.07668	-3.75617e-05	-0.965339	0.00211714	-0.00215704
156	2.51383e-09	-0.0630917	1.09326	0.0031575	-0.951156	-0.0546191	0.000495017
157	2.51383e-09	0.0197528	1.06948	0.00015803	-0.965535	0.0150532	0.000822391
158	2.51383e-09	0.161477	-1.07437	0.00356317	0.95104	0.139538	-0.00296892
159	2.51383e-09	0.669054	0.839718	-0.000889719	-0.757304	0.598333	0.000488555
160	2.51383e-09	1.06825	-0.152725	0.00328591	0.139037	0.951763	-0.000790308
161	2.51383e-09	-0.451287	0.989121	-0.00200835	-0.874342	-0.397799	0.0015376
162	2.51383e-09	0.723207	0.804995	0.00274096	-0.713848	0.644046	0.00215461
163	2.51383e-09	1.01465	0.402035	-5.24438e-05	-0.354571	0.88743	0.000181738
164	2.51383e-09	0.776563	-0.731041	-0.00352159	0.665923	0.70597	-0.000126841
165	2.51383e-09	-1.07669	-0.25173	0.000115719	0.213543	-0.923942	-0.00279691
166	2.51383e-09	-1.01909	0.358609	0.00173001	-0.320356	-0.909748	-0.000635447
167	2.51383e-09	-0.926429	-0.508111	-0.00207241	0.467752	-0.858071	-0.00389352
168	2.51383e-09	0.906132	-0.601763	0.00149267	0.533221	0.797101	-0.000902464
169	2.51383e-09	0.546416	0.933506	0.000296816	-0.829631	0.488483	-0.00111808
170	2.51383e-09	-0.967208	-0.506885	-0.00395888	0.445075	-0.844612	0.0015745
171	2.51383e-09	0.445057	-1.00315	-0.00346057	0.871606	0.385422	0.000416252
172	2.51383e-09	-0.739969	-0.832443	-0.00220708	0.70684	-0.632275	-0.00220332
173	2.51383e-09	-1.05252	-0.337598	-0.0026664	0.291044	-0.905372	0.00021088
174	2.51383e-09	1.10008	0.135399	-0.00208299	-0.115591	0.94066	-0.00171062
175	2.51383e-09	0.943991	-0.544686	0.00136164	0.484512	0.826482	-0.00104585
176	2.51383e-09	-0.15752	-1.06573	-0.00080214	0.953378	-0.140722	3.34297e-06
177	2.51383e-09	-0.898929	0.653292	0.00109927	-0.560445	-0.764836	-0.000679513
178	2.51383e-09	-0.498164	-0.945349	0.00069184	0.857997	-0.450017	0.000234015
179	2.51383e-09	0.814097	-0.745883	0.00370302	0.639872	0.701383	0.00195081
180	2.51383e-09	0.969073	0.48376	-0.00104794	-0.430052	0.85995	0.0030939
181	2.51383e-09	0.22299	-1.08006	0.00050271	0.931106	0.196215	0.00181185
182	2.51383e-09	-0.390324	1.02356	-0.00157109	-0.89234	-0.340997	-0.00139281
183	2.51383e-09	0.90773	0.610805	-0.000892513	-0.536888	0.792281	-0.000424415
184	2.51383e-09	-1.0864	0.223375	0.00218249	-0.192592	-0.930079	0.00127233
185	2.51383e-09	1.06686	-0.249561	-0.0016794	0.217841	0.929409	0.00105769
186	2.51383e-09	-0.45089	0.976745	-0.00168747	-0.878464	-0.406246	-0.00141415
187	2.51383e-09	-1.01353	-0.341705	0.00210901	0.30556	-0.915121	-0.00338582
188	2.51383e-09	0.709276	-0.847901	-0.0019473	0.727049	0.613632	-0.000105657
189	2.51383e-09	-0.508683	0.963093	0.00283667	-0.846662	-0.449282	-0.000771586
190	2.51383e-09	-0.138507	-1.10351	-0.00157132	0.936677	-0.118983	0.00163601
191	2.51383e-09	0.936421	0.556794	0.00111569	-0.491354	0.824182	0.00257011
192	2.51383e-09	-1.09749	-0.0779567	-0.000116952	0.0710903	-0.949131	-0.000981427
193	2.51383e-09	-1.09662	-0.11434	-0.000622598	0.0940367	-0.946572	-0.00218398
194	2.51383e-09	-0.808504	0.782039	-0.00098621	-0.65379	-0.67882	0.000130588
195	2.51383e-09	1.08503	0.0396327	-0.00101583	-0.0398533	0.957613	-0.00108902
196	2.51383e-09	-0.949701	0.533534	-0.000380325	-0.461979	-0.839566	-0.0038012
197	2.51383e-09	-0.633607	-0.88399	0.00147477	0.779304	-0.558728	0.00204326
198	2.51383e-09	0.922809	0.614165	0.00239224	-0.524337	0.792797	-0.00123964
199	2.51383e-09	1.09704	-0.0665995	-0.00316834	0.0608554	0.951192	-0.000336544
200	2.51383e-09	-0.713839	0.858427	0.00132844	-0.727643	-0.602193	0.00116234
201	2.51383e-09	-0.694773	-0.852076	-0.00157481	0.740205	-0.603047	0.00204393
202	2.51383e-09	-0.890887	-0.639127	0.00206019	0.550719	-0.778488	-0.00120278
203	2.51383e-09	1.07838	-0.144039	0.00146853	0.12505	0.951164	0.000351903
204	2.51383e-09	-0.802878	0.755758	0.000531824	-0.657426	-0.691577	0.00129431
205	2.51383e-09	-0.724112	-0.865642	0.00100704	0.720667	-0.604894	-0.000482829
206	2.51383e-09	-1.09727	0.00934782	-0.000104658	-0.0080935	-0.95255	0.00235234
207	2.51383e-09	1.10453	0.15457	-9.69849e-05	-0.13333	0.937347	-0.000609039
208	2.51383e-09	0.826681	-0.719584	0.00117657	0.627502	0.720548	-0.00139845
209	2.51383e-09	1.08515	0.206913	-0.00156099	-0.181881	0.933124	-0.00215212
210	2.51383e-09	-0.594161	0.926117	-0.00132389	-0.801711	-0.515761	-0.000886753
211	2.51383e-09	-0.258552	1.06811	-0.0018476	-0.928297	-0.21968	6.99522e-05
212	2.51383e-09	0.522421	-0.984564	-0.00201368	0.834271	0.446715	0.00109244
213	2.51383e-09	-0.406763	-1.02895	0.00252724	0.883109	-0.351775	5.28873e-05
214	2.51383e-09	0.81812	0.73415	-0.00115031	-0.631012	0.714043	-0.00130359
215	2.51383e-09	1.11	-0.116391	-0.00123702	0.0944813	0.940883	-0.00310845
216	2.51383e-09	0.623141	-0.925898	-0.000693036	0.789942	0.523899	0.000236671
217	2.51383e-09	0.770911	0.809243	0.00100709	-0.685628	0.653098	-0.000856145
218	2.51383e-09	1.00855	0.368965	-3.82098e-05	-0.332213	0.909258	0.0019216
219	2.51383e-09	-0.347064	1.06964	-0.000408242	-0.898054	-0.287694	0.000324583
220	2.51383e-09	-0.1107	1.11202	-0.00230912	-0.940447	-0.0904376	-0.00051927
221	2.51383e-09	0.874847	0.656239	0.00091955	-0.57649	0.76265	-0.00176011
222	2.51383e-09	-0.371592	1.05497	0.00264212	-0.889749	-0.314588	-0.00139678
223	2.51383e-09	0.188707	-1.09007	0.00166994	0.937882	0.15866	8.57396e-05
224	2.51383e-09	1.10375	-0.0422747	4.75511e-05	0.0345341	0.947981	-0.000239384
225	2.51383e-09	0.760661	-0.819412	0.000339333	0.688814	0.646122	0.00101431
226	2.51383e-09	-0.957228	-0.565006	0.00175761	0.482778	-0.818695	-0.00180142
227	2.51383e-09	0.212301	-1.08731	-0.00195753	0.931213	0.183303	0.000215008
228	2.51383e-09	-0.335429	-1.06443	0.000673675	0.903222	-0.28473	-0.000840461
229	2.51383e-09	-0.426108	-1.04149	0.00129849	0.871545	-0.360847	-0.00266596
230	2.51383e-09	-0.999574	-0.537822	-0.00106355	0.449079	-0.826579	-0.00114643
231	2.51383e-09	0.0944374	-1.12144	0.00538356	0.939511	0.0843498	0.00234555
232	2.51383e-09	-0.567935	0.94768	0.00121934	-0.812101	-0.494872	-0.00260323
233	2.51383e-09	0.599253	0.948222	0.000731651	-0.796451	0.501077	0.00140471
234	2.51383e-09	0.540723	0.982781	-0.00212606	-0.827638	0.454169	-0.000611533
235	2.51383e-09	0.00202545	-1.11175	-0.000937188	0.949267	-0.00307079	0.00323743
236	2.51383e-09	-1.12939	0.032191	0.00127245	-0.0290244	-0.939313	-0.00034063
237	2.51383e-09	0.862886	-0.677328	-0.00131814	0.587735	0.757196	0.000107024
238	2.51383e-09	-0.49206	1.04285	-0.000236494	-0.839194	-0.39393	-0.000438883
239	2.51383e-09	-0.117739	1.10528	-0.0027048	-0.942129	-0.0981158	0.00242258
240	2.51383e-09	-0.101536	-1.11216	-0.000630614	0.946009	-0.0831775	0.000369111
241	2.51383e-09	-0.987074	-0.523385	0.000681023	0.436523	-0.839892	-0.000482561
242	2.51383e-09	-0.75094	-0.877463	0.00341916	0.707153	-0.603465	-0.00125272
243	2.51383e-09	1.10083	0.216757	-0.00270187	-0.185737	0.926333	-0.00139217
244	2.51383e-09	0.923136	-0.656385	0.000659896	0.542698	0.768874	-0.00260424
245	2.51383e-09	1.08102	-0.307709	-0.00521617	0.259605	0.907173	0.000159116
246	2.51383e-09	0.214281	-1.10191	-0.00251386	0.927063	0.178477	0.000358594
247	2.51383e-09	-0.183873	-1.09354	-0.00139614	0.933198	-0.160719	9.28956e-05
248	2.51383e-09	-1.12939	0.0446533	0.00312012	-0.0390699	-0.937944	0.000384092
249	2.51383e-09	0.446557	1.03282	-0.00109477	-0.862508	0.378949	0.000603386
250	2.51383e-09	-1.07403	0.342074	-0.00137415	-0.28727	-0.897893	-0.00134477
251	2.51383e-09	0.156176	1.11375	1.42684e-05	-0.935761	0.132948	-0.001323
252	2.51383e-09	0.917241	0.653916	0.000146033	-0.54713	0.765801	-0.00163702
253	2.51383e-09	1.1141	-0.203612	-0.00283527	0.172123	0.925708	-0.00108699
254	2.51383e-09	0.757794	-0.829991	-0.00106164	0.697454	0.636876	0.00222283
255	2.51383e-09	-0.57796	0.97942	0.000595923	-0.806939	-0.477353	-0.000274019
256	2.51383e-09	0.248379	-1.12119	-0.000422485	0.907123	0.204927	0.00101236
257	2.51383e-09	-0.122035	-1.11634	0.00241484	0.939305	-0.0991679	-0.00219748
258	2.51383e-09	0.456832	-1.0363	-0.00400091	0.859034	0.376745	-0.00180967
259	2.51383e-09	-1.09941	-0.26586	-0.00145113	0.223241	-0.912494	-0.000226201
260	2.51383e-09	-0.863195	-0.725756	0.000116723	0.602341	-0.723078	0.00371898
261	2.51383e-09	1.04205	0.479815	0.00021666	-0.388418	0.849521	-0.00114119
262	2.51383e-09	0.0273392	-1.11225	0.00121653	0.948	0.0292978	0.00422593
263	2.51383e-09	-0.947815	-0.642212	-0.00177737	0.522399	-0.771096	-0.000737286
264	2.51383e-09	1.10834	-0.184181	0.000277069	0.157652	0.930955	-0.000809632
265	2.51383e-09	0.470875	-1.04439	-0.00105996	0.851239	0.387348	0.000846303
266	2.51383e-09	0.756807	-0.845513	0.000256512	0.699396	0.626576	-0.000443808
267	2.51383e-09	-1.11178	-0.106242	0.00257701	0.0919947	-0.944959	-0.000264966
268	2.51383e-09	0.454535	1.04326	-0.00190092	-0.862563	0.368168	0.00142062
269	2.51383e-09	0.160562	1.13506	-0.0014943	-0.92403	0.135253	-0.0020514
270	2.51383e-09	1.08011	-0.347961	-0.00149264	0.288337	0.893793	5.0323e-05
271	2.51383e-09	-0.945608	-0.641845	5.501e-05	0.527287	-0.77242	0.00152328
272	2.51383e-09	0.778002	0.834502	0.000494194	-0.686307	0.637347	0.00252826
273	2.51383e-09	-0.652411	-0.939566	-0.00131667	0.765505	-0.535177	0.00239489
274	2.51383e-09	1.12529	0.0155953	-0.00216052	-0.0202972	0.940828	-0.000116555
275	2.51383e-09	-0.493528	1.02526	-0.00288771	-0.84371	-0.404365	0.000615202
276	2.51383e-09	-1.11768	0.259098	-0.000233736	-0.204512	-0.909338	0.000813402
277	2.51383e-09	0.00327959	-1.13353	-0.00437395	0.942711	0.00831431	-0.000777871
278	2.51383e-09	0.0695155	-1.15273	-0.00182897	0.928103	0.0579243	0.000329282
279	2.51383e-09	0.151939	-1.15848	-4.20285e-05	0.916051	0.121627	-0.00102561
280	2.51383e-09	-0.518739	1.02998	-0.00182514	-0.832758	-0.422985	0.000207306
281	2.51383e-09	0.28041	1.10364	0.000785105	-0.909298	0.228652	0.000498274
282	2.51383e-09	-1.06523	-0.422178	0.00225805	0.345095	-0.868523	0.0014999
283	2.51383e-09	1.11877	-0.234901	-0.00206529	0.195742	0.911583	0.00172032
284	2.51383e-09	1.05204	0.494666	-1.86315e-05	-0.398166	0.83683	-0.00204083
285	2.51383e-09	-0.75067	0.86206	-0.000769058	-0.707018	-0.614926	0.000337448
286	2.51383e-09	-0.897745	-0.692233	-0.000159421	0.573045	-0.743772	0.00170209
287	2.51383e-09	1.13742	-0.0342808	-0.000980092	0.030973	0.935847	0.000483534
288	2.51383e-09	0.0435721	1.16274	-0.00127494	-0.924947	0.0321894	0.00113987
289	2.51383e-09	-0.835764	-0.784769	-0.00256588	0.640098	-0.684393	0.000742664
290	2.51383e-09	-0.674483	-0.915802	-0.00296033	0.755892	-0.557475	-0.00126252
291	2.51383e-09	-0.413719	1.06909	-0.00247682	-0.870726	-0.339192	0.00189543
292	2.51383e-09	1.13583	-0.124186	0.000723291	0.100887	0.930721	-0.00144399
293	2.51383e-09	0.293505	1.09464	0.00296457	-0.907839	0.245699	-0.00036546
294	2.51383e-09	-0.329095	1.11989	-0.00533945	-0.888228	-0.26104	-0.00282439
295	2.51383e-09	1.07475	-0.390595	0.001574	0.323804	0.875382	-0.0018677
296	2.51383e-09	-0.141158	-1.14705	0.00433577	0.92304	-0.113833	-0.00165045
297	2.51383e-09	-0.472684	1.04786	-0.00140528	-0.850128	-0.382582	-0.000957344
298	2.51383e-09	1.09295	0.371284	-0.000402408	-0.293491	0.883089	0.00228218
299	2.51383e-09	-1.01043	0.556797	0.000642413	-0.44725	-0.821858	-0.00036945
300	2.51383e-09	-0.00944684	1.1672	-0.000562631	-0.924731	-0.0110354	0.00360244
301	2.51383e-09	-0.173115	-1.13576	0.00227229	0.922885	-0.148213	0.000522215
302	2.51383e-09	1.1553	0.136844	0.00548072	-0.0994795	0.922049	0.00042063
303	2.51383e-09	0.885673	-0.73152	0.00101369	0.595997	0.718969	0.00195516
304	2.51383e-09	0.463434	1.06058	-0.000576016	-0.852636	0.373717	-0.00133781
305	2.51383e-09	0.958902	0.622526	0.000765453	-0.511623	0.783409	-0.0019508
306	2.51383e-09	1.12994	0.239868	0.00100799	-0.195698	0.9099	-0.000508152
307	2.51383e-09	-0.935709	0.683299	-0.00227428	-0.550728	-0.748741	0.00206688
308	2.51383e-09	0.736578	0.920058	0.000704955	-0.716752	0.575077	-0.000269461
309	2.51383e-09	-0.922741	-0.67832	0.00187484	0.553911	-0.753303	0.000347222
310	2.51383e-09	-1.14517	0.214618	-0.00162195	-0.169979	-0.908399	0.000179265
311	2.51383e-09	0.757622	-0.876139	-0.000397217	0.701176	0.610226	0.00234586
312	2.51383e-09	-0.589961	-1.00699	-0.00191817	0.799042	-0.465427	-0.000683496
313	2.51383e-09	1.08311	-0.373573	-0.00146606	0.304249	0.885217	0.00300572
314	2.51383e-09	-0.783997	0.836304	0.00104117	-0.68039	-0.640242	-0.0010559
315	2.51383e-09	-1.15277	0.204214	-0.000875023	-0.162925	-0.909269	0.00129201
316	2.51383e-09	0.892687	-0.743035	-0.00232815	0.596224	0.714252	0.00134603
317	2.51383e-09	0.777627	-0.86755	-0.00120408	0.688565	0.616145	-0.0028212
318	2.51383e-09	-0.855448	-0.781741	-0.00224398	0.622661	-0.687187	0.00114182
319	2.51383e-09	-0.252871	1.14327	0.00328821	-0.900904	-0.200209	0.000439545
320	2.51383e-09	1.05805	0.504915	0.000179951	-0.399194	0.835542	-9.94299e-06
321	2.51383e-09	-0.835585	0.821843	-0.000382614	-0.645043	-0.658804	0.000355294
322	2.51383e-09	-1.02078	-0.53945	-0.00110615	0.435213	-0.824176	-0.00260615
323	2.51383e-09	0.361749	1.09656	-0.000461445	-0.886854	0.291895	0.000247919
324	2.51383e-09	0.799253	-0.868007	-0.00115789	0.67705	0.623312	-0.000867097
325	2.51383e-09	-0.357468	-1.10072	-0.00163906	0.884964	-0.280331	0.0022157
326	2.51383e-09	-0.678711	-0.953579	-0.00112903	0.753057	-0.538531	-0.00238177
327	2.51383e-09	0.765329	0.88983	0.00221668	-0.699469	0.603637	0.00148127
328	2.51383e-09	-1.0047	-0.530015	0.00226748	0.439439	-0.83214	-7.99387e-05
329	2.51383e-09	0.787785	-0.897615	-0.000379176	0.689338	0.595361	0.000734259
330	2.51383e-09	-1.01726	-0.553336	-0.00113012	0.439934	-0.818597	-0.000309608
331	2.51383e-09	1.07067	0.426921	0.00021895	-0.343404	0.86415	0.00180592
332	2.51383e-09	-0.681987	-0.956747	0.000583211	0.751721	-0.534773	-0.000835205
333	2.51383e-09	-0.371404	-1.12931	-0.000991358	0.869741	-0.287095	-0.00227859
334	2.51383e-09	-0.280255	-1.13987	0.00205474	0.897474	-0.213369	-0.000388845
335	2.51383e-09	0.423616	1.09892	-0.00241724	-0.861359	0.331773	0.000472188
336	2.51383e-09	-0.109918	-1.16698	0.00132769	0.919224	-0.0886903	-0.00155033
337	2.51383e-09	-0.435566	-1.0973	-0.000527463	0.856977	-0.335692	0.00185741
338	2.51383e-09	-0.543677	1.03394	-0.00350266	-0.818677	-0.430984	-0.000926807
339	2.51383e-09	0.516543	-1.0661	0.00393008	0.826169	0.404326	0.0036378
340	2.51383e-09	1.09189	-0.462446	-0.00207665	0.356333	0.843895	-0.000520448
341	2.51383e-09	-1.18046	0.034546	-0.00102751	-0.027142	-0.918155	0.000926024
342	2.51383e-09	-1.14259	-0.227817	0.00029802	0.18175	-0.908335	-0.000700784
343	2.51383e-09	0.890262	-0.742437	0.00251316	0.59793	0.709907	0.000245046
344	2.51383e-09	-1.07829	0.461345	-0.000907566	-0.367482	-0.849793	0.0002416
345	2.51383e-09	-0.424742	1.09078	-0.000474278	-0.860155	-0.335491	0.00189338
346	2.51383e-09	1.14444	0.207163	-0.00210552	-0.1699	0.913884	-0.0012555
347	2.51383e-09	-0.870103	0.773365	0.00130995	-0.613152	-0.69867	0.00175462
348	2.51383e-09	0.0968823	1.17538	0.00266347	-0.916343	0.076426	-0.00273568
349	2.51383e-09	0.774845	-0.88927	0.00330173	0.690547	0.605381	-0.000822387
350	2.51383e-09	-0.655141	-0.970673	-0.00290092	0.768782	-0.515587	0.000396067
351	2.51383e-09	0.685272	-0.968876	0.000590488	0.749771	0.532139	0.00044191
352	2.51383e-09	1.13685	0.305075	-0.000357399	-0.235544	0.892018	-0.00169778
353	2.51383e-09	0.208882	1.17886	-0.00232395	-0.901065	0.15457	0.00283545
354	2.51383e-09	-0.991831	0.653588	0.00061521	-0.503172	-0.765274	0.00237773
355	2.51383e-09	1.14162	0.145857	0.000420832	-0.118895	0.925335	-0.0027748
356	2.51383e-09	-0.97435	0.70714	0.000173952	-0.534166	-0.737204	-0.00071944
357	2.51383e-09	-0.458655	-1.08984	-0.00013959	0.845598	-0.359074	-0.00144446
358	2.51383e-09	0.493225	-1.093	-0.00387334	0.831974	0.375054	0.000475241
359	2.51383e-09	0.387591	-1.13161	-0.00288758	0.866118	0.291462	-0.00167126
360	2.51383e-09	-0.951942	0.686396	0.000938515	-0.539903	-0.747313	-0.000348538
361	2.51383e-09	-1.14427	-0.241956	-0.00153361	0.191541	-0.904702	-0.00103578
362	2.51383e-09	0.695979	0.95248	0.00180475	-0.743417	0.541989	0.000195386
363	2.51383e-09	-0.891222	-0.775128	-0.00141403	0.607705	-0.691492	0.00144931
364	2.51383e-09	-0.238599	-1.14292	0.00066855	0.903996	-0.189879	-0.000857499
365	2.51383e-09	1.15453	0.330068	-0.00200043	-0.251564	0.877523	-1.01873e-05
366	2.51383e-09	-0.382731	1.1216	-0.000588809	-0.868855	-0.297782	-0.00206251
367	2.51383e-09	1.17959	-0.105183	0.000466618	0.0836574	0.917602	-0.00134103
368	2.51383e-09	-0.777672	-0.917493	0.00105775	0.697287	-0.586401	4.33027e-05
369	2.51383e-09	0.817849	-0.871983	-0.000470043	0.666048	0.62331	0.000808955
370	2.51383e-09	0.158098	1.1747	0.000419452	-0.912289	0.122307	-0.00108839
371	2.51383e-09	0.598803	1.05221	0.000978605	-0.789468	0.44849	0.000834599
372	2.51383e-09	0.00224785	-1.19769	0.00209263	0.913436	0.00447635	-0.00197572
373	2.51383e-09	-0.33246	1.14236	-0.00312475	-0.879433	-0.257972	0.0010086
374	2.51383e-09	-0.0570085	-1.20802	0.00268577	0.907908	-0.0391794	0.00197612
375	2.51383e-09	-1.15331	0.289792	0.000377263	-0.222029	-0.889943	0.00142554
376	2.51383e-09	1.17471	0.184034	0.000981588	-0.140508	0.905239	0.000404999
377	2.51383e-09	1.17846	-0.165685	0.00105755	0.123789	0.909284	0.00101112
378	2.51383e-09	0.834605	-0.865437	0.00120994	0.656565	0.630377	0.000353112
379	2.51383e-09	0.307	-1.13217	0.00244174	0.891431	0.247916	0.00132308
380	2.51383e-09	-0.963508	0.682874	0.000717941	-0.534533	-0.751862	0.000177609
381	2.51383e-09	-0.0476279	1.19346	0.000330653	-0.913168	-0.0368244	-0.000574203
382	2.51383e-09	-1.11902	-0.428224	0.00150191	0.329226	-0.850735	-0.00181799
383	2.51383e-09	0.46774	-1.07707	0.000489671	0.848798	0.360926	8.67287e-06
384	2.51383e-09	-1.19469	-0.102	0.00216095	0.0728712	-0.911751	-0.00111137
385	2.51383e-09	-0.993712	0.660567	-0.000595344	-0.507609	-0.759801	0.000296348
386	2.51383e-09	-1.13377	0.372555	0.00240293	-0.282895	-0.870384	-0.00144479
387	2.51383e-09	1.06955	0.535192	-0.00382838	-0.408041	0.820077	-0.000826919
388	2.51383e-09	0.537436	-1.08603	-0.00117166	0.812123	0.399592	-0.000721803
389	2.51383e-09	1.09646	0.452197	-0.0029752	-0.352849	0.847892	0.00286618
390	2.51383e-09	0.480827	-1.08785	0.00388554	0.835787	0.372282	-6.78904e-05
391	2.51383e-09	1.02225	0.651808	0.0025551	-0.484649	0.766346	-7.91548e-05
392	2.51383e-09	0.0756246	-1.20378	0.00185069	0.907323	0.057573	0.00418467
393	2.51383e-09	0.145169	-1.19476	-0.00189397	0.907542	0.105873	-0.00170482
394	2.51383e-09	1.02282	0.625617	-0.00215241	-0.474813	0.781552	-0.000485544
395	2.51383e-09	-0.799096	0.885552	-0.00103223	-0.67976	-0.616009	-0.000924851
396	2.51383e-09	1.19574	0.157343	-0.000720613	-0.114414	0.903664	0.000176611
397	2.51383e-09	-0.661357	-1.00224	0.00308131	0.762267	-0.500652	-0.000876325
398	2.51383e-09	-0.0281335	1.21418	2.7995e-05	-0.90504	-0.0249343	-0.00152082
399	2.51383e-09	1.04573	0.581973	-0.00105541	-0.446371	0.799199	-0.00183522
400	2.51383e-09	-1.17838	0.195503	0.000731061	-0.144496	-0.904255	-0.000776174
