8.305999e+03
401
0	1	0.000383514	0.000237885	-3.50088e-07	5.86009e-08	7.24391e-09	-3.87509e-11
1	2.51383e-09	-1.00803	-0.0691312	-0.000606579	0.0734962	-0.992843	0.0025844
2	2.51383e-09	0.554065	-0.834253	0.000296769	0.835881	0.546281	-0.000901216
3	2.51383e-09	-0.976902	0.214448	0.000196239	-0.211726	-0.974924	-0.00127797
4	2.51383e-09	-1.00595	0.0285386	-0.00201674	-0.0249701	-0.996555	-0.00086005
5	2.51383e-09	0.265945	0.963998	0.00135894	-0.961773	0.26669	0.0010395
6	2.51383e-09	0.660829	-0.762829	0.00310774	0.752605	0.653087	0.000142415
7	2.51383e-09	-0.669349	-0.730969	0.000919286	0.743644	-0.678904	0.00242465
8	2.51383e-09	0.442446	0.895181	0.000107595	-0.895553	0.44426	0.000960261
9	2.51383e-09	0.460366	-0.887574	-0.000143009	0.889765	0.460844	-0.000593317
10	2.51383e-09	-0.561946	-0.846269	-0.0003126	0.825369	-0.548946	-0.000712415
11	2.51383e-09	0.924463	-0.381173	-0.000276216	0.381744	0.92522	-0.000616973
12	2.51383e-09	0.0612118	-1.01588	-0.000194479	0.988412	0.0555955	0.00190156
13	2.51383e-09	0.041119	1.00201	-0.000870294	-0.998505	0.0431553	0.000574518
14	2.51383e-09	-0.996182	-0.168798	-0.00232164	0.166569	-0.980998	0.00266824
15	2.51383e-09	0.837399	-0.546933	0.00158537	0.552787	0.836753	-0.001099
16	2.51383e-09	-0.463918	0.87658	0.00128543	-0.891335	-0.469353	0.000958421
17	2.51383e-09	-0.737587	-0.687607	0.00133846	0.67452	-0.733865	-0.000580523
18	2.51383e-09	-0.0314147	-1.01782	0.000629303	0.991236	-0.0370495	-0.00167394
19	2.51383e-09	-0.101395	1.00668	-0.00151273	-0.993122	-0.0924028	0.00289127
20	2.51383e-09	-0.418736	-0.94039	0.00377695	0.898738	-0.402811	-0.000901512
21	2.51383e-09	-0.0901217	-1.00284	0.00184711	0.992177	-0.0871137	-0.00227109
22	2.51383e-09	0.49573	0.897413	-0.00153051	-0.866184	0.479825	-0.00231331
23	2.51383e-09	-0.505168	-0.871366	0.00261803	0.864984	-0.497469	0.00150552
24	2.51383e-09	-0.30683	0.961729	-0.000304767	-0.950651	-0.296174	0.00193593
25	2.51383e-09	0.152402	-1.01108	0.00225463	0.975102	0.144963	-0.000794824
26	2.51383e-09	0.860557	0.538983	-0.00059316	-0.525569	0.843812	0.00137881
27	2.51383e-09	-0.89125	0.447636	-0.0025561	-0.446568	-0.898358	0.00113054
28	2.51383e-09	-1.00251	-0.00237981	0.0025439	0.00226201	-1.00063	0.00132304
29	2.51383e-09	-0.946404	-0.35201	0.000167488	0.345765	-0.933581	-0.00197336
30	2.51383e-09	-0.0394914	-1.01098	-0.00211369	0.993242	-0.0397911	0.000255824
31	2.51383e-09	0.811128	-0.60191	-0.0028051	0.592824	0.798695	-0.0025584
32	2.51383e-09	-0.97966	-0.248098	-0.000279719	0.241224	-0.963274	-0.00416722
33	2.51383e-09	-0.6967	-0.742322	4.89998e-05	0.728106	-0.679055	0.001638
34	2.51383e-09	0.182227	1.0166	-0.00159302	-0.96971	0.171834	-0.00314406
35	2.51383e-09	0.62725	0.798608	0.000688135	-0.782605	0.613992	0.0032006
36	2.51383e-09	-0.692042	-0.742924	-0.00135305	0.731655	-0.668038	-0.00187843
37	2.51383e-09	0.766761	-0.669848	0.000333703	0.654197	0.746241	-0.00209421
38	2.51383e-09	0.941936	-0.360195	0.00089496	0.354017	0.928143	0.00273106
39	2.51383e-09	0.329941	-0.96689	0.000769371	0.933239	0.319116	0.00241875
40	2.51383e-09	0.210459	-1.00217	0.000121927	0.964878	0.198794	-0.000242079
41	2.51383e-09	-0.208967	0.992728	0.00193596	-0.971518	-0.205561	0.00321928
42	2.51383e-09	0.232619	1.01562	0.00129047	-0.954155	0.216868	0.0026479
43	2.51383e-09	-0.545006	0.841625	0.00223402	-0.838963	-0.54814	-0.00219552
44	2.51383e-09	-0.579988	0.859886	-0.000832948	-0.811778	-0.551246	-0.00178506
45	2.51383e-09	-0.7882	0.652154	-0.00123482	-0.627446	-0.763852	0.00208301
46	2.51383e-09	0.768569	0.664948	-0.000663906	-0.646808	0.75333	4.86337e-05
47	2.51383e-09	0.96945	-0.319999	0.00125028	0.309025	0.939182	0.00124168
48	2.51383e-09	0.964648	-0.35312	0.000776932	0.339709	0.927257	0.00169048
49	2.51383e-09	0.908147	-0.439033	0.00170144	0.433748	0.895499	0.0027631
50	2.51383e-09	0.922026	-0.476837	0.00157317	0.449281	0.874176	-0.00212109
51	2.51383e-09	-0.913813	0.423046	-0.00173469	-0.416787	-0.904301	-0.000623756
52	2.51383e-09	0.548738	0.879071	0.000126064	-0.829745	0.52185	0.00149342
53	2.51383e-09	-0.277446	-0.990824	0.00215526	0.947897	-0.267338	0.000730532
54	2.51383e-09	0.939904	-0.391895	0.00188421	0.38242	0.916434	-0.000201585
55	2.51383e-09	0.986331	0.325192	-0.000247721	-0.310263	0.930598	-8.71848e-05
56	2.51383e-09	0.095382	-1.02512	-0.000465229	0.97926	0.0909511	9.59428e-05
57	2.51383e-09	-0.193289	1.02662	-0.0015358	-0.963548	-0.183152	0.000579586
58	2.51383e-09	-0.466761	0.92918	-0.000529572	-0.878832	-0.437354	0.00124172
59	2.51383e-09	0.568782	-0.866571	-0.00185145	0.81843	0.536794	-0.00228864
60	2.51383e-09	0.871036	-0.559945	0.000396036	0.531552	0.824673	-0.00130499
61	2.51383e-09	0.874364	0.54723	-0.00215023	-0.519345	0.838606	-0.00239946
62	2.51383e-09	0.518273	0.901579	0.00022022	-0.848916	0.487901	-0.000540215
63	2.51383e-09	-0.993832	0.25915	0.00121356	-0.247908	-0.955753	-0.000253626
64	2.51383e-09	-1.02214	0.00971251	-0.000692448	-0.00535286	-0.992181	-0.00133472
65	2.51383e-09	0.960367	-0.361921	-9.806e-06	0.344771	0.923557	0.000557038
66	2.51383e-09	0.713401	0.740423	0.00100843	-0.703513	0.692351	0.00210454
67	2.51383e-09	1.0038	-0.293479	-0.000217343	0.271543	0.940553	-0.00142702
68	2.51383e-09	1.029	0.0827036	0.00330448	-0.0791464	0.981091	-0.00015949
69	2.51383e-09	-0.661621	0.804507	0.00325935	-0.757272	-0.619074	-0.00241239
70	2.51383e-09	-0.906456	0.489213	0.0002512	-0.467409	-0.866058	0.000399283
71	2.51383e-09	0.785197	-0.674248	0.00140091	0.642791	0.744716	0.00485977
72	2.51383e-09	0.810059	-0.687452	0.00269451	0.623277	0.742193	-0.00114929
73	2.51383e-09	0.85831	0.583629	0.00212919	-0.553909	0.81084	-0.00167996
74	2.51383e-09	-0.617406	0.860166	0.000178872	-0.792262	-0.561734	0.00230442
75	2.51383e-09	-1.03855	0.113215	-8.76049e-05	-0.106462	-0.971963	-0.00105944
76	2.51383e-09	-0.457642	0.950172	-0.00357706	-0.87276	-0.427489	-0.000788765
77	2.51383e-09	0.366487	-0.992387	-0.000699968	0.914114	0.333176	-0.000779776
78	2.51383e-09	-1.05117	0.0671878	0.0022366	-0.0598599	-0.96798	-0.00234844
79	2.51383e-09	0.998167	0.250591	0.0041949	-0.243472	0.958594	0.00281499
80	2.51383e-09	0.717731	0.74294	0.000422483	-0.707252	0.68669	-0.000193561
81	2.51383e-09	-0.0244648	-1.0212	-1.12269e-05	0.99072	-0.0213392	5.76697e-05
82	2.51383e-09	-0.362798	0.988389	-0.00183289	-0.914036	-0.34208	0.000685041
83	2.51383e-09	-0.587465	-0.846362	-0.00103766	0.809042	-0.564122	-0.0018028
84	2.51383e-09	0.483619	0.920709	-0.000379179	-0.870751	0.453977	-0.00020885
85	2.51383e-09	0.789823	0.651634	0.000260829	-0.629621	0.763521	0.00163531
86	2.51383e-09	-0.939117	-0.471071	0.000489676	0.444138	-0.86969	0.00083794
87	2.51383e-09	-0.745351	-0.740217	-0.000887678	0.683485	-0.692382	-0.000515641
88	2.51383e-09	0.840986	-0.606738	0.00214236	0.573031	0.796705	-0.00202953
89	2.51383e-09	0.823216	-0.64402	-0.00133895	0.606474	0.770387	-0.000499723
90	2.51383e-09	1.039	0.140273	-0.00271571	-0.126525	0.968487	-0.00257971
91	2.51383e-09	1.03343	0.074658	-0.00162067	-0.0716757	0.977561	0.0042772
92	2.51383e-09	-0.767209	0.72074	0.0013674	-0.664974	-0.712313	0.000564057
93	2.51383e-09	-1.02143	0.309447	-0.0012466	-0.281962	-0.924615	0.000422675
94	2.51383e-09	1.03153	-0.123342	0.00370517	0.117583	0.974042	-0.000668117
95	2.51383e-09	-1.00748	-0.177227	0.000708779	0.172001	-0.975626	-0.000115626
96	2.51383e-09	-0.264343	-1.02174	-0.00106941	0.943491	-0.238095	0.00280796
97	2.51383e-09	-0.933417	0.480323	0.000194358	-0.440157	-0.872138	-0.00195207
98	2.51383e-09	0.743931	-0.751555	0.0014448	0.688593	0.685345	0.000820146
99	2.51383e-09	0.857062	-0.636384	-0.00164122	0.584802	0.770911	-0.00158974
100	2.51383e-09	-0.677847	0.796838	0.000492615	-0.750292	-0.632789	-0.000520603
101	2.51383e-09	1.00897	0.226526	-0.00113908	-0.214135	0.960083	-0.000737078
102	2.51383e-09	-0.732616	0.721063	0.00127623	-0.68746	-0.706057	-0.000820597
103	2.51383e-09	-0.297091	1.00603	0.00241364	-0.935525	-0.279782	-0.000954013
104	2.51383e-09	-0.813245	0.649786	-0.000332238	-0.616047	-0.764881	0.00214473
105	2.51383e-09	-0.888919	-0.530049	0.000602255	0.506518	-0.842991	0.00185941
106	2.51383e-09	0.787601	-0.69672	0.000526983	0.646049	0.728548	0.00188826
107	2.51383e-09	-0.777575	-0.712211	0.000336686	0.659102	-0.719036	-0.00043795
108	2.51383e-09	-1.01884	-0.336747	0.00053986	0.30378	-0.913117	-0.00091763
109	2.51383e-09	0.368252	0.992715	0.000708011	-0.91589	0.334527	0.00215806
110	2.51383e-09	1.05366	-0.0673039	-0.000515471	0.0567022	0.971645	0.00335854
111	2.51383e-09	-1.00709	0.313061	0.00215786	-0.289581	-0.932809	0.00117554
112	2.51383e-09	0.0749383	-1.0588	0.000633874	0.969798	0.065744	-0.00122019
113	2.51383e-09	-0.0928136	-1.0509	-0.00152602	0.972	-0.0852249	-0.000421259
114	2.51383e-09	0.815623	-0.659721	-0.00152329	0.612789	0.761444	0.00109025
115	2.51383e-09	0.684517	0.822906	0.000332996	-0.748912	0.615295	-0.00284397
116	2.51383e-09	-0.373771	-0.988026	0.00154552	0.906767	-0.345394	-0.00306953
117	2.51383e-09	0.517881	-0.918464	0.000889368	0.85017	0.47794	-0.00110199
118	2.51383e-09	1.04569	-0.157673	-0.00030663	0.143304	0.963209	0.000644296
119	2.51383e-09	0.770598	-0.716998	0.00215426	0.660236	0.713583	0.00387394
120	2.51383e-09	0.97507	0.396865	-0.00251931	-0.370281	0.900302	0.00104635
121	2.51383e-09	0.975202	0.442202	-0.00279563	-0.394858	0.880817	0.00165215
122	2.51383e-09	0.488974	0.951843	-0.00193509	-0.860817	0.444778	0.00142255
123	2.51383e-09	-1.03159	-0.12324	0.000996638	0.12115	-0.97456	0.00256495
124	2.51383e-09	1.07316	-0.0841486	-0.00267821	0.0747334	0.96161	0.00134424
125	2.51383e-09	0.844549	0.609399	0.00212939	-0.575357	0.795868	0.000582163
126	2.51383e-09	-0.443112	0.961634	0.000294842	-0.885563	-0.402977	0.00183167
127	2.51383e-09	-0.985654	-0.380247	-0.000902012	0.35389	-0.905275	0.000986116
128	2.51383e-09	0.743379	0.775559	-0.00329565	-0.693844	0.668456	-0.000354289
129	2.51383e-09	-1.04551	0.167411	0.000727199	-0.156576	-0.957197	0.0024069
130	2.51383e-09	0.460036	0.958283	-0.00041593	-0.87288	0.425194	-0.00279485
131	2.51383e-09	-0.567991	0.926229	0.00025227	-0.819089	-0.50213	-0.00193478
132	2.51383e-09	0.946457	-0.489928	-0.00144484	0.444274	0.862119	0.00145531
133	2.51383e-09	-0.569572	-0.907958	1.8691e-05	0.816679	-0.513436	0.00129513
134	2.51383e-09	-0.887168	0.572506	-0.000997858	-0.525994	-0.816304	0.000261296
135	2.51383e-09	-0.128428	-1.04502	0.00211735	0.967228	-0.114579	0.000500869
136	2.51383e-09	0.0561681	1.08837	0.000278811	-0.954482	0.0462489	0.00211656
137	2.51383e-09	-1.06353	0.0559684	9.76008e-05	-0.0466315	-0.967092	-0.00186771
138	2.51383e-09	-1.05738	-0.0621841	-0.00116683	0.0541773	-0.97145	0.000489462
139	2.51383e-09	0.641178	-0.852068	-0.00173385	0.77315	0.580771	0.00258415
140	2.51383e-09	-0.997525	-0.435921	-0.000643728	0.377597	-0.87965	-4.65099e-06
141	2.51383e-09	0.964684	0.45924	0.000439375	-0.415106	0.874867	-0.00232519
142	2.51383e-09	0.501215	-0.94342	0.00209692	0.858962	0.451738	0.000781539
143	2.51383e-09	0.96486	0.481665	-0.00194251	-0.424753	0.86263	0.000583051
144	2.51383e-09	-0.0824898	-1.08105	-0.00123589	0.956942	-0.0705938	0.00183344
145	2.51383e-09	-0.769266	-0.730197	0.000664698	0.665337	-0.705762	0.000330574
146	2.51383e-09	0.797543	0.75589	0.00391515	-0.658544	0.694148	0.00027439
147	2.51383e-09	0.279466	-1.05	0.00195244	0.925167	0.248839	-0.00190502
148	2.51383e-09	-0.4258	-0.996512	-0.000708733	0.884362	-0.373597	-0.00100752
149	2.51383e-09	-0.908001	0.538409	0.000107835	-0.488662	-0.843638	0.00182636
150	2.51383e-09	-0.853382	0.646048	0.00137523	-0.579366	-0.777154	0.000675612
151	2.51383e-09	-0.679618	-0.833122	-0.00165598	0.749552	-0.607555	0.000723921
152	2.51383e-09	-0.968006	-0.438238	0.000383281	0.407618	-0.886407	-0.00135012
153	2.51383e-09	0.717669	0.816098	8.79943e-05	-0.720783	0.632953	-9.74291e-05
154	2.51383e-09	0.17565	1.08916	0.00220319	-0.940221	0.157731	0.000884977
155	2.51383e-09	0.474264	0.967333	-7.61791e-05	-0.868233	0.418392	-0.00200783
156	2.51383e-09	-0.931545	-0.56404	-0.00234692	0.50133	-0.816888	-0.00169256
157	2.51383e-09	0.431642	-0.97235	-0.000778033	0.889423	0.389317	-0.000593511
158	2.51383e-09	-0.975415	-0.489176	0.00565054	0.432848	-0.855205	0.000107039
159	2.51383e-09	1.02028	-0.340607	-0.000603195	0.304094	0.913486	-0.000119547
160	2.51383e-09	0.570355	0.916751	-0.00083677	-0.816709	0.507493	-0.00281313
161	2.51383e-09	-0.372194	-1.02271	0.00249148	0.899856	-0.328449	-0.00146999
162	2.51383e-09	0.652611	-0.857536	-0.000477075	0.767073	0.583393	0.00374462
163	2.51383e-09	0.428389	0.994042	-9.0497e-05	-0.88446	0.377067	0.00107497
164	2.51383e-09	0.578646	-0.897892	-0.00326066	0.814435	0.526055	7.02085e-05
165	2.51383e-09	-0.982597	0.499341	0.00092844	-0.432613	-0.847584	-0.00303846
166	2.51383e-09	-1.06932	0.13221	-0.000907162	-0.121014	-0.958828	-0.001718
167	2.51383e-09	0.340732	1.01735	0.00434691	-0.915888	0.298096	-0.000294124
168	2.51383e-09	-1.07871	0.138724	-4.1714e-05	-0.119236	-0.951387	0.001435
169	2.51383e-09	0.652044	0.864412	-0.00192468	-0.767851	0.580923	0.000588006
170	2.51383e-09	0.440768	0.99282	0.000426848	-0.876608	0.392898	-0.003468
171	2.51383e-09	0.723697	-0.823153	-0.00173984	0.715875	0.628873	0.00275616
172	2.51383e-09	-0.540682	0.971298	0.000824228	-0.828762	-0.46438	-0.00121735
173	2.51383e-09	-0.61999	-0.91235	-0.000571531	0.788243	-0.535582	0.00177429
174	2.51383e-09	-0.917505	-0.602562	0.00253368	0.523241	-0.800459	9.27443e-05
175	2.51383e-09	-0.348801	1.03317	-0.00188025	-0.904517	-0.313064	0.000997027
176	2.51383e-09	0.31351	-1.03203	0.000148229	0.922058	0.279417	-0.000500918
177	2.51383e-09	0.218838	1.09973	-0.0015868	-0.925537	0.185675	0.00177018
178	2.51383e-09	0.81516	0.702813	-0.000577938	-0.629685	0.730531	-0.000536098
179	2.51383e-09	1.09844	0.084759	0.00372453	-0.0771333	0.948561	-0.00201109
180	2.51383e-09	-0.662866	0.853781	0.00248187	-0.761151	-0.589482	-0.0014911
181	2.51383e-09	-1.08471	-0.201376	-0.0016271	0.171312	-0.934981	0.00118721
182	2.51383e-09	1.03633	-0.354535	0.0014695	0.310233	0.903747	-0.000832005
183	2.51383e-09	-0.462786	-0.996111	0.000604196	0.862666	-0.403171	-0.00077536
184	2.51383e-09	1.04415	-0.385445	-0.00262109	0.327958	0.888808	-0.000977236
185	2.51383e-09	0.997071	0.451611	0.000435921	-0.3939	0.86961	0.0012154
186	2.51383e-09	-0.614547	0.889538	-0.00174261	-0.794385	-0.546821	0.000602854
187	2.51383e-09	-0.636423	-0.857756	-0.00205457	0.774779	-0.575781	-0.00323974
188	2.51383e-09	0.505515	0.97654	0.00241255	-0.846925	0.442046	0.00217449
189	2.51383e-09	-0.136749	-1.08238	-0.00293277	0.949047	-0.120714	0.000683644
190	2.51383e-09	-0.223361	1.06896	-0.001538	-0.940861	-0.19569	-0.00144599
191	2.51383e-09	0.780538	0.76156	0.00397486	-0.670679	0.684983	0.000414767
192	2.51383e-09	-1.10539	-0.00752672	0.000384261	0.00761585	-0.949234	-0.00109445
193	2.51383e-09	0.818629	0.734528	0.00257326	-0.641429	0.708242	0.000515783
194	2.51383e-09	-0.89277	0.674758	0.000241777	-0.569637	-0.754694	0.000310223
195	2.51383e-09	0.547279	0.93694	6.35729e-05	-0.830362	0.481905	-0.000837395
196	2.51383e-09	-0.548042	-0.93109	-0.00328822	0.832884	-0.4902	0.00159843
197	2.51383e-09	-1.077	0.134546	0.00148797	-0.117987	-0.951992	0.00234521
198	2.51383e-09	-0.886267	-0.671721	0.000223592	0.574071	-0.753385	0.00202517
199	2.51383e-09	0.713618	0.840582	-0.00103153	-0.725063	0.615995	0.00251404
200	2.51383e-09	-0.894704	0.674642	0.000219253	-0.567369	-0.752265	-0.00117917
201	2.51383e-09	-0.0969068	1.10021	-0.00232489	-0.947236	-0.0825682	-0.00104499
202	2.51383e-09	-0.157379	1.07564	0.0018516	-0.952363	-0.140884	0.00185169
203	2.51383e-09	0.943749	0.534502	0.00110917	-0.474538	0.835049	-0.00236663
204	2.51383e-09	0.280272	-1.07363	-0.000249987	0.915493	0.236867	-0.000271382
205	2.51383e-09	0.905591	0.664234	-0.00163464	-0.56148	0.759005	0.000925027
206	2.51383e-09	0.151182	1.08408	-0.0027174	-0.946743	0.135058	0.000518483
207	2.51383e-09	1.1119	-0.142914	-0.000741271	0.11817	0.935173	-0.00110184
208	2.51383e-09	0.0542812	1.09678	-0.00244968	-0.953072	0.048477	0.00137242
209	2.51383e-09	-0.31059	-1.05992	0.00252852	0.910867	-0.270264	-0.000785186
210	2.51383e-09	1.09641	0.108015	0.00174339	-0.0951966	0.948893	-0.00222439
211	2.51383e-09	-1.08608	0.191776	0.000741267	-0.164687	-0.935197	0.00240679
212	2.51383e-09	0.379846	1.05655	0.00262242	-0.88671	0.324864	-0.00125322
213	2.51383e-09	-0.053174	-1.10906	-0.00104332	0.946946	-0.0435375	-0.00077648
214	2.51383e-09	-1.05212	-0.305206	0.00127577	0.275001	-0.915495	5.03434e-05
215	2.51383e-09	0.783858	-0.804108	-0.000387806	0.673447	0.656952	-0.00326625
216	2.51383e-09	-0.780147	0.803169	-0.000877326	-0.673739	-0.662118	1.48266e-05
217	2.51383e-09	0.961406	0.580125	0.000145794	-0.488369	0.808276	-0.00241759
218	2.51383e-09	0.794334	-0.726256	-0.000791316	0.647174	0.716272	0.00212446
219	2.51383e-09	-0.272956	1.10023	0.000915773	-0.912368	-0.224125	0.00107508
220	2.51383e-09	-0.156802	1.10676	-0.0030454	-0.935204	-0.130575	0.00106341
221	2.51383e-09	0.424107	1.00389	-0.00113055	-0.885086	0.369419	-0.00137347
222	2.51383e-09	-0.29776	-1.06705	-0.00278838	0.916551	-0.252765	0.00129445
223	2.51383e-09	-0.620653	-0.910371	0.00160757	0.787478	-0.540496	0.000134298
224	2.51383e-09	-1.08157	-0.105377	0.000789427	0.091445	-0.958198	-0.000192833
225	2.51383e-09	1.11278	0.0298325	0.00159442	-0.0296035	0.947757	-0.000508713
226	2.51383e-09	-0.80935	0.759461	0.00173424	-0.646025	-0.696359	0.000190114
227	2.51383e-09	1.04359	0.360817	0.000668472	-0.310869	0.900546	0.00108737
228	2.51383e-09	0.135019	1.10933	0.00124191	-0.939321	0.116023	0.00138133
229	2.51383e-09	0.6792	-0.901493	-0.00281243	0.753631	0.563297	-0.00131233
230	2.51383e-09	0.00322074	1.14774	0.00096133	-0.93201	0.0007657	-0.00164059
231	2.51383e-09	0.739985	0.844523	-0.00322319	-0.707725	0.627319	-0.00428808
232	2.51383e-09	0.0388911	-1.09728	-0.00158366	0.95582	0.0294365	0.00324021
233	2.51383e-09	-0.789633	0.780752	0.00201695	-0.663838	-0.680222	-0.00136266
234	2.51383e-09	0.934831	0.590693	-0.00448733	-0.512545	0.802933	0.00054412
235	2.51383e-09	0.0476813	-1.11121	0.000216267	0.948494	0.0355044	0.0037214
236	2.51383e-09	0.70069	-0.877102	-0.00115692	0.736342	0.592502	-0.000646646
237	2.51383e-09	0.881506	0.653779	0.000939574	-0.567248	0.772518	0.00181485
238	2.51383e-09	-0.999114	-0.56054	-0.00272546	0.462188	-0.811877	-0.000222108
239	2.51383e-09	0.0239506	1.10903	-0.000969711	-0.947898	0.0221723	0.0023036
240	2.51383e-09	0.324622	1.08656	0.000554418	-0.895534	0.272915	-0.00117936
241	2.51383e-09	-0.147573	1.09759	0.000150852	-0.944811	-0.131117	-0.000986037
242	2.51383e-09	-0.377666	-1.09074	0.00285798	0.878155	-0.305866	-0.00210571
243	2.51383e-09	1.07428	-0.329873	-0.00321877	0.274257	0.902341	-0.000899657
244	2.51383e-09	0.828246	-0.778993	-0.000801382	0.641021	0.685485	-0.00242187
245	2.51383e-09	-0.203242	-1.10244	-0.00215034	0.929748	-0.170654	-0.0040696
246	2.51383e-09	-1.01716	0.485409	-0.00207016	-0.405363	-0.850782	-0.00281642
247	2.51383e-09	0.0268723	1.09524	0.0016754	-0.9582	0.0222051	0.000374515
248	2.51383e-09	-0.705237	-0.885331	0.000360501	0.733968	-0.582123	-0.000674382
249	2.51383e-09	1.11704	-0.0537187	0.00016844	0.0497168	0.946595	0.000839973
250	2.51383e-09	-1.01792	0.486913	-0.00033896	-0.405405	-0.849056	0.000490208
251	2.51383e-09	0.323723	1.07709	-3.12921e-05	-0.905175	0.273324	-0.00090426
252	2.51383e-09	1.11804	0.120204	-0.000872892	-0.10046	0.936587	-0.00128628
253	2.51383e-09	-1.00693	0.529341	0.00400038	-0.436683	-0.828009	0.000482972
254	2.51383e-09	0.221106	1.10735	0.00151245	-0.921979	0.185343	-0.00134721
255	2.51383e-09	-1.04068	0.451539	-6.13743e-05	-0.374345	-0.861108	0.000464535
256	2.51383e-09	-0.85969	0.751001	-0.000754602	-0.619489	-0.699446	-0.000623386
257	2.51383e-09	1.04851	-0.406944	-0.00268572	0.34397	0.879991	-0.00197658
258	2.51383e-09	1.10887	0.223847	-0.00159803	-0.188334	0.920004	0.00355587
259	2.51383e-09	-1.01901	-0.491544	-1.18269e-05	0.411735	-0.844016	0.00141207
260	2.51383e-09	0.249375	-1.10272	0.0042039	0.916758	0.203818	-0.000309688
261	2.51383e-09	0.12876	1.14038	-0.00129026	-0.927021	0.100841	0.000192853
262	2.51383e-09	0.10631	-1.10902	0.00312509	0.942318	0.0961455	0.0032931
263	2.51383e-09	-1.12523	-0.204158	-0.00169443	0.163752	-0.917978	-0.000772738
264	2.51383e-09	-1.09056	-0.266162	0.00129142	0.224469	-0.916777	-0.0010192
265	2.51383e-09	-0.867297	-0.753916	0.000139798	0.615291	-0.697394	-0.000156463
266	2.51383e-09	1.07276	-0.380359	-0.000262251	0.314543	0.882728	-0.000505853
267	2.51383e-09	0.221906	1.10322	0.00119237	-0.924323	0.18024	0.00172514
268	2.51383e-09	0.747423	0.859399	-0.00134104	-0.712339	0.606421	0.00180195
269	2.51383e-09	1.03419	-0.487699	0.00259796	0.398078	0.848854	-0.0022182
270	2.51383e-09	-1.09989	0.279678	-0.000960913	-0.233194	-0.908252	-0.000922584
271	2.51383e-09	-0.568215	0.991199	0.00031066	-0.812923	-0.465222	0.000735596
272	2.51383e-09	-1.08762	0.358785	0.00200572	-0.290803	-0.887657	-0.00236224
273	2.51383e-09	0.666261	0.92314	0.000342155	-0.76245	0.547146	-0.00254259
274	2.51383e-09	0.471571	1.0087	0.00015143	-0.863402	0.398195	0.00229395
275	2.51383e-09	-0.241391	-1.10407	0.00292626	0.920556	-0.198734	3.59527e-05
276	2.51383e-09	0.627014	-0.944324	0.000147027	0.784605	0.522059	-0.001397
277	2.51383e-09	1.07332	0.390479	0.00280251	-0.311866	0.883572	0.00303418
278	2.51383e-09	-0.0769858	-1.15222	-0.0018631	0.92784	-0.0610711	0.000818466
279	2.51383e-09	0.682434	-0.954688	-0.00088864	0.748661	0.539312	-0.000708572
280	2.51383e-09	-1.13815	-0.204623	0.000520312	0.160454	-0.917408	0.00165515
281	2.51383e-09	1.02597	0.49723	0.000456598	-0.410605	0.840991	0.000667409
282	2.51383e-09	-0.017981	1.14827	-0.00214077	-0.933578	-0.015054	0.00150207
283	2.51383e-09	0.282914	1.10598	0.00258157	-0.906225	0.224537	0.000198456
284	2.51383e-09	0.250102	-1.12094	0.00250946	0.912766	0.198899	-0.000736435
285	2.51383e-09	0.275986	1.10846	-0.00223324	-0.909224	0.222987	-0.000144743
286	2.51383e-09	0.803478	-0.806795	0.00238047	0.663524	0.660981	-0.00157386
287	2.51383e-09	-1.01848	-0.483234	4.96284e-05	0.405794	-0.85221	-0.00103234
288	2.51383e-09	-0.96702	-0.627219	0.00171948	0.509457	-0.782036	-0.000777026
289	2.51383e-09	-1.07798	0.396342	-0.00312574	-0.318572	-0.879439	-0.00111439
290	2.51383e-09	0.830554	-0.78498	0.000115461	0.6455	0.677758	0.00286565
291	2.51383e-09	0.841719	0.775254	-0.0010447	-0.636078	0.686441	0.00080016
292	2.51383e-09	1.13435	0.186346	-0.000145332	-0.151088	0.920311	-0.00208299
293	2.51383e-09	-0.925263	0.666213	-0.00101565	-0.548609	-0.757462	-0.00222894
294	2.51383e-09	-1.15094	0.213757	-0.00345609	-0.169217	-0.907662	0.00453023
295	2.51383e-09	-0.84677	0.770113	-0.00128839	-0.625776	-0.693507	0.000825858
296	2.51383e-09	-1.15393	-0.0478848	0.0043093	0.0400468	-0.929372	0.00223031
297	2.51383e-09	-0.562577	0.998796	-0.0021729	-0.812664	-0.458641	0.00144524
298	2.51383e-09	-0.240237	1.13107	0.00269988	-0.907599	-0.191869	-0.00106714
299	2.51383e-09	0.937756	-0.712118	0.000297779	0.559476	0.726688	0.000201445
300	2.51383e-09	-0.795408	-0.85211	0.000833135	0.675298	-0.633955	-0.00231496
301	2.51383e-09	0.727842	0.912426	-0.00218568	-0.727875	0.569092	-0.000761865
302	2.51383e-09	-0.228587	-1.1329	-0.000324048	0.916088	-0.182072	0.00474901
303	2.51383e-09	1.05724	-0.467685	0.00226534	0.376085	0.850358	-9.63776e-06
304	2.51383e-09	0.162148	1.14542	-0.00148646	-0.922042	0.13508	-0.000678091
305	2.51383e-09	1.14165	0.101919	0.00140507	-0.0829232	0.931301	-0.00233886
306	2.51383e-09	-0.431742	1.06832	-0.000872945	-0.86201	-0.349245	-0.000111475
307	2.51383e-09	-1.12205	-0.309312	0.00183197	0.243184	-0.89275	0.00239589
308	2.51383e-09	1.09053	-0.43663	0.00153999	0.347444	0.854062	0.0010293
309	2.51383e-09	1.09154	-0.314818	-1.59415e-05	0.263181	0.90271	-0.000160435
310	2.51383e-09	-0.648616	-0.964152	0.000174227	0.77059	-0.514599	0.00101564
311	2.51383e-09	1.14405	0.182004	0.00342765	-0.148242	0.91838	0.00059798
312	2.51383e-09	-0.968025	0.651757	0.00121007	-0.518695	-0.763706	-0.00214147
313	2.51383e-09	-0.986622	-0.592641	-0.0026873	0.481116	-0.796265	-0.00154752
314	2.51383e-09	-0.180579	1.12813	0.00244958	-0.922848	-0.152006	-0.000358237
315	2.51383e-09	-1.13603	-0.273319	0.000654577	0.215383	-0.899254	0.00256147
316	2.51383e-09	-0.0432858	1.17051	0.00071501	-0.922195	-0.0330359	-0.00123126
317	2.51383e-09	-0.592454	0.990261	0.00322325	-0.799446	-0.480101	0.0011365
318	2.51383e-09	0.596297	0.989954	0.0013679	-0.800354	0.476721	-0.00192952
319	2.51383e-09	-1.15672	-0.156934	-0.00123828	0.127169	-0.916995	-0.00242993
320	2.51383e-09	-0.407339	-1.10879	0.000677868	0.864884	-0.315019	0.00104912
321	2.51383e-09	0.836058	-0.804311	-0.000423708	0.645522	0.669846	-0.000597712
322	2.51383e-09	0.401392	-1.09085	-0.00288424	0.871256	0.315284	0.00173856
323	2.51383e-09	-1.11591	0.294558	6.82207e-05	-0.245691	-0.89879	-0.000172911
324	2.51383e-09	0.604119	1.00721	-0.000232869	-0.790933	0.474357	0.00122451
325	2.51383e-09	-0.284076	1.12605	-0.00209623	-0.900099	-0.220889	-0.00192481
326	2.51383e-09	-0.951519	-0.680619	-0.00302148	0.535657	-0.75838	-0.00256286
327	2.51383e-09	-0.475486	1.07633	0.00113043	-0.844288	-0.371898	-0.00238954
328	2.51383e-09	-0.692618	-0.906742	0.00189327	0.746105	-0.569226	-0.00217611
329	2.51383e-09	1.13921	0.313496	-0.000894062	-0.248022	0.882509	-0.000548169
330	2.51383e-09	0.711151	-0.918944	-4.72309e-06	0.731571	0.568701	0.000535994
331	2.51383e-09	-0.964615	-0.619889	-0.00190813	0.505461	-0.786768	-0.000985285
332	2.51383e-09	-0.75567	0.909505	0.00153084	-0.707131	-0.587277	5.77806e-05
333	2.51383e-09	0.852984	-0.825599	-0.00251399	0.638218	0.658731	0.000729024
334	2.51383e-09	-0.0813953	1.17334	0.00139788	-0.919747	-0.0588792	0.00111734
335	2.51383e-09	0.655464	-0.994747	-0.00104752	0.763118	0.502178	5.53288e-05
336	2.51383e-09	-0.509457	1.05902	0.00218692	-0.829606	-0.402722	0.00191361
337	2.51383e-09	-1.15056	0.290679	-0.00238537	-0.224896	-0.887375	0.000559773
338	2.51383e-09	-0.142495	-1.15531	0.00306669	0.920404	-0.113048	0.00126748
339	2.51383e-09	1.17423	-0.0939489	0.00420951	0.0722711	0.921346	-0.00170547
340	2.51383e-09	-0.0623131	-1.18519	-0.00109391	0.913852	-0.0507175	-0.0014238
341	2.51383e-09	-0.499693	-1.06807	0.000160194	0.834133	-0.388057	0.000160215
342	2.51383e-09	0.749503	0.893646	0.000893868	-0.709045	0.594564	3.54199e-05
343	2.51383e-09	-0.997093	0.584755	-0.00210104	-0.466839	-0.804862	0.000928512
344	2.51383e-09	-0.153643	1.16132	-0.000496409	-0.918998	-0.124042	-0.00011812
345	2.51383e-09	-0.0538046	-1.15965	0.000255917	0.92851	-0.0453177	-0.00287786
346	2.51383e-09	1.02285	-0.562672	-0.0016644	0.442549	0.814808	-0.00151973
347	2.51383e-09	1.09824	-0.442623	-0.000616806	0.347562	0.847662	0.00119921
348	2.51383e-09	-0.671937	-0.962667	-0.00297574	0.757148	-0.527746	0.00195796
349	2.51383e-09	-1.07617	-0.468942	0.00148687	0.362473	-0.847842	0.00244843
350	2.51383e-09	-1.09294	-0.408615	-0.00232661	0.328056	-0.865754	0.000598981
351	2.51383e-09	-0.434352	1.11418	-0.0017842	-0.850573	-0.332589	-0.00168396
352	2.51383e-09	1.02326	0.58362	-0.00136714	-0.453611	0.802487	-0.00122979
353	2.51383e-09	0.671059	0.99288	-0.0029709	-0.758859	0.507725	0.00276286
354	2.51383e-09	0.229853	-1.15712	0.000502379	0.904599	0.181635	-0.00216124
355	2.51383e-09	1.14065	-0.172776	-0.000346412	0.140083	0.92053	-0.00257284
356	2.51383e-09	0.362699	-1.14784	0.0010611	0.869822	0.269699	0.00018198
357	2.51383e-09	0.161126	-1.16179	-0.000536555	0.915973	0.124782	-0.00134974
358	2.51383e-09	-0.52963	-1.07444	-0.0036239	0.817784	-0.407659	-0.000196497
359	2.51383e-09	-0.594378	-1.03533	-0.000619213	0.793593	-0.459545	-0.00197738
360	2.51383e-09	0.682942	0.950849	0.00101047	-0.75107	0.540492	1.65303e-05
361	2.51383e-09	1.1698	-0.107481	0.00160223	0.0863609	0.91927	0.000774576
362	2.51383e-09	-1.17425	0.0146362	-0.00106311	-0.00965291	-0.923004	-0.000885948
363	2.51383e-09	1.145	-0.28222	0.00205903	0.224919	0.89536	-0.000361175
364	2.51383e-09	1.01987	-0.566369	-0.00122491	0.449613	0.807022	-8.4759e-05
365	2.51383e-09	-1.19059	-0.155756	0.00224025	0.117445	-0.905088	-0.000697287
366	2.51383e-09	-0.741354	0.925793	-0.00255241	-0.717931	-0.57364	-0.000494201
367	2.51383e-09	-0.173972	-1.17283	0.00141694	0.909693	-0.129437	-0.000833392
368	2.51383e-09	1.13828	0.372478	-0.00124044	-0.282852	0.871371	0.000112951
369	2.51383e-09	0.580398	-1.03688	-0.000323056	0.797913	0.448474	-0.000848963
370	2.51383e-09	0.32498	1.13769	-0.000706076	-0.885282	0.253916	-0.000751574
371	2.51383e-09	1.0429	-0.606756	-0.000850061	0.461552	0.78477	0.00103699
372	2.51383e-09	-1.1962	-0.16314	0.00317237	0.123841	-0.898583	0.000386057
373	2.51383e-09	0.263913	1.15916	-0.00280662	-0.89419	0.200767	-9.10828e-05
374	2.51383e-09	-0.807307	0.904386	-0.00390584	-0.679254	-0.601057	0.000842793
375	2.51383e-09	0.963165	0.708069	-0.00308383	-0.540297	0.73732	-0.000311659
376	2.51383e-09	-0.429191	1.10518	-0.0018665	-0.85518	-0.334246	-0.000387984
377	2.51383e-09	-1.14361	0.336147	-0.00141523	-0.262204	-0.877455	-0.000844948
378	2.51383e-09	0.869555	-0.826783	-0.00108684	0.627459	0.661088	-0.000691949
379	2.51383e-09	-0.0668962	-1.17668	0.00226933	0.920806	-0.044392	0.000519471
380	2.51383e-09	0.328349	-1.14075	0.000106185	0.880933	0.254494	-0.000348024
381	2.51383e-09	0.869762	-0.81358	0.000584962	0.627504	0.667725	-3.1143e-06
382	2.51383e-09	-1.10421	-0.466828	0.000902674	0.360607	-0.837707	-0.00137395
383	2.51383e-09	-0.960368	0.666057	-0.00042777	-0.524209	-0.764607	6.51845e-05
384	2.51383e-09	0.551655	-1.06987	-0.00647935	0.808305	0.419641	0.00101461
385	2.51383e-09	-0.245577	-1.16539	-0.000734846	0.893752	-0.187063	-0.000679604
386	2.51383e-09	0.132699	-1.18376	-0.00203487	0.911366	0.100075	-0.000119356
387	2.51383e-09	-0.531267	-1.07509	0.00270803	0.819408	-0.40255	-0.00209734
388	2.51383e-09	1.11466	0.454149	-0.000273707	-0.349122	0.841204	0.00103386
389	2.51383e-09	-0.653392	0.981734	0.00517103	-0.767363	-0.511992	-0.000281647
390	2.51383e-09	0.980319	0.661626	-0.00256279	-0.51733	0.761618	-0.00182233
391	2.51383e-09	1.01356	-0.652626	0.00188053	0.497291	0.764798	0.00113281
392	2.51383e-09	1.06602	0.549537	0.00320163	-0.419665	0.811862	-0.0040512
393	2.51383e-09	0.327711	1.1734	-0.00132649	-0.87166	0.238134	-0.000444162
394	2.51383e-09	0.532336	-1.07111	0.000127676	0.81798	0.410967	-0.00158789
395	2.51383e-09	0.283631	1.16122	-0.000433468	-0.890009	0.215351	-0.00095471
396	2.51383e-09	0.35375	-1.14842	-0.000532138	0.874288	0.268311	0.000141889
397	2.51383e-09	-0.178211	1.18693	-0.000859285	-0.902733	-0.133873	0.00238141
398	2.51383e-09	0.369054	-1.14927	0.000950047	0.869149	0.273263	0.000913778
399	2.51383e-09	-1.06934	-0.545056	0.00203657	0.412514	-0.813881	0.00173701
400	2.51383e-09	1.17553	0.271829	0.000696891	-0.197337	0.887193	0.000751359
