4.530000e+03
401
0	1	0.000209331	0.000129808	-1.9115e-07	6.92991e-08	-1.51242e-08	-4.30315e-11
1	2.51383e-09	1.00047	0.0215758	-0.000598599	-0.0196193	0.998874	0.000155039
2	2.51383e-09	0.437641	-0.91006	-0.000949542	0.898036	0.429277	-0.00111278
3	2.51383e-09	0.995189	-0.0388781	0.000830567	0.0415887	1.00189	-0.000455294
4	2.51383e-09	0.676644	0.744728	-0.000483291	-0.738484	0.669068	0.00125233
5	2.51383e-09	-0.407972	-0.916044	-0.00024402	0.910951	-0.407249	-0.00067564
6	2.51383e-09	0.910734	-0.46552	-0.00175627	0.451305	0.876286	0.001482
7	2.51383e-09	-0.826656	-0.567253	-0.000468435	0.563307	-0.823297	-0.00161653
8	2.51383e-09	0.994464	-0.11067	0.00146664	0.115206	0.993722	-2.89532e-05
9	2.51383e-09	0.620326	-0.785197	0.000975355	0.7827	0.623096	-0.000138943
10	2.51383e-09	0.934982	-0.359154	-0.000645477	0.361411	0.930801	-0.000255734
11	2.51383e-09	0.860927	0.508793	-0.000319344	-0.50919	0.86131	0.000414001
12	2.51383e-09	0.335655	0.963231	0.000469641	-0.934181	0.323484	0.00163322
13	2.51383e-09	0.705714	0.717147	0.00204431	-0.71194	0.697915	-0.000811053
14	2.51383e-09	-0.338164	0.955125	0.00202801	-0.934066	-0.333502	-0.00144379
15	2.51383e-09	0.945244	0.337345	-0.00139679	-0.328391	0.941067	0.0019767
16	2.51383e-09	0.529067	-0.851745	0.00117831	0.846402	0.527407	-0.00148883
17	2.51383e-09	0.367953	-0.941399	0.000886807	0.925267	0.359043	0.00123774
18	2.51383e-09	-0.463037	-0.898903	0.000509644	0.880872	-0.462441	0.000216859
19	2.51383e-09	-0.612324	-0.81681	-0.00199256	0.790183	-0.590068	0.000585478
20	2.51383e-09	0.830015	0.599765	0.00288144	-0.578959	0.802343	0.00117602
21	2.51383e-09	0.615801	-0.79826	0.00212842	0.785006	0.613303	0.00210105
22	2.51383e-09	0.786037	0.642055	-0.00149569	-0.631749	0.766341	0.000557661
23	2.51383e-09	0.702177	0.741953	0.000592965	-0.71398	0.682557	0.00225278
24	2.51383e-09	0.314172	0.961882	-0.000744021	-0.94593	0.313868	0.00137633
25	2.51383e-09	-0.106186	-1.01822	-0.00146679	0.981807	-0.103684	-0.00104289
26	2.51383e-09	0.962498	0.30193	0.000117533	-0.299772	0.951868	-0.00222883
27	2.51383e-09	-0.863257	0.514568	0.00136315	-0.513631	-0.857814	0.00147919
28	2.51383e-09	0.992801	-0.232047	0.000606169	0.229134	0.960444	3.27961e-05
29	2.51383e-09	0.983287	0.234876	0.00169431	-0.229005	0.968255	0.000230575
30	2.51383e-09	1.00034	-0.110452	-0.000753171	0.109008	0.990677	-0.000734542
31	2.51383e-09	-0.0776075	-1.00081	0.000471911	0.997047	-0.0759082	0.00221715
32	2.51383e-09	0.97999	0.232454	-0.00120582	-0.230741	0.969912	6.09704e-05
33	2.51383e-09	-0.63721	0.79406	5.62282e-06	-0.769491	-0.626314	-0.000882007
34	2.51383e-09	0.783204	-0.664738	-0.00106655	0.640314	0.752062	-0.00146465
35	2.51383e-09	0.969545	-0.322704	0.00181526	0.31279	0.939172	-0.00181362
36	2.51383e-09	-0.868393	-0.529971	0.00120104	0.51781	-0.845424	0.00259447
37	2.51383e-09	-0.951326	-0.372461	-0.00279469	0.35897	-0.921065	-0.00255297
38	2.51383e-09	-0.880098	0.479384	0.0023749	-0.478696	-0.8783	-7.78114e-05
39	2.51383e-09	0.810043	0.595354	-0.00129625	-0.58849	0.806328	0.00148406
40	2.51383e-09	0.232905	-0.979513	0.00176932	0.970533	0.230138	-0.00287945
41	2.51383e-09	0.957742	0.333354	0.00153787	-0.329034	0.937097	-0.00189726
42	2.51383e-09	-0.922081	-0.455154	-0.00168325	0.436723	-0.884525	-0.000490111
43	2.51383e-09	-0.754314	0.672086	-0.000136501	-0.664162	-0.742343	0.00269857
44	2.51383e-09	-0.308674	0.985579	-0.00079809	-0.93509	-0.296967	0.00172366
45	2.51383e-09	0.265026	-0.997756	-0.000667837	0.95152	0.25299	-0.00179996
46	2.51383e-09	1.01477	0.114693	0.000582655	-0.106658	0.984305	-0.00165247
47	2.51383e-09	-1.00303	-0.200136	0.000990019	0.192894	-0.967793	9.66597e-05
48	2.51383e-09	-0.805433	-0.63349	5.79355e-05	0.61429	-0.77345	0.000142114
49	2.51383e-09	-0.817542	-0.616346	-0.000477795	0.596856	-0.788017	-0.000601523
50	2.51383e-09	0.76828	-0.686739	-0.00237705	0.655923	0.736056	-0.000534246
51	2.51383e-09	-0.909473	-0.46761	0.000204512	0.453351	-0.87798	0.00125797
52	2.51383e-09	-0.501019	-0.899298	-0.0011478	0.860863	-0.479269	-0.000129877
53	2.51383e-09	-0.613923	0.818307	0.000302779	-0.789929	-0.596172	-0.000574745
54	2.51383e-09	-0.865609	0.534475	0.000676278	-0.517626	-0.847598	0.00116669
55	2.51383e-09	-0.975073	-0.345921	0.000445733	0.324594	-0.925542	-0.000793872
56	2.51383e-09	0.675709	-0.77687	0.000707612	0.743712	0.644721	0.00181336
57	2.51383e-09	0.937058	0.456066	0.000497426	-0.432483	0.880521	0.00236842
58	2.51383e-09	-0.606666	-0.846523	-0.00162233	0.796486	-0.571909	0.000482892
59	2.51383e-09	0.96254	0.349899	0.000530718	-0.344056	0.928605	-0.00272692
60	2.51383e-09	-0.907454	0.465179	-0.000828784	-0.450481	-0.881823	1.13782e-05
61	2.51383e-09	1.02455	0.113948	0.00200706	-0.108599	0.980964	0.00296419
62	2.51383e-09	0.583574	0.851745	0.000945259	-0.812478	0.554879	0.000602314
63	2.51383e-09	0.967504	-0.345073	0.00105278	0.332497	0.9266	0.000646169
64	2.51383e-09	0.185102	1.01352	-0.00143869	-0.969098	0.171845	-0.000464008
65	2.51383e-09	-0.069016	1.03806	-0.000667018	-0.977449	-0.0628379	-0.00181045
66	2.51383e-09	0.501249	0.891832	-0.00217904	-0.860724	0.490327	-0.00222617
67	2.51383e-09	0.763359	0.690737	0.00202616	-0.664278	0.732342	-0.000896073
68	2.51383e-09	0.962771	-0.36211	-0.00210661	0.344542	0.924398	-2.94081e-05
69	2.51383e-09	-0.16026	1.023	-0.00276935	-0.97146	-0.147958	0.00132938
70	2.51383e-09	-0.407465	0.952282	0.0029748	-0.902208	-0.385353	-0.000724766
71	2.51383e-09	-0.0377966	-1.03095	0.000474942	0.984778	-0.0389968	-9.17665e-05
72	2.51383e-09	-0.760551	-0.726269	0.000393309	0.670308	-0.706703	-0.000733728
73	2.51383e-09	1.04115	-0.0121614	-0.000877786	0.0101608	0.978699	-0.0011178
74	2.51383e-09	-0.613942	-0.852069	0.000175507	0.792944	-0.56634	-0.00028654
75	2.51383e-09	-0.44884	0.93603	-1.63556e-05	-0.884813	-0.426591	-0.000719951
76	2.51383e-09	-0.931557	-0.473558	-0.000846371	0.444708	-0.872514	-0.00196908
77	2.51383e-09	0.129157	-1.04772	5.14557e-05	0.967907	0.118495	0.00112581
78	2.51383e-09	0.857147	0.594105	0.00123196	-0.553173	0.809779	0.000195148
79	2.51383e-09	0.152392	-1.0274	-0.00103954	0.967603	0.147118	-0.00224025
80	2.51383e-09	1.04646	-0.0862322	6.62372e-05	0.0824397	0.9728	0.00131285
81	2.51383e-09	-0.608614	0.84705	0.00012747	-0.794654	-0.571371	-0.00186283
82	2.51383e-09	0.370975	0.981678	-0.00117501	-0.91532	0.340564	0.00164137
83	2.51383e-09	-0.408092	0.956217	-0.00220261	-0.902397	-0.38765	0.000444591
84	2.51383e-09	1.03243	-0.192813	-0.000918427	0.179727	0.959303	-0.000776006
85	2.51383e-09	-0.580291	0.846269	-0.00130414	-0.815157	-0.55908	6.35054e-05
86	2.51383e-09	-0.178407	-1.02977	-0.00107822	0.964174	-0.167399	-0.00188851
87	2.51383e-09	-0.0960042	-1.03351	-0.000351075	0.976418	-0.0864063	-0.00119389
88	2.51383e-09	-0.830309	-0.615082	-0.00237702	0.585126	-0.790153	0.000894527
89	2.51383e-09	0.163327	-1.04021	0.000953512	0.963893	0.152856	-6.92725e-06
90	2.51383e-09	-0.25857	-1.0085	-0.000412565	0.949643	-0.245435	-1.7675e-05
91	2.51383e-09	0.970623	-0.354153	0.00174362	0.340104	0.924376	-0.0021913
92	2.51383e-09	0.14049	-1.04085	-0.00182355	0.966834	0.131886	0.000961924
93	2.51383e-09	-1.0279	0.216699	0.00106793	-0.204438	-0.954469	-0.000549961
94	2.51383e-09	-0.572477	0.866924	0.00206981	-0.82286	-0.537501	0.0007131
95	2.51383e-09	-0.86226	0.56911	-0.000293749	-0.541046	-0.824507	0.00230855
96	2.51383e-09	-0.218592	1.02647	-0.000986048	-0.956109	-0.204093	-3.3406e-05
97	2.51383e-09	-0.587997	0.87236	-0.00416726	-0.805764	-0.550833	0.00204927
98	2.51383e-09	-0.966553	-0.438951	-0.00049586	0.405651	-0.881827	-0.00211288
99	2.51383e-09	1.03175	0.261621	-0.000921192	-0.233153	0.939182	-0.000689519
100	2.51383e-09	-0.947562	0.46143	-0.00225719	-0.431429	-0.874079	-0.000637218
101	2.51383e-09	-0.034668	1.03731	-0.00116918	-0.980631	-0.0312481	0.00103618
102	2.51383e-09	-0.939604	0.443698	-0.000229026	-0.416898	-0.88563	0.00188551
103	2.51383e-09	0.687964	-0.790971	0.00303692	0.736393	0.641346	-0.000524328
104	2.51383e-09	0.0291949	1.04369	0.00106565	-0.980908	0.0257175	-7.29557e-05
105	2.51383e-09	-0.151267	-1.03039	-1.01002e-05	0.97344	-0.143679	-0.00066891
106	2.51383e-09	0.144765	-1.0358	-0.000134278	0.968185	0.133787	0.000862485
107	2.51383e-09	-0.759318	-0.727961	-0.000582514	0.676302	-0.704295	-0.00167122
108	2.51383e-09	0.143568	1.05254	0.000184833	-0.961506	0.133028	-0.00202272
109	2.51383e-09	-0.940344	-0.491058	-0.00271377	0.447116	-0.861338	-0.000965719
110	2.51383e-09	-0.417793	0.966823	0.00211681	-0.897299	-0.383842	0.00101239
111	2.51383e-09	1.0468	-0.225919	0.000481789	0.202319	0.945252	-0.000998313
112	2.51383e-09	1.05922	-0.0949645	-0.000195252	0.0868061	0.963913	-0.00051581
113	2.51383e-09	0.980134	0.395267	0.00124519	-0.362802	0.902104	-0.00204986
114	2.51383e-09	0.660896	0.810597	0.000555277	-0.759232	0.620281	-0.00237555
115	2.51383e-09	0.630309	-0.862376	-0.00178972	0.781749	0.567216	0.000582426
116	2.51383e-09	1.01427	-0.292903	-0.00160599	0.271414	0.933264	0.0007859
117	2.51383e-09	-1.06023	0.0687598	-0.000240909	-0.0632473	-0.970125	0.000945925
118	2.51383e-09	-0.928747	-0.507812	0.000573397	0.465402	-0.854382	0.000663232
119	2.51383e-09	0.44375	-0.952543	0.00137329	0.883487	0.409722	-0.00188187
120	2.51383e-09	0.659174	0.817521	0.00120391	-0.758708	0.611295	-0.00177591
121	2.51383e-09	0.980984	0.403956	-0.000932755	-0.367836	0.899689	8.25439e-05
122	2.51383e-09	0.645963	0.858746	0.000756303	-0.768497	0.579361	0.00106076
123	2.51383e-09	0.495414	-0.923287	-0.000830481	0.862318	0.457216	0.00144273
124	2.51383e-09	-0.158903	-1.07022	0.00279104	0.947603	-0.143169	0.000290482
125	2.51383e-09	1.04752	0.137772	0.00209274	-0.129364	0.964882	-0.000646702
126	2.51383e-09	-0.831638	0.666831	0.000284179	-0.608957	-0.750747	-0.000287068
127	2.51383e-09	-1.02663	0.271376	0.00344807	-0.248728	-0.936323	-0.000307272
128	2.51383e-09	0.496462	-0.950194	0.00207914	0.856835	0.444563	0.00298879
129	2.51383e-09	-0.972882	-0.425993	-0.000384036	0.394138	-0.883657	5.27737e-07
130	2.51383e-09	1.02453	-0.260184	0.000277532	0.236916	0.944999	-0.001507
131	2.51383e-09	0.0546023	1.07094	0.00224412	-0.967089	0.0467563	0.00077031
132	2.51383e-09	0.571379	0.913035	0.00265687	-0.81336	0.51555	0.000113603
133	2.51383e-09	1.0061	0.361675	-0.00220541	-0.3306	0.909188	0.00235888
134	2.51383e-09	0.923287	0.516626	-0.00253772	-0.473458	0.850754	0.000337311
135	2.51383e-09	0.122608	-1.05704	0.00276502	0.96474	0.112337	0.00145184
136	2.51383e-09	-0.797438	-0.723727	-0.00141702	0.646473	-0.714084	0.00227984
137	2.51383e-09	0.840226	0.652605	-0.00306584	-0.593023	0.765339	-0.000537944
138	2.51383e-09	0.692631	-0.81433	0.00185002	0.737683	0.626239	0.00166753
139	2.51383e-09	0.923258	0.535355	-0.00205811	-0.486596	0.837885	-0.000159038
140	2.51383e-09	-0.357704	1.02508	-0.000839971	-0.906237	-0.316913	0.00256663
141	2.51383e-09	0.818684	0.681158	-0.000405446	-0.617273	0.749501	0.00162632
142	2.51383e-09	-1.04373	0.237466	0.00249197	-0.20999	-0.944952	0.000550475
143	2.51383e-09	-1.04167	-0.236443	0.000319757	0.21478	-0.943555	-0.000643527
144	2.51383e-09	-0.188229	-1.07242	0.00170175	0.943786	-0.161483	-0.00199444
145	2.51383e-09	-0.181922	1.05139	-0.0017877	-0.9542	-0.162344	0.000528754
146	2.51383e-09	0.586023	0.930479	0.00219577	-0.805701	0.509174	0.00123616
147	2.51383e-09	0.442789	-0.992175	-0.000929922	0.874532	0.389083	0.00102298
148	2.51383e-09	1.04997	-0.265292	0.000971055	0.237332	0.932869	0.000708682
149	2.51383e-09	1.00165	0.391528	0.00056723	-0.348285	0.894411	0.000871564
150	2.51383e-09	-0.62496	-0.878394	-0.0031191	0.785455	-0.558991	0.000873009
151	2.51383e-09	0.987671	0.425965	-0.00161179	-0.383535	0.884253	-0.000397196
152	2.51383e-09	-0.220496	-1.04298	-0.000198634	0.947622	-0.202608	-0.00174191
153	2.51383e-09	0.0833276	-1.08742	-0.00168127	0.954575	0.0731892	0.00167997
154	2.51383e-09	-0.855661	-0.688293	-0.00142968	0.597203	-0.740994	0.00198866
155	2.51383e-09	0.187791	-1.05905	-0.000182026	0.948888	0.165165	-0.000261246
156	2.51383e-09	0.474495	0.981084	-0.0022344	-0.858574	0.423526	0.000498633
157	2.51383e-09	0.96762	0.473723	-0.0016921	-0.425119	0.864035	0.000332253
158	2.51383e-09	-0.200838	-1.06916	-0.000397842	0.942505	-0.17997	0.0031841
159	2.51383e-09	0.425708	0.986039	0.00275298	-0.88716	0.381012	-0.000839843
160	2.51383e-09	1.01894	0.348055	0.00154164	-0.311919	0.910658	0.000706647
161	2.51383e-09	0.311059	1.04128	0.00161439	-0.920189	0.273436	0.00108304
162	2.51383e-09	0.909042	-0.595412	-0.0018029	0.528034	0.800256	-0.00179355
163	2.51383e-09	-0.495454	-0.96021	1.59122e-05	0.853656	-0.441627	-0.00168097
164	2.51383e-09	0.0679503	1.06546	-0.000200477	-0.963827	0.0632643	0.000554845
165	2.51383e-09	1.01861	0.40935	-0.00010936	-0.36009	0.885276	-0.00182722
166	2.51383e-09	-0.932051	-0.559057	0.000124123	0.496668	-0.820817	0.00199846
167	2.51383e-09	-1.04734	0.16424	0.00253305	-0.151264	-0.96399	0.00296947
168	2.51383e-09	0.113609	1.07759	0.00125402	-0.955269	0.0930947	-0.00170084
169	2.51383e-09	-0.602276	-0.895911	-0.000517983	0.799934	-0.534091	-0.00191993
170	2.51383e-09	-0.728779	-0.819539	-0.00112995	0.715126	-0.631493	-0.00221538
171	2.51383e-09	0.450701	-0.990611	0.00241097	0.872284	0.396104	-0.00179546
172	2.51383e-09	-0.177453	-1.08325	0.000318252	0.943151	-0.152197	-0.00157168
173	2.51383e-09	0.968328	0.520655	0.00111055	-0.449068	0.84198	0.000760016
174	2.51383e-09	-0.94011	-0.57325	0.000901289	0.498908	-0.81168	0.000774606
175	2.51383e-09	0.248151	1.07018	3.06275e-05	-0.925477	0.21676	0.00178274
176	2.51383e-09	0.443981	-0.98007	0.000110636	0.879523	0.393886	-0.0017586
177	2.51383e-09	0.153805	1.09276	-0.00172152	-0.94289	0.130806	-0.00143524
178	2.51383e-09	-0.813646	0.718081	-0.000836579	-0.63429	-0.720426	-0.000762702
179	2.51383e-09	-0.850157	0.678473	0.000204123	-0.600868	-0.750271	0.000638944
180	2.51383e-09	-1.07252	0.199585	-0.00134303	-0.179655	-0.937467	0.000858915
181	2.51383e-09	-0.8608	0.669908	0.000634763	-0.590464	-0.754867	-0.000961278
182	2.51383e-09	0.674585	0.850701	0.00215198	-0.752481	0.59766	0.00129367
183	2.51383e-09	-0.921119	0.612025	0.00182344	-0.524957	-0.79405	-0.00176394
184	2.51383e-09	0.051751	1.10611	-0.00177613	-0.948583	0.0449252	-0.000621667
185	2.51383e-09	-0.78836	0.743093	0.000396571	-0.660636	-0.698875	-0.00117198
186	2.51383e-09	-0.0564019	1.07071	0.000261391	-0.969069	-0.0505013	0.00065855
187	2.51383e-09	0.487659	-0.960054	0.00123359	0.859218	0.435835	-0.00103502
188	2.51383e-09	-0.0281189	1.09759	0.000780651	-0.955224	-0.0220324	0.00137602
189	2.51383e-09	-0.944698	-0.575629	-0.000165563	0.491881	-0.812292	-0.00169387
190	2.51383e-09	-0.495026	0.982321	0.000969752	-0.85542	-0.429278	0.00165492
191	2.51383e-09	0.515258	-0.968862	0.00220076	0.841753	0.446916	-0.00177
192	2.51383e-09	-0.107907	1.09761	0.000463395	-0.947484	-0.0882963	-0.0030397
193	2.51383e-09	-0.367843	-1.04078	0.00158047	0.896068	-0.316493	-0.00106141
194	2.51383e-09	-0.242151	-1.09082	0.000658913	0.920777	-0.20859	5.97262e-06
195	2.51383e-09	-0.984959	0.468624	-0.00134841	-0.414826	-0.862058	0.000689549
196	2.51383e-09	-0.216593	-1.06354	0.00112042	0.943508	-0.191868	-0.00141827
197	2.51383e-09	0.814098	0.744235	-0.00181338	-0.63995	0.702306	0.000792295
198	2.51383e-09	-0.784588	-0.786808	0.000493925	0.669114	-0.67099	-0.00180477
199	2.51383e-09	0.0944094	1.09356	0.00250355	-0.951169	0.0797882	-0.000238187
200	2.51383e-09	-0.887891	0.657807	-0.00095665	-0.56521	-0.765876	9.54519e-05
201	2.51383e-09	0.357835	-1.03896	0.000271265	0.904003	0.307027	-0.00224464
202	2.51383e-09	0.229772	1.07065	-0.00118572	-0.936746	0.199174	-0.00274103
203	2.51383e-09	0.630947	0.881761	-0.00139371	-0.781419	0.557475	-7.80293e-05
204	2.51383e-09	0.546134	-0.958494	-0.00128311	0.82664	0.474061	0.00148863
205	2.51383e-09	0.599255	0.956364	0.000617062	-0.79769	0.500336	-0.00103578
206	2.51383e-09	-0.4737	0.995986	0.00148211	-0.857823	-0.412216	-0.00219027
207	2.51383e-09	0.255663	-1.08321	0.00148317	0.922915	0.216071	0.000457402
208	2.51383e-09	0.935372	0.558422	0.000200734	-0.493105	0.822536	0.0007059
209	2.51383e-09	0.0661942	1.08593	0.00160937	-0.958324	0.0570637	-0.00200414
210	2.51383e-09	-1.10385	0.128259	-0.000483752	-0.112576	-0.941411	-0.00114312
211	2.51383e-09	-1.0968	-0.00883544	9.45013e-05	0.00854455	-0.95667	0.000141218
212	2.51383e-09	0.848751	0.737518	-0.00119846	-0.618478	0.712185	0.000178764
213	2.51383e-09	0.00180922	-1.09948	-0.00141901	0.952621	0.00207353	0.00135963
214	2.51383e-09	0.996736	0.4893	0.000790684	-0.41244	0.852352	-0.00054807
215	2.51383e-09	-1.11244	-0.0198546	-0.00118034	0.0107481	-0.947948	-0.00043928
216	2.51383e-09	-0.862926	0.706849	-0.000193832	-0.595205	-0.736036	0.00117076
217	2.51383e-09	0.338314	-1.06312	-0.000728726	0.900443	0.29308	-0.000335495
218	2.51383e-09	1.05661	-0.230128	0.000314342	0.208295	0.940461	-0.000496974
219	2.51383e-09	-0.672202	-0.893834	-0.00041471	0.754088	-0.56765	0.000145415
220	2.51383e-09	1.09787	0.173231	0.000497894	-0.149418	0.936396	0.00214408
221	2.51383e-09	-0.110598	1.09394	0.00142458	-0.94959	-0.0996154	-6.84215e-05
222	2.51383e-09	-0.959905	-0.567452	0.00201652	0.48579	-0.81358	0.000342511
223	2.51383e-09	0.61592	-0.932879	0.00153807	0.790176	0.522163	-0.0011776
224	2.51383e-09	0.124807	1.08873	-4.44454e-05	-0.952233	0.10633	0.00149516
225	2.51383e-09	0.5206	0.977637	-0.00228281	-0.837984	0.453084	1.30296e-05
226	2.51383e-09	0.260577	1.09586	-0.000519826	-0.915628	0.218916	0.000595814
227	2.51383e-09	-1.10746	0.0309047	0.00247447	-0.031365	-0.948568	0.000461017
228	2.51383e-09	-0.886752	0.674053	0.00110431	-0.572763	-0.755607	-0.00118323
229	2.51383e-09	0.492387	-1.01593	0.00273221	0.846893	0.406228	0.000916349
230	2.51383e-09	0.87979	-0.716546	0.00204808	0.594962	0.726399	-0.0022823
231	2.51383e-09	-0.359661	1.07247	0.00134745	-0.892662	-0.29479	0.00131374
232	2.51383e-09	-0.815542	-0.740372	-0.00116858	0.646069	-0.703669	-0.00233554
233	2.51383e-09	-0.780923	0.787886	-0.00274151	-0.670514	-0.675708	0.000104388
234	2.51383e-09	0.704682	-0.874273	-3.54431e-05	0.735904	0.590546	4.39416e-05
235	2.51383e-09	-0.352404	-1.0586	-0.00301902	0.897027	-0.302423	-0.0039118
236	2.51383e-09	-0.963465	0.603158	-0.000245284	-0.492757	-0.796686	-0.00104765
237	2.51383e-09	0.927513	-0.637737	-0.000742245	0.53129	0.777433	0.000180749
238	2.51383e-09	-0.327958	1.09186	-0.00150274	-0.89456	-0.267754	-0.000725489
239	2.51383e-09	-0.606858	-0.92412	-0.00146835	0.795837	-0.521705	0.00132529
240	2.51383e-09	-0.836914	0.769318	0.00186005	-0.634308	-0.688082	0.00129723
241	2.51383e-09	0.398301	1.04136	-0.00299128	-0.886545	0.339629	-0.00120073
242	2.51383e-09	-0.969179	-0.630253	0.000388906	0.504506	-0.779774	0.00185195
243	2.51383e-09	0.985754	-0.548127	0.00176246	0.458987	0.819346	0.00118021
244	2.51383e-09	-1.13677	0.00761628	0.000422002	-0.00953327	-0.937939	0.000454514
245	2.51383e-09	-0.385952	1.0539	-0.00302336	-0.886053	-0.322569	-0.000179664
246	2.51383e-09	-1.09418	-0.248762	0.00087355	0.211566	-0.916968	0.00200171
247	2.51383e-09	-0.591298	-0.941636	0.00231466	0.801605	-0.502827	0.00103143
248	2.51383e-09	0.609323	0.940348	0.00120173	-0.790116	0.515369	-0.00126711
249	2.51383e-09	1.10963	-0.161458	0.000975536	0.138128	0.935621	-0.000296239
250	2.51383e-09	-0.850024	-0.740465	0.00202634	0.619483	-0.710986	0.00149339
251	2.51383e-09	0.934434	0.631008	8.9259e-05	-0.528313	0.780665	0.00256292
252	2.51383e-09	0.475777	-1.02529	-0.00284675	0.851775	0.39436	0.00109227
253	2.51383e-09	0.797475	-0.808006	-0.00140379	0.667522	0.658648	0.0012033
254	2.51383e-09	0.794199	-0.802327	-0.00165506	0.669589	0.658615	-0.00108114
255	2.51383e-09	-1.12338	0.0700506	0.00350206	-0.0579191	-0.943067	0.00103451
256	2.51383e-09	1.12891	0.194211	0.00215524	-0.156214	0.919698	-0.000699386
257	2.51383e-09	1.12073	-0.177124	-0.000534101	0.147226	0.926447	-0.000534998
258	2.51383e-09	-1.13147	-0.000213923	0.00101534	0.00352131	-0.94203	0.0027295
259	2.51383e-09	0.476449	1.02548	-0.0023208	-0.850695	0.399168	-0.00109264
260	2.51383e-09	1.13933	0.0532198	0.00080277	-0.0433961	0.933717	0.00321301
261	2.51383e-09	-0.839634	-0.769692	-0.0018059	0.636661	-0.68989	0.000150449
262	2.51383e-09	0.307659	1.076	0.00446433	-0.906283	0.265064	0.00116478
263	2.51383e-09	-1.01784	0.503697	-0.000458454	-0.417408	-0.839407	0.000481852
264	2.51383e-09	0.53131	0.993266	0.000835135	-0.829434	0.448826	-0.000944898
265	2.51383e-09	-0.432712	-1.05996	-0.000425808	0.866843	-0.349533	-0.000915152
266	2.51383e-09	0.359245	-1.07374	0.000688023	0.891993	0.299525	0.00111847
267	2.51383e-09	-0.0874427	1.12497	-0.00330558	-0.938129	-0.0776627	0.000440512
268	2.51383e-09	0.225654	-1.11139	-0.000331963	0.919174	0.186591	3.52639e-05
269	2.51383e-09	-0.675466	-0.928167	-0.000510698	0.753467	-0.546505	0.00122321
270	2.51383e-09	-0.674051	-0.914489	0.00208226	0.75639	-0.554239	-0.000745888
271	2.51383e-09	-0.498072	1.03292	-0.00120205	-0.842294	-0.406261	-0.000524479
272	2.51383e-09	0.669396	-0.929576	0.00270742	0.756686	0.546512	-0.00186517
273	2.51383e-09	0.57584	0.988846	-0.000554014	-0.810362	0.465676	0.000507785
274	2.51383e-09	0.986249	0.539042	0.00060588	-0.45766	0.824754	-0.000648508
275	2.51383e-09	-0.909309	-0.686104	-0.00289228	0.567126	-0.743791	-0.000643292
276	2.51383e-09	1.11334	-0.197834	0.000658822	0.165439	0.926303	-0.00127297
277	2.51383e-09	0.956577	0.622085	0.00045111	-0.507412	0.788205	-0.000413047
278	2.51383e-09	-1.07785	-0.366204	-0.000728529	0.305065	-0.888108	0.000334962
279	2.51383e-09	-1.07055	0.420777	6.15951e-05	-0.338128	-0.866653	-0.000114869
280	2.51383e-09	1.13634	-0.252407	0.00210546	0.201243	0.904415	-0.000520158
281	2.51383e-09	-0.0745691	-1.13409	-0.000402478	0.935278	-0.06604	-0.000875138
282	2.51383e-09	1.13985	0.114349	0.00264007	-0.0956194	0.928949	0.00120251
283	2.51383e-09	-0.274603	-1.09491	0.000224789	0.914369	-0.230094	0.00150696
284	2.51383e-09	-1.10047	0.346485	0.00198399	-0.279143	-0.889112	0.000141407
285	2.51383e-09	1.00879	0.565832	-0.00113726	-0.459357	0.809801	0.00117619
286	2.51383e-09	0.494542	-1.02138	-0.000829004	0.842542	0.409129	-0.00220958
287	2.51383e-09	0.0321439	1.14528	0.000110254	-0.932914	0.0298499	0.000499032
288	2.51383e-09	1.0681	0.423408	0.00123924	-0.343599	0.868131	0.000682027
289	2.51383e-09	-0.524334	1.028	-0.000700689	-0.827833	-0.424991	0.00266566
290	2.51383e-09	0.615861	0.96315	-0.00274675	-0.788435	0.503976	0.00132099
291	2.51383e-09	-0.310122	-1.0994	-0.00166089	0.900828	-0.255548	0.000917617
292	2.51383e-09	0.87745	0.749566	0.00273876	-0.603709	0.710851	-0.000204472
293	2.51383e-09	1.1385	-0.0685727	-0.00218505	0.0559634	0.935975	-0.00195843
294	2.51383e-09	0.447822	1.07876	0.00178636	-0.855886	0.349657	0.000939647
295	2.51383e-09	-0.0465647	1.14155	0.00195258	-0.932927	-0.0399393	-0.00117306
296	2.51383e-09	-0.596961	0.985551	0.00073965	-0.798421	-0.484049	-0.000492699
297	2.51383e-09	0.695189	-0.907888	-0.000263068	0.742399	0.570694	0.000669251
298	2.51383e-09	-0.00366304	1.15783	-0.000837754	-0.927916	-0.00130316	0.000157889
299	2.51383e-09	-0.548968	1.01592	-0.002269	-0.816906	-0.451105	0.00234398
300	2.51383e-09	0.0164031	-1.16082	-0.000312759	0.928503	0.00766105	0.000646254
301	2.51383e-09	0.577823	-0.996418	-0.00124826	0.81032	0.463327	7.02901e-05
302	2.51383e-09	-0.964359	-0.649382	4.2412e-05	0.522389	-0.767752	-0.00337036
303	2.51383e-09	0.239449	-1.11938	-0.00170133	0.91615	0.198047	-0.00209972
304	2.51383e-09	-0.996947	-0.600009	0.00330863	0.479295	-0.793033	-0.000946125
305	2.51383e-09	0.197848	1.12376	0.00280672	-0.922496	0.160997	-0.00065534
306	2.51383e-09	-1.11342	0.291868	-0.00256193	-0.237921	-0.9032	-0.00132875
307	2.51383e-09	1.04078	-0.490483	0.00101789	0.398264	0.842937	0.00110736
308	2.51383e-09	-0.472473	1.06342	-0.00250031	-0.847548	-0.378682	-0.00110708
309	2.51383e-09	1.12049	0.27657	0.00155251	-0.222871	0.902389	-2.5401e-05
310	2.51383e-09	0.683275	0.91461	-0.0013717	-0.752163	0.562093	0.000276451
311	2.51383e-09	0.53311	-1.0248	0.000271824	0.82383	0.433224	-0.0020294
312	2.51383e-09	-0.837964	0.812774	-9.30813e-06	-0.643619	-0.664124	0.00233335
313	2.51383e-09	-1.04778	0.484336	-0.00250424	-0.38872	-0.845704	0.000887543
314	2.51383e-09	0.531133	-1.02315	0.000660658	0.827018	0.428788	-0.00044693
315	2.51383e-09	0.287609	1.12849	0.00224795	-0.899322	0.230443	-9.81159e-05
316	2.51383e-09	0.838006	-0.805095	0.00135561	0.644031	0.668618	-0.00162728
317	2.51383e-09	0.277738	-1.12486	-0.000478912	0.900044	0.223958	0.00162491
318	2.51383e-09	-0.906641	0.718733	0.00294975	-0.581038	-0.726801	7.05341e-06
319	2.51383e-09	-1.10056	0.375243	2.41323e-05	-0.297931	-0.878385	0.00249631
320	2.51383e-09	0.552749	1.03676	0.000492472	-0.817337	0.431978	0.000543918
321	2.51383e-09	-0.141975	-1.15298	0.000804819	0.922701	-0.111271	0.000664141
322	2.51383e-09	1.06616	0.481592	0.000782561	-0.382319	0.838529	0.000583994
323	2.51383e-09	-0.439076	-1.09359	-0.000943651	0.851802	-0.344148	0.00230477
324	2.51383e-09	1.15032	0.259416	0.00182478	-0.205103	0.896878	-0.00129551
325	2.51383e-09	-1.16651	-0.0954596	-0.00056119	0.0735133	-0.920454	-0.00135623
326	2.51383e-09	1.03564	-0.564586	0.00302116	0.440774	0.805911	-0.000410312
327	2.51383e-09	-1.10618	0.414119	0.000136881	-0.323736	-0.860756	0.00258808
328	2.51383e-09	0.0177721	1.15376	-0.000732724	-0.93106	0.0179782	0.000350348
329	2.51383e-09	-0.496546	-1.08589	0.00311207	0.828523	-0.383793	-0.000368907
330	2.51383e-09	-0.858037	0.781625	0.000120875	-0.623643	-0.685731	0.000171624
331	2.51383e-09	0.530275	-1.02285	-0.00105455	0.830556	0.428237	-0.00041428
332	2.51383e-09	-0.65578	-0.96124	-0.000451347	0.764659	-0.520899	-0.000330223
333	2.51383e-09	-0.0207909	1.18144	0.00047166	-0.918666	-0.018258	-0.000870539
334	2.51383e-09	-0.817021	0.84257	-6.27838e-05	-0.665383	-0.638973	-0.00124233
335	2.51383e-09	-1.15101	0.26708	0.000460658	-0.211284	-0.894632	0.00116432
336	2.51383e-09	-0.965704	0.674173	-0.000292667	-0.525504	-0.755586	-0.00108926
337	2.51383e-09	-1.17557	-0.020361	0.00213884	0.0185972	-0.921006	-0.000346195
338	2.51383e-09	0.826332	-0.835735	-0.00189868	0.656024	0.645901	0.000780573
339	2.51383e-09	1.09581	0.454301	-0.000650738	-0.35391	0.849863	-0.00027688
340	2.51383e-09	1.17807	0.134863	-4.32278e-05	-0.102692	0.913163	0.000683125
341	2.51383e-09	-1.16091	0.13012	-0.000722306	-0.105031	-0.922893	0.00103951
342	2.51383e-09	0.197171	1.15295	-0.00130408	-0.91198	0.153949	-0.00043133
343	2.51383e-09	0.678751	0.951614	0.00199303	-0.752635	0.535121	0.00143226
344	2.51383e-09	0.768043	0.895411	0.000906631	-0.700925	0.597857	-0.000748139
345	2.51383e-09	-1.045	0.5281	-0.00220856	-0.417089	-0.82421	-0.00088884
346	2.51383e-09	0.661465	0.9449	0.000158721	-0.763519	0.535704	-0.00166938
347	2.51383e-09	-0.10553	1.16338	0.0024674	-0.921922	-0.0841045	-0.00118544
348	2.51383e-09	-0.78815	0.893033	-0.00061439	-0.685781	-0.605072	-0.000915858
349	2.51383e-09	1.13198	-0.277555	-0.000160479	0.221194	0.902462	0.00217684
350	2.51383e-09	1.10606	0.380442	-0.000492243	-0.297402	0.87615	-0.00120491
351	2.51383e-09	1.00898	-0.615921	-0.00105419	0.474517	0.788989	0.000240371
352	2.51383e-09	-0.879755	0.789067	0.00308838	-0.614549	-0.684373	-0.00272702
353	2.51383e-09	1.05254	-0.565653	0.00109976	0.434536	0.80398	-0.000468287
354	2.51383e-09	0.363958	1.13177	0.00119736	-0.873427	0.281385	-0.0010782
355	2.51383e-09	0.797051	0.839803	-0.000926942	-0.676467	0.639595	0.000772662
356	2.51383e-09	1.18234	-0.110347	-0.0011558	0.0857616	0.912696	-0.000130631
357	2.51383e-09	1.13229	-0.328019	0.000590213	0.257304	0.885015	0.00109384
358	2.51383e-09	0.993758	-0.666287	-0.00141891	0.510503	0.7591	-0.00116762
359	2.51383e-09	0.934559	-0.74754	4.36043e-05	0.576408	0.710414	-0.000557052
360	2.51383e-09	-0.495947	-1.05555	0.00238287	0.836736	-0.393122	0.00158286
361	2.51383e-09	1.03652	-0.54782	-0.00131967	0.431611	0.817051	7.65831e-05
362	2.51383e-09	-0.747541	-0.909952	0.00173497	0.710802	-0.586401	-0.000937811
363	2.51383e-09	-0.21333	1.16953	0.000189314	-0.899054	-0.163511	0.00250057
364	2.51383e-09	-1.16214	-0.00237509	-0.00161666	0.00296296	-0.930622	0.0010852
365	2.51383e-09	1.1645	0.247277	-0.000811675	-0.193273	0.896025	-0.000964446
366	2.51383e-09	0.14544	-1.17598	-0.00138704	0.912362	0.114872	-0.00193663
367	2.51383e-09	0.0295176	-1.18687	-0.000720489	0.918424	0.0272945	0.000889128
368	2.51383e-09	-1.13304	-0.378022	-0.000854204	0.286586	-0.8675	0.00175523
369	2.51383e-09	1.20117	-0.0623445	-0.00090917	0.0465701	0.90881	0.00073362
370	2.51383e-09	-0.0305125	1.19362	-0.00169232	-0.913992	-0.0259307	0.00087805
371	2.51383e-09	-0.196564	1.18222	0.000798706	-0.901949	-0.153876	0.00231547
372	2.51383e-09	-0.484317	-1.08028	0.000232275	0.839005	-0.375542	0.00129182
373	2.51383e-09	-0.578416	1.03896	0.000905153	-0.801903	-0.445702	0.000266048
374	2.51383e-09	-0.0687775	-1.20044	-0.00136896	0.910374	-0.049105	-1.89302e-05
375	2.51383e-09	-0.223864	-1.17137	0.000444378	0.900072	-0.171078	-0.000217057
376	2.51383e-09	0.824477	0.869218	-2.76303e-05	-0.659344	0.626813	-0.000783592
377	2.51383e-09	-0.781969	0.892363	0.00079593	-0.693996	-0.603009	0.00111939
378	2.51383e-09	1.02189	-0.628466	-0.00283352	0.479613	0.776864	0.000153998
379	2.51383e-09	0.403283	-1.1002	0.000343758	0.871725	0.318006	-0.000623388
380	2.51383e-09	-0.0468448	-1.18054	0.00234361	0.919542	-0.0385105	-0.000104041
381	2.51383e-09	0.907444	0.765844	0.00202308	-0.589492	0.702955	-0.000158997
382	2.51383e-09	1.14427	0.309144	0.00131141	-0.241716	0.888014	-0.000689082
383	2.51383e-09	1.12937	-0.337607	-0.00205263	0.261869	0.881307	-0.00215093
384	2.51383e-09	0.222341	1.17976	-0.00345273	-0.898863	0.169155	0.00015914
385	2.51383e-09	-0.88489	-0.788044	-0.00100067	0.611923	-0.68443	0.00103071
386	2.51383e-09	-0.420267	1.13079	5.19753e-06	-0.855426	-0.312082	-0.000645015
387	2.51383e-09	-1.20292	-0.0753105	-0.00245052	0.056953	-0.907706	0.00137827
388	2.51383e-09	-1.07887	-0.531943	-0.00127508	0.396671	-0.820393	-0.00102174
389	2.51383e-09	1.18574	0.182461	0.000940178	-0.13792	0.901985	-0.000302589
390	2.51383e-09	-1.10508	-0.458864	-1.30531e-05	0.35141	-0.842528	-0.000482977
391	2.51383e-09	-0.94718	-0.741714	-0.000576188	0.56259	-0.719843	-0.00135004
392	2.51383e-09	0.525224	1.08631	-0.00267033	-0.818146	0.397951	-0.000897308
393	2.51383e-09	-1.1908	-0.184311	0.00132366	0.142747	-0.900478	0.00145247
394	2.51383e-09	-0.676437	-0.987463	0.000307508	0.757218	-0.513006	-0.000100067
395	2.51383e-09	-0.66482	1.00505	0.000138955	-0.757895	-0.504989	0.00113362
396	2.51383e-09	-1.19186	-0.127385	0.00220681	0.0920647	-0.909414	0.000337296
397	2.51383e-09	-1.16219	0.315873	-0.0023613	-0.240257	-0.878711	0.00226249
398	2.51383e-09	-0.93063	-0.763563	-0.00201239	0.581098	-0.704532	-0.000960608
399	2.51383e-09	0.961654	0.717412	0.0030422	-0.547899	0.731457	0.000478292
400	2.51383e-09	-0.815037	0.869757	0.0010985	-0.664395	-0.630512	-0.00125678
