1.144400e+04
401
0	1	0.000526657	0.000326697	-4.80469e-07	5.84573e-08	1.26869e-08	-1.06903e-10
1	2.51383e-09	0.870107	0.528049	-0.0027592	-0.51079	0.846865	0.00115066
2	2.51383e-09	0.977728	0.241067	-0.0010076	-0.236097	0.964256	0.0015304
3	2.51383e-09	0.968399	0.217898	0.0021517	-0.216099	0.982128	0.00061028
4	2.51383e-09	-0.212334	0.982762	-0.00210455	-0.973855	-0.21152	-0.000843336
5	2.51383e-09	-0.673852	-0.728878	-0.00152202	0.738657	-0.680478	0.00019184
6	2.51383e-09	0.623093	-0.793396	0.00102372	0.784171	0.613946	-0.00344983
7	2.51383e-09	0.986649	0.160879	-0.00209882	-0.158112	0.9868	-0.00204096
8	2.51383e-09	-0.721192	-0.682856	-0.000198155	0.693436	-0.726117	-6.11138e-05
9	2.51383e-09	-0.122712	-1.00521	-0.000244293	0.983853	-0.121666	-0.000139056
10	2.51383e-09	0.726434	0.711531	-0.00335288	-0.692703	0.708669	0.000840711
11	2.51383e-09	0.428903	0.906446	0.000567642	-0.901201	0.427087	0.00204569
12	2.51383e-09	-0.373317	0.948774	-0.000928088	-0.923626	-0.358028	-0.000406812
13	2.51383e-09	0.152004	-0.996998	-0.00170062	0.982969	0.14611	0.000315688
14	2.51383e-09	0.994421	0.206777	-0.00311665	-0.203462	0.969559	-0.00111406
15	2.51383e-09	-0.42324	-0.896005	0.00152142	0.914727	-0.425593	-0.00204823
16	2.51383e-09	-0.364783	-0.936193	-0.00183295	0.925928	-0.362118	0.000325782
17	2.51383e-09	0.170061	0.991347	-0.000640587	-0.985755	0.160538	-0.00226148
18	2.51383e-09	0.796912	0.637116	0.000762197	-0.618503	0.769408	0.00119612
19	2.51383e-09	-0.862214	-0.551347	-0.000191288	0.530658	-0.828328	-0.00442556
20	2.51383e-09	-1.03368	-0.0267457	-0.00055059	0.0262596	-0.981814	-0.00267976
21	2.51383e-09	0.976337	0.216696	-4.81738e-05	-0.219334	0.977072	0.000705706
22	2.51383e-09	-0.72811	0.732352	0.00209039	-0.700572	-0.690554	-0.000161201
23	2.51383e-09	-0.728583	-0.706535	0.0019675	0.693065	-0.709959	-0.00338256
24	2.51383e-09	0.579658	0.81387	0.00229214	-0.815038	0.587482	0.000514703
25	2.51383e-09	-0.972074	-0.299623	0.00151064	0.28525	-0.948855	-0.00118698
26	2.51383e-09	0.965194	-0.322465	-0.000913561	0.319381	0.940132	0.000647413
27	2.51383e-09	-0.801248	-0.597126	0.00301498	0.600407	-0.801837	-0.000447368
28	2.51383e-09	0.847375	-0.564433	-0.00299875	0.549152	0.822353	0.0026692
29	2.51383e-09	-0.872358	0.485982	-0.00288943	-0.484594	-0.875633	0.00127989
30	2.51383e-09	-0.945393	0.371687	-0.00153097	-0.361994	-0.924148	-0.00046119
31	2.51383e-09	-0.531914	0.851918	0.000249444	-0.843664	-0.5375	-0.00236959
32	2.51383e-09	-0.412416	0.922151	-0.00141717	-0.90921	-0.403102	-0.00410075
33	2.51383e-09	-0.882059	0.527833	0.000139328	-0.495803	-0.853665	-8.55401e-05
34	2.51383e-09	0.703278	-0.763811	0.000703232	0.722736	0.664263	-0.00327483
35	2.51383e-09	-0.582554	0.827344	0.000292596	-0.813308	-0.574328	-0.00268017
36	2.51383e-09	-0.316703	0.963509	-0.000708961	-0.94718	-0.297341	-0.000896876
37	2.51383e-09	1.01616	-0.0202049	-0.00016584	0.0222233	0.993652	0.00178487
38	2.51383e-09	-0.63667	0.767346	-0.00036041	-0.772758	-0.64292	0.000530321
39	2.51383e-09	-0.354776	0.952088	0.000261576	-0.933166	-0.343363	0.000823424
40	2.51383e-09	0.961545	0.351112	-0.0016537	-0.348693	0.922563	-0.000718596
41	2.51383e-09	0.328567	-0.963698	-0.00171298	0.937746	0.317296	0.00139548
42	2.51383e-09	-0.689917	0.755977	-0.00161373	-0.728308	-0.669353	-0.000288449
43	2.51383e-09	-0.779335	-0.629557	-0.00165622	0.625457	-0.780776	0.00128614
44	2.51383e-09	1.03601	-0.0394843	-0.00195931	0.0370163	0.98075	-0.00241887
45	2.51383e-09	0.531349	0.879578	-0.000738878	-0.84276	0.512786	0.00305937
46	2.51383e-09	-0.170759	0.997101	2.35556e-05	-0.979351	-0.165149	0.000553832
47	2.51383e-09	0.729205	-0.707841	0.000781508	0.691073	0.711544	-0.000509578
48	2.51383e-09	-0.260238	-0.99914	0.00116034	0.952689	-0.246608	-0.00017154
49	2.51383e-09	-0.267205	-0.974262	0.00264306	0.960016	-0.258243	0.00167385
50	2.51383e-09	1.01794	-0.240256	-0.00176494	0.228082	0.949488	0.00170659
51	2.51383e-09	0.0973262	-1.01306	0.00138633	0.986669	0.0980446	0.000458222
52	2.51383e-09	-0.912951	0.485126	-0.00204879	-0.457921	-0.871448	-0.00038548
53	2.51383e-09	0.535624	-0.881879	-0.000118439	0.841928	0.50662	8.88501e-05
54	2.51383e-09	0.74474	0.713889	-0.00171134	-0.682621	0.711859	0.00254255
55	2.51383e-09	-1.00152	-0.236699	0.000268098	0.22815	-0.959842	0.000944041
56	2.51383e-09	-0.257573	0.989355	0.000543461	-0.959047	-0.250698	7.21888e-05
57	2.51383e-09	0.89669	-0.54222	-0.00111068	0.502767	0.837296	-0.000593554
58	2.51383e-09	0.985724	-0.314986	-0.00194186	0.297332	0.938196	8.51007e-05
59	2.51383e-09	0.794701	-0.661827	-0.000801396	0.628295	0.75197	0.00331876
60	2.51383e-09	-0.591675	-0.851229	-0.00131094	0.805035	-0.562891	0.00265541
61	2.51383e-09	-0.896442	-0.526615	0.00135634	0.500437	-0.842576	-0.00188907
62	2.51383e-09	0.393839	-0.960391	-0.00252473	0.908087	0.369235	-1.47326e-05
63	2.51383e-09	-0.0733579	-1.02082	-0.00115975	0.987174	-0.0703915	-0.00147914
64	2.51383e-09	0.256389	-0.994817	0.00257297	0.958782	0.237447	0.000448588
65	2.51383e-09	0.524513	0.879211	-0.000873499	-0.850076	0.508644	0.000358258
66	2.51383e-09	-0.151937	1.02742	-0.00191605	-0.966466	-0.136616	-0.00200379
67	2.51383e-09	0.998309	-0.285586	0.000731116	0.27163	0.945238	0.00109603
68	2.51383e-09	-0.197766	-1.01478	0.00184051	0.967132	-0.188817	-0.000419081
69	2.51383e-09	0.298082	-0.99744	0.00235478	0.939214	0.286627	0.000196088
70	2.51383e-09	0.114092	1.01458	0.000309405	-0.985185	0.112236	0.00341366
71	2.51383e-09	0.740992	0.737292	-0.00184347	-0.686248	0.695868	-0.00540877
72	2.51383e-09	0.795538	0.702782	-0.00040701	-0.644616	0.727693	0.00201472
73	2.51383e-09	-0.616255	0.841934	0.000271298	-0.791277	-0.579163	0.00249152
74	2.51383e-09	1.05627	-0.000889985	0.000267271	0.00177857	0.974908	0.00357243
75	2.51383e-09	0.43787	-0.943974	0.00397561	0.885971	0.414331	-0.000765871
76	2.51383e-09	-0.477933	0.931655	-0.000619441	-0.867613	-0.455266	-0.00156163
77	2.51383e-09	-0.680411	-0.801669	-0.000566371	0.742731	-0.633272	0.00118683
78	2.51383e-09	0.877347	0.55125	0.00429961	-0.519002	0.838091	-0.0006382
79	2.51383e-09	-0.975648	0.360331	-0.0050454	-0.340262	-0.915693	0.00294714
80	2.51383e-09	1.04406	-0.0427161	-0.000460799	0.0414009	0.979245	-0.000393996
81	2.51383e-09	-0.781897	0.660889	-0.00120011	-0.634292	-0.753845	-0.00263136
82	2.51383e-09	0.168828	-1.03978	-0.00384271	0.961051	0.1534	0.0011516
83	2.51383e-09	-0.781289	0.668495	-0.000165158	-0.635026	-0.75472	0.00189503
84	2.51383e-09	0.991879	-0.361653	-0.000656468	0.332953	0.910657	0.000324607
85	2.51383e-09	0.790162	-0.651666	0.0012258	0.629756	0.762288	0.00049242
86	2.51383e-09	1.05658	0.0320957	-0.000207823	-0.0216014	0.970548	0.00155665
87	2.51383e-09	0.446722	-0.944783	0.00372686	0.883515	0.419516	0.00014061
88	2.51383e-09	0.994742	-0.264222	-0.00143949	0.255642	0.951637	0.00118101
89	2.51383e-09	-0.0277898	1.05832	-0.0012593	-0.969568	-0.0214747	-0.00268473
90	2.51383e-09	0.806234	0.670276	0.00118981	-0.6208	0.753879	0.00261673
91	2.51383e-09	0.245122	-0.999658	0.00135556	0.95753	0.225663	0.00268934
92	2.51383e-09	1.00712	0.302703	0.000286997	-0.278657	0.933606	0.000243002
93	2.51383e-09	0.0225586	-1.07981	-0.00011521	0.958875	0.0164565	-0.00240519
94	2.51383e-09	0.850093	-0.586121	0.000707371	0.559303	0.810096	0.000592945
95	2.51383e-09	-0.0320207	1.03201	-0.000228952	-0.982923	-0.0286368	0.00135371
96	2.51383e-09	0.723294	0.77291	0.000197267	-0.706818	0.672174	-9.51887e-05
97	2.51383e-09	-0.937529	-0.469753	0.00265795	0.439239	-0.872061	0.000567134
98	2.51383e-09	0.928988	0.492593	-0.00181927	-0.457205	0.860555	0.00384866
99	2.51383e-09	0.614489	0.874555	-0.00114099	-0.788918	0.554292	0.00225863
100	2.51383e-09	-0.475496	0.934271	0.00134997	-0.873702	-0.447617	0.00122868
101	2.51383e-09	-0.632685	-0.819594	-0.00226361	0.775892	-0.600474	-0.000179305
102	2.51383e-09	-0.402618	-0.942808	0.00119369	0.908414	-0.39339	0.00222937
103	2.51383e-09	-0.576723	0.872819	-0.00230875	-0.816198	-0.540964	4.81239e-05
104	2.51383e-09	0.978468	0.335525	0.000595782	-0.32729	0.931135	-0.00074228
105	2.51383e-09	0.244142	-1.00879	0.00144834	0.953112	0.231902	-0.000553506
106	2.51383e-09	0.945467	-0.433043	-0.0017014	0.407887	0.893436	0.000849836
107	2.51383e-09	-1.03587	0.260503	0.00295643	-0.234209	-0.937647	0.000389726
108	2.51383e-09	-0.0999681	1.06316	-0.00188177	-0.964245	-0.085936	-0.000321748
109	2.51383e-09	0.937433	0.483776	0.00155081	-0.450971	0.865072	-0.00178526
110	2.51383e-09	0.883065	0.571802	-0.000116687	-0.53791	0.816845	-0.001682
111	2.51383e-09	-0.235469	1.04291	0.000378407	-0.941726	-0.219017	-0.00491094
112	2.51383e-09	0.0529745	1.07878	-0.000982567	-0.958669	0.0426264	-0.00212509
113	2.51383e-09	-0.882281	0.592072	-0.0018696	-0.539981	-0.803921	0.00124739
114	2.51383e-09	0.295264	-1.00878	-0.000955561	0.933587	0.273132	0.000292137
115	2.51383e-09	1.07422	0.0871871	-0.00262581	-0.0803605	0.959858	-0.00145813
116	2.51383e-09	-1.05918	-0.00997847	-0.00384986	0.0066949	-0.969273	-0.00315708
117	2.51383e-09	0.213365	1.03254	-0.000669504	-0.952281	0.195287	0.00107873
118	2.51383e-09	0.803082	0.685838	-0.0002023	-0.635562	0.740107	5.58e-05
119	2.51383e-09	-0.850638	0.60645	-0.00273233	-0.569598	-0.797908	0.00310139
120	2.51383e-09	-0.414715	0.968783	4.79638e-05	-0.898274	-0.383261	-0.0021274
121	2.51383e-09	1.0645	0.0904804	0.00354487	-0.0783114	0.963541	0.000800192
122	2.51383e-09	-0.899691	-0.60258	-0.00132001	0.532021	-0.795835	-0.0018505
123	2.51383e-09	0.95576	-0.413802	-0.00283317	0.390786	0.898394	-0.00240728
124	2.51383e-09	-0.926763	0.55584	-0.00237034	-0.495969	-0.823695	-0.0024195
125	2.51383e-09	0.767804	-0.72045	0.000311042	0.663315	0.711731	-0.00154975
126	2.51383e-09	0.131755	1.04418	0.000868925	-0.967484	0.125186	-0.000321461
127	2.51383e-09	-1.04697	-0.149536	0.000924722	0.13828	-0.963517	-0.000170023
128	2.51383e-09	-0.33112	1.01723	0.00428989	-0.916401	-0.303004	0.00187614
129	2.51383e-09	-1.00943	-0.331928	0.00152356	0.298768	-0.920702	-0.00218636
130	2.51383e-09	-0.81196	-0.69522	0.00454494	0.630434	-0.730037	-0.000712325
131	2.51383e-09	-0.671579	-0.862083	0.00147806	0.755127	-0.58828	0.00050199
132	2.51383e-09	-0.649292	0.861778	-0.000691776	-0.769362	-0.573803	0.00292147
133	2.51383e-09	-0.889811	-0.592016	-0.00182576	0.531972	-0.807269	0.000542891
134	2.51383e-09	-1.03854	0.195029	0.00109708	-0.172958	-0.957501	-0.000575354
135	2.51383e-09	-0.369528	-0.997003	-0.00167571	0.906829	-0.336425	-0.00232875
136	2.51383e-09	1.09238	0.0348318	-0.000971404	-0.0320594	0.955921	-0.00118188
137	2.51383e-09	0.584519	0.886525	-0.000250652	-0.807026	0.53869	-0.00144778
138	2.51383e-09	-0.0564199	1.05523	-0.00185102	-0.973605	-0.0554517	0.00311684
139	2.51383e-09	-1.05308	0.0925106	-0.00218161	-0.0874181	-0.968663	0.00291083
140	2.51383e-09	-0.649705	-0.885701	0.000202563	0.765624	-0.5638	0.000247608
141	2.51383e-09	0.995454	-0.346079	-0.00143505	0.317039	0.922403	0.00130565
142	2.51383e-09	-0.438092	-0.9793	0.00202785	0.886031	-0.387349	-0.00199339
143	2.51383e-09	0.43069	-0.970931	-0.00157486	0.889534	0.398758	0.00296037
144	2.51383e-09	-0.947345	-0.515624	0.00189567	0.465074	-0.84417	0.00148435
145	2.51383e-09	-0.911783	0.517742	-0.00178527	-0.480534	-0.850469	-0.00230825
146	2.51383e-09	0.981611	0.480271	-0.00152802	-0.425552	0.859734	-0.00270066
147	2.51383e-09	-1.07039	-0.139193	-0.00147001	0.125406	-0.953626	-0.0036022
148	2.51383e-09	0.39401	-1.00849	-0.00118504	0.897064	0.348802	0.000862702
149	2.51383e-09	-0.988567	0.35559	0.00225663	-0.321497	-0.923886	-0.00211827
150	2.51383e-09	0.286056	-1.03266	-0.000203712	0.93545	0.246439	0.00189314
151	2.51383e-09	-0.0566392	1.0889	-0.00129747	-0.953887	-0.05187	0.00187716
152	2.51383e-09	0.329122	-1.01741	-0.00033341	0.925909	0.287176	0.000404012
153	2.51383e-09	0.475584	0.967493	-0.0033853	-0.86798	0.422533	0.00200127
154	2.51383e-09	-0.998918	-0.477694	-0.00288142	0.407379	-0.856635	0.00241676
155	2.51383e-09	-1.07512	-0.100182	-3.32609e-05	0.0875288	-0.95964	0.00106888
156	2.51383e-09	-0.474334	0.997112	-0.0031798	-0.855117	-0.407822	0.000437028
157	2.51383e-09	0.720346	0.785727	0.000561078	-0.711853	0.656517	0.0017296
158	2.51383e-09	1.02996	-0.366996	-0.00122947	0.329503	0.898568	0.00309118
159	2.51383e-09	-1.005	0.366218	0.000227655	-0.332039	-0.908655	-0.000813548
160	2.51383e-09	1.037	0.305373	-0.0020582	-0.271901	0.920356	-0.000195971
161	2.51383e-09	-0.666581	-0.851288	-0.00249952	0.758315	-0.593032	0.000790428
162	2.51383e-09	1.06453	0.138265	-0.000424321	-0.127932	0.957403	-0.00294042
163	2.51383e-09	-0.853285	0.649553	-0.000358716	-0.588471	-0.771081	-0.000824803
164	2.51383e-09	1.0246	0.325463	8.75531e-05	-0.296847	0.919268	0.00446154
165	2.51383e-09	-1.10031	0.0419787	-3.02586e-05	-0.0350807	-0.951336	0.00343272
166	2.51383e-09	-0.793027	-0.717689	0.00134569	0.647437	-0.719173	0.00109204
167	2.51383e-09	0.643111	-0.845991	0.00178514	0.777538	0.58002	0.00120204
168	2.51383e-09	-0.315603	1.03827	-0.000337891	-0.917505	-0.286777	-0.000827779
169	2.51383e-09	-0.923073	0.582153	-0.000862781	-0.515128	-0.805611	0.000992195
170	2.51383e-09	0.384866	-1.02268	-0.000875713	0.895108	0.339886	-0.000926121
171	2.51383e-09	-0.784835	0.756148	-0.000148443	-0.666288	-0.689774	-0.000903836
172	2.51383e-09	0.827941	0.744243	-0.00124361	-0.636624	0.70341	1.51407e-05
173	2.51383e-09	-0.846463	-0.699087	0.00245074	0.605827	-0.736897	-0.00141145
174	2.51383e-09	-0.991942	-0.467345	-0.00228859	0.407838	-0.864216	-0.00160058
175	2.51383e-09	-1.07923	-0.0459321	0.00116802	0.0388851	-0.965228	-0.00134491
176	2.51383e-09	1.02086	-0.375081	0.000419274	0.330141	0.899224	0.00244348
177	2.51383e-09	-0.181996	-1.09768	-0.00252125	0.935776	-0.15496	-0.00216256
178	2.51383e-09	1.06244	0.224558	-0.00181462	-0.195377	0.939776	-0.00108951
179	2.51383e-09	-1.0343	-0.383065	0.00327816	0.326399	-0.892212	4.02544e-06
180	2.51383e-09	-0.524695	0.94261	-0.00245403	-0.841832	-0.466476	-0.000742802
181	2.51383e-09	-0.328561	-1.0571	-0.000158394	0.906792	-0.279334	0.000307708
182	2.51383e-09	0.823991	0.72376	-0.00165276	-0.631931	0.720015	0.000110413
183	2.51383e-09	-0.918026	0.589648	0.000153648	-0.513524	-0.80669	0.000452136
184	2.51383e-09	0.445725	-1.01007	-0.000826334	0.869148	0.386786	0.000311072
185	2.51383e-09	-0.993696	0.431584	-0.00212844	-0.383287	-0.88275	0.00113808
186	2.51383e-09	-0.311048	-1.04461	-0.00195483	0.916898	-0.273707	0.000562804
187	2.51383e-09	1.03435	0.24248	0.00256638	-0.224	0.946499	4.68501e-05
188	2.51383e-09	0.591511	0.926661	-0.000642556	-0.80191	0.518949	-0.00259522
189	2.51383e-09	-0.654124	0.871263	-0.00268552	-0.767333	-0.576124	0.00175614
190	2.51383e-09	1.02381	0.392207	0.000582913	-0.349553	0.892406	0.000927209
191	2.51383e-09	-1.07011	-0.182939	0.000818245	0.15902	-0.946637	0.000762899
192	2.51383e-09	-0.20226	1.08172	0.000638595	-0.937308	-0.172894	0.00174953
193	2.51383e-09	1.1135	0.0840146	0.00309779	-0.0685257	0.942081	-0.00229956
194	2.51383e-09	0.0113976	1.11875	-0.000385795	-0.945319	0.0114809	-0.00237801
195	2.51383e-09	-0.73597	0.789392	0.000489995	-0.706715	-0.654491	0.000982562
196	2.51383e-09	-0.986034	0.477753	-0.00195371	-0.411127	-0.861736	0.00344088
197	2.51383e-09	0.995929	0.437066	8.80406e-05	-0.384371	0.878947	0.00244491
198	2.51383e-09	0.107539	-1.10397	-0.000702688	0.944449	0.0942591	-0.000537706
199	2.51383e-09	-0.19566	-1.08534	-0.00450306	0.937569	-0.165254	0.00106029
200	2.51383e-09	0.524779	0.979291	-0.000729948	-0.83529	0.451137	-7.4099e-05
201	2.51383e-09	1.00006	-0.454081	0.000734179	0.39575	0.868725	-0.000908293
202	2.51383e-09	0.149385	-1.08325	-0.00111688	0.945631	0.130349	0.00128665
203	2.51383e-09	-1.03633	-0.297055	0.00033494	0.262295	-0.927218	-0.00271683
204	2.51383e-09	0.317411	1.04572	-0.000924696	-0.920624	0.274035	-0.00158454
205	2.51383e-09	-0.0132537	-1.13288	0.000685823	0.936478	-0.014749	0.000203699
206	2.51383e-09	0.243538	-1.06738	-0.00197028	0.932853	0.212041	0.000423788
207	2.51383e-09	-0.278634	1.08213	0.00372542	-0.91572	-0.238062	0.00206364
208	2.51383e-09	-0.379515	1.03365	0.00173296	-0.895797	-0.321364	-0.00208396
209	2.51383e-09	1.09559	-0.1751	-0.00130044	0.145017	0.936183	0.00295296
210	2.51383e-09	1.03097	0.404637	-0.00150799	-0.352659	0.882769	0.000409815
211	2.51383e-09	-0.504593	-0.979112	-4.18273e-05	0.848129	-0.431288	-0.000838099
212	2.51383e-09	-0.580193	-0.982691	0.00282592	0.804658	-0.469966	0.000541805
213	2.51383e-09	-0.525322	-0.987642	-0.00379447	0.832515	-0.442111	-0.000904489
214	2.51383e-09	0.064767	-1.09062	0.00123054	0.956453	0.0514403	0.00207253
215	2.51383e-09	0.357002	1.06347	0.00128587	-0.896226	0.299502	0.000661381
216	2.51383e-09	-0.341615	1.06087	-0.00129002	-0.898189	-0.295151	0.000796075
217	2.51383e-09	-0.900784	-0.66908	0.00213976	0.55973	-0.756924	0.000313998
218	2.51383e-09	1.03176	0.308424	-5.00159e-05	-0.271203	0.923765	-0.00606123
219	2.51383e-09	-0.778283	-0.834901	-0.001511	0.682086	-0.638002	-0.000118038
220	2.51383e-09	0.791673	-0.780406	-0.00330315	0.666836	0.677036	-0.000807019
221	2.51383e-09	0.479334	-0.97464	-0.00299572	0.860504	0.421556	-0.000200236
222	2.51383e-09	1.09431	0.181005	0.000514929	-0.154499	0.936147	-0.00142966
223	2.51383e-09	-0.416089	1.0329	0.00191635	-0.876183	-0.359383	0.0003545
224	2.51383e-09	-0.87365	-0.652041	-0.00308804	0.567226	-0.772067	0.000885539
225	2.51383e-09	-0.784678	0.787697	0.000362493	-0.675863	-0.667209	0.00129119
226	2.51383e-09	0.882359	0.695474	0.0036571	-0.581741	0.740109	0.000165341
227	2.51383e-09	0.236823	-1.08163	-0.000549532	0.92885	0.20406	0.0016271
228	2.51383e-09	0.304194	-1.07679	0.000171978	0.90959	0.253919	-0.00146374
229	2.51383e-09	1.09112	0.293104	0.00212814	-0.245293	0.907595	0.00353856
230	2.51383e-09	0.141241	-1.13814	0.000458787	0.928402	0.110274	-0.00158663
231	2.51383e-09	-0.783713	0.819754	0.00447866	-0.678878	-0.646484	0.00226952
232	2.51383e-09	-0.332199	1.05253	-0.00114907	-0.903435	-0.293428	0.00189016
233	2.51383e-09	-1.00248	0.470363	-0.00216851	-0.398673	-0.865597	0.000980284
234	2.51383e-09	1.11012	-0.123931	-0.00248839	0.103741	0.941521	0.0049106
235	2.51383e-09	1.12384	0.0189108	-0.00061272	-0.0112271	0.93969	-0.00245959
236	2.51383e-09	0.879709	-0.707544	-0.000268749	0.583825	0.737724	0.00148328
237	2.51383e-09	0.305355	-1.05373	0.000177629	0.915944	0.273015	0.00300676
238	2.51383e-09	-0.67028	0.951591	-0.000504749	-0.753535	-0.533008	0.0010527
239	2.51383e-09	-0.0741074	1.1068	0.00286508	-0.94562	-0.0619516	8.32628e-05
240	2.51383e-09	-0.198151	-1.09969	0.00333395	0.9355	-0.162029	-0.000947853
241	2.51383e-09	-1.08306	0.244246	0.000891164	-0.210038	-0.927384	0.00200129
242	2.51383e-09	0.540031	1.02003	0.00328555	-0.824773	0.435929	-1.24968e-05
243	2.51383e-09	0.233683	-1.10891	-0.00425433	0.917042	0.19329	0.000349203
244	2.51383e-09	1.11462	-0.208877	0.00185912	0.173766	0.925506	0.00147281
245	2.51383e-09	-0.100677	1.12489	0.00292098	-0.936095	-0.0813656	-0.00259496
246	2.51383e-09	-0.786242	0.827833	-0.00292134	-0.678013	-0.640768	0.00127074
247	2.51383e-09	-1.07502	-0.202048	-0.00189737	0.170952	-0.943221	0.0023317
248	2.51383e-09	1.08779	-0.275665	0.00023475	0.23405	0.915169	0.000364584
249	2.51383e-09	-0.880533	0.693779	0.00161557	-0.58902	-0.739892	0.000556958
250	2.51383e-09	-0.43019	1.0512	-0.000230346	-0.868168	-0.355799	0.0018468
251	2.51383e-09	-1.12132	0.0700272	-0.00135633	-0.0547109	-0.940357	-0.00111404
252	2.51383e-09	-0.561609	-0.952824	0.000242457	0.821802	-0.48264	0.000318918
253	2.51383e-09	0.152582	1.12148	0.00400188	-0.930714	0.128667	-0.00178736
254	2.51383e-09	-1.10024	0.225381	0.000197732	-0.181665	-0.928528	-0.000311373
255	2.51383e-09	0.0642442	-1.12897	-0.00234412	0.941106	0.0495652	0.000294218
256	2.51383e-09	1.07653	0.362391	0.000875191	-0.297705	0.894015	-0.00109969
257	2.51383e-09	-0.918845	-0.643018	-0.00236512	0.541915	-0.772244	0.00103993
258	2.51383e-09	-0.925058	-0.641346	-0.00351478	0.532356	-0.778004	0.00058328
259	2.51383e-09	-0.920983	0.654614	0.000350388	-0.545715	-0.764626	0.000513566
260	2.51383e-09	0.352865	-1.06888	-0.00167569	0.895461	0.292292	-0.0045141
261	2.51383e-09	-0.748827	-0.854885	0.000864192	0.702065	-0.621491	-0.00206938
262	2.51383e-09	0.768262	0.79782	-0.00543594	-0.683639	0.664025	8.96673e-05
263	2.51383e-09	1.08896	-0.344988	-6.12298e-07	0.276681	0.894253	-0.00313156
264	2.51383e-09	0.937958	0.624428	-0.00136395	-0.522943	0.781897	-0.000145564
265	2.51383e-09	0.0761068	1.1397	-0.000694134	-0.934512	0.0635573	0.00296021
266	2.51383e-09	0.411918	1.05134	0.00105841	-0.877669	0.344066	0.000377718
267	2.51383e-09	0.586421	0.964503	0.000703664	-0.804062	0.48401	0.000419323
268	2.51383e-09	-0.0389262	-1.1356	0.000661223	0.937037	-0.0346376	0.00200009
269	2.51383e-09	-1.14685	-0.116035	0.00239097	0.093616	-0.923706	-0.000989521
270	2.51383e-09	-0.227271	-1.10749	-0.000888181	0.91853	-0.193279	-0.00179108
271	2.51383e-09	-0.297968	-1.11144	1.61076e-05	0.900591	-0.239178	0.00153698
272	2.51383e-09	0.280102	-1.10329	0.00108571	0.910338	0.23043	0.0034556
273	2.51383e-09	1.12761	0.177264	-0.000805115	-0.148158	0.926088	0.00163313
274	2.51383e-09	-1.12057	-0.0880757	0.00170738	0.068579	-0.941774	0.00242868
275	2.51383e-09	0.896537	0.702915	0.00140245	-0.574682	0.739943	0.00162999
276	2.51383e-09	0.0293798	1.16074	-0.00300165	-0.925621	0.018462	0.000463761
277	2.51383e-09	-0.449434	1.06588	-0.0043101	-0.851727	-0.36006	-0.0017137
278	2.51383e-09	-1.07902	0.374512	-0.00380054	-0.309936	-0.882953	0.000912262
279	2.51383e-09	-1.01824	-0.590264	-0.000208482	0.454681	-0.80164	0.000819879
280	2.51383e-09	0.521929	-1.03706	0.00299817	0.827392	0.420443	0.000713474
281	2.51383e-09	0.415681	-1.06229	-0.00139189	0.867375	0.345069	7.44185e-06
282	2.51383e-09	-0.957003	-0.622342	0.00231817	0.507875	-0.786337	0.00108223
283	2.51383e-09	-0.804425	0.79822	-0.00349543	-0.658382	-0.671291	0.00174781
284	2.51383e-09	-0.186877	1.13531	0.00120369	-0.918733	-0.157178	-0.00123148
285	2.51383e-09	0.354612	1.09162	-0.000917256	-0.888768	0.288198	0.00166143
286	2.51383e-09	0.953971	0.62103	0.000392218	-0.514474	0.785605	0.000349788
287	2.51383e-09	0.528862	-0.998949	0.00182782	0.836573	0.434174	0.000963927
288	2.51383e-09	-0.745127	0.882479	-0.000498425	-0.706586	-0.604258	-0.00207768
289	2.51383e-09	-1.14564	0.104565	-0.000898811	-0.0801528	-0.928662	0.00349748
290	2.51383e-09	-0.768148	0.845845	-0.0034347	-0.689212	-0.629287	0.00141008
291	2.51383e-09	-1.13021	-0.195623	-0.00148515	0.156466	-0.919726	-0.000970815
292	2.51383e-09	1.0587	0.454149	-0.00198643	-0.363975	0.858511	0.000663759
293	2.51383e-09	0.11346	-1.12697	-0.000537434	0.935054	0.0994968	-0.00144868
294	2.51383e-09	1.12052	-0.305023	-0.00505307	0.245665	0.897202	-0.00357695
295	2.51383e-09	0.782277	0.838875	-0.00332566	-0.68181	0.635251	4.97619e-05
296	2.51383e-09	0.783075	-0.85083	-0.00330964	0.684816	0.629913	0.00305773
297	2.51383e-09	-0.367129	-1.07812	0.000757608	0.8851	-0.304474	-0.00064316
298	2.51383e-09	1.10515	0.335192	0.000860182	-0.265783	0.891575	-0.00132651
299	2.51383e-09	-0.477633	-1.06393	-0.000545723	0.840664	-0.388011	0.00200193
300	2.51383e-09	0.373386	-1.1013	0.00405367	0.879508	0.296628	0.000644541
301	2.51383e-09	1.01246	-0.59419	-0.00307881	0.466956	0.791449	0.000357139
302	2.51383e-09	0.0513501	-1.15961	0.00431161	0.929031	0.045853	-0.000670867
303	2.51383e-09	0.589747	-0.991649	0.00105603	0.802837	0.471179	0.000737667
304	2.51383e-09	-1.06316	-0.513791	0.000736444	0.399046	-0.826196	-0.000479986
305	2.51383e-09	0.573455	-1.00041	-0.00218364	0.80805	0.462172	-0.00118675
306	2.51383e-09	0.865595	0.750209	0.000289714	-0.610782	0.707199	0.00205309
307	2.51383e-09	0.279536	1.1318	0.00190107	-0.898175	0.222403	0.00183506
308	2.51383e-09	1.08469	-0.458363	-0.00161728	0.35982	0.846379	-0.00282975
309	2.51383e-09	-0.985602	0.583132	0.00301847	-0.475431	-0.801064	-0.000668722
310	2.51383e-09	-1.16449	0.0529863	0.000238013	-0.0415778	-0.9226	0.00233668
311	2.51383e-09	1.0181	0.559464	-0.00447689	-0.446201	0.812404	-0.00104071
312	2.51383e-09	-0.949649	-0.686566	0.0018802	0.543892	-0.743255	0.00154529
313	2.51383e-09	1.10976	0.289061	-0.0022712	-0.23611	0.906167	-0.00292353
314	2.51383e-09	-0.121704	-1.1349	0.00106591	0.930578	-0.107741	0.000669044
315	2.51383e-09	-0.971466	-0.632557	0.00131373	0.51133	-0.77693	-0.00246346
316	2.51383e-09	-0.573871	1.02011	-0.00203781	-0.802259	-0.457651	0.000251946
317	2.51383e-09	-0.882456	0.738028	-0.00244656	-0.599244	-0.718299	-0.00289311
318	2.51383e-09	-1.15788	0.042745	0.00160447	-0.0326587	-0.929372	0.000828235
319	2.51383e-09	-0.0399904	-1.16509	0.00191292	0.927158	-0.0334899	0.00162895
320	2.51383e-09	1.06922	-0.472148	0.000804237	0.371108	0.849189	-0.0003159
321	2.51383e-09	-1.16444	-0.0101672	-0.00182399	0.0117413	-0.925533	-0.000375835
322	2.51383e-09	0.337199	1.10961	-0.00414064	-0.888034	0.269099	0.00075579
323	2.51383e-09	-1.15518	-0.0570427	0.00106774	0.0388513	-0.928143	-0.000586595
324	2.51383e-09	0.534689	1.04722	0.000628405	-0.823419	0.420916	-0.000580398
325	2.51383e-09	1.12192	0.25014	0.000389517	-0.203181	0.914284	-0.00277499
326	2.51383e-09	0.604737	1.01685	0.00331508	-0.793264	0.462194	-0.00502598
327	2.51383e-09	-1.16417	0.150775	0.00224004	-0.118398	-0.915242	-0.000616555
328	2.51383e-09	0.63071	-0.946456	-0.00411607	0.783378	0.515245	0.00280468
329	2.51383e-09	-0.621019	0.990184	-0.00130537	-0.783344	-0.497812	-0.000881816
330	2.51383e-09	-1.1521	-0.0925824	-0.000293627	0.070709	-0.926599	-0.00149167
331	2.51383e-09	1.12668	0.258921	-6.15278e-05	-0.205806	0.905422	-0.00257337
332	2.51383e-09	0.687901	-0.96363	0.00419427	0.747415	0.531788	1.83961e-05
333	2.51383e-09	0.407845	1.10331	0.00170217	-0.864192	0.320454	-0.0012044
334	2.51383e-09	1.04067	0.527356	0.000894582	-0.41543	0.829335	-0.0011293
335	2.51383e-09	1.10474	-0.43665	-0.00103381	0.334697	0.853141	-0.0011029
336	2.51383e-09	-1.16735	-0.13436	-0.00241875	0.111109	-0.916317	0.000234881
337	2.51383e-09	-1.15164	0.291123	0.00210584	-0.222017	-0.887411	0.000367573
338	2.51383e-09	-0.713474	-0.91624	0.000261732	0.731049	-0.571053	-0.000215118
339	2.51383e-09	0.557112	-1.04318	0.00327963	0.810299	0.436104	-0.00258172
340	2.51383e-09	0.92415	0.73552	0.00336265	-0.580216	0.715118	-0.000669193
341	2.51383e-09	-0.312648	1.15039	0.000689992	-0.88312	-0.23572	0.000879339
342	2.51383e-09	1.03275	0.499588	0.00137441	-0.408505	0.840575	0.000463004
343	2.51383e-09	1.10779	0.377455	0.000123932	-0.298721	0.871914	0.000332367
344	2.51383e-09	1.1695	0.120165	0.0015449	-0.0921064	0.918611	-0.000360354
345	2.51383e-09	0.0187266	-1.15423	-0.00264923	0.931997	0.0152916	0.00162523
346	2.51383e-09	0.787494	0.86017	0.00304346	-0.683991	0.629142	0.000144867
347	2.51383e-09	0.345678	-1.12878	-0.000542988	0.879707	0.267927	-0.000463371
348	2.51383e-09	0.0769964	1.17777	-0.00107329	-0.917206	0.0583786	0.00171555
349	2.51383e-09	-0.933937	0.725291	-0.000400057	-0.564644	-0.726462	-0.000843512
350	2.51383e-09	-0.619204	-0.985722	0.00250893	0.787085	-0.490452	0.000517421
351	2.51383e-09	1.20192	0.0413039	-0.000738714	-0.0316387	0.909726	-0.000317045
352	2.51383e-09	1.1478	-0.20421	-0.000605289	0.163085	0.914361	0.00209062
353	2.51383e-09	0.405097	1.13381	0.00244353	-0.857316	0.304737	0.00197241
354	2.51383e-09	-0.0593576	1.1768	-0.0011846	-0.91967	-0.0434003	0.000986128
355	2.51383e-09	-0.421818	-1.07417	0.000273371	0.867359	-0.340946	0.0015952
356	2.51383e-09	1.07098	-0.550277	-0.00351855	0.414056	0.809585	-0.000850143
357	2.51383e-09	-1.10775	-0.365418	0.00227553	0.289299	-0.880665	0.00119057
358	2.51383e-09	-1.15414	0.297511	-0.00333201	-0.230043	-0.887029	5.76982e-05
359	2.51383e-09	-1.02268	-0.627409	-0.00331946	0.478701	-0.779396	-0.000106422
360	2.51383e-09	0.463186	-1.0896	9.9721e-05	0.842708	0.358441	0.000152733
361	2.51383e-09	0.657052	0.983187	0.00107918	-0.7641	0.508502	0.0013128
362	2.51383e-09	-0.156628	1.16702	-0.00291369	-0.911017	-0.126395	-0.000423976
363	2.51383e-09	0.750161	-0.913758	-0.00014103	0.708312	0.589032	-0.00193022
364	2.51383e-09	1.16886	-0.0145531	0.00198586	0.0131567	0.923671	-0.000457325
365	2.51383e-09	-0.685761	-0.984634	0.00158842	0.752265	-0.516369	0.000580004
366	2.51383e-09	1.19043	-0.0879666	-0.00109861	0.0624698	0.913173	-0.00200038
367	2.51383e-09	1.0608	0.505584	-0.000514446	-0.403232	0.830689	0.00306088
368	2.51383e-09	-1.20468	0.0645832	0.00204609	-0.0486553	-0.907413	-0.000932248
369	2.51383e-09	-0.67549	0.976065	0.00267261	-0.760276	-0.516601	0.000142795
370	2.51383e-09	-1.10837	-0.44327	0.00331365	0.34299	-0.846372	-0.000996093
371	2.51383e-09	0.758454	0.946873	0.001022	-0.707778	0.566936	-0.00134653
372	2.51383e-09	0.619578	1.02815	0.0011666	-0.778781	0.475635	0.00215598
373	2.51383e-09	-1.17031	-0.10752	-0.00144463	0.0814645	-0.920535	-0.000318185
374	2.51383e-09	-1.19239	0.234126	-0.00047677	-0.176856	-0.887326	0.00314336
375	2.51383e-09	-0.509689	1.07016	0.0041636	-0.829527	-0.399931	0.000258512
376	2.51383e-09	-1.06133	-0.510516	0.000414798	0.39703	-0.833226	0.000472301
377	2.51383e-09	1.12416	-0.362513	-0.000685643	0.28086	0.878206	-0.00114535
378	2.51383e-09	-0.99706	-0.659628	-0.00102509	0.502491	-0.763595	-9.09213e-05
379	2.51383e-09	0.144345	-1.16784	-0.00449624	0.917049	0.11855	-0.000656455
380	2.51383e-09	1.16544	0.15603	-0.00185057	-0.125231	0.914278	0.00121247
381	2.51383e-09	0.847333	-0.844485	0.000614608	0.644801	0.646412	-0.00244718
382	2.51383e-09	-1.12959	0.427103	-0.000558626	-0.318827	-0.849205	-0.000660893
383	2.51383e-09	-1.17927	-0.0226123	-0.00108642	0.0206444	-0.920986	-0.0008795
384	2.51383e-09	0.482543	-1.1064	-0.00291069	0.83229	0.366352	0.00346047
385	2.51383e-09	0.146247	1.16626	-0.00184902	-0.916024	0.113919	-0.00137009
386	2.51383e-09	-0.882541	-0.795655	-0.000226224	0.614439	-0.683512	0.00262964
387	2.51383e-09	-0.518151	1.08314	0.00338039	-0.821762	-0.396124	0.000236414
388	2.51383e-09	1.02638	-0.634512	-0.0014592	0.47745	0.772272	-0.00178333
389	2.51383e-09	0.564563	1.04392	0.00401926	-0.80805	0.43447	-0.00262944
390	2.51383e-09	0.897	0.777331	0.000960122	-0.60461	0.69054	0.000543078
391	2.51383e-09	0.602215	-1.04007	0.00229024	0.793035	0.456906	-0.000443663
392	2.51383e-09	0.534582	1.06907	-0.00486937	-0.819251	0.409807	-0.00343427
393	2.51383e-09	0.027366	1.21637	5.22329e-05	-0.903347	0.017396	0.00179023
394	2.51383e-09	-0.057359	-1.20365	-0.000414644	0.909899	-0.0381786	-0.0014368
395	2.51383e-09	-0.749912	-0.94041	-0.000483627	0.707353	-0.57438	-0.000251284
396	2.51383e-09	0.200737	1.2098	6.79153e-05	-0.887528	0.142198	-0.00185318
397	2.51383e-09	1.02757	-0.616327	-0.00337412	0.471495	0.784584	0.000404965
398	2.51383e-09	0.988439	0.69251	-0.00181355	-0.524292	0.743499	-0.000216482
399	2.51383e-09	-1.18668	0.154667	0.00217488	-0.115672	-0.906616	-0.000469185
400	2.51383e-09	-0.105471	-1.18675	-0.000353795	0.915211	-0.0836684	0.00201324
