8.905999e+03
401
0	1	0.000410989	0.000255027	-3.75191e-07	-1.71731e-08	-2.38266e-09	-7.15722e-11
1	2.51383e-09	0.212886	-0.98581	0.00225284	0.975985	0.207683	-0.00108953
2	2.51383e-09	0.31786	-0.949175	0.000657014	0.949902	0.309775	-0.00112818
3	2.51383e-09	0.619956	0.780091	0.00123362	-0.780303	0.627559	0.000451095
4	2.51383e-09	0.163015	-0.987998	0.000714925	0.987309	0.16257	0.00231405
5	2.51383e-09	0.77462	-0.61979	-0.00104805	0.631266	0.783115	0.000711871
6	2.51383e-09	-0.511152	0.87526	-0.00304732	-0.856757	-0.500251	0.000191457
7	2.51383e-09	0.976441	0.219866	0.000238189	-0.215716	0.97469	-0.00261652
8	2.51383e-09	0.581409	-0.804551	-0.000884224	0.81596	0.586843	-0.000307253
9	2.51383e-09	0.241306	0.977497	0.000302529	-0.965737	0.240912	0.000819125
10	2.51383e-09	-0.972315	0.290569	-0.00173428	-0.285682	-0.951279	0.00162691
11	2.51383e-09	0.471369	-0.881931	-0.000168527	0.882652	0.471798	-0.000604383
12	2.51383e-09	-0.156564	1.00767	0.000859015	-0.979284	-0.151965	-0.0011833
13	2.51383e-09	-0.546862	-0.843189	0.00110125	0.837361	-0.540682	-0.000205384
14	2.51383e-09	0.814178	-0.603159	0.00327541	0.590642	0.79735	-0.00138378
15	2.51383e-09	-0.0267472	1.01234	-0.00186081	-0.989444	-0.0245667	0.000162934
16	2.51383e-09	-0.981753	-0.188418	0.000833923	0.18266	-0.982771	-0.00149919
17	2.51383e-09	1.00726	0.155592	-0.00162913	-0.15573	0.975465	0.000998112
18	2.51383e-09	1.02644	0.00994575	-0.00178439	-0.0056549	0.984333	0.000301006
19	2.51383e-09	0.184796	-1.00717	5.84937e-05	0.967646	0.185738	-0.00278349
20	2.51383e-09	0.381097	-0.956295	-0.000158636	0.915379	0.365264	-0.00305027
21	2.51383e-09	0.973955	0.235964	-0.00151353	-0.236664	0.971744	0.00102154
22	2.51383e-09	0.985486	0.285249	5.94467e-05	-0.277708	0.950069	-0.00250492
23	2.51383e-09	0.445526	0.911675	-0.00237742	-0.88935	0.437721	-5.47196e-05
24	2.51383e-09	0.621361	-0.793457	-0.00140212	0.782582	0.618596	-0.00143403
25	2.51383e-09	-0.619783	0.796849	0.000331094	-0.789114	-0.612163	0.00244919
26	2.51383e-09	-1.02233	0.019485	0.00091005	-0.0176136	-0.986848	-0.000810186
27	2.51383e-09	0.429284	0.910416	-0.0022481	-0.900941	0.421628	-0.00216622
28	2.51383e-09	-0.752288	-0.663666	0.00215948	0.658474	-0.752163	-0.00204045
29	2.51383e-09	0.888044	-0.490776	-0.00127509	0.480317	0.867848	0.00153681
30	2.51383e-09	0.686319	0.741558	0.0021883	-0.732077	0.674951	-0.000668757
31	2.51383e-09	-0.517499	-0.867679	0.00172255	0.853273	-0.510153	-0.00341871
32	2.51383e-09	-1.00313	-0.0988946	-0.000782951	0.0950436	-0.990532	-0.00417689
33	2.51383e-09	0.16686	-1.00594	0.000736898	0.981706	0.155057	-0.000754817
34	2.51383e-09	-1.0244	0.153489	-0.00239515	-0.147376	-0.971107	0.00199866
35	2.51383e-09	-0.710161	-0.732979	-0.00118695	0.708399	-0.688397	-0.00298826
36	2.51383e-09	0.919661	-0.399102	-0.000774595	0.400008	0.921384	0.000787906
37	2.51383e-09	0.216747	0.998472	-0.00165515	-0.965709	0.209856	0.00146439
38	2.51383e-09	-0.679878	0.734655	-6.69922e-05	-0.734336	-0.681231	-0.00261786
39	2.51383e-09	-0.587295	-0.833218	-0.00103503	0.802392	-0.575877	0.000890207
40	2.51383e-09	0.840049	0.572104	0.00125569	-0.561055	0.81571	-0.00194855
41	2.51383e-09	-0.0653242	1.012	0.00189583	-0.991379	-0.0652109	0.00293278
42	2.51383e-09	-0.268094	1.00127	0.00243772	-0.947515	-0.258284	-0.00120166
43	2.51383e-09	0.366643	-0.949374	-0.00126677	0.923931	0.351637	0.00268965
44	2.51383e-09	-1.03108	-0.0806548	-0.00241829	0.0800639	-0.980461	0.000920201
45	2.51383e-09	0.416754	0.936797	-0.00273889	-0.902778	0.399625	0.000176259
46	2.51383e-09	-0.027285	-1.01453	0.000435755	0.993029	-0.0228725	-0.000774525
47	2.51383e-09	-1.00638	0.128321	-0.00171515	-0.126601	-0.985771	-0.000438482
48	2.51383e-09	0.992694	-0.270979	0.00109135	0.259795	0.951779	0.00122497
49	2.51383e-09	1.00807	-0.00262508	0.00314683	0.00156242	0.995641	0.000381117
50	2.51383e-09	0.863893	0.588514	-0.00178127	-0.551009	0.80832	-0.00260727
51	2.51383e-09	-0.667649	0.758244	-0.00184869	-0.745878	-0.657473	-0.00154765
52	2.51383e-09	1.01974	-0.146511	-0.0016759	0.14552	0.974962	0.000987653
53	2.51383e-09	0.928212	-0.447949	0.000619816	0.428659	0.885613	-0.0027438
54	2.51383e-09	-1.01517	-0.177916	-0.000297642	0.169698	-0.967378	0.00115038
55	2.51383e-09	0.980849	-0.352397	-0.000977351	0.327905	0.921521	5.68808e-05
56	2.51383e-09	-0.417647	0.931749	0.000431332	-0.904933	-0.405509	-0.000118473
57	2.51383e-09	-0.109101	-1.04483	0.00013826	0.969334	-0.0990764	0.000148349
58	2.51383e-09	-0.845704	-0.613063	0.00243398	0.572116	-0.792257	0.000238645
59	2.51383e-09	0.609619	-0.833683	-0.00220148	0.79195	0.579839	-0.00151009
60	2.51383e-09	-0.382376	-0.957038	0.00150672	0.912506	-0.370766	-0.000627096
61	2.51383e-09	-1.03095	-0.110307	0.00299132	0.109115	-0.973711	0.00272296
62	2.51383e-09	0.950476	0.418791	-0.0014266	-0.395284	0.898357	0.000486899
63	2.51383e-09	-0.822509	-0.610329	-0.000401229	0.588247	-0.795544	-0.000928648
64	2.51383e-09	0.070782	1.03235	0.00167483	-0.979961	0.0603257	-0.000200986
65	2.51383e-09	0.264455	-0.993036	0.000178441	0.95143	0.25367	-0.000135943
66	2.51383e-09	0.46091	0.923204	0.00240933	-0.875709	0.447815	0.00025282
67	2.51383e-09	-0.379818	-0.976656	0.00156279	0.909159	-0.352492	-0.00116899
68	2.51383e-09	-1.03119	-0.0217612	-0.00250659	0.0215283	-0.984736	0.00133361
69	2.51383e-09	1.02353	0.148826	0.00187409	-0.139593	0.976408	0.00224752
70	2.51383e-09	0.462262	-0.913646	0.000455404	0.881771	0.447376	-0.000693263
71	2.51383e-09	0.377328	-0.963154	0.000550218	0.91752	0.358064	0.00509979
72	2.51383e-09	0.945858	-0.484936	0.000914587	0.437625	0.864991	-0.00209539
73	2.51383e-09	1.02398	-0.183964	0.00312485	0.170747	0.964661	-0.00121686
74	2.51383e-09	0.010507	-1.05908	0.00113213	0.970047	0.014497	-0.00289684
75	2.51383e-09	-0.97263	0.38133	-0.000166851	-0.359533	-0.909721	-0.000556863
76	2.51383e-09	-0.758577	-0.720245	0.00167821	0.669324	-0.717297	0.00137684
77	2.51383e-09	0.802939	-0.695219	-0.00113937	0.637807	0.730288	0.000482947
78	2.51383e-09	-0.420354	-0.955076	-0.00351251	0.898415	-0.38698	-0.00207963
79	2.51383e-09	-0.861402	0.571473	-0.0026509	-0.547921	-0.816248	-0.00434944
80	2.51383e-09	0.677707	-0.784045	0.00045597	0.743816	0.645342	0.000656188
81	2.51383e-09	0.0249977	1.02607	0.00015636	-0.985873	0.0276401	0.00126432
82	2.51383e-09	0.366592	-0.992763	0.000580102	0.912305	0.332767	-0.00189766
83	2.51383e-09	-1.01068	-0.175032	-0.00134549	0.17226	-0.973167	-0.00088289
84	2.51383e-09	-1.04559	-0.0606511	0.000258001	0.0516711	-0.974501	-0.00110789
85	2.51383e-09	-0.683808	-0.763956	-0.00182332	0.736565	-0.657065	-0.00143507
86	2.51383e-09	-1.04398	-0.137311	1.76931e-05	0.135113	-0.964724	-1.31537e-05
87	2.51383e-09	-1.04025	-0.0934242	-0.00119691	0.0837096	-0.974153	0.000826523
88	2.51383e-09	0.227834	1.00732	-0.00234724	-0.960186	0.218434	-7.22893e-05
89	2.51383e-09	0.980343	-0.378978	-0.00232598	0.35515	0.910597	-0.000180249
90	2.51383e-09	-0.549103	-0.888314	0.00321387	0.834866	-0.512889	-0.00116903
91	2.51383e-09	0.657108	0.795937	0.00402618	-0.760488	0.62164	0.00228067
92	2.51383e-09	-0.897657	0.548532	0.000774667	-0.50624	-0.833253	-0.000663856
93	2.51383e-09	1.00502	0.346448	3.46723e-05	-0.318898	0.917132	-0.00174575
94	2.51383e-09	0.894028	-0.523132	0.00332456	0.497976	0.847536	-0.000613128
95	2.51383e-09	-0.503393	-0.893216	-4.30243e-05	0.859984	-0.48819	-0.000654603
96	2.51383e-09	-0.955546	0.465879	-0.00286852	-0.425074	-0.867805	0.000393313
97	2.51383e-09	-0.487679	-0.922938	-0.00138473	0.866729	-0.459905	0.000493596
98	2.51383e-09	0.623277	-0.845821	0.00188621	0.784645	0.580733	0.000800516
99	2.51383e-09	0.862456	0.639535	-6.67722e-05	-0.57494	0.771696	0.00181929
100	2.51383e-09	1.05016	0.134621	-0.000347751	-0.131882	0.961718	-0.000701426
101	2.51383e-09	-0.712517	-0.746194	0.000877572	0.71141	-0.680005	0.000126851
102	2.51383e-09	-0.422998	0.94376	0.00135614	-0.894851	-0.404323	-0.000896205
103	2.51383e-09	1.04104	-0.123672	0.00138685	0.114926	0.968864	0.00243104
104	2.51383e-09	-0.466266	0.930423	0.000103562	-0.880308	-0.43695	0.00070529
105	2.51383e-09	-0.62418	-0.821822	0.00185614	0.786525	-0.594251	0.00120949
106	2.51383e-09	-0.517387	-0.904667	-0.000731499	0.850923	-0.485697	0.00151645
107	2.51383e-09	0.762215	-0.735847	0.000390483	0.677264	0.696338	0.00108065
108	2.51383e-09	0.151363	-1.0592	-0.000898328	0.955351	0.143416	-0.000220337
109	2.51383e-09	0.737788	-0.772326	-0.00216066	0.695856	0.667341	0.000868877
110	2.51383e-09	-0.321386	-1.01005	-0.00282861	0.92204	-0.295973	-0.000246142
111	2.51383e-09	-0.898378	0.558938	0.0015627	-0.511653	-0.827415	-0.00339749
112	2.51383e-09	0.859946	-0.636856	-0.00127887	0.580663	0.773312	0.000550131
113	2.51383e-09	0.985852	-0.365518	-0.000194363	0.343058	0.914959	0.0013287
114	2.51383e-09	1.0525	0.0631263	-0.00013462	-0.0593703	0.971482	0.00172792
115	2.51383e-09	-1.01755	0.335975	-0.00243514	-0.306975	-0.916606	0.00232475
116	2.51383e-09	0.166534	-1.04409	-0.00366746	0.957718	0.156211	-0.00153183
117	2.51383e-09	0.743144	0.756644	-0.00138998	-0.690877	0.681536	2.29916e-06
118	2.51383e-09	1.05856	-0.0360318	0.000413282	0.030566	0.972565	0.000967222
119	2.51383e-09	-0.984076	0.346322	-0.00427626	-0.329788	-0.923709	-0.000802986
120	2.51383e-09	-1.04297	-0.0569782	0.00161786	0.0497065	-0.978711	-0.000242883
121	2.51383e-09	0.156918	1.06286	0.00130994	-0.951779	0.14052	0.00252231
122	2.51383e-09	-1.05581	0.224259	0.00289491	-0.204438	-0.938981	0.00123889
123	2.51383e-09	0.794744	-0.671783	0.000262129	0.637115	0.745805	-0.00275318
124	2.51383e-09	0.892707	0.600518	-0.000708184	-0.538944	0.799999	0.00287804
125	2.51383e-09	1.00242	-0.305697	0.00184527	0.281183	0.935589	0.0012358
126	2.51383e-09	-0.35333	0.99813	0.00114076	-0.918022	-0.319968	0.00218709
127	2.51383e-09	-0.95989	0.444657	-0.000286226	-0.407517	-0.879921	0.00188602
128	2.51383e-09	1.05233	-0.190809	-0.00393141	0.17713	0.950348	-0.00266401
129	2.51383e-09	0.914012	-0.530566	-0.00135172	0.486986	0.842799	-0.00352209
130	2.51383e-09	-0.6738	-0.8291	-0.00030289	0.752404	-0.60595	0.00347968
131	2.51383e-09	0.55378	-0.942415	0.000101544	0.823045	0.484839	0.00174064
132	2.51383e-09	1.00675	0.34298	0.00109017	-0.309057	0.921865	0.000152372
133	2.51383e-09	-0.22217	-1.04936	-0.000822346	0.941583	-0.202166	-0.00115721
134	2.51383e-09	0.824547	0.663137	0.000406672	-0.605469	0.759815	-0.000936673
135	2.51383e-09	-0.635441	-0.844192	0.00318695	0.775198	-0.58515	0.000333678
136	2.51383e-09	-0.365679	1.02621	0.0028539	-0.902782	-0.321397	0.000660951
137	2.51383e-09	0.847514	0.644583	0.00176707	-0.582998	0.773617	0.000662714
138	2.51383e-09	-1.03708	0.18957	-0.000691694	-0.176722	-0.959983	0.00131705
139	2.51383e-09	-0.919046	-0.53475	-0.00411476	0.485977	-0.838722	-0.000746469
140	2.51383e-09	-1.01416	0.379436	-0.000345326	-0.342559	-0.899566	1.08777e-05
141	2.51383e-09	0.76375	-0.747924	0.00137336	0.676419	0.692732	-0.00198364
142	2.51383e-09	1.07077	0.103672	0.000299088	-0.083517	0.961145	-0.0019007
143	2.51383e-09	-1.03284	0.29737	0.00188214	-0.26015	-0.928043	-0.000569993
144	2.51383e-09	0.989047	-0.438112	0.00309918	0.387632	0.881095	0.0012723
145	2.51383e-09	0.954861	0.44878	-0.00114684	-0.41517	0.882015	-0.000229862
146	2.51383e-09	0.0208496	1.09587	0.001447	-0.957579	0.0221945	-0.00295872
147	2.51383e-09	0.794568	0.726691	-0.00236924	-0.652973	0.712023	0.000150641
148	2.51383e-09	0.978607	-0.455503	-0.0010569	0.40562	0.875555	0.00082641
149	2.51383e-09	-0.52214	-0.9082	0.00260508	0.849064	-0.492871	-0.00121793
150	2.51383e-09	-1.05618	0.138021	0.000897895	-0.122267	-0.965371	-0.000387215
151	2.51383e-09	-0.926563	0.561433	-0.00125931	-0.495141	-0.821951	-0.000530487
152	2.51383e-09	0.348983	-1.00891	-0.000210774	0.920975	0.307361	5.3221e-05
153	2.51383e-09	0.172126	1.07154	0.000225404	-0.948523	0.151501	-0.00109769
154	2.51383e-09	1.08575	-0.189073	0.00103106	0.162235	0.939349	0.00282585
155	2.51383e-09	0.478424	0.964582	-0.000868522	-0.866732	0.422271	-0.00215129
156	2.51383e-09	0.897217	-0.612523	0.000674851	0.545919	0.793267	0.00253064
157	2.51383e-09	0.421189	0.986487	0.000216045	-0.884809	0.378531	0.00045422
158	2.51383e-09	-1.09386	-0.00236779	0.00505128	0.00618762	-0.956281	0.00103217
159	2.51383e-09	-0.97318	0.442613	-0.00124366	-0.399731	-0.882337	0.000796843
160	2.51383e-09	0.63987	0.869423	-0.00117558	-0.775274	0.569381	-0.00262179
161	2.51383e-09	-0.391496	-1.01074	0.00135722	0.895669	-0.346217	-0.00218793
162	2.51383e-09	-0.834548	-0.687041	-0.00409099	0.6103	-0.742643	0.000612321
163	2.51383e-09	-1.01155	-0.378361	0.0015065	0.332449	-0.904877	-0.00155957
164	2.51383e-09	-0.749215	0.773342	0.0024365	-0.691419	-0.668678	0.000192394
165	2.51383e-09	-0.65043	-0.889571	-0.00328756	0.76988	-0.560218	0.000504227
166	2.51383e-09	-0.734242	-0.79067	-0.00166646	0.703746	-0.657695	0.000816317
167	2.51383e-09	-0.960247	0.446475	-0.00124475	-0.40563	-0.886768	-0.0032413
168	2.51383e-09	0.745955	0.79854	-0.0012706	-0.698132	0.6521	-9.27988e-05
169	2.51383e-09	-0.743528	0.783969	0.00117888	-0.701191	-0.659283	0.00119115
170	2.51383e-09	0.874368	-0.643957	0.00283128	0.569287	0.774244	-0.00109349
171	2.51383e-09	-0.666865	0.856653	0.000979321	-0.758261	-0.591564	-0.00286361
172	2.51383e-09	0.731532	0.842018	0.00114285	-0.717856	0.617823	-0.00108005
173	2.51383e-09	-1.03284	-0.381554	-0.00114086	0.330688	-0.89481	0.00271381
174	2.51383e-09	-0.0110639	-1.10265	0.000460581	0.951849	-0.0147041	-0.0019189
175	2.51383e-09	0.298377	-1.04816	0.00161056	0.923471	0.255854	-0.00144983
176	2.51383e-09	-1.06145	-0.186535	0.00205972	0.169164	-0.948804	-0.000370568
177	2.51383e-09	-1.02009	0.464927	0.00296296	-0.391371	-0.858999	0.00178429
178	2.51383e-09	0.813192	0.705906	-0.000691336	-0.631969	0.728458	-0.000516965
179	2.51383e-09	-1.05478	0.297872	-0.00378582	-0.263135	-0.919825	0.0020171
180	2.51383e-09	0.481596	-0.971066	-0.00254475	0.858935	0.426886	0.00181438
181	2.51383e-09	1.01975	-0.398382	0.00172265	0.348446	0.891721	-0.00110991
182	2.51383e-09	1.053	-0.301614	0.000520375	0.265169	0.91771	-0.0010355
183	2.51383e-09	-0.94933	-0.549789	0.000517172	0.475186	-0.826728	-0.000770094
184	2.51383e-09	0.226771	1.08757	0.00161896	-0.928541	0.19279	0.00157394
185	2.51383e-09	-1.01216	0.405697	-0.000380091	-0.359217	-0.888387	-0.0023404
186	2.51383e-09	0.777914	0.760514	-0.00118785	-0.67476	0.681887	-0.000475195
187	2.51383e-09	0.589895	0.882413	0.00335262	-0.809223	0.539956	0.00238447
188	2.51383e-09	1.10203	-0.0438694	-0.000519492	0.0370669	0.953083	0.00309043
189	2.51383e-09	0.669046	0.863209	0.00281298	-0.757156	0.585276	-0.00027895
190	2.51383e-09	-0.993119	-0.481961	-0.000535108	0.40805	-0.857785	0.0018475
191	2.51383e-09	-1.05218	0.271626	-0.00280119	-0.237965	-0.931008	-0.000407565
192	2.51383e-09	0.656161	-0.880296	-0.00175664	0.763882	0.57264	0.00164301
193	2.51383e-09	0.376052	-1.04487	-0.000905625	0.891872	0.319647	0.00181544
194	2.51383e-09	0.172419	-1.10574	-0.00108656	0.933431	0.145635	-0.000644914
195	2.51383e-09	0.106088	1.08052	-0.0013535	-0.954984	0.0934598	-0.00153438
196	2.51383e-09	1.09728	-0.0268959	0.00412076	0.0298965	0.952975	-0.00022268
197	2.51383e-09	-1.01186	-0.398257	0.00330703	0.352014	-0.891294	0.00047574
198	2.51383e-09	0.293128	-1.06947	0.00229598	0.915915	0.253451	0.000176166
199	2.51383e-09	-0.587223	0.936378	0.00335987	-0.804036	-0.506262	0.0010312
200	2.51383e-09	0.980344	0.527979	8.68028e-05	-0.445271	0.837496	0.000826865
201	2.51383e-09	-1.09638	0.100397	-0.000920987	-0.0847195	-0.948197	0.00213433
202	2.51383e-09	-0.440734	0.990594	0.00237585	-0.877936	-0.393681	8.49755e-05
203	2.51383e-09	1.06771	0.213159	0.000596959	-0.188111	0.939491	-0.00211135
204	2.51383e-09	1.10232	-0.0921124	-0.000348043	0.0732648	0.946553	0.000147649
205	2.51383e-09	1.08508	-0.299478	-0.00164482	0.246641	0.908558	0.000211395
206	2.51383e-09	0.666155	0.869094	-0.00179271	-0.758119	0.582434	0.00117893
207	2.51383e-09	-1.11424	-0.0116655	0.00275687	0.00891129	-0.948546	0.00194729
208	2.51383e-09	0.647073	-0.882448	-0.000240507	0.769176	0.570044	-0.00238803
209	2.51383e-09	0.578103	-0.946456	0.000186802	0.808816	0.493864	-0.00196925
210	2.51383e-09	-0.125906	-1.10306	0.000486239	0.941009	-0.110497	0.0012483
211	2.51383e-09	0.953783	0.534245	-0.00299753	-0.466725	0.837734	0.000879367
212	2.51383e-09	0.228134	-1.10181	0.000625496	0.922601	0.193611	0.00307418
213	2.51383e-09	0.636302	0.904206	-0.000463684	-0.778988	0.548402	0.001717
214	2.51383e-09	0.751839	0.808307	-0.000954861	-0.691122	0.65091	0.00126597
215	2.51383e-09	-1.11235	-0.0593416	0.00239891	0.0465674	-0.947073	6.75356e-05
216	2.51383e-09	-0.861398	-0.703852	-0.000356342	0.602689	-0.735457	-0.000354352
217	2.51383e-09	0.135286	-1.11942	0.00345438	0.933711	0.114692	0.00020672
218	2.51383e-09	-0.638583	-0.87554	-0.00265024	0.776368	-0.5612	0.000234794
219	2.51383e-09	1.0367	0.451909	-0.000761705	-0.376664	0.863041	0.00139309
220	2.51383e-09	1.06269	0.334303	-0.00284725	-0.281776	0.905896	-0.00165547
221	2.51383e-09	-0.936293	-0.554656	0.0010993	0.485205	-0.827203	0.00203684
222	2.51383e-09	1.09638	0.139706	0.00318102	-0.118071	0.945472	0.00109288
223	2.51383e-09	0.864023	-0.698317	0.000439848	0.601033	0.734005	-0.00203592
224	2.51383e-09	-1.01984	0.378344	0.000564359	-0.332651	-0.902619	-0.000521217
225	2.51383e-09	0.713202	-0.862062	0.00160113	0.726331	0.602443	-5.5021e-05
226	2.51383e-09	0.0118045	1.12024	0.000903857	-0.942565	0.00733681	0.00127232
227	2.51383e-09	0.632542	0.899998	-0.000384853	-0.779653	0.551113	-0.000616036
228	2.51383e-09	-0.990611	-0.523341	0.000230262	0.440938	-0.834322	-0.00167632
229	2.51383e-09	0.294394	1.09112	0.00167064	-0.908059	0.241405	0.00236132
230	2.51383e-09	0.330262	-1.08896	0.00112257	0.900844	0.268258	0.00119823
231	2.51383e-09	-0.490493	1.02191	-0.00529218	-0.847062	-0.403473	0.00241174
232	2.51383e-09	0.538145	-0.958228	0.00149457	0.83508	0.463582	0.00234489
233	2.51383e-09	0.670981	0.897593	0.0023705	-0.756766	0.560866	0.000337239
234	2.51383e-09	-0.930207	0.598277	0.00309329	-0.518898	-0.798788	0.00242673
235	2.51383e-09	-1.10771	-0.00805042	-0.00370872	0.00991577	-0.95242	0.00120236
236	2.51383e-09	-1.03799	0.442144	0.00208061	-0.370286	-0.86381	0.00104771
237	2.51383e-09	1.08485	0.111483	4.23689e-05	-0.0995043	0.957485	0.00219712
238	2.51383e-09	-0.227808	-1.12317	0.000195066	0.917876	-0.182886	0.00184621
239	2.51383e-09	-0.00689065	1.10299	-0.000288563	-0.951688	-0.00343241	0.00294133
240	2.51383e-09	-0.864326	-0.72139	-0.00125686	0.610243	-0.717882	0.00226973
241	2.51383e-09	0.851484	-0.73528	0.00178682	0.612581	0.711728	0.00042276
242	2.51383e-09	-1.12003	0.26311	0.00334024	-0.215089	-0.907844	0.00151986
243	2.51383e-09	-0.0163168	-1.12774	-0.00130556	0.939977	-0.0146537	-0.00370393
244	2.51383e-09	-0.244466	1.10644	-0.000104504	-0.919056	-0.199284	0.00247346
245	2.51383e-09	-1.08364	-0.315092	0.00157298	0.263776	-0.902232	-0.00421549
246	2.51383e-09	0.859759	-0.723113	0.00264917	0.609507	0.722495	0.000810793
247	2.51383e-09	-1.07788	-0.212529	-0.00214547	0.177264	-0.938004	-0.00157619
248	2.51383e-09	-0.762042	0.826131	0.000412556	-0.696031	-0.635727	-0.0013697
249	2.51383e-09	0.156519	-1.1087	-0.000165744	0.936908	0.134331	0.00024839
250	2.51383e-09	0.301302	1.09314	-6.53413e-05	-0.905853	0.24786	-0.000282764
251	2.51383e-09	-0.979981	-0.550563	-0.000586966	0.46406	-0.819669	-6.78533e-05
252	2.51383e-09	1.00709	-0.500715	-0.000718706	0.420292	0.843911	-0.000601453
253	2.51383e-09	-0.30902	1.09354	0.00501037	-0.902253	-0.252944	0.00217931
254	2.51383e-09	0.34236	-1.06955	0.000795504	0.900326	0.285971	0.00145074
255	2.51383e-09	0.947665	0.621068	-0.000722612	-0.516175	0.785904	9.41445e-05
256	2.51383e-09	-0.645199	-0.947314	-0.000301546	0.771522	-0.520721	0.000762725
257	2.51383e-09	-0.236946	1.10432	0.00167532	-0.919211	-0.197074	0.00153337
258	2.51383e-09	-1.00739	0.498597	0.00254953	-0.420146	-0.845806	-0.00271926
259	2.51383e-09	1.10132	-0.21943	0.000632397	0.185265	0.927012	-0.00115721
260	2.51383e-09	0.749573	0.844062	-0.00359983	-0.70593	0.622226	-0.00200182
261	2.51383e-09	0.928724	0.673256	-0.000358048	-0.549106	0.752836	0.000275342
262	2.51383e-09	-0.926104	-0.629141	-0.000779233	0.532089	-0.777657	0.00455718
263	2.51383e-09	0.221477	-1.12077	0.000141798	0.915048	0.185962	0.00148486
264	2.51383e-09	-0.404109	1.0534	0.000970589	-0.878333	-0.335193	0.00179961
265	2.51383e-09	-1.07923	0.39776	0.000221372	-0.321725	-0.871155	0.000175186
266	2.51383e-09	-1.13194	0.0662505	0.00136189	-0.0538972	-0.937738	8.31035e-05
267	2.51383e-09	0.700107	0.884773	0.000772869	-0.739359	0.579069	0.00171382
268	2.51383e-09	0.709757	-0.895382	-0.00324276	0.733335	0.575047	-0.000126237
269	2.51383e-09	0.849822	0.766736	-0.00218367	-0.625983	0.697157	-0.00257589
270	2.51383e-09	-1.09076	-0.299229	-0.000377599	0.244298	-0.907836	0.000711352
271	2.51383e-09	0.77689	0.835614	0.00116629	-0.686359	0.638284	-0.000133482
272	2.51383e-09	0.666884	0.93125	0.00376819	-0.758381	0.543509	0.00133592
273	2.51383e-09	1.1038	0.292483	-0.000296584	-0.241346	0.905181	-0.00255942
274	2.51383e-09	-0.0819892	1.10911	0.00200988	-0.949611	-0.0705296	0.00134026
275	2.51383e-09	-1.09503	0.305443	0.000670759	-0.24907	-0.90261	0.00237488
276	2.51383e-09	-0.35391	-1.08275	-0.000426392	0.89195	-0.289146	-0.000476992
277	2.51383e-09	0.143515	-1.12364	-0.00270894	0.935591	0.122751	0.00285639
278	2.51383e-09	-1.0657	-0.441077	-0.0014277	0.356144	-0.858747	-0.000503325
279	2.51383e-09	-0.727172	-0.927149	-0.000951552	0.722732	-0.567906	-0.00115155
280	2.51383e-09	-1.15302	0.123834	-0.00065115	-0.101503	-0.923155	0.000709275
281	2.51383e-09	-0.615632	0.955691	-4.88262e-05	-0.788666	-0.508909	-0.000932168
282	2.51383e-09	-0.626562	-0.958592	0.000601794	0.779772	-0.512975	-0.000340653
283	2.51383e-09	0.585379	-0.977406	-0.000997827	0.807132	0.473178	0.00185217
284	2.51383e-09	0.0633739	-1.14431	0.00215453	0.934141	0.0472794	-0.00102895
285	2.51383e-09	0.192259	-1.13091	0.00148294	0.92029	0.153049	-0.000984363
286	2.51383e-09	1.13625	-0.0811254	-0.000574452	0.0662763	0.935301	-0.00225745
287	2.51383e-09	-0.351857	1.08042	0.00151393	-0.888996	-0.294493	-0.00084157
288	2.51383e-09	1.15659	0.0192693	-0.00195997	-0.0100802	0.92918	0.000744802
289	2.51383e-09	0.603204	0.989363	0.000721728	-0.793865	0.478622	-0.0027248
290	2.51383e-09	-0.993661	-0.561676	-0.00381992	0.462748	-0.814401	2.40604e-05
291	2.51383e-09	-0.457291	1.05465	0.000514468	-0.856709	-0.370256	0.00183997
292	2.51383e-09	-0.733935	0.887619	-0.00120069	-0.717858	-0.592669	0.00144171
293	2.51383e-09	-0.336327	-1.09	-0.00132525	0.895268	-0.271409	0.00185906
294	2.51383e-09	-0.976896	-0.647915	0.00267149	0.510324	-0.768499	0.00489072
295	2.51383e-09	1.08962	0.37071	-0.00101027	-0.298268	0.881388	-0.00100146
296	2.51383e-09	0.872296	-0.762561	-0.00359578	0.611691	0.698512	-0.0024861
297	2.51383e-09	0.614587	-0.967892	0.00132742	0.789086	0.498842	-0.00247116
298	2.51383e-09	-0.587705	0.995967	0.00160913	-0.797856	-0.47342	-0.00240488
299	2.51383e-09	-0.860305	0.769732	-0.000895668	-0.620561	-0.700525	-0.000713524
300	2.51383e-09	0.963218	0.653269	-0.000173278	-0.521899	0.766684	0.00143213
301	2.51383e-09	1.16485	-0.151765	-0.000744725	0.116947	0.910455	-0.00155929
302	2.51383e-09	0.740919	0.909748	0.00145269	-0.710336	0.586178	-0.00426902
303	2.51383e-09	-1.14517	-0.0882141	0.000308433	0.0720283	-0.932077	0.00167016
304	2.51383e-09	1.1539	-0.120378	-0.000345132	0.0916501	0.925635	-0.00119342
305	2.51383e-09	0.135371	1.14031	-0.00278021	-0.927067	0.110366	-0.00118589
306	2.51383e-09	-0.755104	0.865968	-0.00101688	-0.700532	-0.614981	0.000811389
307	2.51383e-09	-0.659343	-0.956114	0.00396213	0.763005	-0.525964	0.00030792
308	2.51383e-09	1.09673	-0.414654	0.00243129	0.33169	0.861225	0.000584389
309	2.51383e-09	0.707383	-0.889808	0.00116846	0.737417	0.582842	-9.45224e-05
310	2.51383e-09	-0.379696	-1.09618	0.000630875	0.878191	-0.300732	0.000761527
311	2.51383e-09	1.05154	0.482314	0.00391945	-0.388711	0.84606	-0.000983125
312	2.51383e-09	0.400719	1.09104	0.000558191	-0.868426	0.329773	-0.00229829
313	2.51383e-09	1.06195	-0.423112	0.001214	0.345986	0.871181	0.0023867
314	2.51383e-09	0.404157	1.06916	0.0017256	-0.875591	0.328367	0.000118818
315	2.51383e-09	0.665122	-0.959477	0.00210579	0.760821	0.526829	-0.00207784
316	2.51383e-09	-1.11879	-0.336811	-0.002188	0.269996	-0.884427	0.000898038
317	2.51383e-09	-0.531013	-1.02776	-0.00202127	0.824175	-0.429758	-0.00237825
318	2.51383e-09	-1.09434	0.357448	-0.00262282	-0.292683	-0.886873	-9.68744e-05
319	2.51383e-09	-0.478144	-1.06702	-0.00294676	0.84396	-0.378847	0.0008046
320	2.51383e-09	-0.165884	1.16554	-2.81373e-05	-0.911849	-0.128289	0.000207017
321	2.51383e-09	-1.06182	-0.477713	0.00107761	0.382978	-0.842912	-0.000481122
322	2.51383e-09	1.02639	-0.54883	0.00143468	0.439387	0.814699	0.00232036
323	2.51383e-09	0.858427	-0.781758	0.000124425	0.618641	0.689455	-0.00119657
324	2.51383e-09	1.14322	-0.27798	-0.00275057	0.220311	0.894787	-4.69219e-05
325	2.51383e-09	-0.222725	-1.13595	-0.00084965	0.912064	-0.175629	0.00173692
326	2.51383e-09	-0.468042	-1.07764	-0.00599303	0.844244	-0.376527	0.00115835
327	2.51383e-09	-1.17049	0.162001	-0.00230218	-0.127219	-0.910185	-0.000326317
328	2.51383e-09	1.00153	0.563068	-0.00184037	-0.453548	0.813333	0.00271114
329	2.51383e-09	0.376107	-1.12206	-0.00114065	0.871384	0.283102	-0.000780658
330	2.51383e-09	0.956911	-0.661074	-5.58153e-05	0.524422	0.763958	0.000139957
331	2.51383e-09	-0.974976	0.613133	-0.000663505	-0.493607	-0.791275	-0.00172569
332	2.51383e-09	-1.16043	0.186522	0.000111743	-0.146711	-0.911749	-0.00181693
333	2.51383e-09	-1.17854	0.103062	0.000374997	-0.0808951	-0.916854	-0.00218558
334	2.51383e-09	1.08907	-0.432866	-0.00129778	0.34098	0.860605	0.00127243
335	2.51383e-09	-0.0433572	-1.1848	-0.000327073	0.915505	-0.0363179	0.000101104
336	2.51383e-09	0.996186	0.624453	0.00086521	-0.487793	0.781244	0.00243612
337	2.51383e-09	-1.15267	-0.267749	-0.000958103	0.208061	-0.893051	0.0022547
338	2.51383e-09	0.0122824	1.16504	-0.00369434	-0.926705	0.0106258	0.000180041
339	2.51383e-09	-0.360718	-1.1331	0.00222431	0.873456	-0.2731	0.00355339
340	2.51383e-09	-0.653184	-0.988691	0.000271459	0.762209	-0.510365	-0.00224459
341	2.51383e-09	-1.12181	0.407147	-0.00114698	-0.312864	-0.85793	0.00088326
342	2.51383e-09	1.15402	-0.148104	0.000105908	0.116895	0.918166	0.0012271
343	2.51383e-09	0.410336	-1.07939	0.00258337	0.872233	0.32677	4.01865e-05
344	2.51383e-09	-1.07943	-0.481896	0.000987176	0.369445	-0.83997	-0.000748043
345	2.51383e-09	-0.419992	1.09105	0.00202916	-0.860531	-0.334911	0.00227024
346	2.51383e-09	-0.395373	-1.11219	0.00137289	0.865719	-0.304808	-0.00182732
347	2.51383e-09	-1.13521	-0.258789	-0.00141008	0.210484	-0.905431	-0.00138906
348	2.51383e-09	1.12019	0.356027	0.0030135	-0.279024	0.879615	-0.00171253
349	2.51383e-09	-0.122643	1.15921	-0.00278963	-0.924448	-0.0993868	0.00109495
350	2.51383e-09	0.766904	-0.87411	0.00177179	0.699896	0.611263	0.000844626
351	2.51383e-09	0.304718	1.15589	-0.00273352	-0.883842	0.233465	-0.00177499
352	2.51383e-09	-0.854205	0.819327	-0.000734085	-0.634854	-0.661983	0.00147517
353	2.51383e-09	0.895242	-0.798232	-0.00497509	0.609207	0.677906	-0.00156109
354	2.51383e-09	-1.17098	0.217631	0.00296655	-0.163698	-0.899073	0.000263463
355	2.51383e-09	-0.52551	-1.02904	0.00318783	0.828413	-0.421737	-6.5505e-05
356	2.51383e-09	1.19885	-0.117055	-0.00020715	0.0881205	0.905312	-0.000746948
357	2.51383e-09	-0.456845	1.0859	0.00106904	-0.847066	-0.359597	0.00075514
358	2.51383e-09	0.222962	1.17227	0.00264678	-0.900681	0.169721	-0.00156777
359	2.51383e-09	0.931037	-0.763414	-0.00259278	0.580231	0.701673	0.00131708
360	2.51383e-09	1.1639	0.0958874	0.000126188	-0.0798265	0.923373	0.00028057
361	2.51383e-09	-1.09287	-0.4401	-0.0014271	0.346787	-0.852875	0.000998027
362	2.51383e-09	1.15534	0.23861	0.002113	-0.184186	0.901658	0.000454256
363	2.51383e-09	-0.851215	-0.822001	-0.000224131	0.64264	-0.658397	0.0013562
364	2.51383e-09	0.531338	-1.03303	-0.000496675	0.827323	0.421387	0.000110386
365	2.51383e-09	-0.630154	-1.02579	1.94951e-05	0.775519	-0.476639	-0.00134992
366	2.51383e-09	-0.186179	-1.17809	0.00203673	0.902539	-0.143416	0.0014822
367	2.51383e-09	-0.672491	0.979231	0.0010665	-0.756802	-0.516042	0.00159504
368	2.51383e-09	0.654103	1.0066	-0.000583461	-0.764719	0.500225	-5.72844e-05
369	2.51383e-09	0.221912	-1.16376	-0.000428051	0.90091	0.173075	-0.0011793
370	2.51383e-09	0.54072	-1.05289	0.00258866	0.817222	0.420737	-0.00165988
371	2.51383e-09	-1.00055	-0.6673	-0.00220696	0.507802	-0.759751	-0.000226004
372	2.51383e-09	0.472273	-1.09824	-0.000938479	0.840093	0.365756	-0.00255575
373	2.51383e-09	0.161878	-1.1744	0.00105999	0.910263	0.122208	0.00041073
374	2.51383e-09	0.625155	-1.03211	0.00405532	0.777262	0.47552	-0.000539042
375	2.51383e-09	1.17725	0.207835	-0.00320931	-0.157172	0.900544	-0.00100899
376	2.51383e-09	1.16949	-0.201642	0.00097402	0.156822	0.904158	-0.00148051
377	2.51383e-09	-0.645133	0.998995	-0.000927618	-0.773089	-0.49655	-0.00146053
378	2.51383e-09	-0.993109	-0.66578	0.000191705	0.506017	-0.760963	-0.00060442
379	2.51383e-09	0.752053	-0.898618	0.000663663	0.709856	0.596459	-0.0012446
380	2.51383e-09	-1.17374	-0.169655	0.00224838	0.12756	-0.908151	0.000406517
381	2.51383e-09	1.18458	0.143392	0.000244489	-0.109327	0.908256	-0.000621268
382	2.51383e-09	1.09102	0.496571	-0.000258542	-0.372513	0.834519	0.00155407
383	2.51383e-09	1.17932	0.07649	-0.000278865	-0.0578211	0.915964	-0.000291851
384	2.51383e-09	1.19363	-0.130076	-0.00105675	0.0959931	0.908446	0.00487304
385	2.51383e-09	-0.954356	-0.704439	-0.00132558	0.543521	-0.7376	-0.000619802
386	2.51383e-09	-1.18676	0.126479	-0.000778598	-0.0936796	-0.911216	-0.00135895
387	2.51383e-09	1.16774	0.261188	-0.00440045	-0.196926	0.893577	0.000506956
388	2.51383e-09	0.565515	1.05838	0.0010129	-0.809721	0.42473	0.000868631
389	2.51383e-09	0.947199	0.715968	0.00142895	-0.555859	0.729177	0.0034386
390	2.51383e-09	-0.591386	-1.03731	0.0020167	0.791675	-0.453402	-0.000718605
391	2.51383e-09	-0.88286	0.834111	-0.00179426	-0.618753	-0.661088	-0.000863884
392	2.51383e-09	-0.389708	1.13458	-0.00505056	-0.86433	-0.296152	-0.00262413
393	2.51383e-09	-0.859328	-0.836023	0.00134709	0.63763	-0.657657	-9.0032e-05
394	2.51383e-09	0.0444481	1.19809	-0.000365948	-0.912386	0.0371933	0.00190999
395	2.51383e-09	0.324872	-1.15049	0.00163773	0.880801	0.246687	8.65224e-05
396	2.51383e-09	1.15285	-0.381993	0.000495781	0.293492	0.858374	0.000514932
397	2.51383e-09	-1.2033	-0.0480857	0.00278762	0.0361893	-0.909257	0.00130948
398	2.51383e-09	0.145833	-1.19923	0.000996319	0.901534	0.10832	0.000228526
399	2.51383e-09	1.02141	-0.632205	0.000158786	0.479592	0.775548	-0.0024129
400	2.51383e-09	0.772489	0.931073	0.000886205	-0.694911	0.581896	0.000765427
