1.190500e+04
401
0	1	0.000547606	0.000339675	-4.99792e-07	7.22286e-08	1.45604e-08	-1.32953e-10
1	2.51383e-09	-0.486662	0.889912	0.00182716	-0.866018	-0.482182	0.00168646
2	2.51383e-09	0.360928	-0.924755	-0.00136246	0.939763	0.356569	-0.000795202
3	2.51383e-09	0.578697	0.807661	0.00154341	-0.811766	0.590047	-0.00126294
4	2.51383e-09	-0.5493	0.842105	-0.00233699	-0.834255	-0.545172	0.000284606
5	2.51383e-09	0.185247	-0.97305	-0.000810595	0.98867	0.185113	0.00133646
6	2.51383e-09	0.912748	0.445696	-0.00458906	-0.432542	0.89256	-0.000727317
7	2.51383e-09	-0.599122	-0.79352	0.00270331	0.80182	-0.604341	-0.000640956
8	2.51383e-09	-0.97549	-0.201756	-0.000127632	0.207935	-0.979164	-0.000205184
9	2.51383e-09	0.378946	0.931315	0.000170874	-0.926903	0.373527	0.000186251
10	2.51383e-09	0.393885	0.934613	-0.00194944	-0.914168	0.385098	0.00187071
11	2.51383e-09	-0.499438	-0.864347	-0.00101516	0.867275	-0.501197	-0.00186105
12	2.51383e-09	-0.987813	-0.275044	-0.000758052	0.261452	-0.949289	0.000748302
13	2.51383e-09	-0.494327	-0.876269	-0.00148704	0.865106	-0.493284	-0.00036033
14	2.51383e-09	0.25037	0.980229	-0.00187387	-0.965132	0.241148	0.00254611
15	2.51383e-09	0.981832	0.191424	-0.00233644	-0.180593	0.984166	0.00038031
16	2.51383e-09	0.934745	0.349925	0.00199868	-0.356413	0.938073	0.000516545
17	2.51383e-09	-0.834999	-0.560478	0.00022867	0.550786	-0.833249	0.00200622
18	2.51383e-09	1.02088	0.031256	7.24643e-05	-0.0275718	0.986118	0.00116208
19	2.51383e-09	-0.653803	0.779493	0.00435089	-0.763376	-0.631451	-0.00155301
20	2.51383e-09	-0.990351	-0.300582	-0.00237672	0.286721	-0.938829	-0.0011581
21	2.51383e-09	0.962422	0.284676	0.00034396	-0.283189	0.958431	0.000184157
22	2.51383e-09	0.873999	-0.565263	-0.0016808	0.529332	0.826387	0.000483524
23	2.51383e-09	-0.959855	0.338727	0.00391449	-0.327807	-0.933456	-0.00026961
24	2.51383e-09	0.812704	-0.583	3.93314e-05	0.578337	0.819337	0.0021664
25	2.51383e-09	0.584683	0.826911	-4.14195e-05	-0.817061	0.570257	0.00191371
26	2.51383e-09	0.329439	0.971675	0.00105569	-0.932401	0.317972	0.00072367
27	2.51383e-09	-0.494711	-0.868073	0.00197577	0.87019	-0.496402	-0.00258987
28	2.51383e-09	1.01322	0.0666735	0.000913241	-0.0633955	0.98943	0.00506059
29	2.51383e-09	0.743351	-0.668702	0.00291143	0.670675	0.741778	-0.000923833
30	2.51383e-09	0.889786	0.496216	0.00112723	-0.48386	0.863742	-0.00189422
31	2.51383e-09	-0.127228	-1.00104	-0.00136904	0.9867	-0.136235	0.00246132
32	2.51383e-09	-0.4818	-0.890525	-0.0014291	0.87432	-0.469035	0.00407682
33	2.51383e-09	0.152242	-1.01	0.000857258	0.982986	0.138313	-1.44267e-05
34	2.51383e-09	0.175169	1.02603	-0.00193957	-0.966264	0.163768	0.00216496
35	2.51383e-09	0.993115	0.235328	0.00247001	-0.229669	0.961942	0.000551
36	2.51383e-09	-0.997147	0.23888	-0.000730643	-0.232416	-0.952239	0.000460194
37	2.51383e-09	-0.162915	1.01075	0.000737209	-0.975115	-0.155337	-0.000223549
38	2.51383e-09	-0.21033	0.975703	-0.00056928	-0.980784	-0.216236	0.000138094
39	2.51383e-09	-0.960598	0.348162	0.000746974	-0.341566	-0.927802	0.000104234
40	2.51383e-09	-0.887692	-0.490004	0.00183198	0.470316	-0.876321	0.000171631
41	2.51383e-09	-1.01291	-0.0534698	-0.00119023	0.0502391	-0.991817	-0.000787734
42	2.51383e-09	-0.137491	1.01411	-0.00169267	-0.97914	-0.135617	-0.00081385
43	2.51383e-09	-0.999417	0.0316795	-0.00206343	-0.0327875	-1.0016	0.000793212
44	2.51383e-09	0.757032	-0.704988	-6.62065e-05	0.671471	0.718156	-0.00258781
45	2.51383e-09	0.89351	-0.496161	-0.00209241	0.483423	0.864952	0.000638367
46	2.51383e-09	0.545078	0.837527	0.000541264	-0.84034	0.547576	0.00231746
47	2.51383e-09	-0.17922	-0.999872	0.000845925	0.975147	-0.175886	7.97361e-05
48	2.51383e-09	-0.47219	-0.914117	0.000467098	0.87682	-0.453053	-0.000335064
49	2.51383e-09	0.614701	0.796741	-0.00181156	-0.788226	0.613124	-0.00171012
50	2.51383e-09	0.639731	0.828382	0.00213012	-0.772676	0.59549	0.000823048
51	2.51383e-09	0.494525	0.889391	-0.000901778	-0.866079	0.484829	-0.0013628
52	2.51383e-09	1.00221	0.282445	0.00156367	-0.263822	0.942197	-0.00127371
53	2.51383e-09	-0.89399	0.489335	0.00011234	-0.473339	-0.873158	-0.000431307
54	2.51383e-09	1.03241	-0.0283447	-0.00300501	0.0251152	0.984841	0.000941039
55	2.51383e-09	-0.0814694	-1.02664	0.0010982	0.981638	-0.0795012	-0.000518321
56	2.51383e-09	1.01763	-0.136138	-0.000397208	0.129066	0.978151	-4.84811e-05
57	2.51383e-09	-1.01913	0.248818	0.0010493	-0.234132	-0.947682	-0.000380849
58	2.51383e-09	-0.537656	-0.887923	-0.000898106	0.83943	-0.506044	-0.00197456
59	2.51383e-09	-1.01769	0.0678823	-0.00251814	-0.0686059	-0.990883	-0.00281494
60	2.51383e-09	0.566593	0.870224	8.6529e-05	-0.823383	0.534241	-0.00291017
61	2.51383e-09	-0.136993	1.02613	0.00318053	-0.97491	-0.127035	0.00260864
62	2.51383e-09	-1.00668	-0.224904	-0.000378066	0.211811	-0.962629	-0.00154423
63	2.51383e-09	-0.430212	0.937616	0.00164509	-0.894481	-0.408897	0.000339705
64	2.51383e-09	1.04074	-0.0362244	0.000313929	0.0389042	0.975216	-0.00227988
65	2.51383e-09	-0.135462	-1.02107	0.00044945	0.975621	-0.126501	-0.00113418
66	2.51383e-09	0.105367	-1.01139	0.00281576	0.991247	0.109562	0.000763636
67	2.51383e-09	1.00783	0.253815	0.00141775	-0.238641	0.953285	-0.000418317
68	2.51383e-09	0.805518	0.664107	-0.00247226	-0.61911	0.755783	-0.000524646
69	2.51383e-09	-1.04344	-0.103502	0.000398819	0.101918	-0.96939	0.00150481
70	2.51383e-09	0.759044	-0.691418	-0.00339438	0.662253	0.731956	-0.000702681
71	2.51383e-09	0.346498	0.987217	-0.00499596	-0.919966	0.325542	-0.00343667
72	2.51383e-09	1.06188	0.0864909	-0.00096167	-0.080729	0.965686	0.00155506
73	2.51383e-09	1.04587	0.0830078	-0.00207252	-0.0786351	0.972527	-0.000286072
74	2.51383e-09	-0.986035	0.402585	0.00013471	-0.365808	-0.893814	-0.00322833
75	2.51383e-09	-1.01362	-0.226268	0.00151765	0.208672	-0.956897	0.00375072
76	2.51383e-09	-0.956523	0.41221	-0.00129512	-0.386857	-0.905267	0.000206401
77	2.51383e-09	-0.64899	-0.823652	0.000157491	0.766387	-0.605643	0.00118312
78	2.51383e-09	-0.494317	0.918263	-0.0018159	-0.863741	-0.457821	-0.00346336
79	2.51383e-09	-0.922249	0.479871	-0.00468562	-0.453743	-0.865736	0.00329731
80	2.51383e-09	-1.02933	-0.207047	0.000564472	0.194083	-0.954403	0.000184971
81	2.51383e-09	0.883166	-0.495761	0.00197313	0.491517	0.866672	0.00199878
82	2.51383e-09	1.00674	0.310582	0.00222002	-0.289988	0.928973	0.00279893
83	2.51383e-09	-0.498247	-0.8929	0.0012131	0.865216	-0.486069	-0.000861977
84	2.51383e-09	-1.03048	-0.139322	-0.00103435	0.129359	-0.974818	-0.00206088
85	2.51383e-09	-0.428893	-0.930223	0.000125479	0.897782	-0.412449	0.00117578
86	2.51383e-09	0.782564	0.717955	0.00117679	-0.652183	0.713067	0.000886573
87	2.51383e-09	-0.705147	-0.773124	0.00227557	0.72196	-0.657167	0.00283426
88	2.51383e-09	-0.990381	-0.253305	0.000486854	0.246962	-0.958592	-0.00190169
89	2.51383e-09	-0.32269	1.00762	-0.00265662	-0.924214	-0.293835	-0.00161819
90	2.51383e-09	-0.367433	-0.976774	-0.00272922	0.918182	-0.342856	-0.000549707
91	2.51383e-09	-0.996577	-0.198331	-0.00178224	0.191133	-0.977841	0.00162032
92	2.51383e-09	0.0700601	-1.04055	-0.00118352	0.978109	0.0658793	-0.00054709
93	2.51383e-09	0.684789	-0.836505	-0.00205353	0.741728	0.607199	-0.00143478
94	2.51383e-09	0.599761	-0.842316	0.00100626	0.800893	0.570784	0.000342207
95	2.51383e-09	-0.94861	-0.405506	0.00242571	0.385588	-0.904097	-0.00168042
96	2.51383e-09	0.860071	0.612902	0.000610268	-0.561443	0.799654	-0.000813255
97	2.51383e-09	0.737072	-0.74651	-0.00111702	0.695961	0.686112	-0.00221695
98	2.51383e-09	0.29779	1.01589	0.00273252	-0.932447	0.267887	0.00260561
99	2.51383e-09	-0.400173	0.989506	0.00229086	-0.892958	-0.36833	0.00172117
100	2.51383e-09	0.339656	-1.01403	-0.000490856	0.913241	0.301569	-0.00115842
101	2.51383e-09	-1.0333	0.0978388	-0.00138748	-0.0958012	-0.975763	-0.000955974
102	2.51383e-09	0.853256	-0.585127	0.00174252	0.561163	0.805076	-0.00111016
103	2.51383e-09	-0.948633	-0.45187	0.000504376	0.416879	-0.883175	0.0020352
104	2.51383e-09	0.439512	0.93391	-0.000540738	-0.895428	0.421266	-0.00110649
105	2.51383e-09	-0.97504	0.357003	0.000116921	-0.338002	-0.919637	0.00141023
106	2.51383e-09	0.433761	0.940624	0.000645801	-0.891405	0.413625	-9.12393e-05
107	2.51383e-09	0.207506	1.04874	0.000986899	-0.947744	0.188842	0.00278029
108	2.51383e-09	0.822771	-0.673494	0.000963597	0.611387	0.755393	-0.00120923
109	2.51383e-09	-0.775594	-0.726036	8.19699e-05	0.65915	-0.708378	0.00236225
110	2.51383e-09	-0.689639	-0.808223	0.00106971	0.732387	-0.631726	0.00104771
111	2.51383e-09	0.989587	-0.412506	0.0046009	0.374871	0.887776	0.00239334
112	2.51383e-09	-0.651141	0.856305	-0.00236133	-0.762102	-0.589051	-0.000731184
113	2.51383e-09	0.218202	-1.03588	0.00194845	0.9514	0.202669	-0.000118921
114	2.51383e-09	-0.357773	0.979594	-0.00105524	-0.922995	-0.335275	-0.00102977
115	2.51383e-09	0.235009	-1.05362	0.00096849	0.93839	0.209002	-0.00294802
116	2.51383e-09	-0.704805	0.784612	-0.00106256	-0.727499	-0.647121	-0.00453979
117	2.51383e-09	-0.921838	-0.492004	0.000745681	0.463851	-0.863368	-0.00184256
118	2.51383e-09	0.0961682	-1.05723	0.000412394	0.963217	0.0896524	-0.000269341
119	2.51383e-09	-0.265525	-1.02081	0.00452351	0.93959	-0.247633	0.000277938
120	2.51383e-09	0.117614	-1.05739	-2.52561e-05	0.960904	0.107209	0.00209487
121	2.51383e-09	0.11408	-1.05648	0.000104338	0.966363	0.101895	0.00326702
122	2.51383e-09	-0.950563	0.513583	0.000758235	-0.461604	-0.842173	-0.00211706
123	2.51383e-09	0.93488	0.459764	-0.00329901	-0.433731	0.879132	0.00163169
124	2.51383e-09	1.06061	0.18724	0.0037907	-0.168521	0.950555	-0.000767053
125	2.51383e-09	-0.877237	-0.577108	0.00054299	0.53084	-0.814196	-0.00111451
126	2.51383e-09	0.393935	0.977428	0.000473625	-0.902715	0.367367	-0.000268141
127	2.51383e-09	0.787588	0.711572	-0.00342161	-0.647733	0.720148	0.00180867
128	2.51383e-09	0.509765	0.94265	0.00216294	-0.847694	0.457997	0.00381958
129	2.51383e-09	1.03978	0.18232	-0.0009603	-0.17265	0.959609	0.00237591
130	2.51383e-09	-0.836358	-0.6655	0.00437795	0.603684	-0.752165	-0.00139014
131	2.51383e-09	1.00049	-0.442556	-0.000256931	0.388899	0.8745	-0.00141598
132	2.51383e-09	-1.02742	0.342687	0.00215491	-0.303248	-0.907212	0.00208455
133	2.51383e-09	0.567348	0.903066	0.000999352	-0.82343	0.512415	-0.00147218
134	2.51383e-09	0.712274	-0.784112	-0.00115244	0.72356	0.649405	0.00148566
135	2.51383e-09	0.499097	0.92962	0.00208141	-0.860188	0.461138	0.00219582
136	2.51383e-09	-0.164134	1.0874	-0.00107327	-0.942363	-0.142122	0.00100768
137	2.51383e-09	-1.06278	-0.0532765	-0.0010483	0.0519578	-0.965767	0.00184634
138	2.51383e-09	-1.05626	0.0561343	0.00392181	-0.0561729	-0.971928	0.00107
139	2.51383e-09	1.05693	-0.0837509	0.00132553	0.0742619	0.968425	-0.00360263
140	2.51383e-09	1.09323	-0.0644644	-8.48589e-05	0.0525685	0.954803	0.000628699
141	2.51383e-09	-0.0508568	-1.05858	-0.00191685	0.968546	-0.0444107	-0.000219438
142	2.51383e-09	-1.06729	0.194618	0.00270707	-0.165606	-0.941632	0.000850649
143	2.51383e-09	0.980655	0.417917	0.00321304	-0.372831	0.897103	0.00114233
144	2.51383e-09	1.01681	-0.370473	-0.00155325	0.33275	0.901992	-0.00194796
145	2.51383e-09	0.666844	-0.807335	0.00133855	0.755426	0.620674	0.00242609
146	2.51383e-09	0.685638	0.846688	-0.00254454	-0.748882	0.602385	-0.000603926
147	2.51383e-09	1.0529	0.234577	0.00330115	-0.20741	0.941539	0.00261564
148	2.51383e-09	-0.0116243	-1.0838	-0.0016867	0.962442	-0.00844779	0.00110273
149	2.51383e-09	1.06836	0.0384236	0.000431128	-0.0295383	0.962369	0.00304688
150	2.51383e-09	-0.187409	-1.04914	-0.000307893	0.955716	-0.180671	0.00159792
151	2.51383e-09	-0.92699	0.563296	0.00116265	-0.492871	-0.823372	0.00151041
152	2.51383e-09	0.338904	-1.01474	-8.57415e-05	0.923178	0.295453	4.65337e-05
153	2.51383e-09	-1.03559	0.311366	0.00330046	-0.280804	-0.920704	0.00183162
154	2.51383e-09	1.06628	-0.280092	0.00384451	0.238532	0.923268	-0.00138516
155	2.51383e-09	-0.699652	0.826371	-0.000268341	-0.734081	-0.623319	0.00159522
156	2.51383e-09	-0.93471	-0.564491	0.00141665	0.50229	-0.815084	0.00262777
157	2.51383e-09	0.657101	0.839794	0.00170394	-0.760315	0.599159	0.00155739
158	2.51383e-09	-0.215411	1.07994	0.0033582	-0.930313	-0.189561	-0.00172894
159	2.51383e-09	-0.604424	-0.887729	-0.000799058	0.795443	-0.544689	-0.000342597
160	2.51383e-09	1.08242	-0.0250648	-0.0017531	0.0237735	0.958351	-0.000194862
161	2.51383e-09	0.465766	-0.974403	0.000272229	0.869977	0.412756	0.00149032
162	2.51383e-09	0.611861	0.877547	-0.00330802	-0.796061	0.5519	-0.000961963
163	2.51383e-09	-0.804729	-0.727934	-0.000169167	0.635923	-0.717959	0.000986741
164	2.51383e-09	0.729204	-0.797832	-0.00354755	0.706119	0.650435	0.00316694
165	2.51383e-09	-0.368332	1.03863	-0.00304695	-0.89644	-0.318608	0.00201624
166	2.51383e-09	0.361172	-1.01345	0.00146319	0.908068	0.320368	-0.00107541
167	2.51383e-09	0.566598	-0.901389	0.00151065	0.825138	0.50908	-3.74114e-05
168	2.51383e-09	1.06873	0.247874	0.00110976	-0.216388	0.926879	-0.000426667
169	2.51383e-09	0.862378	0.655056	-0.00115041	-0.582011	0.769114	-0.000954331
170	2.51383e-09	1.00387	0.42146	0.000257455	-0.369883	0.886658	0.0017297
171	2.51383e-09	0.66774	-0.865689	0.000613471	0.755877	0.584445	0.000892035
172	2.51383e-09	-0.0426722	-1.11613	3.54806e-05	0.943632	-0.036276	-0.0012271
173	2.51383e-09	-1.091	0.122456	0.0031058	-0.107391	-0.948662	-2.10032e-05
174	2.51383e-09	-0.894169	0.634567	0.0002203	-0.552065	-0.78134	-0.00239848
175	2.51383e-09	0.929096	0.594535	0.00195383	-0.517191	0.795274	0.000741855
176	2.51383e-09	0.926403	0.565616	0.00218505	-0.501697	0.818261	0.000635511
177	2.51383e-09	-0.539823	0.98291	0.00338309	-0.824751	-0.456137	-0.0006079
178	2.51383e-09	0.548295	0.938798	-0.00244379	-0.826595	0.485034	0.00102655
179	2.51383e-09	0.240736	1.07214	-0.000561256	-0.932991	0.210068	0.00290934
180	2.51383e-09	1.07135	0.110797	0.00129781	-0.0990436	0.959635	-0.00195709
181	2.51383e-09	-0.688706	0.854152	-0.000157636	-0.746708	-0.596525	-1.6706e-05
182	2.51383e-09	-0.51668	-0.984015	0.00144844	0.837467	-0.437543	-0.00150722
183	2.51383e-09	0.127712	-1.08891	0.000608437	0.949088	0.108368	-0.000357386
184	2.51383e-09	-0.481357	0.991719	0.000648266	-0.858535	-0.413179	-0.00169187
185	2.51383e-09	-0.284124	1.04446	-0.000947801	-0.928605	-0.254659	-0.00260225
186	2.51383e-09	-0.923828	0.577631	-0.000589722	-0.509204	-0.811367	-0.00172166
187	2.51383e-09	0.849296	-0.638165	0.00249375	0.58041	0.778386	0.00240283
188	2.51383e-09	0.735871	-0.812938	0.0029653	0.705987	0.645634	-0.000850512
189	2.51383e-09	0.0198665	-1.09404	0.00305717	0.95435	0.0151431	-0.000695708
190	2.51383e-09	-1.10011	0.111475	-0.000989184	-0.104377	-0.944358	-0.00103877
191	2.51383e-09	0.430056	-0.99708	-0.000443197	0.881504	0.375776	-0.00010515
192	2.51383e-09	0.964085	0.525124	-0.00148489	-0.455827	0.840066	0.000561717
193	2.51383e-09	0.418625	-1.02834	0.00357575	0.881393	0.352994	0.0011049
194	2.51383e-09	-1.09838	0.217998	-0.00359002	-0.181363	-0.926354	0.000712115
195	2.51383e-09	0.611069	-0.894221	-0.000819348	0.791027	0.543491	-0.000911395
196	2.51383e-09	-0.770174	-0.769774	0.0036279	0.680749	-0.677456	0.00216332
197	2.51383e-09	0.720158	-0.815135	-0.00222255	0.719414	0.634711	0.00174991
198	2.51383e-09	-0.239783	-1.08553	-0.000972092	0.925471	-0.203295	-0.000650614
199	2.51383e-09	-0.170344	1.09153	0.00244876	-0.940018	-0.143127	-0.00321029
200	2.51383e-09	1.09798	-0.158287	-0.000472325	0.136128	0.941177	-0.000624212
201	2.51383e-09	1.06147	-0.246459	-0.000826433	0.219104	0.93411	-0.00119567
202	2.51383e-09	-1.06727	-0.202203	-0.0017415	0.17586	-0.943471	-0.000694869
203	2.51383e-09	0.616654	0.885102	0.00215755	-0.792489	0.547669	0.00243193
204	2.51383e-09	0.683634	-0.877134	0.00160756	0.742475	0.582277	5.83518e-05
205	2.51383e-09	-0.67555	0.892141	-0.000379125	-0.756312	-0.572166	0.000541505
206	2.51383e-09	0.515658	-0.967017	-0.000609553	0.843112	0.450074	0.00156459
207	2.51383e-09	-0.787462	-0.788928	-0.000675094	0.669665	-0.670779	-0.00350396
208	2.51383e-09	-0.203184	1.07941	0.00173821	-0.938672	-0.169766	-0.00240869
209	2.51383e-09	-1.08937	0.139123	-3.414e-05	-0.125424	-0.947498	-0.00303149
210	2.51383e-09	-0.620484	0.905872	0.00208284	-0.79033	-0.538723	0.000827484
211	2.51383e-09	-0.263089	-1.06286	-0.0005733	0.928539	-0.22596	0.000384181
212	2.51383e-09	0.386954	-1.06468	0.00134629	0.87897	0.329363	-0.00211687
213	2.51383e-09	-1.00122	0.483295	-0.000100112	-0.41637	-0.85199	-0.00305628
214	2.51383e-09	0.502121	-0.97459	0.00215217	0.85194	0.432501	0.00051892
215	2.51383e-09	0.321775	1.07333	0.0017541	-0.906115	0.269259	0.000320288
216	2.51383e-09	-0.574551	0.951255	-3.1776e-05	-0.807117	-0.495873	0.00119869
217	2.51383e-09	1.05936	-0.351602	-0.00137022	0.294345	0.900086	-0.00145187
218	2.51383e-09	0.0984123	1.07418	-0.00636161	-0.956448	0.0870327	-0.00128959
219	2.51383e-09	-0.352118	1.07985	0.000637516	-0.893673	-0.290483	-0.000803561
220	2.51383e-09	-0.742426	0.829782	0.00426862	-0.707111	-0.629633	0.000793848
221	2.51383e-09	1.05663	0.248699	-0.00104194	-0.220939	0.933714	0.00287418
222	2.51383e-09	0.285274	1.07037	-0.00213035	-0.919143	0.242021	-0.000647487
223	2.51383e-09	0.990352	0.525912	6.80783e-05	-0.439442	0.832696	0.00103217
224	2.51383e-09	0.633401	0.887731	-0.00150155	-0.782986	0.552743	-0.00121103
225	2.51383e-09	0.714441	-0.860489	-0.00073037	0.72354	0.606649	-0.00126397
226	2.51383e-09	-0.938109	0.606303	-0.00166975	-0.509531	-0.797333	-0.00276387
227	2.51383e-09	0.320841	-1.06076	0.00103955	0.909926	0.274799	0.00167192
228	2.51383e-09	0.250351	1.0871	-0.000211085	-0.923729	0.209675	0.00210288
229	2.51383e-09	-0.87443	-0.711832	-0.00471228	0.593695	-0.729844	1.66239e-06
230	2.51383e-09	-1.09525	0.346017	0.00272543	-0.276687	-0.891466	0.0019261
231	2.51383e-09	-0.912812	-0.673486	0.00216371	0.558132	-0.752282	-0.00389718
232	2.51383e-09	-0.779059	0.761865	0.000747293	-0.665699	-0.691106	0.00224053
233	2.51383e-09	1.01034	-0.496795	-0.000218955	0.415463	0.84224	-0.00117282
234	2.51383e-09	0.375143	1.05325	0.00598274	-0.891753	0.318088	0.00196845
235	2.51383e-09	-1.10317	-0.0682082	0.00196794	0.0622595	-0.95269	0.00150895
236	2.51383e-09	-1.00977	0.494508	-0.000884765	-0.422261	-0.843346	-0.00154263
237	2.51383e-09	-1.00519	-0.465962	-0.0030597	0.401584	-0.856655	0.00191246
238	2.51383e-09	0.305023	-1.10265	-0.000832446	0.903794	0.252961	0.000165322
239	2.51383e-09	-1.01249	-0.443695	-0.0014913	0.384257	-0.869919	-0.00188179
240	2.51383e-09	-0.290068	1.10216	-0.00187455	-0.901697	-0.234647	0.00245578
241	2.51383e-09	1.11602	-0.070794	-0.000296825	0.064892	0.941651	-0.00261773
242	2.51383e-09	0.0374229	1.15512	0.00266667	-0.93144	0.0311669	-0.00211541
243	2.51383e-09	0.219803	1.10262	0.00436731	-0.927209	0.183256	0.000238007
244	2.51383e-09	-1.12897	0.196213	-0.00178326	-0.159432	-0.917632	-0.000856567
245	2.51383e-09	0.186336	-1.11203	-0.00167058	0.928802	0.157856	0.00374569
246	2.51383e-09	-0.369927	1.07493	-0.00287038	-0.884412	-0.304506	0.00129499
247	2.51383e-09	0.109155	1.09145	-0.002805	-0.952973	0.0872675	-0.00185485
248	2.51383e-09	0.0650162	-1.11941	-0.000289481	0.943831	0.053998	-0.000203296
249	2.51383e-09	0.888956	0.681672	-0.0006737	-0.580386	0.748825	0.00129567
250	2.51383e-09	0.96464	0.60333	-0.00208024	-0.497191	0.795076	0.00126802
251	2.51383e-09	-1.10445	0.209993	-0.00156527	-0.172408	-0.925602	-0.000886213
252	2.51383e-09	-0.11745	1.11767	-0.000886928	-0.934869	-0.0987113	0.00021732
253	2.51383e-09	-1.06027	-0.390941	-0.00359395	0.327907	-0.880691	-0.0031914
254	2.51383e-09	0.510481	-1.00845	-0.000402086	0.842075	0.418201	0.000965236
255	2.51383e-09	-1.00378	-0.51723	-0.00186192	0.436094	-0.83674	-0.00176278
256	2.51383e-09	0.555178	1.00097	-0.00172297	-0.815482	0.458465	-0.000923702
257	2.51383e-09	-0.733102	-0.848102	-0.00147661	0.715025	-0.616348	0.00181234
258	2.51383e-09	0.911355	0.667761	0.00288979	-0.559993	0.755395	-0.00131286
259	2.51383e-09	0.168163	-1.12669	-7.37988e-05	0.923534	0.140522	-0.00151632
260	2.51383e-09	-1.02811	-0.444932	0.00472027	0.374441	-0.868616	-0.00239367
261	2.51383e-09	-1.04175	-0.431473	0.00137042	0.359444	-0.872238	-0.00172747
262	2.51383e-09	0.49619	-0.993661	0.000878893	0.847212	0.429373	-0.0047616
263	2.51383e-09	0.629573	0.944761	-0.00310966	-0.786966	0.521763	0.000233346
264	2.51383e-09	0.70949	0.87327	-0.000803794	-0.731212	0.591401	0.0018506
265	2.51383e-09	-0.724275	0.889869	0.00244632	-0.724366	-0.588081	0.00134996
266	2.51383e-09	-0.0150678	1.13371	0.00109841	-0.939655	-0.0114381	-9.3423e-05
267	2.51383e-09	0.335243	1.07271	-0.000581295	-0.899608	0.278193	-0.00028096
268	2.51383e-09	-1.04219	-0.444301	-0.00174041	0.366954	-0.865473	0.00185497
269	2.51383e-09	-1.14164	0.162683	0.00226444	-0.131866	-0.919168	-0.00103263
270	2.51383e-09	0.331487	1.07503	0.000974161	-0.904264	0.2726	0.00164079
271	2.51383e-09	0.14609	1.14865	-0.000679344	-0.920654	0.118831	3.6526e-05
272	2.51383e-09	1.07799	0.383744	0.003897	-0.309986	0.882078	-0.00168664
273	2.51383e-09	1.0557	-0.449912	-0.000462465	0.362683	0.860833	0.00204488
274	2.51383e-09	1.13176	-0.0455165	-0.00204445	0.0329686	0.937504	-0.00249183
275	2.51383e-09	0.182234	-1.11751	-0.00215682	0.929372	0.152772	0.000557406
276	2.51383e-09	-1.01245	-0.540668	0.00243674	0.44297	-0.824829	0.00129138
277	2.51383e-09	-1.06766	0.440982	-0.0051046	-0.347558	-0.858876	0.00181227
278	2.51383e-09	-1.10322	-0.316983	-0.00185192	0.256163	-0.896402	0.00319206
279	2.51383e-09	-1.11105	-0.357478	-0.00058303	0.278759	-0.885001	0.000737679
280	2.51383e-09	-0.645445	-0.972324	0.0016675	0.769581	-0.510304	0.00191644
281	2.51383e-09	0.151359	-1.12613	0.00047297	0.927452	0.130613	0.000854535
282	2.51383e-09	0.792707	-0.830071	0.00059235	0.674726	0.642439	-0.00193542
283	2.51383e-09	-0.233951	1.11188	-0.00395622	-0.916323	-0.198496	0.000516624
284	2.51383e-09	0.851521	0.782673	0.00189398	-0.628771	0.68062	-0.00109834
285	2.51383e-09	1.11104	-0.296282	-0.0016243	0.23834	0.901828	-0.000194217
286	2.51383e-09	-1.13681	-0.13566	0.000567823	0.10579	-0.927233	-4.25808e-05
287	2.51383e-09	0.356776	-1.06864	0.00165898	0.898238	0.292741	0.000105699
288	2.51383e-09	0.72531	-0.894641	0.00135136	0.72821	0.582465	0.00197537
289	2.51383e-09	-0.36985	1.09143	-0.00407196	-0.879987	-0.301473	0.00182223
290	2.51383e-09	0.439735	1.05028	-0.00417006	-0.862266	0.365847	-0.00175121
291	2.51383e-09	-1.14467	-0.0752517	-0.00237328	0.0599292	-0.932437	-0.000731349
292	2.51383e-09	-0.973673	-0.613224	0.000601893	0.49914	-0.787355	-0.000736149
293	2.51383e-09	-0.841539	-0.76767	0.00111391	0.633042	-0.688119	-0.00183563
294	2.51383e-09	-1.16252	-0.115888	0.00687642	0.0941551	-0.918556	0.000951172
295	2.51383e-09	-0.960686	-0.605417	0.00375692	0.50219	-0.794573	-0.000141413
296	2.51383e-09	1.12676	0.263661	0.00246311	-0.211676	0.905886	0.0035229
297	2.51383e-09	-0.172793	1.13081	-0.000310724	-0.923731	-0.142171	0.000531238
298	2.51383e-09	-1.04357	-0.4841	0.000535823	0.395954	-0.844469	0.00202507
299	2.51383e-09	0.792507	0.861714	0.000375701	-0.685243	0.618469	-0.00267086
300	2.51383e-09	-0.761661	0.885184	-0.00391747	-0.699425	-0.604562	0.00105897
301	2.51383e-09	-0.560743	-1.01561	-0.00108813	0.809468	-0.456108	-0.00195258
302	2.51383e-09	-0.01419	1.17142	-0.0034325	-0.922054	-0.0060585	0.00117269
303	2.51383e-09	-0.576403	0.992492	-0.00269258	-0.8062	-0.473353	-0.000728826
304	2.51383e-09	1.17567	0.00875514	-0.000642077	-0.0112113	0.924984	-0.000156049
305	2.51383e-09	-0.945857	-0.647701	-0.000949735	0.525613	-0.770742	-0.00268659
306	2.51383e-09	-0.203276	1.12736	0.00283062	-0.919172	-0.164653	0.000268006
307	2.51383e-09	1.09304	0.39492	-1.51869e-05	-0.313328	0.873352	0.00222091
308	2.51383e-09	1.14163	0.283587	-0.00376783	-0.225257	0.892563	-0.00047888
309	2.51383e-09	1.12811	-0.112937	-0.00130578	0.0947939	0.937209	0.00201677
310	2.51383e-09	-1.15858	0.128586	0.00126337	-0.10194	-0.917485	0.0018611
311	2.51383e-09	0.128688	1.15313	-0.00283626	-0.922042	0.102033	0.0032946
312	2.51383e-09	0.978217	0.625069	-0.00305072	-0.497625	0.787201	-0.00169684
313	2.51383e-09	0.0203183	-1.15165	0.00269705	0.93058	0.0207914	-0.00151619
314	2.51383e-09	1.09312	-0.364856	0.0010376	0.296905	0.879506	-0.000910748
315	2.51383e-09	-0.422418	1.08978	0.002934	-0.85923	-0.335863	0.000128711
316	2.51383e-09	-0.923761	-0.706459	0.000919618	0.566125	-0.737539	0.00110276
317	2.51383e-09	-1.14847	0.0657494	-0.00450052	-0.0568185	-0.933159	-0.000319669
318	2.51383e-09	0.170906	1.15416	-0.000954551	-0.915358	0.133248	0.000756639
319	2.51383e-09	1.08129	-0.447449	0.00267397	0.357685	0.852814	-0.00138099
320	2.51383e-09	1.13905	-0.259412	0.000511861	0.205553	0.904496	-0.000418949
321	2.51383e-09	-0.347034	1.11427	-0.00113698	-0.882286	-0.27557	-0.00161516
322	2.51383e-09	-0.790886	0.846212	-0.000176118	-0.677362	-0.635178	0.00298773
323	2.51383e-09	0.690383	-0.934181	-0.00142843	0.741198	0.553963	-9.67291e-05
324	2.51383e-09	-1.18053	-0.101663	0.000753945	0.0772921	-0.914218	0.00131611
325	2.51383e-09	0.593685	0.989014	-0.00264411	-0.797283	0.484662	-0.000791533
326	2.51383e-09	0.863451	-0.814252	0.00641873	0.631322	0.661278	0.00274465
327	2.51383e-09	-0.630451	0.992464	0.00208123	-0.778356	-0.494522	0.00061531
328	2.51383e-09	-0.831579	-0.762326	-0.00517927	0.636659	-0.696676	-0.00163589
329	2.51383e-09	1.18238	0.0983732	0.000950256	-0.0788294	0.91226	0.000394984
330	2.51383e-09	0.956595	-0.644126	-0.000662279	0.516194	0.775047	0.00161402
331	2.51383e-09	-1.13885	0.170113	-0.000739544	-0.13283	-0.923101	0.00333875
332	2.51383e-09	-1.02998	0.561962	-0.0034649	-0.442687	-0.812105	0.00192676
333	2.51383e-09	1.12887	0.332137	0.00111749	-0.260139	0.884681	-9.83372e-05
334	2.51383e-09	-0.558874	1.03502	-0.00132356	-0.810479	-0.433813	0.000264964
335	2.51383e-09	1.0808	0.489422	-0.00214218	-0.382235	0.83507	-1.98797e-05
336	2.51383e-09	0.370006	1.12762	-0.000400607	-0.869175	0.286609	-0.0022091
337	2.51383e-09	0.189885	-1.16466	-0.000958952	0.909197	0.151662	-0.000944336
338	2.51383e-09	-1.15818	-0.0331069	-0.000327081	0.0258075	-0.929127	0.000105482
339	2.51383e-09	1.08848	-0.461469	-0.000789327	0.358358	0.848901	-0.00386038
340	2.51383e-09	-1.17088	0.0839325	-0.00405061	-0.0727372	-0.922799	-0.00131817
341	2.51383e-09	-0.149286	1.1826	0.000730886	-0.907994	-0.109115	0.000959442
342	2.51383e-09	-0.705525	0.889379	-3.3101e-05	-0.73783	-0.582055	-4.79715e-05
343	2.51383e-09	0.932813	-0.700795	-0.000356943	0.558286	0.735993	0.000767932
344	2.51383e-09	-0.611896	-1.00491	-0.000443003	0.788131	-0.478297	0.00111597
345	2.51383e-09	0.298429	-1.11689	-0.000594726	0.900192	0.239159	0.00130229
346	2.51383e-09	0.972875	0.645128	0.00125709	-0.509468	0.776176	-0.000477214
347	2.51383e-09	-0.979868	0.649217	0.000614174	-0.509669	-0.769904	4.9539e-05
348	2.51383e-09	1.06007	0.520684	-0.00177624	-0.402178	0.825757	0.00106175
349	2.51383e-09	-0.888755	-0.784062	-0.000902352	0.605381	-0.689603	0.000358354
350	2.51383e-09	0.551243	1.02928	-0.00249319	-0.813909	0.439628	0.00130709
351	2.51383e-09	-0.246865	1.16786	-0.00222896	-0.896575	-0.192765	0.0014368
352	2.51383e-09	0.989714	0.625165	-0.00127417	-0.492961	0.7842	0.00222224
353	2.51383e-09	-0.752471	0.934501	0.00337581	-0.708409	-0.575293	-0.000974738
354	2.51383e-09	0.965884	0.659245	0.0042565	-0.520265	0.766312	-0.000330241
355	2.51383e-09	0.86615	-0.768977	0.00149393	0.618955	0.693399	0.00015401
356	2.51383e-09	0.91843	0.772146	-0.00178898	-0.591182	0.695772	0.00214918
357	2.51383e-09	-0.278704	-1.13638	0.00192096	0.897104	-0.224105	-0.00119178
358	2.51383e-09	1.19482	-0.0277961	0.0024381	0.0194016	0.914289	-0.00135282
359	2.51383e-09	-0.257865	1.18076	0.000921303	-0.887144	-0.197792	-0.00242651
360	2.51383e-09	-0.613075	-1.00713	-0.000746498	0.782038	-0.482547	0.00108728
361	2.51383e-09	0.100123	-1.17453	-0.00235892	0.918012	0.0737787	-0.000170446
362	2.51383e-09	-0.774021	0.88027	-0.00248657	-0.689556	-0.613587	0.00118521
363	2.51383e-09	1.09815	0.41903	-0.00150733	-0.329083	0.865465	-0.000216211
364	2.51383e-09	-0.198451	-1.13976	0.00165965	0.917206	-0.161635	0.00205927
365	2.51383e-09	0.282116	-1.15916	0.00152607	0.890901	0.220787	-0.000904408
366	2.51383e-09	-1.02461	-0.617431	0.00307222	0.467562	-0.783601	0.000777694
367	2.51383e-09	0.88221	-0.787514	-0.00316699	0.609685	0.685012	0.00167061
368	2.51383e-09	-0.38685	-1.13453	-0.000284456	0.864386	-0.293594	-0.0026444
369	2.51383e-09	1.07115	0.496761	0.000543807	-0.392784	0.837029	0.00227893
370	2.51383e-09	-0.597617	1.03664	0.0025411	-0.791134	-0.453636	0.00200589
371	2.51383e-09	-1.00424	-0.665486	-0.0013053	0.504529	-0.760241	0.00100084
372	2.51383e-09	-0.542643	1.07593	0.00297536	-0.812137	-0.407625	-0.000109855
373	2.51383e-09	1.15632	-0.280398	0.00184497	0.214488	0.888627	-0.00138216
374	2.51383e-09	0.846224	-0.860619	0.00230002	0.64676	0.642305	-0.00251762
375	2.51383e-09	0.527306	1.06036	0.0043298	-0.826333	0.403757	0.00224331
376	2.51383e-09	1.10095	0.42609	0.0012463	-0.338265	0.855389	-0.000198623
377	2.51383e-09	0.965558	0.677599	-0.00154877	-0.53003	0.755912	-6.57288e-05
378	2.51383e-09	1.17754	0.212224	0.000977098	-0.164327	0.899278	0.000196609
379	2.51383e-09	1.16986	-0.11658	-0.000879358	0.0965365	0.920589	0.00351423
380	2.51383e-09	0.438983	-1.09416	-0.00292862	0.853056	0.343808	-0.000214701
381	2.51383e-09	-1.18716	-0.0799496	0.00145216	0.0622084	-0.915093	0.000351231
382	2.51383e-09	-1.16827	0.310829	-0.000128401	-0.229636	-0.876868	-0.000611581
383	2.51383e-09	0.65259	-0.983042	-0.000144226	0.769685	0.506972	0.00116048
384	2.51383e-09	-0.821538	-0.885139	-0.00605845	0.665294	-0.617908	-0.000233992
385	2.51383e-09	1.16934	-0.126865	0.000759998	0.0985637	0.917165	-0.00158488
386	2.51383e-09	0.569931	1.05368	-0.00167389	-0.803796	0.431547	-0.00228181
387	2.51383e-09	-1.15931	0.294202	0.00142998	-0.222399	-0.888012	-0.00175886
388	2.51383e-09	1.15881	0.324928	-0.0029424	-0.2496	0.875534	-0.000175478
389	2.51383e-09	-0.764481	0.902211	-0.00252148	-0.700079	-0.597143	-0.00326507
390	2.51383e-09	0.740505	0.93061	0.000525434	-0.720115	0.569183	0.000834392
391	2.51383e-09	-0.285667	1.18258	-0.00265213	-0.878701	-0.212139	0.000516465
392	2.51383e-09	-1.10792	0.454482	-0.00346787	-0.348328	-0.844409	0.00436566
393	2.51383e-09	0.832724	-0.868444	-0.00194587	0.663624	0.627178	-0.00118751
394	2.51383e-09	-1.2025	0.15617	0.00164426	-0.117422	-0.897369	-0.000463156
395	2.51383e-09	-1.06292	-0.553596	-0.000365592	0.415937	-0.814456	-0.000245902
396	2.51383e-09	-0.714863	0.986414	-0.00198031	-0.726692	-0.538659	-0.00120643
397	2.51383e-09	0.696566	-0.974633	-0.00329646	0.744522	0.532566	-0.000509389
398	2.51383e-09	1.02636	-0.639771	-0.000536828	0.480375	0.770025	-0.00148366
399	2.51383e-09	-1.18485	0.209177	0.000773053	-0.156372	-0.896987	-0.000960505
400	2.51383e-09	0.344956	-1.14325	0.000970871	0.879393	0.261964	0.00174957
