3.820005e+02
401
0	1	1.76459e-05	1.08903e-05	-1.61021e-08	2.1788e-08	5.09748e-08	-3.99222e-11
1	2.51383e-09	0.130146	0.991189	0.00102012	-0.991896	0.129557	0.000613808
2	2.51383e-09	-0.0655169	-0.998731	0.00100842	0.997057	-0.0668725	0.000536532
3	2.51383e-09	0.551545	-0.838975	0.000622755	0.834119	0.546672	-0.00149634
4	2.51383e-09	-0.862301	-0.509471	0.00113677	0.508256	-0.860309	0.000436253
5	2.51383e-09	0.00749718	1.00207	-0.000261884	-0.998063	0.00839274	0.00155022
6	2.51383e-09	0.517411	-0.861892	-0.00172493	0.855369	0.514542	-0.000629159
7	2.51383e-09	0.307839	-0.953877	-0.000243508	0.95125	0.305887	-0.00117846
8	2.51383e-09	0.955011	0.300497	-0.000197114	-0.298239	0.953665	4.405e-06
9	2.51383e-09	0.737548	-0.67947	-0.000231019	0.674378	0.736046	2.65137e-05
10	2.51383e-09	-0.734574	0.68329	0.000661025	-0.680034	-0.731769	-0.00148314
11	2.51383e-09	0.440538	0.903042	-0.00123603	-0.897109	0.43719	2.62196e-05
12	2.51383e-09	0.425738	-0.91152	-5.10464e-05	0.903673	0.42227	-0.000469952
13	2.51383e-09	1.00335	-0.092665	0.000156915	0.093752	0.990154	-0.00047962
14	2.51383e-09	0.892781	-0.477993	-0.000200965	0.472689	0.874455	-0.00178982
15	2.51383e-09	0.0448166	1.00885	-0.00106157	-0.991987	0.041712	-0.00112659
16	2.51383e-09	0.624951	-0.784451	0.000747259	0.780381	0.623615	0.00123516
17	2.51383e-09	0.86884	0.50663	0.000412156	-0.502657	0.861189	0.00093706
18	2.51383e-09	0.155421	-0.994492	-0.00143841	0.986601	0.153057	0.000204021
19	2.51383e-09	0.922076	-0.414429	-0.00103167	0.405571	0.908337	0.000521841
20	2.51383e-09	-0.928697	0.406892	0.000351804	-0.402028	-0.909092	0.00113575
21	2.51383e-09	-0.916727	0.427975	-0.00125735	-0.421024	-0.900166	0.000203386
22	2.51383e-09	0.889606	0.47838	-0.000849679	-0.473024	0.87666	0.000791828
23	2.51383e-09	0.726808	0.706438	0.00104371	-0.691681	0.712309	-0.000768929
24	2.51383e-09	1.01083	-0.0625711	0.000989767	0.0603554	0.990998	0.000637545
25	2.51383e-09	-0.659332	-0.771357	0.000772587	0.753899	-0.644785	-0.000778671
26	2.51383e-09	0.91952	-0.40659	0.000434877	0.40077	0.913176	-0.00105953
27	2.51383e-09	0.360341	0.946747	-7.88937e-05	-0.928226	0.352304	-0.000821966
28	2.51383e-09	0.833552	0.580149	-0.00018902	-0.566751	0.815359	-0.00116771
29	2.51383e-09	-0.695375	0.738834	-0.00104131	-0.722768	-0.680255	0.000587252
30	2.51383e-09	-0.974827	-0.282803	-7.99687e-05	0.275823	-0.951994	-0.00121438
31	2.51383e-09	-0.551587	0.850248	0.000743288	-0.831895	-0.542506	0.000762317
32	2.51383e-09	0.883941	-0.500082	-0.000739752	0.488862	0.863439	0.00081463
33	2.51383e-09	-0.747417	0.693385	-0.000732641	-0.673878	-0.725768	-0.000241023
34	2.51383e-09	-0.970242	0.319685	0.00100489	-0.307276	-0.939961	0.00116504
35	2.51383e-09	0.946274	-0.375088	-0.0011912	0.364442	0.921559	0.000144592
36	2.51383e-09	0.608329	0.814874	-0.00101019	-0.794152	0.594379	-0.000448824
37	2.51383e-09	-0.503089	-0.885295	0.000734597	0.85966	-0.489802	0.00159193
38	2.51383e-09	-0.525283	-0.870415	-0.000888745	0.848069	-0.514099	0.00108598
39	2.51383e-09	0.411011	0.934544	-0.000145627	-0.905726	0.397491	-0.00116582
40	2.51383e-09	-0.79931	0.63464	-0.00014628	-0.616071	-0.772923	-0.00117708
41	2.51383e-09	-0.17805	-1.00731	0.00127958	0.972031	-0.171917	0.00030113
42	2.51383e-09	1.02636	0.0387222	0.00118254	-0.0375014	0.984733	-0.00119177
43	2.51383e-09	-0.408833	0.937965	0.000717632	-0.906387	-0.395841	-0.000828998
44	2.51383e-09	0.24865	0.988605	0.00125129	-0.960504	0.242813	-0.000549623
45	2.51383e-09	0.924906	0.443393	0.00140162	-0.426527	0.890407	-0.000370276
46	2.51383e-09	-0.622841	0.811829	0.00110606	-0.783333	-0.602748	-0.000413956
47	2.51383e-09	-0.974348	-0.315115	0.000505031	0.305218	-0.940304	-0.00180033
48	2.51383e-09	0.236156	-0.995844	-0.000271802	0.961969	0.228904	-0.00112618
49	2.51383e-09	-1.02089	-0.10609	0.000316191	0.102358	-0.981435	0.00111959
50	2.51383e-09	0.42763	0.933268	0.000917862	-0.89715	0.411431	-0.00148474
51	2.51383e-09	-0.110176	-1.01936	0.000245079	0.980875	-0.105326	-0.000919557
52	2.51383e-09	0.550464	0.869219	-0.000736683	-0.832767	0.528166	0.000824159
53	2.51383e-09	0.293687	0.97919	-0.00160703	-0.948482	0.284273	0.000473416
54	2.51383e-09	-0.765056	0.68166	-0.00136383	-0.657084	-0.738363	-2.91621e-05
55	2.51383e-09	-0.966657	-0.345654	0.000505726	0.332766	-0.929634	-0.00106132
56	2.51383e-09	-0.694372	-0.763938	-0.000271136	0.728295	-0.662181	0.00133322
57	2.51383e-09	-0.752694	-0.710532	-0.000167559	0.675095	-0.713497	0.00114244
58	2.51383e-09	-0.0913059	-1.02387	-0.000125231	0.98209	-0.0881909	0.000457074
59	2.51383e-09	-0.647895	-0.801603	0.00141657	0.765102	-0.620141	0.000367984
60	2.51383e-09	0.925003	0.447082	-0.000568356	-0.43123	0.8861	-0.000128664
61	2.51383e-09	0.203332	-1.0141	-0.00135342	0.963509	0.197922	0.000680496
62	2.51383e-09	0.901712	0.509232	0.000386943	-0.484095	0.855039	0.00190671
63	2.51383e-09	0.191631	-1.01386	0.00073882	0.967296	0.181385	0.00104386
64	2.51383e-09	-0.67908	0.772085	-0.00116327	-0.738897	-0.652412	0.000377615
65	2.51383e-09	0.432939	0.938698	0.000694792	-0.892133	0.413123	0.00125753
66	2.51383e-09	0.124673	1.02052	-0.000468328	-0.980194	0.119582	-0.000797525
67	2.51383e-09	-0.59573	-0.841417	-0.000434146	0.803597	-0.568814	0.00136494
68	2.51383e-09	-0.608839	0.836069	0.000107783	-0.794411	-0.579804	-0.00117415
69	2.51383e-09	-0.660199	0.796765	-0.00125905	-0.756911	-0.627112	-0.000183349
70	2.51383e-09	0.119335	-1.03359	-0.000724994	0.97332	0.11214	0.000944742
71	2.51383e-09	0.315728	-0.988517	-0.00055304	0.934767	0.299245	-7.80312e-06
72	2.51383e-09	-0.370642	-0.965386	0.000706344	0.918785	-0.351371	-0.00113329
73	2.51383e-09	0.371537	-0.966311	-0.00204254	0.917831	0.350153	-0.000871041
74	2.51383e-09	0.161516	1.02731	0.00124613	-0.966947	0.150499	-1.99041e-05
75	2.51383e-09	0.841858	0.600972	-5.66572e-06	-0.570419	0.800609	-0.000135666
76	2.51383e-09	0.49368	0.918321	0.000171184	-0.862987	0.462489	-0.000403972
77	2.51383e-09	-0.322218	0.988442	0.00104613	-0.931959	-0.304745	0.00073586
78	2.51383e-09	-0.70391	-0.764773	-0.000548834	0.723167	-0.663162	-0.000191767
79	2.51383e-09	-1.03185	-0.153344	-0.000122205	0.145385	-0.967168	-0.00149974
80	2.51383e-09	-0.0869472	-1.04317	0.000259207	0.972447	-0.0819477	0.000170164
81	2.51383e-09	-0.686639	0.776433	0.000975661	-0.73683	-0.650449	0.000878906
82	2.51383e-09	0.909936	-0.502145	-0.000383974	0.475574	0.858745	-0.000440411
83	2.51383e-09	0.910112	0.520624	3.9987e-05	-0.487937	0.84624	0.00114817
84	2.51383e-09	-0.583088	0.86223	-0.000940539	-0.812995	-0.54782	0.000325197
85	2.51383e-09	0.227016	-1.02016	0.00150522	0.953932	0.210748	0.000417171
86	2.51383e-09	0.19123	1.02548	-0.000642536	-0.962604	0.179124	0.00137153
87	2.51383e-09	0.872561	-0.571592	0.00131924	0.537112	0.819451	-0.000942869
88	2.51383e-09	-1.0293	0.185664	-0.000711634	-0.172823	-0.962482	-0.000647596
89	2.51383e-09	-1.01773	0.243525	-0.000577046	-0.228565	-0.949821	-0.000917715
90	2.51383e-09	0.714095	0.76033	0.000378524	-0.71257	0.671038	0.000998078
91	2.51383e-09	-1.03914	-0.106235	0.000235182	0.0995435	-0.973514	-4.89622e-05
92	2.51383e-09	0.675461	0.804764	0.000482325	-0.745236	0.628399	0.000170253
93	2.51383e-09	0.548499	0.899325	0.00219606	-0.832269	0.50774	0.000593151
94	2.51383e-09	0.0617182	1.04406	0.000164568	-0.975982	0.0560249	0.00138584
95	2.51383e-09	0.55592	0.885	0.00120357	-0.829167	0.520042	0.000787401
96	2.51383e-09	-0.682404	-0.802043	8.76924e-05	0.740006	-0.633432	0.00112592
97	2.51383e-09	-0.93369	0.465183	0.00223883	-0.436752	-0.878063	-0.000643388
98	2.51383e-09	-0.706276	0.785783	-0.000285212	-0.724532	-0.647812	0.00123611
99	2.51383e-09	0.928151	0.503107	-0.000548973	-0.463936	0.855859	0.00130555
100	2.51383e-09	0.850368	-0.604972	0.000464019	0.570671	0.796883	-0.000501568
101	2.51383e-09	-0.680975	0.795108	-0.000157561	-0.742817	-0.636161	-0.00123847
102	2.51383e-09	0.928609	0.495159	-0.00132176	-0.459792	0.860241	0.000460282
103	2.51383e-09	-0.706685	-0.775379	-0.00104881	0.720937	-0.658587	0.000216684
104	2.51383e-09	0.755812	0.735569	-0.000639866	-0.679334	0.6972	0.000843416
105	2.51383e-09	0.377265	0.981369	0.000149909	-0.910274	0.348762	0.00117565
106	2.51383e-09	-0.914858	0.520075	-0.00112742	-0.481481	-0.84833	0.000501255
107	2.51383e-09	-0.172314	1.0362	0.000301629	-0.962904	-0.159344	-0.000948903
108	2.51383e-09	1.05482	-0.0728187	-0.000455691	0.0700464	0.969705	-0.00047801
109	2.51383e-09	-0.781458	0.713522	-0.000433574	-0.655681	-0.717655	0.000980703
110	2.51383e-09	0.572732	-0.883131	-0.000577415	0.818839	0.530542	0.000790934
111	2.51383e-09	-0.522046	-0.914704	0.000405602	0.845384	-0.485215	-0.000574056
112	2.51383e-09	-0.517311	-0.921641	-0.000281236	0.847796	-0.476513	-0.00116195
113	2.51383e-09	0.639462	0.835903	-0.000677144	-0.773969	0.592566	0.00101813
114	2.51383e-09	-1.01884	-0.298897	0.00108792	0.27245	-0.930519	0.000176016
115	2.51383e-09	0.714648	0.785567	-0.000487038	-0.718433	0.652091	-0.00125335
116	2.51383e-09	0.860236	0.618257	-9.45829e-05	-0.566597	0.789164	-0.00132919
117	2.51383e-09	-0.0619592	-1.05872	0.00120788	0.969934	-0.0550859	0.00139954
118	2.51383e-09	-1.04485	-0.209638	-0.000185199	0.191366	-0.949928	-0.00041111
119	2.51383e-09	-1.00962	0.315597	-0.00202492	-0.290324	-0.927725	0.00140614
120	2.51383e-09	0.839688	-0.651021	0.0011675	0.596929	0.764018	-0.00126743
121	2.51383e-09	0.941221	0.489904	7.03889e-05	-0.447997	0.862329	-0.000985888
122	2.51383e-09	-0.071034	-1.05794	0.000700376	0.9685	-0.0661782	0.000381546
123	2.51383e-09	0.480278	-0.945704	-0.00120108	0.86424	0.44299	-0.000620506
124	2.51383e-09	0.600836	0.873157	-7.18978e-05	-0.800779	0.550883	-0.00117927
125	2.51383e-09	-0.262712	1.02925	-0.000439905	-0.94039	-0.240569	0.00111982
126	2.51383e-09	-0.670881	-0.829657	0.00126664	0.753238	-0.608	-0.00120755
127	2.51383e-09	-1.05497	-0.144716	0.00103273	0.132651	-0.960256	-0.00038115
128	2.51383e-09	-0.927601	-0.533957	0.000976601	0.482444	-0.837158	-0.000128582
129	2.51383e-09	0.852744	0.637172	-0.000356446	-0.580355	0.77669	0.00102641
130	2.51383e-09	-0.733134	-0.770682	-0.000216255	0.700734	-0.668872	0.00116093
131	2.51383e-09	-0.214329	1.0443	0.0011117	-0.949237	-0.193912	-0.000616665
132	2.51383e-09	0.26462	1.03487	-0.00126458	-0.937058	0.238754	-0.000383139
133	2.51383e-09	0.525686	0.925282	0.000284466	-0.844328	0.477206	-6.15422e-05
134	2.51383e-09	1.02769	-0.300762	-0.00153426	0.270465	0.927268	0.000386683
135	2.51383e-09	0.808406	0.691205	3.48497e-05	-0.628961	0.739833	-0.000101029
136	2.51383e-09	0.389068	-0.995409	-0.00061864	0.900284	0.353775	-0.000989015
137	2.51383e-09	-0.656198	-0.843431	-0.00159787	0.763635	-0.59479	-0.00110572
138	2.51383e-09	-0.974365	-0.443181	0.00155006	0.402724	-0.878598	0.000475364
139	2.51383e-09	-1.009	-0.354065	0.000662429	0.32297	-0.911664	-0.000810532
140	2.51383e-09	-0.799805	-0.715035	-0.000634106	0.642118	-0.722807	0.000946053
141	2.51383e-09	-0.587379	-0.889672	-0.000207688	0.809173	-0.530797	-0.000634785
142	2.51383e-09	0.847778	-0.661907	-0.00126732	0.593372	0.758657	-7.56318e-05
143	2.51383e-09	1.00766	-0.375312	-0.000161723	0.336598	0.903787	0.000118151
144	2.51383e-09	-1.05315	-0.20126	0.000240711	0.179805	-0.949557	6.07293e-05
145	2.51383e-09	-0.261757	1.04415	-0.00142486	-0.935995	-0.232955	0.000320984
146	2.51383e-09	0.251376	1.04438	-0.00111302	-0.93856	0.22484	-0.000551951
147	2.51383e-09	0.534968	0.930445	0.000241137	-0.839492	0.477668	0.0009906
148	2.51383e-09	-0.894211	0.590661	-0.000921434	-0.533328	-0.806787	-0.00134171
149	2.51383e-09	0.36624	-1.01409	-0.000611651	0.905542	0.323972	-0.00072799
150	2.51383e-09	0.230142	1.05116	-0.00132233	-0.941795	0.207011	3.68919e-05
151	2.51383e-09	-0.663055	-0.850104	-0.00114866	0.7606	-0.59048	-0.000506315
152	2.51383e-09	1.03399	-0.2799	0.00297608	0.251098	0.933366	-0.000979021
153	2.51383e-09	-0.580932	-0.909532	0.000819272	0.810572	-0.5183	0.000842084
154	2.51383e-09	-1.07567	0.0570116	-0.00104114	-0.0507086	-0.962669	0.000596025
155	2.51383e-09	0.100417	-1.07355	-0.00215874	0.958046	0.0921082	-0.00121585
156	2.51383e-09	-0.995861	0.438747	-2.73055e-06	-0.388111	-0.877798	-0.000733141
157	2.51383e-09	-0.193215	1.0633	-0.000718413	-0.945982	-0.172962	0.000707312
158	2.51383e-09	0.353949	-1.0188	0.00111415	0.90969	0.317984	0.000172381
159	2.51383e-09	-1.01895	-0.369932	-0.00108218	0.32817	-0.903359	-6.56261e-05
160	2.51383e-09	0.0545253	-1.08019	0.00101736	0.961188	0.0502973	-0.000689425
161	2.51383e-09	-0.389437	1.01028	0.00161237	-0.899082	-0.343573	-0.00030052
162	2.51383e-09	-1.04573	-0.280068	0.00138391	0.248079	-0.928324	-0.000640076
163	2.51383e-09	-0.563246	0.925561	-0.000627409	-0.820795	-0.498631	0.000893529
164	2.51383e-09	0.859088	-0.660332	0.000364051	0.584082	0.76264	0.00109535
165	2.51383e-09	1.05947	-0.234869	0.000693751	0.208082	0.936695	-0.0010275
166	2.51383e-09	0.644569	-0.86731	0.00055891	0.771837	0.573646	0.000384567
167	2.51383e-09	-1.08374	0.0677443	-0.000290237	-0.0571111	-0.958355	-0.000994901
168	2.51383e-09	-0.788149	-0.739266	0.000123869	0.657334	-0.704492	-0.00026641
169	2.51383e-09	-0.412343	1.00395	-0.000398115	-0.887373	-0.365537	-0.000590005
170	2.51383e-09	-0.752636	0.782996	-0.000433399	-0.691965	-0.664964	-0.00107783
171	2.51383e-09	0.0859962	-1.08188	-0.000817189	0.95804	0.0753119	-0.000877891
172	2.51383e-09	0.903295	0.610151	-0.000743064	-0.536523	0.793572	0.000802603
173	2.51383e-09	0.237912	-1.06753	0.00113074	0.934086	0.20585	-0.000816445
174	2.51383e-09	0.530514	-0.955843	0.000282567	0.838576	0.461064	0.000793834
175	2.51383e-09	-0.967152	-0.500263	-0.000829201	0.440983	-0.851045	0.000916326
176	2.51383e-09	-0.896075	0.606439	0.000693782	-0.54134	-0.795367	-0.000315677
177	2.51383e-09	0.281889	1.05691	-0.000302714	-0.922541	0.249007	-0.000784941
178	2.51383e-09	-0.0983412	-1.08892	-0.00109469	0.953192	-0.0862738	0.000506691
179	2.51383e-09	1.01553	-0.394466	-0.00116361	0.346912	0.89256	0.000856079
180	2.51383e-09	-0.960117	-0.508281	0.00131057	0.450145	-0.846359	0.000549502
181	2.51383e-09	-0.455004	0.992979	0.00119348	-0.869503	-0.39947	0.00161687
182	2.51383e-09	-0.534041	0.945022	6.20542e-05	-0.835794	-0.472934	-0.00200224
183	2.51383e-09	-0.438865	-0.999885	-0.000822299	0.877372	-0.383102	-0.000349899
184	2.51383e-09	1.06225	-0.26738	-0.00111891	0.235026	0.925514	0.000607367
185	2.51383e-09	1.09423	-0.0556788	-0.00105689	0.0489918	0.953455	-0.000826842
186	2.51383e-09	-0.849844	0.692674	-0.00131696	-0.603956	-0.739266	0.000143235
187	2.51383e-09	0.851696	-0.681176	-0.000260418	0.597421	0.748029	0.00125251
188	2.51383e-09	1.08125	0.194631	-0.00129763	-0.169524	0.937873	0.000373985
189	2.51383e-09	0.840838	0.702595	3.47409e-05	-0.613298	0.732956	-0.00114318
190	2.51383e-09	-0.546818	0.954423	-0.00161791	-0.826797	-0.474883	-0.000140813
191	2.51383e-09	0.554237	-0.948381	-0.00101243	0.823383	0.481637	0.00057415
192	2.51383e-09	-0.852779	-0.697699	-0.000767	0.6025	-0.736419	-0.000470805
193	2.51383e-09	0.333406	1.05097	-9.60646e-05	-0.908024	0.288641	-0.000387608
194	2.51383e-09	-0.840893	-0.713418	0.00107069	0.615632	-0.725112	0.000567558
195	2.51383e-09	-1.07423	0.213829	0.00207633	-0.189696	-0.936689	0.000201924
196	2.51383e-09	-0.799338	-0.754096	-0.00132526	0.653711	-0.694676	-0.000260849
197	2.51383e-09	-0.616346	0.910779	-0.000326614	-0.788808	-0.535826	0.000879123
198	2.51383e-09	1.07706	0.230811	0.000286816	-0.200708	0.931339	-0.00105928
199	2.51383e-09	-0.0680629	-1.09832	-0.000940939	0.951638	-0.0610286	-0.00075206
200	2.51383e-09	1.00369	-0.452544	-0.00125292	0.391357	0.869795	0.000285356
201	2.51383e-09	1.10988	0.052991	-0.000135382	-0.041191	0.947037	0.00023741
202	2.51383e-09	-0.0661107	1.09774	0.00163702	-0.952536	-0.0567159	0.0008884
203	2.51383e-09	0.944385	0.571784	0.000965305	-0.491704	0.814825	0.000702986
204	2.51383e-09	-1.0718	0.270377	0.000599742	-0.232619	-0.92073	0.00092302
205	2.51383e-09	-0.192556	-1.08863	0.000927297	0.936581	-0.166203	-0.00104688
206	2.51383e-09	-0.923975	0.602483	-0.00014955	-0.522224	-0.796199	0.00137889
207	2.51383e-09	-0.977606	-0.5123	-0.00016825	0.444342	-0.843209	-0.00100379
208	2.51383e-09	-0.522943	-0.975888	-0.000813242	0.836284	-0.450642	0.000376651
209	2.51383e-09	-0.551969	0.957346	0.00128653	-0.824501	-0.475582	-0.000312196
210	2.51383e-09	1.03785	-0.388899	0.00133597	0.33299	0.889213	-0.000563425
211	2.51383e-09	-0.0614647	-1.10319	-0.00125141	0.949861	-0.0512862	-3.12104e-05
212	2.51383e-09	-0.633618	0.911976	-0.00117623	-0.778613	-0.541247	0.000585307
213	2.51383e-09	0.17561	-1.09704	-0.0013161	0.935993	0.149721	9.02507e-05
214	2.51383e-09	-0.202828	1.09175	-0.000749323	-0.933266	-0.174062	-0.00106358
215	2.51383e-09	1.07466	0.279346	0.000584867	-0.236707	0.918502	-0.00149089
216	2.51383e-09	-1.11327	0.0669421	0.00104111	-0.0570661	-0.943641	0.000542572
217	2.51383e-09	-0.769254	0.799502	-0.000979794	-0.68524	-0.657424	0.000820021
218	2.51383e-09	1.03305	0.404534	-0.000159281	-0.345639	0.8838	0.00118308
219	2.51383e-09	-0.522144	-0.984173	0.00106899	0.836294	-0.443081	-0.000228549
220	2.51383e-09	-1.064	-0.31063	0.000182638	0.265959	-0.913114	-0.00110369
221	2.51383e-09	1.03986	0.392796	0.000900264	-0.335672	0.887842	-0.000865757
222	2.51383e-09	-0.28825	1.07545	0.00106011	-0.915694	-0.244306	0.000616123
223	2.51383e-09	1.09914	-0.192352	0.000654683	0.162917	0.932579	-0.000974331
224	2.51383e-09	-0.235602	-1.08926	-0.00168773	0.926348	-0.198631	-0.000634402
225	2.51383e-09	-0.957749	0.573465	0.00116554	-0.485446	-0.812665	-0.00054443
226	2.51383e-09	-1.03931	0.416186	0.000943551	-0.351649	-0.877724	8.00327e-05
227	2.51383e-09	-0.974684	0.542126	0.000514566	-0.461851	-0.827191	-0.000969646
228	2.51383e-09	-0.460345	1.01959	0.000962889	-0.860576	-0.389196	0.000690449
229	2.51383e-09	0.11393	-1.11037	0.00120129	0.941872	0.0948981	0.000342344
230	2.51383e-09	0.884525	-0.689404	-0.000857314	0.579855	0.744537	-0.000877282
231	2.51383e-09	0.340141	1.06446	-0.00106578	-0.901842	0.286586	-0.00064916
232	2.51383e-09	-0.0715612	-1.11318	0.000409036	0.944432	-0.0605016	0.00144459
233	2.51383e-09	-1.04813	0.395833	0.000151312	-0.332963	-0.88469	0.00136867
234	2.51383e-09	0.95868	-0.576485	0.000176918	0.487314	0.809824	0.00108983
235	2.51383e-09	-0.933074	-0.626633	0.000194861	0.525908	-0.782181	-0.00118269
236	2.51383e-09	0.514185	0.999274	-0.000985928	-0.837783	0.432351	-0.000765543
237	2.51383e-09	-1.11708	-0.0522917	0.00182613	0.0454581	-0.944405	0.000276538
238	2.51383e-09	-0.936732	-0.618107	-0.00090911	0.519864	-0.788823	0.00104242
239	2.51383e-09	0.201479	1.1032	0.0010533	-0.928578	0.170472	-0.000688647
240	2.51383e-09	0.965703	0.583895	0.000766424	-0.485864	0.806306	0.000128533
241	2.51383e-09	-1.03113	-0.452108	-9.66075e-05	0.376737	-0.863882	0.00102207
242	2.51383e-09	-1.06219	0.386551	-0.000155112	-0.319679	-0.885818	0.000330285
243	2.51383e-09	0.787029	-0.807084	-7.15746e-05	0.673613	0.657288	-0.00112406
244	2.51383e-09	0.126947	-1.11454	0.00138475	0.939055	0.105336	0.000357956
245	2.51383e-09	0.563416	-0.971214	0.00126231	0.81685	0.473837	0.000430781
246	2.51383e-09	1.00678	-0.499584	-0.000791926	0.420644	0.844447	0.000899861
247	2.51383e-09	0.0181342	-1.12607	-0.000449805	0.941978	0.0146868	-0.000788467
248	2.51383e-09	-0.396747	-1.04802	-0.000684009	0.883594	-0.332765	0.000747368
249	2.51383e-09	-0.793426	-0.801429	-0.000205619	0.668584	-0.660791	-0.00124009
250	2.51383e-09	-0.552889	-0.979935	-2.72981e-05	0.821968	-0.462145	-0.00113614
251	2.51383e-09	-0.278379	1.09781	-0.0004341	-0.910583	-0.23029	0.000775148
252	2.51383e-09	0.981845	-0.567306	0.00027802	0.469678	0.812502	0.00124866
253	2.51383e-09	-0.314396	1.08482	-0.000580055	-0.903722	-0.261073	-0.00165873
254	2.51383e-09	-1.03424	-0.449017	0.00117789	0.375649	-0.863461	-0.000578016
255	2.51383e-09	-0.366208	1.07321	-0.000929818	-0.889197	-0.303035	-2.6405e-05
256	2.51383e-09	-0.548317	0.985822	-0.00135975	-0.823439	-0.457958	0.000741207
257	2.51383e-09	0.897989	-0.685865	0.00106405	0.571933	0.747753	-0.00019748
258	2.51383e-09	0.666696	0.918266	-9.93938e-05	-0.759581	0.549852	0.000806542
259	2.51383e-09	0.14667	1.11229	-0.00109631	-0.936446	0.125477	-0.00133977
260	2.51383e-09	-0.983535	-0.552091	0.000112758	0.45805	-0.824561	0.00136661
261	2.51383e-09	0.0808111	-1.13359	0.00114033	0.936568	0.0666147	6.31386e-05
262	2.51383e-09	-0.0716783	-1.1307	0.000957187	0.938078	-0.0603565	0.000696201
263	2.51383e-09	-1.08893	0.323947	0.00132074	-0.266731	-0.899261	-0.000191161
264	2.51383e-09	-1.13335	0.0636844	-0.00137965	-0.0518585	-0.937046	0.000227075
265	2.51383e-09	0.697616	0.905833	0.00086904	-0.739554	0.571012	0.000425116
266	2.51383e-09	-0.376032	1.07457	-0.000686238	-0.883188	-0.311966	0.000107046
267	2.51383e-09	-1.10885	-0.251182	-0.00120291	0.208005	-0.914424	-0.000561396
268	2.51383e-09	-0.504675	1.01477	0.000871426	-0.841627	-0.417491	0.000131516
269	2.51383e-09	0.446472	1.03856	-0.000293467	-0.864236	0.372388	-0.00114639
270	2.51383e-09	-0.459357	1.04012	-0.00106112	-0.858148	-0.379495	-0.00072225
271	2.51383e-09	0.488252	-1.03344	-3.75066e-05	0.845404	0.400527	-0.00112457
272	2.51383e-09	0.574452	0.97748	0.0020315	-0.810308	0.47741	-0.0010305
273	2.51383e-09	0.324853	-1.09416	-0.000351329	0.89675	0.266919	0.00111434
274	2.51383e-09	0.479889	-1.03555	-0.00101587	0.848756	0.393456	-0.000719706
275	2.51383e-09	1.06266	-0.403094	0.00156445	0.333982	0.878141	-0.000310872
276	2.51383e-09	0.358086	1.07924	-0.00102293	-0.89052	0.295083	9.9931e-05
277	2.51383e-09	0.0688992	1.13953	-0.00101953	-0.934224	0.0574691	0.000591216
278	2.51383e-09	0.722017	0.891709	0.00140261	-0.723449	0.588198	0.00107269
279	2.51383e-09	-1.13844	0.117489	-0.000754857	-0.0969155	-0.928922	0.000622996
280	2.51383e-09	1.10756	-0.283701	-0.000347408	0.232025	0.906052	0.000709298
281	2.51383e-09	-1.1431	-0.0695544	0.000801383	0.0568395	-0.932241	0.000921519
282	2.51383e-09	-0.531777	-1.01546	0.00137669	0.826814	-0.433013	0.000235116
283	2.51383e-09	0.577951	-0.991727	0.001259	0.806158	0.469829	-0.000264117
284	2.51383e-09	-0.714302	-0.902392	0.000128092	0.730935	-0.577258	-0.000915002
285	2.51383e-09	0.321834	1.09923	0.000609609	-0.897751	0.26129	-0.00114485
286	2.51383e-09	-0.561195	0.998595	0.000740912	-0.814429	-0.4584	-0.000995679
287	2.51383e-09	0.862648	-0.745208	-0.00181837	0.612517	0.708578	-0.000422655
288	2.51383e-09	-0.130194	-1.14305	0.00125925	0.926178	-0.106097	-0.00035521
289	2.51383e-09	-0.826497	0.794477	-0.000216369	-0.647923	-0.672859	-0.00115759
290	2.51383e-09	0.751869	-0.863419	-0.000188716	0.704197	0.614468	-0.000614767
291	2.51383e-09	1.10689	0.313228	0.00144928	-0.254554	0.896447	-0.000163849
292	2.51383e-09	1.04277	-0.486293	0.0016478	0.393332	0.844759	-0.000649243
293	2.51383e-09	0.535729	-1.01596	0.00158353	0.825343	0.435792	-0.000606856
294	2.51383e-09	1.09378	-0.351179	0.000878253	0.285869	0.888216	0.000902263
295	2.51383e-09	-0.70884	0.909794	0.00119595	-0.733894	-0.571869	0.00058753
296	2.51383e-09	-0.274739	1.11754	-0.00059641	-0.905344	-0.223465	-0.000898656
297	2.51383e-09	-1.0622	0.465893	0.000282724	-0.375533	-0.847888	-0.000647155
298	2.51383e-09	1.15835	-0.0761793	-0.000960236	0.06015	0.925448	-0.000948066
299	2.51383e-09	-1.0819	-0.400882	0.000168314	0.321743	-0.872826	-0.00105785
300	2.51383e-09	-0.0947341	-1.15563	0.000641883	0.925352	-0.0746904	-0.000445854
301	2.51383e-09	0.748782	-0.874503	0.00121629	0.709925	0.60412	0.000216822
302	2.51383e-09	-0.848438	-0.788313	6.60752e-06	0.633341	-0.680032	0.000800309
303	2.51383e-09	0.0496527	-1.14881	-0.000122461	0.93304	0.038868	-0.000452623
304	2.51383e-09	-1.12132	0.304096	-0.000175311	-0.245279	-0.894187	-0.000323673
305	2.51383e-09	-1.01508	0.552244	-0.00101945	-0.44417	-0.818225	0.000923426
306	2.51383e-09	0.827953	-0.810805	0.000514983	0.65014	0.664061	-0.000174682
307	2.51383e-09	-0.646556	-0.962054	0.00238767	0.771069	-0.518767	-0.00043828
308	2.51383e-09	-0.412544	-1.08253	0.00122282	0.868978	-0.331633	-0.000173242
309	2.51383e-09	0.765011	-0.862876	0.00186786	0.696942	0.616506	-7.42892e-05
310	2.51383e-09	0.764421	0.863039	0.00212881	-0.698321	0.615839	0.000890912
311	2.51383e-09	1.10293	0.344773	-0.000596463	-0.277911	0.887825	0.00115167
312	2.51383e-09	-1.16045	-0.0566122	-0.00107928	0.0468454	-0.926682	-0.000546718
313	2.51383e-09	0.29793	-1.12187	0.000447262	0.896915	0.236108	2.95319e-05
314	2.51383e-09	-0.498231	-1.04347	0.000195058	0.840008	-0.400264	-0.000525949
315	2.51383e-09	-0.632198	-0.969856	2.15232e-05	0.77873	-0.506051	-4.00146e-05
316	2.51383e-09	0.897418	0.7332	-6.46468e-05	-0.586313	0.721545	0.00140518
317	2.51383e-09	1.15572	0.135906	0.00129498	-0.108641	0.920357	0.000317545
318	2.51383e-09	-0.229688	-1.13627	0.000512552	0.909433	-0.184004	-0.000889726
319	2.51383e-09	-0.266728	1.13201	0.000908147	-0.902618	-0.21231	0.000895087
320	2.51383e-09	0.432583	-1.08289	-0.00118868	0.859218	0.342872	-0.000561647
321	2.51383e-09	-0.675038	-0.949448	0.000122568	0.754474	-0.537186	0.000929743
322	2.51383e-09	-0.861301	0.788915	-0.00146182	-0.624902	-0.681365	4.55941e-05
323	2.51383e-09	0.622134	-0.987286	0.000578854	0.782332	0.493785	0.00102288
324	2.51383e-09	-0.645328	0.969143	-0.000820724	-0.772366	-0.513116	0.000904798
325	2.51383e-09	-1.1584	0.149796	-0.00134564	-0.120016	-0.917148	0.000419548
326	2.51383e-09	-1.15949	0.123621	-0.00173461	-0.0994757	-0.921248	0.000231319
327	2.51383e-09	-1.02009	0.566743	0.00127419	-0.449161	-0.80989	-0.000378358
328	2.51383e-09	1.16045	-0.0772604	-0.000255739	0.0591455	0.926273	0.000598747
329	2.51383e-09	-0.209913	-1.15395	-0.000894492	0.908451	-0.163894	0.000608772
330	2.51383e-09	-1.00717	-0.590383	0.00151286	0.469269	-0.798876	0.00109965
331	2.51383e-09	1.1524	-0.22749	-0.000461761	0.179822	0.903972	-0.000461124
332	2.51383e-09	-0.780504	-0.872129	0.00119665	0.688189	-0.616212	0.000569625
333	2.51383e-09	0.481664	1.07115	0.00118197	-0.841484	0.377564	0.000336727
334	2.51383e-09	-1.10422	-0.393496	0.00125076	0.307552	-0.871175	-0.000796252
335	2.51383e-09	0.0207723	-1.16651	-0.00132024	0.926369	0.0167271	-0.000803381
336	2.51383e-09	0.71421	-0.933448	0.000606092	0.7337	0.55933	0.000860923
337	2.51383e-09	-1.16921	-0.0985408	-0.000746301	0.0786533	-0.91978	-0.00110874
338	2.51383e-09	0.0265461	1.16827	-3.46377e-05	-0.92551	0.0195438	0.00106766
339	2.51383e-09	-0.862271	-0.802428	0.001403	0.627969	-0.674546	0.00115728
340	2.51383e-09	1.00253	-0.627859	0.000464719	0.485492	0.779904	0.000844014
341	2.51383e-09	-1.09231	0.440162	-0.00101242	-0.342799	-0.855363	-0.000244467
342	2.51383e-09	0.388018	1.10661	-6.22805e-05	-0.870812	0.305538	0.00114824
343	2.51383e-09	0.932918	-0.710657	-0.000679481	0.561794	0.734233	0.000100598
344	2.51383e-09	1.16932	-0.016105	0.000157868	0.0134318	0.924581	0.000473714
345	2.51383e-09	0.985835	0.648326	0.00132407	-0.504293	0.768979	0.000469135
346	2.51383e-09	-1.16564	-0.15084	-0.000885872	0.118193	-0.914612	-0.000997191
347	2.51383e-09	-0.193116	-1.15824	0.00215292	0.910435	-0.151202	-0.000686569
348	2.51383e-09	1.13272	-0.32518	-0.0005099	0.254267	0.885837	-0.000988373
349	2.51383e-09	0.678789	-0.964491	-0.000706112	0.753281	0.529725	-0.00109807
350	2.51383e-09	1.17065	-0.127514	-0.000788812	0.100889	0.916334	-0.000429857
351	2.51383e-09	-0.878468	-0.788157	1.62674e-05	0.614399	-0.685839	-0.000810271
352	2.51383e-09	-0.464404	1.08661	-0.0014749	-0.845187	-0.361674	1.21265e-05
353	2.51383e-09	1.1743	0.0925433	0.000254337	-0.0737106	0.918618	0.000416568
354	2.51383e-09	1.0476	-0.558064	0.000555205	0.42965	0.810181	0.000920465
355	2.51383e-09	-0.653919	-0.983079	0.00124254	0.766757	-0.5088	0.000355131
356	2.51383e-09	0.901848	-0.772965	-0.0012181	0.596745	0.696165	0.000645498
357	2.51383e-09	-1.06014	0.524389	-0.00103909	-0.407376	-0.824552	0.000736753
358	2.51383e-09	1.12006	0.397685	0.00121422	-0.309533	0.862845	-0.000402929
359	2.51383e-09	-0.119559	-1.18152	-0.000494102	0.912423	-0.0932374	0.00159259
360	2.51383e-09	0.660724	0.983742	-0.000953107	-0.762115	0.511781	-0.000765228
361	2.51383e-09	-1.18271	0.0908978	-0.000318308	-0.0697217	-0.915007	0.00120932
362	2.51383e-09	1.16569	0.148883	0.000183677	-0.117071	0.916613	-0.000754034
363	2.51383e-09	1.10023	0.422061	-0.00201386	-0.331575	0.860331	0.000335028
364	2.51383e-09	0.155143	-1.17697	-0.000544504	0.90959	0.117502	-7.63002e-05
365	2.51383e-09	0.859906	0.81241	-0.000831971	-0.63224	0.667724	0.000256382
366	2.51383e-09	0.608642	-1.01623	-0.000626947	0.788378	0.471347	0.00160249
367	2.51383e-09	-0.983464	-0.664832	0.00123771	0.513192	-0.761347	-0.000723229
368	2.51383e-09	-1.13693	-0.35603	0.000327446	0.274435	-0.872948	-0.000165538
369	2.51383e-09	0.0778473	-1.18788	0.000950265	0.915505	0.0586257	-0.000227499
370	2.51383e-09	-0.729866	0.938767	-0.000873209	-0.724454	-0.562519	0.000865845
371	2.51383e-09	0.614159	1.02682	0.00183725	-0.784522	0.469011	-0.00170758
372	2.51383e-09	1.08166	0.501318	-0.00138307	-0.383999	0.830837	0.000215257
373	2.51383e-09	-1.00783	-0.631189	-0.000476835	0.487725	-0.776166	0.000735693
374	2.51383e-09	-0.453898	-1.10787	-0.000957231	0.846548	-0.34528	-0.00076618
375	2.51383e-09	-1.19089	0.0296	0.000442806	-0.0208581	-0.916704	0.00097858
376	2.51383e-09	0.154139	-1.18315	-0.00054407	0.907135	0.118627	-0.000999473
377	2.51383e-09	-1.0117	0.632466	0.00183015	-0.483949	-0.778012	9.17662e-05
378	2.51383e-09	-0.776533	-0.905308	0.001235	0.695609	-0.595959	0.000485977
379	2.51383e-09	0.976161	-0.677542	-0.000248332	0.527383	0.752721	0.000971245
380	2.51383e-09	0.70335	0.971211	-0.000821042	-0.740375	0.534244	0.00129628
381	2.51383e-09	-1.18988	-0.114934	-0.00123711	0.0893188	-0.910131	0.000713236
382	2.51383e-09	0.648019	-1.00757	0.000178042	0.768785	0.493474	-0.00118447
383	2.51383e-09	-0.944121	0.727838	-0.000449689	-0.559362	-0.725433	-0.00177075
384	2.51383e-09	1.09766	-0.48099	-7.72837e-05	0.366251	0.836182	0.00108641
385	2.51383e-09	0.700778	-0.971788	-0.000746692	0.740104	0.534854	-0.000930065
386	2.51383e-09	1.20094	0.0352824	-0.000650752	-0.0266863	0.912069	1.93354e-05
387	2.51383e-09	0.0270849	-1.19165	-0.000182935	0.916777	0.0221283	-0.00115614
388	2.51383e-09	-1.19108	0.126574	-5.7478e-05	-0.0958606	-0.909254	0.00109822
389	2.51383e-09	-0.994275	-0.673577	-0.00118338	0.511649	-0.754858	0.000281872
390	2.51383e-09	-1.17214	-0.255854	0.00140867	0.195616	-0.891946	-0.000269976
391	2.51383e-09	-0.325505	1.15614	-0.000246224	-0.87808	-0.248066	0.00100632
392	2.51383e-09	-0.126311	1.19439	-0.00124565	-0.90794	-0.0956635	-0.000654208
393	2.51383e-09	0.994645	0.679188	-0.000317385	-0.514009	0.752203	0.000556415
394	2.51383e-09	0.206386	1.17664	-0.00219774	-0.901133	0.158452	-0.000330862
395	2.51383e-09	-0.687283	0.984319	-0.00119764	-0.747431	-0.523687	-0.000703328
396	2.51383e-09	1.0805	0.525273	0.00102335	-0.400237	0.820692	0.000696198
397	2.51383e-09	0.153302	1.19371	0.000786651	-0.903412	0.115936	0.000845177
398	2.51383e-09	0.75737	0.938261	-0.00153181	-0.707237	0.572617	-0.000734217
399	2.51383e-09	-0.850355	-0.856051	0.000881641	0.645089	-0.641441	-0.000941831
400	2.51383e-09	-0.524313	-1.08346	0.000700165	0.821137	-0.396786	0.000964409
