7.505000e+03
401
0	1	0.000346784	0.000215154	-3.16472e-07	-6.25643e-09	3.17356e-08	-7.95843e-12
1	2.51383e-09	-0.960192	-0.30488	-0.000420983	0.305557	-0.949955	0.00256222
2	2.51383e-09	0.996505	0.167334	5.29906e-05	-0.161528	0.978355	-0.000445498
3	2.51383e-09	-0.429098	-0.898386	-0.00124943	0.906171	-0.428034	-0.000894885
4	2.51383e-09	-0.448794	-0.898516	-0.0023707	0.893804	-0.446141	0.00148517
5	2.51383e-09	-0.606533	0.794026	0.00165966	-0.79237	-0.608154	-3.77783e-05
6	2.51383e-09	0.232991	0.981935	0.000127009	-0.967839	0.23018	-0.00293312
7	2.51383e-09	0.99895	-0.0486244	0.0014593	0.0532153	0.997502	-0.00214882
8	2.51383e-09	-0.557946	0.828497	0.000592393	-0.828283	-0.560884	0.000553024
9	2.51383e-09	-0.139949	-0.993368	-0.000103625	0.990282	-0.138477	-0.00019016
10	2.51383e-09	-0.0398918	1.0112	0.000584655	-0.994261	-0.0401799	0.00043043
11	2.51383e-09	-0.533903	-0.844413	0.000694719	0.845456	-0.532827	-0.000213598
12	2.51383e-09	-0.752644	0.67599	-7.87538e-05	-0.665429	-0.74085	-0.0021948
13	2.51383e-09	0.981773	-0.20662	-4.2186e-06	0.204364	0.978824	-0.000960747
14	2.51383e-09	-0.929101	-0.394124	-0.00231186	0.388823	-0.916711	0.00178495
15	2.51383e-09	0.95638	-0.29593	0.0014676	0.302322	0.954591	-0.000637317
16	2.51383e-09	0.730351	-0.687115	-0.00113355	0.6798	0.728003	-0.00188443
17	2.51383e-09	-0.679633	0.736403	-0.00028298	-0.734108	-0.682059	0.00188275
18	2.51383e-09	0.274272	-0.987365	0.000212271	0.952812	0.257963	-0.00103573
19	2.51383e-09	-0.956421	0.362666	0.000411656	-0.356894	-0.919114	0.00220405
20	2.51383e-09	0.70065	-0.754463	0.002778	0.721178	0.671014	-0.00126345
21	2.51383e-09	0.715143	0.708748	-0.00407547	-0.702018	0.708481	-0.000710099
22	2.51383e-09	-0.365574	0.957218	-0.00209186	-0.92575	-0.347402	-0.00194764
23	2.51383e-09	-0.743654	-0.684509	0.000492489	0.676315	-0.729276	0.00299468
24	2.51383e-09	-0.468627	0.891679	-0.00131568	-0.887218	-0.457181	0.000915915
25	2.51383e-09	0.0885757	-1.01607	0.00270111	0.98429	0.0847799	0.00145947
26	2.51383e-09	-0.394413	0.941907	0.00123608	-0.913565	-0.377052	0.00129782
27	2.51383e-09	-0.426762	-0.904037	0.000214287	0.903841	-0.431292	0.00268972
28	2.51383e-09	0.956387	-0.332181	-0.00106942	0.328115	0.93652	-0.00215041
29	2.51383e-09	0.555654	-0.849218	-0.00261701	0.831272	0.540899	-0.000770255
30	2.51383e-09	-0.616398	-0.80043	-0.00129339	0.78741	-0.606718	-0.00161574
31	2.51383e-09	-0.544348	-0.848767	0.00326102	0.837205	-0.539333	-0.00127936
32	2.51383e-09	0.635336	-0.782709	-0.00419546	0.77114	0.629579	0.00105875
33	2.51383e-09	0.420547	-0.932111	-9.36909e-05	0.907454	0.399417	0.00100001
34	2.51383e-09	-0.883032	0.540045	-0.00211162	-0.511622	-0.839272	-0.00210863
35	2.51383e-09	-0.378058	-0.950374	-0.000206476	0.917283	-0.363585	-0.00308993
36	2.51383e-09	0.543361	0.85942	0.000645219	-0.833587	0.537005	0.00218823
37	2.51383e-09	-0.29132	0.97777	-0.00202164	-0.948278	-0.281045	-0.00102409
38	2.51383e-09	-0.873858	0.481768	0.000604421	-0.484635	-0.877408	-0.00331425
39	2.51383e-09	-0.86626	-0.531076	-0.00178221	0.512412	-0.84793	-0.000635014
40	2.51383e-09	1.01006	0.156247	-0.000346647	-0.154765	0.974741	0.000107801
41	2.51383e-09	0.986134	-0.236709	-0.00278019	0.231709	0.966303	-0.00156617
42	2.51383e-09	0.687564	0.784317	-0.00164969	-0.735341	0.644832	0.0024581
43	2.51383e-09	-0.729351	0.691981	0.00264924	-0.686049	-0.727824	-0.00115317
44	2.51383e-09	-0.335892	-0.975484	-0.00127901	0.931591	-0.319645	0.000248477
45	2.51383e-09	-0.808646	-0.616596	7.81901e-05	0.603286	-0.790305	0.00237203
46	2.51383e-09	-0.692238	0.754613	7.06064e-05	-0.726305	-0.66662	0.000121001
47	2.51383e-09	-0.219262	0.99128	0.00152909	-0.97023	-0.21479	-0.000556317
48	2.51383e-09	0.922661	-0.44883	-0.000101563	0.433311	0.887675	0.00189982
49	2.51383e-09	0.0830605	-1.00282	-0.00202862	0.994043	0.0817085	0.000422977
50	2.51383e-09	0.754171	0.711851	0.000934901	-0.671879	0.71731	-0.00220795
51	2.51383e-09	-0.699954	0.725133	-0.000666719	-0.714539	-0.692738	-0.00130923
52	2.51383e-09	0.538381	0.888938	-0.00232516	-0.836547	0.509016	-0.000372554
53	2.51383e-09	-0.972454	0.313808	-0.00120157	-0.305028	-0.942629	0.00200842
54	2.51383e-09	0.995745	0.220992	0.00162155	-0.214652	0.968512	-0.000266991
55	2.51383e-09	-0.229573	-1.01394	0.0017063	0.954331	-0.21932	0.000200026
56	2.51383e-09	-1.01242	0.128834	0.000523127	-0.130883	-0.982343	0.000444344
57	2.51383e-09	1.0496	0.0265831	0.000739203	-0.0284123	0.975979	-0.00151662
58	2.51383e-09	0.777326	0.695804	-0.00113661	-0.651924	0.732346	-0.000755324
59	2.51383e-09	0.856666	-0.57263	-0.00155255	0.54308	0.819572	-0.00336189
60	2.51383e-09	-1.01686	0.150816	-0.0014786	-0.145504	-0.976209	-0.000442697
61	2.51383e-09	-1.03965	0.0169507	-0.00085717	-0.0156592	-0.978158	0.00327895
62	2.51383e-09	-0.82249	-0.624028	-0.000671387	0.59747	-0.783312	-0.000806088
63	2.51383e-09	-0.406494	-0.939235	0.00119013	0.909673	-0.393389	0.000532902
64	2.51383e-09	-0.118659	-1.02043	-0.000813483	0.981335	-0.119327	-0.000890177
65	2.51383e-09	0.984999	0.27611	-0.0014901	-0.270157	0.951582	0.000456726
66	2.51383e-09	-0.810863	0.650604	0.00245346	-0.611229	-0.760497	0.000464404
67	2.51383e-09	-0.278534	1.00678	-0.0010939	-0.944826	-0.259043	-0.0017682
68	2.51383e-09	-0.179927	-1.01439	-0.00249822	0.970119	-0.172223	0.002192
69	2.51383e-09	0.743546	0.722184	0.000796538	-0.682364	0.708175	0.00344441
70	2.51383e-09	-0.769606	0.685792	-0.000200142	-0.65347	-0.734559	0.000521693
71	2.51383e-09	0.313052	0.989496	0.0049115	-0.934751	0.295406	-0.00150822
72	2.51383e-09	-0.561277	0.894295	-0.00131166	-0.826708	-0.516211	-0.0018506
73	2.51383e-09	0.0444632	-1.03067	-0.00151755	0.984929	0.0390575	-0.000467187
74	2.51383e-09	-1.05752	-0.116617	3.96914e-05	0.105619	-0.961059	0.00263048
75	2.51383e-09	-1.04328	0.0401528	0.000692846	-0.0377629	-0.978211	-0.000925155
76	2.51383e-09	-0.963931	0.421332	-0.00312912	-0.384252	-0.895603	2.42861e-05
77	2.51383e-09	-0.821058	-0.675317	0.000972907	0.61618	-0.749179	-1.23897e-05
78	2.51383e-09	-0.61922	0.847444	0.00228564	-0.788308	-0.569419	0.00197772
79	2.51383e-09	-0.93102	0.456584	-2.23017e-05	-0.436672	-0.878524	-0.00458997
80	2.51383e-09	1.01959	-0.201046	0.00169199	0.185492	0.963614	-0.000735837
81	2.51383e-09	-0.966579	0.355763	0.000500158	-0.339631	-0.923178	-7.0532e-05
82	2.51383e-09	1.05709	-0.0769915	0.000698594	0.0695927	0.966262	-0.000118622
83	2.51383e-09	0.145174	-1.02649	-0.000602551	0.972264	0.133472	-0.000657862
84	2.51383e-09	0.0445249	-1.04399	3.28156e-05	0.975948	0.0386365	0.000983872
85	2.51383e-09	1.01268	-0.167914	-0.00141756	0.161121	0.974799	0.000764792
86	2.51383e-09	-1.03052	0.194987	-0.000762267	-0.176219	-0.959683	0.00094045
87	2.51383e-09	0.73253	-0.754052	-0.00096722	0.694844	0.681578	0.000658752
88	2.51383e-09	-0.613104	0.833871	-0.00298406	-0.792197	-0.581457	0.000386112
89	2.51383e-09	-0.631101	-0.840097	0.00215696	0.782314	-0.583153	-0.000316583
90	2.51383e-09	-1.04756	0.0379696	-0.000650506	-0.0319611	-0.976271	0.00381669
91	2.51383e-09	-0.532222	-0.88526	-0.000640341	0.840254	-0.510702	-0.00443968
92	2.51383e-09	-0.752017	0.731446	0.00165156	-0.680139	-0.700438	0.00175288
93	2.51383e-09	0.13002	-1.05584	-0.000370491	0.961694	0.12117	9.64195e-05
94	2.51383e-09	0.660346	-0.806099	0.000672302	0.756754	0.619469	0.00293081
95	2.51383e-09	0.966608	-0.366504	-0.00036932	0.352183	0.917038	-0.00104245
96	2.51383e-09	-0.743661	-0.754412	-0.00268177	0.694573	-0.677046	0.000500024
97	2.51383e-09	-0.0327731	-1.04727	-0.00206959	0.978759	-0.0352328	-0.000522109
98	2.51383e-09	0.361771	-0.999185	0.000183508	0.909074	0.331291	0.00155837
99	2.51383e-09	0.242651	-1.03478	0.00109726	0.948451	0.216852	-0.000780464
100	2.51383e-09	0.363911	0.985191	0.000194458	-0.919889	0.335401	0.00165012
101	2.51383e-09	0.518812	-0.888639	0.000601445	0.850602	0.499817	-0.000760664
102	2.51383e-09	0.315123	0.983483	0.000290957	-0.934749	0.299407	0.00132445
103	2.51383e-09	0.693462	0.791323	0.00108611	-0.734396	0.639984	0.00228016
104	2.51383e-09	-1.03398	0.14205	-0.00083027	-0.138466	-0.969557	0.00134244
105	2.51383e-09	0.379547	0.971826	-0.000383034	-0.909579	0.35569	-0.00139642
106	2.51383e-09	-0.920925	0.489557	-0.000240708	-0.459455	-0.867008	-0.000419119
107	2.51383e-09	0.646627	0.84295	0.000568114	-0.767578	0.592271	-0.0013482
108	2.51383e-09	-0.975922	0.446542	0.00109048	-0.402938	-0.874584	-0.000173396
109	2.51383e-09	-0.726116	0.764331	-0.000971492	-0.709776	-0.670479	0.00132266
110	2.51383e-09	1.05776	-0.0304546	-0.00221716	0.0238059	0.971667	0.0030041
111	2.51383e-09	-1.03773	0.200921	0.000635067	-0.18535	-0.957834	0.00154921
112	2.51383e-09	0.81242	-0.688238	0.000439791	0.62949	0.735989	-0.00109699
113	2.51383e-09	-0.388614	0.99256	0.00121413	-0.899567	-0.35313	0.000969855
114	2.51383e-09	1.03745	-0.131826	-0.00183762	0.123565	0.971724	0.000367153
115	2.51383e-09	1.05502	-0.203277	0.00270277	0.176924	0.947526	0.00148574
116	2.51383e-09	0.0811851	-1.05296	0.0015659	0.967718	0.0745647	-0.00275154
117	2.51383e-09	-0.0561383	-1.05098	0.000978408	0.974305	-0.0507933	0.000700165
118	2.51383e-09	-0.898027	0.56616	0.00176617	-0.51834	-0.820256	0.00105979
119	2.51383e-09	-0.4495	0.938226	0.00175272	-0.887772	-0.424003	-0.00335415
120	2.51383e-09	0.655561	-0.82455	-0.000980577	0.763151	0.602989	-0.00287721
121	2.51383e-09	-1.02395	-0.304871	0.00245468	0.276742	-0.92417	-0.000705744
122	2.51383e-09	0.836907	-0.671655	0.000459378	0.602023	0.754753	-0.00191789
123	2.51383e-09	0.965818	0.416951	-0.000503007	-0.381624	0.893107	-0.00150313
124	2.51383e-09	-0.938313	0.530517	0.00137757	-0.475424	-0.838243	0.00107
125	2.51383e-09	-0.936948	-0.484677	0.000175454	0.445329	-0.86212	-0.00223504
126	2.51383e-09	0.223385	1.03147	-0.00167948	-0.953955	0.207497	-0.000288799
127	2.51383e-09	-0.359556	0.996941	-0.000605703	-0.912998	-0.326673	-0.00117854
128	2.51383e-09	-0.404402	0.993784	-0.00245773	-0.892173	-0.366289	0.00160815
129	2.51383e-09	-0.00926738	1.0565	-0.0016549	-0.972596	-0.00213361	0.00100366
130	2.51383e-09	-0.669303	0.825372	0.000961462	-0.755414	-0.607752	-0.000423724
131	2.51383e-09	-0.699721	0.8184	-0.00178954	-0.736283	-0.625497	-0.000654993
132	2.51383e-09	0.689036	-0.819548	-0.0015866	0.742687	0.618948	-0.00239209
133	2.51383e-09	-0.264158	-1.03722	-0.00224575	0.934731	-0.240999	0.00186
134	2.51383e-09	-0.713892	-0.77052	-0.0016883	0.717286	-0.661312	0.00149298
135	2.51383e-09	1.04889	0.0339169	0.000325801	-0.0339953	0.977632	-0.0023658
136	2.51383e-09	-0.819992	-0.699544	0.00253797	0.626477	-0.734578	-0.000710094
137	2.51383e-09	-0.994051	0.381373	0.00307619	-0.342413	-0.905781	-0.00164911
138	2.51383e-09	0.626892	-0.866506	0.000671148	0.780951	0.566431	0.00100479
139	2.51383e-09	1.06039	-0.10131	-0.000655157	0.0901417	0.964289	0.00309048
140	2.51383e-09	-0.592795	-0.910046	-0.00158046	0.803235	-0.524449	-0.000831522
141	2.51383e-09	1.05808	0.110081	0.00282928	-0.0996361	0.96665	-0.0020934
142	2.51383e-09	0.976426	0.462473	0.00318753	-0.405213	0.87135	-0.00101644
143	2.51383e-09	0.812195	-0.695852	-0.000561966	0.633492	0.732581	-0.000817078
144	2.51383e-09	1.06421	0.192282	0.00082529	-0.172367	0.947288	0.00190166
145	2.51383e-09	0.995707	-0.36879	-0.000160349	0.335009	0.909263	-0.000761943
146	2.51383e-09	-0.955191	-0.562124	0.000104712	0.480715	-0.81716	-0.00339361
147	2.51383e-09	0.847891	-0.672284	0.00194305	0.5947	0.754645	-0.00213364
148	2.51383e-09	0.808454	0.715268	-0.000466284	-0.635907	0.725918	-0.000242542
149	2.51383e-09	0.763581	-0.735375	0.00183395	0.680872	0.692193	-0.000969274
150	2.51383e-09	0.417381	-0.997071	0.00110606	0.890413	0.362131	-0.000455751
151	2.51383e-09	1.07351	-0.0421838	0.00026492	0.0433245	0.963946	0.000511988
152	2.51383e-09	0.502931	-0.945533	-0.00112068	0.860627	0.444547	-0.00055765
153	2.51383e-09	-0.800096	-0.7436	-0.000617553	0.648117	-0.702047	0.000387136
154	2.51383e-09	0.414077	-1.02021	-0.00156189	0.881596	0.363019	-0.000574449
155	2.51383e-09	0.114649	-1.07731	0.00029299	0.953951	0.0984791	0.00212787
156	2.51383e-09	0.800611	-0.729108	-0.00265382	0.651759	0.709366	0.00155413
157	2.51383e-09	-0.92023	-0.530488	0.000685033	0.486515	-0.841327	-0.000563607
158	2.51383e-09	-0.983774	0.469981	0.000670861	-0.408197	-0.866377	0.00425253
159	2.51383e-09	-0.968166	-0.456515	0.00101909	0.409567	-0.876373	-6.80522e-05
160	2.51383e-09	-1.02127	0.335493	-0.00338706	-0.298059	-0.917893	0.000247704
161	2.51383e-09	1.07579	-0.175462	0.00015437	0.151762	0.946012	-0.0024684
162	2.51383e-09	-0.508195	-0.953696	-0.00320392	0.849942	-0.450701	-0.00155712
163	2.51383e-09	-0.445593	-0.991818	-0.000584928	0.872744	-0.397674	-6.96182e-05
164	2.51383e-09	-0.185371	1.05885	0.00271275	-0.948654	-0.164391	0.00211997
165	2.51383e-09	-0.444638	1.00491	0.00323786	-0.875019	-0.381752	-0.000373857
166	2.51383e-09	1.04774	0.305765	-0.00103398	-0.270604	0.916165	0.00129454
167	2.51383e-09	0.967297	-0.470815	-0.00258652	0.426391	0.860667	0.00340207
168	2.51383e-09	-1.07658	-0.131737	-0.000564191	0.119031	-0.953709	0.00151821
169	2.51383e-09	-0.156577	-1.07226	0.000241655	0.950563	-0.13542	0.00111606
170	2.51383e-09	0.350799	1.02825	0.00169474	-0.907461	0.31408	-0.00349883
171	2.51383e-09	-1.08558	-0.116629	0.000658246	0.0997826	-0.952509	-0.00299336
172	2.51383e-09	-0.847206	-0.722347	-0.00176871	0.613537	-0.723612	-0.0024637
173	2.51383e-09	-0.878237	0.672357	-0.0017077	-0.577364	-0.755163	-0.0017709
174	2.51383e-09	0.518013	-0.97551	0.00124408	0.841575	0.442107	-0.00224178
175	2.51383e-09	-0.979876	-0.465773	0.000371224	0.415844	-0.867866	0.00169849
176	2.51383e-09	0.181942	1.06399	0.000801973	-0.948478	0.162371	2.54135e-05
177	2.51383e-09	-0.378663	1.04201	0.00135444	-0.894571	-0.321368	-2.55052e-05
178	2.51383e-09	0.900485	0.587025	-0.000472502	-0.523585	0.80917	-0.00053013
179	2.51383e-09	-0.714612	-0.837122	-0.00255136	0.721268	-0.62107	0.00298397
180	2.51383e-09	-0.708446	-0.821761	0.000143321	0.725721	-0.626778	-0.00309227
181	2.51383e-09	-0.979694	-0.512216	-0.00213386	0.439335	-0.841099	0.000856486
182	2.51383e-09	1.09369	0.0612981	0.0018743	-0.0529745	0.953773	-0.000423304
183	2.51383e-09	0.487971	-0.986613	0.000854786	0.852112	0.423095	-0.000821382
184	2.51383e-09	-0.763001	0.803948	0.00087356	-0.689889	-0.654002	0.00211516
185	2.51383e-09	-0.622494	-0.897403	-0.000465502	0.785475	-0.546822	-0.00176727
186	2.51383e-09	0.827008	-0.712448	0.00220096	0.620668	0.724289	0.000700841
187	2.51383e-09	0.750199	-0.758029	-0.00430021	0.68483	0.684051	-0.000298327
188	2.51383e-09	-0.305353	-1.06621	-0.000876441	0.911751	-0.258716	-0.00143317
189	2.51383e-09	1.08626	-0.126039	-0.00118107	0.110069	0.949174	0.00222677
190	2.51383e-09	-1.05141	-0.341787	-0.0022983	0.286339	-0.905616	-0.000652156
191	2.51383e-09	0.0642308	-1.0923	-0.00315744	0.953197	0.0574083	-0.000386063
192	2.51383e-09	-0.0260635	1.1009	0.00111249	-0.95121	-0.0198878	-5.28227e-05
193	2.51383e-09	-0.343806	1.04037	0.00235387	-0.910096	-0.297855	-0.000958512
194	2.51383e-09	-1.06142	0.369033	-0.000829701	-0.307906	-0.891578	0.000460578
195	2.51383e-09	-1.01343	-0.375986	0.00134801	0.329123	-0.904005	0.000848667
196	2.51383e-09	0.975831	0.505261	0.00325551	-0.432987	0.84648	0.00199623
197	2.51383e-09	-0.189431	1.07224	-0.00268628	-0.943525	-0.167267	-0.000528666
198	2.51383e-09	1.1061	-0.0631463	0.00287436	0.0544238	0.950101	0.00037463
199	2.51383e-09	-0.185918	-1.07742	0.000804206	0.943509	-0.164415	-0.00259195
200	2.51383e-09	-0.216938	1.09287	0.000464206	-0.928926	-0.181059	0.00157498
201	2.51383e-09	-1.04404	0.352532	-0.00275739	-0.302187	-0.903485	-0.000575359
202	2.51383e-09	-0.313582	1.04057	0.000612697	-0.921658	-0.277728	0.00210816
203	2.51383e-09	-0.960371	-0.508405	-0.0010113	0.447973	-0.847472	-0.00118206
204	2.51383e-09	0.0216304	1.1001	-0.000848891	-0.956376	0.0195441	0.00113576
205	2.51383e-09	0.0705363	-1.12797	0.000490461	0.937987	0.0572838	-0.000923569
206	2.51383e-09	0.402691	1.01499	-0.0024678	-0.889145	0.356286	-0.000965977
207	2.51383e-09	1.10116	-0.181357	0.000115734	0.151895	0.933875	-0.000587902
208	2.51383e-09	-0.806889	-0.742266	0.00143407	0.646416	-0.702547	0.0014243
209	2.51383e-09	0.558722	-0.955761	0.00189944	0.81903	0.478014	-0.0019517
210	2.51383e-09	0.752667	0.806035	0.00166444	-0.696978	0.648301	-0.000913342
211	2.51383e-09	1.05487	0.285256	-0.000128591	-0.249997	0.926283	-0.00160273
212	2.51383e-09	0.0420058	-1.11415	-0.0025514	0.944713	0.0389149	0.000161718
213	2.51383e-09	-1.05018	-0.341639	0.00147989	0.293521	-0.905997	0.00179266
214	2.51383e-09	0.601593	-0.905956	0.00162634	0.802936	0.531263	-0.000792694
215	2.51383e-09	0.986236	-0.526423	0.000292674	0.441768	0.834218	-0.00325757
216	2.51383e-09	0.684432	-0.882256	-0.000701727	0.752541	0.575543	0.000268016
217	2.51383e-09	0.689113	0.881282	0.000900482	-0.745528	0.582758	-0.000821207
218	2.51383e-09	-0.963936	-0.500969	-0.000174394	0.441792	-0.848262	-0.00190002
219	2.51383e-09	-0.783598	0.809107	-0.000206349	-0.678245	-0.652762	0.000434865
220	2.51383e-09	0.212076	1.09626	-0.00199145	-0.927729	0.183448	-0.00104734
221	2.51383e-09	0.18011	-1.08034	0.00101047	0.941644	0.153305	0.00162173
222	2.51383e-09	-0.0184054	1.11887	0.00315084	-0.943298	-0.015399	-0.000529604
223	2.51383e-09	-0.673131	-0.874162	0.000912835	0.754537	-0.582967	0.00128358
224	2.51383e-09	-0.0931634	-1.09503	0.000241549	0.948989	-0.0869932	7.3068e-05
225	2.51383e-09	0.53149	-0.984589	-3.94968e-05	0.828443	0.451638	0.0010618
226	2.51383e-09	-0.995884	-0.499598	0.00220163	0.425186	-0.848206	-0.00192308
227	2.51383e-09	-0.774386	-0.793382	-0.000998181	0.678228	-0.662489	-0.00135357
228	2.51383e-09	-0.385892	-1.04703	0.000838146	0.888612	-0.327842	-0.000901644
229	2.51383e-09	0.34142	-1.07632	-0.000986778	0.897577	0.280376	-0.00276008
230	2.51383e-09	0.626534	-0.947557	-0.00142023	0.786985	0.514172	0.000886925
231	2.51383e-09	0.778021	-0.808468	0.00602216	0.679588	0.658555	-0.000914974
232	2.51383e-09	0.658018	0.894269	0.00226576	-0.762392	0.560285	-0.000295125
233	2.51383e-09	0.903869	0.664476	1.32359e-05	-0.556322	0.75874	0.0015238
234	2.51383e-09	0.35379	1.06406	-0.00221359	-0.896497	0.296826	-0.000288257
235	2.51383e-09	-0.359072	-1.05062	-0.00230803	0.897828	-0.311508	0.0027408
236	2.51383e-09	-0.854102	-0.74235	0.000662075	0.615128	-0.708658	-0.000979356
237	2.51383e-09	-0.114942	-1.09943	-0.000614381	0.946634	-0.0908662	-0.000997222
238	2.51383e-09	-0.908781	-0.691254	-0.000544096	0.573274	-0.73951	0.000187067
239	2.51383e-09	0.684731	0.87233	-0.00394231	-0.7449	0.588952	1.05389e-06
240	2.51383e-09	0.541488	-0.97641	-0.000272931	0.831916	0.459576	0.000552422
241	2.51383e-09	-0.958938	-0.572625	0.000626266	0.478377	-0.816978	-0.000579592
242	2.51383e-09	1.10031	0.338494	-0.00354426	-0.273818	0.892217	-0.000608042
243	2.51383e-09	0.95585	0.585238	-0.00309186	-0.496091	0.805302	-0.000591535
244	2.51383e-09	0.857717	0.738333	-0.00271511	-0.613065	0.715298	-0.00117771
245	2.51383e-09	1.10755	0.195687	-0.00464554	-0.162611	0.928988	0.00199043
246	2.51383e-09	0.617172	-0.938502	-0.00223182	0.789586	0.516797	0.00104772
247	2.51383e-09	-1.07061	-0.258904	-0.000612589	0.218299	-0.927746	-0.00109889
248	2.51383e-09	-0.966444	-0.583074	0.00265125	0.485423	-0.804145	-0.00072793
249	2.51383e-09	0.0579955	1.12607	-0.000782213	-0.938545	0.0529995	0.000885682
250	2.51383e-09	-0.960407	-0.595416	-0.00220304	0.49396	-0.800425	-9.62743e-05
251	2.51383e-09	-0.727363	0.862295	-0.00132019	-0.72296	-0.603886	-0.00106493
252	2.51383e-09	0.635372	0.928167	-0.000437457	-0.778643	0.530706	-0.0016755
253	2.51383e-09	0.427288	1.05631	-0.00190534	-0.866042	0.354572	0.00199971
254	2.51383e-09	1.09863	-0.238389	0.000623215	0.201363	0.922615	0.00233252
255	2.51383e-09	-1.07089	-0.377411	-0.000194264	0.312452	-0.885151	-0.000540783
256	2.51383e-09	1.08127	0.346274	0.00127274	-0.292467	0.894436	0.000269014
257	2.51383e-09	0.450086	-1.02621	0.000895336	0.866013	0.382005	-0.00291575
258	2.51383e-09	1.05166	-0.421547	-0.0043982	0.348009	0.870933	0.000996253
259	2.51383e-09	-0.506989	-1.00808	-0.00116046	0.842442	-0.420913	0.000762799
260	2.51383e-09	-0.256089	-1.10115	0.00260219	0.913585	-0.215542	0.00307254
261	2.51383e-09	-0.980322	0.597517	-0.000678701	-0.485122	-0.796925	0.000935633
262	2.51383e-09	-0.325988	-1.06608	-0.000499676	0.906872	-0.271129	0.00433764
263	2.51383e-09	0.770754	-0.841601	-0.00110804	0.686563	0.636998	0.00134587
264	2.51383e-09	1.05049	0.406577	-0.000144658	-0.337411	0.879683	-0.000737894
265	2.51383e-09	0.566965	0.996117	0.00147617	-0.810908	0.465712	0.000224449
266	2.51383e-09	1.03477	0.465862	-0.000407537	-0.38542	0.856517	-0.000339306
267	2.51383e-09	-0.905771	-0.653471	0.00227859	0.55344	-0.771229	-0.00120811
268	2.51383e-09	-0.998479	0.528413	0.00142273	-0.441378	-0.83469	0.00169571
269	2.51383e-09	-1.10442	-0.321802	-0.0016923	0.262516	-0.892284	0.00193627
270	2.51383e-09	0.652227	0.929384	-0.000611566	-0.768014	0.539784	0.00130498
271	2.51383e-09	0.802973	-0.807774	0.00212753	0.665552	0.661632	-0.000378381
272	2.51383e-09	-0.909766	0.683641	0.00301473	-0.564408	-0.749557	-0.000611904
273	2.51383e-09	1.06242	-0.429665	0.00314397	0.348622	0.865581	0.000619981
274	2.51383e-09	1.10751	0.187003	-0.00242971	-0.163294	0.927929	-5.40146e-05
275	2.51383e-09	-1.13665	0.0224879	-0.000650265	-0.0158708	-0.935918	0.0024008
276	2.51383e-09	0.133166	-1.12815	0.00100886	0.9349	0.1108	-8.81289e-05
277	2.51383e-09	1.1044	0.274085	4.57782e-05	-0.218016	0.913977	0.00370352
278	2.51383e-09	0.549553	1.0119	0.00176101	-0.819363	0.446375	0.000533565
279	2.51383e-09	-0.496142	1.0534	0.000427815	-0.839845	-0.393439	0.000974334
280	2.51383e-09	0.435028	-1.08255	0.00188369	0.858034	0.340671	4.30718e-05
281	2.51383e-09	-1.10069	0.283715	0.000610825	-0.234737	-0.909033	-0.000637237
282	2.51383e-09	0.954402	-0.636329	0.000504031	0.519326	0.776589	-0.00244683
283	2.51383e-09	0.577209	0.985841	0.00105327	-0.807223	0.467851	0.00218233
284	2.51383e-09	-1.09739	-0.364007	-0.000441039	0.289572	-0.884893	0.00171249
285	2.51383e-09	-0.327918	-1.10232	0.000755008	0.891699	-0.268002	0.000356296
286	2.51383e-09	0.104696	-1.12618	0.00111099	0.936378	0.0851187	0.00120253
287	2.51383e-09	0.42517	1.05635	0.000181784	-0.868818	0.347934	0.00101621
288	2.51383e-09	-0.232484	-1.13081	0.00149905	0.912907	-0.189456	-0.000944999
289	2.51383e-09	1.12387	0.294565	0.00359707	-0.232659	0.895283	0.00110604
290	2.51383e-09	1.02471	-0.5077	-0.00114913	0.418209	0.835724	0.00255846
291	2.51383e-09	-0.680372	-0.921568	0.00324827	0.750896	-0.556658	0.000776952
292	2.51383e-09	-0.201591	1.12485	-0.00187662	-0.921291	-0.164249	-0.000202487
293	2.51383e-09	-0.968889	0.594915	0.000773075	-0.492279	-0.797433	-0.00234129
294	2.51383e-09	0.745441	-0.899233	0.00630727	0.712255	0.590493	0.000976372
295	2.51383e-09	0.494183	1.03229	-0.00177074	-0.842891	0.39895	-0.00164636
296	2.51383e-09	0.587225	0.995798	-0.00479198	-0.801356	0.472378	6.18657e-05
297	2.51383e-09	-0.565617	-0.999428	-0.000141896	0.812535	-0.45831	0.00148148
298	2.51383e-09	-1.10452	0.343147	0.00203997	-0.26963	-0.888355	-0.00162575
299	2.51383e-09	1.16027	-0.212426	-0.000593988	0.167048	0.900523	0.000528496
300	2.51383e-09	0.267515	-1.13226	-0.000405897	0.903559	0.209532	-0.00362245
301	2.51383e-09	0.782875	0.860021	-0.00155282	-0.685896	0.618972	-0.0016453
302	2.51383e-09	-1.14616	-0.190411	-0.00548242	0.161138	-0.913781	-0.00020075
303	2.51383e-09	-0.0990988	1.14886	0.00105109	-0.926852	-0.0798462	-0.00193078
304	2.51383e-09	-0.568958	-1.01478	0.000379801	0.807806	-0.451894	0.00138279
305	2.51383e-09	-0.895645	0.708145	-0.00246811	-0.581735	-0.734199	-6.6289e-05
306	2.51383e-09	-1.06895	0.424422	-0.00203738	-0.34439	-0.867254	-0.000380358
307	2.51383e-09	0.804647	-0.838351	0.0023432	0.666077	0.644169	-0.00160161
308	2.51383e-09	0.0705362	-1.16437	-0.000418509	0.926486	0.0536554	0.000657665
309	2.51383e-09	1.07581	-0.401406	-0.000518662	0.327201	0.873793	-0.0015294
310	2.51383e-09	1.09781	-0.3575	0.00163553	0.288466	0.887191	1.89294e-05
311	2.51383e-09	-0.592402	0.994252	0.00134296	-0.801044	-0.472604	-0.00213989
312	2.51383e-09	0.311691	1.12178	0.0022256	-0.892934	0.250462	0.000481948
313	2.51383e-09	-0.435647	1.06535	0.00382494	-0.863241	-0.350124	-0.000993027
314	2.51383e-09	-0.289243	-1.10879	-0.00164806	0.903888	-0.237357	-0.000174042
315	2.51383e-09	1.08217	0.439904	-5.70874e-05	-0.349696	0.85775	-0.00150579
316	2.51383e-09	-1.11729	0.356305	0.0016405	-0.277022	-0.878511	-0.00184119
317	2.51383e-09	-0.565769	1.00641	-5.65473e-05	-0.811449	-0.45933	0.00287108
318	2.51383e-09	1.09501	0.370604	0.00259222	-0.302649	0.880122	-7.44012e-05
319	2.51383e-09	0.671478	-0.951421	-0.00327591	0.759057	0.533615	0.00046667
320	2.51383e-09	-0.0396638	-1.18014	-8.31517e-05	0.918575	-0.0274158	0.000131842
321	2.51383e-09	1.09733	-0.392025	0.000153218	0.315099	0.872469	-0.00045195
322	2.51383e-09	1.11185	0.330637	-0.000266789	-0.265611	0.889479	0.00240496
323	2.51383e-09	-0.364017	-1.11083	0.000491009	0.875852	-0.287456	-0.000244637
324	2.51383e-09	-1.10174	-0.419465	0.00148186	0.326879	-0.860913	-0.000484916
325	2.51383e-09	0.800363	0.82421	0.00267952	-0.667684	0.655486	-0.00138402
326	2.51383e-09	-0.23978	1.1496	0.00294629	-0.902412	-0.192203	0.00112778
327	2.51383e-09	0.197965	-1.15763	-0.00277305	0.909279	0.157007	0.000289186
328	2.51383e-09	0.800739	-0.818366	-0.000541675	0.671821	0.648602	-0.0018078
329	2.51383e-09	-0.940173	-0.701752	-0.000598386	0.548225	-0.74763	-0.000284933
330	2.51383e-09	1.11935	0.322531	0.000689383	-0.259284	0.887198	0.000147006
331	2.51383e-09	-1.0185	0.532078	0.00265009	-0.430596	-0.827964	-0.000575987
332	2.51383e-09	-0.417248	1.10115	0.000506952	-0.86125	-0.326217	0.000713897
333	2.51383e-09	-1.15108	0.281567	0.00287329	-0.220249	-0.892069	-0.000925289
334	2.51383e-09	-0.624727	1.0002	-0.00123167	-0.781646	-0.482115	0.00141743
335	2.51383e-09	0.953902	-0.698434	8.08482e-05	0.541065	0.743292	-0.00195332
336	2.51383e-09	-0.664781	0.962627	8.5447e-05	-0.760537	-0.527163	0.00196285
337	2.51383e-09	-0.980289	0.66958	-0.00204401	-0.51678	-0.755809	-0.00102738
338	2.51383e-09	0.931084	-0.705855	0.00365531	0.559272	0.736994	-0.00031314
339	2.51383e-09	-0.96727	-0.695876	-0.00406745	0.53617	-0.740521	0.00353989
340	2.51383e-09	-0.830793	-0.835231	0.00149654	0.649713	-0.652855	-0.00143044
341	2.51383e-09	0.581718	1.0218	-0.000529669	-0.801088	0.459057	-0.00117942
342	2.51383e-09	1.05119	0.505021	-0.000154907	-0.400902	0.834559	0.000641281
343	2.51383e-09	-0.620039	0.977389	-0.00230278	-0.782326	-0.502017	-0.000901258
344	2.51383e-09	0.792173	0.871037	0.000382682	-0.686945	0.616718	-0.000478061
345	2.51383e-09	0.824627	-0.823575	-0.000473616	0.6562	0.655113	-0.00192303
346	2.51383e-09	-0.934574	-0.713075	0.00279367	0.556102	-0.732441	0.000794413
347	2.51383e-09	1.18136	-0.0439177	-0.00217853	0.0356406	0.915016	-0.00102549
348	2.51383e-09	0.887633	-0.765966	0.00114613	0.605585	0.699032	0.00332995
349	2.51383e-09	-1.16674	0.097758	-0.00176452	-0.082545	-0.920985	0.00216291
350	2.51383e-09	-0.439144	1.09654	0.0014417	-0.851573	-0.343374	-0.00179286
351	2.51383e-09	-0.691296	-0.969432	-0.00077379	0.747535	-0.529333	0.000632611
352	2.51383e-09	-0.214178	-1.15494	0.00209125	0.908872	-0.166251	0.000536033
353	2.51383e-09	0.966554	0.714594	-0.00431002	-0.544376	0.730113	0.000737221
354	2.51383e-09	0.671904	0.974656	-0.00309917	-0.755446	0.524427	-0.000579592
355	2.51383e-09	-0.999824	0.576853	-0.00341507	-0.465099	-0.805042	0.00124526
356	2.51383e-09	-0.508006	1.09153	0.000629571	-0.825489	-0.384096	-0.000566008
357	2.51383e-09	-0.902366	0.755306	0.00184062	-0.593161	-0.707516	0.000333948
358	2.51383e-09	-0.392433	-1.13233	-0.0026936	0.862209	-0.300072	-0.00184867
359	2.51383e-09	-0.723796	-0.94543	0.000437498	0.726331	-0.560476	-0.00285375
360	2.51383e-09	1.16819	0.00531484	-0.00051327	-0.00380041	0.926587	0.000705036
361	2.51383e-09	0.806685	0.849532	0.00198646	-0.670128	0.635841	0.000201867
362	2.51383e-09	0.480108	-1.07498	-0.00117516	0.842364	0.373729	0.0011114
363	2.51383e-09	-0.668847	0.984149	-0.00168777	-0.755648	-0.514363	-0.00131865
364	2.51383e-09	0.0334588	1.16012	-0.000490625	-0.929648	0.0264416	0.00062489
365	2.51383e-09	1.15453	-0.331268	-0.00168178	0.251113	0.877271	-0.000818502
366	2.51383e-09	1.13529	0.340248	0.00270031	-0.263466	0.879933	-0.000248451
367	2.51383e-09	0.267451	-1.15575	0.00238403	0.894772	0.211201	0.00044223
368	2.51383e-09	-1.12809	-0.422691	0.000890017	0.321578	-0.8508	0.000429797
369	2.51383e-09	-0.606845	-1.02409	-0.0013167	0.785397	-0.47113	-0.000111691
370	2.51383e-09	1.17478	0.18175	0.00147062	-0.143789	0.906441	3.47354e-05
371	2.51383e-09	0.730119	0.965626	0.000819116	-0.724591	0.547211	0.000935788
372	2.51383e-09	-0.840829	-0.856131	0.00333078	0.651514	-0.637518	-0.00026957
373	2.51383e-09	1.02293	0.611552	-0.00202856	-0.469115	0.785867	-0.00215247
374	2.51383e-09	-0.158995	-1.19926	0.00242899	0.901034	-0.115752	0.00215546
375	2.51383e-09	-0.127229	1.18708	-0.000615749	-0.908589	-0.0984502	-0.000362313
376	2.51383e-09	0.279658	-1.15222	0.000354187	0.893306	0.216761	0.000572708
377	2.51383e-09	0.315	-1.15219	-0.00223083	0.880706	0.241155	0.000861557
378	2.51383e-09	0.00611386	-1.19914	0.000538585	0.912383	0.000633536	0.000896756
379	2.51383e-09	-1.17053	0.200357	-0.00261718	-0.152772	-0.900942	0.0011141
380	2.51383e-09	0.551803	1.04856	-0.000198762	-0.81626	0.424243	0.000744145
381	2.51383e-09	1.07487	0.519338	0.00078915	-0.396053	0.824518	2.72147e-05
382	2.51383e-09	-1.03554	0.607254	0.00280902	-0.459994	-0.785861	-0.000210343
383	2.51383e-09	-1.07032	0.463162	-0.0003638	-0.364599	-0.85395	0.000259444
384	2.51383e-09	-1.14266	0.356223	0.00255178	-0.275957	-0.873827	-0.000401079
385	2.51383e-09	0.475856	1.08775	-0.00068939	-0.840021	0.370562	0.000212379
386	2.51383e-09	-0.258663	1.16628	0.00199641	-0.892657	-0.199379	0.00205569
387	2.51383e-09	1.16965	-0.239396	-0.00206785	0.183789	0.898625	-0.00258468
388	2.51383e-09	0.0574579	-1.20849	-0.000674359	0.905572	0.0385837	-0.00101789
389	2.51383e-09	0.49551	-1.08112	-0.00377012	0.832338	0.381235	-0.00222057
390	2.51383e-09	-1.08244	-0.488784	-0.000139182	0.373751	-0.836578	0.00308304
391	2.51383e-09	1.09268	0.523984	0.00254829	-0.388839	0.819602	0.000156957
392	2.51383e-09	-0.433452	-1.12501	-0.000728862	0.848323	-0.327481	0.00437105
393	2.51383e-09	0.146914	-1.19449	-0.00187683	0.907455	0.107222	-0.00171238
394	2.51383e-09	1.19707	0.0340464	-0.00154821	-0.0245118	0.915221	-0.00124256
395	2.51383e-09	0.0482014	1.19497	0.000121287	-0.914584	0.0329821	-0.0012161
396	2.51383e-09	1.2008	-0.10292	-0.00131412	0.0822773	0.907933	0.000119394
397	2.51383e-09	-1.11523	-0.44918	0.00318506	0.341457	-0.844441	0.000618913
398	2.51383e-09	0.0407263	1.21407	0.000156533	-0.904824	0.0266207	-0.00151192
399	2.51383e-09	1.18714	-0.168617	0.000918173	0.126318	0.904898	-0.00186202
400	2.51383e-09	-0.693142	0.979983	0.00123507	-0.74108	-0.530729	-0.000142097
