4.877999e+03
401
0	1	0.000225521	0.000139804	-2.05922e-07	4.84405e-08	9.3338e-08	-7.91829e-11
1	2.51383e-09	-0.945782	-0.317276	0.00038552	0.319385	-0.950135	-0.000673545
2	2.51383e-09	-0.289522	-0.966486	-0.000393324	0.953191	-0.286937	-0.00173025
3	2.51383e-09	0.923905	-0.366864	5.50623e-05	0.372553	0.93214	-0.00077117
4	2.51383e-09	-0.205929	0.985172	0.00101492	-0.974616	-0.20581	0.000846021
5	2.51383e-09	0.553704	0.834489	5.15408e-05	-0.83394	0.551076	0.00100713
6	2.51383e-09	-0.983067	-0.233718	-1.326e-05	0.228777	-0.967727	-0.00149768
7	2.51383e-09	0.863453	0.505095	0.000560533	-0.506485	0.86285	0.00157853
8	2.51383e-09	-0.998833	0.0442731	-0.000677826	-0.040464	-0.999435	0.000869339
9	2.51383e-09	-0.143536	0.991091	-0.00127332	-0.989858	-0.140058	-0.000201201
10	2.51383e-09	-0.969048	0.241014	0.000709327	-0.23778	-0.973126	5.52741e-05
11	2.51383e-09	-0.489999	-0.874846	-0.000271844	0.870135	-0.486844	0.000436616
12	2.51383e-09	-1.01061	0.0157767	0.000489393	-0.0169217	-0.995647	-0.00143946
13	2.51383e-09	0.34641	0.945058	0.0010077	-0.936908	0.341607	-0.00171839
14	2.51383e-09	0.662228	0.764771	0.00267273	-0.74912	0.651138	0.000398532
15	2.51383e-09	-0.724649	-0.680675	0.000260068	0.692364	-0.729198	-0.00226897
16	2.51383e-09	-0.90356	0.424604	6.69783e-05	-0.429422	-0.904616	0.00172717
17	2.51383e-09	-0.757573	-0.662967	-0.000520175	0.654397	-0.753103	0.00170089
18	2.51383e-09	0.432716	0.916366	-0.000611441	-0.901161	0.417784	-0.00020986
19	2.51383e-09	0.870778	0.505191	0.00198228	-0.503781	0.864241	-0.000127827
20	2.51383e-09	-0.884542	-0.524246	-0.00335866	0.502518	-0.846994	-0.0006237
21	2.51383e-09	-0.00433289	-1.00926	0.000827384	0.994377	0.00124275	0.00290409
22	2.51383e-09	-1.00276	0.139871	0.00188893	-0.139114	-0.985747	-0.000357214
23	2.51383e-09	-0.0154988	1.02498	0.00285582	-0.984779	-0.0158972	-1.07758e-05
24	2.51383e-09	-1.01953	0.0086218	-0.00129269	-0.0105344	-0.986478	0.000439161
25	2.51383e-09	-0.892665	-0.495423	-0.000396944	0.478413	-0.866062	-0.00125726
26	2.51383e-09	-0.954497	0.359739	-0.000522366	-0.351294	-0.924172	0.0011066
27	2.51383e-09	0.382662	0.932588	-0.000688357	-0.923905	0.374666	0.00179119
28	2.51383e-09	-0.97235	0.261509	-0.000522478	-0.255374	-0.966348	0.000124644
29	2.51383e-09	-0.937162	-0.380407	7.99613e-05	0.373226	-0.922298	0.0012631
30	2.51383e-09	0.990679	-0.180402	-6.40086e-05	0.177984	0.981212	-0.000296172
31	2.51383e-09	-0.858134	-0.533236	-0.000891436	0.528237	-0.842786	0.00212839
32	2.51383e-09	0.893406	0.459711	-0.00111645	-0.457562	0.88742	0.000584028
33	2.51383e-09	0.54091	0.877188	-0.000982163	-0.837037	0.513556	-0.000451205
34	2.51383e-09	0.920582	0.467135	-0.00148284	-0.441865	0.878711	0.00100393
35	2.51383e-09	-0.0708472	-1.01931	0.00252623	0.986899	-0.0684586	0.000686951
36	2.51383e-09	-0.146649	-1.00634	0.00289505	0.981399	-0.142014	0.000220299
37	2.51383e-09	-0.955119	0.358563	-0.0013566	-0.349847	-0.925658	-0.00384033
38	2.51383e-09	-0.874802	-0.489613	0.000892511	0.486593	-0.873241	-0.00241057
39	2.51383e-09	0.77813	0.637761	-0.00104002	-0.629175	0.774521	0.00165941
40	2.51383e-09	-0.502037	0.880937	5.04683e-05	-0.860089	-0.496732	0.00315152
41	2.51383e-09	-0.758166	-0.672346	-0.000217212	0.656522	-0.744761	0.00263097
42	2.51383e-09	0.326695	-0.975376	-0.000195727	0.935687	0.311043	0.0014468
43	2.51383e-09	0.429863	-0.922893	0.000839413	0.897107	0.417073	-0.00237579
44	2.51383e-09	-0.774832	0.692202	0.000904866	-0.65092	-0.729943	0.00150798
45	2.51383e-09	-0.377532	-0.961705	-0.000410084	0.916832	-0.35725	-0.00182841
46	2.51383e-09	0.424066	-0.924534	0.0018257	0.903437	0.414244	0.000176746
47	2.51383e-09	-1.02098	0.0702159	0.0012304	-0.0683015	-0.984456	8.60343e-05
48	2.51383e-09	0.603471	0.832318	-0.000293512	-0.794981	0.582055	0.00037448
49	2.51383e-09	-0.10461	1.0154	0.000251406	-0.984355	-0.1026	0.000126401
50	2.51383e-09	0.889245	-0.518008	-0.00206825	0.497008	0.852527	0.00093023
51	2.51383e-09	-0.963993	-0.338	0.000248936	0.328625	-0.931808	0.00123631
52	2.51383e-09	1.02511	-0.0202637	0.000931317	0.0197722	0.988624	-7.45551e-05
53	2.51383e-09	0.76069	-0.691115	-0.00032063	0.664456	0.727827	0.000608806
54	2.51383e-09	-0.0517277	1.0216	0.00055351	-0.986564	-0.0544497	0.00147172
55	2.51383e-09	-0.138831	-1.02535	-0.00100853	0.97151	-0.130593	-0.000299102
56	2.51383e-09	-0.135907	1.01558	-0.000280454	-0.979975	-0.134023	-0.00193175
57	2.51383e-09	0.750812	0.719784	0.00193031	-0.681953	0.707563	0.00170511
58	2.51383e-09	0.848962	-0.602991	0.00130343	0.569217	0.798042	0.00116466
59	2.51383e-09	-0.879703	0.525145	-0.00235192	-0.512248	-0.846558	0.00158067
60	2.51383e-09	-0.797242	0.636057	0.000766049	-0.61657	-0.77485	-0.000178161
61	2.51383e-09	0.621217	-0.823074	-0.000674845	0.784892	0.596864	0.00338338
62	2.51383e-09	0.354862	0.969025	0.00134655	-0.92512	0.336802	-4.88071e-05
63	2.51383e-09	-0.60956	-0.815926	-0.000926886	0.793425	-0.596726	0.000935882
64	2.51383e-09	-0.871224	-0.532422	0.00102719	0.515852	-0.847519	0.00171304
65	2.51383e-09	0.912323	-0.484718	0.0020745	0.462289	0.870407	3.34345e-05
66	2.51383e-09	-0.956569	-0.396688	0.00143367	0.377262	-0.90298	0.00197176
67	2.51383e-09	0.0798733	-1.04155	0.000383319	0.972406	0.0761495	0.0012366
68	2.51383e-09	0.513055	0.889924	5.87016e-05	-0.855679	0.493498	0.00232106
69	2.51383e-09	1.03268	0.00341828	-0.00214663	-0.00220097	0.985892	-0.00270723
70	2.51383e-09	0.0378005	1.03485	0.00275471	-0.981019	0.0368522	-0.000175247
71	2.51383e-09	-0.844427	-0.590786	0.000345402	0.565857	-0.808436	0.000275355
72	2.51383e-09	0.100874	1.04243	0.000415395	-0.974427	0.0935703	0.000897296
73	2.51383e-09	-1.00806	-0.236553	0.001485	0.22254	-0.957838	0.000735115
74	2.51383e-09	-0.718924	0.770216	0.000584014	-0.713215	-0.661697	0.000717509
75	2.51383e-09	-0.709035	-0.761889	-0.00056431	0.716137	-0.669359	0.00032604
76	2.51383e-09	-0.768949	0.712397	0.000723938	-0.660725	-0.719078	-0.0017403
77	2.51383e-09	-0.480174	-0.941435	-0.00013319	0.868482	-0.441092	0.000880947
78	2.51383e-09	0.35103	0.982907	0.000976343	-0.919298	0.335468	-0.000983501
79	2.51383e-09	-0.431004	-0.944459	-0.00029681	0.891035	-0.405161	-0.00261309
80	2.51383e-09	-0.81002	-0.667712	-0.0016288	0.621926	-0.752511	-0.000488421
81	2.51383e-09	0.223328	-1.0135	-0.000269051	0.95903	0.210752	0.00225188
82	2.51383e-09	-0.204554	-1.0346	-1.37494e-05	0.953512	-0.193277	-0.00184865
83	2.51383e-09	-1.03815	0.0560968	0.000174993	-0.0536855	-0.980959	0.0023097
84	2.51383e-09	-0.932382	-0.481714	0.000468748	0.448829	-0.867226	-0.000488123
85	2.51383e-09	-0.804633	-0.640805	0.000273514	0.611679	-0.772906	0.00128788
86	2.51383e-09	-0.543412	-0.892248	-0.000845023	0.836147	-0.508785	-0.00196586
87	2.51383e-09	-0.716946	0.753734	0.00156025	-0.712733	-0.671687	0.000187
88	2.51383e-09	-0.952266	-0.399175	-0.00201593	0.380247	-0.907475	0.000832408
89	2.51383e-09	0.771015	0.716898	-0.000627734	-0.659848	0.717605	-0.000698743
90	2.51383e-09	1.0213	0.198456	0.00106483	-0.188898	0.961941	0.000290962
91	2.51383e-09	-0.449014	-0.93034	0.00322292	0.887557	-0.427356	0.00142179
92	2.51383e-09	-0.808835	0.671306	0.00022492	-0.622814	-0.74943	-0.00189905
93	2.51383e-09	1.04855	-0.0836345	-0.000945481	0.0742058	0.972278	0.000783634
94	2.51383e-09	-1.04123	-0.0967574	0.000906865	0.0849653	-0.972739	-0.00234117
95	2.51383e-09	1.02332	-0.199909	-0.000831664	0.186731	0.95906	-0.00212174
96	2.51383e-09	0.0531453	-1.05421	0.00083845	0.970617	0.0480466	0.000195478
97	2.51383e-09	0.0804263	-1.04824	0.00406045	0.973415	0.0706455	-0.000434795
98	2.51383e-09	-0.478041	0.953526	0.00219468	-0.863249	-0.433878	-0.000877169
99	2.51383e-09	0.901335	-0.571417	0.00168134	0.520773	0.815147	-0.000760447
100	2.51383e-09	-0.570577	-0.896561	0.000580296	0.814373	-0.521052	0.00199806
101	2.51383e-09	-0.244827	-1.01233	-4.93002e-06	0.952632	-0.228525	-0.00101914
102	2.51383e-09	-0.925894	-0.443401	0.00164475	0.429878	-0.889511	0.00100586
103	2.51383e-09	-0.731486	-0.75033	0.00320517	0.699618	-0.681658	0.00188101
104	2.51383e-09	0.833222	-0.648385	-0.000571695	0.595678	0.766487	0.000713254
105	2.51383e-09	-0.458093	0.951988	-0.000341105	-0.87202	-0.42488	-8.9915e-05
106	2.51383e-09	0.0194943	-1.04372	-0.000234306	0.979353	0.015903	-0.000302145
107	2.51383e-09	0.911463	-0.533308	-0.00135958	0.493933	0.838197	0.00110151
108	2.51383e-09	0.982473	-0.400467	0.00246284	0.365102	0.900627	0.000269237
109	2.51383e-09	-0.890987	0.571801	-0.00100292	-0.527519	-0.817598	-0.00177136
110	2.51383e-09	-1.056	0.0711053	0.0017254	-0.0701128	-0.968493	-0.00154061
111	2.51383e-09	-0.839811	0.647275	-0.000254324	-0.59272	-0.772211	0.00074464
112	2.51383e-09	0.49407	-0.94136	0.00011579	0.860797	0.446256	-0.000654456
113	2.51383e-09	-0.481988	0.940127	-0.00247549	-0.864923	-0.44457	-0.000529317
114	2.51383e-09	0.165979	-1.03729	0.00186844	0.962248	0.157966	0.0010624
115	2.51383e-09	1.0623	-0.188778	-0.000519967	0.165371	0.946576	0.000368091
116	2.51383e-09	-1.04208	0.122754	0.000861882	-0.113786	-0.970542	-0.001543
117	2.51383e-09	0.959121	-0.465568	-0.00199812	0.424998	0.868919	-0.000877794
118	2.51383e-09	-1.05744	-0.0249833	0.000616013	0.0222167	-0.97271	0.00093758
119	2.51383e-09	-0.931474	-0.477363	0.00256371	0.442313	-0.872852	0.000601395
120	2.51383e-09	0.910834	0.520835	0.00136314	-0.483921	0.846566	-0.00184403
121	2.51383e-09	0.979208	-0.394694	-0.000171524	0.364688	0.904382	-0.000579295
122	2.51383e-09	-0.931045	0.526373	0.000912393	-0.471886	-0.843103	-0.000808559
123	2.51383e-09	0.338409	-0.988046	-2.86085e-05	0.927886	0.310803	0.00201755
124	2.51383e-09	-0.947765	-0.50943	0.00233272	0.450732	-0.851321	0.00179134
125	2.51383e-09	0.774385	0.716006	0.000865492	-0.662722	0.715617	-0.0019744
126	2.51383e-09	-0.289773	1.0168	0.000335423	-0.938164	-0.25898	-0.00015829
127	2.51383e-09	-1.03191	-0.240732	0.00137899	0.221969	-0.944388	-0.00256971
128	2.51383e-09	1.06969	-0.0764673	0.00314278	0.0693125	0.962344	-0.00124492
129	2.51383e-09	-0.136956	-1.04472	-0.000408997	0.968328	-0.119013	0.000260802
130	2.51383e-09	0.283365	-1.02728	0.00126992	0.931488	0.260372	-0.00155253
131	2.51383e-09	0.543927	-0.939432	-0.00193747	0.826661	0.482254	0.00218355
132	2.51383e-09	1.07501	-0.0121252	0.00188779	0.0159283	0.965087	0.0013926
133	2.51383e-09	-0.406049	0.984679	0.0031018	-0.897316	-0.370994	0.00153701
134	2.51383e-09	1.03634	-0.204652	-0.00270792	0.189508	0.956162	-0.000430708
135	2.51383e-09	-0.360787	0.996932	-0.000592562	-0.915283	-0.326397	0.000490653
136	2.51383e-09	0.0286651	1.07738	-0.000520363	-0.963462	0.0227865	-0.000838772
137	2.51383e-09	1.06172	-0.055895	-0.00244872	0.0529595	0.967495	-0.00185585
138	2.51383e-09	0.930377	0.529033	0.0012858	-0.476034	0.840994	-0.00110452
139	2.51383e-09	-0.759913	0.753038	0.00115614	-0.68175	-0.685389	0.00180747
140	2.51383e-09	-0.848292	0.678328	0.00140509	-0.598747	-0.74984	0.00219757
141	2.51383e-09	-0.836899	0.675863	0.00168594	-0.606001	-0.746463	-0.00110734
142	2.51383e-09	-0.594936	0.900824	0.00211695	-0.799319	-0.533561	0.0012481
143	2.51383e-09	0.291921	-1.02776	0.00188131	0.931023	0.263446	-0.000597751
144	2.51383e-09	0.220396	-1.06396	0.000446844	0.938522	0.198575	-0.00250728
145	2.51383e-09	1.06087	0.0457662	-0.000680375	-0.0393991	0.969839	0.000709228
146	2.51383e-09	-1.04306	0.352202	-0.000660041	-0.301011	-0.90272	-0.00259647
147	2.51383e-09	0.0506982	1.07684	0.000280998	-0.963672	0.0450063	-0.00144445
148	2.51383e-09	1.08447	0.0306585	0.00115959	-0.0232073	0.961272	4.007e-05
149	2.51383e-09	-0.529874	-0.911162	-0.00133219	0.843775	-0.495775	0.000277878
150	2.51383e-09	0.426451	0.994128	0.00247301	-0.88304	0.378098	-0.00229452
151	2.51383e-09	0.536161	-0.93633	-0.000818906	0.835029	0.477298	-0.00108821
152	2.51383e-09	0.861573	-0.645354	0.000431527	0.584714	0.766105	-0.000451109
153	2.51383e-09	-0.953665	-0.528567	-0.00250977	0.463053	-0.837841	-0.000319164
154	2.51383e-09	0.285968	1.05345	-0.00111545	-0.923986	0.254524	-0.00210416
155	2.51383e-09	0.282249	-1.03994	-0.00196456	0.929416	0.247783	0.00107278
156	2.51383e-09	0.70856	0.826002	-0.00230199	-0.72244	0.63069	0.000742575
157	2.51383e-09	0.1837	1.05508	0.00072865	-0.951063	0.165886	0.000599083
158	2.51383e-09	-1.03418	-0.332749	-0.0030957	0.294309	-0.914007	0.00277269
159	2.51383e-09	1.07341	-0.0269397	0.00192984	0.0210965	0.965997	0.00141201
160	2.51383e-09	1.01732	-0.359498	0.00154945	0.321127	0.905945	0.000917712
161	2.51383e-09	0.793095	0.740828	0.00135667	-0.656241	0.702113	0.000424869
162	2.51383e-09	0.868382	0.653015	-0.00244288	-0.576906	0.765253	0.0015531
163	2.51383e-09	-0.757513	0.759484	0.00153845	-0.684523	-0.6829	0.00122382
164	2.51383e-09	-0.392396	-0.991388	0.00278908	0.902593	-0.352048	0.000527208
165	2.51383e-09	0.327771	1.04608	-0.00188807	-0.913761	0.285055	-0.00090121
166	2.51383e-09	-1.03282	-0.334092	-0.000106146	0.295646	-0.914601	0.000692523
167	2.51383e-09	-0.533456	-0.922774	0.00280914	0.836303	-0.492749	-0.00171184
168	2.51383e-09	-0.511583	-0.945354	-0.000674555	0.848539	-0.46427	0.00145255
169	2.51383e-09	-0.120633	1.07158	0.00182418	-0.957484	-0.104982	0.000397603
170	2.51383e-09	0.588327	0.92007	0.00311432	-0.805468	0.518098	0.00162668
171	2.51383e-09	0.702337	-0.831515	0.00152066	0.731721	0.61816	-0.00242046
172	2.51383e-09	0.925513	-0.588661	-0.00171065	0.514617	0.805766	-0.000664576
173	2.51383e-09	0.268762	1.07	0.00110793	-0.922496	0.234118	-0.00078414
174	2.51383e-09	-0.288084	-1.06116	0.000978099	0.921477	-0.247187	-0.00025127
175	2.51383e-09	1.0459	0.315931	-0.0014438	-0.269095	0.917222	0.00137564
176	2.51383e-09	-1.05855	0.188734	0.00184993	-0.167056	-0.950891	0.00107501
177	2.51383e-09	0.181131	1.08402	-0.00221175	-0.941773	0.15692	-0.000704612
178	2.51383e-09	-0.995275	-0.428748	-0.00113593	0.379429	-0.882784	0.000646419
179	2.51383e-09	0.948781	-0.557657	-0.000633327	0.481126	0.820519	-0.000437948
180	2.51383e-09	0.41052	-0.999915	0.0017972	0.886892	0.371776	-0.00015445
181	2.51383e-09	1.02233	0.388282	0.000920071	-0.342778	0.892901	0.000717082
182	2.51383e-09	0.968465	0.493894	0.00151771	-0.438605	0.854714	0.00222621
183	2.51383e-09	0.0320636	1.10355	0.00150652	-0.951711	0.0266918	-0.0010156
184	2.51383e-09	1.00523	0.463086	-0.000544068	-0.396276	0.863371	-0.00149316
185	2.51383e-09	-1.06781	-0.188667	-0.000944748	0.165049	-0.946253	-0.000790512
186	2.51383e-09	-0.738475	-0.799135	-0.00032569	0.697427	-0.653623	-0.00108347
187	2.51383e-09	-0.186901	-1.05775	0.0016758	0.949687	-0.169242	-0.00053331
188	2.51383e-09	0.20458	1.08334	0.00148382	-0.936992	0.17691	0.00128878
189	2.51383e-09	-0.742335	-0.813201	-0.00196814	0.701655	-0.644237	-0.000495823
190	2.51383e-09	1.04994	-0.367434	-0.00218195	0.306207	0.895509	-0.000207598
191	2.51383e-09	-0.992401	0.454573	0.000311751	-0.399047	-0.870885	0.00228256
192	2.51383e-09	-0.544085	0.9625	-0.00266259	-0.827155	-0.466145	-0.00162171
193	2.51383e-09	0.660272	-0.881163	-0.000426409	0.760823	0.573102	-0.00176225
194	2.51383e-09	0.904685	-0.658745	-0.000894561	0.555241	0.763744	-0.000385835
195	2.51383e-09	-0.379415	1.01914	-0.00145296	-0.900948	-0.331055	0.000266351
196	2.51383e-09	-0.561395	0.945005	0.00086289	-0.816672	-0.488447	0.00157105
197	2.51383e-09	-1.03324	0.373814	0.00197882	-0.320027	-0.898213	0.000533787
198	2.51383e-09	0.347749	1.04946	0.00141926	-0.904525	0.297336	0.00249384
199	2.51383e-09	-0.910146	-0.606593	-0.00208699	0.529359	-0.797694	-0.00104013
200	2.51383e-09	1.11131	-0.0538246	-0.000239421	0.0449024	0.945978	0.00012794
201	2.51383e-09	1.10162	0.0765625	-0.00231913	-0.0628961	0.947502	0.000460269
202	2.51383e-09	-1.09321	0.0857106	-0.00192353	-0.0789548	-0.952114	0.00225177
203	2.51383e-09	-1.06537	0.18175	0.000646748	-0.161188	-0.949048	0.00120654
204	2.51383e-09	-0.644739	-0.89955	-0.00138341	0.773757	-0.550639	-0.000182014
205	2.51383e-09	-1.12974	0.0571676	-0.00137761	-0.0495195	-0.937916	6.91365e-05
206	2.51383e-09	-0.532269	0.965206	0.000192631	-0.832028	-0.464578	-0.00185974
207	2.51383e-09	0.752015	0.820763	-0.000813837	-0.699452	0.639544	-0.0011544
208	2.51383e-09	0.983741	-0.471296	-4.00878e-05	0.411554	0.864079	0.000535072
209	2.51383e-09	0.516291	0.957816	0.00170021	-0.84541	0.453151	-0.00123671
210	2.51383e-09	0.803365	-0.771258	5.04335e-05	0.653243	0.68567	0.00104151
211	2.51383e-09	-1.06178	0.301453	0.00152367	-0.259999	-0.916005	0.000447328
212	2.51383e-09	0.200713	-1.1043	0.000444607	0.929406	0.170729	-0.00068853
213	2.51383e-09	0.997056	0.456636	0.0015875	-0.399769	0.868362	-6.71908e-05
214	2.51383e-09	0.999078	-0.467607	0.00094429	0.41042	0.859858	6.0082e-05
215	2.51383e-09	1.10069	-0.161653	0.00144944	0.132174	0.938166	0.000516484
216	2.51383e-09	-0.964464	-0.547839	0.00126249	0.472338	-0.826385	0.00046549
217	2.51383e-09	1.03759	-0.393603	-0.000418315	0.335225	0.891117	0.000618739
218	2.51383e-09	0.775284	0.761555	-0.000734022	-0.669001	0.687127	0.000287322
219	2.51383e-09	0.725179	-0.847389	0.00134806	0.718848	0.616699	0.000123279
220	2.51383e-09	-1.09879	-0.161355	-0.000601019	0.136048	-0.938917	-0.00236119
221	2.51383e-09	-0.556471	0.947662	0.00303582	-0.82348	-0.484007	-0.00120233
222	2.51383e-09	-0.671259	-0.888692	0.00172906	0.759439	-0.56903	-0.000567402
223	2.51383e-09	-0.826582	-0.761286	0.00157102	0.640251	-0.689514	-0.000578896
224	2.51383e-09	-0.110894	1.08904	0.00139535	-0.954055	-0.0991151	0.00107458
225	2.51383e-09	-0.794387	0.7867	-0.000248167	-0.668444	-0.667265	0.00105348
226	2.51383e-09	0.201094	-1.10529	-9.83892e-05	0.927992	0.168599	-0.00149731
227	2.51383e-09	-0.417755	1.01875	0.00118667	-0.884898	-0.358893	0.00186575
228	2.51383e-09	-0.878908	-0.682048	-0.0011828	0.580854	-0.750319	-0.00115094
229	2.51383e-09	-1.00999	0.484238	-0.0033735	-0.408601	-0.854068	0.00153784
230	2.51383e-09	0.97775	-0.585144	5.06964e-05	0.482421	0.801408	-0.00289753
231	2.51383e-09	-1.11328	-0.232392	0.000486994	0.19047	-0.915668	-0.00141744
232	2.51383e-09	-0.54875	0.969523	0.00275177	-0.819806	-0.468655	-0.00113436
233	2.51383e-09	-1.06937	-0.279434	-0.000993227	0.241813	-0.924587	0.00261908
234	2.51383e-09	-0.299271	-1.07831	0.000948525	0.910185	-0.256528	0.00080064
235	2.51383e-09	0.79412	-0.786552	-0.00495893	0.666621	0.66909	0.00199008
236	2.51383e-09	-0.946411	0.623609	-0.00169414	-0.51435	-0.784922	0.000386645
237	2.51383e-09	-0.836365	-0.749403	-0.00173742	0.627501	-0.703528	-0.00138319
238	2.51383e-09	-0.836861	0.778048	-0.000570233	-0.632221	-0.686392	-0.00075585
239	2.51383e-09	-0.721515	0.84209	-0.00178509	-0.720032	-0.617986	-0.000985697
240	2.51383e-09	-1.09174	-0.310454	0.00186781	0.258971	-0.900217	-0.000989352
241	2.51383e-09	0.55598	0.964301	-0.00354111	-0.822962	0.475427	-0.000988677
242	2.51383e-09	-0.98448	0.600846	-0.00171858	-0.487978	-0.793715	0.00128523
243	2.51383e-09	-0.168194	-1.10739	-0.000400404	0.933651	-0.147325	0.00215746
244	2.51383e-09	-1.12644	0.153759	-0.00285952	-0.125988	-0.927098	0.000218848
245	2.51383e-09	0.291323	1.08226	-0.0026282	-0.911112	0.248371	-0.00124934
246	2.51383e-09	-1.07864	-0.321114	0.0028231	0.270904	-0.90199	0.00229871
247	2.51383e-09	-0.82655	0.736771	-0.00122197	-0.634892	-0.707051	0.00201475
248	2.51383e-09	-0.119039	1.11459	-0.000335168	-0.937361	-0.0997397	-0.00174878
249	2.51383e-09	-1.12398	-0.146387	0.000225135	0.122792	-0.929328	0.00261386
250	2.51383e-09	0.741983	-0.852414	0.000897861	0.711257	0.61556	-0.00117051
251	2.51383e-09	-0.920438	0.652841	0.00266179	-0.546015	-0.766912	-0.00154498
252	2.51383e-09	-0.620272	0.933474	0.00217437	-0.788609	-0.523536	-0.00174413
253	2.51383e-09	0.588664	-0.973001	-0.000209324	0.801226	0.486108	0.00125525
254	2.51383e-09	-0.906793	-0.653069	0.000659973	0.551415	-0.770363	-0.00110784
255	2.51383e-09	-0.637427	-0.931083	0.00247395	0.775841	-0.535753	-0.00215841
256	2.51383e-09	-0.673422	-0.915031	-0.000284834	0.756531	-0.55739	0.00169018
257	2.51383e-09	0.665999	0.917755	-0.000635186	-0.759988	0.55032	0.000265273
258	2.51383e-09	-0.916548	0.666756	0.000420413	-0.549051	-0.762796	0.00310916
259	2.51383e-09	-1.0471	-0.406163	0.00193962	0.344083	-0.879042	0.00103853
260	2.51383e-09	1.05878	-0.416946	0.000404827	0.345067	0.869669	0.00347255
261	2.51383e-09	1.0362	0.486288	0.00112224	-0.394478	0.846316	-8.90949e-05
262	2.51383e-09	-0.971442	0.562076	0.00142875	-0.470301	-0.814378	-0.00322964
263	2.51383e-09	-0.550644	0.992548	-1.7525e-05	-0.822013	-0.454749	0.00159208
264	2.51383e-09	-1.12974	-0.0995168	-0.00176741	0.0831696	-0.933799	0.000213666
265	2.51383e-09	1.13202	0.147316	0.000486447	-0.118742	0.930458	0.00163342
266	2.51383e-09	0.2206	-1.11026	0.00190716	0.922604	0.185201	0.000441678
267	2.51383e-09	-0.553926	-0.977798	0.00318332	0.819229	-0.47006	9.22663e-05
268	2.51383e-09	1.03568	-0.460173	-0.000185115	0.380463	0.85827	0.000540653
269	2.51383e-09	0.705007	0.892735	-0.000366681	-0.736987	0.583546	-0.00134384
270	2.51383e-09	-0.930279	-0.652879	0.00235056	0.540628	-0.765655	-0.000637208
271	2.51383e-09	-1.01161	0.54209	-0.000232769	-0.442078	-0.822912	6.25072e-05
272	2.51383e-09	-0.263641	1.11148	-0.00263773	-0.911283	-0.215639	0.00149613
273	2.51383e-09	-0.656366	-0.93226	0.000408365	0.763615	-0.543259	-0.000453073
274	2.51383e-09	-0.0035884	-1.12894	0.00150637	0.938807	-0.00762712	0.00100375
275	2.51383e-09	-1.11835	-0.229436	-0.00260327	0.190488	-0.913676	-0.00129076
276	2.51383e-09	0.961946	0.591485	-0.00117452	-0.492876	0.802535	-0.000932901
277	2.51383e-09	-1.03502	-0.49416	-0.000122615	0.405633	-0.838423	0.0012098
278	2.51383e-09	1.12066	0.254538	0.000369264	-0.20161	0.909243	-0.000326561
279	2.51383e-09	0.177947	-1.12685	-0.000121504	0.926328	0.148721	4.62511e-05
280	2.51383e-09	-0.160498	1.15134	-0.00184662	-0.918892	-0.128256	-0.000402138
281	2.51383e-09	-0.938584	-0.63863	0.000303552	0.524734	-0.778652	-0.000144608
282	2.51383e-09	-1.09885	0.30499	-0.00283893	-0.251438	-0.903174	-0.00162427
283	2.51383e-09	0.462512	-1.03112	0.00163405	0.861111	0.381341	0.000959822
284	2.51383e-09	-0.0443042	1.15443	0.00103889	-0.929196	-0.040187	0.000723853
285	2.51383e-09	-0.431845	-1.08072	-0.000286159	0.857019	-0.345429	-0.00142712
286	2.51383e-09	1.01687	0.500621	-0.00198455	-0.416739	0.841411	0.00210096
287	2.51383e-09	-0.252081	-1.11361	-0.000795327	0.914311	-0.202332	-0.00137665
288	2.51383e-09	0.793049	0.829158	0.000848813	-0.674038	0.647317	-7.84079e-05
289	2.51383e-09	0.513399	1.03548	-0.00220388	-0.833089	0.411613	0.00155502
290	2.51383e-09	-0.987051	-0.578644	0.00306764	0.472605	-0.806312	-0.000416142
291	2.51383e-09	1.04614	0.47284	0.00228106	-0.383387	0.84991	0.000191267
292	2.51383e-09	-0.183982	-1.14457	-0.00122893	0.917032	-0.143655	0.00165759
293	2.51383e-09	-1.05447	0.449144	0.00245289	-0.366612	-0.858028	0.00158422
294	2.51383e-09	0.367562	1.1104	0.00398357	-0.878886	0.288247	-5.67564e-05
295	2.51383e-09	1.09604	0.318499	0.00202384	-0.257861	0.898491	0.00106981
296	2.51383e-09	1.08648	-0.416557	0.000295719	0.32829	0.865122	0.000581919
297	2.51383e-09	0.634877	0.95291	0.00146252	-0.776249	0.521375	-0.00049326
298	2.51383e-09	0.906257	0.715295	-0.000817002	-0.573543	0.73266	-0.000347295
299	2.51383e-09	0.13016	-1.1558	0.0028303	0.921389	0.0944457	-0.00207381
300	2.51383e-09	0.844994	0.805369	0.00065956	-0.639127	0.666809	-0.000354581
301	2.51383e-09	-0.498034	-1.03026	-0.000516695	0.844741	-0.407946	0.000427876
302	2.51383e-09	0.131468	-1.15171	-0.00383431	0.925035	0.104495	-0.000413015
303	2.51383e-09	0.275494	-1.11047	-0.00231114	0.909262	0.228288	-0.00167726
304	2.51383e-09	0.984132	-0.612853	-0.00139142	0.493094	0.788067	-0.00155068
305	2.51383e-09	0.31926	-1.09767	-0.0015584	0.897596	0.260152	0.00204946
306	2.51383e-09	0.640264	0.964495	0.00167134	-0.776164	0.510633	-0.00206682
307	2.51383e-09	1.14947	0.00826208	0.00180743	-0.00572403	0.933026	0.000373466
308	2.51383e-09	-1.11767	0.313132	-0.00179473	-0.252055	-0.89536	0.000976744
309	2.51383e-09	0.540406	1.0152	-0.000164489	-0.823544	0.436553	-0.00137055
310	2.51383e-09	0.186775	1.12947	-0.000662939	-0.924346	0.155412	0.0011768
311	2.51383e-09	-1.15838	0.0618557	0.0023942	-0.0509311	-0.925715	4.6945e-05
312	2.51383e-09	-1.15504	-0.17845	0.00242645	0.143275	-0.913265	0.000708699
313	2.51383e-09	0.877819	0.752839	-0.000815044	-0.605513	0.706182	-0.0026129
314	2.51383e-09	-0.856601	-0.771245	0.00255995	0.624281	-0.692166	0.000272785
315	2.51383e-09	0.869199	0.780048	0.00197523	-0.618891	0.690016	0.000907077
316	2.51383e-09	0.477051	1.06301	-0.00249162	-0.844085	0.380021	6.25257e-05
317	2.51383e-09	-0.981952	-0.615808	-0.00159054	0.490646	-0.786389	0.000720092
318	2.51383e-09	0.924576	-0.700678	-0.00307076	0.557527	0.742616	0.000746262
319	2.51383e-09	-0.132972	-1.15457	0.00305101	0.921856	-0.107133	-0.000887474
320	2.51383e-09	-1.05747	-0.526445	-0.000275146	0.40586	-0.824715	-0.000672629
321	2.51383e-09	0.99196	-0.599836	0.000936725	0.483338	0.795787	-0.000306352
322	2.51383e-09	-1.14971	0.0169681	-0.000390897	-0.0141006	-0.936514	-0.00102909
323	2.51383e-09	-1.11018	0.373252	-0.00338765	-0.298368	-0.875415	-0.000204582
324	2.51383e-09	-1.12474	0.340247	-0.0031911	-0.267668	-0.884518	0.0012214
325	2.51383e-09	-1.13461	-0.275034	-0.000945298	0.21614	-0.899083	-0.000862013
326	2.51383e-09	-1.10581	-0.38025	-0.00115878	0.299182	-0.877376	0.0022609
327	2.51383e-09	0.335876	-1.13201	0.00206639	0.880828	0.264015	-0.00187878
328	2.51383e-09	1.07469	0.413521	-0.000672064	-0.333868	0.87124	-0.000131609
329	2.51383e-09	-1.18201	-0.105333	0.00240063	0.0762876	-0.915894	0.00157446
330	2.51383e-09	1.1488	0.134089	-0.000308229	-0.106493	0.924212	-0.000656641
331	2.51383e-09	-0.493214	1.05421	0.0012186	-0.837215	-0.393478	-0.00187225
332	2.51383e-09	-0.126773	1.14709	0.000112008	-0.927061	-0.0990886	-0.000668556
333	2.51383e-09	0.170838	-1.16176	-6.64025e-05	0.914011	0.133394	0.000699457
334	2.51383e-09	1.17256	0.0472152	0.00133481	-0.0379794	0.924037	0.000153682
335	2.51383e-09	0.453476	-1.09389	0.000383925	0.846214	0.354515	-0.000561732
336	2.51383e-09	0.980075	0.646243	0.00111849	-0.506002	0.771921	-1.26965e-05
337	2.51383e-09	0.304105	1.13821	0.00085414	-0.887825	0.240376	0.00153004
338	2.51383e-09	0.0294474	-1.17343	-0.00183496	0.921939	0.0198234	0.000192959
339	2.51383e-09	0.879237	-0.799634	0.000599015	0.613788	0.682369	-0.00064572
340	2.51383e-09	1.08541	0.474005	0.000694024	-0.36773	0.842238	0.000435589
341	2.51383e-09	1.12611	-0.375729	0.000263704	0.289589	0.867309	-0.00103546
342	2.51383e-09	0.440882	1.08391	-0.00121954	-0.856435	0.346714	-0.000307866
343	2.51383e-09	-0.788118	0.854008	0.000865652	-0.679209	-0.633621	-0.00149726
344	2.51383e-09	-1.15347	0.241363	-0.00133124	-0.190664	-0.90199	-0.000156437
345	2.51383e-09	-0.674473	0.956614	-0.00179594	-0.755712	-0.531584	-0.00120029
346	2.51383e-09	0.166068	-1.14829	0.00107052	0.917394	0.135602	0.00109314
347	2.51383e-09	-0.157316	1.15371	0.00031439	-0.919462	-0.128611	-0.00105047
348	2.51383e-09	-0.947796	0.718743	-0.000893452	-0.55284	-0.729445	-0.000634889
349	2.51383e-09	0.0485348	-1.16884	-0.00230414	0.923762	0.0443876	0.000723793
350	2.51383e-09	0.981171	-0.633539	0.00065688	0.504637	0.777321	-0.00122143
351	2.51383e-09	1.15043	0.260608	0.000240251	-0.20771	0.899736	0.000825884
352	2.51383e-09	-0.70029	-0.952218	-0.0040966	0.740852	-0.544736	-0.00188245
353	2.51383e-09	-0.92817	-0.740587	0.000549397	0.57229	-0.719458	0.000539729
354	2.51383e-09	0.802455	0.874718	0.00191808	-0.675133	0.621598	-0.000996101
355	2.51383e-09	-1.1309	0.271956	0.00165771	-0.219157	-0.900614	-0.000143351
356	2.51383e-09	1.10157	0.444052	-0.000533109	-0.34217	0.850219	0.000553586
357	2.51383e-09	-0.786112	0.881196	-0.000236664	-0.686408	-0.611271	-0.00119784
358	2.51383e-09	0.157035	1.19266	0.000331028	-0.90324	0.118571	0.00128044
359	2.51383e-09	0.356812	1.1545	-0.000855666	-0.866377	0.267099	0.000140682
360	2.51383e-09	0.912226	-0.73228	-0.000696529	0.575919	0.721842	-0.00205479
361	2.51383e-09	-0.452618	-1.07969	-0.000202915	0.85296	-0.357214	-0.000737474
362	2.51383e-09	0.927661	0.731336	-0.00172666	-0.570672	0.720815	0.00109808
363	2.51383e-09	-0.783758	-0.875887	0.002108	0.692211	-0.612121	-0.00194062
364	2.51383e-09	-1.01542	0.568726	-0.00230257	-0.451028	-0.812605	0.000904617
365	2.51383e-09	-0.0252263	-1.19581	0.00127793	0.912852	-0.0193896	-0.000585037
366	2.51383e-09	-0.734194	-0.937264	0.000253134	0.723252	-0.56192	-0.0020418
367	2.51383e-09	-0.978358	-0.681517	-0.00143653	0.526063	-0.747869	0.000117244
368	2.51383e-09	-0.294906	1.15208	-0.00250478	-0.889893	-0.225984	-0.00025736
369	2.51383e-09	-0.923135	0.755593	0.00149777	-0.580071	-0.710652	-0.000665477
370	2.51383e-09	1.16709	-0.255684	-0.000882703	0.198139	0.892277	-0.00136879
371	2.51383e-09	-0.920683	0.773796	0.00401613	-0.584067	-0.702847	0.000487912
372	2.51383e-09	0.329683	-1.13651	0.0016929	0.882965	0.25632	0.000700554
373	2.51383e-09	0.650917	0.994467	0.000170391	-0.767908	0.502814	0.00075362
374	2.51383e-09	0.900848	-0.793856	-0.000255396	0.602486	0.686892	0.0020458
375	2.51383e-09	-0.638122	1.01068	-0.000530187	-0.77306	-0.487583	0.00106508
376	2.51383e-09	0.689273	0.973078	-0.000176276	-0.746385	0.526763	0.000324859
377	2.51383e-09	0.576214	1.03496	-0.000604758	-0.805238	0.447271	0.00109321
378	2.51383e-09	-0.556459	1.05994	0.0027587	-0.808376	-0.425751	0.000119136
379	2.51383e-09	1.13488	0.334928	-0.000575384	-0.252047	0.883942	-9.56108e-05
380	2.51383e-09	1.18091	-0.0250298	-0.000896927	0.0215982	0.919467	-0.00142049
381	2.51383e-09	0.996647	0.646174	0.00205155	-0.496666	0.771864	-3.85426e-05
382	2.51383e-09	0.415277	-1.11921	0.000304586	0.855773	0.321304	8.33653e-05
383	2.51383e-09	-0.762218	-0.892584	0.0031675	0.699621	-0.602132	-0.00168632
384	2.51383e-09	0.167406	1.19	-0.00290786	-0.904794	0.126647	0.000912562
385	2.51383e-09	0.239382	-1.15769	0.00179719	0.901461	0.186676	0.0008269
386	2.51383e-09	-0.164563	1.19295	1.9654e-06	-0.904182	-0.119283	-0.00031174
387	2.51383e-09	-0.121159	-1.19482	0.00286574	0.907133	-0.0888972	0.00224233
388	2.51383e-09	-0.884651	-0.819874	-0.000826699	0.613531	-0.672763	-0.000724144
389	2.51383e-09	-1.04048	0.594737	-0.00115896	-0.451035	-0.794387	3.20203e-05
390	2.51383e-09	-0.383728	1.12979	0.00189835	-0.867465	-0.290427	-0.000856424
391	2.51383e-09	-1.07162	0.54825	0.00104063	-0.412303	-0.814249	-0.00123516
392	2.51383e-09	0.317302	1.16361	-0.00234458	-0.87765	0.240389	9.66212e-05
393	2.51383e-09	-1.04328	0.612223	0.000355816	-0.457139	-0.78542	0.00135727
394	2.51383e-09	1.19272	0.0571509	-0.0015143	-0.0396233	0.915951	-0.000451901
395	2.51383e-09	-0.972178	0.698711	-0.000778603	-0.534716	-0.741758	0.00150937
396	2.51383e-09	0.334778	-1.1581	-0.000364975	0.872784	0.251821	-0.00164071
397	2.51383e-09	-1.19479	-0.159199	-0.000360881	0.119427	-0.902269	0.00324763
398	2.51383e-09	-1.12381	0.443281	-0.000158835	-0.329331	-0.84836	-0.0017314
399	2.51383e-09	-0.266926	1.16754	-0.000703936	-0.892649	-0.202769	-0.00213127
400	2.51383e-09	1.19913	-0.0040628	0.000756516	0.00724522	0.91121	0.00143944
