1.172500e+04
401
0	1	0.000539465	0.000334635	-4.92547e-07	4.76367e-08	4.83841e-08	-2.86511e-11
1	2.51383e-09	-1.00301	-0.0646481	0.00252413	0.0702886	-0.99704	-0.00071885
2	2.51383e-09	-0.728842	0.676632	0.00168732	-0.676614	-0.741622	-0.000316356
3	2.51383e-09	-0.761953	-0.639103	-0.00218984	0.648406	-0.763673	0.000691632
4	2.51383e-09	0.00208007	1.00484	-0.00203168	-0.99709	0.00153767	-0.001051
5	2.51383e-09	0.16625	0.982752	0.00124936	-0.986551	0.165294	-0.000913348
6	2.51383e-09	-0.711844	0.717019	1.83678e-05	-0.70435	-0.702363	0.00395976
7	2.51383e-09	-0.351514	0.936596	-0.00114829	-0.934189	-0.353882	0.00270617
8	2.51383e-09	0.873923	0.478346	0.000137363	-0.476557	0.881564	0.000194461
9	2.51383e-09	-0.362818	0.936861	0.000710167	-0.932384	-0.361712	-9.08229e-05
10	2.51383e-09	-0.750692	0.684876	0.00126229	-0.665322	-0.734126	0.00340547
11	2.51383e-09	-0.823003	0.568352	0.00234365	-0.564531	-0.824309	-0.000605129
12	2.51383e-09	0.683452	0.750071	0.00027491	-0.736588	0.670762	-0.00100415
13	2.51383e-09	-0.709111	-0.711463	-0.00120648	0.70304	-0.707348	-0.000898906
14	2.51383e-09	-0.94689	0.343084	0.00225918	-0.339549	-0.938908	0.00246334
15	2.51383e-09	0.275331	-0.950729	-0.000469937	0.970876	0.280085	-0.00235777
16	2.51383e-09	0.525954	-0.855606	-0.000469459	0.84579	0.526025	0.00176153
17	2.51383e-09	0.131733	-1.00592	0.00203284	0.983205	0.120821	0.00110263
18	2.51383e-09	-0.524676	0.867084	0.000807928	-0.846625	-0.520738	-0.000705156
19	2.51383e-09	0.0831436	-1.01548	-0.00445899	0.985075	0.0873993	-0.00153592
20	2.51383e-09	-0.830842	-0.614155	-0.0023221	0.585418	-0.789346	-0.00149227
21	2.51383e-09	1.00328	-0.0294347	0.000521096	0.0291691	0.998934	-0.000145607
22	2.51383e-09	-0.628757	0.828655	0.000784895	-0.780703	-0.590267	-0.00013696
23	2.51383e-09	0.334943	-0.954408	-0.00255257	0.939234	0.330959	-0.002976
24	2.51383e-09	0.717822	-0.698323	-0.000381027	0.69232	0.723754	0.00220459
25	2.51383e-09	-0.817309	-0.610082	0.000698627	0.585562	-0.79617	-0.00182993
26	2.51383e-09	0.265625	-0.979847	-0.00131565	0.960686	0.259198	6.76492e-06
27	2.51383e-09	-0.965686	-0.261727	0.00308407	0.264222	-0.964971	0.000186603
28	2.51383e-09	-0.0243803	1.01297	0.00525305	-0.992702	-0.0270125	-0.000262005
29	2.51383e-09	-0.787946	-0.611354	0.000248858	0.614067	-0.791871	0.00312762
30	2.51383e-09	-1.01402	0.0514577	-0.00160008	-0.0497998	-0.991516	8.91833e-05
31	2.51383e-09	0.811789	-0.614972	0.00128118	0.601391	0.782596	0.00236463
32	2.51383e-09	0.584604	-0.821531	0.00282302	0.810382	0.580711	0.00323578
33	2.51383e-09	-0.30694	-0.970041	0.000855522	0.948718	-0.306243	0.000501063
34	2.51383e-09	-0.935478	-0.450258	0.00342376	0.426311	-0.884232	0.000616942
35	2.51383e-09	-1.00717	0.107469	-0.00198054	-0.106553	-0.989034	-0.00162416
36	2.51383e-09	-0.442851	-0.917319	0.000308346	0.894079	-0.418061	0.000962604
37	2.51383e-09	0.695998	-0.743383	-0.000725183	0.723696	0.67877	0.000474498
38	2.51383e-09	0.198434	0.980632	-0.000463251	-0.983685	0.192274	7.7114e-06
39	2.51383e-09	0.924296	0.425369	-0.00069165	-0.418907	0.901506	0.000396392
40	2.51383e-09	0.944322	0.394481	-0.00186555	-0.390349	0.906002	-0.000582478
41	2.51383e-09	0.851925	-0.559619	0.000147085	0.54215	0.827563	0.00134671
42	2.51383e-09	1.01249	-0.172479	0.00156099	0.167915	0.971295	-0.00107973
43	2.51383e-09	-0.912948	0.407427	-0.00224419	-0.406597	-0.91602	-0.000617682
44	2.51383e-09	1.03123	-0.0912988	-0.00169856	0.0875959	0.978592	-0.00228143
45	2.51383e-09	-0.47111	-0.906458	-0.000475718	0.880064	-0.453922	-0.00215005
46	2.51383e-09	0.96471	0.264134	-0.00117291	-0.266783	0.966005	0.00206767
47	2.51383e-09	0.928927	0.407026	-0.000204754	-0.400366	0.909459	-0.000768123
48	2.51383e-09	0.0149056	-1.03155	0.000883148	0.984866	0.0150021	-0.000455711
49	2.51383e-09	-0.0588514	1.00883	-0.00315296	-0.993205	-0.0533253	-0.000497386
50	2.51383e-09	-1.01301	-0.220467	-0.000135808	0.212815	-0.960377	-0.00241201
51	2.51383e-09	-0.346439	-0.959236	0.000815035	0.931518	-0.333521	0.00123751
52	2.51383e-09	-0.0999185	1.03417	-0.000974761	-0.975273	-0.0982534	-0.00171466
53	2.51383e-09	0.156936	1.01561	0.000414306	-0.976059	0.145463	-0.00029569
54	2.51383e-09	0.727093	0.731833	-0.00154247	-0.699912	0.694963	0.0026568
55	2.51383e-09	-0.404502	-0.944082	0.000356524	0.906732	-0.391563	0.000148591
56	2.51383e-09	-0.00172073	-1.02743	8.29312e-06	0.985118	-0.00282545	-0.000402541
57	2.51383e-09	0.629022	0.832603	-0.000389281	-0.783928	0.590342	0.00113761
58	2.51383e-09	0.603304	-0.840332	-0.00223312	0.798081	0.575226	-0.000283988
59	2.51383e-09	-0.589864	0.832332	0.00123682	-0.808386	-0.577262	-0.0032412
60	2.51383e-09	-0.963385	0.378885	-0.00324935	-0.360312	-0.915231	-0.000142494
61	2.51383e-09	-0.921148	0.475363	0.00365695	-0.451837	-0.870561	-0.000498957
62	2.51383e-09	-0.307526	-0.99034	-0.00108607	0.935588	-0.294831	-0.00054859
63	2.51383e-09	0.269508	0.99353	0.00104752	-0.949796	0.259529	0.00161067
64	2.51383e-09	1.02211	0.196441	1.85266e-05	-0.182133	0.958905	-0.00244221
65	2.51383e-09	-0.891562	-0.517196	0.00126861	0.493052	-0.849785	-0.000191921
66	2.51383e-09	-0.517433	-0.882025	0.00138314	0.860324	-0.491764	0.00270659
67	2.51383e-09	-1.0328	0.162102	-0.00158669	-0.150764	-0.964028	-0.000506541
68	2.51383e-09	-0.946832	0.429654	0.000203571	-0.400716	-0.894443	0.00250417
69	2.51383e-09	0.862472	0.591683	-0.000860301	-0.54846	0.810115	-0.00115948
70	2.51383e-09	-0.0694802	-1.02738	-0.00129928	0.981899	-0.0646908	-0.00307493
71	2.51383e-09	-0.754642	-0.714055	0.00226918	0.677958	-0.710555	0.00527474
72	2.51383e-09	-0.30978	1.0166	0.00181057	-0.92904	-0.283452	0.000818099
73	2.51383e-09	-0.805986	-0.666006	0.00184537	0.620606	-0.755512	-0.000538486
74	2.51383e-09	-1.06407	-0.0637554	-0.00103685	0.0590504	-0.96352	-0.003339
75	2.51383e-09	-0.205883	-1.02116	0.00402238	0.957411	-0.192716	0.000653441
76	2.51383e-09	0.0795085	1.04877	-9.18974e-05	-0.97351	0.0636262	-0.00134882
77	2.51383e-09	-0.985788	0.361747	-0.00134349	-0.334909	-0.91801	0.000195245
78	2.51383e-09	-0.635234	-0.828621	-0.00295103	0.778714	-0.588704	0.00268495
79	2.51383e-09	-1.03863	-0.0541872	-0.00250868	0.0511399	-0.975166	0.00495767
80	2.51383e-09	0.54049	0.896751	-0.000409853	-0.835894	0.508031	0.000172031
81	2.51383e-09	-0.772949	0.671342	-0.00136843	-0.643828	-0.745857	-0.00245724
82	2.51383e-09	0.197654	-1.03414	-0.00337465	0.956453	0.178978	0.0014717
83	2.51383e-09	-0.469859	-0.909532	0.00125129	0.879172	-0.458117	-0.00075113
84	2.51383e-09	0.615137	0.850596	0.00206088	-0.794354	0.566444	0.000857182
85	2.51383e-09	-0.983281	0.292132	-0.00110125	-0.27983	-0.946077	6.20988e-05
86	2.51383e-09	0.948772	-0.459238	-0.000512607	0.432341	0.872148	0.00127598
87	2.51383e-09	0.465626	0.934346	-0.00286141	-0.876507	0.43783	-0.00237633
88	2.51383e-09	-0.61025	0.827158	0.00191878	-0.79172	-0.587806	-0.000187502
89	2.51383e-09	0.748635	0.740227	0.000590277	-0.681589	0.697234	-0.00288423
90	2.51383e-09	-0.412085	0.96742	0.00255203	-0.895061	-0.381886	-0.00111724
91	2.51383e-09	-0.45681	0.911756	-0.00241309	-0.884147	-0.452059	-0.00178332
92	2.51383e-09	-0.59198	0.865599	0.00128478	-0.80419	-0.552003	2.74453e-05
93	2.51383e-09	-1.01156	0.342231	0.00243277	-0.314478	-0.91744	0.000424215
94	2.51383e-09	0.993189	-0.28624	0.000962095	0.27195	0.945587	-0.00041857
95	2.51383e-09	-0.985501	-0.310723	0.00236125	0.295337	-0.93644	-0.000560089
96	2.51383e-09	-0.585962	0.895469	-0.000482981	-0.810165	-0.52212	-0.000684524
97	2.51383e-09	-0.693822	-0.78551	0.00266798	0.733453	-0.645624	-0.000502581
98	2.51383e-09	0.890947	0.577519	1.61058e-05	-0.527326	0.811245	0.00355324
99	2.51383e-09	-1.05118	-0.111069	0.0024988	0.109215	-0.968317	-0.00124734
100	2.51383e-09	0.658876	-0.842703	-0.00137695	0.758265	0.591647	-0.000933057
101	2.51383e-09	-0.461996	-0.927746	-0.00169522	0.877984	-0.436653	0.000818523
102	2.51383e-09	0.814626	-0.63643	0.00181691	0.610696	0.769352	-0.000493346
103	2.51383e-09	-0.857318	0.601393	-0.00189324	-0.561516	-0.801525	0.00121896
104	2.51383e-09	-0.825632	-0.649274	-0.000339673	0.596894	-0.766029	0.00106649
105	2.51383e-09	-0.748861	-0.71782	0.00144745	0.678629	-0.707134	0.000718151
106	2.51383e-09	-0.665015	0.801474	0.00128758	-0.756415	-0.622701	-0.000139053
107	2.51383e-09	-0.992314	-0.392308	0.00227815	0.358093	-0.898736	-0.0018274
108	2.51383e-09	-0.204914	1.0472	-0.00178063	-0.951533	-0.180796	0.000253713
109	2.51383e-09	-0.638638	-0.849995	0.000436975	0.771832	-0.582481	0.00192997
110	2.51383e-09	-0.584746	-0.890473	0.0011319	0.804464	-0.533474	0.000715989
111	2.51383e-09	-0.300403	1.02438	-0.00050247	-0.926977	-0.278471	-0.00485338
112	2.51383e-09	1.02107	-0.341487	0.00244527	0.31194	0.910789	-0.000457447
113	2.51383e-09	0.825776	-0.658282	0.00187587	0.60742	0.762944	-0.0013396
114	2.51383e-09	1.048	-0.0574771	0.00143927	0.0477409	0.975107	-0.000449981
115	2.51383e-09	-1.06197	-0.183738	0.00317656	0.162055	-0.949068	0.0011878
116	2.51383e-09	-0.126866	1.0445	0.00244195	-0.969595	-0.114059	-0.00407767
117	2.51383e-09	-0.356482	0.991077	0.00153486	-0.914211	-0.333015	0.00119552
118	2.51383e-09	-0.164948	-1.0509	0.000378461	0.954628	-0.148244	-0.000166093
119	2.51383e-09	-1.03138	0.179916	-0.000187703	-0.171376	-0.963345	0.00415168
120	2.51383e-09	0.547973	-0.912695	0.000577241	0.827758	0.499489	0.00188239
121	2.51383e-09	0.7897	0.724529	0.00318228	-0.650636	0.711533	-0.00148089
122	2.51383e-09	0.683376	0.824014	0.00198141	-0.745749	0.620365	0.00137143
123	2.51383e-09	-1.03818	0.0584856	0.00381483	-0.0553822	-0.979568	0.000654941
124	2.51383e-09	0.429085	-0.990318	0.00113596	0.882104	0.384526	0.00330836
125	2.51383e-09	0.857831	0.587678	-0.00134501	-0.559216	0.809442	0.00112921
126	2.51383e-09	0.955677	0.439347	0.000569394	-0.406192	0.888279	0.000118656
127	2.51383e-09	0.971633	0.425142	-0.00388197	-0.3853	0.889622	0.000538941
128	2.51383e-09	-1.02471	0.283223	0.00386196	-0.252945	-0.936746	-0.0025809
129	2.51383e-09	0.965865	0.423487	-0.000548862	-0.395673	0.892208	0.00248152
130	2.51383e-09	0.634159	-0.848483	-0.00106686	0.777276	0.586571	-0.0041611
131	2.51383e-09	0.503714	0.971529	-0.00149873	-0.846891	0.441392	0.000180801
132	2.51383e-09	0.985652	0.406969	-0.00304877	-0.366869	0.900503	-0.000569864
133	2.51383e-09	-0.945977	-0.496058	-0.00182991	0.445185	-0.858718	0.000556066
134	2.51383e-09	1.05714	-0.119162	0.000180015	0.113062	0.961689	0.00177622
135	2.51383e-09	0.082397	1.05166	0.00266022	-0.972657	0.0775296	0.00146783
136	2.51383e-09	-0.542938	-0.951834	0.00151187	0.830326	-0.472173	-7.19217e-05
137	2.51383e-09	-0.794448	-0.702343	0.000231597	0.646704	-0.72362	0.0016449
138	2.51383e-09	-0.614024	-0.867846	0.0033713	0.787509	-0.563829	-0.00186103
139	2.51383e-09	0.971955	0.418745	-0.000291102	-0.387508	0.892371	-0.00374843
140	2.51383e-09	-0.574494	0.926773	0.000916335	-0.816986	-0.501796	-0.000494947
141	2.51383e-09	-0.399742	-0.980625	-0.00173935	0.898049	-0.365478	-0.000994673
142	2.51383e-09	0.424761	0.994703	-0.00169891	-0.87945	0.38465	0.00212177
143	2.51383e-09	-0.895214	-0.594314	-0.00363227	0.541088	-0.796675	-0.000714263
144	2.51383e-09	0.520469	-0.945744	0.000571497	0.845658	0.461851	-0.00246275
145	2.51383e-09	-1.0402	-0.11317	-0.00287431	0.10787	-0.972276	-0.000520198
146	2.51383e-09	-1.0849	-0.176216	0.00110159	0.147576	-0.940724	0.00277862
147	2.51383e-09	0.725512	-0.79635	-0.00106264	0.713134	0.650115	0.00382704
148	2.51383e-09	0.477329	-0.972039	-0.00129545	0.864894	0.422442	0.00124995
149	2.51383e-09	1.03681	0.262806	0.000646529	-0.233882	0.93352	0.00277993
150	2.51383e-09	-0.821985	0.685932	-0.00157677	-0.6112	-0.75142	-0.00114006
151	2.51383e-09	-0.794442	0.741129	0.000720129	-0.649184	-0.704817	0.00172773
152	2.51383e-09	-0.956659	0.477333	-0.000102476	-0.422402	-0.872541	-0.000203428
153	2.51383e-09	-0.850992	0.662295	0.00204519	-0.595283	-0.759355	0.00295298
154	2.51383e-09	-0.863076	-0.696313	-0.00160092	0.593861	-0.737809	0.00346289
155	2.51383e-09	-1.01197	0.384492	0.000506504	-0.342391	-0.90004	0.00147458
156	2.51383e-09	0.892806	-0.618473	0.00235822	0.552725	0.789062	-0.00202131
157	2.51383e-09	-0.801766	0.704073	0.00173452	-0.636596	-0.727108	-0.000923452
158	2.51383e-09	-1.02038	-0.375608	-0.00225662	0.337959	-0.899708	-0.00262688
159	2.51383e-09	0.117508	1.06458	0.000867016	-0.961967	0.10434	-3.3571e-06
160	2.51383e-09	-0.507119	-0.943703	0.0011776	0.8498	-0.462048	-0.00104925
161	2.51383e-09	0.09989	-1.07582	-0.000809322	0.959467	0.0874982	0.00218995
162	2.51383e-09	-0.168612	-1.06407	0.00362122	0.949341	-0.151276	-0.000129771
163	2.51383e-09	-0.960144	-0.498591	-0.000628678	0.434967	-0.85789	0.00096845
164	2.51383e-09	-0.996129	-0.413395	-0.00142523	0.364516	-0.889562	-0.00417527
165	2.51383e-09	0.247109	-1.06897	0.00332227	0.931044	0.21548	-0.00129765
166	2.51383e-09	-0.774603	0.737577	-0.000996143	-0.666006	-0.702717	0.00140299
167	2.51383e-09	0.672892	0.837299	0.00040478	-0.750869	0.600357	-0.00169642
168	2.51383e-09	0.46657	0.987366	0.000240078	-0.867447	0.402254	-0.000658495
169	2.51383e-09	-0.0409307	1.0857	-0.00147992	-0.96035	-0.029573	0.000149539
170	2.51383e-09	-0.62147	0.906303	0.00116467	-0.786038	-0.537791	2.52608e-05
171	2.51383e-09	0.981812	0.47644	0.00135521	-0.419612	0.861336	-0.000209139
172	2.51383e-09	-0.404389	-1.04155	0.000723079	0.879387	-0.343719	-0.000586035
173	2.51383e-09	1.06213	-0.290641	-0.00293894	0.250667	0.918945	-0.000636449
174	2.51383e-09	0.928206	-0.589534	-0.000388716	0.5128	0.803705	0.00255523
175	2.51383e-09	-0.549829	0.929873	0.00177725	-0.829253	-0.496004	-0.00101454
176	2.51383e-09	1.04053	0.311066	0.00208976	-0.27658	0.918586	0.00153812
177	2.51383e-09	-0.28124	1.07875	0.00351279	-0.915421	-0.240623	0.000710222
178	2.51383e-09	0.671897	0.854558	-0.00256812	-0.752045	0.594125	0.000529169
179	2.51383e-09	0.431265	-1.01784	-0.00120042	0.873918	0.37194	-0.00299629
180	2.51383e-09	0.234255	-1.05263	0.00225647	0.93951	0.210588	0.00104351
181	2.51383e-09	0.644739	-0.89424	0.000483645	0.769543	0.559869	0.000194595
182	2.51383e-09	-0.0941414	1.09484	-0.000797724	-0.952811	-0.0772224	0.00120475
183	2.51383e-09	0.548219	0.952635	-0.0007282	-0.826901	0.474188	-0.000107655
184	2.51383e-09	0.987163	-0.487253	-0.000339735	0.419699	0.857121	0.000940085
185	2.51383e-09	-0.589134	0.908697	-0.00202714	-0.805704	-0.527639	-0.00201704
186	2.51383e-09	-0.953803	-0.53022	-0.00193282	0.464197	-0.835992	-0.000628402
187	2.51383e-09	0.660222	0.829992	0.00210927	-0.760977	0.606892	-0.00171791
188	2.51383e-09	-0.779022	0.78705	-0.00297783	-0.675969	-0.6639	0.000281466
189	2.51383e-09	1.09439	-0.00163471	-0.000468258	-0.00113225	0.955668	-0.00284638
190	2.51383e-09	0.696087	0.846118	0.00147931	-0.743215	0.607142	1.08341e-05
191	2.51383e-09	-0.219392	-1.06028	-6.689e-05	0.939787	-0.198714	-0.000154794
192	2.51383e-09	-0.977939	-0.508396	0.00168533	0.439983	-0.843079	-0.00109568
193	2.51383e-09	-0.396354	-1.03305	0.0014815	0.888173	-0.344039	0.00300833
194	2.51383e-09	-0.976388	-0.546237	-0.00205578	0.463484	-0.823527	0.00223012
195	2.51383e-09	-0.495016	-0.965624	0.000595525	0.852125	-0.436912	-0.00096323
196	2.51383e-09	1.07076	-0.234348	0.000322852	0.209918	0.931786	-0.00385362
197	2.51383e-09	1.07888	-0.14493	-0.000736913	0.128879	0.950166	0.00245868
198	2.51383e-09	-1.02436	-0.432941	0.000109	0.368419	-0.872379	-0.00104782
199	2.51383e-09	0.735861	-0.816346	-0.00067413	0.708293	0.641186	0.00392097
200	2.51383e-09	0.769419	-0.799022	0.000118027	0.684247	0.660052	-0.000735268
201	2.51383e-09	-0.426114	1.01208	-0.00127445	-0.879359	-0.369716	0.00135651
202	2.51383e-09	-0.777246	-0.762275	-0.00178895	0.668136	-0.685809	5.18894e-05
203	2.51383e-09	0.988418	-0.441705	-0.00237909	0.390937	0.876532	0.00225724
204	2.51383e-09	-0.949576	0.541508	-0.0018174	-0.480525	-0.830987	0.000807475
205	2.51383e-09	-0.291554	-1.09343	0.000762344	0.904433	-0.24628	3.17145e-05
206	2.51383e-09	0.075377	1.09539	0.00160046	-0.951923	0.0663558	-0.000959015
207	2.51383e-09	-0.34889	-1.0592	-0.00214249	0.89911	-0.298358	-0.00319141
208	2.51383e-09	-0.305537	-1.05696	-0.0029911	0.91634	-0.258004	0.00118209
209	2.51383e-09	0.974773	0.517981	0.00189151	-0.451794	0.838029	0.00254704
210	2.51383e-09	1.10505	-0.111028	-0.00225314	0.0889899	0.943205	0.000310238
211	2.51383e-09	0.93499	0.568147	-0.000148863	-0.495641	0.819247	0.000760793
212	2.51383e-09	-0.550851	0.989431	-0.00130845	-0.82554	-0.44882	0.00205002
213	2.51383e-09	-0.558565	0.958268	0.00219694	-0.823329	-0.475459	-0.0025721
214	2.51383e-09	0.202448	1.0831	-0.00112209	-0.935506	0.170831	-0.00178208
215	2.51383e-09	-0.851529	0.724754	0.00113925	-0.613247	-0.720965	-0.00113179
216	2.51383e-09	0.809516	0.770595	-0.00132493	-0.649132	0.683111	5.05353e-05
217	2.51383e-09	1.11378	0.0538091	-0.00169441	-0.0500784	0.9471	-0.00114513
218	2.51383e-09	0.291381	-1.0265	0.00645137	0.934364	0.262158	-0.000533672
219	2.51383e-09	1.11981	0.189959	0.000917632	-0.16003	0.925743	0.000621984
220	2.51383e-09	-0.664773	0.900856	0.00359635	-0.759734	-0.559258	0.00112415
221	2.51383e-09	1.07948	-0.116844	-0.00221035	0.102459	0.953699	0.00229193
222	2.51383e-09	1.0877	-0.224071	0.000985819	0.192432	0.928365	-0.00135363
223	2.51383e-09	1.1166	0.00775739	6.5207e-05	-0.00227087	0.944661	0.000853789
224	2.51383e-09	-0.53674	0.943295	-0.00201443	-0.835835	-0.477108	0.000264838
225	2.51383e-09	0.703319	-0.86974	-0.000657315	0.731306	0.597272	-0.00129403
226	2.51383e-09	-1.11158	0.0791221	-0.00295075	-0.06315	-0.946129	-0.00191727
227	2.51383e-09	-0.866165	-0.690587	-0.00184627	0.593421	-0.741744	0.000496357
228	2.51383e-09	0.153044	1.10418	-0.000692952	-0.939495	0.127185	0.00174121
229	2.51383e-09	1.11842	-0.144673	0.00131715	0.120567	0.93393	0.00409812
230	2.51383e-09	-1.05713	-0.44302	0.00291827	0.363721	-0.862079	0.000449325
231	2.51383e-09	0.919405	0.652511	-0.00257984	-0.544277	0.771045	0.0037525
232	2.51383e-09	-0.475929	-0.976515	0.00234224	0.862637	-0.426591	-0.00116041
233	2.51383e-09	1.08194	-0.309036	0.00113949	0.26097	0.90162	-0.00229883
234	2.51383e-09	-0.451396	1.02327	0.0059611	-0.865953	-0.380582	-0.0011466
235	2.51383e-09	-1.10338	-0.0681715	0.00149421	0.0628833	-0.952709	0.00183423
236	2.51383e-09	0.16562	-1.12218	-0.00132051	0.92541	0.140704	0.0011353
237	2.51383e-09	0.952057	0.536152	0.00295208	-0.4677	0.838978	-0.00188021
238	2.51383e-09	1.13657	-0.157373	-0.00127086	0.134292	0.926602	-0.000482949
239	2.51383e-09	-0.134759	1.10183	0.00283056	-0.940594	-0.114207	-0.000537943
240	2.51383e-09	-0.591964	-0.95205	0.00327069	0.80854	-0.491794	-0.000349743
241	2.51383e-09	1.06938	-0.323373	-0.000968373	0.275907	0.904492	-0.00132938
242	2.51383e-09	-0.958205	-0.656101	-0.00340447	0.521869	-0.765307	-0.000852009
243	2.51383e-09	-0.739855	-0.854959	-0.00354778	0.707969	-0.616736	-0.00213913
244	2.51383e-09	-0.093119	1.13859	0.000685386	-0.932303	-0.0712191	-0.00176406
245	2.51383e-09	0.263989	1.09767	0.0033097	-0.914246	0.223661	-0.0022096
246	2.51383e-09	0.892848	-0.688735	0.00223625	0.575973	0.749015	-0.00218018
247	2.51383e-09	0.193797	-1.09074	0.00318324	0.933435	0.159388	0.00150805
248	2.51383e-09	1.07862	0.321842	-0.000175834	-0.267398	0.90372	0.000294781
249	2.51383e-09	-0.976508	0.551517	0.00153417	-0.469677	-0.820505	0.00027563
250	2.51383e-09	0.244251	-1.10969	-0.000398366	0.916369	0.200868	-0.00217735
251	2.51383e-09	-0.534591	-0.983021	-0.00158292	0.832514	-0.449186	0.000846071
252	2.51383e-09	-0.109655	1.11547	-0.000804474	-0.937546	-0.092159	-0.000301804
253	2.51383e-09	1.12703	-0.0291972	0.00296339	0.0264614	0.942907	0.00294473
254	2.51383e-09	-0.144536	1.123	0.00107577	-0.930171	-0.126625	-0.000191688
255	2.51383e-09	0.0413462	1.14258	0.00234193	-0.931679	0.0291097	-0.000386894
256	2.51383e-09	0.837306	0.776747	-0.000533381	-0.633176	0.691435	-0.00156635
257	2.51383e-09	0.489261	-1.00665	0.00121129	0.850226	0.414269	0.00212179
258	2.51383e-09	-1.12104	0.0367487	-0.00340728	-0.0339166	-0.945626	-0.000902517
259	2.51383e-09	-0.308491	1.08626	-0.000135921	-0.905718	-0.253863	0.00122828
260	2.51383e-09	0.666063	-0.908532	-0.00368929	0.76082	0.554134	-0.00361397
261	2.51383e-09	0.746844	0.854787	-0.000613461	-0.709221	0.614413	0.00225682
262	2.51383e-09	-0.00294237	-1.11403	0.00357544	0.946675	0.00341711	-0.00383813
263	2.51383e-09	0.925354	0.662776	-0.00326775	-0.551565	0.761486	-0.00109879
264	2.51383e-09	-0.0727785	1.11893	-0.000659189	-0.942419	-0.0652021	0.00117068
265	2.51383e-09	-0.504465	1.02682	0.00159154	-0.840195	-0.410722	0.00258622
266	2.51383e-09	0.615421	-0.952867	-0.00073962	0.787067	0.510659	0.000579913
267	2.51383e-09	-0.712385	0.864808	0.000408071	-0.724719	-0.606398	-0.000400399
268	2.51383e-09	0.258081	1.10632	-0.000589487	-0.914822	0.210146	-0.00235113
269	2.51383e-09	-1.14597	0.13221	0.00242476	-0.10719	-0.921829	-0.000873575
270	2.51383e-09	-0.845855	-0.744745	0.000270569	0.617815	-0.710837	-0.0018215
271	2.51383e-09	-1.09832	0.363551	-2.09618e-05	-0.290127	-0.882028	0.000570043
272	2.51383e-09	1.023	-0.504984	0.00406361	0.417912	0.839185	0.00131368
273	2.51383e-09	1.11548	-0.265269	-0.000629878	0.212402	0.910513	0.00195386
274	2.51383e-09	-0.902952	0.664427	-0.000298853	-0.563221	-0.76141	0.00287817
275	2.51383e-09	-1.13655	0.0889434	9.61068e-05	-0.069335	-0.932633	-0.00198684
276	2.51383e-09	0.551165	-1.01251	0.00194274	0.82223	0.43953	-0.00173672
277	2.51383e-09	-0.904348	0.718411	-0.00469388	-0.57176	-0.728386	0.000464975
278	2.51383e-09	-1.1438	-0.0922057	-0.00303145	0.072784	-0.929651	0.00235936
279	2.51383e-09	-0.480216	1.0618	-0.000362053	-0.845158	-0.387004	0.000136074
280	2.51383e-09	0.837339	0.80066	-0.00077281	-0.643432	0.673211	-0.00230353
281	2.51383e-09	-0.709988	0.87882	0.00113254	-0.737138	-0.58736	-0.000765142
282	2.51383e-09	-0.0632208	-1.14315	0.00221974	0.931782	-0.055066	-0.000729207
283	2.51383e-09	0.934748	-0.649808	0.00257028	0.538306	0.765736	-0.00248392
284	2.51383e-09	0.750089	0.879561	0.00174495	-0.707804	0.599909	-0.000580302
285	2.51383e-09	1.12779	0.22142	-0.00168265	-0.182092	0.915743	0.000232413
286	2.51383e-09	-0.46477	1.03846	0.000357316	-0.857929	-0.382079	-0.000209414
287	2.51383e-09	-0.796432	0.809695	-0.00167775	-0.662626	-0.663065	0.000124445
288	2.51383e-09	1.12438	0.282631	0.00288422	-0.222441	0.899507	0.000211203
289	2.51383e-09	-0.651902	0.948612	-0.00347893	-0.765173	-0.530525	0.00238668
290	2.51383e-09	0.476602	-1.02418	0.00422592	0.854961	0.398276	-0.00121581
291	2.51383e-09	-1.13459	-0.14867	-0.00222617	0.118383	-0.926885	-0.000846612
292	2.51383e-09	-0.0477383	-1.14778	-0.000414436	0.933372	-0.038197	-0.00109254
293	2.51383e-09	-0.15993	1.12627	0.00111731	-0.928364	-0.127232	0.00160603
294	2.51383e-09	1.1153	0.328038	-0.00685875	-0.259058	0.892313	-0.000265326
295	2.51383e-09	-0.834244	0.776807	0.000720529	-0.634658	-0.688712	0.0030342
296	2.51383e-09	-0.628628	0.972642	0.00339277	-0.780363	-0.503946	-0.00298335
297	2.51383e-09	0.961494	0.612873	-0.00110955	-0.504902	0.788499	3.29889e-05
298	2.51383e-09	-0.181224	-1.13269	0.00233972	0.923795	-0.147315	0.000896839
299	2.51383e-09	-0.235707	-1.14482	0.000605764	0.902789	-0.195389	0.00248449
300	2.51383e-09	0.965392	-0.651526	0.00353363	0.520682	0.767153	-0.00168889
301	2.51383e-09	0.826463	0.825767	0.000217437	-0.657819	0.648225	0.00234764
302	2.51383e-09	0.368729	-1.09883	0.00345572	0.88197	0.29994	-0.00188873
303	2.51383e-09	-1.11585	0.259442	-0.00261501	-0.211224	-0.912388	0.000656275
304	2.51383e-09	1.17386	-0.0665889	0.000122806	0.0475193	0.92371	-1.33489e-05
305	2.51383e-09	-0.979081	-0.597616	-8.70699e-05	0.486403	-0.797789	-0.00257824
306	2.51383e-09	0.420698	1.06541	0.00216174	-0.868389	0.344767	0.00152294
307	2.51383e-09	-1.15279	0.149721	0.00164373	-0.117188	-0.919219	-0.00192882
308	2.51383e-09	-0.043501	-1.17331	0.00202099	0.920855	-0.0389846	-0.00274895
309	2.51383e-09	-0.0350131	-1.13703	-0.00244125	0.937723	-0.0238494	-0.00106046
310	2.51383e-09	0.632085	-0.967107	0.00133158	0.777835	0.513622	-0.00188588
311	2.51383e-09	-1.11654	-0.298785	0.00469896	0.242104	-0.898363	0.00157268
312	2.51383e-09	-0.549481	-1.03259	0.00348582	0.81788	-0.427974	0.000249575
313	2.51383e-09	0.627535	-0.962494	0.00187029	0.779465	0.51359	-0.0024095
314	2.51383e-09	0.671098	-0.932335	0.0014418	0.75964	0.538377	-0.000147019
315	2.51383e-09	0.189942	-1.14105	-0.00270254	0.919899	0.151073	-0.00120776
316	2.51383e-09	-0.143498	1.16617	-0.00248577	-0.913153	-0.11708	-0.000173811
317	2.51383e-09	0.449343	-1.07507	0.00119571	0.853533	0.352614	0.00339228
318	2.51383e-09	-0.206238	-1.14418	0.000938983	0.912732	-0.166898	-0.000780465
319	2.51383e-09	-0.863279	-0.783315	0.000216045	0.624765	-0.685822	0.00252799
320	2.51383e-09	-0.268524	-1.14257	0.000863642	0.898915	-0.207037	0.000829179
321	2.51383e-09	0.0495221	-1.15682	0.000111763	0.930005	0.0405978	0.00174856
322	2.51383e-09	-0.483784	-1.04943	0.00348386	0.845408	-0.389473	-0.000683593
323	2.51383e-09	0.990044	0.583893	-0.000459215	-0.480168	0.802769	0.000959116
324	2.51383e-09	-1.15033	-0.276613	-8.8597e-05	0.213543	-0.893326	0.000991243
325	2.51383e-09	-1.1385	0.255283	-0.00133015	-0.203736	-0.899306	0.00244913
326	2.51383e-09	-0.0137539	-1.17774	0.00106855	0.920635	-0.0200627	0.00579303
327	2.51383e-09	0.626578	0.99462	4.32436e-05	-0.780818	0.491463	0.00184251
328	2.51383e-09	-0.0656793	1.13794	0.00528638	-0.933985	-0.0586966	-0.00161539
329	2.51383e-09	1.10371	-0.440227	0.0016082	0.339587	0.848646	-0.000262429
330	2.51383e-09	0.871881	0.751219	0.00154177	-0.611903	0.705777	0.000962597
331	2.51383e-09	-0.448293	-1.05545	0.0035863	0.861116	-0.367325	0.0017631
332	2.51383e-09	-0.573296	1.02688	-0.00424811	-0.805239	-0.452003	-7.53358e-05
333	2.51383e-09	0.843489	-0.819454	0.00123522	0.643149	0.660817	0.00123013
334	2.51383e-09	1.15601	-0.119201	0.000916964	0.0980979	0.925839	-0.00082801
335	2.51383e-09	0.582554	1.02951	-0.00137658	-0.803405	0.44995	0.000732253
336	2.51383e-09	0.968701	0.677683	0.00143306	-0.522882	0.754726	-0.00149766
337	2.51383e-09	0.537261	-1.04886	-0.00104052	0.820382	0.423218	-0.00114807
338	2.51383e-09	1.02735	-0.546572	-6.25202e-05	0.435568	0.81777	-0.000262138
339	2.51383e-09	1.1045	0.419449	-0.00377445	-0.326291	0.862644	-0.00268202
340	2.51383e-09	-1.17104	0.0812091	-0.0036413	-0.0711717	-0.922839	-0.00139933
341	2.51383e-09	-1.08538	0.50074	0.00143957	-0.381987	-0.827373	0.000107189
342	2.51383e-09	0.793562	0.818404	0.00013999	-0.673258	0.653337	-8.56678e-05
343	2.51383e-09	-0.4089	1.08459	0.000829955	-0.867926	-0.333505	-0.000496998
344	2.51383e-09	-1.05298	-0.529682	-0.00131738	0.41515	-0.821736	0.0010454
345	2.51383e-09	0.631298	0.975469	0.00339492	-0.776988	0.50566	-0.000651582
346	2.51383e-09	0.778873	-0.874103	-1.87362e-05	0.686915	0.620086	0.00255576
347	2.51383e-09	-0.446102	1.08839	0.000420369	-0.853305	-0.351611	0.000351661
348	2.51383e-09	0.891675	-0.762339	-0.00158307	0.604183	0.699514	-0.00163339
349	2.51383e-09	-0.543302	-1.05404	-0.000709867	0.814467	-0.421588	0.000561578
350	2.51383e-09	-0.233198	-1.1378	0.00238412	0.91094	-0.183605	-0.00136465
351	2.51383e-09	-0.181369	-1.18657	0.00276852	0.900352	-0.141798	-0.000690888
352	2.51383e-09	0.370776	-1.10833	-0.00208179	0.876755	0.297834	0.000708843
353	2.51383e-09	0.604719	-1.03368	-0.00351444	0.791052	0.458552	0.000505702
354	2.51383e-09	0.932294	-0.709867	-0.000680476	0.560313	0.736165	-0.000775944
355	2.51383e-09	0.500267	1.04697	-0.000141723	-0.83667	0.399285	-0.00180654
356	2.51383e-09	-1.03726	-0.596595	0.00230313	0.452019	-0.795007	-0.00183473
357	2.51383e-09	-1.00127	0.598944	0.000563937	-0.474277	-0.796868	0.00201351
358	2.51383e-09	-0.531052	1.06636	-0.00249356	-0.820775	-0.409329	-0.00118679
359	2.51383e-09	1.14756	-0.380611	0.00215622	0.289346	0.861249	0.00189245
360	2.51383e-09	-1.1449	0.246558	-0.000249472	-0.19993	-0.903504	4.82964e-06
361	2.51383e-09	-0.447441	-1.08657	-0.00212021	0.852684	-0.354724	-0.00117954
362	2.51383e-09	1.0601	0.511748	-0.000566621	-0.397503	0.829717	-0.00220125
363	2.51383e-09	0.904706	0.752787	-0.00153029	-0.589272	0.712803	0.000147363
364	2.51383e-09	0.592663	1.00722	0.000108673	-0.796356	0.467218	-0.00223354
365	2.51383e-09	-0.19457	1.18977	-0.00163586	-0.897424	-0.142351	0.000777771
366	2.51383e-09	0.923469	-0.761896	0.000373735	0.57767	0.706353	-0.00209913
367	2.51383e-09	-0.181856	-1.16694	-0.00349686	0.906159	-0.145073	-0.00180156
368	2.51383e-09	0.685275	0.982291	-0.00081088	-0.749307	0.524093	0.00254022
369	2.51383e-09	-0.62142	1.01152	0.00278809	-0.78745	-0.474341	-5.99194e-05
370	2.51383e-09	-1.06033	-0.547411	0.00282127	0.423207	-0.810003	-0.00174425
371	2.51383e-09	-0.681909	1.0004	-0.00144952	-0.748903	-0.514186	-0.00109191
372	2.51383e-09	0.367443	-1.13548	-0.0029381	0.8721	0.284768	-0.000287918
373	2.51383e-09	1.10484	-0.433236	0.00138762	0.332933	0.852005	0.000873227
374	2.51383e-09	-0.746108	-0.96039	0.00358804	0.715732	-0.552447	0.00144168
375	2.51383e-09	-0.760628	0.905469	0.00487442	-0.705918	-0.593356	-0.00175689
376	2.51383e-09	1.14719	-0.305274	-0.000303936	0.23408	0.885446	-1.91751e-05
377	2.51383e-09	0.456183	1.08922	-0.00144667	-0.849687	0.358914	0.000483162
378	2.51383e-09	-0.946298	0.725293	-0.000303346	-0.558464	-0.726911	-0.000807017
379	2.51383e-09	1.14413	0.279574	-7.56313e-05	-0.213255	0.899395	0.0036381
380	2.51383e-09	-0.704755	-0.945281	-0.00113857	0.735766	-0.550965	-0.0021127
381	2.51383e-09	0.320052	-1.14778	0.000261588	0.88295	0.244213	-0.00117808
382	2.51383e-09	1.19516	0.0357837	0.000835311	-0.0231585	0.916788	0.000454552
383	2.51383e-09	0.824383	-0.846162	9.30592e-05	0.662005	0.640046	0.00119063
384	2.51383e-09	0.134906	1.19279	0.00507533	-0.908445	0.104128	-0.00226678
385	2.51383e-09	0.626209	-0.998457	0.00209089	0.779549	0.489447	-0.000363056
386	2.51383e-09	-1.18566	0.0770255	-0.00238881	-0.0572608	-0.917218	0.00199047
387	2.51383e-09	1.1399	-0.382407	-0.00227932	0.292832	0.862903	0.00160704
388	2.51383e-09	-1.18213	-0.172853	0.00266984	0.129215	-0.907198	0.000609151
389	2.51383e-09	-1.0603	0.5207	-0.00380807	-0.404229	-0.82751	-0.00235404
390	2.51383e-09	-0.355838	1.12725	0.000902626	-0.877966	-0.280029	-0.000197455
391	2.51383e-09	1.18255	0.254233	-0.000516885	-0.185315	0.890604	-0.00198722
392	2.51383e-09	0.81721	-0.876346	0.00569012	0.666872	0.624192	-0.00274416
393	2.51383e-09	-1.13839	-0.381091	0.00223196	0.295506	-0.865673	-0.00072849
394	2.51383e-09	0.865132	0.831681	-0.000629393	-0.631742	0.662332	0.00128369
395	2.51383e-09	0.763991	0.928636	0.000455541	-0.709658	0.573534	0.000124282
396	2.51383e-09	0.13265	1.2189	-0.000171873	-0.894222	0.0921118	-0.00190647
397	2.51383e-09	-1.03389	0.622421	0.00332493	-0.467654	-0.778828	-0.000476693
398	2.51383e-09	-1.1876	-0.170572	0.00168625	0.127751	-0.905072	0.000915629
399	2.51383e-09	1.19616	0.099777	-0.000481658	-0.0735291	0.910783	0.00108228
400	2.51383e-09	-0.536154	1.0808	-0.00130458	-0.811576	-0.407752	-0.00160103
