3.958000e+03
401
0	1	0.000182917	0.000113425	-1.6703e-07	5.87349e-08	2.68525e-09	-8.6769e-11
1	2.51383e-09	-0.345449	-0.933866	-0.00034586	0.942497	-0.347547	0.000770297
2	2.51383e-09	0.882453	-0.494919	-0.00132781	0.487781	0.865856	-0.000838566
3	2.51383e-09	0.745894	0.661399	0.000617363	-0.66239	0.751003	-0.000804092
4	2.51383e-09	-0.801694	0.600234	0.00111423	-0.599333	-0.799863	-0.000441132
5	2.51383e-09	-0.938261	0.339805	0.00106087	-0.342081	-0.941691	0.000160909
6	2.51383e-09	-0.987625	0.198016	0.0013538	-0.196308	-0.979573	-0.00138573
7	2.51383e-09	-0.620613	-0.789259	0.000537371	0.78331	-0.617672	-0.00331398
8	2.51383e-09	-0.39541	-0.916547	-0.000522051	0.92034	-0.395124	8.87441e-05
9	2.51383e-09	0.670148	-0.745831	0.000505027	0.741267	0.669665	0.000562851
10	2.51383e-09	-0.864488	-0.495961	0.000705584	0.499268	-0.870177	-2.41051e-05
11	2.51383e-09	0.884804	-0.471747	-0.000225926	0.469056	0.881257	-0.000740576
12	2.51383e-09	0.43646	0.920966	-0.000565747	-0.894096	0.42533	-0.0003915
13	2.51383e-09	-0.375681	0.928748	0.00180061	-0.92599	-0.376634	-0.00137719
14	2.51383e-09	0.508646	0.877034	0.00203319	-0.856302	0.497207	0.00116595
15	2.51383e-09	0.358453	-0.927102	-0.00108382	0.940428	0.358982	-0.00189154
16	2.51383e-09	-0.994144	-0.124048	0.000124592	0.120688	-0.991188	0.00142527
17	2.51383e-09	0.478235	0.883265	0.00115689	-0.879479	0.471959	-0.000732961
18	2.51383e-09	0.460596	0.906233	0.00134113	-0.8864	0.443412	-0.000929594
19	2.51383e-09	0.130939	0.999356	0.00162458	-0.990521	0.134927	0.000224889
20	2.51383e-09	-0.761173	0.696689	0.00119475	-0.666963	-0.723201	-0.00181493
21	2.51383e-09	-0.671268	-0.760923	-0.00210711	0.742828	-0.653054	0.0014731
22	2.51383e-09	0.711008	-0.731479	-0.000210881	0.709	0.688736	-0.00142284
23	2.51383e-09	0.733185	0.714614	-0.000949889	-0.684681	0.70913	0.00200203
24	2.51383e-09	0.76328	-0.670309	-0.000798182	0.649288	0.749189	-0.00106275
25	2.51383e-09	0.0363147	1.01928	0.00142715	-0.990192	0.0345644	0.00228203
26	2.51383e-09	-1.01728	-0.0149891	-0.00110285	0.0119924	-0.98944	0.00139151
27	2.51383e-09	-0.682551	0.736263	0.000323179	-0.734071	-0.680397	0.0022719
28	2.51383e-09	0.159568	-1.00157	0.000304505	0.982115	0.152917	-0.000270279
29	2.51383e-09	-0.909854	0.452863	-0.000544009	-0.442061	-0.886758	-0.00195603
30	2.51383e-09	-0.957479	0.308324	0.000280935	-0.303233	-0.95014	0.00274837
31	2.51383e-09	-0.904928	0.451365	-0.00169574	-0.440401	-0.889771	-0.000901855
32	2.51383e-09	-0.176943	-0.992873	0.000933419	0.979698	-0.174402	6.51252e-05
33	2.51383e-09	0.101256	-1.01615	-0.000791021	0.985081	0.0911063	0.00165827
34	2.51383e-09	1.02285	0.169541	-0.0010307	-0.16244	0.968365	-0.000296436
35	2.51383e-09	-1.01792	-0.0501158	-0.000216552	0.05444	-0.990328	0.00144973
36	2.51383e-09	0.116803	1.0103	-0.00198772	-0.983877	0.113509	-0.00140731
37	2.51383e-09	0.589061	-0.832977	-0.00334821	0.807844	0.572599	0.00222755
38	2.51383e-09	-1.00298	-0.0328851	0.00141525	0.0327558	-0.998238	0.00020707
39	2.51383e-09	0.0143555	-1.00707	0.000608003	0.996644	0.0169752	-0.00121261
40	2.51383e-09	-0.966055	-0.286405	0.00106998	0.282075	-0.955432	0.00132349
41	2.51383e-09	-0.116998	-1.01079	0.000297116	0.983674	-0.114907	0.00250123
42	2.51383e-09	0.574221	0.855978	0.00207155	-0.818209	0.547215	0.000196725
43	2.51383e-09	0.976208	-0.284487	6.7942e-05	0.272821	0.952867	-0.00178736
44	2.51383e-09	0.411069	-0.937029	0.00186283	0.90853	0.396837	-0.00175815
45	2.51383e-09	-0.815965	-0.626452	0.00200054	0.603782	-0.780051	0.000583469
46	2.51383e-09	-0.799997	-0.635817	-0.000244971	0.617319	-0.773599	0.00299078
47	2.51383e-09	0.985435	0.25379	-0.0018353	-0.249639	0.961708	-0.00050465
48	2.51383e-09	-0.962254	-0.347693	-0.000586783	0.337395	-0.929739	-4.83786e-05
49	2.51383e-09	-0.826216	-0.608353	-4.8604e-06	0.587945	-0.79285	0.000320606
50	2.51383e-09	0.0687757	1.02432	-0.000136032	-0.984575	0.0677193	0.00286768
51	2.51383e-09	0.935141	-0.395728	0.000858148	0.386725	0.915722	-0.000431632
52	2.51383e-09	0.228647	1.0057	0.00102638	-0.960145	0.218071	-8.38372e-05
53	2.51383e-09	-0.369321	0.952078	0.000926684	-0.922596	-0.361122	-0.000120289
54	2.51383e-09	0.24823	-0.990456	0.000986565	0.961464	0.234766	-0.000984641
55	2.51383e-09	0.762719	0.689254	-0.00111775	-0.661667	0.733961	0.000645829
56	2.51383e-09	1.02277	0.117326	0.000253628	-0.1136	0.977262	0.00101468
57	2.51383e-09	-0.460655	0.929354	0.00156407	-0.88342	-0.431988	-8.97619e-06
58	2.51383e-09	0.281151	-1.00299	-0.00109219	0.944171	0.261815	0.000937523
59	2.51383e-09	-0.927211	0.43757	-0.0021815	-0.428667	-0.891095	0.000160225
60	2.51383e-09	0.377202	-0.947434	4.56033e-05	0.920332	0.364349	0.000788906
61	2.51383e-09	-1.04655	0.00415719	-6.96047e-05	-0.0032629	-0.974144	-0.00189045
62	2.51383e-09	0.64613	-0.803395	-0.00188586	0.76777	0.616326	0.000326349
63	2.51383e-09	-0.578847	0.840018	0.000554328	-0.814449	-0.563561	-0.000493308
64	2.51383e-09	-0.943285	-0.395647	-2.90579e-05	0.383057	-0.913842	0.00137267
65	2.51383e-09	0.697755	-0.764323	0.000671719	0.727285	0.663184	0.00145772
66	2.51383e-09	-0.745966	0.713639	-0.00320166	-0.681998	-0.706161	0.000172495
67	2.51383e-09	-0.80317	0.653264	-0.000130954	-0.623509	-0.759136	-0.00105969
68	2.51383e-09	-0.399631	0.947565	0.000608794	-0.909398	-0.380295	0.00142526
69	2.51383e-09	0.951297	0.394531	0.00173444	-0.378442	0.909628	0.000456653
70	2.51383e-09	0.542525	0.87829	0.00137286	-0.835557	0.519284	0.00215858
71	2.51383e-09	0.587014	-0.853759	-6.5982e-05	0.81006	0.554846	-4.80925e-05
72	2.51383e-09	-1.04325	-0.121483	0.000700345	0.107974	-0.968503	7.07585e-05
73	2.51383e-09	-0.982532	-0.322458	0.000633277	0.305224	-0.936138	0.00287909
74	2.51383e-09	-0.965698	0.413833	-0.00035862	-0.379762	-0.896315	0.00104884
75	2.51383e-09	0.954896	-0.41016	0.000342544	0.389873	0.899371	0.000398564
76	2.51383e-09	-0.996303	0.325766	0.00153009	-0.301111	-0.92947	-0.0012614
77	2.51383e-09	-0.772198	-0.720819	-0.00142825	0.665593	-0.709536	-0.000384891
78	2.51383e-09	-0.807624	-0.664911	-0.00124976	0.626657	-0.749167	-0.000545624
79	2.51383e-09	0.544224	-0.879988	0.000193001	0.833007	0.520248	-0.00280639
80	2.51383e-09	0.0943468	-1.04194	-0.000711178	0.973463	0.0877088	0.000203053
81	2.51383e-09	-0.783364	-0.691453	-0.00103537	0.646987	-0.732985	-0.000209087
82	2.51383e-09	-0.417095	0.959819	-0.000633272	-0.898164	-0.392518	0.000135746
83	2.51383e-09	-0.997805	0.283386	-0.00177724	-0.270369	-0.946149	0.0016542
84	2.51383e-09	0.765517	0.720136	-0.000655914	-0.669033	0.709788	0.000175318
85	2.51383e-09	0.213966	-1.00952	-0.000849648	0.961979	0.201629	0.000930357
86	2.51383e-09	0.400209	0.962887	-0.000520226	-0.905052	0.37594	0.000472929
87	2.51383e-09	0.959856	0.373524	-0.000875453	-0.360593	0.920316	0.000970436
88	2.51383e-09	-0.786299	-0.671674	-0.00248657	0.638645	-0.747288	0.000249474
89	2.51383e-09	0.501519	0.939667	-0.00033281	-0.854932	0.453552	-0.000657272
90	2.51383e-09	1.02756	0.202354	0.00181992	-0.189816	0.95774	-0.000972257
91	2.51383e-09	0.0767306	1.03444	-0.00244098	-0.977986	0.0743887	-0.00171814
92	2.51383e-09	0.964263	0.417018	0.000489504	-0.385561	0.897182	0.00260804
93	2.51383e-09	0.494648	0.927887	-0.000583963	-0.863072	0.459069	0.000462717
94	2.51383e-09	-1.00662	-0.291453	0.00158973	0.266714	-0.937416	-0.00117019
95	2.51383e-09	0.996706	0.311579	0.000582397	-0.292505	0.93162	-0.00129932
96	2.51383e-09	-0.743524	-0.749469	0.000466644	0.688564	-0.684633	0.00101659
97	2.51383e-09	0.85052	-0.625894	0.0039218	0.58121	0.779328	-0.00188156
98	2.51383e-09	1.05838	0.0862405	-0.00146728	-0.0732863	0.967799	0.0016591
99	2.51383e-09	-0.756394	0.744528	-0.000930704	-0.67657	-0.695401	0.000812496
100	2.51383e-09	0.445773	-0.958344	-0.000634829	0.879198	0.41032	0.00178046
101	2.51383e-09	-0.467905	-0.923051	0.00188804	0.877397	-0.443546	0.000148539
102	2.51383e-09	-0.399535	-0.952536	0.00202608	0.90986	-0.377135	0.00108627
103	2.51383e-09	0.666614	-0.817222	0.00191083	0.755998	0.611689	0.0002841
104	2.51383e-09	-0.974617	0.39206	0.00170305	-0.366223	-0.904895	3.52149e-05
105	2.51383e-09	0.770187	-0.711631	-0.000698679	0.668585	0.712981	-0.000414866
106	2.51383e-09	-0.68824	-0.791616	-0.000582673	0.735867	-0.641372	-0.00177063
107	2.51383e-09	-0.791259	0.701599	0.00192521	-0.641109	-0.729746	0.00019609
108	2.51383e-09	0.832831	-0.661962	0.000784182	0.602388	0.75954	0.00157548
109	2.51383e-09	0.78427	-0.718026	-0.00145013	0.652862	0.714972	0.0024214
110	2.51383e-09	0.956359	0.435302	-0.00180163	-0.406676	0.888681	0.000703295
111	2.51383e-09	-0.990241	0.401417	-0.000547919	-0.363579	-0.896383	0.000248428
112	2.51383e-09	0.999574	0.3613	-0.00093781	-0.329657	0.910183	-0.000777302
113	2.51383e-09	0.933015	0.504975	0.00247935	-0.463069	0.85256	-0.000693715
114	2.51383e-09	0.551546	0.888196	0.000768815	-0.830391	0.518473	0.000163497
115	2.51383e-09	-0.699835	-0.79928	-6.41836e-05	0.728119	-0.642365	-0.00189012
116	2.51383e-09	-0.437418	0.961805	0.000450791	-0.882828	-0.403728	0.00111499
117	2.51383e-09	-0.650452	0.843405	-0.0017404	-0.766238	-0.592991	-0.000185597
118	2.51383e-09	0.613476	0.874471	6.50515e-05	-0.792828	0.553462	-0.000593085
119	2.51383e-09	-1.00315	-0.308519	0.000736052	0.285099	-0.932597	0.00182247
120	2.51383e-09	0.472775	0.942992	0.00219588	-0.869441	0.434566	-0.000177078
121	2.51383e-09	-1.03381	0.250529	0.000768155	-0.227918	-0.94119	0.000460428
122	2.51383e-09	-1.03548	-0.251851	0.00107443	0.232346	-0.941807	-0.000302301
123	2.51383e-09	-0.406568	-0.96382	-0.00163566	0.899754	-0.384986	-6.24576e-05
124	2.51383e-09	0.819879	-0.713186	0.00292838	0.625806	0.722631	-0.000189621
125	2.51383e-09	-0.608881	-0.859216	-0.00107324	0.794255	-0.564948	0.000516818
126	2.51383e-09	0.0943338	-1.05794	0.000135379	0.964934	0.0933997	-0.00133406
127	2.51383e-09	-1.05628	0.0773158	0.00228972	-0.0722566	-0.967764	0.000436253
128	2.51383e-09	0.822624	0.685756	0.00161951	-0.616237	0.742594	-0.00113285
129	2.51383e-09	-1.06505	0.0192279	-0.00186477	-0.016043	-0.965268	-0.00132361
130	2.51383e-09	-0.461262	0.951732	-0.00108158	-0.877114	-0.420182	-0.000147218
131	2.51383e-09	-0.961451	-0.489181	0.000762331	0.431144	-0.860197	-0.00187193
132	2.51383e-09	0.300049	1.03687	0.00175459	-0.921441	0.272592	0.000621732
133	2.51383e-09	0.318696	1.01378	-0.00125667	-0.927164	0.290251	0.003095
134	2.51383e-09	0.502877	-0.932674	0.00153064	0.856136	0.463724	-0.0017917
135	2.51383e-09	1.03006	0.286923	0.00160846	-0.255793	0.932642	-0.0021513
136	2.51383e-09	0.70805	-0.812925	0.00177756	0.726186	0.631258	0.00202661
137	2.51383e-09	-1.04188	0.197777	0.000724159	-0.178838	-0.954868	0.00247059
138	2.51383e-09	-0.812145	0.698734	-0.00145638	-0.62839	-0.733083	-0.00187941
139	2.51383e-09	-1.06688	0.0910444	0.000457451	-0.0829406	-0.962183	0.00157247
140	2.51383e-09	-0.942711	-0.534369	0.00107336	0.474077	-0.835538	0.000723879
141	2.51383e-09	-0.775951	0.740893	0.00218739	-0.668296	-0.693967	0.00159839
142	2.51383e-09	-0.60455	0.88941	0.000912806	-0.793051	-0.546691	0.00209495
143	2.51383e-09	0.00516102	-1.0668	-0.000728037	0.96827	0.00299039	-0.000456903
144	2.51383e-09	0.731621	0.798954	-0.00219225	-0.708419	0.651749	-0.000313571
145	2.51383e-09	-1.06979	-0.0771226	-0.000325453	0.0704265	-0.962001	0.00161581
146	2.51383e-09	-0.0370533	-1.09568	8.69988e-05	0.954969	-0.0327871	-0.00117743
147	2.51383e-09	-0.474142	-0.978902	-0.00116508	0.858971	-0.421132	-0.000927258
148	2.51383e-09	1.06595	-0.168937	-0.000358975	0.152994	0.952428	0.000648226
149	2.51383e-09	0.644656	-0.848209	-0.000824085	0.776477	0.578259	-0.000376257
150	2.51383e-09	1.05655	-0.210114	0.00017781	0.186557	0.944384	0.00290194
151	2.51383e-09	0.86588	0.636915	-0.00141805	-0.573355	0.776222	-0.000513158
152	2.51383e-09	0.653437	-0.844643	-0.00167938	0.765342	0.590951	-0.00133123
153	2.51383e-09	0.482413	0.971981	0.00156089	-0.860901	0.426358	2.69364e-05
154	2.51383e-09	-1.06849	-0.240349	-0.00270891	0.208955	-0.930109	0.00072221
155	2.51383e-09	0.763566	-0.758455	0.00117716	0.676351	0.685546	0.00055636
156	2.51383e-09	-0.704183	0.81186	-0.00117421	-0.731911	-0.629765	0.0019857
157	2.51383e-09	0.0629181	1.0734	-0.000913713	-0.963393	0.0538649	0.00111552
158	2.51383e-09	-1.03396	-0.33543	-0.00180427	0.295873	-0.914224	-0.000574947
159	2.51383e-09	-0.0139452	1.07441	0.00241301	-0.965406	-0.0132176	-0.00139702
160	2.51383e-09	0.294242	-1.03238	-0.00224825	0.927918	0.262434	0.00124359
161	2.51383e-09	-0.76485	-0.771626	0.00162664	0.678951	-0.677905	-0.000197687
162	2.51383e-09	-0.794051	-0.754663	0.00128219	0.657086	-0.692192	0.000609118
163	2.51383e-09	0.869328	0.636327	-0.00188233	-0.569159	0.777542	0.00025426
164	2.51383e-09	0.86946	0.60656	-0.000337568	-0.55409	0.798791	-0.000530156
165	2.51383e-09	-0.73299	-0.820647	-0.000714803	0.709375	-0.633285	-0.000418221
166	2.51383e-09	1.01151	0.398741	0.000977789	-0.347941	0.89404	-0.00184035
167	2.51383e-09	-0.919175	-0.562584	0.00273575	0.505764	-0.823119	0.00209891
168	2.51383e-09	0.694067	0.837279	0.00207452	-0.740137	0.60653	-0.000147111
169	2.51383e-09	0.190094	1.06758	9.02593e-05	-0.943527	0.173117	0.00139256
170	2.51383e-09	0.202583	-1.06815	5.46196e-05	0.945226	0.176919	-0.00195211
171	2.51383e-09	0.37379	1.02425	-0.00183915	-0.898882	0.326507	-0.00172781
172	2.51383e-09	-0.856891	-0.692434	0.00159768	0.602235	-0.738138	-0.000205022
173	2.51383e-09	1.01682	-0.410889	-0.00188695	0.358615	0.886791	0.00103911
174	2.51383e-09	-0.910141	-0.622708	0.000284258	0.540297	-0.78367	0.000589484
175	2.51383e-09	0.190513	-1.06129	8.15244e-05	0.952303	0.169349	-0.000360299
176	2.51383e-09	0.918519	-0.56762	-0.000124471	0.50743	0.816033	-0.00164459
177	2.51383e-09	-0.299503	1.06026	-0.00142448	-0.916179	-0.261725	-0.00145684
178	2.51383e-09	-0.497905	-0.96418	-0.00154893	0.85366	-0.441032	0.000561489
179	2.51383e-09	-0.509013	0.961331	-0.000457723	-0.848932	-0.449967	0.000484951
180	2.51383e-09	0.953367	-0.518317	0.00194435	0.455014	0.846593	0.000183389
181	2.51383e-09	1.09545	0.0825286	-0.00101635	-0.074631	0.951971	0.000434327
182	2.51383e-09	-1.08742	-0.0618047	0.000439437	0.0537123	-0.955489	-0.00220685
183	2.51383e-09	0.411439	-1.02339	-4.11781e-06	0.883409	0.3547	-0.00151806
184	2.51383e-09	0.160894	-1.09328	0.000682678	0.941966	0.136796	8.89682e-05
185	2.51383e-09	-0.91884	0.573843	0.000612977	-0.510089	-0.814186	-0.00110254
186	2.51383e-09	-0.123281	1.06748	0.000778768	-0.962358	-0.110968	-4.69463e-05
187	2.51383e-09	0.184576	1.06311	-0.000751362	-0.949041	0.164247	-0.000658986
188	2.51383e-09	0.255518	-1.06865	-0.00160285	0.926954	0.222931	-0.00027214
189	2.51383e-09	-1.07836	-0.217338	0.00206767	0.187144	-0.934534	4.60252e-05
190	2.51383e-09	1.07785	-0.273739	-0.00138538	0.228101	0.918499	-0.0014992
191	2.51383e-09	1.09469	-0.0848972	0.000491431	0.0741566	0.950207	-0.00169855
192	2.51383e-09	0.915477	0.608081	0.00331713	-0.525202	0.797135	-0.000201551
193	2.51383e-09	0.851076	-0.70532	-0.00224636	0.603593	0.734049	-0.00104717
194	2.51383e-09	0.891769	-0.673125	0.000632736	0.567826	0.753889	0.000740833
195	2.51383e-09	0.322197	-1.04066	0.00147291	0.912612	0.288357	0.00139307
196	2.51383e-09	0.501032	-0.968431	-0.00065482	0.850725	0.44338	-0.000137478
197	2.51383e-09	-1.0437	-0.31213	0.000772159	0.276863	-0.919534	-0.000305429
198	2.51383e-09	-0.856516	0.698845	-0.000702904	-0.604614	-0.736178	-0.0013279
199	2.51383e-09	0.528932	-0.969399	-0.000319946	0.835392	0.4528	0.000548555
200	2.51383e-09	0.977029	-0.525984	0.00237493	0.452432	0.833116	0.000474809
201	2.51383e-09	0.545367	-0.959668	0.00147061	0.828281	0.468649	-0.00202597
202	2.51383e-09	0.882003	-0.658963	0.00278406	0.566663	0.76465	0.00127651
203	2.51383e-09	0.791337	0.743157	-0.000575097	-0.656676	0.698666	-0.000250694
204	2.51383e-09	-0.00301074	1.10729	0.00193686	-0.949838	0.00105328	0.000143888
205	2.51383e-09	-0.605991	0.947746	0.00061952	-0.793417	-0.506206	-0.00111747
206	2.51383e-09	-0.909082	0.622341	0.0012354	-0.535152	-0.789306	-0.00222859
207	2.51383e-09	0.954026	-0.572659	0.000190622	0.489884	0.810815	-0.00089678
208	2.51383e-09	0.909749	-0.606417	-0.00195024	0.527208	0.7966	-0.000278898
209	2.51383e-09	0.0881227	1.09092	0.00205759	-0.953894	0.0781017	-0.000640502
210	2.51383e-09	-1.04322	0.389634	2.52851e-06	-0.334958	-0.885519	-0.000747973
211	2.51383e-09	-1.09628	-0.0323532	-0.000143156	0.02954	-0.956264	-0.00037691
212	2.51383e-09	-0.995873	0.523516	0.000221812	-0.438493	-0.834267	0.001657
213	2.51383e-09	1.06473	-0.252495	1.85258e-05	0.216749	0.929156	0.00148473
214	2.51383e-09	-0.81373	0.752387	-0.00101389	-0.64011	-0.699826	3.4224e-05
215	2.51383e-09	-0.714107	-0.861373	0.00150024	0.722664	-0.605189	-0.00215821
216	2.51383e-09	0.362895	-1.05056	0.00201935	0.89909	0.306268	-0.00020257
217	2.51383e-09	-0.236944	1.09086	0.000236411	-0.925741	-0.19613	0.000419005
218	2.51383e-09	-0.87772	0.648927	-0.000766296	-0.565803	-0.770075	0.000316577
219	2.51383e-09	0.512031	0.988772	8.99702e-05	-0.844046	0.435607	0.00015294
220	2.51383e-09	1.10035	-0.161343	-0.00104746	0.136182	0.937931	0.00204068
221	2.51383e-09	-0.864598	0.676643	0.00108619	-0.589792	-0.752916	-0.000772931
222	2.51383e-09	1.10731	0.124139	-0.000198411	-0.102648	0.942598	-0.00174527
223	2.51383e-09	-0.401711	-1.04307	0.00168094	0.884176	-0.336471	0.000506346
224	2.51383e-09	-0.822492	0.728512	0.000754865	-0.635775	-0.713726	0.00112508
225	2.51383e-09	-0.951804	0.592323	-0.00114711	-0.499352	-0.797677	0.00173222
226	2.51383e-09	1.06565	-0.357474	-0.0010102	0.3003	0.895822	-0.00154638
227	2.51383e-09	0.603377	0.92531	-0.000416497	-0.800221	0.519135	0.00172118
228	2.51383e-09	0.932528	-0.613415	-0.00191448	0.520785	0.790295	-5.47034e-05
229	2.51383e-09	-1.12176	0.0409856	-0.00286872	-0.0353445	-0.945225	-0.000918216
230	2.51383e-09	0.331698	1.08496	-0.00151679	-0.89769	0.273151	-0.00147995
231	2.51383e-09	-0.247778	1.10233	0.000189722	-0.919094	-0.201881	0.00137041
232	2.51383e-09	0.679164	0.882524	0.000655525	-0.747254	0.57826	0.0023688
233	2.51383e-09	0.751207	-0.832708	-0.000779854	0.703383	0.627892	0.000940269
234	2.51383e-09	1.04364	-0.415937	0.00050543	0.347899	0.875542	-0.000352083
235	2.51383e-09	0.265511	1.08334	0.00235762	-0.920807	0.221565	0.00414511
236	2.51383e-09	-0.881093	-0.700799	0.000113356	0.59036	-0.737086	-0.000904398
237	2.51383e-09	1.10785	0.162639	1.50796e-07	-0.138116	0.935297	0.000492026
238	2.51383e-09	-1.08702	0.313126	-0.00201821	-0.256105	-0.903531	-0.000697556
239	2.51383e-09	0.448369	1.01348	0.0022218	-0.867809	0.384396	-0.000605185
240	2.51383e-09	-1.06014	-0.409974	0.00264164	0.341232	-0.872046	0.000160626
241	2.51383e-09	0.591331	0.946125	-0.00211009	-0.805329	0.502137	-0.0025619
242	2.51383e-09	0.376789	-1.09182	0.000711275	0.877786	0.305327	0.00101271
243	2.51383e-09	0.434947	1.03814	0.0019581	-0.870276	0.359604	-0.00113799
244	2.51383e-09	1.12845	-0.1012	0.00116453	0.0813083	0.936012	-2.54725e-05
245	2.51383e-09	-1.10984	-0.192286	-0.00118162	0.161507	-0.9272	0.00118448
246	2.51383e-09	0.970707	0.543821	-0.000771382	-0.459594	0.831681	-0.00206144
247	2.51383e-09	-1.06275	0.322638	-0.00147814	-0.277228	-0.906583	0.00110404
248	2.51383e-09	0.0474134	-1.11078	-0.000606853	0.949639	0.0407197	0.00155181
249	2.51383e-09	-0.714213	0.873274	-0.000655128	-0.729337	-0.593484	-3.7375e-05
250	2.51383e-09	-0.578396	-0.971937	0.00183527	0.808182	-0.481535	0.00134605
251	2.51383e-09	1.12914	-0.0476831	-0.00272312	0.0366838	0.940335	-2.5682e-05
252	2.51383e-09	-0.758617	0.827063	0.00223775	-0.697827	-0.638788	0.000650342
253	2.51383e-09	0.887658	0.709429	0.000149104	-0.585175	0.731519	0.000166208
254	2.51383e-09	1.0771	0.334334	-0.00132445	-0.280655	0.896243	-0.000394289
255	2.51383e-09	-0.885253	-0.696319	0.00358714	0.581827	-0.743916	-0.000168807
256	2.51383e-09	1.10718	0.258056	0.00210404	-0.211089	0.913275	0.00040134
257	2.51383e-09	-1.09996	0.274743	-5.51134e-05	-0.226506	-0.912416	0.00179879
258	2.51383e-09	0.813303	0.80238	-0.00214822	-0.655875	0.663605	-0.00248896
259	2.51383e-09	1.00202	0.519773	-0.000576021	-0.430888	0.837234	-0.00214195
260	2.51383e-09	-1.02805	-0.474373	-0.00129973	0.393978	-0.854989	-0.00367186
261	2.51383e-09	1.09361	-0.331212	0.000368706	0.276343	0.89451	0.0007352
262	2.51383e-09	0.102183	-1.10754	-0.00441052	0.945529	0.0915633	-0.000559429
263	2.51383e-09	0.121044	-1.12715	0.00217961	0.933651	0.10166	0.000950003
264	2.51383e-09	0.446451	-1.03276	-0.000321822	0.864302	0.377889	-0.000534525
265	2.51383e-09	1.05039	0.450063	-0.00114233	-0.365934	0.861606	9.59933e-05
266	2.51383e-09	-0.723814	0.880013	0.00175129	-0.723793	-0.593851	-0.00076083
267	2.51383e-09	1.1257	-0.129672	0.00216192	0.107389	0.931503	-0.0028956
268	2.51383e-09	-0.361297	-1.07192	-0.000356074	0.890394	-0.300019	-0.000366422
269	2.51383e-09	-0.887721	-0.719604	-0.0016563	0.588603	-0.725347	0.000270343
270	2.51383e-09	1.11102	0.233003	-0.000285017	-0.192319	0.91857	-0.00109957
271	2.51383e-09	0.510936	1.02704	0.00114996	-0.837895	0.413756	-0.000866891
272	2.51383e-09	0.924677	0.668811	-0.00165908	-0.550704	0.75806	-0.00257386
273	2.51383e-09	-1.12063	0.201921	-4.84649e-05	-0.168321	-0.923438	0.000671138
274	2.51383e-09	-0.368617	1.05397	0.000329378	-0.8953	-0.313444	-0.00134268
275	2.51383e-09	0.726322	0.869707	0.00187224	-0.718742	0.606979	0.00119084
276	2.51383e-09	1.03507	-0.447033	0.00138016	0.374039	0.865312	0.000421307
277	2.51383e-09	-0.766404	0.855375	0.000307448	-0.694314	-0.619828	5.72505e-05
278	2.51383e-09	0.843444	-0.773428	0.000665263	0.636338	0.685399	0.000239669
279	2.51383e-09	0.30696	-1.09428	0.0005035	0.905053	0.256375	0.000292371
280	2.51383e-09	1.00561	0.585852	0.00192216	-0.46827	0.799065	-0.000933373
281	2.51383e-09	-0.544638	-1.00164	0.000982135	0.819735	-0.452516	-0.000529618
282	2.51383e-09	-0.523554	1.01165	0.00158725	-0.832778	-0.431946	-0.00251871
283	2.51383e-09	1.0816	0.360108	0.00200194	-0.294615	0.888657	0.00115299
284	2.51383e-09	1.14144	-0.195525	0.000381088	0.157375	0.915294	-0.00116113
285	2.51383e-09	-0.191132	-1.14728	0.000159032	0.911761	-0.153424	-0.000828321
286	2.51383e-09	-0.300127	-1.08831	0.00178255	0.906679	-0.253008	-0.000426365
287	2.51383e-09	-1.14168	-0.111362	0.000656551	0.0939375	-0.927157	8.32457e-05
288	2.51383e-09	0.97952	0.603887	0.000668516	-0.488027	0.795069	-0.00151552
289	2.51383e-09	-0.694511	-0.919638	0.00351346	0.742623	-0.563955	0.000621455
290	2.51383e-09	-0.595291	0.975914	-0.00175346	-0.798227	-0.487732	0.00209845
291	2.51383e-09	0.862003	0.76012	0.00183784	-0.615655	0.699016	0.000426527
292	2.51383e-09	0.155852	-1.14553	-0.00177583	0.921506	0.131725	0.000439766
293	2.51383e-09	-0.966966	0.619553	-0.00196432	-0.504459	-0.783745	0.00199754
294	2.51383e-09	0.0523573	1.15768	0.000593575	-0.92818	0.0424026	0.00240626
295	2.51383e-09	0.872969	0.743158	0.0013278	-0.602841	0.711314	0.00272505
296	2.51383e-09	1.09659	-0.386619	0.000320868	0.305713	0.873495	0.000313991
297	2.51383e-09	-0.353407	1.08977	0.00121441	-0.888654	-0.286213	6.77741e-05
298	2.51383e-09	-1.13229	-0.215005	-0.000212149	0.176255	-0.914684	0.000315883
299	2.51383e-09	-0.632575	0.969456	-0.00276018	-0.775548	-0.515667	0.00124316
300	2.51383e-09	1.14315	0.261808	0.000572152	-0.203319	0.897905	0.00114797
301	2.51383e-09	-0.202512	1.14484	0.000605615	-0.9096	-0.165432	0.00206263
302	2.51383e-09	0.801921	-0.835638	-0.00272219	0.671741	0.643942	-0.000987303
303	2.51383e-09	0.894493	0.740959	-0.000127216	-0.588001	0.714988	0.00127
304	2.51383e-09	-0.254356	-1.13227	0.00183796	0.906753	-0.20127	-0.0020934
305	2.51383e-09	-0.894987	0.707585	0.00197967	-0.581894	-0.734311	-0.00166109
306	2.51383e-09	1.06804	0.455685	0.00127097	-0.36592	0.851733	0.000455842
307	2.51383e-09	0.57128	-0.998685	-0.00175138	0.808933	0.461767	0.000571499
308	2.51383e-09	-0.83977	-0.800078	-0.00213438	0.64021	-0.673964	-5.96394e-05
309	2.51383e-09	0.975339	-0.614177	0.000656134	0.496384	0.78647	0.00135962
310	2.51383e-09	1.14497	0.0178947	-0.00100576	-0.0204481	0.936326	-0.00106146
311	2.51383e-09	-0.0326938	1.15375	-0.00219547	-0.930983	-0.0252073	0.000880824
312	2.51383e-09	-1.06689	-0.45878	0.00311755	0.368943	-0.851679	0.00173386
313	2.51383e-09	0.0723612	-1.15071	0.00109333	0.929862	0.0577375	0.00200229
314	2.51383e-09	0.663917	0.946483	0.00174305	-0.76054	0.534759	0.00155766
315	2.51383e-09	0.68564	-0.94636	-0.00297852	0.746656	0.545282	2.52818e-05
316	2.51383e-09	0.163322	1.15682	-0.00183131	-0.915245	0.128976	-0.00142
317	2.51383e-09	0.941968	0.662453	0.00172272	-0.538564	0.761671	0.000902293
318	2.51383e-09	0.331524	1.10442	-0.000427025	-0.894498	0.267498	0.00251088
319	2.51383e-09	0.854025	-0.799672	0.00243252	0.631407	0.674673	-0.000480799
320	2.51383e-09	-0.042103	-1.18034	-8.33066e-05	0.91788	-0.0359515	-0.00086509
321	2.51383e-09	0.481491	1.06874	-0.000310635	-0.840209	0.380873	-0.00102897
322	2.51383e-09	-0.302189	1.12567	0.000184949	-0.892778	-0.247068	-0.000491352
323	2.51383e-09	-0.495615	-1.06637	-0.00168076	0.833546	-0.389926	0.00194002
324	2.51383e-09	-1.10069	-0.424139	-0.00283128	0.329492	-0.859343	0.0007863
325	2.51383e-09	-0.333091	1.12344	-7.5331e-05	-0.885876	-0.260924	-0.000709333
326	2.51383e-09	1.17463	0.0760024	0.00182337	-0.0626344	0.917842	-0.000707314
327	2.51383e-09	1.05508	0.519381	-0.000819893	-0.407984	0.828221	-0.00238142
328	2.51383e-09	-1.15334	-0.111483	-2.84444e-05	0.090516	-0.922284	0.00144501
329	2.51383e-09	0.973786	0.673644	-0.0024686	-0.527877	0.753803	-0.00159427
330	2.51383e-09	0.827531	0.81481	-0.00154256	-0.648107	0.66304	0.000811304
331	2.51383e-09	-0.186317	-1.13932	-0.000967451	0.921214	-0.15033	6.79168e-05
332	2.51383e-09	-1.15006	0.153419	0.000286925	-0.125207	-0.919297	-0.000624538
333	2.51383e-09	0.651781	-0.981803	-0.000106206	0.769532	0.50714	0.000966078
334	2.51383e-09	-1.16958	-0.118242	-0.00083224	0.0908486	-0.917019	-0.000606681
335	2.51383e-09	0.493969	1.06663	-0.00139063	-0.838229	0.389005	-0.000443322
336	2.51383e-09	-0.897112	-0.754556	-0.00144287	0.596862	-0.705002	-0.000473193
337	2.51383e-09	-0.457196	-1.07988	0.00187913	0.851777	-0.358886	-0.00085128
338	2.51383e-09	-1.07399	-0.457218	0.00149497	0.359245	-0.85309	-0.00106976
339	2.51383e-09	0.403213	-1.12253	-0.000129016	0.860184	0.311061	-0.00196985
340	2.51383e-09	-0.493354	1.07772	0.00189261	-0.834037	-0.382846	-0.000396996
341	2.51383e-09	1.17882	0.134417	0.000105887	-0.106838	0.908695	-0.00103846
342	2.51383e-09	1.04961	-0.513714	0.000105882	0.40732	0.829825	-0.00121833
343	2.51383e-09	-1.13862	-0.231307	0.000495169	0.186629	-0.910283	-0.00243335
344	2.51383e-09	-0.646969	-0.986535	-0.00118224	0.767077	-0.505693	9.08879e-06
345	2.51383e-09	0.498767	1.05242	0.00252973	-0.838335	0.397899	0.000233741
346	2.51383e-09	0.339892	-1.10918	-0.000107357	0.886645	0.27327	0.00126995
347	2.51383e-09	0.655921	0.96599	0.00140121	-0.768115	0.519232	-8.39913e-05
348	2.51383e-09	-1.05116	-0.54368	-0.000841312	0.425295	-0.814948	0.000367374
349	2.51383e-09	0.458653	1.07784	0.00126347	-0.84905	0.367848	0.000929919
350	2.51383e-09	0.490831	-1.0559	0.000612671	0.841493	0.392494	0.000424717
351	2.51383e-09	1.10685	-0.410115	-0.00133091	0.315943	0.865816	-2.76387e-05
352	2.51383e-09	-0.555799	1.04602	0.00305719	-0.812167	-0.430279	0.000391059
353	2.51383e-09	-0.839778	-0.835756	-0.00099623	0.648287	-0.652546	0.000479613
354	2.51383e-09	0.708683	-0.95782	-1.87382e-05	0.735414	0.54618	0.00136104
355	2.51383e-09	-0.700787	0.92658	0.000405211	-0.741765	-0.559656	0.000563539
356	2.51383e-09	-0.729729	0.940526	0.000105729	-0.724321	-0.561679	0.000180253
357	2.51383e-09	-0.328633	-1.13321	-0.00105783	0.884369	-0.254967	0.000112936
358	2.51383e-09	0.735109	0.941921	-0.00186235	-0.720768	0.56303	0.000191962
359	2.51383e-09	0.60651	1.04238	0.0001874	-0.784145	0.45649	0.000325845
360	2.51383e-09	0.725377	-0.909812	0.00268706	0.723282	0.58002	0.000247626
361	2.51383e-09	0.812333	0.859341	-0.000436573	-0.663578	0.635643	-0.000271351
362	2.51383e-09	0.341748	1.12724	-0.00160275	-0.882901	0.264944	0.000919729
363	2.51383e-09	1.02766	0.574189	-0.00122607	-0.447324	0.805897	-0.00128083
364	2.51383e-09	-1.12753	-0.31824	-0.00227558	0.249277	-0.890951	0.000254111
365	2.51383e-09	-1.05977	-0.537735	0.000397249	0.411765	-0.81922	0.00128878
366	2.51383e-09	0.405056	1.11947	-0.000947509	-0.860854	0.312438	0.00210302
367	2.51383e-09	-0.729281	-0.947522	-0.000740429	0.72713	-0.554409	-0.000447868
368	2.51383e-09	-0.052836	1.18569	-0.00154684	-0.918679	-0.0393071	-0.0013758
369	2.51383e-09	-0.260694	1.16368	0.00165872	-0.89385	-0.203391	0.00141631
370	2.51383e-09	1.14231	-0.340453	-0.000102692	0.263699	0.876287	-0.00150136
371	2.51383e-09	1.18308	-0.239905	-0.00194573	0.181685	0.889564	-0.00158053
372	2.51383e-09	-0.56446	-1.03744	0.000264888	0.808671	-0.439774	0.00120659
373	2.51383e-09	1.18285	0.150706	-0.000690832	-0.117466	0.908557	0.000325095
374	2.51383e-09	-1.19113	0.196142	0.000346706	-0.149169	-0.896273	-0.00104497
375	2.51383e-09	-0.276681	-1.15969	-0.000272859	0.892073	-0.211212	0.000779281
376	2.51383e-09	-0.622586	-1.00352	-0.000495917	0.784652	-0.48776	0.000344423
377	2.51383e-09	1.16637	0.222359	-0.00238152	-0.173673	0.902817	-0.000598902
378	2.51383e-09	-0.47941	1.10341	0.000934435	-0.83527	-0.363903	0.00122408
379	2.51383e-09	0.439163	-1.08823	0.000555849	0.859543	0.346875	-0.000609677
380	2.51383e-09	0.65801	-0.984195	0.00306651	0.765084	0.509825	-0.000321655
381	2.51383e-09	-0.944434	0.720655	0.000250253	-0.555105	-0.729095	-0.00108778
382	2.51383e-09	-0.3243	-1.14917	-0.000939836	0.879603	-0.247719	0.00146148
383	2.51383e-09	-0.0380413	1.17242	-0.00258423	-0.924699	-0.0310928	0.000970759
384	2.51383e-09	0.44379	1.11519	-0.00341458	-0.850432	0.337762	-0.000730489
385	2.51383e-09	-0.123971	-1.17934	-0.00129563	0.912743	-0.0971022	0.000525147
386	2.51383e-09	-0.880623	0.825959	-0.000742091	-0.626368	-0.660253	0.000720137
387	2.51383e-09	1.13358	0.38758	0.0011115	-0.29431	0.865902	-0.000483111
388	2.51383e-09	1.11498	0.431815	0.000311272	-0.33641	0.851622	0.00148215
389	2.51383e-09	-0.593458	1.04335	0.000127789	-0.791032	-0.453882	-0.000620241
390	2.51383e-09	-0.0860915	1.18593	-5.07141e-05	-0.914371	-0.0662447	0.000674479
391	2.51383e-09	0.763743	-0.940018	-0.00151844	0.706833	0.56948	-6.01982e-05
392	2.51383e-09	1.11552	0.448429	-0.00119047	-0.339856	0.847572	-0.000843805
393	2.51383e-09	-0.568403	-1.06038	0.00230075	0.804872	-0.43142	0.00022047
394	2.51383e-09	0.780104	-0.898855	-0.00111044	0.694338	0.602224	-0.00113314
395	2.51383e-09	0.33796	1.16051	-0.00142763	-0.872116	0.252644	-3.95162e-05
396	2.51383e-09	-0.00220194	1.197	-0.0026469	-0.916394	-0.00484175	-0.000147057
397	2.51383e-09	-0.676751	0.998764	-0.00140566	-0.754124	-0.508408	-0.000950738
398	2.51383e-09	1.11265	-0.473866	-0.00030804	0.360874	0.834903	0.00178665
399	2.51383e-09	-0.0940687	-1.19919	-0.0026513	0.908043	-0.0707658	0.00118636
400	2.51383e-09	-0.058877	1.19704	0.00266537	-0.910412	-0.0493762	-0.000227863
