1.768001e+03
401
0	1	8.16781e-05	5.05613e-05	-7.45246e-08	5.72235e-08	7.12621e-08	-5.22957e-11
1	2.51383e-09	0.00247437	1.00209	0.000461361	-0.999143	0.00281573	-0.000221427
2	2.51383e-09	-0.151293	-0.983212	0.000461612	0.992584	-0.148934	-0.00121871
3	2.51383e-09	-0.227222	0.977357	7.19447e-05	-0.971232	-0.226816	0.00103504
4	2.51383e-09	-0.980099	-0.199101	0.000793093	0.19779	-0.980323	-0.000744968
5	2.51383e-09	0.946486	-0.349855	-0.000724653	0.345166	0.931916	-3.21142e-05
6	2.51383e-09	-0.675494	0.745258	0.000793624	-0.739734	-0.668305	-0.00072676
7	2.51383e-09	0.8398	-0.543339	-0.000471524	0.545929	0.83895	8.13131e-05
8	2.51383e-09	-0.969104	0.250179	0.00083851	-0.245955	-0.968006	-0.00044991
9	2.51383e-09	0.776018	0.627777	0.000212942	-0.629569	0.77909	0.000107483
10	2.51383e-09	-0.932259	0.354592	-0.000159242	-0.356415	-0.937861	0.000439652
11	2.51383e-09	-0.990229	0.180059	0.00111143	-0.178946	-0.980362	0.00071354
12	2.51383e-09	0.979553	-0.252254	0.000758475	0.250506	0.962358	-0.00077076
13	2.51383e-09	0.306166	0.961505	-0.00136033	-0.950131	0.296836	0.00253656
14	2.51383e-09	-0.993183	0.195432	0.00179033	-0.187034	-0.975717	-3.94598e-05
15	2.51383e-09	0.811468	0.601966	-0.00133038	-0.59016	0.797599	-0.00135371
16	2.51383e-09	0.77036	-0.63818	0.00110686	0.63736	0.769984	-6.20902e-05
17	2.51383e-09	-0.921494	0.403747	-0.0020256	-0.399819	-0.911623	-0.000862013
18	2.51383e-09	-0.513528	0.876368	0.00017373	-0.853143	-0.503829	-0.00202062
19	2.51383e-09	0.870408	-0.526132	-0.000537706	0.509727	0.850958	-0.00156043
20	2.51383e-09	0.663119	0.77574	-0.000242778	-0.752345	0.643566	-0.000288548
21	2.51383e-09	-0.0641194	1.01471	-0.000506471	-0.989355	-0.0568297	0.000414442
22	2.51383e-09	0.0408649	1.00988	-0.000375763	-0.996169	0.0398631	-0.000825472
23	2.51383e-09	-0.548523	-0.847983	-0.000461445	0.836239	-0.539547	0.000830378
24	2.51383e-09	-0.711922	0.722153	0.000122233	-0.710179	-0.694696	0.000581179
25	2.51383e-09	0.365298	-0.95035	0.00111218	0.925168	0.355094	0.000428515
26	2.51383e-09	-0.925826	0.392989	0.000754083	-0.391854	-0.916403	-0.000447585
27	2.51383e-09	-0.702306	0.713657	-0.00156043	-0.716115	-0.701448	4.84403e-05
28	2.51383e-09	0.906404	-0.457299	0.00148906	0.444494	0.887184	-0.00165884
29	2.51383e-09	-0.688377	-0.738794	0.000770235	0.728804	-0.681061	-0.00225368
30	2.51383e-09	0.658174	-0.766618	0.00213959	0.756487	0.647142	0.000450109
31	2.51383e-09	0.123564	-1.00232	0.00124345	0.988742	0.121968	-0.000248802
32	2.51383e-09	0.603611	0.812013	-0.000355799	-0.797618	0.592277	-0.000796083
33	2.51383e-09	0.503735	0.888188	-0.000555269	-0.859807	0.488463	-0.000889665
34	2.51383e-09	-0.892826	0.507608	0.000258394	-0.489692	-0.857752	0.000675828
35	2.51383e-09	0.334213	-0.959189	-0.000867072	0.938517	0.324167	0.000912089
36	2.51383e-09	-0.989711	0.250279	-0.000272351	-0.243886	-0.959672	-0.00115711
37	2.51383e-09	0.413859	0.919183	0.000937595	-0.911389	0.410037	0.000426833
38	2.51383e-09	-0.898027	0.464874	0.000536915	-0.457641	-0.883508	0.000663504
39	2.51383e-09	0.389922	-0.935515	-0.00055453	0.918593	0.381998	-0.000895818
40	2.51383e-09	0.90298	0.456833	0.0012093	-0.449369	0.886283	7.49152e-05
41	2.51383e-09	-0.336185	-0.958035	0.000169854	0.93742	-0.325428	-0.00194879
42	2.51383e-09	-0.649154	0.796721	-0.0010597	-0.763601	-0.623674	0.00189738
43	2.51383e-09	-0.79525	0.642253	-0.000957145	-0.621003	-0.771443	-0.000607881
44	2.51383e-09	-0.314588	0.980472	0.00098567	-0.937547	-0.302699	-0.000468698
45	2.51383e-09	0.525918	-0.876135	-0.000208938	0.848436	0.510294	-0.00178577
46	2.51383e-09	0.648324	-0.803109	-0.000348888	0.765156	0.618058	0.00123622
47	2.51383e-09	1.00328	-0.173292	-0.000233425	0.168631	0.97589	0.000992099
48	2.51383e-09	0.90336	-0.482688	0.000529686	0.46843	0.869462	-0.000523213
49	2.51383e-09	-0.931736	-0.432157	-2.29728e-05	0.417124	-0.893802	-0.00150254
50	2.51383e-09	0.849502	0.572181	-3.73718e-05	-0.553239	0.819359	-0.00205808
51	2.51383e-09	-1.01927	-0.100395	0.000260774	0.0946919	-0.982677	0.0014466
52	2.51383e-09	-0.830648	-0.619644	0.00115239	0.587129	-0.786338	9.54716e-05
53	2.51383e-09	-0.573564	-0.854268	-0.000273705	0.815187	-0.550588	-0.000521512
54	2.51383e-09	-0.951313	-0.378563	0.000136958	0.362868	-0.920032	0.000487747
55	2.51383e-09	-0.020951	1.03692	-0.000801762	-0.98082	-0.0192253	-0.000200997
56	2.51383e-09	0.986815	-0.3038	-0.00154397	0.288976	0.937971	-0.00142954
57	2.51383e-09	0.574036	0.857737	-0.00139436	-0.818904	0.548169	-0.000418783
58	2.51383e-09	-0.869246	-0.558834	0.00101858	0.532222	-0.826691	0.000413238
59	2.51383e-09	-0.97499	-0.315563	-0.00105978	0.304576	-0.939268	8.71519e-06
60	2.51383e-09	1.024	0.0198041	0.00181515	-0.0201448	0.986867	0.00187806
61	2.51383e-09	-0.122717	-1.03808	0.000360504	0.971982	-0.112346	0.000501719
62	2.51383e-09	-0.024761	-1.03324	-0.000669811	0.984039	-0.0213619	0.000597169
63	2.51383e-09	-1.02221	-0.111142	0.000339658	0.104865	-0.980438	0.00182212
64	2.51383e-09	-0.465084	-0.91046	-0.00164881	0.883477	-0.44621	-0.000370616
65	2.51383e-09	-0.250488	1.00655	0.0009821	-0.951438	-0.237169	-0.0018295
66	2.51383e-09	-0.608075	0.832134	0.00284004	-0.795381	-0.5792	-0.000741839
67	2.51383e-09	-0.641555	-0.811357	0.000861486	0.770545	-0.60914	-0.000963806
68	2.51383e-09	0.325977	0.974926	-0.000181932	-0.936083	0.314934	-0.00260007
69	2.51383e-09	0.287843	-0.99635	-0.000727349	0.943046	0.270152	-0.000937354
70	2.51383e-09	-0.520985	0.889803	-0.00063513	-0.850137	-0.497721	-0.000174518
71	2.51383e-09	-0.814473	0.647095	-0.000719681	-0.609016	-0.76776	-0.00104038
72	2.51383e-09	0.693263	-0.7759	-0.000752019	0.729533	0.654135	0.00131556
73	2.51383e-09	-0.49069	-0.905677	-0.000878988	0.864975	-0.473489	-0.000224416
74	2.51383e-09	0.473122	0.923822	0.00115954	-0.871601	0.446995	0.0015551
75	2.51383e-09	-0.561019	0.867868	-0.000726776	-0.826819	-0.535055	-0.000190475
76	2.51383e-09	0.114315	-1.03293	0.000744343	0.977756	0.108434	0.000316167
77	2.51383e-09	0.246625	1.0196	0.0007277	-0.949854	0.230222	0.000766473
78	2.51383e-09	0.999687	-0.285423	-0.000175899	0.271387	0.944298	-0.00139893
79	2.51383e-09	0.700008	-0.752293	0.000806579	0.723304	0.670043	0.000246777
80	2.51383e-09	-0.914828	-0.504713	-0.000596388	0.468745	-0.857274	-0.00127587
81	2.51383e-09	0.80257	0.66673	0.000437983	-0.624156	0.754676	-0.00179655
82	2.51383e-09	-0.403751	-0.967149	-0.00033926	0.897809	-0.380724	-0.000426783
83	2.51383e-09	0.961055	0.405241	0.00173225	-0.38236	0.901092	0.0014374
84	2.51383e-09	0.12459	-1.03341	-0.000649793	0.972685	0.115359	0.00156627
85	2.51383e-09	0.911227	-0.51372	-7.7296e-05	0.480185	0.849197	-0.00196729
86	2.51383e-09	0.70677	-0.759329	0.00103814	0.718768	0.670271	0.00131972
87	2.51383e-09	1.01767	0.200405	-0.000381467	-0.190707	0.963031	0.000641529
88	2.51383e-09	0.157314	1.03129	-0.000460266	-0.966975	0.150785	0.00109846
89	2.51383e-09	-0.325528	-1.00118	0.000113546	0.927329	-0.300075	-0.000427949
90	2.51383e-09	1.02725	0.185712	0.000537616	-0.172827	0.96319	0.00120102
91	2.51383e-09	-1.03763	-0.121606	0.000856017	0.114632	-0.970041	-4.54889e-05
92	2.51383e-09	-0.782004	0.709634	-0.00110314	-0.65382	-0.718871	-0.000451918
93	2.51383e-09	0.864032	0.600966	-0.000381767	-0.560082	0.798144	-0.00188652
94	2.51383e-09	-0.684683	-0.803074	-0.00062085	0.739083	-0.630933	0.000866615
95	2.51383e-09	-0.638963	0.825062	-0.000127489	-0.77664	-0.597351	-0.00106285
96	2.51383e-09	0.813954	0.671313	-0.00201242	-0.620858	0.749581	0.000466239
97	2.51383e-09	0.133519	1.04432	0.00317386	-0.966171	0.117948	-0.0023403
98	2.51383e-09	0.338627	-0.998254	-0.000682993	0.923887	0.314392	0.00108151
99	2.51383e-09	-0.641726	-0.843268	-0.000549719	0.772626	-0.588086	-0.000467608
100	2.51383e-09	-0.733556	-0.759659	-0.000207772	0.699613	-0.673763	-0.000389183
101	2.51383e-09	-0.574697	-0.865776	-0.000708219	0.816958	-0.539502	-0.000928406
102	2.51383e-09	-0.998881	0.282935	0.000473122	-0.265297	-0.946669	-0.00125951
103	2.51383e-09	-0.430103	0.961302	-0.000143912	-0.888269	-0.400331	6.31489e-05
104	2.51383e-09	1.05157	0.111032	-0.000840422	-0.103944	0.96889	-0.000114467
105	2.51383e-09	0.582155	0.881033	-0.000276574	-0.809203	0.53436	-9.70477e-05
106	2.51383e-09	-0.814452	0.66525	-0.000246095	-0.617929	-0.755388	0.0023603
107	2.51383e-09	-1.03232	-0.155363	0.000902345	0.144684	-0.970465	-0.000241112
108	2.51383e-09	-0.0589175	-1.06426	0.000383966	0.966139	-0.0533935	-0.000824405
109	2.51383e-09	-0.795735	0.700873	-0.000574851	-0.6424	-0.726896	1.84935e-05
110	2.51383e-09	1.00936	-0.318892	0.00108775	0.293032	0.926216	-0.00150174
111	2.51383e-09	-0.793899	0.716797	0.000861533	-0.65163	-0.713956	0.000865324
112	2.51383e-09	-0.835287	-0.645855	-0.000149261	0.594014	-0.769799	-0.000870078
113	2.51383e-09	0.142029	1.04383	0.000764917	-0.965464	0.130755	0.000570946
114	2.51383e-09	-1.05513	0.0450936	0.00172822	-0.0439761	-0.973264	0.00107402
115	2.51383e-09	0.829849	-0.665521	0.000369316	0.608088	0.753461	-0.00232302
116	2.51383e-09	0.7198	-0.769586	-0.000539367	0.713504	0.663863	-0.00023739
117	2.51383e-09	0.133965	1.05134	6.27824e-05	-0.96262	0.12146	0.0013554
118	2.51383e-09	1.05807	-0.178333	0.000866665	0.161329	0.95068	0.00173859
119	2.51383e-09	0.961625	-0.429229	-0.000387488	0.397943	0.890683	-0.000416592
120	2.51383e-09	1.03484	-0.212034	-0.0011874	0.196576	0.951638	0.00026929
121	2.51383e-09	-0.620248	0.861902	-0.00186657	-0.789532	-0.568543	0.000142634
122	2.51383e-09	0.868556	0.599747	5.45887e-05	-0.55061	0.804056	0.000210717
123	2.51383e-09	1.03519	-0.196029	0.000611366	0.182093	0.958249	-0.000520262
124	2.51383e-09	-0.855799	0.636576	0.00156952	-0.581973	-0.775148	-0.00109932
125	2.51383e-09	-0.83251	-0.652691	-0.000386611	0.600108	-0.766655	-0.00177616
126	2.51383e-09	0.154307	-1.05152	-0.000908726	0.959542	0.141318	0.00151653
127	2.51383e-09	0.400957	0.979115	-0.000929299	-0.898976	0.370119	-0.00101871
128	2.51383e-09	-1.05017	-0.164116	0.000290759	0.152408	-0.958977	0.000839727
129	2.51383e-09	-0.441725	-0.971713	-0.000138256	0.882245	-0.400674	-0.00085587
130	2.51383e-09	-0.958119	0.435525	0.0010001	-0.402957	-0.887368	-0.00089635
131	2.51383e-09	0.409456	0.989891	-1.7779e-05	-0.895213	0.369058	-0.000239291
132	2.51383e-09	0.581091	0.904317	-0.000839212	-0.809703	0.523639	0.000891922
133	2.51383e-09	-0.578915	-0.893763	0.00274985	0.812571	-0.52615	0.00195641
134	2.51383e-09	0.372014	-0.997278	-0.00276577	0.907731	0.338736	-0.000869555
135	2.51383e-09	-0.462687	-0.95959	-0.00166996	0.872278	-0.422522	0.000521743
136	2.51383e-09	-0.473267	-0.965551	-0.000183842	0.863999	-0.426655	-0.00287608
137	2.51383e-09	1.05394	-0.177856	0.00142195	0.161952	0.952935	0.000601593
138	2.51383e-09	-0.365815	-1.00808	-0.000265461	0.90902	-0.326918	-0.00226959
139	2.51383e-09	0.665742	-0.826402	0.000704556	0.757602	0.610722	0.00034984
140	2.51383e-09	0.695589	-0.824369	-0.000406787	0.736695	0.618821	-0.00143242
141	2.51383e-09	-0.00399156	1.06544	-0.00130104	-0.968697	0.000433061	-8.31564e-05
142	2.51383e-09	0.576502	-0.906934	-0.000816885	0.813169	0.517931	0.000913308
143	2.51383e-09	1.05751	-0.183721	-0.000675962	0.16616	0.95026	-0.000802216
144	2.51383e-09	1.07537	0.0901647	0.000356718	-0.0813506	0.958259	-0.000839369
145	2.51383e-09	1.03447	0.3049	0.000764739	-0.271889	0.924631	0.00142699
146	2.51383e-09	0.76983	-0.766	-0.00014095	0.675864	0.681255	-0.000922301
147	2.51383e-09	-0.397915	0.996636	-0.001066	-0.89859	-0.359609	-0.000859938
148	2.51383e-09	-0.852121	-0.666021	-0.000116322	0.591917	-0.755525	0.00174608
149	2.51383e-09	-0.861159	-0.625857	-1.39182e-05	0.568936	-0.788874	0.000894722
150	2.51383e-09	0.829686	-0.665753	-0.00075825	0.60596	0.758787	-0.00153668
151	2.51383e-09	1.0498	0.25854	0.00109685	-0.226414	0.933911	-0.000434751
152	2.51383e-09	-0.56979	0.90732	-0.00257131	-0.817728	-0.51544	0.00242882
153	2.51383e-09	-1.06104	-0.218812	0.000632414	0.195546	-0.939967	-0.00020902
154	2.51383e-09	-0.936565	0.562859	0.000892078	-0.493677	-0.818411	0.000204607
155	2.51383e-09	0.594217	-0.901431	-0.00139651	0.801249	0.530341	0.00205568
156	2.51383e-09	0.977725	-0.464273	0.000824479	0.408112	0.870027	0.00127405
157	2.51383e-09	-1.07866	-0.0126096	0.000258598	0.0122653	-0.96343	-0.000689139
158	2.51383e-09	-0.718834	0.803459	-0.000366099	-0.717898	-0.641733	0.000955476
159	2.51383e-09	-0.616917	0.882685	0.00131343	-0.790543	-0.551455	0.00177254
160	2.51383e-09	-1.07509	-0.130969	0.000269638	0.118583	-0.953089	0.000336365
161	2.51383e-09	0.0166807	-1.09162	-0.000400805	0.956789	0.0119074	-6.14867e-05
162	2.51383e-09	-0.957462	0.507909	0.000606277	-0.452785	-0.847565	-0.000398651
163	2.51383e-09	0.661023	0.849973	0.00165607	-0.761376	0.591161	-0.00157312
164	2.51383e-09	-0.0639595	1.06903	0.000739444	-0.964778	-0.056829	0.000843624
165	2.51383e-09	-0.112965	-1.08206	0.00213131	0.95261	-0.0985361	-0.00119301
166	2.51383e-09	-1.05694	-0.261677	-0.000496176	0.232111	-0.927986	0.000593651
167	2.51383e-09	-1.02228	-0.359603	-0.00269397	0.323103	-0.905791	0.00119004
168	2.51383e-09	1.08217	-0.0591713	-0.00209471	0.0509707	0.956352	-0.000839909
169	2.51383e-09	1.05957	-0.210695	0.00126072	0.19029	0.944493	4.50779e-05
170	2.51383e-09	-0.872981	-0.655507	0.00155204	0.578378	-0.763811	0.00294372
171	2.51383e-09	0.219751	-1.06649	-0.00099589	0.939019	0.190406	0.00301595
172	2.51383e-09	-1.10087	0.0200293	0.000833051	-0.015769	-0.952556	0.00117687
173	2.51383e-09	1.01529	0.423038	0.00087857	-0.368541	0.879961	0.000753093
174	2.51383e-09	-0.887995	-0.65768	0.000152224	0.564701	-0.762682	-0.00174051
175	2.51383e-09	1.06791	-0.214422	0.000419646	0.18931	0.940782	0.000814815
176	2.51383e-09	0.581629	0.897402	0.000185489	-0.812547	0.524411	-0.000864997
177	2.51383e-09	0.260053	-1.06008	0.000350945	0.930524	0.228361	-0.000512317
178	2.51383e-09	1.09626	-0.00792314	-0.00155706	0.00798737	0.954683	0.000133229
179	2.51383e-09	-0.965806	-0.503467	-0.0010083	0.442603	-0.850156	-0.00116588
180	2.51383e-09	-0.635208	0.882192	0.00231981	-0.778012	-0.559482	0.00086735
181	2.51383e-09	-0.460213	-0.984442	-0.000483838	0.869672	-0.407435	0.000588188
182	2.51383e-09	-0.422779	0.99452	-0.0019071	-0.887249	-0.376532	0.00130009
183	2.51383e-09	0.557097	0.958093	0.000434065	-0.820003	0.478298	-0.001843
184	2.51383e-09	0.182346	1.08733	0.000669467	-0.937888	0.157023	5.03039e-05
185	2.51383e-09	0.36912	-1.03196	-0.00180001	0.899261	0.32156	-0.00111132
186	2.51383e-09	0.292572	-1.04286	-0.00063136	0.928077	0.255916	-0.000708254
187	2.51383e-09	-1.00634	0.417741	-0.00150003	-0.367532	-0.884025	-0.000194005
188	2.51383e-09	-0.833615	0.704112	-0.00104155	-0.617864	-0.733011	-7.07211e-06
189	2.51383e-09	1.09128	-0.091195	0.00205707	0.0755422	0.951062	0.000742529
190	2.51383e-09	-0.803076	-0.753006	-0.00119762	0.650786	-0.695574	0.000289714
191	2.51383e-09	0.661437	0.875489	0.00160483	-0.763451	0.573237	-0.00114437
192	2.51383e-09	0.250754	-1.07758	0.000163524	0.924171	0.215229	0.00055017
193	2.51383e-09	-0.794194	0.760697	-0.000783969	-0.661304	-0.688192	0.000423634
194	2.51383e-09	-1.10362	0.0603085	0.00135314	-0.052984	-0.948626	-0.000523636
195	2.51383e-09	-0.389761	-1.02432	-0.00313055	0.892664	-0.335913	-0.00131953
196	2.51383e-09	0.522007	-0.967136	0.000475707	0.837649	0.455709	-0.000914088
197	2.51383e-09	-0.395377	1.01733	0.00101954	-0.890428	-0.350144	0.000569167
198	2.51383e-09	-0.880158	0.690387	0.0011895	-0.584968	-0.740517	0.000224632
199	2.51383e-09	-0.683591	0.856911	-2.0971e-05	-0.747085	-0.596944	-1.50749e-05
200	2.51383e-09	-0.0832191	1.10925	0.00244573	-0.944981	-0.0718876	-0.000995807
201	2.51383e-09	-1.06277	-0.306786	-0.000117642	0.271033	-0.911676	-0.000546458
202	2.51383e-09	-1.10507	0.0151081	0.0003029	-0.0154114	-0.951972	-0.000680813
203	2.51383e-09	1.08005	-0.149087	0.00135177	0.13236	0.949409	-0.000662187
204	2.51383e-09	0.119242	-1.09618	0.00031328	0.946389	0.105926	-0.00181838
205	2.51383e-09	-0.96236	-0.549114	-0.00109147	0.471896	-0.825202	0.000440943
206	2.51383e-09	-0.932492	-0.58016	0.00320861	0.505052	-0.810632	-0.000501233
207	2.51383e-09	-0.401689	1.02682	-0.00147636	-0.885929	-0.350519	-0.000396296
208	2.51383e-09	-0.653192	0.90094	-0.000511927	-0.769089	-0.556516	-0.000382406
209	2.51383e-09	-0.763047	0.776856	0.000828916	-0.685619	-0.672606	0.00105945
210	2.51383e-09	-0.725625	0.837105	-0.000219053	-0.718138	-0.621686	0.000547894
211	2.51383e-09	0.330233	1.05494	-0.000633016	-0.90959	0.280531	0.000851486
212	2.51383e-09	-0.94235	0.60345	0.00057372	-0.506344	-0.79706	0.000922723
213	2.51383e-09	-0.646616	-0.888196	-0.00046009	0.769739	-0.563056	-0.000892656
214	2.51383e-09	1.02932	-0.391972	-0.00127159	0.342018	0.890252	-8.66101e-05
215	2.51383e-09	0.267438	1.07732	-0.00194241	-0.921856	0.228408	0.00167327
216	2.51383e-09	1.09409	0.172037	-0.000233691	-0.148207	0.937363	0.000678803
217	2.51383e-09	-1.11574	0.0919031	-0.000468147	-0.0789556	-0.939251	0.000437896
218	2.51383e-09	0.990478	-0.480589	-0.000468542	0.416044	0.857766	0.00109694
219	2.51383e-09	-0.921108	0.638508	-0.000792541	-0.537966	-0.775034	-0.00136031
220	2.51383e-09	0.646665	0.912737	0.000385786	-0.771424	0.544195	-0.00151704
221	2.51383e-09	-1.11522	0.00328719	-0.000166671	-0.00592711	-0.946267	0.000914359
222	2.51383e-09	0.926841	0.635718	0.00222041	-0.531972	0.777292	-0.000272249
223	2.51383e-09	-0.969404	-0.560623	-0.00085446	0.472059	-0.816988	0.00033905
224	2.51383e-09	1.03892	0.404233	0.00108611	-0.342698	0.882059	-0.00042708
225	2.51383e-09	-0.229335	1.08894	0.00082081	-0.926174	-0.196612	-0.00120216
226	2.51383e-09	-0.077017	-1.12316	-0.00139237	0.939829	-0.0648637	0.000386003
227	2.51383e-09	-0.676386	-0.886545	-0.000578717	0.752171	-0.573217	0.000883907
228	2.51383e-09	1.11117	0.101484	0.00066564	-0.0862628	0.943041	0.000795141
229	2.51383e-09	0.805289	-0.798641	-0.00179972	0.663096	0.664276	0.000457591
230	2.51383e-09	1.02128	-0.480433	0.000934008	0.402694	0.850805	0.00100078
231	2.51383e-09	1.12626	0.104314	0.000760734	-0.085826	0.937733	-0.00210802
232	2.51383e-09	-0.845989	-0.709806	0.00268882	0.612696	-0.730296	-0.000186062
233	2.51383e-09	-0.536108	-0.98015	0.000571411	0.827913	-0.457413	-0.00113037
234	2.51383e-09	-0.00250228	1.11352	-0.000424961	-0.947895	-0.00227249	0.00199478
235	2.51383e-09	-0.725569	0.858718	-0.00134235	-0.720777	-0.608285	0.0018024
236	2.51383e-09	0.50015	-1.01212	0.00185234	0.843856	0.414777	-0.00107272
237	2.51383e-09	-0.929834	-0.619233	-0.000133422	0.524531	-0.789265	0.00117352
238	2.51383e-09	0.418618	1.04644	-0.000935597	-0.872903	0.350232	0.00175777
239	2.51383e-09	0.446567	-1.01728	0.00155137	0.869756	0.382564	-0.00121604
240	2.51383e-09	0.38614	1.06089	-0.0010185	-0.884602	0.324342	-0.00207011
241	2.51383e-09	1.05517	0.369839	-0.000865545	-0.31419	0.894283	0.00147272
242	2.51383e-09	-0.981296	-0.580482	0.00114059	0.477895	-0.805625	-0.002035
243	2.51383e-09	-0.799724	0.787655	0.000911738	-0.662531	-0.674354	0.000929333
244	2.51383e-09	0.580783	0.95732	0.000903607	-0.808169	0.48945	-0.000758777
245	2.51383e-09	0.645668	0.9273	-0.000831152	-0.769735	0.539515	-0.000809643
246	2.51383e-09	-1.06764	-0.344681	-0.00186596	0.294676	-0.897592	-0.000193345
247	2.51383e-09	-1.10866	-0.0708734	-0.000185282	0.0625329	-0.947354	-0.00184779
248	2.51383e-09	-0.120374	1.10472	-0.000724057	-0.944886	-0.0961582	0.000957755
249	2.51383e-09	-1.12075	0.0178994	-0.000160698	-0.0155689	-0.943189	-0.00121161
250	2.51383e-09	0.0670776	1.12272	0.00082096	-0.940672	0.0565713	-0.000193082
251	2.51383e-09	-1.02808	0.494521	-0.00238935	-0.403865	-0.843057	0.000336722
252	2.51383e-09	0.812235	-0.791427	0.00105858	0.655414	0.669721	-0.000784544
253	2.51383e-09	-0.365456	-1.06654	0.00194948	0.890895	-0.303112	0.000838271
254	2.51383e-09	0.0416383	1.11431	0.000985905	-0.946978	0.0322443	0.000744102
255	2.51383e-09	1.02246	-0.492083	1.34066e-05	0.408695	0.843524	-0.00206218
256	2.51383e-09	0.528735	1.0008	-0.00100513	-0.832216	0.436314	0.00100165
257	2.51383e-09	-0.969514	-0.584609	-0.00107866	0.484658	-0.804367	4.07096e-05
258	2.51383e-09	-0.565562	0.977805	0.000152351	-0.813478	-0.473225	-0.00089201
259	2.51383e-09	0.540603	0.98349	5.06575e-06	-0.828016	0.455209	-0.000278478
260	2.51383e-09	-0.383084	1.06098	0.000301687	-0.885482	-0.325378	0.00200647
261	2.51383e-09	0.819749	0.797512	-0.000546231	-0.649248	0.672047	0.000247284
262	2.51383e-09	0.430076	1.04213	-0.000418273	-0.871422	0.360036	0.000544756
263	2.51383e-09	-0.130135	-1.1311	-0.000610344	0.930469	-0.107615	0.000291684
264	2.51383e-09	0.526223	0.997851	0.000702967	-0.830805	0.441718	0.000276961
265	2.51383e-09	-0.77072	0.848645	-0.00155907	-0.688589	-0.630016	-0.000447593
266	2.51383e-09	-0.218093	-1.12015	0.00100951	0.917354	-0.180929	-0.00154301
267	2.51383e-09	-1.11843	-0.117962	-0.00196212	0.0995809	-0.939265	-0.00116719
268	2.51383e-09	1.023	0.466261	-0.000278911	-0.393219	0.860106	-0.000535985
269	2.51383e-09	-0.936713	0.643072	-0.00106664	-0.531762	-0.772412	0.00113148
270	2.51383e-09	-0.300119	-1.09216	-0.000466122	0.907038	-0.248267	0.000887133
271	2.51383e-09	-0.948774	-0.638615	0.000868397	0.519527	-0.777264	-0.00035506
272	2.51383e-09	0.607346	0.959597	0.000327261	-0.794898	0.503768	-0.000946804
273	2.51383e-09	0.941437	-0.646862	0.000108093	0.531493	0.769047	-0.000127886
274	2.51383e-09	0.726712	0.867313	0.000666456	-0.722258	0.604703	0.00114879
275	2.51383e-09	0.111313	1.13557	-0.00164726	-0.930271	0.0945559	0.000811755
276	2.51383e-09	-0.986449	-0.569613	0.000386785	0.466899	-0.811624	-0.00017206
277	2.51383e-09	0.239362	-1.11493	-0.000720467	0.915781	0.193088	0.000271537
278	2.51383e-09	0.893896	0.721721	0.000921043	-0.585326	0.723875	-0.00153743
279	2.51383e-09	-1.04305	0.476852	0.000354669	-0.386822	-0.848134	0.000346189
280	2.51383e-09	0.51952	-1.02802	0.000930342	0.830631	0.419332	0.00109149
281	2.51383e-09	-0.866374	-0.749015	0.00065201	0.610433	-0.706889	-0.000286926
282	2.51383e-09	-0.755217	-0.864552	0.000515858	0.703005	-0.611232	-0.000324987
283	2.51383e-09	-1.00788	0.54368	0.000406412	-0.44371	-0.823519	0.000187927
284	2.51383e-09	1.05275	0.446034	0.00149334	-0.367015	0.861321	0.000845814
285	2.51383e-09	-0.996316	0.569526	-0.00124003	-0.464916	-0.810621	0.000967405
286	2.51383e-09	1.10458	0.28935	0.00214629	-0.239259	0.904689	-0.000998504
287	2.51383e-09	-0.703838	-0.904245	-0.00145793	0.737998	-0.57258	0.000269833
288	2.51383e-09	0.793874	-0.825254	-0.000286498	0.672447	0.650445	0.000505779
289	2.51383e-09	-0.00249487	-1.15701	0.00152169	0.92899	-0.00243436	0.00249561
290	2.51383e-09	-0.335501	-1.08969	-0.000101448	0.896875	-0.27502	-0.000610736
291	2.51383e-09	1.14864	0.0926147	-0.00221014	-0.0792846	0.928218	-0.00119042
292	2.51383e-09	1.13943	-0.132218	-0.000961315	0.108665	0.929665	-7.32195e-05
293	2.51383e-09	0.677546	-0.92072	-0.00103255	0.752097	0.557202	-6.19378e-05
294	2.51383e-09	-0.694864	0.918511	-0.00252185	-0.742779	-0.562556	0.000958958
295	2.51383e-09	0.992373	-0.574742	0.000113444	0.466921	0.808308	0.000448745
296	2.51383e-09	-1.10408	0.316762	-0.000888659	-0.256555	-0.897859	0.000585707
297	2.51383e-09	-1.14139	-0.114573	-0.00375908	0.0927842	-0.929094	0.000818265
298	2.51383e-09	0.546077	-1.01882	-0.000650592	0.819037	0.441098	-0.000532117
299	2.51383e-09	-1.14571	0.0958866	-0.00161508	-0.0811038	-0.930116	2.345e-05
300	2.51383e-09	-1.01544	0.567575	-0.000129485	-0.450333	-0.810219	0.000296581
301	2.51383e-09	1.00374	0.587665	-0.000894982	-0.46598	0.799759	0.000844586
302	2.51383e-09	-1.08163	0.429885	0.00169143	-0.340005	-0.860862	4.36674e-05
303	2.51383e-09	-0.174774	1.14276	-0.00113476	-0.919134	-0.142821	-0.000626884
304	2.51383e-09	0.976652	-0.619448	0.00335772	0.496878	0.787226	0.00101523
305	2.51383e-09	-0.661186	0.942714	0.00217011	-0.761917	-0.538176	0.000293431
306	2.51383e-09	1.08782	0.382831	-0.000443957	-0.308697	0.878277	-5.80068e-05
307	2.51383e-09	0.946227	0.681784	0.00127893	-0.537435	0.750078	0.000299535
308	2.51383e-09	-0.518984	-1.03663	-0.000952065	0.831215	-0.415429	-0.00194323
309	2.51383e-09	-1.06679	0.421873	0.00092981	-0.342728	-0.868568	0.000652042
310	2.51383e-09	-0.0832803	1.1508	0.00160658	-0.927498	-0.0686485	-0.000187029
311	2.51383e-09	0.828077	-0.80659	-0.000666541	0.648067	0.667727	0.000904146
312	2.51383e-09	1.06571	0.478997	0.000344859	-0.376715	0.844466	-0.000320233
313	2.51383e-09	0.391484	-1.08624	-0.00275818	0.87636	0.314062	-0.00143942
314	2.51383e-09	-1.14376	0.193356	0.00132048	-0.153534	-0.914938	0.000823935
315	2.51383e-09	0.140628	-1.15608	0.00130979	0.918563	0.114619	-0.000148004
316	2.51383e-09	1.15727	0.0159528	0.00112078	-0.0111333	0.931192	0.00116844
317	2.51383e-09	-1.16527	0.0234144	-0.00116033	-0.0212678	-0.924769	0.00127295
318	2.51383e-09	-0.533394	1.03128	0.00135196	-0.822797	-0.428052	0.000703057
319	2.51383e-09	0.805329	-0.845966	0.00112527	0.670529	0.635223	-0.000162035
320	2.51383e-09	-1.14845	0.204254	-0.000352721	-0.165937	-0.911482	-0.000542931
321	2.51383e-09	0.964723	-0.644449	-0.00051208	0.515363	0.77268	-0.000716883
322	2.51383e-09	0.777152	-0.871306	-0.000345434	0.689268	0.617087	-0.00165764
323	2.51383e-09	-0.56697	-1.02808	0.000533031	0.806702	-0.445758	-0.00124347
324	2.51383e-09	1.17481	-0.0230357	-4.16042e-05	0.0121668	0.923027	0.000907817
325	2.51383e-09	0.14488	1.15251	-0.0010597	-0.921221	0.116489	0.0006566
326	2.51383e-09	-0.592966	1.00042	-0.00186003	-0.79809	-0.474124	0.000810988
327	2.51383e-09	0.968344	0.653973	0.00186842	-0.517889	0.766493	0.000339263
328	2.51383e-09	-1.16932	-0.00302049	0.000567214	0.001393	-0.922786	0.000861038
329	2.51383e-09	-0.241767	-1.16158	6.10921e-05	0.900144	-0.185513	0.000369631
330	2.51383e-09	0.707868	0.929457	-0.00052355	-0.735613	0.560213	-0.00101129
331	2.51383e-09	-0.38605	1.10694	0.000304455	-0.868936	-0.309812	0.000420137
332	2.51383e-09	-0.863039	0.779937	0.000732479	-0.622456	-0.688772	0.00211295
333	2.51383e-09	0.87883	0.781868	0.000170805	-0.613744	0.68755	0.00167962
334	2.51383e-09	-1.15841	0.164211	-0.001069	-0.129989	-0.915433	-0.000876363
335	2.51383e-09	-0.686934	-0.957733	-0.00229393	0.750694	-0.533466	0.00059326
336	2.51383e-09	0.0563868	-1.17648	0.00105416	0.919152	0.0401378	-0.000568366
337	2.51383e-09	-0.0559226	1.17359	-4.12747e-05	-0.921367	-0.0444875	-0.000792317
338	2.51383e-09	1.12707	0.296345	0.00196104	-0.237193	0.894846	-0.000272348
339	2.51383e-09	1.10336	0.44688	-0.000262673	-0.345065	0.8483	-0.000505063
340	2.51383e-09	-0.932966	-0.729044	0.00041519	0.566486	-0.724231	-7.61402e-05
341	2.51383e-09	0.857329	-0.81454	5.66549e-05	0.635908	0.662976	0.000364596
342	2.51383e-09	0.737056	0.909242	0.000482423	-0.718212	0.581638	-0.00145233
343	2.51383e-09	0.807692	0.844854	-0.000161584	-0.670204	0.638428	0.00147789
344	2.51383e-09	-0.57074	-1.03181	-0.00136663	0.805217	-0.443817	0.000509642
345	2.51383e-09	-0.680846	0.959161	0.00119247	-0.75251	-0.533656	0.00142955
346	2.51383e-09	-0.95739	0.666567	0.000865944	-0.528266	-0.759707	-1.29771e-05
347	2.51383e-09	-0.500052	-1.05916	0.0022149	0.835298	-0.395506	-0.000549095
348	2.51383e-09	0.362486	-1.11946	-0.00112657	0.878372	0.282834	2.89671e-05
349	2.51383e-09	0.414575	-1.09915	0.00116256	0.862735	0.331402	4.57727e-05
350	2.51383e-09	0.757201	0.9074	-0.000249721	-0.701933	0.591768	0.000598713
351	2.51383e-09	-0.810756	0.854994	-0.00242185	-0.67122	-0.632659	-0.000244002
352	2.51383e-09	-0.0271856	1.18105	-0.00263776	-0.920107	-0.0228598	0.00103569
353	2.51383e-09	-1.17104	-0.140893	-0.00112565	0.108939	-0.915405	-0.00027444
354	2.51383e-09	-1.1806	0.16589	0.00132181	-0.126614	-0.905436	0.00107596
355	2.51383e-09	-0.929279	-0.709235	-0.000831386	0.561038	-0.735824	-0.000452081
356	2.51383e-09	-0.782666	0.893615	0.000352461	-0.690289	-0.602671	-0.00111199
357	2.51383e-09	0.738289	0.924689	-0.00222689	-0.718311	0.573654	-0.000265463
358	2.51383e-09	-0.962186	-0.690286	-8.77579e-05	0.535504	-0.749173	0.00130906
359	2.51383e-09	0.945533	-0.723311	0.000129528	0.555499	0.727575	-0.000598501
360	2.51383e-09	-0.888258	0.769662	-0.000485622	-0.601498	-0.700483	0.000358517
361	2.51383e-09	-0.556646	1.04516	0.00151167	-0.810858	-0.431962	0.00140065
362	2.51383e-09	-0.0308524	-1.18292	0.000693542	0.917855	-0.024838	0.00122542
363	2.51383e-09	0.623653	-0.992669	-0.000840421	0.783999	0.490521	0.000920321
364	2.51383e-09	-0.285068	-1.14268	-0.000951392	0.891602	-0.225591	0.000586874
365	2.51383e-09	0.84046	0.838031	-0.000444766	-0.646715	0.652479	0.000631105
366	2.51383e-09	0.139773	1.18042	-0.00083696	-0.910822	0.108692	-0.00074075
367	2.51383e-09	-0.76848	-0.906521	0.00111762	0.700519	-0.591024	0.000957851
368	2.51383e-09	-1.18486	0.162765	0.00195659	-0.126403	-0.905357	-0.000944231
369	2.51383e-09	-0.816541	0.871092	-0.00011804	-0.668331	-0.626368	0.00177697
370	2.51383e-09	1.18346	-0.0034529	-0.000429435	0.00292963	0.918639	0.000122303
371	2.51383e-09	-1.14676	-0.336821	-0.0023897	0.257425	-0.877459	0.00130363
372	2.51383e-09	0.198311	1.17892	0.00137176	-0.901172	0.15415	0.00146725
373	2.51383e-09	-1.17438	-0.184686	-0.000335879	0.14496	-0.905767	0.000817267
374	2.51383e-09	1.19485	-0.0325352	0.000540715	0.0261213	0.915878	0.000497016
375	2.51383e-09	0.0850225	-1.1884	0.000436816	0.914573	0.0674862	-0.000142216
376	2.51383e-09	0.816824	0.866537	-0.000317483	-0.667021	0.627852	0.000958064
377	2.51383e-09	-1.03274	-0.571764	-0.00117367	0.4459	-0.808948	-0.000271987
378	2.51383e-09	0.300405	1.16044	-0.00149328	-0.884313	0.22691	0.000400798
379	2.51383e-09	0.621315	1.02019	0.00115646	-0.777643	0.478805	-0.00114746
380	2.51383e-09	-0.868881	0.82329	0.000960785	-0.62796	-0.663788	-0.000685783
381	2.51383e-09	-0.687341	-0.969604	0.00129226	0.748874	-0.529042	0.000315247
382	2.51383e-09	0.512381	-1.06963	0.000388605	0.828597	0.397228	-0.000469019
383	2.51383e-09	-0.400318	-1.113	-0.00213268	0.866367	-0.311076	6.17903e-05
384	2.51383e-09	0.297482	-1.169	0.00292288	0.879843	0.226826	0.00170744
385	2.51383e-09	1.13646	-0.366394	-0.00132071	0.27955	0.872038	0.000839007
386	2.51383e-09	1.18285	-0.203256	-0.00013337	0.151811	0.901342	-6.02295e-05
387	2.51383e-09	0.238216	1.17588	0.000684563	-0.894494	0.181567	-0.000792439
388	2.51383e-09	1.1645	-0.291874	-0.00121098	0.221851	0.885533	6.45313e-05
389	2.51383e-09	-0.728404	0.948403	0.00166129	-0.724404	-0.557764	0.000718668
390	2.51383e-09	-1.03563	-0.590845	-3.07791e-05	0.452688	-0.797435	-0.000609803
391	2.51383e-09	0.552562	1.07076	-0.00056469	-0.809568	0.416675	0.00129133
392	2.51383e-09	1.06336	0.559433	-0.000311315	-0.425317	0.807977	-0.00119315
393	2.51383e-09	-0.412059	-1.12952	0.00177974	0.858212	-0.313534	0.000854261
394	2.51383e-09	0.427415	-1.12101	0.000936285	0.853125	0.325212	-0.000884883
395	2.51383e-09	-0.448443	-1.1096	0.0022769	0.84857	-0.3434	0.000673832
396	2.51383e-09	-0.121153	-1.1979	-0.000190429	0.904274	-0.0943615	0.000570573
397	2.51383e-09	-0.557955	-1.06812	-0.00155287	0.808821	-0.422327	-0.00076875
398	2.51383e-09	-0.994355	0.678952	0.000979606	-0.513039	-0.75402	0.00122158
399	2.51383e-09	-0.422086	1.12412	0.00165565	-0.855375	-0.318825	0.000375336
400	2.51383e-09	-0.31486	-1.16255	-0.00155938	0.880367	-0.238427	-0.000318251
