1.818001e+03
401
0	1	8.39315e-05	5.19963e-05	-7.67544e-08	6.09603e-08	1.88609e-08	-9.13329e-11
1	2.51383e-09	0.164325	0.98859	0.000493167	-0.985556	0.164032	-0.000144723
2	2.51383e-09	0.0864167	-0.99028	0.000155021	1.00039	0.090433	-0.0012917
3	2.51383e-09	-0.131713	0.994864	-2.39992e-05	-0.988541	-0.131622	0.00103853
4	2.51383e-09	-0.984996	-0.173149	0.000812112	0.17189	-0.985211	-0.000725415
5	2.51383e-09	0.748964	-0.673409	-0.000778835	0.667229	0.738103	-0.000307766
6	2.51383e-09	-0.346487	0.94358	0.000982868	-0.936754	-0.342661	-0.00047198
7	2.51383e-09	0.741456	-0.674462	-0.000180469	0.674093	0.737931	0.000455307
8	2.51383e-09	-0.981533	0.194725	0.000806696	-0.190593	-0.980645	-0.000494513
9	2.51383e-09	0.739382	0.670758	0.000219315	-0.672544	0.742126	9.09668e-05
10	2.51383e-09	-0.895187	0.438794	-0.000207318	-0.441044	-0.901531	0.000435873
11	2.51383e-09	-0.819489	0.584206	0.000730737	-0.579313	-0.811011	0.00107835
12	2.51383e-09	0.452289	-0.902391	0.00109132	0.89157	0.444994	3.44374e-05
13	2.51383e-09	0.825083	0.587165	-0.00259697	-0.578453	0.805958	0.00123204
14	2.51383e-09	-0.526834	0.868595	0.00122274	-0.845051	-0.515674	0.00121807
15	2.51383e-09	0.963072	0.302475	-0.000846493	-0.294294	0.948245	-0.00166566
16	2.51383e-09	0.789214	-0.6129	0.000891327	0.612971	0.790887	-0.000509227
17	2.51383e-09	-0.827535	0.571676	-0.00185012	-0.566409	-0.818727	-0.00109987
18	2.51383e-09	0.394774	0.937516	0.00175514	-0.911766	0.384159	-0.00108222
19	2.51383e-09	-0.260438	-0.987453	0.00115875	0.955694	-0.249799	-0.00105633
20	2.51383e-09	0.816041	-0.612522	0.000278653	0.59436	0.791981	-0.000249973
21	2.51383e-09	0.867389	0.517582	-0.000642519	-0.507699	0.858476	-0.000248059
22	2.51383e-09	0.930256	0.403011	0.000567826	-0.398967	0.910403	-0.000701437
23	2.51383e-09	-0.981647	-0.24154	-0.000879659	0.239233	-0.96497	0.000545549
24	2.51383e-09	0.322813	0.958224	-0.000468626	-0.944024	0.319035	0.000373023
25	2.51383e-09	-0.810192	-0.614234	-6.9743e-05	0.599028	-0.790617	0.00116944
26	2.51383e-09	-0.711297	0.709977	0.000897055	-0.706911	-0.704036	-0.000228301
27	2.51383e-09	-0.215984	0.977193	-0.00134893	-0.979165	-0.21749	-0.000684977
28	2.51383e-09	0.0312582	-1.01692	0.00220824	0.989538	0.0315177	0.000462349
29	2.51383e-09	-0.971294	0.283667	0.00240242	-0.275587	-0.956744	-0.000393066
30	2.51383e-09	-0.149481	-0.998255	0.00106738	0.985389	-0.147684	0.00188478
31	2.51383e-09	-0.713528	-0.716139	0.00101495	0.705842	-0.70143	0.000746778
32	2.51383e-09	0.995082	0.185314	0.000271534	-0.181807	0.976495	-0.000837086
33	2.51383e-09	0.95696	-0.349763	0.000797381	0.342024	0.930098	-0.000673695
34	2.51383e-09	0.89153	0.512727	-0.000730933	-0.493849	0.85388	-9.95907e-05
35	2.51383e-09	-0.829771	-0.584509	-0.00117452	0.572977	-0.812265	-0.000525195
36	2.51383e-09	0.278711	0.982053	0.00120407	-0.953068	0.269168	-0.000264024
37	2.51383e-09	1.01014	0.0555098	0.00010978	-0.0603187	0.994053	0.00100739
38	2.51383e-09	-0.18323	0.994828	-0.000185114	-0.978169	-0.180985	0.000823651
39	2.51383e-09	-0.747236	-0.6869	0.000608242	0.674808	-0.729038	-0.000765395
40	2.51383e-09	0.956613	-0.331381	0.000799253	0.325059	0.938545	0.000902295
41	2.51383e-09	-1.00913	-0.134525	0.00185194	0.131484	-0.980833	-0.000988148
42	2.51383e-09	0.971923	0.333346	-0.00149977	-0.318711	0.933295	-0.00160405
43	2.51383e-09	0.813286	0.627038	0.000819908	-0.603784	0.779396	-0.000780377
44	2.51383e-09	1.00697	-0.219499	-5.94009e-05	0.211051	0.961529	0.00105203
45	2.51383e-09	-0.944304	-0.400001	0.00167283	0.385569	-0.908543	-9.4281e-05
46	2.51383e-09	-1.02877	-0.0485706	-0.000858317	0.0449923	-0.984605	-0.000989881
47	2.51383e-09	0.196225	-0.997884	-0.00104865	0.973029	0.189859	0.000159859
48	2.51383e-09	-0.587515	-0.833298	0.000662146	0.810099	-0.572565	0.000754377
49	2.51383e-09	-0.118968	1.02097	0.00127002	-0.97863	-0.113132	3.78868e-05
50	2.51383e-09	0.344359	-0.967209	0.00206983	0.928742	0.331299	0.000410784
51	2.51383e-09	-0.0216159	1.02018	-0.00151416	-0.990931	-0.0200297	0.000191766
52	2.51383e-09	0.193375	1.01256	-0.00079193	-0.967985	0.185525	5.89495e-05
53	2.51383e-09	-0.707109	0.736712	0.000591089	-0.717365	-0.684156	-0.000145855
54	2.51383e-09	-0.121718	1.01547	-0.000245398	-0.982656	-0.120185	0.000493836
55	2.51383e-09	0.618508	-0.827412	0.000769187	0.789225	0.589129	-0.000282139
56	2.51383e-09	-0.630916	-0.807623	0.00191261	0.776076	-0.612601	-0.000878505
57	2.51383e-09	0.0901788	-1.03205	0.00134953	0.977766	0.086907	-0.000519024
58	2.51383e-09	0.270617	0.998487	-0.00117622	-0.948637	0.25933	0.000973279
59	2.51383e-09	-0.0926282	1.02133	0.000119154	-0.983651	-0.0881103	-0.00110303
60	2.51383e-09	0.0085358	-1.02307	-0.00194725	0.988	0.00598026	0.00174632
61	2.51383e-09	0.252368	1.01589	-0.000298729	-0.947761	0.23811	-0.000536399
62	2.51383e-09	-0.61347	0.836014	0.000181407	-0.79146	-0.579225	-0.000868689
63	2.51383e-09	0.353595	0.963336	-0.00186856	-0.927798	0.340055	-0.000478103
64	2.51383e-09	-0.830441	0.606887	0.000615206	-0.57956	-0.794828	-0.00147625
65	2.51383e-09	0.819612	-0.627809	0.000452239	0.600561	0.780924	0.00201944
66	2.51383e-09	1.01398	0.154401	-0.000580971	-0.147707	0.977698	0.00277491
67	2.51383e-09	-0.153609	1.01798	0.0013086	-0.976191	-0.14512	0.000489037
68	2.51383e-09	0.580478	-0.851802	0.00228505	0.812132	0.557223	0.00139498
69	2.51383e-09	-0.807385	0.642862	0.00116076	-0.613438	-0.771626	0.000360302
70	2.51383e-09	1.01127	-0.210572	0.000554672	0.199952	0.962977	-0.000328769
71	2.51383e-09	0.982628	-0.33661	0.00105724	0.318884	0.928259	0.00074187
72	2.51383e-09	-0.898172	0.523	0.000267719	-0.495225	-0.84689	-0.00147802
73	2.51383e-09	-0.336882	0.972997	0.000758528	-0.930874	-0.326746	-0.000477203
74	2.51383e-09	0.260668	-0.996439	-0.00193923	0.955609	0.247628	-0.00036146
75	2.51383e-09	0.949487	-0.417532	0.000709641	0.394229	0.898519	-0.000228741
76	2.51383e-09	-0.0145635	1.05164	-0.000702884	-0.972223	-0.0123837	-0.00037088
77	2.51383e-09	-0.675103	-0.801539	-0.000320604	0.747912	-0.629191	-0.000865594
78	2.51383e-09	-1.02093	0.230589	0.000269261	-0.2132	-0.952228	0.00137629
79	2.51383e-09	-0.939148	-0.405354	-0.000306934	0.392797	-0.908502	0.000739821
80	2.51383e-09	0.849365	0.599219	0.000756413	-0.568903	0.800777	0.00120594
81	2.51383e-09	-0.796438	-0.675476	-0.000404316	0.634508	-0.744575	0.00181066
82	2.51383e-09	0.46847	0.930761	0.000305003	-0.878826	0.436151	0.000440092
83	2.51383e-09	-0.890422	-0.540481	-0.00197497	0.506301	-0.839101	-0.00113869
84	2.51383e-09	-0.433699	0.942675	3.44961e-05	-0.891967	-0.412426	-0.00167047
85	2.51383e-09	-0.980834	0.335724	0.00048387	-0.31828	-0.931464	0.00193325
86	2.51383e-09	-0.923691	0.481203	-0.00145326	-0.45243	-0.867832	-0.000892215
87	2.51383e-09	-0.782976	-0.679551	-4.91749e-06	0.642949	-0.74218	-0.000770944
88	2.51383e-09	-0.0268052	-1.04039	0.000285638	0.980543	-0.0221905	-0.00115559
89	2.51383e-09	0.817414	0.662531	-0.000348078	-0.613221	0.758366	0.000310236
90	2.51383e-09	-1.01533	-0.237923	-0.000627835	0.224787	-0.953232	-0.00116116
91	2.51383e-09	0.992887	0.304946	-0.000828028	-0.28709	0.939811	0.000191498
92	2.51383e-09	0.248851	-1.02156	0.000648004	0.94767	0.233203	0.000940724
93	2.51383e-09	-1.05135	-0.0210406	-0.000761864	0.0161008	-0.976224	0.00190829
94	2.51383e-09	0.985857	0.358695	0.000973365	-0.336487	0.917922	-0.000503986
95	2.51383e-09	0.556122	-0.88803	7.3596e-05	0.825602	0.520313	0.0010918
96	2.51383e-09	-1.05096	-0.0354131	0.0018996	0.0314978	-0.975299	0.000615496
97	2.51383e-09	-0.497742	-0.918899	-0.00381135	0.860173	-0.470426	0.00116584
98	2.51383e-09	0.64099	0.8446	0.00126773	-0.771098	0.589604	-7.44017e-05
99	2.51383e-09	1.05687	-0.0567305	-3.24166e-05	0.0521308	0.97089	0.000687715
100	2.51383e-09	1.01601	0.261004	-4.84265e-05	-0.244511	0.946992	0.00045004
101	2.51383e-09	-0.0314253	1.03469	-9.09382e-05	-0.982639	-0.0264338	0.00100613
102	2.51383e-09	1.03941	-0.118933	-0.000240087	0.113135	0.969188	0.00130008
103	2.51383e-09	-0.15517	-1.03946	0.000164599	0.965256	-0.146195	2.25446e-05
104	2.51383e-09	-0.550197	0.897132	0.000541992	-0.833298	-0.509005	0.000270297
105	2.51383e-09	-0.801157	-0.665267	0.000229697	0.629412	-0.755362	0.0001688
106	2.51383e-09	0.289335	-1.01448	0.00160795	0.935547	0.26653	-0.0018385
107	2.51383e-09	1.03349	-0.211849	-0.000950541	0.195388	0.951196	-6.01338e-05
108	2.51383e-09	1.03903	0.224948	-0.000980047	-0.206998	0.947946	-0.000106725
109	2.51383e-09	-0.0937318	-1.05399	0.000354189	0.968483	-0.0833783	0.00039956
110	2.51383e-09	-0.408877	0.973477	-0.00202652	-0.897916	-0.376245	0.000700507
111	2.51383e-09	-0.776528	-0.743263	0.00101065	0.665073	-0.694798	-0.000723285
112	2.51383e-09	1.05326	-0.0266629	-0.000479387	0.0232725	0.974394	0.000761578
113	2.51383e-09	-0.696444	-0.796217	-0.000254614	0.729772	-0.640146	-0.000951945
114	2.51383e-09	0.556124	-0.90531	-2.462e-05	0.825586	0.506295	-0.00191214
115	2.51383e-09	0.273563	1.02683	-0.00290905	-0.937786	0.24636	0.000857463
116	2.51383e-09	-0.0554973	1.05547	0.000244854	-0.970195	-0.0522795	0.000456012
117	2.51383e-09	-0.931518	-0.499484	0.000666108	0.460651	-0.857518	-0.00148368
118	2.51383e-09	0.335546	1.01796	0.00200627	-0.917497	0.30004	-0.00059571
119	2.51383e-09	-0.411266	0.974853	7.59177e-05	-0.89456	-0.378256	7.22095e-05
120	2.51383e-09	-0.535225	0.920298	0.000107549	-0.838828	-0.483781	0.000744331
121	2.51383e-09	-0.831638	-0.669131	0.000267883	0.602743	-0.757224	0.00168944
122	2.51383e-09	-1.00932	0.332153	0.000143908	-0.30198	-0.919601	-0.000166044
123	2.51383e-09	-0.762483	0.728192	-0.000141961	-0.669492	-0.705729	0.00031472
124	2.51383e-09	-0.694401	-0.818835	-0.00113855	0.73284	-0.624642	-0.00147628
125	2.51383e-09	0.962836	-0.450444	-0.00153454	0.412396	0.876839	0.001123
126	2.51383e-09	0.932792	0.507546	0.00186963	-0.463952	0.852753	0.000240053
127	2.51383e-09	-1.02219	-0.278511	-0.000305149	0.256334	-0.936302	0.00130128
128	2.51383e-09	0.350302	-1.00376	0.000851671	0.917541	0.317408	-0.000413925
129	2.51383e-09	0.914712	-0.553918	-0.000965507	0.503082	0.826246	3.84387e-05
130	2.51383e-09	0.603149	-0.861493	-0.00135031	0.799098	0.559272	0.000314608
131	2.51383e-09	-0.690815	0.820452	-0.000241738	-0.741676	-0.620476	-0.000100425
132	2.51383e-09	-0.612222	0.886508	0.000603304	-0.791835	-0.546315	0.00103409
133	2.51383e-09	1.02953	-0.260505	0.000996407	0.236429	0.941655	-0.00302974
134	2.51383e-09	0.82079	0.67512	0.000111	-0.616485	0.749082	0.00267222
135	2.51383e-09	1.0149	-0.332587	0.000878669	0.301322	0.918578	0.00138325
136	2.51383e-09	0.724981	-0.796957	-0.00306234	0.711414	0.647405	-0.00087203
137	2.51383e-09	0.0978593	1.06382	0.000511442	-0.962922	0.0869423	-0.00133939
138	2.51383e-09	0.833544	-0.671105	-0.00248159	0.607254	0.75409	-0.000474028
139	2.51383e-09	0.74631	0.76192	0.000282125	-0.688526	0.680859	-0.000665301
140	2.51383e-09	1.07027	0.144631	-0.00161236	-0.128558	0.952356	-0.000405902
141	2.51383e-09	-1.03107	-0.275557	0.000711514	0.251003	-0.933048	0.00190476
142	2.51383e-09	1.04732	0.233669	0.000653765	-0.211572	0.942094	0.000999041
143	2.51383e-09	0.478891	0.962047	-0.000908143	-0.863499	0.428425	0.000509548
144	2.51383e-09	0.491186	0.958368	-0.000609563	-0.858265	0.438599	-0.000613068
145	2.51383e-09	0.479679	0.96546	0.00169253	-0.862523	0.429491	0.000361613
146	2.51383e-09	1.02431	-0.35931	-0.000577925	0.316378	0.906475	-0.000789872
147	2.51383e-09	-1.0286	0.309813	-0.00113701	-0.282305	-0.924801	0.000650689
148	2.51383e-09	0.0527465	-1.07757	0.00154544	0.960872	0.050433	0.00107631
149	2.51383e-09	0.384426	-1.00267	0.000954887	0.903141	0.337948	0.000242859
150	2.51383e-09	0.5754	0.896974	-0.00206892	-0.815129	0.52499	0.000597509
151	2.51383e-09	0.500361	0.961821	0.00023923	-0.84987	0.443233	-0.00111246
152	2.51383e-09	-1.03465	-0.277477	0.00196829	0.25031	-0.93383	0.00284483
153	2.51383e-09	-0.705224	-0.822909	-0.000339273	0.731313	-0.62168	0.000504689
154	2.51383e-09	-1.01197	0.412486	0.000912559	-0.361991	-0.884474	7.61732e-05
155	2.51383e-09	1.07359	0.0691615	0.00137959	-0.0654391	0.962192	0.00206882
156	2.51383e-09	1.04059	0.285282	0.00158169	-0.258521	0.928689	0.000463158
157	2.51383e-09	-0.752051	-0.773354	-0.000383975	0.690532	-0.672077	-0.000650527
158	2.51383e-09	-1.0688	-0.139116	0.000601666	0.124062	-0.955045	0.000840393
159	2.51383e-09	-1.07762	-0.0216918	0.00235847	0.0185865	-0.962755	-2.52764e-05
160	2.51383e-09	-0.740687	-0.783426	0.000470809	0.702593	-0.660424	9.2309e-05
161	2.51383e-09	0.150201	-1.0816	-0.000399782	0.947899	0.128968	-1.26135e-05
162	2.51383e-09	-1.08067	-0.0868988	-0.000765693	0.073599	-0.957038	-0.000895377
163	2.51383e-09	-0.35752	1.01497	-0.000592665	-0.909633	-0.320581	-0.00209672
164	2.51383e-09	-1.05934	0.165087	0.000634106	-0.148574	-0.953806	-0.000947868
165	2.51383e-09	0.381478	-1.01813	0.00127482	0.896753	0.337933	-0.0019244
166	2.51383e-09	-0.799999	-0.737594	0.00058952	0.650319	-0.703296	-0.000267233
167	2.51383e-09	-0.765966	-0.763525	-0.0016685	0.682155	-0.680165	0.00220333
168	2.51383e-09	0.639659	0.868832	-0.000994435	-0.777202	0.566338	0.00140987
169	2.51383e-09	0.986761	0.445168	0.00105162	-0.392156	0.877911	-0.000620926
170	2.51383e-09	-0.905231	-0.610739	0.00144036	0.538924	-0.791856	0.0029676
171	2.51383e-09	0.523961	-0.955625	0.000159536	0.840675	0.45782	0.00313412
172	2.51383e-09	-0.99517	0.473042	0.000245062	-0.407685	-0.860357	0.00136332
173	2.51383e-09	1.09917	-0.0608268	0.00041846	0.05066	0.95179	0.00101446
174	2.51383e-09	-1.06966	-0.275714	0.000871598	0.235151	-0.919729	-0.00156896
175	2.51383e-09	1.07657	-0.165799	0.000466552	0.14635	0.948475	0.000783507
176	2.51383e-09	-0.844575	0.652866	-0.000943756	-0.592431	-0.766472	-0.000230455
177	2.51383e-09	0.214596	-1.07062	0.000339326	0.939311	0.188537	-0.000514316
178	2.51383e-09	1.09185	-0.100988	-0.00181938	0.0889389	0.950388	0.000675806
179	2.51383e-09	-0.839317	-0.694291	-0.00132513	0.610395	-0.738722	-0.00090787
180	2.51383e-09	-0.964586	0.502058	0.00247746	-0.442285	-0.850021	-0.000207638
181	2.51383e-09	-0.216365	-1.06521	-0.000254389	0.940714	-0.192391	0.000615578
182	2.51383e-09	-0.858903	0.657621	-0.000889581	-0.587241	-0.763027	0.00198093
183	2.51383e-09	1.07225	0.273188	0.00180639	-0.232894	0.92184	-0.00104339
184	2.51383e-09	0.537293	0.962491	0.000613518	-0.830137	0.464272	0.000241785
185	2.51383e-09	0.229461	-1.07187	-0.00164567	0.933736	0.19958	-0.00128154
186	2.51383e-09	0.649206	-0.869458	-0.000876427	0.773149	0.570706	-0.000461414
187	2.51383e-09	-1.08159	0.142807	-0.000604262	-0.124345	-0.948618	0.000632173
188	2.51383e-09	-0.790758	0.751966	-0.00104305	-0.659792	-0.695429	-4.62159e-05
189	2.51383e-09	1.0949	0.0123371	0.00241368	-0.0145528	0.954276	0.000341098
190	2.51383e-09	-1.0274	-0.394294	-0.00124409	0.340226	-0.890097	-0.000112947
191	2.51383e-09	0.844267	0.701705	0.00184883	-0.612038	0.732074	-0.000813693
192	2.51383e-09	-0.328829	-1.05621	-0.000180525	0.905611	-0.283783	0.00054678
193	2.51383e-09	-0.328994	1.04912	-0.000924348	-0.911142	-0.285044	7.56064e-05
194	2.51383e-09	-0.78934	0.773807	0.00173028	-0.66598	-0.679523	-0.000108777
195	2.51383e-09	-0.356256	-1.03663	-0.00325029	0.903017	-0.306615	-0.0011575
196	2.51383e-09	0.222269	-1.07676	0.00074877	0.932767	0.195406	-0.000779968
197	2.51383e-09	-0.558849	0.936597	0.00111865	-0.820244	-0.493986	0.00040108
198	2.51383e-09	0.326981	1.06173	0.000657929	-0.906561	0.284101	0.00123412
199	2.51383e-09	-0.365169	1.03388	-2.91307e-05	-0.900929	-0.319921	-4.21028e-05
200	2.51383e-09	0.921966	0.623052	0.00224908	-0.530239	0.785072	0.00127242
201	2.51383e-09	-0.957721	0.566578	0.000366073	-0.476702	-0.816538	-0.000455871
202	2.51383e-09	-0.847408	0.705455	0.000455365	-0.611856	-0.730522	0.000119764
203	2.51383e-09	1.08659	-0.0798657	0.00121625	0.0715792	0.95634	-0.00119853
204	2.51383e-09	-0.483014	-0.993338	0.00137465	0.856057	-0.413447	-0.00140602
205	2.51383e-09	-1.00398	0.472055	-0.0010551	-0.402467	-0.859826	-0.000507058
206	2.51383e-09	-1.08974	-0.140281	0.00316405	0.12317	-0.946714	0.000670533
207	2.51383e-09	0.259507	1.07445	-0.000957883	-0.924711	0.219753	-0.00104864
208	2.51383e-09	0.728549	0.842892	0.000314137	-0.719013	0.618266	-0.000517938
209	2.51383e-09	-0.753487	0.785829	0.000828403	-0.693449	-0.664566	0.00107378
210	2.51383e-09	0.131565	1.09918	-0.00061787	-0.94378	0.113966	0.000240311
211	2.51383e-09	0.992427	0.495523	-0.00114445	-0.427189	0.846876	0.00018969
212	2.51383e-09	0.373825	1.05612	-0.00103134	-0.888536	0.315741	0.000750512
213	2.51383e-09	-0.863398	-0.678085	-0.000174602	0.587665	-0.751937	-0.000978776
214	2.51383e-09	0.639803	-0.895851	-0.00152749	0.777715	0.552762	-0.000536973
215	2.51383e-09	1.07101	0.291153	-0.00273906	-0.24991	0.9162	-0.000495017
216	2.51383e-09	0.966907	-0.539984	-0.00067454	0.463599	0.828108	0.000429262
217	2.51383e-09	-0.332058	1.06339	-0.000647653	-0.905809	-0.277136	-0.000180453
218	2.51383e-09	0.643555	-0.892145	-0.000497185	0.773078	0.559095	0.000633553
219	2.51383e-09	0.571874	0.962852	0.00126798	-0.811335	0.484275	-0.00111535
220	2.51383e-09	1.08565	-0.267921	0.00144254	0.227888	0.915348	-0.00055781
221	2.51383e-09	-0.391034	1.03954	-0.0010571	-0.890162	-0.332394	0.000205169
222	2.51383e-09	0.619373	-0.932191	0.000351585	0.789425	0.520844	0.00188259
223	2.51383e-09	-0.759054	0.818742	-0.000610181	-0.695732	-0.641377	-0.000636361
224	2.51383e-09	0.802924	-0.771126	0.000911627	0.657631	0.68215	0.000654225
225	2.51383e-09	0.781716	0.792415	0.0016306	-0.673159	0.665557	-8.63942e-05
226	2.51383e-09	-1.06167	0.369523	-8.70688e-05	-0.310639	-0.890806	-0.00122511
227	2.51383e-09	-1.09598	0.196709	-0.00123975	-0.169215	-0.931562	3.86458e-05
228	2.51383e-09	0.340877	-1.0632	-0.000755688	0.900999	0.289308	0.000724733
229	2.51383e-09	-1.12853	-0.0541854	0.000765502	0.0466458	-0.940964	-0.00142535
230	2.51383e-09	-0.890155	-0.689594	-0.00148885	0.578423	-0.745162	0.000249562
231	2.51383e-09	-0.735666	-0.865286	0.00125879	0.716	-0.605434	0.0019281
232	2.51383e-09	-1.08229	0.228346	0.00185363	-0.193768	-0.931892	0.00169818
233	2.51383e-09	-1.05308	0.359428	0.00145876	-0.30768	-0.898721	0.000216254
234	2.51383e-09	1.04373	0.389235	-0.00234482	-0.331486	0.887678	0.000366035
235	2.51383e-09	1.00703	0.500447	-0.00231898	-0.419826	0.844736	-0.00131308
236	2.51383e-09	-1.12081	-0.0849973	0.000531003	0.0706382	-0.941732	0.00183432
237	2.51383e-09	-0.553542	0.97459	-0.00135694	-0.819818	-0.469647	-0.000161875
238	2.51383e-09	0.956924	-0.583211	-0.0018366	0.494548	0.805643	-0.000443394
239	2.51383e-09	-0.821515	-0.752518	0.00186193	0.642228	-0.696564	0.000846705
240	2.51383e-09	0.615911	-0.948338	0.00238084	0.787445	0.515446	-0.000265357
241	2.51383e-09	0.189239	-1.10855	-0.0015929	0.928187	0.162338	-0.000943618
242	2.51383e-09	0.676036	0.921888	0.000627333	-0.753619	0.552891	0.00236861
243	2.51383e-09	1.01099	0.50024	-0.000736147	-0.419336	0.841906	0.000280076
244	2.51383e-09	0.837418	-0.752391	0.000346952	0.627729	0.70205	0.00017287
245	2.51383e-09	0.557873	-0.975013	0.0013543	0.820436	0.469612	-0.000366075
246	2.51383e-09	-0.136864	1.12133	0.000542301	-0.93159	-0.113909	-0.00151452
247	2.51383e-09	-0.531465	0.978994	0.0018725	-0.831178	-0.453662	-0.000940556
248	2.51383e-09	0.992217	0.487375	-0.0013154	-0.42054	0.857187	-0.000214641
249	2.51383e-09	-0.0975708	1.11396	0.00140355	-0.942412	-0.0802836	-0.000287644
250	2.51383e-09	1.09184	-0.261038	9.49175e-05	0.220514	0.918025	0.000710181
251	2.51383e-09	1.11621	0.20781	0.00157467	-0.169185	0.923862	-0.00151559
252	2.51383e-09	-1.07449	-0.330915	0.000343497	0.275666	-0.903912	0.00115562
253	2.51383e-09	-0.911845	0.662921	-0.00151009	-0.555024	-0.759926	0.00133122
254	2.51383e-09	1.10339	0.199977	-0.000533744	-0.1698	0.927217	0.000890782
255	2.51383e-09	-0.988901	-0.539941	0.00201196	0.451451	-0.828932	0.00121359
256	2.51383e-09	0.50846	-1.01413	-0.000849115	0.838938	0.419002	-0.0013939
257	2.51383e-09	0.0261357	1.12892	0.000542783	-0.941173	0.0226937	-0.000771194
258	2.51383e-09	1.13243	-0.0334337	0.00084442	0.0287217	0.938018	0.000561627
259	2.51383e-09	0.94875	-0.595561	0.00107149	0.503219	0.800987	0.000353374
260	2.51383e-09	1.07999	-0.365072	-0.00209964	0.299501	0.884143	-0.00102496
261	2.51383e-09	-0.492609	-1.02682	0.000403566	0.847047	-0.403523	-0.000392042
262	2.51383e-09	0.683	-0.900762	-0.000211979	0.747981	0.568904	0.000183825
263	2.51383e-09	-0.539211	0.999037	0.000309705	-0.826083	-0.446462	-0.000542257
264	2.51383e-09	0.732756	-0.850723	-0.000147528	0.717106	0.616139	0.000671064
265	2.51383e-09	0.939293	-0.653305	0.00165389	0.537078	0.765567	0.000145914
266	2.51383e-09	-0.380917	1.06925	0.000121597	-0.885326	-0.316337	0.00175826
267	2.51383e-09	0.411157	1.05339	0.00212523	-0.876178	0.339056	-0.000947473
268	2.51383e-09	-0.161644	-1.12294	0.000698011	0.927978	-0.129758	8.17179e-05
269	2.51383e-09	1.12626	0.130674	-0.000116614	-0.108688	0.93357	-0.00143833
270	2.51383e-09	-0.534391	1.00443	-0.000444382	-0.826956	-0.43991	-0.000894162
271	2.51383e-09	0.728671	0.87852	-0.00133647	-0.722495	0.596351	0.000382402
272	2.51383e-09	-0.243938	-1.12167	9.72465e-05	0.910198	-0.195397	0.000964653
273	2.51383e-09	-1.1242	0.169322	-2.69885e-05	-0.138453	-0.928902	0.000159962
274	2.51383e-09	-0.00668816	-1.13952	-0.00141101	0.935201	-0.00352452	-0.000511785
275	2.51383e-09	0.502622	-1.01615	0.0008311	0.842956	0.418518	-0.00143164
276	2.51383e-09	0.50524	1.01702	-0.000221873	-0.841535	0.417451	0.000367173
277	2.51383e-09	-0.745892	0.85707	0.000466842	-0.70684	-0.618691	-0.000542275
278	2.51383e-09	-0.65875	-0.929006	-0.000361245	0.764894	-0.54459	0.0016968
279	2.51383e-09	1.13075	-0.143226	-0.000440044	0.119576	0.930447	-0.000226203
280	2.51383e-09	-0.516649	1.02203	-0.000950505	-0.835018	-0.422629	-0.00107303
281	2.51383e-09	0.666883	0.928321	-0.00055351	-0.760409	0.545556	0.000412584
282	2.51383e-09	0.493877	1.02863	-5.89334e-05	-0.843336	0.408989	0.000588544
283	2.51383e-09	1.04292	-0.484941	-0.000417021	0.393008	0.844496	-0.000161951
284	2.51383e-09	-0.963979	-0.623486	-0.00171875	0.505153	-0.783496	-0.000628923
285	2.51383e-09	0.947503	-0.657076	0.00134962	0.529269	0.765021	-0.000918484
286	2.51383e-09	-0.914806	-0.68436	-0.00146676	0.558451	-0.75014	0.0015988
287	2.51383e-09	0.542155	1.00905	0.00105204	-0.822922	0.443007	-0.00065016
288	2.51383e-09	-0.857735	0.770337	0.00105515	-0.625185	-0.688653	-0.000638645
289	2.51383e-09	0.41757	1.07616	-0.00041386	-0.868465	0.336491	-0.0028334
290	2.51383e-09	0.0594627	1.14682	0.000288288	-0.930247	0.0484387	0.000565328
291	2.51383e-09	-1.14579	0.111296	0.0019412	-0.09436	-0.927678	0.00148287
292	2.51383e-09	-1.0975	0.36966	0.000948822	-0.296041	-0.878464	0.000222108
293	2.51383e-09	-0.857087	0.759027	0.000223306	-0.619201	-0.69881	2.15163e-06
294	2.51383e-09	0.5467	-1.01336	0.00266849	0.820508	0.44203	-0.00065213
295	2.51383e-09	-1.06826	0.413097	-0.000202843	-0.338137	-0.871265	-0.000428475
296	2.51383e-09	1.07491	-0.409839	0.000285717	0.332908	0.871014	-0.000356604
297	2.51383e-09	1.13162	0.191058	0.00367845	-0.155896	0.920325	-0.00103791
298	2.51383e-09	-0.112708	1.15027	0.000353206	-0.926167	-0.0888981	0.000687303
299	2.51383e-09	1.10638	-0.335167	0.00160985	0.266571	0.889575	0.000243224
300	2.51383e-09	0.366742	-1.10163	0.000326477	0.881708	0.292075	-0.000147656
301	2.51383e-09	-1.15767	0.0510475	0.00095781	-0.0355169	-0.928692	-0.00043884
302	2.51383e-09	0.613656	-0.981019	-0.00137386	0.789352	0.493888	-0.000783413
303	2.51383e-09	-0.267003	-1.12265	0.00106287	0.906008	-0.217755	0.000600262
304	2.51383e-09	-0.528466	1.03246	-0.00227743	-0.827455	-0.420519	-0.00223661
305	2.51383e-09	0.402	-1.08288	-0.00202192	0.873001	0.320452	-0.000720572
306	2.51383e-09	-1.13238	-0.20077	0.000769237	0.161917	-0.918759	3.12817e-05
307	2.51383e-09	-1.14237	-0.147506	-0.000981205	0.124669	-0.925533	-0.00067133
308	2.51383e-09	1.02882	0.538913	-0.00061888	-0.429359	0.822332	0.00202159
309	2.51383e-09	1.09137	-0.360785	-0.000261813	0.293617	0.884547	-0.000849633
310	2.51383e-09	-0.0800289	-1.14765	-0.0018434	0.930354	-0.0656665	0.000378
311	2.51383e-09	-0.419247	1.07625	0.000584086	-0.86845	-0.335209	-0.000710538
312	2.51383e-09	-0.996455	0.610118	-0.000471771	-0.480316	-0.789971	-9.65047e-05
313	2.51383e-09	0.0173432	1.15704	0.00197187	-0.928856	0.01267	0.00209298
314	2.51383e-09	0.914093	-0.707108	-0.000705076	0.56995	0.736169	-0.00117735
315	2.51383e-09	0.627107	0.973705	-0.00104661	-0.782207	0.504506	-0.000475271
316	2.51383e-09	-0.920499	0.715954	1.46801e-05	-0.568029	-0.728976	-0.00146513
317	2.51383e-09	0.772801	-0.871916	0.00207794	0.69152	0.61647	-0.000286171
318	2.51383e-09	-0.110441	-1.15189	-0.000669185	0.926227	-0.0901715	-0.00116802
319	2.51383e-09	0.0473672	1.16186	-0.000940278	-0.927152	0.0338431	-0.000517162
320	2.51383e-09	0.436727	-1.08738	-0.000677921	0.85496	0.345595	0.000511014
321	2.51383e-09	-0.378233	1.10036	0.000357066	-0.87621	-0.301208	0.00092857
322	2.51383e-09	0.235318	1.1402	-0.00145177	-0.908553	0.188025	0.00123871
323	2.51383e-09	1.16661	-0.106707	-0.00165064	0.0816968	0.920273	0.0001601
324	2.51383e-09	-0.161785	1.15782	0.00114014	-0.919101	-0.126408	-0.000114478
325	2.51383e-09	-0.903884	-0.735288	0.00133628	0.583821	-0.718209	0.000104969
326	2.51383e-09	-0.377282	-1.10297	0.0020011	0.875475	-0.301648	0.000575786
327	2.51383e-09	-1.06117	0.487572	-0.00066061	-0.386548	-0.840965	-0.00139917
328	2.51383e-09	0.855892	-0.783606	0.000119517	0.623905	0.688375	-0.000820532
329	2.51383e-09	0.911319	-0.758506	0.000394898	0.589425	0.706195	0.000130311
330	2.51383e-09	-1.16524	0.0261933	-0.000712815	-0.0197834	-0.9264	0.000936167
331	2.51383e-09	-0.781327	-0.859069	0.00032176	0.688113	-0.627462	-0.000414872
332	2.51383e-09	-0.09461	-1.16416	0.00164287	0.921363	-0.0769452	-0.00175332
333	2.51383e-09	-0.94461	0.695286	0.00206431	-0.547309	-0.744661	-0.000529287
334	2.51383e-09	0.348303	-1.11806	-0.000165642	0.882379	0.273439	0.00114737
335	2.51383e-09	0.987674	-0.632006	0.000886273	0.498615	0.779849	0.00173629
336	2.51383e-09	1.13552	0.315533	-0.000956372	-0.249642	0.885071	-0.000669316
337	2.51383e-09	-1.12744	-0.32639	-0.000963237	0.256886	-0.886817	0.000225698
338	2.51383e-09	-1.00596	0.580107	-0.00172051	-0.464934	-0.804132	-0.000815096
339	2.51383e-09	0.0820718	1.18484	-0.000703856	-0.915824	0.0613525	-3.79936e-05
340	2.51383e-09	0.412175	-1.1103	2.928e-05	0.862137	0.319103	-0.000329744
341	2.51383e-09	0.870528	0.805685	0.000469785	-0.623336	0.671068	-3.33446e-05
342	2.51383e-09	-1.14098	0.255311	-0.00181459	-0.202054	-0.90285	0.000356547
343	2.51383e-09	-1.11088	0.364089	0.00173139	-0.290029	-0.878815	-0.000530592
344	2.51383e-09	1.1012	-0.406359	0.000854978	0.317632	0.867668	0.000949509
345	2.51383e-09	-0.892059	-0.765493	0.00110191	0.600576	-0.700266	-0.000991193
346	2.51383e-09	0.11093	-1.1587	-0.000569593	0.923099	0.088696	-0.000514035
347	2.51383e-09	1.16948	-0.0868603	-0.00147952	0.0683752	0.920454	-0.001427
348	2.51383e-09	1.12171	0.369847	5.54206e-05	-0.286195	0.873741	0.000877282
349	2.51383e-09	1.07973	0.455072	1.30621e-05	-0.356782	0.855219	-0.000921957
350	2.51383e-09	-0.971878	0.674323	0.000804329	-0.519474	-0.755883	0.000113645
351	2.51383e-09	-0.95141	-0.710058	2.24311e-05	0.545272	-0.736015	0.00176543
352	2.51383e-09	-1.17093	0.145514	0.000936862	-0.11406	-0.914338	0.00218584
353	2.51383e-09	-0.0524463	-1.18247	-0.000527287	0.917673	-0.0431603	0.000824941
354	2.51383e-09	-0.665171	-0.985908	0.00183461	0.761383	-0.510119	-0.000456864
355	2.51383e-09	1.04463	-0.529792	-0.000145629	0.418369	0.823433	0.000792617
356	2.51383e-09	-1.07813	-0.497254	-0.00128089	0.385341	-0.831774	-0.000525256
357	2.51383e-09	-0.764904	0.902798	-0.000716907	-0.701273	-0.594287	0.00167482
358	2.51383e-09	0.144284	-1.17982	0.00144255	0.911232	0.107136	0.000687177
359	2.51383e-09	1.04318	0.567823	-0.000667977	-0.440915	0.80474	-0.000329391
360	2.51383e-09	-0.68208	-0.953988	0.000494841	0.751466	-0.539778	0.000366136
361	2.51383e-09	-1.14114	-0.313712	0.00208143	0.244151	-0.886154	-0.00085201
362	2.51383e-09	1.17554	-0.12153	0.00161742	0.0925808	0.91477	-0.000463986
363	2.51383e-09	0.862802	0.80224	0.0013162	-0.625219	0.675359	0.000470152
364	2.51383e-09	1.17512	0.0406188	0.0010021	-0.0360583	0.920541	0.000548293
365	2.51383e-09	-0.343226	1.1411	0.000515811	-0.877343	-0.261134	0.000609668
366	2.51383e-09	-0.987649	0.663032	-0.00123611	-0.511128	-0.760715	0.000244101
367	2.51383e-09	0.565731	-1.041	0.0015611	0.806835	0.440863	-0.000464811
368	2.51383e-09	-0.965748	-0.708234	0.00053294	0.539033	-0.736739	-0.0017133
369	2.51383e-09	-1.19111	0.0914487	0.00148804	-0.0712329	-0.912666	0.00137084
370	2.51383e-09	0.163821	1.17102	0.000100375	-0.910766	0.126146	0.000348114
371	2.51383e-09	-0.544696	-1.06364	-0.000377703	0.814092	-0.416682	0.00223766
372	2.51383e-09	-0.724114	0.953955	0.00233409	-0.727604	-0.550758	0.000231586
373	2.51383e-09	-0.406506	-1.11474	0.00074146	0.863758	-0.314216	0.000607749
374	2.51383e-09	1.01303	0.637266	0.000810503	-0.485025	0.776011	0.0001833
375	2.51383e-09	0.947051	-0.720951	0.000143629	0.556074	0.730467	-0.000345801
376	2.51383e-09	-0.360754	1.13293	0.000933652	-0.873439	-0.279404	0.000668682
377	2.51383e-09	0.0308588	-1.18654	-0.000844913	0.91852	0.0170159	0.000685082
378	2.51383e-09	-0.45909	1.10772	-0.000786205	-0.842814	-0.351625	0.00105386
379	2.51383e-09	-0.572216	1.05144	-0.000785072	-0.799488	-0.435902	-0.00118918
380	2.51383e-09	-1.19557	0.0358756	9.68307e-05	-0.0265177	-0.913973	-0.000990638
381	2.51383e-09	0.599898	-1.02332	0.000895258	0.791977	0.465702	-0.000786727
382	2.51383e-09	1.18609	0.0300521	-0.000409654	-0.0221998	0.918367	-0.000464792
383	2.51383e-09	0.93948	-0.721406	-0.000503087	0.561377	0.727945	0.00164077
384	2.51383e-09	0.806861	-0.893386	0.00364164	0.672839	0.613419	0.000466803
385	2.51383e-09	1.06646	0.533307	-0.000137541	-0.410486	0.819976	0.00130589
386	2.51383e-09	1.16599	0.277635	-0.000329339	-0.212758	0.890215	-0.000176915
387	2.51383e-09	-0.478593	1.09822	-6.77019e-05	-0.83782	-0.365504	-0.00113993
388	2.51383e-09	1.16453	0.295586	-0.000876651	-0.225186	0.884052	0.000653419
389	2.51383e-09	-1.18287	0.168319	0.00183304	-0.127875	-0.906051	-0.000379283
390	2.51383e-09	-0.34141	-1.14531	-0.000577352	0.875923	-0.264226	-0.000426008
391	2.51383e-09	0.10748	1.19944	0.000129335	-0.907484	0.0799996	0.00135689
392	2.51383e-09	0.772409	0.920378	-0.000886834	-0.699192	0.587246	-0.0010139
393	2.51383e-09	-0.156467	-1.19235	0.00198492	0.905618	-0.120154	0.000537634
394	2.51383e-09	0.957619	-0.722695	0.000168581	0.550103	0.728686	-0.0011282
395	2.51383e-09	0.178999	-1.18387	0.00236762	0.904977	0.135242	-0.00034625
396	2.51383e-09	0.597139	-1.04688	0.000286927	0.788908	0.450185	0.00054778
397	2.51383e-09	-0.429479	-1.12592	-0.00166357	0.852461	-0.325407	-0.000621945
398	2.51383e-09	-1.14057	0.384203	0.00140076	-0.290121	-0.865013	0.000961945
399	2.51383e-09	-0.89793	0.799374	0.00169605	-0.607912	-0.67948	-0.000259715
400	2.51383e-09	-0.0469546	-1.20377	-0.00158874	0.91118	-0.0361082	-3.44824e-06
