1.898999e+03
401
0	1	8.76622e-05	5.43427e-05	-8.00093e-08	4.00273e-08	4.78953e-09	-1.08897e-10
1	2.51383e-09	0.668856	0.745817	0.000514484	-0.743821	0.667404	0.000134883
2	2.51383e-09	0.110739	-0.990971	-0.0013538	0.995681	0.113491	-0.000429826
3	2.51383e-09	0.25268	0.965725	0.000701284	-0.969428	0.25269	0.000679189
4	2.51383e-09	-0.983479	0.179167	0.00100266	-0.18048	-0.984114	-0.000409788
5	2.51383e-09	-0.0385705	-1.00216	0.00104915	0.998154	-0.0412983	-0.00144846
6	2.51383e-09	0.642048	0.77941	-0.000257453	-0.765149	0.63452	0.000322284
7	2.51383e-09	0.244647	-0.969055	-0.000154552	0.971427	0.244079	0.000247603
8	2.51383e-09	-0.916264	0.404073	0.000891422	-0.39951	-0.914833	-0.000312734
9	2.51383e-09	0.867852	0.493315	0.000192678	-0.494818	0.870824	0.000139767
10	2.51383e-09	-0.620731	0.781035	-0.000380949	-0.783494	-0.626105	0.000322151
11	2.51383e-09	0.0915828	1.00088	-0.000568125	-0.993938	0.0912164	0.00122836
12	2.51383e-09	-0.954763	-0.330846	-0.000166639	0.328137	-0.939684	0.00106879
13	2.51383e-09	0.736812	-0.696609	-0.00176163	0.682691	0.718016	-0.00221133
14	2.51383e-09	0.880109	0.501923	-0.00125177	-0.488062	0.864184	0.00124682
15	2.51383e-09	0.861914	-0.51712	0.000600608	0.517968	0.852101	-0.00175459
16	2.51383e-09	0.618343	-0.785173	0.000985403	0.785334	0.619744	-0.000283857
17	2.51383e-09	-0.351588	0.941329	-0.000897781	-0.934317	-0.34657	-0.00194531
18	2.51383e-09	0.793629	-0.628411	0.00077866	0.620516	0.776919	0.0015808
19	2.51383e-09	-0.488651	0.891202	7.13168e-05	-0.872199	-0.473644	0.00160043
20	2.51383e-09	-0.989151	0.254011	-0.000135953	-0.245871	-0.958163	0.000336706
21	2.51383e-09	-0.0229809	-1.01929	-1.49395e-05	0.989673	-0.0194812	-0.000461212
22	2.51383e-09	-0.0926421	-1.01467	0.000413964	0.984523	-0.0908588	0.00088801
23	2.51383e-09	-0.276697	0.973839	-0.000599359	-0.955221	-0.271168	-0.000827206
24	2.51383e-09	0.670821	-0.762414	-0.000296963	0.742192	0.658326	-0.00025135
25	2.51383e-09	0.118152	1.01016	-0.000859087	-0.984987	0.114948	-0.000844052
26	2.51383e-09	0.158148	0.990155	0.000711226	-0.987319	0.159132	0.000585102
27	2.51383e-09	0.855215	0.53109	0.00014354	-0.531994	0.843623	-0.00152414
28	2.51383e-09	-0.913299	0.444299	-0.000891804	-0.436187	-0.89072	0.00175771
29	2.51383e-09	0.733652	0.708528	-0.000782604	-0.686544	0.71034	0.00220425
30	2.51383e-09	-0.976094	0.264767	-0.00204942	-0.258314	-0.960225	0.00108528
31	2.51383e-09	-0.586068	0.82712	-0.000909689	-0.809199	-0.574464	0.000883456
32	2.51383e-09	0.169841	-0.997648	0.00100698	0.979683	0.165747	0.000268891
33	2.51383e-09	-1.00085	-0.190478	-0.000306074	0.187539	-0.972943	0.00100208
34	2.51383e-09	-1.02501	-0.0274355	0.00011452	0.0244366	-0.987974	0.00166813
35	2.51383e-09	0.266434	0.985769	0.00125645	-0.9543	0.256609	-0.000378716
36	2.51383e-09	-0.0118194	-1.01707	-0.0009442	0.991913	-0.0104264	0.000692039
37	2.51383e-09	-0.423252	-0.928973	-0.00110439	0.898046	-0.408363	-0.000191797
38	2.51383e-09	1.01273	-0.0383939	-0.000783094	0.0368446	0.992279	-0.000348446
39	2.51383e-09	-0.0340536	1.01998	0.000219612	-0.987545	-0.0320087	0.000933025
40	2.51383e-09	-0.368697	-0.942408	-0.000802409	0.924626	-0.364197	0.000602027
41	2.51383e-09	0.396196	0.934034	-8.60963e-06	-0.913384	0.390232	0.00204727
42	2.51383e-09	-1.02889	0.0205912	0.00140178	-0.0186468	-0.985297	0.000751482
43	2.51383e-09	-0.806765	-0.627493	-0.00055073	0.60641	-0.78251	0.000961801
44	2.51383e-09	-0.710283	0.743895	0.000609602	-0.711972	-0.682612	-0.000886934
45	2.51383e-09	0.935142	0.416268	-0.00123182	-0.400066	0.904094	0.000312327
46	2.51383e-09	0.787427	-0.667997	-6.99362e-05	0.635501	0.750329	0.00127233
47	2.51383e-09	-0.890812	0.48534	0.000100444	-0.475082	-0.873009	-0.0011971
48	2.51383e-09	0.50559	0.893204	-0.000773038	-0.85843	0.484267	-0.000655272
49	2.51383e-09	-0.288022	-0.985068	-0.00105947	0.948804	-0.276136	4.16012e-05
50	2.51383e-09	-0.251642	0.991549	-0.00202476	-0.959377	-0.242728	-0.000557838
51	2.51383e-09	0.00932202	-1.02459	7.7741e-05	0.987149	0.0124743	1.06869e-05
52	2.51383e-09	-0.924948	-0.460734	0.000525422	0.437887	-0.880145	0.000559792
53	2.51383e-09	0.640358	-0.805216	-0.000600976	0.768447	0.614655	0.000100038
54	2.51383e-09	0.152478	-1.01568	-0.000298081	0.974692	0.143551	-0.000163865
55	2.51383e-09	0.506658	0.903168	-0.000418753	-0.85606	0.481654	-0.000355999
56	2.51383e-09	0.877755	0.541003	-0.00209682	-0.519218	0.834707	0.000246268
57	2.51383e-09	0.903607	0.498738	-0.00105904	-0.477043	0.86223	-0.000952286
58	2.51383e-09	-1.03491	-0.0696829	0.00136038	0.0662601	-0.97847	0.00072155
59	2.51383e-09	0.237163	-0.9961	0.00111976	0.960019	0.230012	-0.000501145
60	2.51383e-09	-0.232368	0.993891	0.00136425	-0.964122	-0.227743	-0.00228697
61	2.51383e-09	-0.429934	0.956172	-0.000612014	-0.890653	-0.398185	-0.000181263
62	2.51383e-09	-0.526433	-0.890919	-0.000794061	0.847425	-0.49728	0.000326854
63	2.51383e-09	-0.725272	-0.730316	0.00160094	0.69769	-0.695104	0.00113254
64	2.51383e-09	0.846974	-0.56598	-0.000531973	0.552856	0.825108	0.00152374
65	2.51383e-09	0.271102	1.0008	0.00179986	-0.946645	0.257612	-0.00123124
66	2.51383e-09	-0.97004	0.349922	0.00184821	-0.334165	-0.924815	-0.00219319
67	2.51383e-09	-0.71461	-0.749491	-0.000537915	0.7092	-0.677608	-0.00131889
68	2.51383e-09	0.24295	1.0008	-0.000707439	-0.957979	0.234459	-0.00262203
69	2.51383e-09	-0.328459	-0.981835	-0.0001077	0.930771	-0.314561	-0.00117164
70	2.51383e-09	-0.471925	0.916851	-0.000584934	-0.875649	-0.451317	-0.000159974
71	2.51383e-09	0.460864	0.931446	0.000791897	-0.878692	0.435606	-0.00078501
72	2.51383e-09	-0.773353	-0.703409	-0.00124056	0.653282	-0.7278	-0.000420792
73	2.51383e-09	-0.563647	-0.861326	-0.000719547	0.82426	-0.543501	0.000183893
74	2.51383e-09	0.779489	0.685095	0.000560223	-0.645159	0.737522	0.00180273
75	2.51383e-09	0.147535	1.02347	-0.000415939	-0.97427	0.139125	-0.000571352
76	2.51383e-09	-0.704104	0.779978	-0.00079335	-0.720271	-0.654311	0.000160502
77	2.51383e-09	-0.357298	-0.985188	-0.000672124	0.918667	-0.333247	-0.000720953
78	2.51383e-09	-0.624055	-0.831633	0.000496551	0.786482	-0.585849	-0.000125282
79	2.51383e-09	1.00862	0.198426	4.87918e-05	-0.190831	0.966836	-0.000936169
80	2.51383e-09	-0.147123	1.02722	0.00146664	-0.974072	-0.138543	-0.000119293
81	2.51383e-09	0.0789064	-1.03879	0.00135281	0.977576	0.0758819	0.00133047
82	2.51383e-09	-0.347372	0.978963	0.000548195	-0.926852	-0.330788	9.12804e-05
83	2.51383e-09	0.0612569	-1.0425	-0.00194398	0.976103	0.0555177	0.00113856
84	2.51383e-09	-1.01223	-0.227921	-0.00178442	0.214541	-0.959089	-5.30511e-05
85	2.51383e-09	-0.640819	-0.811207	0.0018031	0.77362	-0.60951	-0.000427369
86	2.51383e-09	-0.674129	-0.795918	-0.000281969	0.74804	-0.630522	0.00190384
87	2.51383e-09	0.798669	-0.662138	-0.000816952	0.626093	0.755677	0.000146721
88	2.51383e-09	0.925017	-0.472329	-0.000990639	0.446762	0.875502	-0.000730065
89	2.51383e-09	0.855103	0.613398	-0.000369943	-0.56757	0.792987	0.000301605
90	2.51383e-09	-0.367758	-0.974933	-0.00137256	0.917326	-0.345712	-0.000132762
91	2.51383e-09	0.103056	1.03684	-0.000120782	-0.974465	0.0998509	0.00079944
92	2.51383e-09	0.153815	-1.04078	0.000587643	0.964638	0.144957	0.000989523
93	2.51383e-09	-1.03133	0.20618	0.000130834	-0.19453	-0.956673	0.00156462
94	2.51383e-09	0.955216	0.432218	0.000913408	-0.405435	0.890148	-0.000580719
95	2.51383e-09	1.01318	-0.255606	0.000870204	0.235762	0.949651	0.000697748
96	2.51383e-09	-1.04923	0.0777032	0.00183714	-0.0729274	-0.972835	0.000718046
97	2.51383e-09	-0.244582	-1.01726	-0.00332548	0.951011	-0.233807	0.00208496
98	2.51383e-09	1.03716	0.205727	0.00108588	-0.186523	0.955423	0.000735735
99	2.51383e-09	0.789157	-0.703818	-0.000400744	0.647566	0.7262	0.000521645
100	2.51383e-09	1.02113	0.241182	-6.37306e-05	-0.225961	0.951437	0.000456047
101	2.51383e-09	-0.994156	-0.304161	0.00100691	0.287552	-0.935655	-0.000434621
102	2.51383e-09	0.553437	0.888146	0.00129445	-0.829014	0.514265	0.000584067
103	2.51383e-09	-0.238297	-1.02379	0.000153965	0.950351	-0.223076	1.89817e-05
104	2.51383e-09	-0.162777	1.03933	0.000423579	-0.965105	-0.15116	0.000381664
105	2.51383e-09	-0.490341	-0.918598	0.000275171	0.86711	-0.463791	6.69884e-05
106	2.51383e-09	0.223266	-1.0305	0.00171362	0.951109	0.205722	-0.00176284
107	2.51383e-09	1.04335	0.153788	-0.000861235	-0.144497	0.960398	0.000448763
108	2.51383e-09	0.560046	-0.907398	-0.000310977	0.822721	0.509	-0.000905898
109	2.51383e-09	-0.66721	-0.822822	6.88029e-05	0.755421	-0.60978	0.000512719
110	2.51383e-09	-0.07382	1.05382	-0.00255451	-0.970224	-0.0670047	0.000921296
111	2.51383e-09	-0.588461	0.892473	0.000304352	-0.810622	-0.528085	0.000519303
112	2.51383e-09	1.01247	-0.293601	-0.000624794	0.27127	0.935863	0.00046429
113	2.51383e-09	-0.864605	-0.60793	-7.92265e-05	0.55687	-0.796077	-0.000940409
114	2.51383e-09	-0.141099	-1.05189	0.00126034	0.960548	-0.1316	-0.0015154
115	2.51383e-09	0.99467	0.38082	-0.0025445	-0.346938	0.902874	-0.00155367
116	2.51383e-09	0.187315	1.04052	0.000130408	-0.956137	0.171284	0.000488434
117	2.51383e-09	-1.03878	0.197925	0.00148397	-0.180846	-0.955896	-0.000785923
118	2.51383e-09	0.866384	-0.631149	6.28431e-05	0.569732	0.779086	0.00191644
119	2.51383e-09	0.128151	1.04967	0.000577539	-0.965309	0.117195	-0.000650553
120	2.51383e-09	0.581417	0.886694	-0.000659621	-0.811389	0.535878	0.000423727
121	2.51383e-09	-0.629271	0.854407	-0.00151366	-0.783554	-0.577579	0.000679564
122	2.51383e-09	-0.653447	0.837723	0.000192024	-0.764378	-0.594088	-7.55122e-05
123	2.51383e-09	-0.791204	0.696801	-0.000113438	-0.640544	-0.732187	0.000327377
124	2.51383e-09	-0.683894	0.816755	0.0017778	-0.746363	-0.620275	-0.00078812
125	2.51383e-09	0.241867	-1.03296	-0.00198915	0.945949	0.218605	-7.78512e-05
126	2.51383e-09	0.837327	-0.652087	0.000908143	0.597116	0.767929	0.00105423
127	2.51383e-09	-1.00885	0.321681	-0.00232755	-0.294335	-0.925502	0.000999433
128	2.51383e-09	-0.921544	-0.528919	0.000864011	0.485175	-0.841407	0.000572177
129	2.51383e-09	-0.793256	-0.714455	0.000218391	0.649413	-0.718891	-0.000840572
130	2.51383e-09	0.59802	-0.865104	-0.00136149	0.802579	0.554478	0.000337313
131	2.51383e-09	1.05688	-0.198986	0.000332791	0.174291	0.948639	-0.000277581
132	2.51383e-09	1.06444	-0.128058	-0.00132552	0.117486	0.95964	-5.53286e-05
133	2.51383e-09	0.219026	-1.04071	0.00347167	0.948145	0.201071	-0.000858866
134	2.51383e-09	0.964519	-0.447386	-0.00242901	0.408168	0.87962	0.00144375
135	2.51383e-09	-0.193104	-1.04856	-0.00134445	0.951968	-0.177017	0.000989029
136	2.51383e-09	-1.06986	-0.0581479	0.00246349	0.0500234	-0.965833	-0.00163146
137	2.51383e-09	1.06748	-0.0480704	0.0015543	0.0453911	0.965639	0.000289552
138	2.51383e-09	-1.0425	-0.263966	0.00189802	0.238948	-0.933248	-0.00152296
139	2.51383e-09	0.856729	-0.629338	0.000442829	0.574741	0.781636	0.000682882
140	2.51383e-09	-0.81144	-0.704068	0.00157625	0.631943	-0.730297	-0.000518579
141	2.51383e-09	-0.647398	0.84718	-0.00166207	-0.770149	-0.585253	0.00136528
142	2.51383e-09	-0.422438	-0.988098	-0.00128681	0.886069	-0.379713	-8.79654e-05
143	2.51383e-09	0.851297	-0.641946	0.000546396	0.584406	0.773148	-0.00195857
144	2.51383e-09	-0.0861939	-1.07587	-7.01363e-05	0.959253	-0.075648	-0.000126871
145	2.51383e-09	0.110116	-1.07145	-0.000568836	0.958512	0.0969596	0.000898904
146	2.51383e-09	-0.849445	0.67685	0.000286465	-0.599065	-0.749436	0.000888617
147	2.51383e-09	1.08163	0.0448891	0.000699675	-0.0444659	0.958937	-0.000992578
148	2.51383e-09	-0.56313	0.920161	-0.00203202	-0.822645	-0.499589	-0.000196291
149	2.51383e-09	-1.04572	0.196805	-0.000708035	-0.177069	-0.956837	0.000633203
150	2.51383e-09	0.618386	-0.876648	-0.00129238	0.788156	0.557204	-0.00142547
151	2.51383e-09	-0.225119	-1.05134	0.000283029	0.944993	-0.202611	0.00114746
152	2.51383e-09	0.33659	1.01983	-0.00362462	-0.916226	0.301494	0.000122485
153	2.51383e-09	0.530643	0.939543	-6.96334e-05	-0.837613	0.475697	-0.00063136
154	2.51383e-09	0.378842	-1.02259	-0.000539889	0.897407	0.334761	-0.000617962
155	2.51383e-09	-0.83405	-0.686215	-0.00281347	0.608422	-0.743578	-0.000686838
156	2.51383e-09	-1.00701	-0.404461	-0.00147926	0.354194	-0.890278	0.000325689
157	2.51383e-09	0.590452	0.906012	0.000140128	-0.805505	0.524486	-0.000658847
158	2.51383e-09	0.866765	0.640193	-0.000992816	-0.572248	0.775112	-0.000443717
159	2.51383e-09	0.920492	0.558116	-0.00201295	-0.500496	0.824253	0.00113957
160	2.51383e-09	0.69968	0.830366	-0.000143292	-0.73017	0.620732	0.00117387
161	2.51383e-09	0.764	0.783805	-0.000205852	-0.684665	0.665426	0.0017923
162	2.51383e-09	1.08154	0.0281872	0.000858872	-0.0284223	0.961303	0.000946079
163	2.51383e-09	0.841842	-0.673297	0.00175185	0.601036	0.752021	0.00143872
164	2.51383e-09	0.578982	0.901158	0.000714926	-0.812742	0.522874	0.000866845
165	2.51383e-09	-0.0611582	1.08223	-0.00171028	-0.959867	-0.0528037	0.00160216
166	2.51383e-09	1.01928	0.371313	-0.000671916	-0.328269	0.903224	5.16032e-05
167	2.51383e-09	0.954729	0.522816	0.00225637	-0.456395	0.841477	-0.00170825
168	2.51383e-09	-0.000895839	-1.07839	-0.000381189	0.962157	-0.00564807	-0.00165167
169	2.51383e-09	-1.01153	-0.387161	-0.000853148	0.346428	-0.896263	-0.000146167
170	2.51383e-09	0.926966	-0.576088	0.00213032	0.508811	0.812461	-0.00235304
171	2.51383e-09	0.1017	1.08444	0.00164322	-0.954087	0.0861409	-0.00282233
172	2.51383e-09	-0.620465	-0.907065	0.00162594	0.788159	-0.537904	-6.39443e-05
173	2.51383e-09	0.314191	1.0543	0.00138445	-0.914454	0.272105	-0.000289676
174	2.51383e-09	0.134373	-1.09453	-0.00170221	0.943417	0.11981	-0.000922313
175	2.51383e-09	-0.406532	1.0172	0.00144803	-0.885607	-0.354356	0.000168245
176	2.51383e-09	0.835214	0.668812	0.000451606	-0.605611	0.753385	-0.000796928
177	2.51383e-09	0.986119	0.477458	-0.000421483	-0.41625	0.860266	-0.000469901
178	2.51383e-09	-0.280339	1.05754	0.000576204	-0.925415	-0.244137	0.000224392
179	2.51383e-09	1.09044	-0.0164393	0.000359638	0.0142746	0.957188	0.00144197
180	2.51383e-09	0.756407	-0.777202	-0.00240941	0.688131	0.670611	-0.000372813
181	2.51383e-09	0.863522	0.675137	0.000272076	-0.589175	0.750593	0.000572298
182	2.51383e-09	0.694522	-0.838233	0.00133476	0.735599	0.611803	-0.00177274
183	2.51383e-09	0.536131	0.968839	0.000113271	-0.830728	0.460814	-0.00179126
184	2.51383e-09	-0.917785	0.607152	0.000218842	-0.523472	-0.796248	-0.000620267
185	2.51383e-09	0.838646	0.698303	0.000635513	-0.611906	0.735228	-0.000550111
186	2.51383e-09	-0.210079	1.07047	0.000752987	-0.937007	-0.187395	0.00070352
187	2.51383e-09	0.745222	-0.792751	0.000888801	0.699164	0.656946	-0.000228172
188	2.51383e-09	-0.322004	-1.04361	0.000981335	0.914375	-0.283564	0.000149921
189	2.51383e-09	-0.680181	0.847071	-0.00120256	-0.750009	-0.602157	-0.00187276
190	2.51383e-09	0.270697	-1.06765	-0.000248294	0.922899	0.234158	0.00105788
191	2.51383e-09	-0.815313	0.729386	-0.00120814	-0.63821	-0.713712	-0.00146242
192	2.51383e-09	0.870614	-0.681067	0.000557656	0.583278	0.74959	0.000332351
193	2.51383e-09	-1.10168	-0.0072039	-0.000176321	0.00412581	-0.952668	0.000791532
194	2.51383e-09	-1.10283	-0.0794182	0.00103539	0.0679945	-0.948739	-0.00119565
195	2.51383e-09	1.06127	0.238591	0.000640455	-0.211564	0.937715	0.00303605
196	2.51383e-09	1.044	0.329104	-0.00138809	-0.286983	0.913333	-0.000239451
197	2.51383e-09	-0.292121	-1.04981	-0.000964775	0.92262	-0.260537	-0.000268755
198	2.51383e-09	0.179801	1.09723	0.000870315	-0.935919	0.158445	0.00114365
199	2.51383e-09	-1.03842	-0.353622	-4.40704e-05	0.305915	-0.905215	2.21443e-05
200	2.51383e-09	0.643309	0.909146	0.00306708	-0.77368	0.545695	0.000326553
201	2.51383e-09	-1.04801	-0.346515	-0.000441491	0.305668	-0.901921	-0.000431603
202	2.51383e-09	-1.04405	-0.366077	0.000319405	0.311719	-0.897218	-0.000433755
203	2.51383e-09	-0.632398	0.89299	-0.00182789	-0.779634	-0.551182	1.81463e-05
204	2.51383e-09	0.723752	-0.829316	-0.000990857	0.717265	0.629065	-0.00162539
205	2.51383e-09	-1.1031	-0.114803	-0.00115012	0.0996436	-0.944401	0.000106508
206	2.51383e-09	-0.0496319	-1.09763	0.00128121	0.953661	-0.0444314	-0.00260234
207	2.51383e-09	-0.857728	0.688908	-0.00143667	-0.595295	-0.746051	0.000442832
208	2.51383e-09	0.68686	0.873637	0.000434992	-0.747929	0.585016	-0.000224728
209	2.51383e-09	-0.418796	-1.01302	0.000760752	0.880802	-0.367849	-0.0011701
210	2.51383e-09	-0.534027	0.977191	-0.000867311	-0.832076	-0.45364	0.000205583
211	2.51383e-09	0.317863	1.05853	-0.000567991	-0.912716	0.269811	0.000884395
212	2.51383e-09	0.444052	1.02862	-0.0010634	-0.8652	0.374957	0.000735025
213	2.51383e-09	0.745558	-0.809469	-0.000775771	0.700163	0.645153	0.000274899
214	2.51383e-09	1.08763	0.18557	-0.00113574	-0.157343	0.938893	0.000997089
215	2.51383e-09	0.998974	0.491147	-0.00290603	-0.418133	0.851261	0.000793498
216	2.51383e-09	0.981067	0.513457	6.79256e-05	-0.441644	0.840237	0.000718281
217	2.51383e-09	-0.500641	0.995659	-0.000697596	-0.847999	-0.420872	-7.18921e-05
218	2.51383e-09	1.02282	0.404042	0.000598096	-0.349869	0.887878	0.000564941
219	2.51383e-09	0.951149	0.590734	0.00121149	-0.497082	0.804706	-0.000824483
220	2.51383e-09	1.11828	0.00145718	0.00121673	-0.000415331	0.94334	-0.000899173
221	2.51383e-09	-0.607978	0.924659	-0.000354069	-0.796812	-0.519752	0.000649038
222	2.51383e-09	0.128664	-1.1103	-0.000487047	0.940719	0.107236	0.00183599
223	2.51383e-09	-0.685569	0.880627	-0.0005499	-0.748554	-0.579444	-0.000660659
224	2.51383e-09	0.962817	-0.560249	0.00107481	0.477683	0.817651	0.00041421
225	2.51383e-09	0.338344	1.06067	0.00137955	-0.901662	0.287703	-0.000754445
226	2.51383e-09	-0.378335	1.05848	0.00106336	-0.888454	-0.317802	-0.000840551
227	2.51383e-09	-1.10534	-0.14382	-0.00103283	0.12058	-0.93837	0.000595882
228	2.51383e-09	0.200902	-1.09844	-0.000937895	0.930833	0.171015	0.000798871
229	2.51383e-09	0.0279497	1.13492	0.00168404	-0.937502	0.0203995	0.000711842
230	2.51383e-09	-0.963225	0.587484	-0.000844824	-0.488187	-0.804945	-0.00107868
231	2.51383e-09	-0.71581	0.883995	-0.00249274	-0.728716	-0.588163	0.0007405
232	2.51383e-09	-1.00205	-0.464442	0.00258084	0.401312	-0.864527	0.000261617
233	2.51383e-09	-0.958991	0.56397	0.00137853	-0.481762	-0.81888	0.0004284
234	2.51383e-09	0.826416	0.740113	-0.00225246	-0.633817	0.706946	0.000442342
235	2.51383e-09	1.04475	-0.415265	-0.00110992	0.349299	0.876058	-0.00193951
236	2.51383e-09	-0.595072	0.954856	-0.00162968	-0.799693	-0.500826	0.0012655
237	2.51383e-09	0.0489553	1.12185	-0.00105112	-0.942284	0.0381367	-0.000727305
238	2.51383e-09	0.445648	-1.02561	-0.00128013	0.869229	0.376134	-0.00113572
239	2.51383e-09	-0.76232	-0.812176	0.00194409	0.693165	-0.646176	0.000703576
240	2.51383e-09	-0.946098	-0.629325	0.000393003	0.519813	-0.778774	0.00196515
241	2.51383e-09	-0.587932	-0.961649	-0.000493476	0.803181	-0.488568	-0.00157851
242	2.51383e-09	0.18665	-1.12461	-0.00271159	0.924472	0.152124	-0.00096951
243	2.51383e-09	0.970071	-0.579945	5.61147e-05	0.481219	0.806358	-0.000645289
244	2.51383e-09	0.0465456	-1.12609	5.43065e-05	0.939803	0.0381567	0.000188147
245	2.51383e-09	-0.681871	-0.896963	0.000934891	0.752288	-0.567827	0.000886692
246	2.51383e-09	0.70718	0.878515	0.00165848	-0.730411	0.591794	-0.000764363
247	2.51383e-09	-0.739828	0.83209	0.00153637	-0.706444	-0.631246	-0.00132915
248	2.51383e-09	0.957266	0.553682	-0.00120889	-0.478056	0.8267	-0.000214654
249	2.51383e-09	0.243514	1.09056	0.00143517	-0.923283	0.208355	7.38568e-05
250	2.51383e-09	0.641992	-0.920322	-0.000496505	0.774672	0.540181	0.000613228
251	2.51383e-09	-0.17809	-1.11947	0.001928	0.92882	-0.144816	0.0020804
252	2.51383e-09	-0.626798	0.934099	-0.00122219	-0.782774	-0.528881	0.000623048
253	2.51383e-09	0.000567729	1.12442	-0.00218008	-0.943533	0.00297787	-0.000214481
254	2.51383e-09	1.1216	0.0045388	-0.000685387	-0.00484967	0.942346	0.00082764
255	2.51383e-09	-0.631424	0.936366	-0.00118568	-0.778639	-0.529436	0.00181672
256	2.51383e-09	-0.954457	-0.603794	0.000671157	0.501814	-0.796908	-0.00168093
257	2.51383e-09	1.10967	0.205733	0.000995581	-0.172684	0.926072	0.000232444
258	2.51383e-09	0.191576	-1.11308	-0.000423712	0.928144	0.156601	0.000779159
259	2.51383e-09	0.288495	-1.08377	0.000552417	0.912942	0.2441	0.000820463
260	2.51383e-09	-0.317353	-1.08577	0.00108159	0.90103	-0.269427	-0.00179664
261	2.51383e-09	-0.324645	1.09918	4.49978e-05	-0.89441	-0.263535	0.000464845
262	2.51383e-09	-0.607904	-0.953589	-0.000280409	0.791458	-0.505874	-0.000100867
263	2.51383e-09	1.13583	0.0256512	0.000783216	-0.0211887	0.938778	0.000649802
264	2.51383e-09	-0.393494	-1.05237	-0.00077279	0.885703	-0.328687	0.000219034
265	2.51383e-09	-1.13903	0.0309638	-0.000359633	-0.02031	-0.937537	0.00122516
266	2.51383e-09	1.11334	-0.253498	-0.00187963	0.205685	0.911737	-0.000779712
267	2.51383e-09	1.13232	-0.00567063	0.00188179	0.00610291	0.938197	0.00126658
268	2.51383e-09	-1.13383	-0.0563612	0.000124579	0.043438	-0.93553	0.000566357
269	2.51383e-09	-0.268781	-1.10494	0.00101239	0.9113	-0.220913	-4.96768e-05
270	2.51383e-09	1.08112	0.351628	0.000728339	-0.289065	0.891189	-0.000337806
271	2.51383e-09	-0.124856	-1.1404	0.000820242	0.926847	-0.102694	-0.000945671
272	2.51383e-09	-0.588275	0.974848	-0.00110726	-0.806279	-0.479992	-0.000706458
273	2.51383e-09	0.845844	0.769797	-0.000133528	-0.629342	0.689724	-0.000118664
274	2.51383e-09	-1.09462	0.308623	0.000876745	-0.25753	-0.900821	-0.00099764
275	2.51383e-09	-1.13554	0.130126	0.00107739	-0.104294	-0.92782	0.00242297
276	2.51383e-09	0.666269	-0.924451	-0.000294105	0.758698	0.54844	-0.000331013
277	2.51383e-09	1.12027	0.22311	0.000556715	-0.182329	0.915918	0.000372736
278	2.51383e-09	0.048084	1.1454	-0.000856652	-0.932193	0.0357398	-0.0015444
279	2.51383e-09	-1.00218	-0.550585	-0.000111647	0.453329	-0.817381	-0.000120038
280	2.51383e-09	0.663528	-0.9418	0.00114976	0.760454	0.535827	0.000931694
281	2.51383e-09	-0.0457114	-1.14383	-0.000460455	0.932344	-0.0375812	-0.000403101
282	2.51383e-09	0.133697	-1.13516	-0.000208235	0.928701	0.11357	-0.000689977
283	2.51383e-09	-1.13409	0.166365	-0.000206794	-0.134233	-0.924512	0.000128392
284	2.51383e-09	0.635055	0.950004	0.00187808	-0.778952	0.520253	-1.05122e-06
285	2.51383e-09	-0.839279	0.783543	-0.00140803	-0.638666	-0.682632	0.000814556
286	2.51383e-09	0.20591	1.12066	-0.000297508	-0.922614	0.168259	-0.00200816
287	2.51383e-09	-0.179266	-1.13256	9.90188e-05	0.923278	-0.143936	0.000705153
288	2.51383e-09	0.860615	-0.758161	-0.00104271	0.614244	0.704957	0.000680651
289	2.51383e-09	-0.847335	-0.787518	-0.00108696	0.632058	-0.681112	0.0027073
290	2.51383e-09	0.534249	-1.0075	-0.000611679	0.829364	0.437995	-0.000362948
291	2.51383e-09	1.10467	-0.333327	-0.00168534	0.265126	0.89179	-0.0017153
292	2.51383e-09	1.00128	-0.559666	-0.00088425	0.455835	0.81735	-0.000353697
293	2.51383e-09	1.13198	-0.148297	-0.000454238	0.121471	0.929101	0.000297889
294	2.51383e-09	-0.428867	1.06985	-0.00258391	-0.864063	-0.347208	0.000538537
295	2.51383e-09	1.14618	0.0047768	0.000389137	-0.00537526	0.933923	0.000308386
296	2.51383e-09	-1.02363	0.527508	-0.000177481	-0.428315	-0.827905	-0.000280118
297	2.51383e-09	-1.05175	-0.460551	-0.00261096	0.373238	-0.855207	0.00193344
298	2.51383e-09	-0.468417	-1.05882	0.000106397	0.849854	-0.374333	-0.000741475
299	2.51383e-09	-1.05942	0.440391	-0.00169417	-0.360542	-0.86277	-0.000351097
300	2.51383e-09	0.802772	0.844098	-0.000293429	-0.670577	0.638279	-0.000141493
301	2.51383e-09	0.774312	-0.858283	-0.00101177	0.69504	0.620538	-0.00018787
302	2.51383e-09	0.37903	1.09979	0.000419667	-0.87501	0.303731	0.00117192
303	2.51383e-09	0.797817	0.842584	-0.000608968	-0.673633	0.636651	-0.000949129
304	2.51383e-09	-0.357906	-1.10358	0.000405481	0.883564	-0.283793	0.00205659
305	2.51383e-09	-0.0178042	1.1545	0.00165842	-0.930382	-0.0174809	0.0011664
306	2.51383e-09	1.14777	0.106327	-0.000765156	-0.0867349	0.926868	-7.05773e-05
307	2.51383e-09	1.04601	-0.498209	0.000410299	0.405206	0.835488	0.000987337
308	2.51383e-09	-1.07098	0.448956	0.00232894	-0.357471	-0.856008	-0.000936395
309	2.51383e-09	-1.14172	0.104036	0.000264918	-0.0851002	-0.931064	0.000629509
310	2.51383e-09	0.197715	1.13591	0.00186362	-0.917113	0.15878	-0.000317899
311	2.51383e-09	-0.0937386	-1.15508	-0.00129892	0.92445	-0.0727172	0.00136412
312	2.51383e-09	-0.434975	-1.07838	-0.000188979	0.861411	-0.348265	0.000243573
313	2.51383e-09	-0.496992	-1.04086	-0.000777798	0.840739	-0.402011	-0.00256963
314	2.51383e-09	-0.335411	1.10993	-0.000246194	-0.888372	-0.268073	0.0012689
315	2.51383e-09	-1.16468	-0.0115153	0.00010729	0.00710719	-0.925447	0.000982629
316	2.51383e-09	-0.0738528	-1.15757	-0.00151524	0.927503	-0.0557699	0.000845638
317	2.51383e-09	0.545714	1.02252	-0.00139256	-0.820594	0.439388	-0.000853142
318	2.51383e-09	1.06703	0.474597	-0.000947679	-0.37389	0.845481	0.000757851
319	2.51383e-09	-1.06892	-0.449478	-0.000188335	0.35842	-0.858486	0.000899834
320	2.51383e-09	1.02481	0.553262	0.00071939	-0.443485	0.815044	0.000460673
321	2.51383e-09	-0.731313	-0.902374	0.000802932	0.721587	-0.583689	-0.000741379
322	2.51383e-09	-1.16767	0.0121494	0.00181517	-0.0116233	-0.924799	0.000848592
323	2.51383e-09	0.3717	1.1079	-8.74751e-05	-0.878573	0.293397	0.00131395
324	2.51383e-09	-1.05273	0.520549	0.000493382	-0.414501	-0.825288	-0.000813435
325	2.51383e-09	1.06851	-0.457769	-0.00128309	0.364016	0.853414	-0.00122689
326	2.51383e-09	1.16703	-0.0390228	8.77675e-05	0.0299411	0.924056	-0.00168482
327	2.51383e-09	-0.526959	-1.04893	-0.00178834	0.823695	-0.413309	0.00119174
328	2.51383e-09	0.183065	1.14355	-0.000925326	-0.918511	0.150872	0.000382356
329	2.51383e-09	0.882459	-0.791318	0.000550913	0.613134	0.685622	-9.17672e-06
330	2.51383e-09	0.205972	-1.14715	0.00130332	0.91223	0.163024	0.00034665
331	2.51383e-09	0.815315	-0.840265	9.56751e-05	0.667681	0.638493	0.000183198
332	2.51383e-09	1.15953	0.144523	-0.0025202	-0.116126	0.917008	-0.0008932
333	2.51383e-09	-1.1273	-0.326058	0.000306884	0.256578	-0.888201	-0.000802856
334	2.51383e-09	1.15101	0.22072	0.00142327	-0.174004	0.906566	0.000212684
335	2.51383e-09	1.13111	0.315163	0.00224432	-0.245414	0.891255	0.000602838
336	2.51383e-09	0.266787	1.14242	-0.00118503	-0.900768	0.205572	0.000450859
337	2.51383e-09	-0.199082	-1.15689	-0.000149394	0.90963	-0.1572	0.000796367
338	2.51383e-09	0.015679	-1.16157	-0.000112587	0.92785	0.00989774	0.000999592
339	2.51383e-09	0.0697254	1.18584	-0.000707712	-0.916204	0.0519427	-1.58531e-05
340	2.51383e-09	0.652089	-0.989805	-1.81676e-06	0.76775	0.504219	-0.000194212
341	2.51383e-09	0.23542	1.16052	0.000360608	-0.900088	0.178297	-0.00022978
342	2.51383e-09	-0.370157	-1.10966	0.000286844	0.876972	-0.293067	0.00145726
343	2.51383e-09	-0.508879	-1.05679	-0.000622382	0.830545	-0.400878	-0.0014009
344	2.51383e-09	0.945482	0.69338	0.0014736	-0.546865	0.746105	-7.09004e-05
345	2.51383e-09	0.143129	-1.16754	-0.000468569	0.915158	0.111642	-0.00126176
346	2.51383e-09	0.920152	0.706979	-8.54311e-05	-0.565415	0.7361	0.000971856
347	2.51383e-09	0.267353	1.14042	-0.00183435	-0.899746	0.209881	0.00121918
348	2.51383e-09	0.535195	1.05348	0.000859691	-0.819196	0.416232	0.000429519
349	2.51383e-09	0.448837	1.08824	-0.000883675	-0.850382	0.357536	-0.000677562
350	2.51383e-09	-1.057	-0.513151	0.000728349	0.407911	-0.827324	-0.00134645
351	2.51383e-09	-0.552536	-1.05247	0.00103857	0.809322	-0.426486	0.00156279
352	2.51383e-09	-1.09999	-0.428034	0.0021819	0.332954	-0.85881	0.00155301
353	2.51383e-09	0.464024	-1.0904	1.35482e-05	0.845295	0.357427	0.000962015
354	2.51383e-09	-0.676108	-0.979383	0.00183	0.755192	-0.518672	-0.000525364
355	2.51383e-09	0.657501	0.971934	0.00104777	-0.764631	0.516059	-0.000222085
356	2.51383e-09	-0.890924	-0.783503	-0.00142623	0.607359	-0.687466	-0.000213767
357	2.51383e-09	-1.06793	0.508575	0.000278403	-0.395253	-0.830182	0.00174455
358	2.51383e-09	0.0597279	-1.18689	0.00138903	0.916636	0.042224	0.000720857
359	2.51383e-09	0.997709	0.643775	-0.000693837	-0.499606	0.769906	-0.000266294
360	2.51383e-09	0.279323	-1.14266	0.000692531	0.897127	0.214996	-6.14884e-05
361	2.51383e-09	-0.941885	-0.716288	0.00150366	0.55685	-0.731496	-0.00141629
362	2.51383e-09	1.0252	0.584467	0.000941837	-0.457995	0.798844	-0.00112234
363	2.51383e-09	-0.284841	1.14356	0.00114096	-0.892413	-0.22297	-0.000690339
364	2.51383e-09	0.350531	1.11462	0.000817703	-0.885211	0.275272	-0.000806868
365	2.51383e-09	-0.190462	1.17652	0.000423491	-0.90416	-0.143261	0.000655478
366	2.51383e-09	-0.97182	0.686868	-0.00128484	-0.52886	-0.748042	0.000276048
367	2.51383e-09	0.650202	-0.991062	0.00143854	0.767694	0.506138	-0.000707105
368	2.51383e-09	-1.19317	-0.0910453	0.00162071	0.0677667	-0.911119	-0.00125087
369	2.51383e-09	-0.925403	0.75373	0.000242685	-0.578889	-0.710207	0.00177475
370	2.51383e-09	-0.443867	1.09407	0.00029642	-0.852511	-0.347593	0.000266621
371	2.51383e-09	-0.978734	-0.686087	-0.00166268	0.524743	-0.748804	0.00186946
372	2.51383e-09	-0.302808	1.15715	0.00218996	-0.88375	-0.229797	0.00083158
373	2.51383e-09	-0.511107	-1.07081	0.000676005	0.829853	-0.395124	0.000658055
374	2.51383e-09	1.15281	-0.314701	0.000357989	0.241556	0.883835	0.000541055
375	2.51383e-09	0.490429	-1.08434	7.65345e-05	0.837248	0.377874	-0.000167619
376	2.51383e-09	-0.330731	1.14211	0.000922847	-0.880494	-0.256163	0.000687159
377	2.51383e-09	-0.0366132	-1.18587	-0.00089028	0.918388	-0.0350879	0.000657191
378	2.51383e-09	0.550234	1.06857	-0.0015614	-0.810812	0.416067	0.000247049
379	2.51383e-09	-0.496951	1.08968	-0.00081244	-0.828751	-0.377544	-0.00116583
380	2.51383e-09	-0.957706	0.71722	0.000813366	-0.547243	-0.732064	-0.000777765
381	2.51383e-09	0.710041	-0.94852	0.000755413	0.735269	0.551891	-0.000855113
382	2.51383e-09	1.18234	0.0961	-0.00047436	-0.0729673	0.915831	-0.000418425
383	2.51383e-09	1.07941	-0.488408	5.15811e-05	0.380834	0.83643	0.00166249
384	2.51383e-09	-0.320588	-1.16385	0.00146421	0.875364	-0.240449	0.00255986
385	2.51383e-09	1.18483	-0.144987	-0.000962958	0.109903	0.909629	0.00108422
386	2.51383e-09	0.694977	-0.981585	8.88889e-05	0.742315	0.530093	-0.000300666
387	2.51383e-09	0.461909	1.10534	0.00100113	-0.843609	0.351529	-0.00085114
388	2.51383e-09	0.887889	-0.810183	-0.00120126	0.614441	0.673625	-0.000187617
389	2.51383e-09	-0.911668	0.774378	0.00180562	-0.591169	-0.697331	0.000393371
390	2.51383e-09	-0.87299	-0.812297	-0.000288472	0.622974	-0.672229	-0.000546014
391	2.51383e-09	1.14877	0.364932	-0.00160099	-0.275519	0.867498	0.000620437
392	2.51383e-09	1.14587	-0.363561	0.000855103	0.274579	0.870322	-0.00103251
393	2.51383e-09	-1.20452	0.0332526	-0.000481854	-0.0218318	-0.911496	0.00155953
394	2.51383e-09	0.033163	-1.19929	0.00124566	0.912597	0.025275	-0.000611626
395	2.51383e-09	-0.852707	-0.839539	0.00178074	0.643049	-0.651655	0.00125105
396	2.51383e-09	-0.309037	-1.16298	-0.000318165	0.878301	-0.236982	0.000550633
397	2.51383e-09	-1.10508	0.490914	0.000904914	-0.366309	-0.832299	-0.00122757
398	2.51383e-09	0.144399	1.19829	-0.000952587	-0.903572	0.106901	0.00123929
399	2.51383e-09	0.211073	1.18056	0.00119256	-0.899437	0.162527	0.000955434
400	2.51383e-09	-1.20167	-0.100582	-0.000200816	0.0775985	-0.907658	-0.00119017
