1.238200e+04
401
0	1	0.0005693	0.00035321	-5.19555e-07	-1.64464e-08	5.04226e-08	-1.79511e-10
1	2.51383e-09	0.996598	-0.186907	-0.00255349	0.190647	0.97376	0.000755948
2	2.51383e-09	0.501273	0.870145	0.000396683	-0.863437	0.492478	0.00128063
3	2.51383e-09	0.244778	-0.957347	0.000163646	0.976186	0.25338	0.00201819
4	2.51383e-09	-0.0415644	-1.00142	0.00125253	0.998998	-0.0432701	-0.000500319
5	2.51383e-09	-0.84472	0.524447	-0.000520954	-0.525203	-0.853601	-0.00144141
6	2.51383e-09	-0.960493	-0.310071	0.0048692	0.309352	-0.946622	0.000185155
7	2.51383e-09	0.526361	-0.843366	-0.00185877	0.853096	0.529738	-0.00387875
8	2.51383e-09	-0.020224	-0.99435	0.000505527	1.00412	-0.0186434	0.00109667
9	2.51383e-09	1.0153	0.0187079	0.000443594	-0.0223562	0.990334	0.00138648
10	2.51383e-09	-0.405439	-0.925196	0.00156488	0.91201	-0.399643	-0.00243841
11	2.51383e-09	-0.72251	0.693703	0.00143741	-0.689158	-0.723052	-0.000806109
12	2.51383e-09	0.818124	0.613728	-0.000124861	-0.594071	0.7924	-0.00111718
13	2.51383e-09	0.639217	-0.782021	-0.00098042	0.770576	0.626662	0.00121291
14	2.51383e-09	0.204854	-0.991934	-0.000453867	0.973392	0.195493	-0.00219256
15	2.51383e-09	-0.111802	-0.985042	-0.000376134	1.00289	-0.109995	-0.0022098
16	2.51383e-09	0.574198	-0.822616	0.000594372	0.814252	0.574583	0.00161627
17	2.51383e-09	-0.320854	0.954516	-0.00118132	-0.944921	-0.322181	-0.000679599
18	2.51383e-09	-0.694429	0.734799	0.000804178	-0.718312	-0.689775	-0.00125408
19	2.51383e-09	-0.982998	-0.284815	-0.000734122	0.271931	-0.945631	-0.00439898
20	2.51383e-09	-0.732955	-0.735211	-0.00205746	0.694994	-0.690737	0.000745502
21	2.51383e-09	-0.354212	-0.933912	0.00101766	0.936502	-0.351822	-0.000154429
22	2.51383e-09	0.810298	0.653107	0.000280892	-0.616377	0.765497	0.00106862
23	2.51383e-09	-0.750307	-0.685694	0.000823917	0.67037	-0.729721	-0.00389845
24	2.51383e-09	0.869235	0.489807	0.00212098	-0.492058	0.877192	0.000285425
25	2.51383e-09	0.752134	0.678774	4.74623e-05	-0.672646	0.734571	0.00194505
26	2.51383e-09	-0.990219	0.278267	-0.000609124	-0.265394	-0.94877	-0.000145139
27	2.51383e-09	0.619274	0.793608	-0.0018588	-0.785601	0.611918	0.00275173
28	2.51383e-09	-0.95506	0.333461	4.2802e-05	-0.325907	-0.939939	-0.00495829
29	2.51383e-09	0.142947	-0.987737	0.00304399	0.991348	0.141391	0.000393413
30	2.51383e-09	0.81298	0.615241	-0.000119251	-0.599424	0.787825	-0.00232435
31	2.51383e-09	-0.936069	0.354061	-0.00268689	-0.353701	-0.939458	-0.000812836
32	2.51383e-09	-0.878027	0.505671	-0.00463739	-0.496874	-0.857983	-0.000667227
33	2.51383e-09	0.444696	0.940925	-0.000817207	-0.886984	0.409122	-0.00012723
34	2.51383e-09	1.03852	-0.0247755	0.000264733	0.0230885	0.981307	-0.00138023
35	2.51383e-09	1.01973	-0.00349872	0.00237412	0.00198441	0.989365	-0.000558644
36	2.51383e-09	0.830886	0.551114	0.000185678	-0.551698	0.844643	-0.000896587
37	2.51383e-09	0.786513	-0.642401	-0.000719819	0.629012	0.770202	0.00151744
38	2.51383e-09	-0.639993	-0.777052	0.000352003	0.762415	-0.639577	0.000307024
39	2.51383e-09	0.889245	0.495041	0.000345884	-0.483479	0.867771	0.00123481
40	2.51383e-09	-0.34057	0.950698	3.80909e-06	-0.940171	-0.341281	0.00284112
41	2.51383e-09	-0.653335	-0.776719	-0.00100971	0.757394	-0.640794	0.000871089
42	2.51383e-09	0.245389	-0.98889	-6.51863e-05	0.962949	0.236072	0.000838217
43	2.51383e-09	-0.0265189	-1.00756	0.00281442	0.993382	-0.0326973	0.00286482
44	2.51383e-09	0.953944	0.404943	-0.00214968	-0.38105	0.904891	0.000390711
45	2.51383e-09	1.00106	0.222073	-0.000855394	-0.211438	0.965264	0.00199681
46	2.51383e-09	-0.456432	-0.898153	-0.00150208	0.886337	-0.448887	-0.000575736
47	2.51383e-09	0.992817	0.198573	0.000511619	-0.196928	0.975118	-0.000594864
48	2.51383e-09	1.02343	-0.147164	-0.000611111	0.142202	0.974174	0.000142885
49	2.51383e-09	0.951969	0.321086	-0.00217621	-0.316527	0.948766	-0.00217925
50	2.51383e-09	-0.955521	-0.402559	-0.00188943	0.383272	-0.906124	-0.000249124
51	2.51383e-09	0.35273	-0.958534	0.00135409	0.927511	0.34288	-0.000893925
52	2.51383e-09	1.02739	0.160948	-0.000264408	-0.150892	0.967745	-0.00259019
53	2.51383e-09	-0.722375	0.721672	-0.000468729	-0.696949	-0.707588	-0.000446456
54	2.51383e-09	0.416755	0.94401	0.00124389	-0.901554	0.398444	0.00249536
55	2.51383e-09	-0.989342	-0.253837	-5.18736e-05	0.24928	-0.958935	9.44051e-05
56	2.51383e-09	0.389376	0.937089	0.000182597	-0.920321	0.381293	-0.000228013
57	2.51383e-09	0.845121	0.618733	-5.12086e-06	-0.579725	0.788483	0.000907652
58	2.51383e-09	0.431317	-0.936783	-0.00266844	0.894471	0.41362	0.000414448
59	2.51383e-09	-0.0115288	1.0238	-0.000264899	-0.990896	-0.019256	-0.00295817
60	2.51383e-09	0.662506	-0.794201	0.0018451	0.758011	0.629245	-0.00081169
61	2.51383e-09	-0.346056	0.976472	0.00403966	-0.927023	-0.325354	0.00143532
62	2.51383e-09	-0.416855	-0.946492	-0.00162981	0.897533	-0.399923	-0.000357213
63	2.51383e-09	0.985829	0.289037	-0.000226445	-0.276172	0.948493	0.0015843
64	2.51383e-09	-0.029396	1.03766	-0.00210669	-0.978833	-0.0355867	0.00131094
65	2.51383e-09	-0.356818	-0.963552	-0.000216042	0.925025	-0.340371	-0.000283175
66	2.51383e-09	-0.860018	0.590546	-0.0015147	-0.546724	-0.804479	0.00215413
67	2.51383e-09	-1.03592	-0.106534	-0.00158249	0.100386	-0.973103	-0.000546536
68	2.51383e-09	1.0304	-0.126872	-0.00163991	0.126728	0.972739	6.67476e-05
69	2.51383e-09	-0.849312	0.625446	0.000142187	-0.57467	-0.781887	0.0013541
70	2.51383e-09	0.80125	-0.640686	-0.00350726	0.613621	0.773609	3.10209e-05
71	2.51383e-09	-0.65062	-0.80844	0.00505523	0.768722	-0.612128	0.00354387
72	2.51383e-09	0.640515	0.846599	0.00288413	-0.776617	0.585639	0.000966695
73	2.51383e-09	0.495357	-0.92534	-0.00146642	0.860363	0.458159	-0.00195569
74	2.51383e-09	1.05062	0.0804743	0.0021684	-0.0731511	0.975418	0.00193891
75	2.51383e-09	-1.02481	-0.170716	0.00250614	0.156029	-0.966666	0.00349639
76	2.51383e-09	0.725325	-0.773998	0.00162158	0.710126	0.655816	-0.000613184
77	2.51383e-09	0.759536	0.73061	-0.00142153	-0.675013	0.701991	-0.00136575
78	2.51383e-09	0.876773	-0.549058	0.00413309	0.521054	0.837682	0.000588748
79	2.51383e-09	-0.620788	-0.830447	0.00391863	0.787906	-0.582683	0.00415967
80	2.51383e-09	-1.02888	0.214763	0.000672576	-0.197978	-0.952555	0.000412857
81	2.51383e-09	0.934889	-0.38767	0.00262642	0.386254	0.919063	0.0006562
82	2.51383e-09	0.382579	-0.980296	-0.00194209	0.907267	0.350908	0.00225597
83	2.51383e-09	0.673229	0.793309	-0.000871569	-0.745214	0.631137	0.00141723
84	2.51383e-09	-0.490656	0.921857	-0.000142211	-0.863543	-0.465005	-0.00183758
85	2.51383e-09	-0.176765	-1.00955	0.000820561	0.973993	-0.166946	0.000709055
86	2.51383e-09	-1.03679	-0.106989	-0.00166227	0.106792	-0.977495	-0.00179773
87	2.51383e-09	0.034807	-1.04571	0.00360933	0.976152	0.0344037	-0.000636844
88	2.51383e-09	-0.945057	0.392977	0.000565547	-0.377478	-0.915224	-0.000777045
89	2.51383e-09	-0.310264	-1.00076	0.00186157	0.935716	-0.285253	0.00174418
90	2.51383e-09	-1.01361	-0.263892	-0.00174332	0.250106	-0.943783	-0.00204108
91	2.51383e-09	-0.994956	-0.221505	0.00048883	0.213783	-0.969366	0.00116673
92	2.51383e-09	0.415107	-0.956054	-0.0015623	0.90046	0.388521	0.000361184
93	2.51383e-09	0.762521	0.756428	-0.000463211	-0.684312	0.681241	0.00269465
94	2.51383e-09	-0.810404	0.638743	-0.00126602	-0.606809	-0.773696	0.000456065
95	2.51383e-09	-0.414512	0.938181	0.00270056	-0.904625	-0.398518	0.00127407
96	2.51383e-09	-0.582492	0.900044	-0.00083996	-0.811635	-0.516678	0.0002586
97	2.51383e-09	-0.268248	1.01911	0.000429066	-0.941512	-0.2477	0.00247169
98	2.51383e-09	-0.86413	0.598617	0.00318612	-0.550921	-0.806085	-0.00246041
99	2.51383e-09	-0.172228	-1.03914	-0.00233846	0.96391	-0.163248	-0.00247973
100	2.51383e-09	-0.613884	-0.865472	0.00021614	0.783676	-0.569208	-0.00128323
101	2.51383e-09	-1.03363	-0.0800561	-0.00179921	0.072962	-0.978138	-0.000373644
102	2.51383e-09	-1.01664	0.11334	-0.0002592	-0.105283	-0.985847	0.00250511
103	2.51383e-09	0.541233	-0.906725	0.00110638	0.836593	0.494202	-0.00112924
104	2.51383e-09	-0.15405	-1.03605	0.00243872	0.96233	-0.142247	0.00108811
105	2.51383e-09	-0.935389	0.451597	0.000189842	-0.428531	-0.880989	0.00109751
106	2.51383e-09	0.0447179	1.03682	0.000525851	-0.97992	0.0441487	-0.000761584
107	2.51383e-09	-0.147593	1.05654	0.00265065	-0.958421	-0.132904	0.00204299
108	2.51383e-09	0.646138	-0.846456	0.00108688	0.766684	0.593711	-0.00102993
109	2.51383e-09	-0.940006	0.483206	-0.000286714	-0.448923	-0.862858	0.000351042
110	2.51383e-09	-1.05224	0.0388079	-0.000559235	-0.0443412	-0.974477	0.000507732
111	2.51383e-09	0.810591	-0.699554	0.00456084	0.6345	0.726771	0.00282914
112	2.51383e-09	-1.06898	-0.0699718	-0.000598888	0.066783	-0.965945	0.00189161
113	2.51383e-09	0.72307	0.776906	-0.00187474	-0.708973	0.665472	-0.00142271
114	2.51383e-09	0.928044	0.484249	0.00109787	-0.458909	0.863569	-0.00108722
115	2.51383e-09	-0.96885	-0.477518	0.00258441	0.423497	-0.863008	-0.000721568
116	2.51383e-09	-0.947995	0.469164	-0.00428958	-0.434428	-0.868361	-0.00299291
117	2.51383e-09	0.542168	0.90478	0.00206052	-0.834358	0.498583	0.00148058
118	2.51383e-09	0.873886	-0.591976	-0.00049518	0.540668	0.808577	-0.000117512
119	2.51383e-09	0.498101	0.921456	-0.00435166	-0.863376	0.461406	-0.000303309
120	2.51383e-09	-0.709472	0.782895	-0.00184087	-0.723313	-0.652921	7.45163e-05
121	2.51383e-09	-0.890471	-0.590292	-0.00209567	0.536524	-0.804768	0.00273051
122	2.51383e-09	-0.836611	0.678183	0.00136954	-0.609504	-0.74549	-0.00258821
123	2.51383e-09	-1.03506	-0.107835	0.00304721	0.100626	-0.975198	-0.00181199
124	2.51383e-09	0.127471	-1.07391	0.00165794	0.953267	0.114562	0.00295922
125	2.51383e-09	0.874863	-0.569339	-0.00129124	0.527423	0.82401	0.000779927
126	2.51383e-09	-0.823834	0.662778	-0.000284127	-0.607548	-0.756557	-0.000239926
127	2.51383e-09	0.75956	0.741007	-0.00302385	-0.675603	0.694562	0.00234155
128	2.51383e-09	0.180261	1.05805	0.00336384	-0.949451	0.159325	0.00169723
129	2.51383e-09	-0.0907623	-1.06277	-0.00256334	0.961973	-0.081764	-0.000929766
130	2.51383e-09	0.558236	-0.900262	-0.0020988	0.823972	0.517555	-0.00364678
131	2.51383e-09	0.942065	-0.56226	-0.000806965	0.48859	0.823471	-0.0013423
132	2.51383e-09	-0.764646	-0.762955	0.00326416	0.682252	-0.674733	-0.00147805
133	2.51383e-09	0.905602	-0.577909	0.00168829	0.515981	0.812917	0.000397537
134	2.51383e-09	-0.986559	0.382727	4.39926e-05	-0.346005	-0.908845	-0.00171525
135	2.51383e-09	0.67722	-0.811948	-0.00194793	0.744594	0.627056	0.00181121
136	2.51383e-09	-0.363871	1.037	0.000188074	-0.89976	-0.316585	0.00148873
137	2.51383e-09	0.988581	0.373662	-0.000717271	-0.34139	0.912939	-0.00203342
138	2.51383e-09	0.522902	-0.933462	-0.00137239	0.841026	0.470752	-0.00285562
139	2.51383e-09	-0.575699	-0.891469	0.00327186	0.813147	-0.527659	0.00222804
140	2.51383e-09	0.906994	0.610892	0.00113752	-0.539654	0.792631	0.000215722
141	2.51383e-09	0.719209	-0.772071	-0.000799801	0.708682	0.666392	0.00199735
142	2.51383e-09	-1.05023	-0.249256	0.00148605	0.230526	-0.932072	-0.000839307
143	2.51383e-09	-1.05082	-0.244127	-0.00349854	0.224099	-0.932905	-0.000291055
144	2.51383e-09	-1.00174	0.402186	0.00221516	-0.35748	-0.893111	0.000846221
145	2.51383e-09	-0.725989	-0.752362	-0.00228417	0.70493	-0.678705	0.00182317
146	2.51383e-09	-1.04346	-0.3331	0.00242014	0.283259	-0.910734	1.07326e-05
147	2.51383e-09	0.350423	-1.01799	-0.00187046	0.911886	0.315289	0.00381824
148	2.51383e-09	0.666181	-0.846786	0.000150663	0.760247	0.597479	0.00151666
149	2.51383e-09	0.24415	-1.02681	-0.00315611	0.950459	0.214895	0.00139299
150	2.51383e-09	0.899468	-0.590559	0.00204825	0.535303	0.79951	-0.000448081
151	2.51383e-09	-0.108655	-1.07283	0.000841635	0.96033	-0.0988695	-0.00137545
152	2.51383e-09	0.770321	-0.758326	0.000362276	0.685473	0.673722	0.00018713
153	2.51383e-09	0.0678482	-1.08631	-0.000167866	0.954432	0.0577161	-0.00330142
154	2.51383e-09	0.392482	-1.0248	0.00420645	0.890561	0.344017	0.00134028
155	2.51383e-09	-0.632686	0.879415	0.000310395	-0.781443	-0.562894	0.00135788
156	2.51383e-09	1.04315	-0.317812	0.000594826	0.287268	0.916111	-0.00269273
157	2.51383e-09	0.181296	1.05454	0.00267282	-0.951145	0.16565	-0.000278828
158	2.51383e-09	0.7489	-0.787051	-0.000915037	0.701641	0.657457	0.00329096
159	2.51383e-09	1.03345	-0.300667	0.000605833	0.268159	0.92494	0.00102039
160	2.51383e-09	0.869772	0.643564	-0.00143802	-0.572847	0.769198	0.00130789
161	2.51383e-09	-0.461092	0.986993	-0.000960987	-0.865841	-0.406122	-0.00116697
162	2.51383e-09	-1.07035	-0.0685132	0.00225122	0.0584627	-0.963639	0.00249151
163	2.51383e-09	0.941705	-0.557786	0.000878643	0.48132	0.820364	-0.000115628
164	2.51383e-09	-0.370997	-1.01778	-0.00520069	0.899681	-0.330802	-0.000304836
165	2.51383e-09	-1.09191	0.00603242	0.00334151	0.000344709	-0.955996	0.00184255
166	2.51383e-09	0.989982	0.426628	-0.00174857	-0.383214	0.882516	-0.000927335
167	2.51383e-09	0.391707	-0.988344	0.00150025	0.905994	0.350139	-0.000121645
168	2.51383e-09	-0.857845	-0.671069	-8.99265e-05	0.59023	-0.756432	0.00143831
169	2.51383e-09	0.712331	-0.817785	0.00303736	0.724366	0.632906	-0.000865719
170	2.51383e-09	-0.858474	-0.67972	-0.0015592	0.594575	-0.746199	-0.000931118
171	2.51383e-09	-0.947199	-0.539608	-0.000945169	0.473177	-0.8321	0.000734224
172	2.51383e-09	0.361223	-1.04948	-0.000833089	0.89651	0.309458	0.00150324
173	2.51383e-09	-0.938562	0.569061	0.0027831	-0.496527	-0.816231	0.000468038
174	2.51383e-09	0.631053	0.906697	0.00289137	-0.783158	0.539561	-0.000571257
175	2.51383e-09	-0.138467	-1.08386	-0.0037197	0.947052	-0.129937	0.00161564
176	2.51383e-09	-1.07679	-0.0567077	-0.00182329	0.0479177	-0.963026	0.00159344
177	2.51383e-09	-0.00129734	-1.11221	-0.00318382	0.950504	-0.000253911	9.20435e-05
178	2.51383e-09	-0.0954053	-1.07079	0.00116879	0.962425	-0.0858391	-0.000550005
179	2.51383e-09	0.283795	-1.06933	-0.00179941	0.916798	0.246358	-0.00253012
180	2.51383e-09	-0.729906	0.806187	-0.000404516	-0.711546	-0.641266	0.0020635
181	2.51383e-09	-0.0383712	1.09787	-0.000792795	-0.954918	-0.0296039	0.000421518
182	2.51383e-09	-0.146642	1.08785	0.000606438	-0.949029	-0.122434	0.00204628
183	2.51383e-09	0.371489	-1.03422	-0.000167317	0.898608	0.319284	-0.000616807
184	2.51383e-09	1.04331	-0.342191	0.0016703	0.295994	0.908969	0.000988905
185	2.51383e-09	-1.06264	0.22621	-0.00143344	-0.201505	-0.937157	0.000642311
186	2.51383e-09	-0.0921599	1.08186	0.000172989	-0.957472	-0.0844539	-0.00305832
187	2.51383e-09	0.517633	0.929577	0.000217119	-0.846366	0.473265	-0.00246583
188	2.51383e-09	-1.1098	0.0118141	0.000231324	-0.0137769	-0.94654	0.00321576
189	2.51383e-09	-1.04779	0.289397	0.00117322	-0.257841	-0.925307	0.00284513
190	2.51383e-09	1.09808	-0.0817047	0.00110061	0.0632485	0.952145	-0.000446535
191	2.51383e-09	0.041022	1.08175	0.000552993	-0.96095	0.0316108	0.000208453
192	2.51383e-09	-0.388288	1.02231	0.000742404	-0.892184	-0.339688	0.000169984
193	2.51383e-09	-0.729945	-0.830504	0.00233629	0.713324	-0.631799	0.00216829
194	2.51383e-09	-1.11014	-0.172566	-0.000205746	0.147776	-0.930584	0.00233543
195	2.51383e-09	-0.444197	-0.985396	0.000329848	0.874668	-0.395383	-0.00108738
196	2.51383e-09	1.02694	0.387507	-0.00303731	-0.332549	0.892875	-0.00194762
197	2.51383e-09	0.759136	-0.777151	-0.000877913	0.687857	0.669662	0.0020998
198	2.51383e-09	-1.10252	0.126897	0.00292747	-0.111792	-0.942803	-0.00121186
199	2.51383e-09	0.800616	-0.752978	0.00314635	0.652439	0.69822	0.00235129
200	2.51383e-09	-0.732243	-0.841139	0.000288454	0.715707	-0.618881	-0.000221628
201	2.51383e-09	-1.05334	0.308126	0.00155506	-0.268906	-0.916134	0.00164048
202	2.51383e-09	-1.05196	-0.268795	-0.00179324	0.235364	-0.930436	-7.00114e-05
203	2.51383e-09	1.0394	-0.306957	-0.00122053	0.270336	0.919912	0.003011
204	2.51383e-09	0.115779	-1.1042	0.00131006	0.939145	0.09632	0.000505458
205	2.51383e-09	0.676149	-0.913911	7.43117e-05	0.75078	0.556131	-0.00103803
206	2.51383e-09	1.05602	-0.295042	0.00135771	0.257005	0.920597	0.00142803
207	2.51383e-09	1.09458	0.235199	-0.0012291	-0.197947	0.923274	0.00337141
208	2.51383e-09	-0.960682	0.543667	-0.00198861	-0.469486	-0.824253	-0.00230648
209	2.51383e-09	0.412924	1.02132	0.00274445	-0.888258	0.349324	-0.000166953
210	2.51383e-09	1.0777	-0.24589	-0.00208789	0.207685	0.928015	0.00172836
211	2.51383e-09	0.209733	-1.074	0.000325518	0.939571	0.187242	0.00170777
212	2.51383e-09	1.08316	0.290648	-0.00262198	-0.248239	0.916321	-0.000281406
213	2.51383e-09	0.316449	-1.04504	-0.00197379	0.918756	0.281615	0.00356375
214	2.51383e-09	0.84158	-0.709488	0.00231429	0.61809	0.724293	-0.00076831
215	2.51383e-09	-1.10763	0.127879	-0.000367754	-0.108721	-0.941264	-0.00130623
216	2.51383e-09	-1.08255	-0.193899	0.00117506	0.173871	-0.94054	0.000253081
217	2.51383e-09	-0.782339	0.795568	-0.00128835	-0.680178	-0.660281	0.00220757
218	2.51383e-09	-0.886923	-0.595376	0.00379233	0.543498	-0.801911	0.00441662
219	2.51383e-09	0.855915	-0.751601	0.000354486	0.616382	0.705276	0.000479277
220	2.51383e-09	0.398179	1.03743	0.00184016	-0.885972	0.342021	0.00341152
221	2.51383e-09	-1.03622	0.311714	0.00179102	-0.276607	-0.920646	-0.00317179
222	2.51383e-09	-0.919815	0.6116	-0.00120651	-0.526694	-0.793827	0.00170389
223	2.51383e-09	0.644768	-0.901863	-0.000947516	0.777924	0.546753	0.000442695
224	2.51383e-09	0.572144	-0.937703	-0.000997901	0.812228	0.495907	-0.0030565
225	2.51383e-09	-0.496395	0.997613	0.0019382	-0.850721	-0.419783	0.0012867
226	2.51383e-09	0.0930427	-1.10668	-0.000692804	0.948056	0.0763397	0.00300527
227	2.51383e-09	0.509331	-0.984357	0.00143119	0.845287	0.435273	0.00150936
228	2.51383e-09	-0.205749	-1.09797	-0.000436936	0.928942	-0.176385	-0.00202944
229	2.51383e-09	-0.100133	1.11947	0.00172147	-0.940354	-0.0839419	-0.00353781
230	2.51383e-09	0.409444	1.07816	-0.00106108	-0.86975	0.329096	0.00274133
231	2.51383e-09	1.10431	-0.211843	-0.00502876	0.178227	0.928	0.00231686
232	2.51383e-09	0.417148	-1.01295	-0.000661429	0.885938	0.356531	-0.00198071
233	2.51383e-09	-1.09214	0.178945	0.000746788	-0.153238	-0.940771	0.00108839
234	2.51383e-09	0.123918	1.11333	0.00605555	-0.940094	0.104025	-0.000500014
235	2.51383e-09	-1.11333	0.00992964	0.00266988	-0.0158506	-0.953153	0.00127578
236	2.51383e-09	0.922561	0.63379	0.00194254	-0.539987	0.779697	-0.000990595
237	2.51383e-09	-1.06409	0.313033	-0.00379481	-0.268364	-0.906333	0.000218368
238	2.51383e-09	-0.642701	0.965633	0.000707492	-0.77044	-0.511776	-2.71902e-05
239	2.51383e-09	0.174883	-1.09356	-0.0017559	0.939012	0.148484	0.00197605
240	2.51383e-09	0.632064	-0.917326	-5.98213e-05	0.786211	0.538794	-0.00283239
241	2.51383e-09	0.294523	-1.06806	0.000838643	0.919612	0.24687	-0.00227151
242	2.51383e-09	0.570814	1.00639	0.00293559	-0.810431	0.459206	-0.00166516
243	2.51383e-09	-0.108263	-1.1259	-0.00426392	0.934051	-0.0905425	0.000574526
244	2.51383e-09	1.03031	-0.475547	0.0015223	0.393105	0.855183	0.000460617
245	2.51383e-09	0.464331	1.02993	0.0030752	-0.856881	0.389535	-0.00288728
246	2.51383e-09	-1.1274	-0.0980298	0.00190006	0.0862859	-0.935128	0.00249552
247	2.51383e-09	1.04078	0.376679	-0.000970874	-0.329593	0.889254	-0.00309492
248	2.51383e-09	-0.262457	-1.0876	-0.00157901	0.919333	-0.222379	0.00116174
249	2.51383e-09	1.07088	-0.343613	-0.00197759	0.281346	0.899613	0.000519721
250	2.51383e-09	0.799762	-0.807938	-0.00166278	0.666109	0.659942	-0.000715305
251	2.51383e-09	0.661344	-0.894225	0.00107082	0.764895	0.56373	0.00226306
252	2.51383e-09	-0.11035	-1.10469	0.00119843	0.946926	-0.0936397	0.0010157
253	2.51383e-09	0.877476	-0.709392	0.000482445	0.59293	0.732678	0.00443298
254	2.51383e-09	1.13318	-0.130135	0.00131276	0.107648	0.92753	0.000933095
255	2.51383e-09	-0.788884	0.820572	0.00144794	-0.670072	-0.653858	-0.00271973
256	2.51383e-09	-0.514448	1.02403	-0.00217183	-0.835675	-0.414317	0.000313974
257	2.51383e-09	-0.746185	-0.83881	0.000901691	0.706658	-0.625484	0.00158939
258	2.51383e-09	-0.942958	-0.612868	-0.00257933	0.510008	-0.794549	0.00177816
259	2.51383e-09	-0.27442	-1.11212	-0.000637312	0.903564	-0.219585	-0.00144806
260	2.51383e-09	-1.06126	0.346192	0.00508381	-0.293657	-0.901723	-0.000908217
261	2.51383e-09	1.06135	0.417258	8.71211e-05	-0.345176	0.870929	0.000935599
262	2.51383e-09	-0.948586	-0.594568	0.00538821	0.502245	-0.79641	-0.00100149
263	2.51383e-09	1.10419	-0.317951	-0.00185802	0.247625	0.900141	-0.00185768
264	2.51383e-09	-1.05597	0.358287	0.00218589	-0.3006	-0.899236	-0.000943744
265	2.51383e-09	0.0242788	1.14874	0.00199253	-0.932707	0.0213087	0.00181262
266	2.51383e-09	0.271069	1.10025	0.00106632	-0.912626	0.225917	-8.8837e-05
267	2.51383e-09	-1.11443	-0.0205789	0.000303352	0.0194832	-0.9483	0.000561538
268	2.51383e-09	1.08593	-0.321638	0.0016221	0.270535	0.898603	-0.00101883
269	2.51383e-09	-0.958666	0.642841	0.00181268	-0.51841	-0.769467	-0.00152426
270	2.51383e-09	-0.866799	-0.720384	-0.000397368	0.597632	-0.728841	-0.00164105
271	2.51383e-09	-1.11162	-0.317351	0.000960892	0.258776	-0.892673	0.000424445
272	2.51383e-09	0.0208113	1.14984	-0.00203969	-0.930436	0.018001	-0.00295477
273	2.51383e-09	-0.604514	-0.981849	-0.00131717	0.791366	-0.486434	0.000261186
274	2.51383e-09	-1.01737	0.473117	0.00130868	-0.400158	-0.857852	0.00303085
275	2.51383e-09	-1.10854	0.278531	-0.000728106	-0.222983	-0.90582	-0.00173309
276	2.51383e-09	0.83106	-0.799903	0.00160774	0.650507	0.665184	-0.00294079
277	2.51383e-09	-1.06547	0.447181	-0.00430482	-0.351362	-0.857496	0.00288632
278	2.51383e-09	-1.14856	0.0402693	-0.00279966	-0.0337762	-0.930922	0.00364802
279	2.51383e-09	-1.15957	0.0784155	-0.000121058	-0.0676573	-0.928276	0.00046442
280	2.51383e-09	-0.87377	0.765151	-0.00178357	-0.614735	-0.695176	0.00146828
281	2.51383e-09	0.87886	-0.712503	0.000198481	0.588233	0.734708	-0.000793968
282	2.51383e-09	-0.186641	1.12521	-0.000161357	-0.923419	-0.158097	0.00143336
283	2.51383e-09	-0.0613355	1.13525	-0.00400702	-0.935161	-0.0552076	0.00129348
284	2.51383e-09	0.160191	1.13306	-0.00166434	-0.926834	0.123991	-0.0025357
285	2.51383e-09	-0.280131	-1.11975	-0.000976291	0.900842	-0.224876	-0.00123396
286	2.51383e-09	0.9862	-0.575882	-0.00101706	0.468357	0.809824	0.00168951
287	2.51383e-09	-0.251519	-1.09739	0.00111936	0.921241	-0.215505	-0.00114352
288	2.51383e-09	-0.352455	1.10223	-0.00102836	-0.882587	-0.28709	-0.00194668
289	2.51383e-09	0.798664	0.830891	-0.00481867	-0.670056	0.645263	-0.00130389
290	2.51383e-09	1.11917	-0.168465	0.000277395	0.142849	0.931343	-0.00435863
291	2.51383e-09	0.316708	1.10274	0.000844112	-0.899323	0.253868	-0.00209411
292	2.51383e-09	0.945179	0.663798	-0.000165056	-0.533356	0.762603	0.0012664
293	2.51383e-09	-1.1417	-0.0413974	0.00215955	0.0344944	-0.931779	-0.00154539
294	2.51383e-09	1.06283	0.469071	-0.00639316	-0.37269	0.851296	0.00172854
295	2.51383e-09	1.13521	0.151865	-0.00363245	-0.120307	0.925331	-0.000581646
296	2.51383e-09	0.965098	0.641029	0.00440784	-0.513438	0.774797	0.00173191
297	2.51383e-09	-1.11286	0.258919	0.000548494	-0.211015	-0.911181	0.00092659
298	2.51383e-09	1.13177	0.242842	-0.00070637	-0.190938	0.908525	-0.00192873
299	2.51383e-09	-0.996375	-0.588084	-5.19807e-05	0.467126	-0.806937	0.00313973
300	2.51383e-09	0.811225	-0.834664	0.00278485	0.667073	0.644722	-0.00224331
301	2.51383e-09	-0.960673	0.637837	0.0018993	-0.51326	-0.780802	-0.000908061
302	2.51383e-09	-0.875409	-0.776433	0.00340426	0.617732	-0.686018	3.65306e-05
303	2.51383e-09	1.01055	-0.562732	0.00317819	0.453617	0.809363	-0.00108895
304	2.51383e-09	0.101249	1.17306	-0.000676437	-0.920145	0.0843938	0.000358534
305	2.51383e-09	-0.523825	-1.02208	-0.00417868	0.828306	-0.426212	-0.00123627
306	2.51383e-09	-1.12504	-0.203952	-0.000661821	0.168577	-0.91924	-0.00223475
307	2.51383e-09	-0.533735	-1.03377	-0.00246737	0.825781	-0.423442	-0.000549958
308	2.51383e-09	0.300014	1.12498	-0.000532526	-0.898896	0.233928	0.00237231
309	2.51383e-09	-0.539122	-1.00103	-0.00211041	0.827715	-0.440437	-0.00138035
310	2.51383e-09	-0.839702	0.808583	-0.000151246	-0.642823	-0.663874	0.00247631
311	2.51383e-09	-0.372158	1.09812	0.000222546	-0.878417	-0.299949	0.00373563
312	2.51383e-09	-1.11393	0.373684	0.000850219	-0.293712	-0.870745	0.00294307
313	2.51383e-09	-1.09217	0.37174	0.00155401	-0.301506	-0.878575	0.00204025
314	2.51383e-09	0.988385	0.599409	-0.00111937	-0.482454	0.791537	-0.000383737
315	2.51383e-09	1.14845	0.193695	0.000483976	-0.147931	0.914606	0.0023491
316	2.51383e-09	0.060474	-1.16301	0.000537955	0.927689	0.0443181	-0.000269931
317	2.51383e-09	-1.0661	0.438327	-0.0060597	-0.356348	-0.86315	-0.00027062
318	2.51383e-09	0.432732	-1.08018	0.000586674	0.861512	0.342426	-0.000360105
319	2.51383e-09	0.522299	-1.04865	0.00334141	0.830005	0.409138	-0.000576956
320	2.51383e-09	1.11239	0.345387	-8.5482e-05	-0.273424	0.888017	-0.000666293
321	2.51383e-09	0.70825	-0.921131	0.0021655	0.736511	0.565719	0.000330139
322	2.51383e-09	-1.04704	-0.484509	0.00291219	0.391926	-0.844874	-0.000483825
323	2.51383e-09	0.979981	0.602805	0.000307386	-0.493966	0.793342	0.000236071
324	2.51383e-09	-0.758499	-0.91404	0.000553196	0.705644	-0.583746	-0.000828065
325	2.51383e-09	0.781904	0.853991	-0.00245765	-0.681627	0.633841	-0.00105691
326	2.51383e-09	-1.1392	-0.237062	-0.00615309	0.186515	-0.912487	0.00347029
327	2.51383e-09	1.17591	-0.0621809	-0.00130871	0.0487593	0.920683	0.00120773
328	2.51383e-09	-0.626434	-0.936476	-0.00555614	0.782993	-0.527633	0.000412272
329	2.51383e-09	-1.02545	0.569438	-0.00124971	-0.449716	-0.809355	-0.000395129
330	2.51383e-09	-0.998443	0.575609	2.26228e-05	-0.470269	-0.804227	-0.00149426
331	2.51383e-09	0.449116	-1.06103	0.000871665	0.861358	0.360447	-0.00201482
332	2.51383e-09	0.441387	-1.10293	0.00401987	0.849822	0.338542	-0.00107137
333	2.51383e-09	-0.711337	-0.936624	0.000264667	0.735335	-0.555872	0.00111159
334	2.51383e-09	-0.210913	-1.14113	0.0016812	0.915073	-0.164221	-0.00035429
335	2.51383e-09	0.574693	-1.04828	-0.000320616	0.799736	0.438918	-0.00109287
336	2.51383e-09	-0.874413	-0.783355	-0.000605025	0.621421	-0.684882	0.0021389
337	2.51383e-09	1.14966	-0.260145	-0.000991081	0.20516	0.899692	0.000921772
338	2.51383e-09	-1.08134	-0.410352	0.000744059	0.328213	-0.870396	0.0003544
339	2.51383e-09	0.26662	-1.15728	0.00271773	0.893434	0.20873	-0.00333761
340	2.51383e-09	-0.523726	-1.0667	-0.00290321	0.818037	-0.410065	0.00351511
341	2.51383e-09	-0.388475	1.11605	-8.44485e-05	-0.869507	-0.299812	0.00105559
342	2.51383e-09	1.12444	0.163729	-0.000857375	-0.140209	0.928897	-0.000730446
343	2.51383e-09	-0.168505	-1.14791	-0.00121449	0.917848	-0.14061	0.000637277
344	2.51383e-09	0.686704	0.958686	0.000449746	-0.747844	0.537995	-0.00125143
345	2.51383e-09	-0.263138	-1.12612	-0.001006	0.906901	-0.210689	0.0012081
346	2.51383e-09	1.13873	-0.251737	0.00120103	0.200231	0.90779	0.000172165
347	2.51383e-09	0.723029	0.929623	-0.00116049	-0.728574	0.563169	-0.000783291
348	2.51383e-09	1.00256	-0.60883	-0.00171861	0.483716	0.786457	-2.85305e-05
349	2.51383e-09	-0.169334	-1.17352	-0.000286233	0.907567	-0.13218	0.000868125
350	2.51383e-09	0.356079	-1.103	4.17056e-05	0.885222	0.285475	-0.00289388
351	2.51383e-09	-0.767883	0.915407	0.000541757	-0.70431	-0.586401	0.00211566
352	2.51383e-09	0.707808	-0.935212	-0.00282918	0.735196	0.5606	-0.000359802
353	2.51383e-09	-0.719224	0.963621	0.00226363	-0.728054	-0.54861	-0.00171918
354	2.51383e-09	0.748053	0.898595	0.00361883	-0.709626	0.595024	-0.00208995
355	2.51383e-09	1.02964	-0.533089	0.00130267	0.428143	0.823831	-0.000708821
356	2.51383e-09	0.659623	1.00042	-0.000293706	-0.765869	0.499119	0.00253209
357	2.51383e-09	0.702257	-0.937473	-0.00103628	0.741249	0.550584	-0.0012706
358	2.51383e-09	-0.743027	0.931061	-0.00311056	-0.717422	-0.57233	-6.8726e-05
359	2.51383e-09	0.273955	-1.17359	-0.000399697	0.888337	0.203403	0.00240363
360	2.51383e-09	-1.13011	0.308165	-0.00173504	-0.246985	-0.891733	-2.95372e-05
361	2.51383e-09	0.674862	0.973415	0.00124968	-0.755506	0.521345	-0.000824251
362	2.51383e-09	-1.10091	0.393243	-0.000908915	-0.307264	-0.872899	0.00211977
363	2.51383e-09	0.411588	1.11165	0.00051333	-0.859779	0.3243	0.00163026
364	2.51383e-09	-1.15566	0.108852	-0.00227627	-0.0835341	-0.924768	0.00185219
365	2.51383e-09	0.89094	-0.787038	-0.000423965	0.610035	0.68939	-0.00172465
366	2.51383e-09	1.19319	0.0340606	-0.00267901	-0.03085	0.915227	-0.00152049
367	2.51383e-09	-0.788601	-0.869591	-0.0042721	0.679264	-0.624948	-0.00145535
368	2.51383e-09	0.194122	-1.18225	-0.00283958	0.901007	0.148961	-0.00231076
369	2.51383e-09	-0.317245	-1.15736	-0.00326154	0.877365	-0.236552	-0.000327613
370	2.51383e-09	1.16802	-0.198988	-0.00362189	0.156703	0.907902	0.000787181
371	2.51383e-09	0.89583	-0.813236	0.00166315	0.613639	0.670574	0.000525343
372	2.51383e-09	-0.779616	0.915614	0.00152082	-0.691216	-0.591907	-0.0011363
373	2.51383e-09	0.52552	1.06115	-0.00162942	-0.826038	0.402487	-0.00141917
374	2.51383e-09	1.03114	0.620616	-0.00296235	-0.470846	0.784442	-0.00188951
375	2.51383e-09	0.106684	1.17454	0.00503191	-0.919809	0.0777949	-0.00019944
376	2.51383e-09	-0.972167	-0.66293	-0.000838718	0.51444	-0.764793	0.000598309
377	2.51383e-09	-0.0936399	1.17798	0.000681852	-0.918369	-0.0677617	0.00095006
378	2.51383e-09	-0.972426	0.686512	-0.000286967	-0.529724	-0.749064	-0.000407481
379	2.51383e-09	0.453936	1.0959	0.00403197	-0.844937	0.357046	0.00102468
380	2.51383e-09	-1.17085	0.135888	0.000885866	-0.108224	-0.913622	-0.00208073
381	2.51383e-09	1.16856	-0.243258	-0.0015925	0.186456	0.896269	-0.000738571
382	2.51383e-09	-0.0557027	1.20755	0.00042046	-0.906448	-0.0388317	-0.000252821
383	2.51383e-09	1.07115	0.511755	0.0011049	-0.392265	0.828504	0.00145121
384	2.51383e-09	-0.772109	0.922033	-0.00095171	-0.699087	-0.58484	-0.00459345
385	2.51383e-09	-1.0846	-0.458911	0.00103963	0.35854	-0.84886	0.00133861
386	2.51383e-09	-1.0354	-0.577252	0.00127271	0.447794	-0.804728	0.00226499
387	2.51383e-09	-0.846259	0.846958	0.00197355	-0.643732	-0.649402	-0.0012859
388	2.51383e-09	1.14204	0.380704	-0.00287832	-0.291546	0.862362	0.000162051
389	2.51383e-09	-1.13446	0.33089	-0.00450156	-0.255998	-0.884475	-0.000807592
390	2.51383e-09	1.18357	0.104061	-0.00146919	-0.0818531	0.913358	0.00136654
391	2.51383e-09	-1.10541	-0.486924	0.00136568	0.372472	-0.830287	0.00170165
392	2.51383e-09	-1.10322	-0.470888	0.00266384	0.356404	-0.83947	0.00459795
393	2.51383e-09	-0.707536	0.981103	0.00179014	-0.733118	-0.535638	0.00170462
394	2.51383e-09	1.12115	0.421112	-0.00109006	-0.320187	0.859413	0.00125907
395	2.51383e-09	-0.759943	0.91771	0.000955948	-0.710072	-0.585314	-0.00015877
396	2.51383e-09	-0.262475	1.19504	-0.00128102	-0.878269	-0.20083	-0.00146778
397	2.51383e-09	-0.166549	-1.18547	-0.00244	0.906555	-0.124292	-0.000977641
398	2.51383e-09	-1.15673	-0.325478	0.0019085	0.244946	-0.879432	0.000440116
399	2.51383e-09	-1.04541	0.592428	0.00106246	-0.447812	-0.793801	-0.000666288
400	2.51383e-09	-1.06418	-0.547422	-0.00187865	0.422577	-0.81248	0.00163296
