8.009000e+03
401
0	1	0.000370043	0.000229494	-3.37589e-07	2.98411e-08	1.04512e-07	-6.79966e-11
1	2.51383e-09	-0.632441	0.791982	-0.00264471	-0.772217	-0.622843	0.000815409
2	2.51383e-09	0.829277	-0.566483	0.000111289	0.567331	0.818798	-0.000937561
3	2.51383e-09	0.00365982	0.999153	0.00123516	-0.999306	0.00659319	4.91476e-05
4	2.51383e-09	1.00728	0.0267873	0.00211784	-0.0227814	0.99558	0.00102654
5	2.51383e-09	0.92339	-0.369196	-0.00128366	0.37662	0.930498	0.00110051
6	2.51383e-09	-0.988053	0.193745	-0.00310182	-0.18954	-0.97822	0.000899796
7	2.51383e-09	-0.952495	0.290653	-0.00181549	-0.286927	-0.960363	0.00184845
8	2.51383e-09	0.835629	-0.538077	-0.000949532	0.545989	0.842737	-2.21715e-05
9	2.51383e-09	0.586409	0.820985	-0.000612638	-0.80684	0.580759	0.000475732
10	2.51383e-09	-0.249198	-0.985018	-0.000504653	0.960587	-0.243666	-0.000491201
11	2.51383e-09	0.99678	0.0299402	-0.00036288	-0.0303083	1.00221	-0.000378293
12	2.51383e-09	0.305444	-0.970421	3.02748e-05	0.944905	0.294697	0.00183521
13	2.51383e-09	-0.929114	-0.38795	0.000237642	0.38297	-0.918187	0.000408869
14	2.51383e-09	-0.798547	0.620505	-0.00339116	-0.608931	-0.786078	-0.000449098
15	2.51383e-09	-0.707253	0.724527	-0.00205113	-0.706154	-0.694686	0.000502629
16	2.51383e-09	0.0413122	0.991207	0.000170394	-1.00648	0.0406401	0.00201777
17	2.51383e-09	-0.867488	0.5033	0.00109159	-0.502151	-0.867252	0.00115506
18	2.51383e-09	0.0579925	1.02218	-0.0010154	-0.986083	0.0504544	0.00156
19	2.51383e-09	-0.985223	-0.285667	0.00256001	0.269324	-0.945591	0.00125745
20	2.51383e-09	-0.493759	-0.903257	0.00252246	0.863827	-0.473067	0.00173383
21	2.51383e-09	-0.206746	0.987002	-0.00166305	-0.974826	-0.202655	0.00306312
22	2.51383e-09	0.215807	1.0021	-0.00182306	-0.967453	0.210384	-0.00207796
23	2.51383e-09	-0.900153	0.467829	-0.00221943	-0.45536	-0.88001	0.00177797
24	2.51383e-09	0.915243	0.415218	-0.00186213	-0.415439	0.911081	-0.000604542
25	2.51383e-09	1.01711	-0.0520928	0.00126186	0.0456958	0.989506	-0.00260384
26	2.51383e-09	-0.55528	0.855152	0.00148434	-0.831445	-0.535871	0.000645866
27	2.51383e-09	-0.885534	-0.454844	-0.000857762	0.458499	-0.894111	0.0026319
28	2.51383e-09	0.902567	0.457158	-0.00285089	-0.450279	0.884824	-0.000251932
29	2.51383e-09	-0.895981	0.467217	0.0018101	-0.460429	-0.882902	-0.000959445
30	2.51383e-09	-0.741024	-0.688777	-0.00129501	0.676509	-0.728235	-0.0015805
31	2.51383e-09	-0.622454	-0.795162	0.00325688	0.782776	-0.614268	-0.00208727
32	2.51383e-09	0.662011	0.755535	0.00243054	-0.752522	0.658365	0.00356855
33	2.51383e-09	-0.716148	-0.725946	-0.000402936	0.709653	-0.696394	0.000854472
34	2.51383e-09	-0.993825	-0.277376	-0.00311436	0.265557	-0.948233	0.00135017
35	2.51383e-09	-0.957632	-0.359324	0.00177957	0.344936	-0.924812	-0.00286708
36	2.51383e-09	-0.953517	-0.359926	-2.36571e-05	0.355422	-0.920855	-0.00239251
37	2.51383e-09	-0.262642	0.987441	-0.00233386	-0.955385	-0.252193	0.000205001
38	2.51383e-09	0.305386	0.953892	0.00288103	-0.954218	0.300319	-0.000761371
39	2.51383e-09	0.881526	-0.51498	0.000462748	0.493934	0.854739	0.00181601
40	2.51383e-09	0.918215	0.444004	-9.52181e-05	-0.43498	0.888465	-0.000273421
41	2.51383e-09	-0.494855	0.886144	0.00221183	-0.866135	-0.48469	0.00288927
42	2.51383e-09	0.567892	-0.86662	-0.00223148	0.824684	0.53558	-0.0015559
43	2.51383e-09	0.854775	0.546104	0.00197444	-0.539181	0.83202	0.00267577
44	2.51383e-09	0.275255	-0.995424	-0.000680303	0.95009	0.26071	0.00155199
45	2.51383e-09	1.01954	0.132343	0.000339131	-0.122816	0.976494	-0.00220847
46	2.51383e-09	-0.658824	0.779619	-0.000111297	-0.755714	-0.636815	0.000690127
47	2.51383e-09	-0.146867	1.006	0.00115502	-0.982151	-0.145552	-0.00116928
48	2.51383e-09	0.883897	-0.519553	0.000328285	0.501447	0.852344	0.00193779
49	2.51383e-09	-0.727321	-0.703104	-0.00262237	0.689931	-0.71434	0.000130162
50	2.51383e-09	-0.571866	-0.872373	0.00190046	0.818898	-0.533636	0.00211105
51	2.51383e-09	0.636272	-0.775097	0.000966634	0.773594	0.633484	0.0011006
52	2.51383e-09	-0.594373	0.850824	0.000981672	-0.800292	-0.564664	0.00141491
53	2.51383e-09	-0.971756	-0.321806	0.000944534	0.308981	-0.939699	0.00218178
54	2.51383e-09	-1.01832	0.11626	-0.0016916	-0.110982	-0.979742	0.000247199
55	2.51383e-09	-0.767202	-0.700989	0.000692	0.658616	-0.725636	0.000176435
56	2.51383e-09	-0.818863	-0.620362	0.00104892	0.592063	-0.788435	-0.000137711
57	2.51383e-09	-0.961935	-0.417808	0.000696565	0.384908	-0.896959	0.00128276
58	2.51383e-09	0.592044	0.853782	-0.00125129	-0.80716	0.560758	-0.000140858
59	2.51383e-09	0.548519	-0.878395	-0.00157526	0.829956	0.519416	-0.00259379
60	2.51383e-09	0.884231	0.535063	-0.000569388	-0.510646	0.839417	-0.000708801
61	2.51383e-09	-1.03063	-0.139297	0.000305356	0.132469	-0.969299	0.00325814
62	2.51383e-09	-0.649813	-0.802094	-0.000308851	0.76635	-0.619979	0.000725029
63	2.51383e-09	-1.00369	0.218388	0.00126888	-0.208118	-0.965046	-0.000102552
64	2.51383e-09	-1.0172	0.0831159	-0.000350316	-0.0772285	-0.990339	-0.00123875
65	2.51383e-09	-0.979641	-0.290495	0.000324259	0.278572	-0.949297	-0.00123579
66	2.51383e-09	0.743323	0.708828	0.000428122	-0.674359	0.722197	0.00217631
67	2.51383e-09	0.575185	0.870157	-0.000873981	-0.817963	0.542743	-0.00136197
68	2.51383e-09	0.23338	1.00491	0.00117182	-0.95959	0.222096	-0.00317601
69	2.51383e-09	0.909622	-0.487937	-0.00248811	0.465418	0.870258	0.00293473
70	2.51383e-09	-0.559165	0.864226	-0.000249426	-0.827311	-0.533917	0.000649607
71	2.51383e-09	-0.393496	0.95985	0.00164078	-0.906687	-0.373877	-0.00471955
72	2.51383e-09	0.656135	-0.835735	0.003155	0.759289	0.60184	-0.000273857
73	2.51383e-09	-0.463525	-0.929735	-0.00260724	0.878559	-0.435253	0.00136814
74	2.51383e-09	0.831215	0.644018	-0.00266174	-0.595978	0.775421	-0.000532145
75	2.51383e-09	-1.01782	0.233115	0.000347501	-0.218919	-0.953493	-0.000921997
76	2.51383e-09	-0.159867	-1.03193	0.00190461	0.96956	-0.153273	0.00281815
77	2.51383e-09	-0.0370999	-1.0542	-3.94813e-05	0.974644	-0.0366878	-0.000897057
78	2.51383e-09	-1.05251	-0.0336121	0.00244526	0.0338102	-0.969462	-0.00212282
79	2.51383e-09	-1.0177	0.210729	-0.00207278	-0.202907	-0.957464	-0.00432059
80	2.51383e-09	-0.711121	-0.758194	0.000989014	0.712342	-0.67165	0.00181984
81	2.51383e-09	-1.02784	-0.0215257	0.0009268	0.0233804	-0.984273	0.000208608
82	2.51383e-09	1.05264	0.154775	-0.000195063	-0.14259	0.955351	-0.0016522
83	2.51383e-09	0.938941	-0.440665	-0.00190263	0.41809	0.886931	0.000862461
84	2.51383e-09	0.979359	0.363368	0.000705148	-0.344049	0.915551	-0.000541539
85	2.51383e-09	0.989459	-0.271001	-0.00112022	0.260225	0.953138	0.00104249
86	2.51383e-09	0.70814	0.786494	-0.000670057	-0.716666	0.653606	-0.00082066
87	2.51383e-09	-0.259774	-1.01927	-0.00101606	0.941846	-0.240022	-7.79181e-05
88	2.51383e-09	-0.680522	0.780106	-0.00269116	-0.741345	-0.646248	0.000940822
89	2.51383e-09	0.627598	0.843715	-0.000955422	-0.779563	0.584005	0.000808328
90	2.51383e-09	0.304613	1.00622	-0.00376269	-0.931557	0.282725	0.000700718
91	2.51383e-09	0.845927	0.592937	-0.000191525	-0.56817	0.802963	0.0045232
92	2.51383e-09	0.516918	-0.913175	-0.00159047	0.850907	0.479515	-0.00151033
93	2.51383e-09	-0.210494	-1.04425	-0.000159945	0.949592	-0.189247	0.000247525
94	2.51383e-09	-0.89324	-0.522942	-0.00267951	0.4953	-0.850097	0.00176643
95	2.51383e-09	-1.01659	-0.128789	0.000704568	0.125635	-0.9816	-4.36791e-05
96	2.51383e-09	-0.951761	0.472806	-0.00177922	-0.430618	-0.865588	-0.00204064
97	2.51383e-09	0.851704	-0.620452	-0.000863816	0.579365	0.782677	0.00159495
98	2.51383e-09	-0.875815	-0.595228	-0.00149352	0.542624	-0.804039	0.000855985
99	2.51383e-09	-0.0797115	1.07194	-0.000539572	-0.957952	-0.0785855	0.00222996
100	2.51383e-09	1.04037	0.176348	0.00010714	-0.171047	0.958763	0.000993026
101	2.51383e-09	-0.467383	0.922151	-0.000257759	-0.87641	-0.443765	0.000898721
102	2.51383e-09	0.405369	0.947081	0.000604375	-0.903908	0.387504	0.00143718
103	2.51383e-09	-0.720113	-0.759981	-0.00183053	0.708678	-0.674543	-0.00186066
104	2.51383e-09	-0.983937	0.345661	-0.000404786	-0.329529	-0.923112	0.00218307
105	2.51383e-09	0.979693	0.340268	-4.05677e-05	-0.317889	0.928873	-0.00171446
106	2.51383e-09	0.693147	0.787469	0.00207701	-0.734918	0.642626	-0.00017915
107	2.51383e-09	-0.98976	-0.368874	-0.000552212	0.341979	-0.912032	0.00141972
108	2.51383e-09	1.05303	-0.141785	-0.000819262	0.129198	0.964649	0.000553888
109	2.51383e-09	-0.988466	0.37929	0.00217264	-0.354191	-0.907404	-0.00021298
110	2.51383e-09	-0.134893	-1.05298	-0.00355627	0.960103	-0.123746	-0.00132842
111	2.51383e-09	-0.993655	-0.363137	0.00259981	0.331459	-0.915884	7.20409e-05
112	2.51383e-09	1.06654	0.022929	-0.00108554	-0.0171972	0.966864	-0.000982479
113	2.51383e-09	-0.128768	-1.04702	-0.00131366	0.968555	-0.118482	-0.00064551
114	2.51383e-09	-0.655313	0.824969	0.00226545	-0.763887	-0.603186	-0.000342113
115	2.51383e-09	1.04417	0.257759	0.00231468	-0.238262	0.934427	-0.00092498
116	2.51383e-09	0.682956	0.793347	-0.00283016	-0.744498	0.636469	0.00187948
117	2.51383e-09	-0.943687	-0.472508	0.000383129	0.436804	-0.869628	0.000968296
118	2.51383e-09	0.782753	-0.712058	-0.00220398	0.652033	0.721147	-0.000501
119	2.51383e-09	1.03222	0.176922	0.00393614	-0.171794	0.96226	0.00143201
120	2.51383e-09	-0.653655	0.815668	0.00176912	-0.763255	-0.615091	0.00253405
121	2.51383e-09	-1.00738	0.355459	0.00286598	-0.318079	-0.91274	0.0011778
122	2.51383e-09	1.0654	-0.0956533	-0.00169104	0.0842414	0.96514	-0.00186292
123	2.51383e-09	-0.794166	0.677613	-0.0017068	-0.630932	-0.746948	0.0020825
124	2.51383e-09	1.0737	-0.0822628	-0.00275866	0.0729213	0.9613	0.000801862
125	2.51383e-09	0.556588	0.880345	0.00232702	-0.829537	0.525796	0.000236091
126	2.51383e-09	-1.02476	0.284535	0.000382207	-0.265023	-0.93171	0.00133714
127	2.51383e-09	0.108069	1.05215	-0.000143912	-0.966068	0.101431	-0.00103937
128	2.51383e-09	-0.481021	-0.950691	0.0030611	0.86582	-0.437471	-0.000141482
129	2.51383e-09	0.63234	0.839377	-0.002489	-0.78017	0.589881	-0.000890296
130	2.51383e-09	-1.03325	0.280545	-0.000888642	-0.254192	-0.929754	-0.000720551
131	2.51383e-09	0.76077	0.774152	0.00148761	-0.687953	0.672199	-0.000243729
132	2.51383e-09	-0.738743	0.773173	0.00195261	-0.700226	-0.665879	-0.000853394
133	2.51383e-09	0.232748	1.04142	0.000189558	-0.946164	0.211612	-0.00186368
134	2.51383e-09	0.768079	-0.714517	0.00202734	0.666636	0.715703	0.00121732
135	2.51383e-09	0.280888	1.0129	-0.00224767	-0.939815	0.263866	-0.000240715
136	2.51383e-09	-0.649875	-0.859957	0.00153131	0.770356	-0.582369	-0.00181547
137	2.51383e-09	-0.637633	-0.848155	-0.000177069	0.778541	-0.581031	-0.000812186
138	2.51383e-09	-0.0780037	-1.06699	0.00022178	0.961837	-0.0731355	0.00115804
139	2.51383e-09	1.06591	0.028033	0.000728309	-0.0274473	0.967211	0.0031433
140	2.51383e-09	0.761013	0.772529	0.000707685	-0.688397	0.673339	0.00036524
141	2.51383e-09	-0.869903	-0.624431	-0.000557798	0.56562	-0.782318	0.00370739
142	2.51383e-09	-0.0196956	-1.06727	0.000369889	0.971658	-0.0195155	0.00167603
143	2.51383e-09	0.847599	-0.655922	-0.00124942	0.595457	0.762142	-0.0013221
144	2.51383e-09	0.966883	0.482565	0.00238201	-0.429777	0.862273	0.000837416
145	2.51383e-09	-1.04943	0.102785	-8.47767e-05	-0.0979203	-0.970545	-0.000461406
146	2.51383e-09	-0.768633	-0.797689	-0.00363095	0.682413	-0.65779	-0.00179185
147	2.51383e-09	0.6718	0.8453	-0.00242903	-0.754822	0.600082	-0.00121835
148	2.51383e-09	1.01423	0.371798	-0.000797492	-0.328402	0.90696	0.000394359
149	2.51383e-09	-0.730817	0.76435	-0.00103451	-0.69609	-0.679849	0.00131957
150	2.51383e-09	-0.775863	0.739663	0.00101386	-0.662335	-0.705892	0.000985706
151	2.51383e-09	-0.454732	-0.976077	-0.00102896	0.874735	-0.406034	0.000921422
152	2.51383e-09	-1.06588	-0.0540846	0.000658044	0.0607124	-0.970094	-0.000820609
153	2.51383e-09	-1.0806	-0.0211104	-0.000146748	0.0186355	-0.962262	-6.40077e-05
154	2.51383e-09	0.545144	-0.96009	-0.00241956	0.825607	0.474826	-4.28551e-05
155	2.51383e-09	0.194479	1.05851	-0.00050581	-0.950196	0.169118	-0.00201815
156	2.51383e-09	-0.685607	0.855428	0.00230162	-0.741813	-0.597407	-0.00200179
157	2.51383e-09	0.0966327	1.06848	0.000123366	-0.959819	0.0832019	0.000770961
158	2.51383e-09	-1.03008	-0.360494	0.00532971	0.32124	-0.902911	0.00163346
159	2.51383e-09	-0.60012	-0.88863	0.000713936	0.797809	-0.544209	-0.000612694
160	2.51383e-09	0.660983	0.854557	-0.000116419	-0.760242	0.587874	-0.00287987
161	2.51383e-09	-0.753277	0.785348	-8.11732e-05	-0.692826	-0.663215	0.00238809
162	2.51383e-09	1.06399	-0.190191	0.00137779	0.16974	0.946646	0.00311079
163	2.51383e-09	-0.897069	-0.606386	0.00162763	0.534755	-0.799127	-2.26329e-05
164	2.51383e-09	-1.03698	-0.275722	0.00155216	0.251726	-0.93084	-0.00285782
165	2.51383e-09	-0.20015	-1.08425	-0.00397766	0.935648	-0.170706	-0.00109221
166	2.51383e-09	0.78483	-0.75489	-0.00111653	0.665584	0.686064	0.00135617
167	2.51383e-09	-0.835567	-0.648372	-0.00318453	0.595439	-0.773629	-0.00293489
168	2.51383e-09	0.780448	0.763851	-0.000888554	-0.667418	0.684133	-0.00130937
169	2.51383e-09	-0.552381	-0.938875	0.000912186	0.825274	-0.483362	0.000409391
170	2.51383e-09	0.335282	-1.03402	0.00201386	0.911519	0.299653	0.00324943
171	2.51383e-09	-0.65703	-0.873089	-0.00332318	0.761144	-0.578226	-0.00156541
172	2.51383e-09	-1.11344	0.0229591	-0.000386367	-0.0190032	-0.948524	-0.00210289
173	2.51383e-09	-0.0613422	1.10611	-0.000112618	-0.947973	-0.0537351	-0.00226646
174	2.51383e-09	1.06788	0.296714	-0.00236067	-0.25437	0.91308	-0.000846702
175	2.51383e-09	1.0942	-0.013033	-0.000280418	0.0154405	0.953769	-0.00166912
176	2.51383e-09	0.830293	-0.68741	-9.74209e-05	0.615471	0.740459	0.000289147
177	2.51383e-09	-1.11578	0.0869865	0.0012185	-0.0734711	-0.940945	0.00167609
178	2.51383e-09	0.953321	0.497373	-0.000475542	-0.445735	0.856299	-0.00124686
179	2.51383e-09	0.209697	1.07441	-0.000909767	-0.940586	0.18003	-0.003701
180	2.51383e-09	-0.432758	-0.992842	-0.00241135	0.879634	-0.385053	-0.00220589
181	2.51383e-09	0.718741	-0.834564	0.00174026	0.71992	0.62423	0.000825561
182	2.51383e-09	1.06435	-0.260169	0.00156668	0.22798	0.927856	-0.000782696
183	2.51383e-09	-0.542881	-0.954982	0.000771991	0.827322	-0.471881	-0.000223752
184	2.51383e-09	0.599329	-0.937145	-0.000894383	0.798284	0.510482	-0.00211931
185	2.51383e-09	0.666994	-0.864339	-0.00133111	0.759466	0.581727	0.00032991
186	2.51383e-09	0.490948	-0.976625	0.00179409	0.851418	0.42772	0.000574758
187	2.51383e-09	0.617966	-0.868677	-0.00429821	0.786212	0.56375	0.000147898
188	2.51383e-09	-0.571569	-0.949424	-0.00148228	0.813907	-0.485991	-0.00193607
189	2.51383e-09	-1.00637	0.409801	0.000344081	-0.362419	-0.889183	-0.00255086
190	2.51383e-09	-0.171199	-1.09779	-9.45949e-06	0.933365	-0.147235	0.00207426
191	2.51383e-09	1.071	-0.213257	0.00114794	0.18519	0.939246	0.00310395
192	2.51383e-09	0.610991	-0.911626	-0.00149207	0.793088	0.53316	-6.01012e-05
193	2.51383e-09	-0.848058	-0.710345	-0.00253182	0.605825	-0.730731	-0.000929376
194	2.51383e-09	-0.0264536	-1.11761	-0.000198797	0.945961	-0.0236799	9.76048e-05
195	2.51383e-09	-1.02735	-0.33666	9.97271e-05	0.299197	-0.914677	-0.000378326
196	2.51383e-09	-1.0248	0.367815	-0.00174766	-0.316192	-0.905161	-0.00337152
197	2.51383e-09	1.01298	-0.395164	0.000613482	0.34665	0.893783	-0.00245784
198	2.51383e-09	-1.10578	0.124047	-0.00252584	-0.104773	-0.941363	0.00113836
199	2.51383e-09	-0.776937	0.77767	0.0027356	-0.672446	-0.676138	0.00165626
200	2.51383e-09	-1.09239	-0.237913	-0.000151211	0.202985	-0.921995	-0.000953831
201	2.51383e-09	-0.492724	-0.982673	0.000281274	0.852811	-0.42887	0.00197097
202	2.51383e-09	-0.105353	1.08173	0.000811064	-0.957992	-0.0945249	0.00237762
203	2.51383e-09	-1.07111	0.153547	-0.00245564	-0.138456	-0.95181	0.000852418
204	2.51383e-09	-0.17416	1.08178	0.000778615	-0.946708	-0.153283	0.00040499
205	2.51383e-09	-0.362229	-1.0683	0.000723003	0.889357	-0.30436	-0.00133304
206	2.51383e-09	0.188869	1.07714	-0.00266321	-0.942075	0.168409	4.23195e-05
207	2.51383e-09	0.932755	0.608684	-0.000294202	-0.521272	0.791966	-0.00105633
208	2.51383e-09	-0.790889	0.762184	-0.000707865	-0.661732	-0.686587	0.00202689
209	2.51383e-09	0.903801	0.631104	-0.00279284	-0.548602	0.778772	-0.00110401
210	2.51383e-09	-1.09449	0.142444	-0.00248409	-0.124862	-0.94301	0.00160974
211	2.51383e-09	-0.707668	-0.842235	0.00245982	0.731818	-0.608999	0.00100535
212	2.51383e-09	-0.0842712	-1.11794	-0.00317659	0.942735	-0.0654289	0.00167726
213	2.51383e-09	-0.861688	0.690751	0.000436439	-0.596501	-0.742552	0.0010414
214	2.51383e-09	-0.662963	-0.865592	0.00140419	0.766287	-0.578235	1.23076e-05
215	2.51383e-09	1.09303	0.23902	-0.00324911	-0.206371	0.921546	-0.00180489
216	2.51383e-09	-0.821461	-0.743805	-0.000509539	0.640601	-0.705518	0.0007044
217	2.51383e-09	-0.5407	-0.988467	0.000809447	0.825772	-0.451203	0.00223055
218	2.51383e-09	1.0626	0.14754	0.000774303	-0.134338	0.959481	0.00237746
219	2.51383e-09	-0.872562	0.726868	0.00114597	-0.601134	-0.71938	0.000474175
220	2.51383e-09	-0.539481	0.978918	-0.00259211	-0.827396	-0.454995	0.00158904
221	2.51383e-09	1.09236	0.0804716	0.00105115	-0.072508	0.951474	-0.00135418
222	2.51383e-09	-1.0734	-0.287337	-0.00254647	0.248326	-0.914688	-0.00161442
223	2.51383e-09	-0.916152	0.620349	-0.000407282	-0.529147	-0.790521	0.000841962
224	2.51383e-09	-1.08415	-0.0599964	0.000510292	0.0523248	-0.96159	-0.000375978
225	2.51383e-09	1.11241	0.018447	0.00111363	-0.0212869	0.948291	0.000266129
226	2.51383e-09	-1.10917	0.0137248	0.0021255	-0.0092854	-0.951643	-0.00193478
227	2.51383e-09	-0.602334	-0.929387	-0.00168788	0.796989	-0.514975	7.58648e-05
228	2.51383e-09	-1.10859	-0.146574	0.00203438	0.122871	-0.936819	-0.000286119
229	2.51383e-09	-0.56854	-0.97124	0.00104132	0.813299	-0.478668	-0.0028339
230	2.51383e-09	-0.504998	-1.01135	-0.00176267	0.844006	-0.421926	-0.000349804
231	2.51383e-09	0.662746	-0.904591	0.0059556	0.761091	0.562619	-0.00135359
232	2.51383e-09	0.0281209	1.10791	0.00242221	-0.94772	0.0199012	-0.00236923
233	2.51383e-09	-0.658079	0.897257	0.00170999	-0.759716	-0.566655	-0.000747386
234	2.51383e-09	0.980565	-0.530493	-0.00168517	0.446009	0.83361	-0.00320004
235	2.51383e-09	0.516462	-0.987224	0.00164929	0.841728	0.434399	0.00307112
236	2.51383e-09	-1.10659	-0.235737	0.00115758	0.195756	-0.916916	-0.000532411
237	2.51383e-09	-0.135206	-1.09743	-0.00141418	0.944713	-0.107037	-0.000850608
238	2.51383e-09	0.411055	1.07345	0.000137331	-0.866303	0.339689	-0.000528148
239	2.51383e-09	0.857954	-0.692768	-0.00102435	0.600602	0.741406	-0.00307928
240	2.51383e-09	0.875452	-0.695438	0.000707708	0.592728	0.741358	0.000667187
241	2.51383e-09	-1.05804	0.328376	0.00142616	-0.28684	-0.908997	-0.00116995
242	2.51383e-09	0.0548009	-1.1527	0.00205942	0.928941	0.0441469	-0.00243509
243	2.51383e-09	-1.06036	0.35963	0.00279998	-0.305386	-0.894732	0.00168525
244	2.51383e-09	0.229137	1.11194	-0.0022889	-0.919806	0.192475	0.00128479
245	2.51383e-09	-0.250004	1.09761	0.00350161	-0.917932	-0.209735	0.00345473
246	2.51383e-09	0.848601	0.739361	0.00170874	-0.618938	0.710398	0.00134611
247	2.51383e-09	-0.577614	-0.946021	-0.00079275	0.806791	-0.495686	-0.00102944
248	2.51383e-09	-1.09685	-0.298199	0.000660428	0.243827	-0.904167	-0.000128401
249	2.51383e-09	-1.08754	-0.288835	0.000829915	0.246496	-0.908575	0.000536117
250	2.51383e-09	-0.426131	1.04377	8.0913e-05	-0.872482	-0.357384	-0.00184072
251	2.51383e-09	0.873075	0.708545	0.000483146	-0.596658	0.733765	-0.00124779
252	2.51383e-09	-1.07326	0.321041	-0.000599543	-0.270171	-0.906239	0.00192551
253	2.51383e-09	-1.13297	-0.0725417	0.00367131	0.0606306	-0.935081	-0.000358341
254	2.51383e-09	1.08457	-0.297991	0.000815901	0.251077	0.910025	0.00224152
255	2.51383e-09	-0.583883	-0.974597	-0.00119222	0.805148	-0.481479	0.000830471
256	2.51383e-09	0.443787	-1.05777	-2.32475e-05	0.856263	0.365819	0.000962348
257	2.51383e-09	0.223712	-1.10261	0.000932014	0.924933	0.189673	-0.00288767
258	2.51383e-09	0.446331	-1.03933	-0.00444254	0.86333	0.368471	-0.00114849
259	2.51383e-09	-1.09151	0.303712	-0.00104738	-0.249657	-0.903595	-0.000386497
260	2.51383e-09	-1.05504	-0.38648	0.00023155	0.322448	-0.887893	0.00348535
261	2.51383e-09	0.600472	-0.96965	0.00170383	0.79771	0.493041	-0.000484588
262	2.51383e-09	0.714619	-0.849039	0.00456009	0.724953	0.615882	0.00183557
263	2.51383e-09	0.558297	-0.993098	-0.000653304	0.813812	0.462963	0.00147615
264	2.51383e-09	0.806994	0.787351	-0.000880039	-0.655933	0.675548	-0.000186334
265	2.51383e-09	-0.540522	1.01591	0.000233135	-0.823761	-0.432999	-0.00107157
266	2.51383e-09	0.184687	1.12347	-0.000608123	-0.924723	0.151053	0.000266552
267	2.51383e-09	0.145496	-1.11296	-0.00110455	0.937354	0.115574	-0.00144592
268	2.51383e-09	-0.640364	0.934003	0.00113048	-0.775745	-0.535477	0.00190775
269	2.51383e-09	0.217003	-1.12711	0.00375126	0.915887	0.180715	0.000816941
270	2.51383e-09	-0.956502	0.599591	0.00025744	-0.503321	-0.794695	0.000128147
271	2.51383e-09	0.831779	0.796948	-0.00264856	-0.644754	0.671393	-0.000282761
272	2.51383e-09	0.976342	0.590898	0.000704858	-0.485538	0.800984	0.00254369
273	2.51383e-09	-0.870899	-0.739201	-0.00141517	0.602517	-0.714652	0.00229262
274	2.51383e-09	-1.04509	-0.401726	0.00157967	0.331762	-0.88484	-0.000683411
275	2.51383e-09	0.523692	-1.00131	0.00249055	0.835145	0.437005	-0.00127686
276	2.51383e-09	-0.61756	0.969484	-0.000396122	-0.784177	-0.499033	0.00145156
277	2.51383e-09	-0.74602	-0.862277	-0.00364139	0.714919	-0.605789	-0.00246517
278	2.51383e-09	0.585752	-0.994007	-0.00114163	0.800958	0.474518	0.00104413
279	2.51383e-09	0.32395	-1.12385	-0.000723956	0.887305	0.259593	-0.000828202
280	2.51383e-09	1.12439	-0.312266	0.000513741	0.245393	0.88993	-0.00150667
281	2.51383e-09	-0.83187	0.770551	0.000683781	-0.638858	-0.69041	-0.000572121
282	2.51383e-09	0.986759	0.586138	-0.00285597	-0.476191	0.803015	-0.000727076
283	2.51383e-09	-0.93098	0.638293	0.00151634	-0.527551	-0.782776	-0.00161014
284	2.51383e-09	0.25286	-1.12132	0.00234886	0.911775	0.200988	-0.000400313
285	2.51383e-09	0.780972	-0.845448	0.000877206	0.683222	0.632123	-0.00030975
286	2.51383e-09	0.915371	0.672282	-0.000243033	-0.557164	0.754944	-0.00165352
287	2.51383e-09	-1.02743	-0.463068	0.000319301	0.391002	-0.858579	-0.00105155
288	2.51383e-09	1.05484	-0.482511	-0.00135509	0.39085	0.842143	-0.00130524
289	2.51383e-09	-0.887498	-0.724776	-0.00275871	0.592536	-0.726635	0.00116736
290	2.51383e-09	-1.13482	0.12725	-0.00154109	-0.101192	-0.930728	-0.00243771
291	2.51383e-09	0.668581	-0.93321	0.000452914	0.759369	0.541436	-0.00219288
292	2.51383e-09	0.408119	-1.06912	0.00179848	0.873055	0.333039	-0.000403568
293	2.51383e-09	-0.871996	-0.733074	-0.00300437	0.602422	-0.715381	-0.000522089
294	2.51383e-09	-0.614863	0.995508	-0.00628585	-0.787088	-0.484877	0.000358788
295	2.51383e-09	1.07006	-0.405008	0.00110546	0.33489	0.872359	-0.000893185
296	2.51383e-09	-0.516518	-1.0319	0.00482738	0.832819	-0.416331	-0.00160782
297	2.51383e-09	0.990779	-0.56932	0.00207561	0.463926	0.812722	-0.00137822
298	2.51383e-09	0.317237	1.11501	0.00323178	-0.889687	0.256196	0.00080692
299	2.51383e-09	-0.922414	-0.696915	-0.000346415	0.557109	-0.749387	0.000160929
300	2.51383e-09	-0.786022	0.860159	0.00296345	-0.684118	-0.625908	0.0013651
301	2.51383e-09	-0.488498	-1.05166	0.00185237	0.838376	-0.400052	0.00128447
302	2.51383e-09	-0.909368	0.739525	-0.00456342	-0.576031	-0.718029	-0.00274258
303	2.51383e-09	1.04615	0.486365	0.0015865	-0.393579	0.844002	-0.001196
304	2.51383e-09	-0.209758	-1.14894	0.00164003	0.908283	-0.162601	0.00106294
305	2.51383e-09	0.456932	-1.05161	0.00311778	0.856657	0.372724	0.00069231
306	2.51383e-09	0.30924	1.10995	0.000532361	-0.896777	0.25102	-0.000693652
307	2.51383e-09	1.15854	-0.0211675	-0.000288798	0.0139448	0.929996	-0.00275031
308	2.51383e-09	1.09048	-0.432684	0.00080351	0.344405	0.855831	0.000870308
309	2.51383e-09	-1.06457	0.423289	-0.00023401	-0.341996	-0.868075	4.46155e-05
310	2.51383e-09	1.00068	0.580805	0.000469835	-0.465664	0.806569	-0.000906753
311	2.51383e-09	-1.12764	0.280426	-0.00270955	-0.225889	-0.898921	-0.00183485
312	2.51383e-09	1.06128	-0.471725	6.66389e-05	0.376421	0.849673	0.00145273
313	2.51383e-09	-0.712423	0.904307	0.00220341	-0.732768	-0.573318	-0.00202496
314	2.51383e-09	1.06394	-0.430731	-8.74857e-05	0.351061	0.864239	0.00128921
315	2.51383e-09	-0.686611	0.943986	-0.0016222	-0.748422	-0.544951	0.000744415
316	2.51383e-09	1.15881	0.0955905	0.000345801	-0.0731032	0.9263	0.00239003
317	2.51383e-09	-0.76712	-0.86634	0.00104041	0.693142	-0.619242	-0.00269577
318	2.51383e-09	-1.1275	0.249114	-0.00229726	-0.204238	-0.908986	-0.000488116
319	2.51383e-09	-0.626146	0.988936	0.00249457	-0.779113	-0.495494	-0.00164642
320	2.51383e-09	0.303918	1.14602	-0.000476898	-0.886506	0.23813	-0.000639314
321	2.51383e-09	-1.11465	-0.33806	0.000710798	0.273161	-0.885211	-1.30656e-07
322	2.51383e-09	0.232293	1.13803	0.00361994	-0.909696	0.180724	2.41936e-06
323	2.51383e-09	0.0911403	-1.16608	-0.000300253	0.917784	0.0716649	0.00046417
324	2.51383e-09	0.266408	1.14521	0.000114423	-0.898367	0.207854	0.00117658
325	2.51383e-09	-0.940375	-0.685121	-0.00191567	0.548005	-0.744532	0.00209964
326	2.51383e-09	1.18968	-0.0756217	-0.00026061	0.059414	0.909555	0.00364451
327	2.51383e-09	-1.09912	-0.426075	-0.00158034	0.332539	-0.857807	-0.00201473
328	2.51383e-09	-0.84247	0.768759	0.00177673	-0.626966	-0.696822	0.001318
329	2.51383e-09	0.826746	0.843355	-4.62095e-05	-0.660542	0.63865	-0.000614967
330	2.51383e-09	0.089999	1.15229	0.000382728	-0.929152	0.0718232	-0.000338509
331	2.51383e-09	-1.13878	-0.113989	0.000112195	0.0957101	-0.931197	-0.00173568
332	2.51383e-09	0.344092	-1.13077	-0.00133633	0.879228	0.269473	-0.000609319
333	2.51383e-09	-1.17342	0.150789	0.00167003	-0.117991	-0.912264	-0.00166872
334	2.51383e-09	-0.773392	0.892912	0.000352977	-0.695417	-0.598132	0.0010725
335	2.51383e-09	-0.642303	0.987807	-7.06375e-06	-0.774705	-0.500374	0.00115099
336	2.51383e-09	-1.04993	0.517297	0.00200053	-0.407813	-0.830666	0.00115806
337	2.51383e-09	0.824261	-0.84082	0.00213894	0.657844	0.64774	0.000682923
338	2.51383e-09	-1.00621	0.591946	-0.00308266	-0.467831	-0.797589	0.00171592
339	2.51383e-09	-0.953712	-0.713885	-0.00238966	0.549523	-0.730111	0.00368955
340	2.51383e-09	0.705072	0.945703	-0.000653756	-0.741346	0.54692	0.00152162
341	2.51383e-09	1.04653	-0.533631	0.000274172	0.418529	0.823685	-8.23891e-05
342	2.51383e-09	0.0783587	-1.16172	-0.000901274	0.924785	0.061813	-0.000155762
343	2.51383e-09	-0.512187	-1.03271	0.000831959	0.834796	-0.416669	0.00202116
344	2.51383e-09	-0.773741	-0.894683	0.000165783	0.690569	-0.605032	0.00060663
345	2.51383e-09	-1.05555	0.493613	0.00313297	-0.388848	-0.841113	0.00155968
346	2.51383e-09	0.876033	-0.773379	-0.000796949	0.608834	0.698264	-0.00207946
347	2.51383e-09	1.02346	0.595909	-0.000405768	-0.462753	0.78932	0.00159323
348	2.51383e-09	0.184267	-1.1595	-0.000683721	0.911661	0.144969	0.00303461
349	2.51383e-09	-1.06649	-0.489769	0.000719443	0.379441	-0.840709	0.00292582
350	2.51383e-09	-0.819704	0.840236	-0.00117511	-0.657913	-0.644835	-0.00186632
351	2.51383e-09	-0.069569	1.19373	-0.000287348	-0.911694	-0.0517173	-0.00155742
352	2.51383e-09	-0.659608	0.981588	-0.00165732	-0.761663	-0.511764	0.000995509
353	2.51383e-09	-0.109327	1.18916	-0.000742917	-0.911919	-0.0885816	0.00332493
354	2.51383e-09	-0.7215	0.944227	-0.000115424	-0.728071	-0.555146	0.00243367
355	2.51383e-09	0.898118	0.728378	-0.00230494	-0.586508	0.721494	-0.00191517
356	2.51383e-09	0.598989	1.04722	0.000112349	-0.789628	0.45034	0.000259058
357	2.51383e-09	1.17452	0.137607	-0.00188413	-0.10494	0.912302	-7.36816e-05
358	2.51383e-09	0.827826	-0.872213	-0.00188298	0.661464	0.625449	0.00245924
359	2.51383e-09	0.676215	-0.989374	-0.0035402	0.756288	0.511792	-0.000727659
360	2.51383e-09	0.504697	1.05603	0.000949975	-0.833727	0.40093	-0.000111196
361	2.51383e-09	0.491175	1.07376	0.00224868	-0.836219	0.382184	-0.000443699
362	2.51383e-09	-0.642527	-0.981192	-0.00151509	0.773137	-0.506253	9.49996e-05
363	2.51383e-09	-1.13233	-0.351472	-0.00179797	0.276667	-0.875062	0.000933234
364	2.51383e-09	-0.528837	1.02567	0.00107993	-0.828059	-0.42971	0.00102425
365	2.51383e-09	0.68625	-0.986796	-0.00121375	0.748367	0.520845	-0.00147864
366	2.51383e-09	1.028	0.591703	0.00117565	-0.459577	0.795847	-0.00172029
367	2.51383e-09	-1.19115	-0.0942967	7.15201e-05	0.073893	-0.909564	0.00145109
368	2.51383e-09	-0.938099	0.757991	0.000104932	-0.571473	-0.70648	0.000851534
369	2.51383e-09	-1.14682	0.291928	0.000221955	-0.231109	-0.891727	-0.000875074
370	2.51383e-09	0.697	-0.96076	0.00113867	0.741167	0.540675	0.000124277
371	2.51383e-09	-1.1731	-0.278594	-0.000189363	0.212634	-0.885884	-0.00104682
372	2.51383e-09	0.162781	-1.18683	0.00143494	0.904642	0.127658	-0.00226163
373	2.51383e-09	1.06312	-0.534864	0.000873833	0.413061	0.817747	-0.0025467
374	2.51383e-09	1.17259	0.269792	0.00113788	-0.204507	0.890846	-0.00275355
375	2.51383e-09	1.17346	-0.20143	-0.000752658	0.157161	0.902878	-0.00137166
376	2.51383e-09	0.874974	-0.79841	0.00144362	0.62101	0.67722	0.00026665
377	2.51383e-09	-0.807917	0.872309	-0.00048735	-0.675987	-0.621183	-0.00131698
378	2.51383e-09	1.15601	-0.31863	0.000302032	0.239257	0.880083	-0.000618322
379	2.51383e-09	1.01577	0.582154	9.14868e-05	-0.457501	0.807364	-0.00211779
380	2.51383e-09	-0.441323	1.09446	0.000413282	-0.854135	-0.345449	0.000444094
381	2.51383e-09	-0.420886	-1.11093	-0.000290649	0.857627	-0.326419	-6.55668e-05
382	2.51383e-09	-0.426413	-1.11458	-0.000640792	0.85774	-0.322555	-0.00191343
383	2.51383e-09	-1.15197	0.173794	-0.000453994	-0.136678	-0.919631	0.000197964
384	2.51383e-09	0.605703	1.03346	0.0035078	-0.790562	0.46161	0.00413163
385	2.51383e-09	-0.0256058	1.17642	0.000488963	-0.924389	-0.0186097	0.000339613
386	2.51383e-09	-0.235213	-1.1678	-0.00243993	0.898748	-0.181494	-0.00100811
387	2.51383e-09	1.11668	-0.431767	-0.00249044	0.330698	0.853291	-0.00215829
388	2.51383e-09	-1.18075	0.189444	0.00140203	-0.149452	-0.904885	-0.00036404
389	2.51383e-09	0.979996	-0.673209	-0.00477723	0.51781	0.755339	0.000574536
390	2.51383e-09	-0.398161	-1.12134	0.00340483	0.861782	-0.3071	0.000500705
391	2.51383e-09	-1.19165	0.189468	-0.00209862	-0.13746	-0.899423	-0.000742613
392	2.51383e-09	-1.06913	0.548883	-0.00578151	-0.418829	-0.810618	-0.000503989
393	2.51383e-09	1.2066	-0.170565	0.000279565	0.130732	0.893722	-0.000792351
394	2.51383e-09	1.16844	0.240633	-0.0019421	-0.184012	0.899292	-0.000635303
395	2.51383e-09	-0.868901	0.818769	-0.0012861	-0.628124	-0.667468	-0.000194268
396	2.51383e-09	-1.09474	0.517133	0.000595026	-0.384502	-0.822041	-4.60818e-05
397	2.51383e-09	-1.19279	-0.144103	0.00307566	0.110183	-0.904619	0.000830091
398	2.51383e-09	-1.20367	-0.0229265	-0.00199945	0.0219414	-0.913025	0.00019789
399	2.51383e-09	0.744944	-0.943885	0.00229432	0.714419	0.565613	-0.00170872
400	2.51383e-09	-0.874955	0.831987	0.000624373	-0.620578	-0.662594	-0.000816963
