9.912999e+03
401
0	1	0.000457068	0.000283577	-4.16935e-07	-3.77196e-09	3.05929e-08	2.06021e-11
1	2.51383e-09	0.791417	-0.632149	0.000752564	0.624021	0.773628	-0.00311218
2	2.51383e-09	0.841535	-0.54826	-0.000892179	0.550288	0.830208	-0.00144243
3	2.51383e-09	-0.7367	-0.667811	-0.00227256	0.67785	-0.738969	-0.000511335
4	2.51383e-09	0.856663	0.528216	0.000723855	-0.520045	0.850117	-0.00217202
5	2.51383e-09	-0.27289	0.961367	0.00111176	-0.960032	-0.272618	-0.000322888
6	2.51383e-09	0.187157	-0.992755	0.00283842	0.978268	0.184253	-0.000435833
7	2.51383e-09	-0.858078	-0.501149	0.00173373	0.507702	-0.867472	0.0024944
8	2.51383e-09	0.00617529	0.998071	0.000474636	-0.99958	0.00766934	0.000526373
9	2.51383e-09	-0.456128	0.898057	0.000728727	-0.887286	-0.452232	2.48992e-05
10	2.51383e-09	0.151166	-1.00502	0.00231449	0.980237	0.146805	-0.000345663
11	2.51383e-09	0.691341	0.724483	-0.000865813	-0.721247	0.690476	0.00158892
12	2.51383e-09	0.856477	-0.550227	0.00302083	0.534241	0.833837	0.000368952
13	2.51383e-09	0.260695	-0.970958	-0.000937938	0.962292	0.259439	-0.00108433
14	2.51383e-09	-0.105573	1.00423	-0.0034638	-0.990124	-0.107999	0.000854569
15	2.51383e-09	-0.5042	-0.8574	0.00209901	0.870303	-0.504728	0.000155766
16	2.51383e-09	0.533441	-0.850164	-0.00152495	0.842356	0.531691	0.000458351
17	2.51383e-09	0.520421	0.867257	0.000885277	-0.857283	0.505762	0.0019009
18	2.51383e-09	0.639819	-0.79141	-0.00132242	0.774122	0.618115	-0.0011753
19	2.51383e-09	0.966607	0.277686	-0.00311481	-0.279881	0.962351	0.00227603
20	2.51383e-09	1.02251	-0.123094	-0.0021841	0.11756	0.97929	0.00151186
21	2.51383e-09	0.767535	0.642842	0.00076321	-0.645073	0.765699	0.00106177
22	2.51383e-09	-0.0675318	1.02455	-0.000101792	-0.986983	-0.0598783	0.00144681
23	2.51383e-09	-0.265342	-0.973074	0.00219463	0.962446	-0.259993	-0.00118477
24	2.51383e-09	-0.779106	-0.651466	1.14987e-05	0.637345	-0.756477	-0.00195209
25	2.51383e-09	0.829854	-0.594233	-0.00134054	0.57339	0.804793	-0.00118298
26	2.51383e-09	0.220413	0.999234	0.000550763	-0.964403	0.213043	0.000730335
27	2.51383e-09	0.898795	0.447966	-0.00190884	-0.444325	0.891846	-0.00244636
28	2.51383e-09	0.820869	0.599159	-0.00197747	-0.585717	0.799524	0.00386772
29	2.51383e-09	-1.00585	0.0531941	-0.00108817	-0.0535189	-0.995593	-0.00133117
30	2.51383e-09	-0.945774	0.370404	-0.00147845	-0.36294	-0.922277	-0.000865929
31	2.51383e-09	0.643075	-0.784133	-0.00360613	0.767985	0.62595	0.000823276
32	2.51383e-09	-0.010726	1.00244	0.00366475	-1.00023	-0.00949529	-0.0019413
33	2.51383e-09	-0.396712	-0.934188	0.000553002	0.916685	-0.39416	-0.000341468
34	2.51383e-09	0.289849	0.995677	-0.00359275	-0.943756	0.272634	-0.00154171
35	2.51383e-09	0.872023	-0.522634	-0.00159144	0.507038	0.852052	0.00254301
36	2.51383e-09	-0.222351	-0.990019	-0.000526665	0.970443	-0.206945	0.000734121
37	2.51383e-09	-0.964487	0.335918	0.000901427	-0.322675	-0.935387	-0.00030053
38	2.51383e-09	0.284603	0.962409	-0.000159805	-0.960258	0.277424	-0.00186641
39	2.51383e-09	-0.594684	-0.831476	1.9745e-05	0.796691	-0.57802	0.000351529
40	2.51383e-09	-0.00356489	1.00978	-0.00136421	-0.997505	-0.0115773	-0.000190122
41	2.51383e-09	-0.109181	-1.01055	-0.00295836	0.985672	-0.107591	-0.00155888
42	2.51383e-09	-0.402137	-0.944788	-0.00228228	0.908971	-0.388872	0.00285729
43	2.51383e-09	-0.944228	0.34173	-0.00254557	-0.339736	-0.941134	-0.0022215
44	2.51383e-09	0.974013	-0.34293	0.00249911	0.330509	0.928061	-0.00263358
45	2.51383e-09	-0.212564	-1.00237	0.00234953	0.966697	-0.20468	-0.00166216
46	2.51383e-09	0.730873	0.706231	-0.000638843	-0.686151	0.717067	0.000820995
47	2.51383e-09	-0.383023	-0.945521	-2.71879e-05	0.916356	-0.373735	0.000618357
48	2.51383e-09	-0.582186	0.849812	-0.00144773	-0.812272	-0.556915	-0.00030162
49	2.51383e-09	-0.947792	-0.342905	-0.00296036	0.338409	-0.936017	0.00281941
50	2.51383e-09	-0.854316	-0.589185	0.00199459	0.56099	-0.807325	-0.000956648
51	2.51383e-09	0.160973	0.998296	-0.00086677	-0.981569	0.158913	-0.00218339
52	2.51383e-09	0.892218	-0.525897	-0.000486876	0.503467	0.84241	0.000496927
53	2.51383e-09	0.290776	0.988985	0.00151323	-0.945709	0.274571	0.000649463
54	2.51383e-09	-0.418431	-0.94711	0.00343905	0.899113	-0.396317	-0.000192044
55	2.51383e-09	-0.98357	0.318411	-0.000128993	-0.303481	-0.936072	-0.000304458
56	2.51383e-09	0.785308	-0.665705	-0.000228939	0.634403	0.751754	-2.87239e-05
57	2.51383e-09	1.04369	-0.0824227	-0.000668812	0.0742106	0.975492	-0.000663155
58	2.51383e-09	0.9255	0.472813	-0.00102104	-0.448329	0.87423	-0.000200452
59	2.51383e-09	0.103158	-1.02577	-0.00357475	0.977838	0.0972816	-0.00104602
60	2.51383e-09	-0.600503	0.832238	0.000260775	-0.800371	-0.582705	0.000452091
61	2.51383e-09	0.11738	1.032	-0.00127057	-0.972473	0.113985	0.00198822
62	2.51383e-09	-0.385484	-0.962977	0.00142988	0.911079	-0.36521	-0.000903396
63	2.51383e-09	0.805297	-0.629528	-0.000147772	0.612561	0.778635	-0.00133338
64	2.51383e-09	0.827841	0.630244	0.00188543	-0.593653	0.775962	-0.000133313
65	2.51383e-09	0.527372	-0.88306	0.000696323	0.844612	0.506787	-0.000543435
66	2.51383e-09	-0.80571	-0.642961	-0.00292897	0.622561	-0.761327	0.00134879
67	2.51383e-09	0.719527	-0.748834	-0.00160883	0.709673	0.681243	0.000638554
68	2.51383e-09	-0.893628	0.522615	-0.00216888	-0.495019	-0.848817	-0.000146621
69	2.51383e-09	0.210158	1.01638	0.00190469	-0.960842	0.204883	-0.00280171
70	2.51383e-09	1.00039	0.2189	-0.00365428	-0.21299	0.965965	-0.00102079
71	2.51383e-09	0.98367	0.347377	0.00432805	-0.320655	0.925109	-0.00306324
72	2.51383e-09	-0.943309	-0.490033	0.00126612	0.443969	-0.860792	0.000380942
73	2.51383e-09	1.03679	-0.137261	0.000484183	0.126934	0.968651	-0.00212099
74	2.51383e-09	-0.665353	-0.821503	0.00118814	0.756479	-0.607873	-0.00157092
75	2.51383e-09	-0.761365	0.704953	-0.00287965	-0.670296	-0.718081	-0.00163749
76	2.51383e-09	0.624211	0.85115	-0.00104192	-0.788157	0.567434	0.00124792
77	2.51383e-09	1.05655	-0.0893215	0.000560459	0.0822244	0.967006	0.00116619
78	2.51383e-09	0.830339	0.623659	0.0032954	-0.58588	0.790717	0.00182478
79	2.51383e-09	0.964555	-0.362323	0.00493578	0.34335	0.925284	0.00115195
80	2.51383e-09	-0.74724	0.736957	-0.000721827	-0.686626	-0.69098	-0.000364158
81	2.51383e-09	0.0111096	1.02248	1.41016e-05	-0.987374	0.0147976	0.00154725
82	2.51383e-09	0.886968	-0.576955	-0.00348675	0.530173	0.812272	4.4064e-05
83	2.51383e-09	0.59712	0.845135	-0.000127192	-0.801573	0.565417	-0.000233451
84	2.51383e-09	0.591126	-0.869038	0.000562111	0.805543	0.548439	-0.000417755
85	2.51383e-09	0.961828	-0.354716	0.00119527	0.342174	0.926746	0.00123701
86	2.51383e-09	1.03872	0.175169	-0.00107666	-0.153476	0.961703	-0.000902633
87	2.51383e-09	-0.150786	-1.03456	0.000943904	0.966963	-0.139987	0.00264691
88	2.51383e-09	1.02825	-0.0421284	-0.00110737	0.0421396	0.98586	-0.000279735
89	2.51383e-09	0.859054	0.607659	0.000785155	-0.559359	0.799275	0.00147366
90	2.51383e-09	1.0093	-0.27091	-0.00340351	0.256777	0.945665	-0.000852819
91	2.51383e-09	-0.0518667	1.02429	0.00314076	-0.986109	-0.0583795	-0.00261637
92	2.51383e-09	0.976998	-0.395795	-0.00029065	0.368009	0.900709	0.000449846
93	2.51383e-09	-0.0970581	1.06156	-0.00139136	-0.967431	-0.0878409	0.00113142
94	2.51383e-09	-0.335454	-0.974922	-0.000816431	0.932395	-0.318748	-0.00142441
95	2.51383e-09	-0.0288984	1.02206	-0.000534046	-0.989499	-0.0272875	0.00097191
96	2.51383e-09	0.52932	-0.912786	0.000480205	0.840096	0.496064	-0.000824432
97	2.51383e-09	0.375614	-0.977459	0.000767572	0.9148	0.347038	0.000829193
98	2.51383e-09	-0.634586	-0.845443	0.00158856	0.776894	-0.584577	-0.000307031
99	2.51383e-09	-0.202861	-1.03804	0.000371457	0.955822	-0.190638	0.00049297
100	2.51383e-09	-0.431149	0.955759	0.000699993	-0.893453	-0.406071	0.000442635
101	2.51383e-09	-1.02497	0.106606	0.00246697	-0.103352	-0.981168	-0.00151216
102	2.51383e-09	-0.986185	0.29195	-0.000611938	-0.275856	-0.947221	-0.0015367
103	2.51383e-09	-1.0012	-0.302221	-0.00255695	0.283328	-0.936535	-0.000142546
104	2.51383e-09	-0.883371	-0.565962	-0.000638503	0.51942	-0.822772	-0.000422211
105	2.51383e-09	-0.876818	-0.550431	0.000319496	0.523498	-0.832541	0.00197402
106	2.51383e-09	1.03282	0.142156	-0.00175159	-0.136797	0.970891	-0.000898445
107	2.51383e-09	-1.04682	-0.159303	0.00134536	0.150082	-0.960916	0.00129341
108	2.51383e-09	1.01555	0.299453	-0.000603382	-0.276286	0.936007	0.000743223
109	2.51383e-09	0.071964	-1.06455	-0.00101767	0.96159	0.0642857	0.00140576
110	2.51383e-09	0.102531	-1.05645	0.000101153	0.962832	0.0942778	0.0013546
111	2.51383e-09	-0.856294	-0.627692	-0.00534284	0.573088	-0.786522	-0.00151301
112	2.51383e-09	-1.06333	0.10126	-0.00130628	-0.0854397	-0.965034	-0.0011511
113	2.51383e-09	0.603218	0.865563	0.00295521	-0.797177	0.559413	-0.00136045
114	2.51383e-09	0.339408	-0.997729	-0.0012542	0.920414	0.311275	0.0013187
115	2.51383e-09	-1.06943	-0.10402	-4.4713e-05	0.0875354	-0.960397	0.00278229
116	2.51383e-09	1.02608	0.219396	0.000815185	-0.207932	0.955951	0.00395967
117	2.51383e-09	-1.04271	-0.0746826	0.000146717	0.0731516	-0.976077	0.00100852
118	2.51383e-09	-0.782577	-0.720637	-0.00157699	0.654329	-0.712805	0.000103516
119	2.51383e-09	-0.802501	-0.676364	-0.000657439	0.626365	-0.747806	0.00408777
120	2.51383e-09	-1.02037	0.248016	0.00195976	-0.234545	-0.948387	-0.00127415
121	2.51383e-09	-1.05608	0.158553	0.000958862	-0.13618	-0.957626	-0.00238564
122	2.51383e-09	1.06695	0.0823704	-0.0032169	-0.0781243	0.966494	0.00174506
123	2.51383e-09	-1.03285	-0.132787	0.00253029	0.126602	-0.971934	0.0030926
124	2.51383e-09	-1.06767	-0.142656	-0.000256312	0.128272	-0.954535	-0.00310184
125	2.51383e-09	0.317011	0.995345	-0.000616597	-0.935937	0.294403	-0.000661914
126	2.51383e-09	-0.108184	-1.05196	-0.00206479	0.966773	-0.0941063	-0.00160735
127	2.51383e-09	-0.587212	0.879932	0.000449386	-0.809414	-0.537686	0.000594071
128	2.51383e-09	0.312061	1.02656	-0.00130872	-0.921612	0.279963	0.0040673
129	2.51383e-09	-1.0369	-0.199905	0.00417465	0.183041	-0.95498	0.000121208
130	2.51383e-09	-0.672343	0.830794	-0.00352211	-0.75193	-0.605212	0.00267678
131	2.51383e-09	0.123379	-1.08656	0.000477726	0.94868	0.107391	0.000353693
132	2.51383e-09	-1.06149	-0.156548	-0.000173309	0.14359	-0.950949	0.00170048
133	2.51383e-09	0.457129	-0.971663	-0.00138829	0.871295	0.408968	0.000469345
134	2.51383e-09	0.801532	-0.685083	0.000162049	0.637596	0.737924	-0.000705146
135	2.51383e-09	-1.04458	0.177653	0.00345704	-0.165552	-0.956371	0.000332582
136	2.51383e-09	0.514041	0.965133	0.0012613	-0.843211	0.450112	-0.00130058
137	2.51383e-09	-0.556139	-0.899306	-0.00114842	0.829864	-0.508723	0.00140611
138	2.51383e-09	-0.22095	1.0337	-0.00266643	-0.95271	-0.207386	0.00158929
139	2.51383e-09	0.657886	-0.833368	0.00177821	0.761875	0.601084	0.00291849
140	2.51383e-09	0.670209	-0.86261	0.000204083	0.752262	0.588093	0.00119357
141	2.51383e-09	-0.510551	0.942295	-0.000555588	-0.850472	-0.456672	0.00140902
142	2.51383e-09	-0.597449	-0.886904	0.00243456	0.809132	-0.53341	0.00141029
143	2.51383e-09	-0.15803	-1.05482	-0.00232036	0.960546	-0.140704	-0.000965177
144	2.51383e-09	0.123288	1.07553	-0.00146366	-0.95453	0.112442	-0.00148806
145	2.51383e-09	-0.349708	-0.997004	2.59443e-05	0.916054	-0.322137	-0.000113258
146	2.51383e-09	1.09367	0.0396821	0.00362412	-0.0398387	0.95766	-0.00104218
147	2.51383e-09	-1.05286	0.256991	0.00299279	-0.229685	-0.93201	0.000127909
148	2.51383e-09	0.594772	-0.906295	-0.00190662	0.80267	0.528489	0.0017389
149	2.51383e-09	0.912934	-0.541126	-0.00216273	0.502987	0.828366	-0.00100551
150	2.51383e-09	-0.624161	-0.860989	-0.0006601	0.785985	-0.576337	-0.00131396
151	2.51383e-09	0.556549	-0.921767	0.00281096	0.828046	0.497205	-0.000119005
152	2.51383e-09	-0.768082	0.756218	-0.000285109	-0.666164	-0.694788	-9.85954e-05
153	2.51383e-09	0.406533	-1.01196	0.00259037	0.887569	0.35377	0.00183443
154	2.51383e-09	-0.453294	1.00453	0.000820679	-0.870032	-0.389852	-0.00322152
155	2.51383e-09	0.613392	0.893281	-0.00012031	-0.794603	0.540396	-0.00202402
156	2.51383e-09	-0.0946561	-1.08418	-6.64466e-05	0.958613	-0.0799239	0.00254662
157	2.51383e-09	0.155456	1.05946	0.000268226	-0.953741	0.137931	-0.000504432
158	2.51383e-09	-1.04232	0.334667	0.00419131	-0.287179	-0.910489	-9.6999e-05
159	2.51383e-09	-0.722367	-0.789544	0.00102378	0.711705	-0.655075	0.000668653
160	2.51383e-09	-1.01034	-0.361882	0.00173322	0.325346	-0.910776	0.0018073
161	2.51383e-09	-0.20303	-1.06509	-0.000929357	0.94289	-0.179567	-0.0022965
162	2.51383e-09	-0.237827	1.05143	-0.00176634	-0.940322	-0.215279	-0.00148598
163	2.51383e-09	-0.302202	1.03276	0.00104509	-0.928055	-0.274537	-0.000223059
164	2.51383e-09	-1.07694	0.0284494	0.00290095	-0.0250736	-0.96132	-0.00204418
165	2.51383e-09	-0.878535	0.66693	-0.00244379	-0.5758	-0.756922	-0.000774613
166	2.51383e-09	-0.888372	-0.607321	-0.00206241	0.541502	-0.797248	0.000976722
167	2.51383e-09	0.690801	-0.820915	-0.00112167	0.741183	0.616184	0.00137531
168	2.51383e-09	0.0859597	1.08813	0.000894909	-0.953806	0.0680886	0.000909574
169	2.51383e-09	-0.483029	-0.9748	-0.000133944	0.856538	-0.42405	-0.00120134
170	2.51383e-09	1.06664	-0.208959	0.000465279	0.184213	0.943147	-0.00246238
171	2.51383e-09	0.393546	-1.02315	-0.000932691	0.889803	0.34154	0.000232713
172	2.51383e-09	-0.95258	0.56797	-0.00135897	-0.487271	-0.817429	0.000168185
173	2.51383e-09	1.08898	0.171432	-0.00145407	-0.150597	0.940476	-0.00237275
174	2.51383e-09	-0.845683	-0.698966	0.000202351	0.607932	-0.736702	-0.00213408
175	2.51383e-09	-0.682539	-0.837574	0.00209679	0.745659	-0.612729	-0.0013884
176	2.51383e-09	0.548627	-0.92263	-0.00147042	0.830285	0.493863	-0.000193199
177	2.51383e-09	0.811637	0.767222	-0.00204622	-0.649192	0.688202	0.00272374
178	2.51383e-09	0.513597	0.954929	0.00022854	-0.844747	0.455324	0.00130455
179	2.51383e-09	0.598555	0.921064	-0.0026656	-0.803861	0.517803	-0.00270828
180	2.51383e-09	-1.02085	-0.356942	-0.00318271	0.314265	-0.907282	-0.000424416
181	2.51383e-09	-0.404123	1.02288	-0.00200726	-0.887705	-0.348142	0.00124762
182	2.51383e-09	0.68389	-0.857005	0.000257982	0.747264	0.595614	-0.0012495
183	2.51383e-09	1.08528	0.0801433	0.00085143	-0.0702242	0.957283	-0.000465501
184	2.51383e-09	0.24681	-1.0814	-0.00246281	0.925362	0.210606	0.000344479
185	2.51383e-09	-0.9405	0.534811	-0.00184222	-0.477486	-0.837821	-0.00225131
186	2.51383e-09	0.0834505	1.08286	0.000373389	-0.958132	0.074566	0.00128075
187	2.51383e-09	-0.890962	-0.593842	-0.00281295	0.53344	-0.803055	-0.00149238
188	2.51383e-09	0.897276	0.639399	0.00340632	-0.550877	0.778841	0.00084476
189	2.51383e-09	0.165043	1.07538	-0.00119149	-0.948754	0.144823	-0.00274416
190	2.51383e-09	-0.957523	-0.545843	0.000323805	0.463591	-0.830074	0.00120753
191	2.51383e-09	-1.07953	0.11908	-0.00114309	-0.107536	-0.954266	0.00134729
192	2.51383e-09	-0.578694	-0.943762	-0.000363729	0.80857	-0.493318	0.00104912
193	2.51383e-09	-0.889026	0.652059	-0.00221657	-0.563739	-0.770165	-0.00171314
194	2.51383e-09	-1.10382	0.154731	-4.22083e-05	-0.132412	-0.937763	-0.00160465
195	2.51383e-09	-0.0573957	1.08036	-0.00129429	-0.961107	-0.0547761	0.00044093
196	2.51383e-09	1.00981	0.431289	0.00163759	-0.369741	0.878415	-0.00323965
197	2.51383e-09	1.08732	0.00317941	-0.00326189	-0.000813236	0.959437	0.000701632
198	2.51383e-09	-0.280511	-1.07282	0.00178219	0.92013	-0.236801	-0.00175613
199	2.51383e-09	1.09572	-0.0966692	-0.00168003	0.0867626	0.950856	0.00265632
200	2.51383e-09	0.153874	1.10966	0.00140805	-0.933955	0.133889	-0.000793124
201	2.51383e-09	-0.738623	-0.806101	0.000470105	0.708213	-0.644298	0.00096591
202	2.51383e-09	-0.762501	0.772801	0.00178195	-0.684479	-0.675394	-0.00210942
203	2.51383e-09	1.08108	0.158976	-0.00213843	-0.139961	0.945168	-0.000446047
204	2.51383e-09	0.679159	-0.878286	-0.000167391	0.746451	0.578914	0.000660948
205	2.51383e-09	-0.262674	-1.09912	-0.000621636	0.911248	-0.221931	-0.000360197
206	2.51383e-09	1.08526	-0.140913	-0.00202661	0.123464	0.94829	0.00026302
207	2.51383e-09	0.642799	-0.920368	-0.0025042	0.773609	0.539231	-0.00273199
208	2.51383e-09	-0.262611	1.06972	0.00263041	-0.925913	-0.220915	0.000781021
209	2.51383e-09	-0.445455	-1.01887	0.0005729	0.864641	-0.383007	-0.0026139
210	2.51383e-09	-0.435857	1.01196	-0.00109183	-0.876741	-0.378515	0.000962866
211	2.51383e-09	0.424408	-1.00769	-0.00163081	0.879527	0.377623	-0.00120091
212	2.51383e-09	0.930698	0.626598	0.000749567	-0.528618	0.784016	-0.00359964
213	2.51383e-09	-0.822843	0.745274	0.00293277	-0.639959	-0.700531	-0.0001685
214	2.51383e-09	-1.03145	-0.378057	-0.0018212	0.333987	-0.893468	-0.000944497
215	2.51383e-09	-0.937605	0.604693	0.00260013	-0.513329	-0.796709	0.000270258
216	2.51383e-09	0.592462	0.951106	-0.00066323	-0.803375	0.494005	-6.11892e-05
217	2.51383e-09	0.931055	-0.621713	0.00103724	0.520954	0.78821	-0.00184688
218	2.51383e-09	0.319134	-1.02294	0.0046248	0.923282	0.288584	0.00375104
219	2.51383e-09	0.705907	-0.885026	-0.000392778	0.733768	0.587586	0.000270743
220	2.51383e-09	0.891691	0.670633	-0.00306996	-0.567348	0.759089	0.000657507
221	2.51383e-09	-1.08373	0.0283035	0.000935845	-0.0270776	-0.961736	0.00237964
222	2.51383e-09	-1.01035	0.463675	-0.00286965	-0.394011	-0.861299	-0.00039406
223	2.51383e-09	0.934034	-0.602641	-0.00157744	0.518845	0.793785	-0.00177033
224	2.51383e-09	-0.721175	0.817374	0.000572895	-0.715825	-0.639959	-0.00063523
225	2.51383e-09	1.11276	0.070964	0.000244991	-0.0634739	0.945643	0.000515855
226	2.51383e-09	1.08854	-0.270173	-0.00186947	0.234091	0.913924	0.00135868
227	2.51383e-09	-0.961339	0.549428	0.00103625	-0.471036	-0.824252	0.000168779
228	2.51383e-09	-1.00265	-0.506279	-0.000721647	0.425935	-0.841767	0.000771526
229	2.51383e-09	0.569999	0.97921	0.00386663	-0.813101	0.46878	0.0015933
230	2.51383e-09	-0.875448	-0.733817	0.00109215	0.603249	-0.717827	0.000778493
231	2.51383e-09	0.80163	-0.793485	-0.00036875	0.661159	0.671922	-0.00473246
232	2.51383e-09	-0.105529	1.10474	-0.00203605	-0.941819	-0.0944954	-0.00201427
233	2.51383e-09	-0.0210295	-1.10964	4.12496e-05	0.950007	-0.0261418	0.00210767
234	2.51383e-09	-0.395058	-1.04975	0.000555441	0.88146	-0.331113	-0.00357478
235	2.51383e-09	0.242561	-1.08621	0.00335818	0.927712	0.199551	0.00130024
236	2.51383e-09	0.671827	0.897104	-0.000684968	-0.757601	0.57051	0.00187873
237	2.51383e-09	1.03608	-0.340192	0.000311269	0.296114	0.914995	0.00325123
238	2.51383e-09	-0.825749	-0.797896	0.00162509	0.653264	-0.666877	0.00167911
239	2.51383e-09	-0.553141	-0.952297	-0.000166197	0.826401	-0.475583	-0.00345778
240	2.51383e-09	-0.401143	-1.04732	0.00150375	0.88668	-0.331733	0.0016206
241	2.51383e-09	1.04747	0.397495	-0.000684153	-0.340718	0.879325	-0.0022118
242	2.51383e-09	-0.253616	-1.12988	-0.00208499	0.905282	-0.204317	-0.00235269
243	2.51383e-09	1.00917	-0.508501	-0.00359539	0.41994	0.840915	0.00181101
244	2.51383e-09	0.41725	-1.05748	-0.00193746	0.872558	0.345923	-0.000188718
245	2.51383e-09	0.00176994	-1.12531	-0.00502334	0.94276	0.00429961	-0.00103571
246	2.51383e-09	0.474201	1.03127	-9.75318e-05	-0.849579	0.397836	-0.00181079
247	2.51383e-09	0.216196	1.07623	0.000822541	-0.939058	0.182174	-0.00250932
248	2.51383e-09	1.08342	-0.299998	-0.00138344	0.255417	0.909379	0.00104666
249	2.51383e-09	-1.00608	0.48734	-0.000791892	-0.413576	-0.85005	0.000288574
250	2.51383e-09	1.13739	-0.0363311	0.00111415	0.0297386	0.936025	-0.00117565
251	2.51383e-09	-1.01757	-0.473273	0.000833079	0.40173	-0.853431	0.000120298
252	2.51383e-09	-0.0926847	1.11287	0.00212661	-0.942801	-0.0792379	-0.000576829
253	2.51383e-09	0.0021337	1.13449	0.00509776	-0.938351	0.00497968	0.0012605
254	2.51383e-09	0.580319	-0.963277	0.00175118	0.812072	0.481429	0.000330396
255	2.51383e-09	-0.660181	0.925144	-0.0009211	-0.763132	-0.545869	-0.000363579
256	2.51383e-09	1.07651	0.363384	-0.000186161	-0.297355	0.893542	-0.000480357
257	2.51383e-09	-0.522929	-0.993465	-0.00203729	0.834945	-0.438137	-0.00190465
258	2.51383e-09	-0.838034	0.740213	0.000764386	-0.628454	-0.710928	-0.00143764
259	2.51383e-09	0.0539731	-1.12865	0.00131142	0.939758	0.0487872	-0.000583395
260	2.51383e-09	-0.0971755	1.11956	-0.00386622	-0.9404	-0.0849488	0.00210325
261	2.51383e-09	-0.828071	0.785544	5.70309e-05	-0.640831	-0.683587	-6.89649e-05
262	2.51383e-09	0.995021	0.487207	-0.000728672	-0.41808	0.856146	-0.00461899
263	2.51383e-09	-0.0140437	-1.14902	0.00204807	0.929454	-0.00791174	0.00148082
264	2.51383e-09	1.09605	-0.217976	-0.000489191	0.185579	0.930115	0.000878587
265	2.51383e-09	-0.0316938	-1.1399	0.000270083	0.936376	-0.021356	-0.000848613
266	2.51383e-09	1.11029	0.240505	-0.00118193	-0.199818	0.917396	0.00130441
267	2.51383e-09	-0.69299	0.873032	0.00118744	-0.738586	-0.596305	-0.00131374
268	2.51383e-09	-0.944181	-0.62219	-0.0030734	0.51667	-0.788133	-0.00170993
269	2.51383e-09	-1.12611	0.234672	0.00169792	-0.190372	-0.911059	0.00327733
270	2.51383e-09	-1.04467	0.41268	0.00225716	-0.348722	-0.87816	0.00104543
271	2.51383e-09	-1.14277	-0.00556895	-0.000777229	0.00179467	-0.934758	-0.000497042
272	2.51383e-09	-0.696746	-0.902349	-0.00445543	0.743119	-0.572057	0.000325892
273	2.51383e-09	0.862631	0.750609	-0.00326061	-0.614284	0.70608	-0.000974328
274	2.51383e-09	1.09629	0.24939	-0.000559707	-0.21626	0.917967	-0.000792532
275	2.51383e-09	0.975775	-0.579058	-0.00265994	0.480105	0.808584	-2.20397e-05
276	2.51383e-09	-0.648054	0.945565	-0.000623476	-0.769326	-0.526541	-0.000550238
277	2.51383e-09	0.220072	1.12939	0.00201712	-0.910382	0.18393	-0.00328831
278	2.51383e-09	1.07654	-0.390225	0.00153368	0.316346	0.880093	0.000929418
279	2.51383e-09	-1.08786	-0.454835	-0.000707791	0.348864	-0.850972	-0.000723739
280	2.51383e-09	-0.80364	0.83138	-0.00254681	-0.668359	-0.647291	0.000819526
281	2.51383e-09	1.13297	-0.0594496	-0.0010324	0.0461026	0.938114	0.000335542
282	2.51383e-09	0.473479	-1.04594	-0.00045179	0.849065	0.384115	-0.000145866
283	2.51383e-09	-1.08706	0.299551	-0.00253615	-0.246702	-0.911575	6.84845e-05
284	2.51383e-09	0.345514	-1.09768	0.000576571	0.890917	0.274431	-0.00163129
285	2.51383e-09	-1.11812	-0.233929	0.00136046	0.189509	-0.916952	0.000233748
286	2.51383e-09	-0.464277	-1.04545	0.00253531	0.853082	-0.379411	-0.00113198
287	2.51383e-09	-1.11557	-0.16663	-0.00247593	0.144256	-0.932347	-0.000703716
288	2.51383e-09	-0.543591	1.02371	0.00181958	-0.816939	-0.43849	-0.000573318
289	2.51383e-09	0.716291	-0.901515	0.00324578	0.734236	0.573961	0.000477516
290	2.51383e-09	1.00896	-0.514131	0.00368259	0.430574	0.837483	-0.000259412
291	2.51383e-09	0.886646	0.734328	-0.00118847	-0.594316	0.71905	0.00129921
292	2.51383e-09	-1.14841	-0.0908817	0.00161787	0.075362	-0.927535	0.00122509
293	2.51383e-09	0.943255	-0.619233	0.000561718	0.514942	0.791376	-0.00179466
294	2.51383e-09	-0.490526	-1.05759	0.00639735	0.841648	-0.386911	0.0004008
295	2.51383e-09	-0.67883	-0.917934	0.000864545	0.752911	-0.559263	0.00118514
296	2.51383e-09	1.08737	-0.393399	-0.00491363	0.315702	0.87442	0.00166884
297	2.51383e-09	1.13506	0.156768	-0.00147175	-0.129327	0.923759	0.000243206
298	2.51383e-09	-0.148286	1.14668	-0.000565516	-0.920037	-0.118741	-0.0024582
299	2.51383e-09	0.279377	-1.13971	-0.000728379	0.896007	0.209786	0.00058228
300	2.51383e-09	-0.298081	-1.13131	-0.00112147	0.89156	-0.23716	0.00182397
301	2.51383e-09	1.09664	-0.413734	-0.00200965	0.323006	0.861464	-0.00120058
302	2.51383e-09	-1.0207	-0.557117	-0.00148528	0.45063	-0.810707	0.00437579
303	2.51383e-09	-0.00174899	-1.15068	-0.000701118	0.933698	-0.00585548	-7.62284e-05
304	2.51383e-09	0.0131458	1.16858	-0.00118336	-0.926104	0.0120988	0.000358253
305	2.51383e-09	-0.667449	-0.932957	0.00396375	0.759528	-0.541634	-0.000129643
306	2.51383e-09	0.147346	-1.13898	0.000950589	0.925644	0.118449	-0.00115444
307	2.51383e-09	1.15819	-0.0678795	-0.0031618	0.0538824	0.927371	-0.000540597
308	2.51383e-09	-0.688507	-0.937208	0.00159766	0.747766	-0.552137	0.00348338
309	2.51383e-09	-0.6895	0.918793	-0.00169193	-0.742518	-0.559694	0.000127166
310	2.51383e-09	0.988501	0.60531	-0.000476414	-0.482512	0.794683	-0.000909738
311	2.51383e-09	-1.06132	-0.476816	-0.00361896	0.378239	-0.844342	0.00302118
312	2.51383e-09	-0.546161	-1.03251	0.000846649	0.820939	-0.424584	0.00182613
313	2.51383e-09	0.51886	1.02766	-0.000656803	-0.831952	0.422373	-0.0016618
314	2.51383e-09	0.506853	-1.0224	0.000149225	0.840539	0.412936	0.0017883
315	2.51383e-09	0.451325	1.07924	-0.00231391	-0.851304	0.35895	0.00190134
316	2.51383e-09	-0.902027	0.745178	-0.00264279	-0.586666	-0.714238	0.000181563
317	2.51383e-09	-0.844217	0.78538	0.0019613	-0.635282	-0.684179	-0.00250809
318	2.51383e-09	0.902455	0.727776	-0.00108345	-0.586392	0.722006	-0.00218632
319	2.51383e-09	-1.12861	-0.297447	-0.00303163	0.23738	-0.895049	0.000520065
320	2.51383e-09	-1.06022	0.508643	-0.000279734	-0.398309	-0.8308	-0.000468721
321	2.51383e-09	0.902028	0.742513	0.00101676	-0.586599	0.715312	0.000664826
322	2.51383e-09	-0.188847	-1.14108	0.00384391	0.917042	-0.153838	0.00190836
323	2.51383e-09	1.11523	-0.312792	-0.0018394	0.244075	0.896216	-0.000837266
324	2.51383e-09	0.598719	-1.01692	-0.00315292	0.793426	0.466101	0.000510249
325	2.51383e-09	-1.10789	-0.354044	-0.0021577	0.283238	-0.880446	0.0014911
326	2.51383e-09	1.05128	0.554711	0.00632712	-0.429989	0.805604	-9.24582e-05
327	2.51383e-09	0.72117	-0.933852	0.00150545	0.728352	0.563071	-0.00036571
328	2.51383e-09	-1.11897	0.185017	0.00318386	-0.150627	-0.928199	-0.002802
329	2.51383e-09	-1.0355	-0.5359	-0.000359425	0.422523	-0.827834	-0.000995281
330	2.51383e-09	-0.193944	1.14109	0.00152654	-0.917848	-0.153501	0.00109067
331	2.51383e-09	1.08009	-0.416076	0.00298095	0.336615	0.86492	0.000424283
332	2.51383e-09	0.166432	-1.17108	-0.000293721	0.909016	0.126027	0.00179183
333	2.51383e-09	-0.624845	-1.00408	-0.00298169	0.778541	-0.488972	-0.0014501
334	2.51383e-09	-0.85519	-0.809508	-0.00157829	0.635362	-0.665979	-0.000573431
335	2.51383e-09	0.738798	0.92716	-4.93745e-05	-0.721376	0.569257	-0.000547059
336	2.51383e-09	-0.314144	-1.12642	-0.00389228	0.891151	-0.249913	0.00118153
337	2.51383e-09	0.746539	-0.907482	0.00203606	0.711211	0.589348	-0.00166959
338	2.51383e-09	0.685768	0.931092	-0.000432197	-0.749529	0.551713	0.000219097
339	2.51383e-09	1.16332	0.19635	0.000979876	-0.152338	0.910648	-0.0039995
340	2.51383e-09	-1.14647	-0.275539	-0.00166592	0.207949	-0.897687	-0.00183721
341	2.51383e-09	0.856465	-0.811364	-0.000760882	0.631357	0.672064	-0.00174411
342	2.51383e-09	-0.96503	0.630721	-0.00128806	-0.50886	-0.782362	-0.00110344
343	2.51383e-09	1.11751	0.344152	-0.00189419	-0.272229	0.881631	-0.000294327
344	2.51383e-09	-0.418696	-1.10738	-0.000360156	0.857812	-0.326715	-0.00125623
345	2.51383e-09	1.07462	0.457855	-0.000396576	-0.36072	0.8508	0.00332686
346	2.51383e-09	-0.213975	-1.15884	-0.000767415	0.904836	-0.161358	-0.00179679
347	2.51383e-09	-0.330501	-1.12965	-0.000193379	0.883896	-0.260681	-0.00117178
348	2.51383e-09	0.153864	1.16856	-0.00224146	-0.911569	0.119955	-0.00165362
349	2.51383e-09	-0.254138	1.13797	-0.00110184	-0.90702	-0.203901	0.00219179
350	2.51383e-09	-0.410126	1.09468	-0.00184353	-0.863735	-0.324796	-0.000332925
351	2.51383e-09	0.151138	1.19018	-0.00324697	-0.905224	0.111907	0.000185202
352	2.51383e-09	1.09669	0.399994	-0.00173264	-0.31494	0.872333	0.000468257
353	2.51383e-09	0.546379	-1.06741	-0.00426057	0.813744	0.411092	-0.00106201
354	2.51383e-09	1.15334	0.220293	-0.00126501	-0.170481	0.909758	-0.000943953
355	2.51383e-09	0.0947875	1.14851	-0.000215354	-0.927811	0.0771873	0.00128
356	2.51383e-09	1.094	0.50107	-0.00236829	-0.383314	0.826488	-0.000571216
357	2.51383e-09	0.00224159	-1.16729	-0.000309495	0.927251	-0.00102414	0.00116122
358	2.51383e-09	1.05573	0.556623	0.00368682	-0.429406	0.808928	-0.000259601
359	2.51383e-09	-1.09922	-0.477475	-0.00169899	0.365936	-0.8388	-0.00168873
360	2.51383e-09	-0.0945815	-1.17017	0.00168172	0.918713	-0.0718626	-0.000118122
361	2.51383e-09	1.17281	0.119624	-0.00060099	-0.089215	0.916602	-0.00171159
362	2.51383e-09	1.08712	-0.432887	0.00199082	0.348586	0.856752	0.000586619
363	2.51383e-09	0.90388	0.764988	-0.00104126	-0.590707	0.704954	-0.00175629
364	2.51383e-09	-1.12889	-0.269608	-0.00077209	0.216534	-0.904316	-0.000537652
365	2.51383e-09	-0.90612	-0.790753	-0.000141899	0.599656	-0.684944	9.60045e-05
366	2.51383e-09	-0.918839	0.754607	-0.00188329	-0.585909	-0.707802	0.000946427
367	2.51383e-09	-1.05384	0.545617	0.000801192	-0.423617	-0.813257	-0.000501184
368	2.51383e-09	0.411373	-1.12703	0.000901106	0.857482	0.31632	0.0006252
369	2.51383e-09	0.594795	-1.03217	-0.000833395	0.789709	0.460486	-0.00123687
370	2.51383e-09	-0.171176	1.17897	-0.00154353	-0.906319	-0.127316	0.0022448
371	2.51383e-09	-0.445017	1.12878	0.000145669	-0.841876	-0.336502	-0.00165442
372	2.51383e-09	0.888504	-0.796048	-0.00260539	0.611088	0.685554	-0.0012273
373	2.51383e-09	-0.855991	0.815131	0.000542618	-0.634135	-0.667293	-0.000262206
374	2.51383e-09	-1.19376	-0.230482	-5.49208e-05	0.171109	-0.887858	0.00318007
375	2.51383e-09	1.19276	0.0689333	-0.00390928	-0.0509509	0.913596	-0.000104651
376	2.51383e-09	-1.12392	0.361735	0.000929881	-0.281411	-0.877476	0.000177204
377	2.51383e-09	-0.961789	0.701447	-0.00170231	-0.542311	-0.738558	0.00156023
378	2.51383e-09	-1.18265	0.151619	0.00141838	-0.118412	-0.909293	0.000365193
379	2.51383e-09	1.15829	-0.197448	-0.00294363	0.159315	0.912701	0.000924012
380	2.51383e-09	0.724516	-0.937653	-0.00131115	0.724504	0.562426	-0.000284467
381	2.51383e-09	-0.888031	-0.792319	9.4845e-05	0.609018	-0.684654	0.00148745
382	2.51383e-09	-0.988424	0.692331	0.00105394	-0.517887	-0.744131	-0.000949368
383	2.51383e-09	-1.16604	0.138778	0.00116089	-0.104453	-0.91815	0.000239036
384	2.51383e-09	-0.712591	-0.973624	-0.00566207	0.732681	-0.537033	-0.00201068
385	2.51383e-09	-0.973111	-0.670031	-0.00171159	0.518791	-0.757813	0.000765597
386	2.51383e-09	-0.637905	1.01121	-0.000282545	-0.77069	-0.491285	-0.00245954
387	2.51383e-09	0.316883	1.16105	0.00117889	-0.877918	0.240825	0.00345908
388	2.51383e-09	1.04784	-0.610566	2.47874e-05	0.454756	0.781714	0.000554725
389	2.51383e-09	-0.83231	-0.841442	-0.00476311	0.652894	-0.647694	-0.0010035
390	2.51383e-09	0.902214	0.75785	-0.0017502	-0.598047	0.703953	0.000891536
391	2.51383e-09	1.12804	-0.425893	0.00248689	0.32732	0.851898	-0.000326788
392	2.51383e-09	0.416045	1.12456	-0.00314819	-0.857619	0.317943	-0.00395372
393	2.51383e-09	-1.18289	0.21574	0.00139803	-0.159051	-0.900377	0.000353326
394	2.51383e-09	-0.649075	1.01216	0.00119154	-0.7682	-0.490957	0.000839657
395	2.51383e-09	-0.710118	-0.955294	0.00125979	0.734374	-0.549297	-0.000189358
396	2.51383e-09	0.760236	0.959905	0.000880944	-0.704421	0.559722	-8.71321e-05
397	2.51383e-09	-0.878295	0.826476	0.00304581	-0.623907	-0.661889	0.0015769
398	2.51383e-09	-1.19408	0.0986483	-0.00015112	-0.0779785	-0.911104	0.000981371
399	2.51383e-09	-0.586136	1.04079	0.000631652	-0.797699	-0.449548	0.00257494
400	2.51383e-09	0.146496	-1.1842	-0.000396273	0.912615	0.111733	-2.06196e-05
