8.430001e+03
401
0	1	0.000389249	0.000241477	-3.55179e-07	-1.12653e-08	6.51506e-08	-1.0111e-10
1	2.51383e-09	-0.0300128	-1.00649	0.00252336	0.998554	-0.0315111	0.000757241
2	2.51383e-09	-0.887615	0.451729	0.000149289	-0.450865	-0.897197	0.00096634
3	2.51383e-09	0.467287	0.88095	0.00118045	-0.882573	0.473043	0.000510651
4	2.51383e-09	0.757671	-0.660598	0.0015095	0.657765	0.751394	0.00184078
5	2.51383e-09	0.918164	-0.379236	-0.00116998	0.387682	0.926758	0.00124039
6	2.51383e-09	0.662838	0.762972	-0.000394672	-0.750047	0.654328	-0.00306752
7	2.51383e-09	-0.354993	0.936092	-0.0027357	-0.93136	-0.357537	-0.000211178
8	2.51383e-09	0.796923	-0.594033	-0.0009547	0.602128	0.803587	-5.45251e-05
9	2.51383e-09	-0.333562	0.951311	5.79828e-05	-0.938175	-0.328772	0.000558834
10	2.51383e-09	0.420866	-0.925411	-0.000705872	0.902052	0.410379	-0.000148082
11	2.51383e-09	-1.0013	-0.0312958	0.000609547	0.032103	-0.997745	0.0003684
12	2.51383e-09	0.810693	-0.618964	0.00156327	0.59986	0.786092	0.00059657
13	2.51383e-09	-0.223965	-0.980541	0.000930087	0.971452	-0.219888	-0.000476688
14	2.51383e-09	0.168277	-0.998009	0.00273666	0.980351	0.163291	0.00193236
15	2.51383e-09	-0.521493	0.868554	-0.00160665	-0.847039	-0.512047	0.000365386
16	2.51383e-09	0.988794	-0.149034	-0.00148611	0.142533	0.989133	0.000581335
17	2.51383e-09	0.796401	-0.63552	-0.00100577	0.616574	0.770457	-0.00128301
18	2.51383e-09	0.0232813	-1.0172	0.000375831	0.992301	0.0170252	-0.00182645
19	2.51383e-09	-0.585659	0.830084	0.000345126	-0.816849	-0.564525	0.00327864
20	2.51383e-09	-1.00268	0.219243	0.0017413	-0.212142	-0.96477	0.00332541
21	2.51383e-09	0.531264	0.852441	-0.00241314	-0.846863	0.52951	0.00154644
22	2.51383e-09	0.85643	-0.571448	0.00246138	0.5438	0.822547	-0.00147224
23	2.51383e-09	0.956858	-0.318411	0.000736083	0.31927	0.944886	-0.00275935
24	2.51383e-09	-0.82426	-0.595268	0.00196803	0.579714	-0.800042	-0.000350748
25	2.51383e-09	0.510889	-0.891365	0.00160166	0.852769	0.4882	-0.00237026
26	2.51383e-09	0.513604	0.877443	0.000101455	-0.855089	0.504475	0.00146904
27	2.51383e-09	0.969748	-0.26708	0.00197741	0.268029	0.958743	-0.00218039
28	2.51383e-09	0.791573	-0.628206	-0.00174265	0.619786	0.775807	-0.00230647
29	2.51383e-09	0.436765	-0.915042	-0.0020762	0.895812	0.426121	0.000185033
30	2.51383e-09	1.00419	-0.135516	0.000907568	0.133277	0.984283	0.00231226
31	2.51383e-09	0.0866448	1.00525	-0.00052491	-0.992163	0.0843722	0.00372439
32	2.51383e-09	0.803756	-0.609847	-0.00287113	0.599135	0.795018	0.00293487
33	2.51383e-09	-0.890027	0.517529	-0.00158614	-0.48596	-0.85655	0.000468183
34	2.51383e-09	0.677989	-0.783423	0.00367101	0.742552	0.641882	0.000471883
35	2.51383e-09	0.422212	0.923943	0.00163225	-0.904291	0.413457	0.00283702
36	2.51383e-09	0.649613	-0.763858	-0.00177779	0.762464	0.65261	0.00145311
37	2.51383e-09	0.81436	-0.609107	-0.000546953	0.596438	0.793766	-0.00207296
38	2.51383e-09	-0.938514	0.338765	-0.00107999	-0.341766	-0.943539	-0.00270214
39	2.51383e-09	0.960106	-0.341671	0.00254376	0.327056	0.933642	0.000716286
40	2.51383e-09	0.944644	-0.385004	0.00043734	0.371056	0.914887	0.000486756
41	2.51383e-09	-0.976106	0.27298	0.00380236	-0.267224	-0.956862	-0.000240169
42	2.51383e-09	-0.041246	-1.03246	-0.00248191	0.98416	-0.0418242	-0.000736357
43	2.51383e-09	-0.552351	-0.844163	-0.00295124	0.828605	-0.552053	-0.00105413
44	2.51383e-09	0.947012	-0.420897	0.00161124	0.402119	0.896216	0.00090311
45	2.51383e-09	-0.487694	0.900814	-0.00187908	-0.866874	-0.472613	0.00165928
46	2.51383e-09	0.251114	0.986741	-0.000720095	-0.959336	0.24791	0.000535306
47	2.51383e-09	1.01443	0.111364	0.00170962	-0.110021	0.983063	0.000573175
48	2.51383e-09	-0.134254	-1.01941	-0.00147478	0.977863	-0.127605	0.0012394
49	2.51383e-09	-0.46193	0.893289	-6.59012e-05	-0.885669	-0.459474	-0.0032479
50	2.51383e-09	-0.798472	0.669723	-0.0019952	-0.630865	-0.748286	0.00182218
51	2.51383e-09	0.715749	-0.703709	0.00153458	0.701522	0.711083	0.00147926
52	2.51383e-09	0.772457	-0.677455	-0.00184527	0.655183	0.73989	-0.000237956
53	2.51383e-09	-1.01826	-0.122465	0.000193984	0.115904	-0.981088	0.002163
54	2.51383e-09	0.703345	-0.739664	0.00196626	0.716911	0.68492	0.000434045
55	2.51383e-09	-0.793591	-0.667087	0.000343782	0.628945	-0.753832	-0.000199782
56	2.51383e-09	-0.704525	-0.747189	-0.000397416	0.714271	-0.678958	-0.000244772
57	2.51383e-09	-1.04571	-0.0553784	0.000492243	0.04725	-0.976856	0.00148975
58	2.51383e-09	-0.0734149	-1.04322	0.00256469	0.973757	-0.0686824	-0.00134147
59	2.51383e-09	-0.799862	-0.649073	0.00202584	0.615057	-0.768518	-0.00216443
60	2.51383e-09	-0.799778	-0.646753	0.00124201	0.618127	-0.769644	0.000837711
61	2.51383e-09	-0.252111	-1.00126	0.00326996	0.956104	-0.234985	-4.99722e-05
62	2.51383e-09	-0.0632265	-1.03394	0.000713252	0.981391	-0.0611767	-0.000972731
63	2.51383e-09	0.132945	1.02177	0.000415139	-0.976943	0.124542	0.000937693
64	2.51383e-09	-0.0460351	1.03241	0.00132241	-0.980719	-0.0510733	-0.000787583
65	2.51383e-09	0.833374	-0.598187	-0.000157301	0.573124	0.801871	0.000588676
66	2.51383e-09	0.824183	-0.597171	-0.00128171	0.585302	0.806727	0.00193514
67	2.51383e-09	0.104381	1.039	-0.00143146	-0.97522	0.10024	0.000522189
68	2.51383e-09	-0.451458	-0.929818	-0.00113095	0.884151	-0.430362	0.00262526
69	2.51383e-09	0.702121	-0.760812	-0.00260549	0.722327	0.669898	0.00240381
70	2.51383e-09	0.16681	1.01342	-0.000430157	-0.973603	0.16132	0.000443676
71	2.51383e-09	-0.995037	0.293388	-0.00366867	-0.274675	-0.941943	-0.0037711
72	2.51383e-09	0.556357	-0.905826	0.00285527	0.822847	0.510334	-0.000766667
73	2.51383e-09	-0.697307	-0.769936	-0.0015395	0.725066	-0.659694	0.0022525
74	2.51383e-09	-0.730078	0.767439	0.000589321	-0.706832	-0.665293	0.00223603
75	2.51383e-09	0.583436	-0.866065	-0.000790638	0.811256	0.547382	0.000741232
76	2.51383e-09	-1.03702	-0.129004	-0.00153543	0.126925	-0.972222	0.00314042
77	2.51383e-09	0.118477	-1.05063	-0.000789106	0.967918	0.104437	-0.00113604
78	2.51383e-09	0.66385	-0.795173	-0.00368874	0.753617	0.635348	0.00073391
79	2.51383e-09	-0.653616	-0.810116	-0.00527441	0.762062	-0.611414	0.000761437
80	2.51383e-09	-0.346732	-0.978521	-0.000420723	0.925309	-0.324858	0.000398261
81	2.51383e-09	-0.744546	-0.70529	-4.81492e-05	0.681951	-0.71382	3.18138e-05
82	2.51383e-09	-0.635904	0.840653	-0.000803346	-0.774582	-0.592872	0.000738012
83	2.51383e-09	-0.355547	0.970271	0.00213182	-0.922425	-0.341931	0.000170485
84	2.51383e-09	-0.850307	-0.607305	0.000492811	0.564672	-0.796591	0.000277002
85	2.51383e-09	0.98409	-0.284979	-0.00124165	0.273899	0.950447	0.0013146
86	2.51383e-09	-0.351975	-0.985705	0.00101593	0.924293	-0.3265	0.000298619
87	2.51383e-09	0.988997	-0.340744	0.000355356	0.313421	0.92637	0.00119542
88	2.51383e-09	-1.03527	0.00831586	-0.000443051	-0.00977544	-0.982501	0.00284136
89	2.51383e-09	0.88961	0.554839	-0.000772041	-0.516943	0.830338	0.00205231
90	2.51383e-09	-0.276296	1.01526	-0.00215413	-0.938636	-0.256293	0.00299252
91	2.51383e-09	0.0771082	-1.02786	-0.00462621	0.981868	0.0682279	-0.000995487
92	2.51383e-09	-1.02842	-0.209536	0.00126666	0.197172	-0.956803	-0.000748995
93	2.51383e-09	-0.210984	1.0418	-0.0016546	-0.951977	-0.19013	-0.000561559
94	2.51383e-09	-1.03657	-0.0367714	-0.00332484	0.036703	-0.981147	0.00136319
95	2.51383e-09	-0.482119	0.906428	0.000314414	-0.869794	-0.467777	0.000596891
96	2.51383e-09	0.264595	-1.01837	0.000787738	0.943483	0.250339	0.00277166
97	2.51383e-09	-0.890756	-0.543307	-0.00188637	0.512994	-0.837899	-0.00113811
98	2.51383e-09	1.0216	-0.263738	0.00180287	0.241351	0.943281	-0.000240092
99	2.51383e-09	-0.475515	-0.943712	0.00115813	0.87207	-0.440608	-0.00217502
100	2.51383e-09	-1.01724	0.261536	5.01665e-05	-0.250598	-0.944748	-0.00075002
101	2.51383e-09	-0.382676	-0.958303	0.0010157	0.91427	-0.365052	-0.000793579
102	2.51383e-09	0.189532	1.01586	0.00153004	-0.964768	0.179246	0.000438172
103	2.51383e-09	-1.02402	-0.213803	-0.0012452	0.199952	-0.958107	-0.00227484
104	2.51383e-09	-0.145031	-1.0406	0.00067956	0.963159	-0.134047	-0.00079363
105	2.51383e-09	0.627582	0.829396	-0.00135337	-0.779634	0.592851	-0.00146499
106	2.51383e-09	0.446466	0.946386	0.00248164	-0.885942	0.414239	-0.000951925
107	2.51383e-09	-0.901229	-0.546661	9.37415e-05	0.50528	-0.835258	-0.00035996
108	2.51383e-09	-0.494662	0.948812	0.00114719	-0.85847	-0.441748	0.000282118
109	2.51383e-09	1.05379	0.162151	-0.00164289	-0.15489	0.955694	0.00170516
110	2.51383e-09	0.964267	0.422361	0.00147568	-0.396078	0.892162	0.0029213
111	2.51383e-09	-0.776752	0.714146	0.00201489	-0.658314	-0.720492	0.00172633
112	2.51383e-09	-0.965253	-0.44132	0.00158393	0.40591	-0.883701	-3.94457e-05
113	2.51383e-09	-0.312516	-1.00778	-0.00129274	0.932041	-0.28666	-0.000495404
114	2.51383e-09	0.884601	0.568984	0.000457331	-0.522797	0.823153	0.00122752
115	2.51383e-09	-0.231638	-1.05632	0.00169914	0.935731	-0.2072	0.00304546
116	2.51383e-09	0.712136	-0.77961	-0.00253998	0.714937	0.657232	-0.00248955
117	2.51383e-09	0.579796	-0.881895	0.000711776	0.8153	0.533928	-0.0011046
118	2.51383e-09	0.979652	-0.400733	-0.000402964	0.365751	0.901513	0.000754152
119	2.51383e-09	0.655459	0.813858	0.00310796	-0.766714	0.610563	-0.00285721
120	2.51383e-09	-0.278552	1.00758	0.000749203	-0.943475	-0.264435	0.00232501
121	2.51383e-09	0.563091	-0.901732	-0.00236029	0.82649	0.511056	-0.00182215
122	2.51383e-09	0.163062	-1.06312	0.000563937	0.951566	0.150508	-0.00215348
123	2.51383e-09	0.992362	-0.318088	0.000130396	0.304304	0.931203	-0.00276459
124	2.51383e-09	-1.06113	-0.18183	0.00211388	0.162114	-0.949576	-0.00193119
125	2.51383e-09	-0.961716	0.412479	-0.00107477	-0.389103	-0.89615	-0.00190376
126	2.51383e-09	0.0296875	1.05649	-0.000577213	-0.974371	0.0307416	0.00178012
127	2.51383e-09	-0.702233	-0.78586	-0.000141799	0.7292	-0.646181	0.00132986
128	2.51383e-09	0.447706	-0.969331	0.0012514	0.880881	0.40402	-0.00302283
129	2.51383e-09	-1.02551	-0.270503	0.00195647	0.24574	-0.936723	0.00193459
130	2.51383e-09	1.05012	0.134168	0.00226497	-0.121587	0.967392	-0.00187914
131	2.51383e-09	-1.00486	-0.422717	-0.00176675	0.368645	-0.883456	-0.00038947
132	2.51383e-09	-0.375574	-1.00179	-0.0016608	0.905375	-0.335856	0.000285769
133	2.51383e-09	-0.728894	0.781497	-0.00152817	-0.708671	-0.659123	-0.000166438
134	2.51383e-09	-0.946162	-0.463687	-0.000197635	0.431288	-0.872135	0.000949143
135	2.51383e-09	0.78212	-0.700632	0.0013997	0.649155	0.730288	-0.00165965
136	2.51383e-09	-0.924354	-0.555808	0.00136488	0.499021	-0.826371	-0.00211155
137	2.51383e-09	-0.614844	0.87368	0.00133701	-0.788193	-0.557605	-0.00150333
138	2.51383e-09	-0.836744	0.64644	-0.00123891	-0.595693	-0.771435	-0.000297756
139	2.51383e-09	-0.064526	-1.06211	-0.00282949	0.966356	-0.0614821	0.00127468
140	2.51383e-09	0.700471	-0.83899	0.0002111	0.730029	0.61384	0.000352139
141	2.51383e-09	0.167865	-1.05674	0.00224043	0.954609	0.153165	0.000426372
142	2.51383e-09	-0.881161	0.622523	-0.00212467	-0.549298	-0.788426	0.000310725
143	2.51383e-09	-0.531725	-0.925522	0.00143816	0.842553	-0.481706	-0.00190617
144	2.51383e-09	0.732925	0.793238	0.00212802	-0.707307	0.654786	-0.000832573
145	2.51383e-09	-0.77019	-0.728562	0.0010394	0.66594	-0.704723	0.000125615
146	2.51383e-09	1.08777	0.157144	0.00336435	-0.140705	0.945488	0.00186385
147	2.51383e-09	0.602609	0.896384	-0.0028957	-0.800302	0.537944	1.94004e-06
148	2.51383e-09	0.978225	0.456203	-0.000173733	-0.405404	0.875357	0.00122559
149	2.51383e-09	-0.779876	0.714903	-6.25454e-05	-0.649947	-0.724124	0.00219506
150	2.51383e-09	0.996942	-0.428338	-0.00156214	0.382932	0.87661	-0.000334258
151	2.51383e-09	0.470153	0.971984	0.00135801	-0.864351	0.421026	-0.00109149
152	2.51383e-09	0.753079	0.788497	0.00030711	-0.68769	0.657833	0.00132435
153	2.51383e-09	-1.02383	0.360361	-0.000162903	-0.318487	-0.90569	-1.62996e-05
154	2.51383e-09	0.989918	0.486128	0.0016313	-0.420395	0.856599	0.0026078
155	2.51383e-09	-0.315464	-1.03213	0.000456178	0.917594	-0.287276	0.00229727
156	2.51383e-09	0.353643	-1.02412	-0.00219525	0.91077	0.314706	0.00176911
157	2.51383e-09	-0.893827	-0.571527	0.000427741	0.526519	-0.818597	-0.000917012
158	2.51383e-09	-0.506525	-0.96501	0.00428795	0.850623	-0.444888	-0.00295626
159	2.51383e-09	-0.922596	-0.542559	0.000533246	0.487936	-0.83535	-0.000920225
160	2.51383e-09	-0.37262	-1.00826	0.00148353	0.904874	-0.335559	0.00250517
161	2.51383e-09	1.07535	-0.159926	-0.00248273	0.140398	0.948957	-0.00166728
162	2.51383e-09	-0.589677	0.904106	0.000511905	-0.805795	-0.525954	-0.00369023
163	2.51383e-09	-0.889872	-0.611964	0.000718921	0.543374	-0.794525	-0.000579865
164	2.51383e-09	-1.07278	0.0907658	0.00180477	-0.0788752	-0.958337	-0.00260033
165	2.51383e-09	-0.901557	0.63212	0.00127224	-0.548181	-0.778842	-0.00289395
166	2.51383e-09	0.429987	-1.00251	-0.000907815	0.87936	0.371832	0.00161717
167	2.51383e-09	1.05676	-0.207586	0.00096173	0.188924	0.940875	0.00375169
168	2.51383e-09	-0.140553	-1.07519	0.00178423	0.953764	-0.125679	-0.000116567
169	2.51383e-09	-1.06981	0.201957	0.00155444	-0.179881	-0.939484	0.000666178
170	2.51383e-09	-1.03754	0.33835	-0.00379249	-0.296974	-0.908268	0.000579282
171	2.51383e-09	0.982759	0.475936	0.00268546	-0.420627	0.859219	0.0021256
172	2.51383e-09	1.10192	-0.195012	0.00107121	0.163478	0.929581	0.000934167
173	2.51383e-09	-1.07191	-0.252796	-0.00274224	0.220803	-0.927598	0.00166465
174	2.51383e-09	-1.08345	-0.162527	0.00242752	0.141845	-0.947202	0.00080493
175	2.51383e-09	-1.05237	-0.250631	0.00100778	0.225325	-0.937795	0.00166648
176	2.51383e-09	-0.0078465	1.08176	-0.00028858	-0.960938	-0.00729916	0.000448395
177	2.51383e-09	0.0949899	-1.11264	0.000883717	0.943665	0.0815763	-0.00224444
178	2.51383e-09	-0.633439	-0.871792	0.000711936	0.778959	-0.56578	0.000431784
179	2.51383e-09	1.08642	0.180308	0.00297564	-0.160182	0.938822	-0.00259712
180	2.51383e-09	-0.0529418	-1.08396	-0.0029687	0.957478	-0.0470759	-0.000210559
181	2.51383e-09	-1.10114	-0.0504384	-0.00212355	0.0414402	-0.950245	0.00133069
182	2.51383e-09	1.02978	0.377663	0.000771355	-0.327852	0.896295	-0.001171
183	2.51383e-09	0.257023	-1.06916	-0.000415972	0.924955	0.223282	-0.000928126
184	2.51383e-09	-0.552213	-0.963739	0.00145253	0.822208	-0.473256	-0.00212925
185	2.51383e-09	-0.0905453	1.08871	0.00156273	-0.952746	-0.0821713	0.000115236
186	2.51383e-09	-0.725242	-0.81243	0.00110375	0.710508	-0.641208	0.00132277
187	2.51383e-09	-1.06608	-0.000752037	0.00138406	-0.00308049	-0.967298	-0.00351326
188	2.51383e-09	0.907133	0.617541	0.000596064	-0.536933	0.792845	0.0022851
189	2.51383e-09	1.02778	-0.370391	0.000454835	0.323547	0.899695	0.00258932
190	2.51383e-09	0.0582291	1.09072	-0.0013165	-0.959642	0.0499444	-0.00172941
191	2.51383e-09	-0.305738	1.04477	0.00205513	-0.921235	-0.269487	-0.00298347
192	2.51383e-09	-1.01423	0.440491	0.000646391	-0.377749	-0.870839	-0.00092665
193	2.51383e-09	1.10405	-0.0631876	0.00132691	0.0496351	0.949512	0.00197298
194	2.51383e-09	1.08504	-0.274538	-0.000572261	0.23132	0.916499	4.2045e-05
195	2.51383e-09	-1.08166	-0.0478118	-0.00104814	0.0414378	-0.960839	0.000377808
196	2.51383e-09	0.685567	-0.844321	0.000752991	0.751201	0.598525	0.003218
197	2.51383e-09	0.592204	-0.90642	0.000795411	0.805094	0.525776	-0.00260303
198	2.51383e-09	-0.646979	0.906128	-0.00240053	-0.771375	-0.548485	0.000187448
199	2.51383e-09	0.822709	0.735595	-0.00163144	-0.632147	0.710605	0.00272542
200	2.51383e-09	1.09846	0.176173	-1.25398e-05	-0.146424	0.938253	0.000674688
201	2.51383e-09	0.386296	1.03432	-0.00167706	-0.890679	0.334078	-0.00179027
202	2.51383e-09	-0.864837	0.65851	0.00242839	-0.585254	-0.763608	8.50681e-05
203	2.51383e-09	-1.00539	0.402301	-0.00273394	-0.357395	-0.892356	0.000836943
204	2.51383e-09	-0.0292754	-1.10817	-0.00015091	0.946011	-0.0288951	-0.000321952
205	2.51383e-09	-1.0351	-0.433524	0.0017772	0.36091	-0.872225	-0.000591383
206	2.51383e-09	-0.555371	0.944766	-0.000795069	-0.823421	-0.483047	0.00208502
207	2.51383e-09	-0.891152	-0.66861	0.00148201	0.565275	-0.760811	0.000310291
208	2.51383e-09	-0.292434	1.05908	-0.00175811	-0.920268	-0.250334	0.00170725
209	2.51383e-09	-0.663535	-0.880764	0.00267996	0.757606	-0.575592	-9.93933e-05
210	2.51383e-09	0.91662	-0.62322	0.00113713	0.532784	0.785401	-9.75276e-05
211	2.51383e-09	-1.09657	-0.121422	0.00206891	0.105152	-0.94338	0.00172915
212	2.51383e-09	-0.963985	-0.589701	-0.00410137	0.491446	-0.799985	0.000134306
213	2.51383e-09	-1.072	-0.289842	0.000397102	0.246102	-0.915027	-0.00114349
214	2.51383e-09	-0.978616	-0.492884	0.00160181	0.436903	-0.850631	-0.000607669
215	2.51383e-09	-1.10895	0.078455	0.00297022	-0.0708917	-0.947425	0.00223361
216	2.51383e-09	1.00926	-0.486942	-0.000326444	0.415596	0.847974	0.000333626
217	2.51383e-09	-1.09159	-0.268315	-0.00111443	0.224214	-0.915595	0.00232144
218	2.51383e-09	-0.731944	0.795834	0.000920113	-0.710798	-0.646054	-0.00204701
219	2.51383e-09	-1.13037	-0.116813	0.00134981	0.0952236	-0.931868	-0.000740095
220	2.51383e-09	1.05588	-0.341321	-1.42988e-05	0.294481	0.904413	-0.00281456
221	2.51383e-09	-0.700874	0.830132	-0.00250903	-0.734664	-0.62063	0.000597576
222	2.51383e-09	-1.07217	0.302001	-0.00170948	-0.254909	-0.910886	-0.0024066
223	2.51383e-09	-0.976931	0.519396	0.000559185	-0.441673	-0.843133	0.00143275
224	2.51383e-09	-0.824608	-0.713641	0.000221921	0.623545	-0.728771	-0.000479324
225	2.51383e-09	-0.442042	-1.02658	-9.47737e-05	0.866154	-0.374739	0.00142552
226	2.51383e-09	0.945091	0.602269	-0.00154778	-0.505039	0.795389	0.00185922
227	2.51383e-09	1.00975	-0.432382	0.0013878	0.375127	0.879258	0.000102134
228	2.51383e-09	0.3745	-1.05312	-0.00186282	0.890695	0.318575	-0.000737972
229	2.51383e-09	0.269306	1.09829	0.000663523	-0.913085	0.220882	0.00260942
230	2.51383e-09	-0.0642181	1.14631	0.000462706	-0.930104	-0.0540924	-0.00173627
231	2.51383e-09	-1.12984	-0.103467	-0.000708587	0.0872251	-0.931303	0.00497819
232	2.51383e-09	-0.516031	-0.967328	-0.00309424	0.844067	-0.452309	0.00225674
233	2.51383e-09	1.10503	0.189482	0.00102877	-0.157361	0.928575	0.0018449
234	2.51383e-09	0.757822	-0.816505	-0.00164177	0.690843	0.645538	-0.00352193
235	2.51383e-09	-0.887987	0.669567	-0.00369689	-0.567585	-0.761027	-0.00194237
236	2.51383e-09	-0.153452	1.11536	0.000773028	-0.934135	-0.124483	0.00101585
237	2.51383e-09	1.05975	-0.27987	-0.000963068	0.242497	0.928295	0.00180146
238	2.51383e-09	-1.12792	-0.222174	-0.0022029	0.185169	-0.91293	-0.000501076
239	2.51383e-09	0.903772	0.635887	-0.00291548	-0.545714	0.779621	0.000915045
240	2.51383e-09	-0.937867	-0.622352	-0.00130821	0.527878	-0.780985	0.000621047
241	2.51383e-09	0.917884	-0.648627	0.000863196	0.540007	0.769162	0.000800399
242	2.51383e-09	-1.13891	-0.175332	0.00371491	0.139857	-0.921107	0.000906442
243	2.51383e-09	-0.999531	0.507399	0.00312097	-0.429865	-0.841764	0.00133821
244	2.51383e-09	1.10199	0.265122	-0.00244778	-0.221091	0.914792	-0.000680228
245	2.51383e-09	0.498732	1.00903	0.00090551	-0.843863	0.418589	0.00437246
246	2.51383e-09	0.567766	-0.968589	0.00161605	0.815737	0.47702	0.00200866
247	2.51383e-09	0.448787	0.998519	0.00203488	-0.876595	0.388067	-0.000106074
248	2.51383e-09	1.036	0.420558	-0.000718675	-0.357971	0.878816	0.000390308
249	2.51383e-09	-1.09071	0.289507	8.31917e-06	-0.237415	-0.908272	-0.000803528
250	2.51383e-09	-0.374325	-1.06901	-0.00110763	0.886751	-0.311358	0.000480051
251	2.51383e-09	-1.08224	-0.339907	0.000317461	0.279423	-0.893435	0.000479056
252	2.51383e-09	-1.107	-0.155046	0.000962528	0.131808	-0.937747	0.00126897
253	2.51383e-09	-0.750073	-0.854945	0.00141657	0.705232	-0.615884	-0.00313357
254	2.51383e-09	-0.892587	-0.683904	-0.00217275	0.575346	-0.747342	0.000309928
255	2.51383e-09	-0.718771	-0.878688	0.00054087	0.725401	-0.59459	0.000123552
256	2.51383e-09	-1.13094	-0.189972	-0.00105774	0.152886	-0.917169	0.000109205
257	2.51383e-09	-0.30438	1.09045	-8.9827e-05	-0.904111	-0.250787	0.00284287
258	2.51383e-09	-0.902281	0.668801	0.00407658	-0.562638	-0.759389	-0.00159827
259	2.51383e-09	0.938775	-0.618155	0.00131536	0.520562	0.789183	-0.000800372
260	2.51383e-09	0.69585	0.889311	-0.00304934	-0.743428	0.576709	-0.00246295
261	2.51383e-09	0.0767058	1.14275	-0.00115579	-0.931547	0.0585683	0.000339215
262	2.51383e-09	-1.015	0.473015	-0.00493388	-0.400934	-0.852797	0.000881112
263	2.51383e-09	-0.571175	-0.991699	-0.00172365	0.808491	-0.463271	0.000613012
264	2.51383e-09	1.12055	-0.0902571	-0.00161197	0.0762646	0.940344	0.000768925
265	2.51383e-09	-0.648469	-0.944272	0.000124436	0.77323	-0.52171	-0.000172103
266	2.51383e-09	0.783799	0.822483	-0.00134782	-0.67979	0.647002	0.000579344
267	2.51383e-09	-0.388209	-1.05015	-0.000905949	0.885506	-0.333347	-0.00178418
268	2.51383e-09	-0.701725	0.87718	0.00210055	-0.7367	-0.596622	0.00118093
269	2.51383e-09	0.648741	-0.944631	0.00349379	0.768573	0.533153	-0.00106509
270	2.51383e-09	-0.0605624	-1.13319	-0.000702589	0.935263	-0.0496458	0.000826404
271	2.51383e-09	-0.65637	0.936322	0.000293376	-0.766664	-0.535445	6.31169e-05
272	2.51383e-09	-1.06605	0.418137	0.00196805	-0.339137	-0.870562	-0.00234848
273	2.51383e-09	0.111086	1.13201	-0.00135824	-0.934879	0.0904153	-0.00233388
274	2.51383e-09	-0.346051	-1.0737	-0.000748476	0.891759	-0.291239	-0.00227671
275	2.51383e-09	1.08534	-0.316593	0.000180763	0.266136	0.903607	-0.00243665
276	2.51383e-09	0.99203	-0.547873	-0.00080299	0.457554	0.824157	-0.00115143
277	2.51383e-09	1.05209	0.446317	0.00322946	-0.357466	0.865439	0.00283873
278	2.51383e-09	-1.05396	-0.471473	-0.00177185	0.379323	-0.848424	-0.000946411
279	2.51383e-09	-0.280597	1.13548	0.00059922	-0.899462	-0.219323	0.000906129
280	2.51383e-09	0.467321	1.06035	-0.00242091	-0.853639	0.369549	-0.000313471
281	2.51383e-09	0.208323	1.11722	0.000913924	-0.923487	0.168966	7.28265e-05
282	2.51383e-09	0.609143	0.973886	-0.00278735	-0.792057	0.494062	0.000395982
283	2.51383e-09	-1.01725	0.481789	0.000627663	-0.399573	-0.857112	-0.00212611
284	2.51383e-09	-0.712685	-0.896511	0.00231433	0.732302	-0.583806	0.00101791
285	2.51383e-09	0.157146	1.13322	-0.00223322	-0.92707	0.125743	0.000456468
286	2.51383e-09	1.1361	0.0800996	-0.000360562	-0.0664584	0.935356	-0.00234787
287	2.51383e-09	0.370995	-1.06859	-0.00118114	0.890658	0.30448	-4.43107e-05
288	2.51383e-09	-0.43579	1.07675	0.000762261	-0.857133	-0.351414	0.00148318
289	2.51383e-09	0.0370736	1.15637	-1.75132e-05	-0.928312	0.02367	-0.00272785
290	2.51383e-09	0.921606	-0.675288	0.000997262	0.556215	0.752893	0.00292374
291	2.51383e-09	0.95163	0.636789	-0.00112353	-0.522452	0.775619	0.000697723
292	2.51383e-09	1.11143	-0.286377	0.000884073	0.233757	0.903632	-0.00192326
293	2.51383e-09	-1.0722	-0.391504	-0.00281089	0.320757	-0.877137	-0.000510475
294	2.51383e-09	1.14849	-0.211686	0.00320233	0.167248	0.910958	-0.0046363
295	2.51383e-09	-0.967037	0.612065	-0.000924251	-0.496709	-0.791341	0.00103954
296	2.51383e-09	-0.202921	1.13809	-0.00116622	-0.915751	-0.163382	0.00396375
297	2.51383e-09	-0.438682	1.05856	-0.00222167	-0.862348	-0.359616	0.00207315
298	2.51383e-09	0.507545	1.03618	0.00317471	-0.833568	0.411341	0.000240123
299	2.51383e-09	-1.12751	0.236321	-0.000744995	-0.192137	-0.917096	-0.000551347
300	2.51383e-09	0.479672	1.0637	0.000782953	-0.845166	0.378364	0.0022525
301	2.51383e-09	0.288991	-1.13187	0.0020783	0.896415	0.219424	-0.000987457
302	2.51383e-09	-0.261016	1.14764	-0.00237675	-0.894567	-0.204079	-0.00435567
303	2.51383e-09	-0.249378	-1.12833	0.000485684	0.907745	-0.201714	0.00179538
304	2.51383e-09	0.771809	-0.871088	0.00151769	0.690212	0.618744	-0.000668771
305	2.51383e-09	1.08239	-0.380357	0.00228255	0.309266	0.881664	-0.00174105
306	2.51383e-09	0.0844646	1.15072	-0.000973893	-0.927023	0.0705799	-0.000194353
307	2.51383e-09	0.130061	1.14968	-0.00409779	-0.924827	0.106358	0.000193664
308	2.51383e-09	-0.851155	0.806973	-0.00106875	-0.630664	-0.673509	-0.00115926
309	2.51383e-09	1.13808	0.080895	0.000871703	-0.0613545	0.934614	-0.000597084
310	2.51383e-09	-0.616577	0.986172	-0.00124154	-0.786464	-0.489139	-0.000256188
311	2.51383e-09	-0.355493	-1.10798	-0.00216921	0.881465	-0.282067	0.00225004
312	2.51383e-09	1.04741	0.481898	0.00183055	-0.389026	0.850031	0.00184035
313	2.51383e-09	-1.07784	-0.399703	-0.00243763	0.324987	-0.87228	-0.00189942
314	2.51383e-09	-0.652149	0.935428	0.00179534	-0.76632	-0.539172	-0.00139561
315	2.51383e-09	1.0817	0.440256	-0.00130267	-0.349271	0.857416	-0.00240791
316	2.51383e-09	0.24761	-1.13781	0.000113665	0.906512	0.197318	0.00199479
317	2.51383e-09	1.08087	0.423593	-0.00162197	-0.34111	0.862247	0.00246052
318	2.51383e-09	0.877129	-0.765238	0.00220705	0.60698	0.697404	0.00129654
319	2.51383e-09	1.12239	0.323905	0.00213893	-0.253884	0.889978	0.00207121
320	2.51383e-09	1.13841	0.285508	-0.000388858	-0.22304	0.896683	-0.000105225
321	2.51383e-09	-1.14956	0.201807	0.00163601	-0.156999	-0.910819	0.000155188
322	2.51383e-09	-1.14855	0.101788	-0.00157254	-0.0804417	-0.929863	-0.00237431
323	2.51383e-09	0.380705	1.08239	0.000353299	-0.885725	0.308002	-0.00016827
324	2.51383e-09	-0.960207	-0.669674	0.000817174	0.529432	-0.758068	-0.00106509
325	2.51383e-09	1.14584	0.09117	0.00256079	-0.0727429	0.933511	-0.00156404
326	2.51383e-09	0.779663	-0.895572	-0.00316593	0.695094	0.594913	0.00299359
327	2.51383e-09	-0.83216	-0.839218	-0.00239912	0.651834	-0.647093	0.000520343
328	2.51383e-09	-0.968433	-0.604319	0.00259834	0.498434	-0.794553	-0.00169511
329	2.51383e-09	-1.15463	0.122452	0.000572032	-0.100437	-0.92673	0.000762577
330	2.51383e-09	-1.10178	-0.366549	-0.000630618	0.290124	-0.880526	-0.000165715
331	2.51383e-09	-1.09818	0.335263	-0.000365467	-0.270469	-0.894333	-0.00186629
332	2.51383e-09	-0.860128	-0.8088	-0.00068754	0.630647	-0.670218	-0.00147049
333	2.51383e-09	1.09389	0.45896	-6.16214e-05	-0.356214	0.846133	0.00206758
334	2.51383e-09	-0.671291	-0.966021	-0.000402582	0.758672	-0.521677	-0.00170344
335	2.51383e-09	1.10581	0.426555	-0.000114719	-0.334965	0.854754	0.000789747
336	2.51383e-09	-0.208777	-1.1521	-0.000577262	0.910071	-0.167224	-0.00258802
337	2.51383e-09	-0.139722	-1.17249	0.00106149	0.914091	-0.104295	0.00173521
338	2.51383e-09	-0.358156	1.11117	-0.00351996	-0.880483	-0.283544	4.71537e-05
339	2.51383e-09	0.418733	1.1041	-0.00101965	-0.860417	0.330975	-0.0035976
340	2.51383e-09	1.18009	0.0895537	-0.0017791	-0.0759275	0.915483	0.00109992
341	2.51383e-09	1.0542	-0.529442	0.00127929	0.412382	0.824814	-1.8141e-05
342	2.51383e-09	-0.0849742	-1.15957	-0.000710919	0.925314	-0.0685146	0.000400588
343	2.51383e-09	0.611827	0.988393	-0.00117247	-0.7874	0.486436	-0.00166058
344	2.51383e-09	-1.06027	-0.520247	0.00082097	0.399119	-0.827146	1.59754e-05
345	2.51383e-09	-0.512978	1.04869	0.00159122	-0.828928	-0.409521	0.00256432
346	2.51383e-09	-0.793864	0.865522	0.00125162	-0.683457	-0.619093	0.00133091
347	2.51383e-09	-0.289176	1.14181	0.00159284	-0.890856	-0.233939	-0.00047728
348	2.51383e-09	1.1728	0.108918	0.00415322	-0.0836826	0.918014	-0.000157438
349	2.51383e-09	1.16376	-0.184023	3.60456e-05	0.137601	0.909656	-0.00267551
350	2.51383e-09	0.984781	0.630856	0.00219196	-0.495442	0.780263	-0.00111227
351	2.51383e-09	-0.722494	0.952024	-0.00285319	-0.727195	-0.55332	-0.000866117
352	2.51383e-09	-0.963844	0.685192	-0.00082532	-0.530668	-0.748755	0.00150848
353	2.51383e-09	0.828721	0.86615	-0.00332745	-0.6622	0.628218	0.00239496
354	2.51383e-09	1.15692	-0.230102	-0.00239455	0.183352	0.904631	-0.00103992
355	2.51383e-09	0.306963	-1.11163	0.00270852	0.897828	0.247247	-0.00138871
356	2.51383e-09	-0.680204	-0.9871	0.000687305	0.750939	-0.522142	0.00077302
357	2.51383e-09	0.777083	0.888482	-0.000912593	-0.6916	0.605408	0.00119318
358	2.51383e-09	-0.929172	-0.754187	-0.00327115	0.573355	-0.712312	-0.000823596
359	2.51383e-09	-1.03755	-0.587778	0.000751883	0.451913	-0.799196	-0.00195032
360	2.51383e-09	-1.01468	-0.591547	-0.000922887	0.464193	-0.796139	-0.00032472
361	2.51383e-09	-0.735775	0.919037	-0.000653334	-0.718183	-0.576237	-0.00113535
362	2.51383e-09	0.812815	-0.848111	-1.41809e-06	0.667854	0.637218	0.00125031
363	2.51383e-09	0.612262	1.01781	6.71687e-06	-0.782969	0.476622	-0.0016292
364	2.51383e-09	-1.01692	-0.552034	0.000725783	0.441516	-0.819615	-0.000774371
365	2.51383e-09	-0.950656	0.732175	0.00196854	-0.557708	-0.72346	0.000657848
366	2.51383e-09	-1.18497	0.0850307	-0.00212857	-0.0674955	-0.914791	0.00118614
367	2.51383e-09	0.864194	-0.803352	-0.000515093	0.62731	0.677504	-0.00175195
368	2.51383e-09	1.02153	-0.624463	-5.82856e-06	0.476795	0.781981	-0.000437941
369	2.51383e-09	1.13196	0.345769	-0.00115976	-0.272988	0.878285	0.000104832
370	2.51383e-09	-0.765744	0.905508	-0.00120743	-0.70328	-0.590932	4.09321e-05
371	2.51383e-09	-0.33686	-1.15249	-0.00151845	0.877424	-0.257622	-0.000366829
372	2.51383e-09	-1.08326	0.53209	0.00265083	-0.401638	-0.813769	0.00163016
373	2.51383e-09	-0.857746	0.817253	-0.00109022	-0.631436	-0.668122	0.00141175
374	2.51383e-09	0.966336	0.717657	-0.000819633	-0.543298	0.734898	-0.00300837
375	2.51383e-09	0.799888	0.890118	-0.00320035	-0.678436	0.611193	0.00020617
376	2.51383e-09	-1.18161	-0.0309715	-0.000949701	0.0253264	-0.920184	0.00133416
377	2.51383e-09	-1.19265	-0.0384071	-0.00177438	0.0251475	-0.914451	-0.000341422
378	2.51383e-09	0.792403	-0.901505	-0.000715118	0.683606	0.602306	-0.000211032
379	2.51383e-09	1.16585	0.114301	-4.11439e-05	-0.0871857	0.923412	-0.00180046
380	2.51383e-09	1.17927	-0.10242	-0.000330601	0.0775229	0.916557	-0.000229638
381	2.51383e-09	1.16514	-0.249931	0.000477861	0.193478	0.895029	-0.00027763
382	2.51383e-09	-1.16494	-0.288199	0.00114003	0.224338	-0.883112	-0.00125491
383	2.51383e-09	0.344204	-1.12329	0.000302402	0.884019	0.263763	0.000131792
384	2.51383e-09	-0.33771	-1.15728	-0.00583369	0.872909	-0.253266	-0.00230957
385	2.51383e-09	1.08137	-0.481168	-0.000998502	0.36837	0.84238	0.000449042
386	2.51383e-09	0.339133	-1.14313	-0.00191332	0.878934	0.259066	0.0002597
387	2.51383e-09	-0.994984	-0.669772	0.00384242	0.51167	-0.75596	-0.0013122
388	2.51383e-09	1.15874	-0.347535	-0.00103318	0.25742	0.869079	0.000614454
389	2.51383e-09	-1.05989	-0.519776	-0.000126852	0.403002	-0.828904	-0.00397254
390	2.51383e-09	-0.31252	1.13806	-0.00302578	-0.889506	-0.243702	0.00136694
391	2.51383e-09	-0.717055	-0.967031	-0.00142571	0.735091	-0.541348	0.00148644
392	2.51383e-09	1.18342	-0.201658	0.00572939	0.152065	0.900168	-0.00181993
393	2.51383e-09	1.02591	-0.651959	3.36943e-05	0.490579	0.760862	-0.000882878
394	2.51383e-09	-0.00926879	-1.19831	0.00079514	0.913488	-0.00416941	-0.00172146
395	2.51383e-09	0.600564	1.03444	-6.71299e-05	-0.792601	0.457448	-0.00101444
396	2.51383e-09	-1.18832	0.226044	-0.000225721	-0.162155	-0.895607	-0.000465691
397	2.51383e-09	0.435761	1.1172	-0.0022713	-0.850469	0.333638	0.00174103
398	2.51383e-09	-0.890273	-0.808588	-0.000520243	0.613269	-0.675266	0.000867057
399	2.51383e-09	-1.18658	0.17322	0.000521737	-0.133745	-0.903502	0.00228556
400	2.51383e-09	0.95276	-0.725303	-0.000282743	0.561329	0.724327	0.000736349
