3.527999e+03
401
0	1	0.000163111	0.000101133	-1.48913e-07	4.09824e-08	3.0299e-08	-5.08067e-11
1	2.51383e-09	0.713767	0.705903	0.000783453	-0.698177	0.710732	-0.000266531
2	2.51383e-09	-0.760801	0.663339	0.00079803	-0.653167	-0.751878	0.00118871
3	2.51383e-09	0.827382	0.55697	0.000785437	-0.556597	0.832194	-0.000679834
4	2.51383e-09	-0.0346064	-0.999907	-0.000706909	0.998217	-0.0344816	-0.000423995
5	2.51383e-09	0.748184	-0.661944	-0.000484565	0.662098	0.750422	-0.000685414
6	2.51383e-09	0.771821	0.659908	-0.000593882	-0.648212	0.749708	0.00120211
7	2.51383e-09	-0.778478	0.629883	0.00254148	-0.628345	-0.77847	0.0021639
8	2.51383e-09	0.921685	0.388831	0.000418846	-0.386434	0.922225	0.000380544
9	2.51383e-09	-1.00384	-0.0360224	-0.000718622	0.0346172	-0.995687	-5.316e-05
10	2.51383e-09	1.00392	0.0483537	-0.000695301	-0.047415	0.994451	-0.00056678
11	2.51383e-09	-0.92517	-0.389638	0.000787472	0.386292	-0.91962	0.00028974
12	2.51383e-09	-0.822926	0.604705	1.1714e-05	-0.585034	-0.796334	-8.54093e-06
13	2.51383e-09	0.576329	0.82792	0.00218687	-0.818967	0.564833	0.0015819
14	2.51383e-09	-0.572484	0.834315	0.002316	-0.815357	-0.565748	-0.000679518
15	2.51383e-09	-0.247111	0.978661	0.000499015	-0.96023	-0.245643	0.00169039
16	2.51383e-09	1.00326	0.0553372	0.000409491	-0.0565486	0.995501	-0.000533837
17	2.51383e-09	0.989449	-0.158945	0.00107449	0.155698	0.986415	0.000269913
18	2.51383e-09	1.01451	-0.0753917	0.000662061	0.0737543	0.986547	0.00158511
19	2.51383e-09	0.178414	1.00057	0.00135569	-0.977997	0.175144	-0.000900152
20	2.51383e-09	0.695696	-0.761421	-0.00220321	0.724504	0.667294	0.00052059
21	2.51383e-09	0.771938	-0.647203	0.000617833	0.634791	0.768656	0.00196916
22	2.51383e-09	0.93682	-0.399795	0.000168011	0.387063	0.911217	-0.00154831
23	2.51383e-09	-0.327959	0.969728	1.22901e-05	-0.932168	-0.318489	0.00271677
24	2.51383e-09	-0.0627782	-1.0192	0.000295162	0.984095	-0.0603122	-0.000353341
25	2.51383e-09	-0.0575252	-1.02035	-0.000943959	0.987142	-0.0569758	-0.0025202
26	2.51383e-09	0.0760908	1.00638	0.000830598	-0.994307	0.0776753	-0.00128252
27	2.51383e-09	-0.668136	-0.758686	0.00232133	0.74218	-0.660042	0.000292971
28	2.51383e-09	0.373676	-0.944041	0.000262314	0.925069	0.361183	-0.0001077
29	2.51383e-09	-0.304708	0.970345	-4.4918e-05	-0.945609	-0.294945	-0.00139113
30	2.51383e-09	0.182457	-0.993436	0.00253371	0.979848	0.176431	-0.000495848
31	2.51383e-09	-0.943231	-0.355258	-0.00109761	0.353352	-0.930846	-0.000986787
32	2.51383e-09	0.61198	-0.800432	0.00121702	0.792107	0.604456	-9.24396e-06
33	2.51383e-09	0.276662	0.982999	0.00181315	-0.953777	0.262017	-0.000395873
34	2.51383e-09	0.853852	-0.585523	0.000427753	0.554558	0.810687	-0.00100215
35	2.51383e-09	0.991645	0.262668	0.000428011	-0.247668	0.953399	-0.00128148
36	2.51383e-09	0.958076	0.338955	0.000941813	-0.327629	0.935633	-0.00201817
37	2.51383e-09	0.244301	0.984176	0.00215701	-0.96473	0.243353	0.00233874
38	2.51383e-09	-0.863225	0.514706	0.00133672	-0.510169	-0.85731	0.000362444
39	2.51383e-09	0.986166	-0.197639	-0.000935199	0.196483	0.979058	-0.00102376
40	2.51383e-09	0.0366207	-1.00835	0.00179399	0.994137	0.0359764	-0.000359775
41	2.51383e-09	-0.378933	-0.942752	-0.000803165	0.919898	-0.370196	0.00240566
42	2.51383e-09	-0.906895	0.483528	0.000581472	-0.462638	-0.871866	-0.00198532
43	2.51383e-09	0.980612	-0.272284	0.000649374	0.26277	0.955806	-0.00212533
44	2.51383e-09	0.967759	0.356084	-0.00119404	-0.334298	0.925352	-0.00199435
45	2.51383e-09	1.01811	-0.147009	-0.000829463	0.145195	0.976085	-0.0019679
46	2.51383e-09	-0.846	0.577186	-0.00201972	-0.554978	-0.817812	-0.000692512
47	2.51383e-09	-0.980295	0.291665	0.0007661	-0.2846	-0.945388	0.00112503
48	2.51383e-09	-0.363101	0.957462	4.50059e-05	-0.922866	-0.352596	-0.000572725
49	2.51383e-09	-0.171746	-1.01151	-6.52081e-05	0.974873	-0.161965	0.000641847
50	2.51383e-09	0.149403	1.01467	-0.00114649	-0.976583	0.145606	0.00228771
51	2.51383e-09	0.34412	0.956471	-0.000221004	-0.932784	0.340303	-0.000669961
52	2.51383e-09	-0.44609	-0.927345	-0.000153548	0.889208	-0.427009	-0.00110603
53	2.51383e-09	0.304306	-0.973749	-0.000982304	0.945336	0.294755	-0.000507468
54	2.51383e-09	0.841356	-0.574907	-0.000336167	0.561817	0.813846	-0.000515086
55	2.51383e-09	-0.0142702	-1.03623	0.000426118	0.98117	-0.011226	-0.000131447
56	2.51383e-09	0.774216	-0.678193	-0.00304174	0.648081	0.739863	0.000829349
57	2.51383e-09	-0.673398	-0.798241	-0.000529308	0.746114	-0.628721	-0.000534191
58	2.51383e-09	0.49164	0.910934	0.00119711	-0.865431	0.46746	0.00189407
59	2.51383e-09	-0.86158	-0.568011	-0.00138389	0.534803	-0.823705	0.000351564
60	2.51383e-09	-0.821197	0.602813	-0.00282579	-0.587252	-0.800606	0.000577428
61	2.51383e-09	0.514822	-0.901246	-0.00229518	0.851481	0.491119	-0.000333145
62	2.51383e-09	-0.0918007	1.02728	0.00141639	-0.980437	-0.088218	0.00141212
63	2.51383e-09	0.85285	0.570282	7.2675e-05	-0.55122	0.818324	0.000421178
64	2.51383e-09	-0.677228	-0.769199	0.000827617	0.742084	-0.653605	0.00179187
65	2.51383e-09	0.917111	-0.477102	0.000746394	0.455546	0.873323	0.00149417
66	2.51383e-09	-1.03014	-0.0831182	-0.00258989	0.0785141	-0.977532	0.00111677
67	2.51383e-09	0.310324	0.991261	0.00140655	-0.936728	0.293173	-0.00187132
68	2.51383e-09	-0.928676	0.448348	0.00127099	-0.429245	-0.884475	0.000991936
69	2.51383e-09	-0.454636	0.922465	0.00107606	-0.884037	-0.437985	-0.00128435
70	2.51383e-09	-0.887948	-0.527317	0.00115868	0.503607	-0.844761	-0.00296031
71	2.51383e-09	-0.359381	-0.969584	0.000566271	0.92203	-0.343325	0.000699266
72	2.51383e-09	-0.868681	-0.590782	0.00186065	0.543694	-0.808472	-9.53038e-05
73	2.51383e-09	-0.546709	-0.881007	0.00155523	0.833557	-0.520565	0.0021818
74	2.51383e-09	-0.0177237	1.05237	-0.000658265	-0.971461	-0.0134395	-0.00106675
75	2.51383e-09	0.963015	-0.396726	2.46268e-05	0.374807	0.903472	0.000249896
76	2.51383e-09	-1.02892	-0.193969	-0.000144731	0.181567	-0.960929	0.000231271
77	2.51383e-09	-0.0863942	1.05295	0.00115792	-0.96882	-0.0793464	-0.00043173
78	2.51383e-09	0.276038	1.00889	0.000229059	-0.940646	0.262821	0.000406673
79	2.51383e-09	-0.912978	0.478336	9.26589e-05	-0.461934	-0.870676	0.00285709
80	2.51383e-09	-0.949829	-0.430652	-0.000785354	0.403584	-0.893046	-0.000458561
81	2.51383e-09	-0.84615	0.615544	0.000612434	-0.575697	-0.789111	-0.00058339
82	2.51383e-09	-0.990416	-0.334586	0.000412326	0.30908	-0.929764	-0.00118101
83	2.51383e-09	0.817927	-0.652687	0.00183253	0.607813	0.763019	0.000567971
84	2.51383e-09	0.928518	0.477219	-0.00020627	-0.45051	0.870066	-0.00107741
85	2.51383e-09	1.01323	0.188678	0.000920213	-0.183116	0.967133	0.00096442
86	2.51383e-09	0.966504	-0.393056	-0.000377793	0.369101	0.908015	-0.00101699
87	2.51383e-09	1.00139	0.243633	-0.00121529	-0.236555	0.959339	0.000252894
88	2.51383e-09	-0.702397	0.759735	0.000125799	-0.722583	-0.666322	-0.00224287
89	2.51383e-09	-1.03684	0.215153	-0.000674244	-0.196115	-0.953045	0.000393917
90	2.51383e-09	0.356947	-0.985749	0.00052544	0.917741	0.330598	0.00139754
91	2.51383e-09	0.982815	-0.311137	0.00263366	0.299806	0.939575	-0.000917269
92	2.51383e-09	-0.448188	0.953468	0.00150761	-0.879709	-0.413959	0.000729998
93	2.51383e-09	0.967345	-0.426135	-0.00247366	0.389265	0.890669	-0.000967315
94	2.51383e-09	-0.24568	1.01227	0.000482451	-0.9544	-0.228712	0.00148566
95	2.51383e-09	-0.428238	0.945776	-0.00124134	-0.893398	-0.408248	-0.000789897
96	2.51383e-09	0.811415	-0.668675	0.00121159	0.616558	0.754531	0.000105056
97	2.51383e-09	-0.998372	0.322232	-0.00348594	-0.295798	-0.932526	0.00161547
98	2.51383e-09	-0.415028	0.98458	0.00100297	-0.889494	-0.374201	0.0021435
99	2.51383e-09	-0.618739	-0.856963	0.000415597	0.790731	-0.57011	0.000918159
100	2.51383e-09	0.666895	0.806246	0.00166995	-0.755621	0.623493	0.000400472
101	2.51383e-09	-1.02742	0.123071	0.000142436	-0.11513	-0.975684	0.00147992
102	2.51383e-09	-0.802559	-0.655982	0.000543477	0.625924	-0.757096	0.00160804
103	2.51383e-09	0.423771	0.965868	0.0008528	-0.892194	0.386752	-0.00142966
104	2.51383e-09	0.924987	-0.508274	0.00123054	0.465352	0.854156	-0.000923109
105	2.51383e-09	0.639176	0.841211	-0.00051064	-0.772073	0.586907	-0.000844728
106	2.51383e-09	0.327429	-0.997596	-0.00171607	0.927111	0.303932	-0.00132793
107	2.51383e-09	0.783807	0.715788	-0.000932779	-0.650971	0.716789	0.00159672
108	2.51383e-09	-0.697294	0.804498	0.000402013	-0.733277	-0.634479	-0.00173473
109	2.51383e-09	0.0290364	-1.06018	-0.00173564	0.96952	0.0297816	-0.000918231
110	2.51383e-09	-0.603854	-0.869394	-0.000944813	0.796265	-0.553283	-0.000408269
111	2.51383e-09	-0.796296	0.714444	-0.000540248	-0.645787	-0.719587	-6.90599e-05
112	2.51383e-09	1.05396	-0.118726	-0.000153162	0.111441	0.963297	-0.000620853
113	2.51383e-09	0.937595	0.490881	0.00163072	-0.45255	0.860535	-0.000115477
114	2.51383e-09	-1.05221	0.0492119	0.000246646	-0.0449549	-0.972713	-0.00159358
115	2.51383e-09	0.845711	0.650388	-0.000925599	-0.592615	0.763906	0.00191625
116	2.51383e-09	0.386097	-0.975598	0.00119173	0.909094	0.360394	-0.000518055
117	2.51383e-09	0.304395	-1.01636	0.000632414	0.931106	0.276619	0.000492833
118	2.51383e-09	0.425925	-0.97457	0.00236161	0.889987	0.38693	0.000483888
119	2.51383e-09	-0.662318	-0.817631	0.00119129	0.755462	-0.613601	0.00168452
120	2.51383e-09	-1.02134	-0.241589	-0.00040456	0.226608	-0.950025	-0.00251034
121	2.51383e-09	0.517877	-0.934992	-0.000649272	0.84468	0.468374	-0.001084
122	2.51383e-09	-1.05971	0.140514	0.00181108	-0.124008	-0.959551	0.00111373
123	2.51383e-09	-0.189245	-1.0287	-0.00184324	0.961302	-0.182679	-0.000826307
124	2.51383e-09	-0.423171	-0.99756	0.00022504	0.879987	-0.379961	0.00241506
125	2.51383e-09	-0.938091	0.481752	-0.000296182	-0.446604	-0.866176	-0.00100403
126	2.51383e-09	1.00223	-0.328559	-0.00124756	0.300583	0.929426	-0.000585841
127	2.51383e-09	-0.549999	0.902586	0.000508707	-0.831509	-0.504464	0.00206078
128	2.51383e-09	0.279427	-1.02527	-0.000639361	0.937588	0.25335	0.0017321
129	2.51383e-09	-1.03495	-0.250886	-0.00162802	0.231254	-0.938717	-0.00164073
130	2.51383e-09	0.288112	1.01415	0.000211608	-0.937773	0.268264	-0.000516583
131	2.51383e-09	-0.129529	1.06516	4.28532e-06	-0.958762	-0.115969	0.00274712
132	2.51383e-09	-0.450493	-0.973102	-0.00081421	0.878928	-0.402112	-0.00128981
133	2.51383e-09	-0.267295	-1.02921	0.0022716	0.938437	-0.242093	-0.00224046
134	2.51383e-09	-0.138021	1.0586	-0.00132874	-0.957472	-0.123047	-0.000761585
135	2.51383e-09	1.02109	-0.30664	0.00223501	0.28198	0.928259	0.000374665
136	2.51383e-09	-0.98932	0.418382	-0.00193506	-0.376337	-0.889207	-0.00170822
137	2.51383e-09	0.72863	-0.77489	0.00216984	0.707443	0.663484	-0.00209906
138	2.51383e-09	-0.695079	0.813429	-0.000548338	-0.734157	-0.628547	-0.00211467
139	2.51383e-09	-1.0359	0.268236	-0.000235536	-0.243155	-0.934845	0.00109521
140	2.51383e-09	0.220859	-1.05762	-0.000260649	0.943245	0.196932	0.000253523
141	2.51383e-09	-0.123678	1.06097	0.00143205	-0.963637	-0.1092	0.00206088
142	2.51383e-09	-0.546372	-0.917343	0.00166691	0.834404	-0.496035	3.14919e-05
143	2.51383e-09	-1.03106	-0.278707	0.000908949	0.253529	-0.933847	-0.0006653
144	2.51383e-09	-1.04008	-0.323977	0.00125523	0.285518	-0.912786	0.00138544
145	2.51383e-09	-0.901479	-0.578546	-0.000700833	0.521346	-0.813109	0.00132291
146	2.51383e-09	-0.282115	-1.0518	3.95312e-05	0.927052	-0.247111	-0.000525304
147	2.51383e-09	0.15378	-1.07906	-0.000965925	0.945085	0.13295	-0.00136562
148	2.51383e-09	0.641823	0.872862	-0.000800405	-0.771616	0.573183	0.000789685
149	2.51383e-09	0.446499	-0.981055	-0.000507695	0.878041	0.389229	-0.000310785
150	2.51383e-09	-1.00444	0.382626	0.00116529	-0.344133	-0.901822	-0.00234676
151	2.51383e-09	0.960618	-0.493412	-0.00116949	0.440308	0.856404	-0.000826366
152	2.51383e-09	-0.746755	-0.760674	0.00126163	0.690456	-0.680532	-0.00170383
153	2.51383e-09	-0.956865	-0.519631	-0.0005752	0.454956	-0.841752	-0.0010503
154	2.51383e-09	-0.211235	1.06432	-0.000597132	-0.943801	-0.182109	-0.00139369
155	2.51383e-09	0.241513	1.04178	-4.22464e-05	-0.944451	0.218347	-0.00131492
156	2.51383e-09	0.621284	-0.877837	0.00212455	0.784741	0.559485	-0.000862815
157	2.51383e-09	-0.127354	-1.06849	0.00111832	0.9565	-0.116625	-0.000951315
158	2.51383e-09	-0.730549	0.808792	0.000460592	-0.70957	-0.644902	-0.00158806
159	2.51383e-09	0.434564	-0.985676	-0.00254161	0.881613	0.386883	0.00156286
160	2.51383e-09	0.948478	-0.506136	-0.00118422	0.453418	0.849606	0.00222421
161	2.51383e-09	0.964226	0.503696	-0.00101044	-0.446682	0.848275	-0.00078605
162	2.51383e-09	-0.578085	-0.932057	0.000871282	0.810209	-0.50304	0.000537224
163	2.51383e-09	-1.01153	0.357672	0.000670375	-0.321172	-0.910999	0.00217879
164	2.51383e-09	-0.6622	0.834145	-0.000708859	-0.758469	-0.600172	0.000117342
165	2.51383e-09	-0.279745	-1.05964	0.000563838	0.922739	-0.240599	-0.00178267
166	2.51383e-09	-1.08733	-0.0169382	-0.000511358	0.0168206	-0.958128	-0.000114274
167	2.51383e-09	0.301905	-1.03693	0.00279521	0.9269	0.264536	-0.00114335
168	2.51383e-09	0.880065	0.636075	0.00147143	-0.565357	0.772538	0.000573716
169	2.51383e-09	0.910334	0.584245	8.90843e-05	-0.514527	0.811849	-0.000728967
170	2.51383e-09	0.662901	-0.867956	-0.000867323	0.762952	0.580113	-0.00280807
171	2.51383e-09	-0.743356	-0.790426	-0.00119323	0.698438	-0.658585	0.00259254
172	2.51383e-09	-0.1418	1.09789	-0.000756992	-0.940891	-0.119926	0.000671212
173	2.51383e-09	-1.03695	0.374479	0.00233198	-0.322339	-0.89467	-0.000843635
174	2.51383e-09	0.687043	0.855056	0.000282571	-0.742618	0.601486	-0.00224771
175	2.51383e-09	-0.784088	-0.753	-6.09448e-05	0.669477	-0.690637	0.00123649
176	2.51383e-09	-0.747471	0.769564	-0.000880912	-0.690891	-0.675372	0.00117662
177	2.51383e-09	1.10536	-0.012848	0.00243267	0.0125068	0.950053	-0.000238949
178	2.51383e-09	0.731258	0.807988	0.00124751	-0.709506	0.642025	-0.000219153
179	2.51383e-09	0.344156	1.0335	-0.000701216	-0.910963	0.301004	-5.35287e-05
180	2.51383e-09	-0.73935	0.797127	-0.00111768	-0.706584	-0.648097	-0.0012848
181	2.51383e-09	-1.07411	-0.24363	0.00111276	0.206141	-0.929671	-0.000121723
182	2.51383e-09	1.0275	-0.349628	-0.00196175	0.307984	0.909943	0.00167289
183	2.51383e-09	-1.00712	0.446477	0.000715253	-0.38602	-0.870863	0.00138822
184	2.51383e-09	0.750439	-0.812841	0.000125598	0.699493	0.644802	-0.000136114
185	2.51383e-09	-0.668311	-0.856254	-7.99634e-05	0.756653	-0.590306	-0.000741582
186	2.51383e-09	0.625491	0.874803	0.000649423	-0.788007	0.558375	0.000378764
187	2.51383e-09	-0.838555	0.687131	0.000497487	-0.608887	-0.742573	0.000721337
188	2.51383e-09	0.839731	-0.705723	-0.00134977	0.614904	0.728957	-0.000293256
189	2.51383e-09	0.997036	-0.461433	0.000744537	0.401093	0.864747	-0.000503006
190	2.51383e-09	0.976359	0.519478	-0.00138224	-0.452084	0.837057	-0.000588556
191	2.51383e-09	1.09271	0.0756434	0.000707673	-0.0651095	0.952272	-0.00181588
192	2.51383e-09	-0.774056	-0.782024	-0.00335588	0.680478	-0.667327	0.00010687
193	2.51383e-09	-0.244846	-1.08019	0.00104639	0.924757	-0.20989	-0.00174086
194	2.51383e-09	-0.12823	1.09726	0.000591837	-0.946777	-0.113356	-0.00106469
195	2.51383e-09	-0.662775	0.869653	-0.00172226	-0.762249	-0.576254	-0.00274755
196	2.51383e-09	1.09468	0.0021846	-0.00058481	-0.00228806	0.957611	0.00112171
197	2.51383e-09	-0.149282	-1.08183	0.000553864	0.949108	-0.134592	-0.000723383
198	2.51383e-09	-0.628568	-0.926388	-0.000847641	0.780774	-0.528729	0.000639452
199	2.51383e-09	-1.094	-0.0979872	-0.00028215	0.0831259	-0.952108	-0.000575038
200	2.51383e-09	1.10719	-0.0892838	0.00227954	0.0779528	0.944004	0.00018022
201	2.51383e-09	-1.01711	-0.418638	0.0014406	0.363304	-0.882169	0.00174757
202	2.51383e-09	0.09651	1.08991	0.000882406	-0.95409	0.0846578	-0.00275437
203	2.51383e-09	1.07468	-0.094027	-0.000337581	0.0845925	0.959187	-0.000304207
204	2.51383e-09	0.0548343	1.10517	0.00164374	-0.948916	0.0496258	0.00151033
205	2.51383e-09	-0.699545	-0.88178	0.000526227	0.738956	-0.583689	-0.000895555
206	2.51383e-09	-0.134743	1.09902	0.00318697	-0.94167	-0.119246	0.000320007
207	2.51383e-09	-0.871382	0.688344	-0.00046337	-0.586293	-0.746489	0.000716078
208	2.51383e-09	-0.106164	-1.09141	0.000297442	0.948709	-0.0928326	-0.000727155
209	2.51383e-09	-1.06752	-0.25956	-0.00101561	0.223699	-0.926939	-0.00149837
210	2.51383e-09	0.855767	-0.711563	-0.00135044	0.603236	0.730758	0.000307522
211	2.51383e-09	0.736016	0.82363	0.000337743	-0.71004	0.631283	0.000994369
212	2.51383e-09	0.825019	-0.763055	0.000856927	0.640546	0.693146	-0.00145422
213	2.51383e-09	0.920245	-0.600701	-0.00170186	0.520109	0.7974	0.000233712
214	2.51383e-09	0.117662	1.10437	0.000890565	-0.941329	0.102032	-0.000867493
215	2.51383e-09	0.296095	1.06482	-0.000652914	-0.92042	0.253778	0.00252581
216	2.51383e-09	-0.663269	0.891283	-0.00223751	-0.758713	-0.571094	-0.00093109
217	2.51383e-09	1.10725	0.0662112	-0.000517617	-0.0582225	0.95015	0.000190469
218	2.51383e-09	0.886548	-0.632442	0.00171113	0.557012	0.779653	-0.000686834
219	2.51383e-09	0.904853	-0.651072	0.00197806	0.552293	0.769242	-0.000557365
220	2.51383e-09	-0.917918	0.62758	0.00284937	-0.535295	-0.783172	-0.000235145
221	2.51383e-09	0.790077	0.766102	0.000556686	-0.666284	0.682094	0.00154943
222	2.51383e-09	0.323724	-1.06493	0.00232119	0.907369	0.277167	0.000151755
223	2.51383e-09	-0.6559	-0.896425	9.90146e-05	0.765994	-0.560735	0.000931281
224	2.51383e-09	0.980576	0.495339	-0.0011381	-0.433625	0.851468	-0.000223113
225	2.51383e-09	1.041	0.378828	-0.000424625	-0.322019	0.897171	-0.0020526
226	2.51383e-09	-0.886441	-0.694732	-0.0001874	0.581342	-0.740143	0.0016291
227	2.51383e-09	-1.07894	0.256904	0.00132072	-0.224531	-0.922482	0.00101951
228	2.51383e-09	-1.03272	-0.412168	0.000378341	0.35094	-0.881858	-0.000669861
229	2.51383e-09	-0.0278544	1.12829	0.00156005	-0.941366	-0.0263082	-0.00214966
230	2.51383e-09	-0.308941	1.09055	-0.00211051	-0.903194	-0.257597	-0.0010562
231	2.51383e-09	0.477589	1.02102	-0.00152676	-0.853443	0.402475	0.00113383
232	2.51383e-09	0.15562	1.10609	0.0003378	-0.933757	0.130468	0.00148073
233	2.51383e-09	0.611029	-0.940565	-0.00177597	0.793353	0.509352	0.000398075
234	2.51383e-09	1.11692	-0.0735126	0.000308731	0.0622617	0.941402	0.000545395
235	2.51383e-09	1.11334	0.132987	-0.00483258	-0.114443	0.936754	0.0014826
236	2.51383e-09	-0.765264	-0.828984	0.000354852	0.694247	-0.638415	-0.00145266
237	2.51383e-09	0.659343	0.90507	0.000318575	-0.76445	0.556158	0.000453373
238	2.51383e-09	0.420616	1.0521	0.00134684	-0.869431	0.349993	-0.00109236
239	2.51383e-09	0.093809	1.10571	0.00244612	-0.945036	0.0793426	-0.000503378
240	2.51383e-09	-0.503643	-1.01641	0.00283455	0.842021	-0.414051	-0.000673336
241	2.51383e-09	-1.07608	0.324931	-0.00100934	-0.277375	-0.899943	0.000737781
242	2.51383e-09	1.12328	-0.230185	0.00260441	0.187352	0.915465	0.00231104
243	2.51383e-09	-1.0275	-0.439708	-0.00192852	0.370481	-0.872822	-0.000929226
244	2.51383e-09	0.0430003	-1.12587	-0.00118258	0.940766	0.0379793	0.000822038
245	2.51383e-09	1.10956	-0.154846	0.00177993	0.131467	0.937465	-0.000563354
246	2.51383e-09	1.08628	0.246271	0.000487325	-0.206419	0.927208	-0.00228757
247	2.51383e-09	0.0627529	-1.11009	0.00146451	0.946389	0.0554545	0.000944248
248	2.51383e-09	-0.359107	-1.05919	-0.00112911	0.896659	-0.302298	0.000816485
249	2.51383e-09	0.787786	-0.800112	0.000617957	0.67236	0.66406	0.000129231
250	2.51383e-09	-0.983679	-0.552598	-0.000540861	0.461173	-0.821386	-0.000142465
251	2.51383e-09	0.834006	0.76452	-0.00171173	-0.637224	0.692783	5.80416e-05
252	2.51383e-09	1.11643	0.169713	-0.00253605	-0.144562	0.929068	0.00106234
253	2.51383e-09	-0.277016	1.09997	0.000730205	-0.910022	-0.231337	-0.000243612
254	2.51383e-09	-0.254336	1.09054	-0.00084729	-0.919902	-0.220245	0.000959421
255	2.51383e-09	-0.695644	-0.887239	0.00326448	0.741286	-0.584499	0.000572838
256	2.51383e-09	0.099727	1.13318	0.000858853	-0.933234	0.0797775	-0.00136279
257	2.51383e-09	0.358635	-1.07837	0.00219277	0.890554	0.294509	-3.21031e-06
258	2.51383e-09	-0.935688	0.6405	-0.00305496	-0.525832	-0.778493	0.000904273
259	2.51383e-09	0.993457	-0.532773	0.00218735	0.446461	0.830361	-0.00147322
260	2.51383e-09	0.955754	-0.618142	-0.00369431	0.510803	0.784779	0.00157404
261	2.51383e-09	0.910532	-0.685942	-0.000468336	0.566486	0.747034	0.000243358
262	2.51383e-09	-0.332528	-1.06532	-0.0031818	0.906158	-0.27722	-0.00263585
263	2.51383e-09	1.13338	-0.00704446	0.00140611	0.00639647	0.940191	-0.00128206
264	2.51383e-09	-1.12837	-0.0991094	0.000645896	0.0830629	-0.934364	0.000125562
265	2.51383e-09	0.989578	-0.56767	-1.61349e-05	0.469926	0.811917	-0.000587353
266	2.51383e-09	0.152563	-1.1257	-0.00198654	0.929473	0.127291	-0.000741117
267	2.51383e-09	-0.0173791	-1.12848	0.0029021	0.941016	-0.0188298	0.00224319
268	2.51383e-09	-0.992876	0.532995	0.00107604	-0.448215	-0.828208	-0.000128558
269	2.51383e-09	0.239111	1.11132	0.00148035	-0.917761	0.199327	-0.000504682
270	2.51383e-09	0.175346	1.12128	-0.00124821	-0.926976	0.145117	-0.000353791
271	2.51383e-09	-0.832478	0.784889	0.000756725	-0.642555	-0.680793	-0.00162948
272	2.51383e-09	1.11081	-0.26806	0.00235697	0.216461	0.910501	-0.00235196
273	2.51383e-09	0.0861415	1.13728	-0.000810427	-0.934648	0.0675256	-7.56822e-05
274	2.51383e-09	-0.64901	-0.920691	0.000181282	0.768758	-0.54429	-0.00114806
275	2.51383e-09	-1.14377	-0.0279705	0.000413195	0.0250703	-0.931598	-0.0017969
276	2.51383e-09	-0.788997	-0.805944	-0.00103723	0.674481	-0.656548	0.000515668
277	2.51383e-09	0.0595835	1.14735	6.13644e-05	-0.929838	0.0507003	0.000734794
278	2.51383e-09	1.12885	0.23139	-0.000171324	-0.185041	0.91123	-0.00131812
279	2.51383e-09	-0.794264	-0.821133	0.000286861	0.67649	-0.6463	0.00060585
280	2.51383e-09	1.14536	0.142561	-0.00208419	-0.121846	0.922841	-0.000233
281	2.51383e-09	-0.138939	1.12733	-0.000754056	-0.931953	-0.119747	0.000690046
282	2.51383e-09	0.939203	0.651062	0.00270775	-0.535144	0.766823	0.0017208
283	2.51383e-09	-1.04063	-0.45586	-0.00133751	0.376715	-0.860135	-0.00100643
284	2.51383e-09	0.415123	-1.07992	0.0016147	0.868117	0.332119	0.000447445
285	2.51383e-09	-0.552804	-1.02456	0.000745499	0.812204	-0.441193	-0.00048636
286	2.51383e-09	-0.305646	-1.0893	0.00298342	0.904827	-0.25571	0.000571895
287	2.51383e-09	-0.73085	0.885417	-0.000407853	-0.719064	-0.591645	0.00121314
288	2.51383e-09	-0.565445	-1.00785	-0.000266507	0.81189	-0.453215	0.00168725
289	2.51383e-09	-0.963277	0.634144	-0.00155579	-0.511415	-0.779395	0.00244651
290	2.51383e-09	0.672419	0.923968	-0.000378162	-0.756044	0.550537	-0.000537163
291	2.51383e-09	0.436342	1.06478	0.00116512	-0.861562	0.35241	-1.78055e-05
292	2.51383e-09	-0.262762	-1.12658	-0.00149215	0.906941	-0.205102	-0.000924973
293	2.51383e-09	-1.13979	0.140537	-0.0016028	-0.115442	-0.924834	0.00134471
294	2.51383e-09	0.000230792	1.15847	-0.000266528	-0.929208	-0.000310206	0.00223014
295	2.51383e-09	1.14288	-0.0745945	-0.00201787	0.0638248	0.931793	0.00255373
296	2.51383e-09	-0.17923	-1.14278	-3.1877e-05	0.916676	-0.147289	0.00079795
297	2.51383e-09	0.146711	1.13226	-0.00254374	-0.928604	0.122311	-0.000126834
298	2.51383e-09	1.04768	0.485633	-0.000152957	-0.388911	0.84447	-3.49744e-05
299	2.51383e-09	-0.827499	0.793628	-0.000539563	-0.649019	-0.675622	0.000132813
300	2.51383e-09	-1.15103	-0.146776	0.000209909	0.119519	-0.923005	-0.00124102
301	2.51383e-09	1.03621	0.521475	-0.00319023	-0.411085	0.831036	0.000600832
302	2.51383e-09	1.15445	0.0700967	-0.00214713	-0.0538831	0.9301	-0.000194857
303	2.51383e-09	0.773158	-0.852805	-0.000796003	0.694342	0.624483	-0.000449611
304	2.51383e-09	0.968772	-0.636346	-0.000486217	0.511869	0.776633	-0.00179565
305	2.51383e-09	-0.0573399	1.14139	0.00222217	-0.935502	-0.0452995	0.000921585
306	2.51383e-09	1.11289	-0.331774	-0.00023525	0.26546	0.887691	0.00175033
307	2.51383e-09	-1.06515	-0.440863	0.000251423	0.357156	-0.863617	0.00149624
308	2.51383e-09	0.870331	-0.773949	-0.00016794	0.617462	0.68982	0.0017629
309	2.51383e-09	0.939082	0.665682	0.00111747	-0.539806	0.758154	0.000743898
310	2.51383e-09	-0.163443	1.12758	-0.00106575	-0.930395	-0.13255	-3.91772e-05
311	2.51383e-09	1.15144	0.0646078	-0.00048977	-0.0538429	0.930703	-0.00150803
312	2.51383e-09	-0.145462	-1.14836	0.0028748	0.923582	-0.114746	-2.06747e-05
313	2.51383e-09	-0.419435	1.0756	-0.000272937	-0.866079	-0.338717	-0.00202261
314	2.51383e-09	0.848588	-0.782107	-0.00208611	0.63107	0.684997	0.000797706
315	2.51383e-09	-1.16054	0.142225	0.00416333	-0.114775	-0.916688	-0.000625152
316	2.51383e-09	-0.203816	-1.1443	0.000875143	0.91474	-0.162124	0.00156891
317	2.51383e-09	0.0435284	-1.15787	-0.00187265	0.92692	0.0345571	-0.00033994
318	2.51383e-09	-0.70089	0.929932	0.00016133	-0.738286	-0.559988	-0.000461598
319	2.51383e-09	-1.16871	-0.0478889	-0.00194149	0.0372328	-0.92335	0.0010291
320	2.51383e-09	1.0616	0.513918	-0.00117622	-0.404567	0.82684	-0.000110054
321	2.51383e-09	0.297094	-1.12693	8.15181e-05	0.894745	0.238773	9.46994e-05
322	2.51383e-09	0.19293	-1.14884	-0.000711694	0.915042	0.148154	0.000706594
323	2.51383e-09	-0.410831	-1.10484	-0.00246849	0.861155	-0.322082	0.00154432
324	2.51383e-09	0.299162	-1.13991	-0.000256841	0.890078	0.233275	0.00300768
325	2.51383e-09	0.994843	0.612476	0.00173862	-0.484824	0.788843	0.000253236
326	2.51383e-09	0.994814	-0.627227	0.000955544	0.490467	0.778138	0.00156149
327	2.51383e-09	-0.574231	1.02742	-0.00221813	-0.805632	-0.4475	-0.000148247
328	2.51383e-09	0.0556548	1.15527	-0.000821147	-0.928466	0.0478104	-0.00089639
329	2.51383e-09	1.13559	-0.347655	0.000694847	0.263661	0.878001	-0.00234014
330	2.51383e-09	0.269117	1.13545	-0.00192944	-0.899486	0.215738	0.000119886
331	2.51383e-09	1.1339	-0.260457	-0.000956259	0.214581	0.901755	0.00135801
332	2.51383e-09	-0.981729	0.616446	0.00142659	-0.495186	-0.785303	0.000335154
333	2.51383e-09	-0.10969	1.17613	0.000814175	-0.915358	-0.0877171	-0.000497123
334	2.51383e-09	-1.0964	-0.421848	0.000702907	0.330256	-0.860864	-0.00030809
335	2.51383e-09	-1.11286	-0.394351	0.000557695	0.305282	-0.866761	0.00110849
336	2.51383e-09	-0.616897	-1.001	0.000392392	0.78413	-0.484026	0.000191915
337	2.51383e-09	0.598181	-1.01132	0.00114604	0.795493	0.467942	-0.00126722
338	2.51383e-09	0.838776	0.810853	-0.00138783	-0.64606	0.663815	0.00102671
339	2.51383e-09	1.18811	-0.0588274	-0.00242526	0.0435482	0.916609	-0.00127999
340	2.51383e-09	1.1563	-0.24794	-0.00103678	0.193788	0.898898	0.00123121
341	2.51383e-09	-0.44443	1.08149	-0.00109802	-0.856296	-0.356214	-0.000389774
342	2.51383e-09	-1.0768	-0.451123	0.000951349	0.35727	-0.854013	0.00116973
343	2.51383e-09	1.02742	0.560774	-0.001078	-0.442322	0.810071	0.00152623
344	2.51383e-09	0.428592	-1.0973	-0.000358247	0.856544	0.335758	0.000559272
345	2.51383e-09	0.194766	-1.15297	-0.00179733	0.910372	0.155595	-0.000322407
346	2.51383e-09	-0.140314	-1.15166	-0.0010861	0.920552	-0.110839	0.00054607
347	2.51383e-09	1.16022	0.152573	0.000610865	-0.124957	0.916473	0.000967764
348	2.51383e-09	-0.285596	1.15343	0.000313582	-0.888664	-0.219899	-0.000898812
349	2.51383e-09	-0.60847	1.0131	0.00161254	-0.790052	-0.467577	0.00103365
350	2.51383e-09	-1.12981	0.317941	-0.00179203	-0.247611	-0.886482	-0.00122147
351	2.51383e-09	-0.832524	-0.850392	0.00125111	0.65377	-0.639125	-0.00103222
352	2.51383e-09	0.179908	1.17373	0.0015487	-0.90722	0.14077	0.00232585
353	2.51383e-09	-1.15516	-0.248176	-0.000811207	0.193795	-0.900696	-0.000239139
354	2.51383e-09	0.936529	0.734903	0.0014938	-0.565463	0.723168	0.000705158
355	2.51383e-09	1.09843	-0.425166	0.00116249	0.332078	0.857217	-0.00133243
356	2.51383e-09	-1.17713	-0.169307	-0.000506049	0.130295	-0.907928	-0.000233157
357	2.51383e-09	-1.12438	0.376601	0.00237252	-0.289291	-0.871275	-0.000808774
358	2.51383e-09	-0.894783	-0.775805	0.000897753	0.60427	-0.696486	0.000267473
359	2.51383e-09	-0.727581	-0.942985	0.0001385	0.727991	-0.558576	-0.00165018
360	2.51383e-09	0.769429	0.866159	0.000710053	-0.695731	0.616214	-0.000334614
361	2.51383e-09	0.919656	-0.75316	0.000364128	0.582649	0.708521	7.42468e-06
362	2.51383e-09	-1.02259	-0.58436	0.00191957	0.453157	-0.802132	0.000439619
363	2.51383e-09	-1.1799	-0.00540289	-0.000301415	0.00617516	-0.920637	0.00250199
364	2.51383e-09	-0.789104	-0.861846	-0.00297101	0.683037	-0.62637	0.000658426
365	2.51383e-09	-1.12475	-0.376389	-0.0011118	0.288395	-0.872111	0.00133855
366	2.51383e-09	0.479232	1.08782	-0.00120278	-0.838658	0.369255	0.00192735
367	2.51383e-09	1.10251	0.447914	-0.000126334	-0.343393	0.850799	7.03943e-05
368	2.51383e-09	-0.915025	0.756778	-0.00208865	-0.586234	-0.706366	-0.000746222
369	2.51383e-09	0.038203	-1.19643	-0.00085661	0.912858	0.0264039	-0.00183574
370	2.51383e-09	1.11655	-0.405768	0.000731611	0.316016	0.861209	-0.000767137
371	2.51383e-09	-1.1119	-0.428848	0.00156953	0.328951	-0.855814	0.000964741
372	2.51383e-09	-0.333332	1.13524	-0.00115463	-0.88215	-0.259742	-0.000880662
373	2.51383e-09	-0.0876143	1.18593	0.000457952	-0.915546	-0.0671879	0.000656257
374	2.51383e-09	-1.19682	0.157146	0.00041295	-0.11934	-0.900665	-0.00102797
375	2.51383e-09	0.575698	1.04931	0.000406688	-0.799775	0.441085	-0.00036026
376	2.51383e-09	-0.933961	-0.725307	-0.00211304	0.566652	-0.726206	0.000628604
377	2.51383e-09	-1.1246	0.403284	0.00127661	-0.311617	-0.859984	0.00193648
378	2.51383e-09	0.330763	1.15637	-0.000676059	-0.876516	0.249911	0.00143172
379	2.51383e-09	-1.17844	0.1474	-0.000474761	-0.107389	-0.909282	0.000772687
380	2.51383e-09	-0.890384	-0.777484	0.000543731	0.606157	-0.692793	0.00233374
381	2.51383e-09	-0.574441	1.04177	0.00103788	-0.802642	-0.441691	-0.000698264
382	2.51383e-09	0.544079	-1.05076	-4.56205e-06	0.816327	0.425231	0.00111636
383	2.51383e-09	-0.501463	-1.07137	0.00248319	0.831098	-0.391157	0.000659845
384	2.51383e-09	-0.668337	0.998005	-0.00292232	-0.761176	-0.506061	0.000992076
385	2.51383e-09	-1.04837	-0.551954	-0.000364219	0.42673	-0.814205	6.42363e-05
386	2.51383e-09	-0.599675	-1.05606	0.00107976	0.787396	-0.445598	0.000448907
387	2.51383e-09	0.672545	-0.990017	0.000793376	0.756319	0.515315	0.0008297
388	2.51383e-09	0.0412497	-1.20595	-0.00128957	0.90649	0.0301799	-0.000852256
389	2.51383e-09	1.0016	0.669254	0.000665405	-0.503577	0.757603	0.000654858
390	2.51383e-09	-0.14763	1.18185	-0.000506115	-0.907992	-0.114737	1.08018e-05
391	2.51383e-09	0.862378	0.848646	2.29234e-06	-0.638329	0.64606	0.00127382
392	2.51383e-09	0.626987	1.02715	-0.00203019	-0.778136	0.475537	-0.000715765
393	2.51383e-09	1.19104	-0.213301	-0.000282832	0.16367	0.893685	-0.0017751
394	2.51383e-09	-1.19664	0.0915424	0.00169001	-0.0662493	-0.909015	0.000408482
395	2.51383e-09	-0.285463	1.17581	-0.0018966	-0.881228	-0.215325	0.000171529
396	2.51383e-09	0.360088	1.14222	-0.00173347	-0.874333	0.271416	-0.00092001
397	2.51383e-09	-0.999846	0.676975	-0.00174824	-0.510567	-0.751736	-0.000539142
398	2.51383e-09	-0.797111	0.913125	0.00202692	-0.680757	-0.600009	-0.00064976
399	2.51383e-09	-1.08192	-0.524726	-0.00239316	0.396449	-0.82047	-0.00143632
400	2.51383e-09	-0.538766	-1.06624	-0.00117953	0.817784	-0.413438	-0.00117657
