5.324000e+03
401
0	1	0.000246033	0.000152659	-2.24466e-07	-1.40871e-08	1.32131e-08	-6.76276e-11
1	2.51383e-09	0.0995135	-0.993639	-0.000612385	0.996622	0.0972005	-0.000496969
2	2.51383e-09	0.998004	-0.155208	-0.00106999	0.152447	0.983021	0.00123684
3	2.51383e-09	-0.187376	-0.973698	0.000787998	0.987742	-0.188812	-0.000261602
4	2.51383e-09	0.550146	0.839172	0.000572819	-0.83483	0.546556	0.00105873
5	2.51383e-09	0.522004	0.856708	0.00022948	-0.852429	0.519481	0.00141202
6	2.51383e-09	-0.286005	-0.97008	-0.001486	0.953155	-0.282096	0.000144666
7	2.51383e-09	0.93482	0.370097	0.000515462	-0.369475	0.925919	0.00126465
8	2.51383e-09	-0.536491	-0.839698	0.000654428	0.846368	-0.539233	0.00100613
9	2.51383e-09	-0.346107	0.940361	-0.00131059	-0.938609	-0.342005	0.000380446
10	2.51383e-09	-0.872806	-0.479065	0.000292001	0.483775	-0.880554	-0.000574085
11	2.51383e-09	0.830442	-0.556229	0.000428107	0.554698	0.83274	0.000333507
12	2.51383e-09	-0.510727	0.870534	3.60397e-05	-0.859813	-0.504548	-0.000212775
13	2.51383e-09	-0.372436	-0.935729	-0.000830599	0.9249	-0.369961	0.00181466
14	2.51383e-09	-0.991398	0.194801	-0.0018783	-0.187671	-0.976551	-0.00166017
15	2.51383e-09	0.404801	-0.907822	-0.00126173	0.920403	0.407407	-0.000605343
16	2.51383e-09	-0.0941288	-0.998335	0.00158638	0.99245	-0.0924816	-0.00092958
17	2.51383e-09	0.999972	-0.158124	0.00133181	0.155476	0.979674	-0.00119766
18	2.51383e-09	-0.876636	-0.513301	-0.00047928	0.499767	-0.858734	0.000202821
19	2.51383e-09	0.848015	-0.553716	0.00176107	0.53748	0.836554	0.00157277
20	2.51383e-09	0.493108	0.898414	0.00286692	-0.866148	0.476432	-0.00164276
21	2.51383e-09	0.320233	0.951225	-0.000624486	-0.946477	0.323239	-0.00334477
22	2.51383e-09	-0.783107	0.640609	0.00180593	-0.627287	-0.770358	-0.00191639
23	2.51383e-09	-0.99502	0.223944	-0.000179991	-0.210733	-0.966524	-0.0030358
24	2.51383e-09	-0.910025	0.458231	-0.00127959	-0.449419	-0.879492	0.000405429
25	2.51383e-09	-0.396614	-0.941274	-0.00152044	0.910546	-0.385154	-0.000256131
26	2.51383e-09	0.548484	-0.856029	0.00245828	0.834625	0.537678	-0.00119394
27	2.51383e-09	-0.441469	-0.907137	1.7853e-05	0.892526	-0.437684	-0.00269271
28	2.51383e-09	-0.393277	0.931815	-0.000812258	-0.914227	-0.393103	4.86842e-06
29	2.51383e-09	-0.969219	0.284324	-0.000409061	-0.279061	-0.956006	0.00106576
30	2.51383e-09	0.0843061	1.00549	-0.000428254	-0.992607	0.0820821	0.000266082
31	2.51383e-09	-0.185008	-0.990928	0.00141062	0.980278	-0.180943	0.0022438
32	2.51383e-09	-0.747606	-0.675933	0.000720004	0.6672	-0.73864	-0.00143452
33	2.51383e-09	0.425982	-0.932087	2.82267e-05	0.901947	0.406189	-0.000691959
34	2.51383e-09	0.135503	1.02552	0.00119173	-0.972804	0.128027	0.00144464
35	2.51383e-09	-0.148962	-1.00985	0.00259044	0.979245	-0.144284	0.000530542
36	2.51383e-09	0.808111	0.619855	-0.00177883	-0.60175	0.787669	-0.00114853
37	2.51383e-09	-0.812683	-0.621117	-0.0041978	0.599655	-0.784148	-4.6196e-05
38	2.51383e-09	-0.28914	0.960857	0.00244416	-0.956167	-0.289973	0.000787852
39	2.51383e-09	0.885319	0.498419	-0.00225409	-0.489413	0.862846	0.00100395
40	2.51383e-09	0.951565	0.366859	-0.00340737	-0.35516	0.92196	0.000312326
41	2.51383e-09	-0.978036	0.255269	-0.00178554	-0.253908	-0.962541	0.00162447
42	2.51383e-09	-0.103836	1.02083	0.000223112	-0.981822	-0.10403	-0.00090029
43	2.51383e-09	-0.399986	-0.931159	0.00160185	0.909965	-0.396308	-0.00241057
44	2.51383e-09	0.509229	0.902111	-0.0010393	-0.852331	0.487362	0.00126577
45	2.51383e-09	-1.02742	-0.118331	0.00102357	0.114252	-0.975925	-0.00155597
46	2.51383e-09	0.344926	-0.95683	-1.02264e-05	0.933986	0.337482	-0.00102067
47	2.51383e-09	-0.773858	-0.666023	0.000848131	0.646209	-0.748531	-0.00139154
48	2.51383e-09	0.00329963	-1.02136	-3.5213e-05	0.991463	0.00726825	-0.000487826
49	2.51383e-09	1.00129	0.166714	-0.000613841	-0.164785	0.978117	0.000135541
50	2.51383e-09	1.00788	-0.190112	-0.000826425	0.180709	0.972623	0.00214454
51	2.51383e-09	1.00544	-0.126963	7.43313e-05	0.128009	0.987035	-0.00110206
52	2.51383e-09	-0.919518	0.465261	0.000773423	-0.444179	-0.877105	0.000466197
53	2.51383e-09	-0.906593	-0.468059	-0.00174417	0.45233	-0.881559	0.000476483
54	2.51383e-09	-0.43962	0.920863	0.00143542	-0.891686	-0.430533	0.000863742
55	2.51383e-09	0.843052	-0.599484	-0.000340075	0.566799	0.80194	0.00110908
56	2.51383e-09	-0.445815	-0.927162	-0.00125455	0.88844	-0.427482	0.00261831
57	2.51383e-09	0.768707	-0.711918	0.000423366	0.659705	0.71856	0.00295881
58	2.51383e-09	0.985728	-0.334912	0.00172274	0.31677	0.927661	0.00021458
59	2.51383e-09	0.348725	-0.974296	0.00293645	0.921245	0.333119	-0.00045503
60	2.51383e-09	-0.860711	-0.542993	-5.48821e-05	0.529444	-0.838219	-0.000565683
61	2.51383e-09	-0.82298	0.635861	-0.00284255	-0.598997	-0.774554	-0.00190353
62	2.51383e-09	0.853714	0.585045	0.00049477	-0.555957	0.809282	-0.000862113
63	2.51383e-09	-0.860924	0.554394	-0.000172789	-0.531484	-0.83526	0.000851468
64	2.51383e-09	0.81917	-0.630605	0.000314169	0.60118	0.775086	-0.00172746
65	2.51383e-09	-0.74974	-0.710183	0.0013956	0.677477	-0.712646	0.00200232
66	2.51383e-09	0.970326	-0.30882	-0.00107317	0.298669	0.949523	-0.00289578
67	2.51383e-09	0.815906	-0.652483	0.000214128	0.606505	0.766365	-0.000588561
68	2.51383e-09	-0.755614	0.696418	0.00190936	-0.670737	-0.724097	-0.000438671
69	2.51383e-09	-1.03989	-0.0422651	0.00260729	0.0425232	-0.977464	0.00212186
70	2.51383e-09	0.833586	0.611384	0.00215528	-0.579216	0.794773	0.00144912
71	2.51383e-09	-0.427954	0.94558	0.00134793	-0.890948	-0.407799	0.00099899
72	2.51383e-09	-0.699639	0.782097	0.00204083	-0.729387	-0.649603	0.000725257
73	2.51383e-09	1.01679	0.210784	-0.00185353	-0.201762	0.959821	0.000638805
74	2.51383e-09	-1.05062	0.0817198	0.000881852	-0.0759131	-0.969688	-0.000292855
75	2.51383e-09	-0.757377	-0.715761	-0.000401276	0.671543	-0.713137	0.000353474
76	2.51383e-09	-1.04378	-0.103001	-0.00211466	0.10081	-0.97172	-0.00172192
77	2.51383e-09	1.03543	-0.218698	0.000872792	0.203986	0.951233	-0.000887355
78	2.51383e-09	0.89858	0.521776	0.00118653	-0.488278	0.853536	-0.00107062
79	2.51383e-09	-1.02785	0.134139	0.00220468	-0.131576	-0.971825	-0.00178903
80	2.51383e-09	0.109782	-1.04205	-8.35445e-05	0.972629	0.102046	0.00168262
81	2.51383e-09	0.957812	0.404666	0.00314013	-0.381272	0.903394	-0.0013097
82	2.51383e-09	-0.137527	-1.04336	-0.000132428	0.964152	-0.1329	-0.000713718
83	2.51383e-09	-0.486882	0.919003	-0.00142217	-0.866399	-0.462294	0.00165537
84	2.51383e-09	-0.290083	-1.00734	-0.000342041	0.937616	-0.274825	-2.12337e-05
85	2.51383e-09	1.01844	0.158013	-0.000533068	-0.154742	0.971509	-0.00165405
86	2.51383e-09	-0.672003	0.798417	0.00216615	-0.747662	-0.631596	-0.000794151
87	2.51383e-09	-0.289959	-1.00366	0.000123681	0.939218	-0.268184	-0.000802311
88	2.51383e-09	-0.982938	0.327966	-0.00190182	-0.311795	-0.930398	-0.00178943
89	2.51383e-09	0.869849	0.592769	0.000137982	-0.544774	0.808356	-0.000558154
90	2.51383e-09	-0.46045	-0.935722	-0.00170763	0.880631	-0.432491	0.00345454
91	2.51383e-09	-0.630987	0.823461	-0.00189804	-0.77623	-0.598581	0.00226646
92	2.51383e-09	0.0447962	-1.05191	0.000747501	0.972486	0.0383316	0.000989336
93	2.51383e-09	0.794192	0.682731	0.000363437	-0.639632	0.740584	0.00133596
94	2.51383e-09	-0.106507	1.03556	0.00214298	-0.977618	-0.0970564	2.37245e-05
95	2.51383e-09	-0.829428	0.614495	0.00100789	-0.585302	-0.793815	0.00235902
96	2.51383e-09	-0.302914	-1.00992	0.00029766	0.931354	-0.280675	-0.00125262
97	2.51383e-09	-0.220589	-1.02482	0.00277929	0.956455	-0.207928	-0.00111975
98	2.51383e-09	-1.06255	-0.0234278	-0.00108088	0.0256974	-0.968621	-0.0023467
99	2.51383e-09	-1.0416	-0.221465	9.51522e-05	0.205194	-0.948725	0.00145985
100	2.51383e-09	-0.48778	0.930057	-0.00226026	-0.868078	-0.451126	0.00221147
101	2.51383e-09	-0.280068	-1.0015	-0.000999484	0.944793	-0.259848	-0.000547343
102	2.51383e-09	0.760471	-0.687475	0.000329092	0.665424	0.729838	-0.00122898
103	2.51383e-09	0.757522	0.724284	-0.00379212	-0.675728	0.705279	-0.000628943
104	2.51383e-09	0.901616	0.543599	0.000176749	-0.506728	0.831539	0.000688463
105	2.51383e-09	1.01549	-0.243653	-0.00191135	0.229014	0.951213	0.000501187
106	2.51383e-09	-0.422481	0.95766	0.000293873	-0.893147	-0.39726	0.000139203
107	2.51383e-09	-0.969972	-0.413977	-0.000990807	0.383631	-0.895625	-0.00132467
108	2.51383e-09	1.04815	-0.157678	0.00185569	0.143362	0.961953	-0.000960639
109	2.51383e-09	-0.843148	-0.647361	-0.0022694	0.586882	-0.770768	0.000615947
110	2.51383e-09	0.840632	0.634865	0.0011526	-0.591638	0.776673	0.00113629
111	2.51383e-09	0.465714	0.960471	-0.00141205	-0.871956	0.41757	0.000486073
112	2.51383e-09	0.936141	-0.503186	-0.000333341	0.463014	0.851539	-0.000571243
113	2.51383e-09	0.859386	0.61056	-0.000656513	-0.563711	0.794535	-0.00224306
114	2.51383e-09	1.03682	0.133891	0.000930461	-0.127056	0.972223	-0.00198713
115	2.51383e-09	0.805274	-0.717176	-0.00180555	0.639144	0.717687	5.45473e-05
116	2.51383e-09	-0.550154	-0.898981	-0.000945163	0.830764	-0.508192	-0.000663777
117	2.51383e-09	0.862535	-0.627389	-0.00257014	0.571372	0.780661	-0.000603507
118	2.51383e-09	0.29258	-1.02005	0.000523077	0.933199	0.265125	-0.000761098
119	2.51383e-09	0.851598	-0.617464	-0.00199963	0.570046	0.789018	-0.00132332
120	2.51383e-09	-0.778903	-0.696299	0.000333126	0.652175	-0.730335	0.0023138
121	2.51383e-09	1.00818	0.331676	-0.000236063	-0.302853	0.923655	-0.000211988
122	2.51383e-09	1.03987	0.236526	0.000578602	-0.210519	0.945929	0.00114229
123	2.51383e-09	-0.972337	-0.361392	-0.00212175	0.341591	-0.923575	0.000384365
124	2.51383e-09	-1.04163	-0.263104	0.00233439	0.230455	-0.936591	0.00180998
125	2.51383e-09	-0.571598	-0.892253	0.00159475	0.816236	-0.52291	0.00225103
126	2.51383e-09	-0.93271	0.515093	-0.000368921	-0.47387	-0.84314	-0.000249079
127	2.51383e-09	1.05493	-0.017138	-0.00103803	0.0165638	0.975086	0.00295964
128	2.51383e-09	-0.878019	0.606479	-0.00271521	-0.549066	-0.798282	0.000101654
129	2.51383e-09	0.336139	1.00435	7.54043e-05	-0.918981	0.31652	-0.00110368
130	2.51383e-09	0.74765	-0.755895	-0.000948376	0.687142	0.684231	-0.00159151
131	2.51383e-09	-0.938769	0.523079	-2.93753e-07	-0.475954	-0.841449	-0.00150882
132	2.51383e-09	0.0139553	-1.07163	-0.000590833	0.967041	0.0101457	0.0021659
133	2.51383e-09	0.0799397	-1.0698	-0.00290708	0.961076	0.0691389	-0.00138663
134	2.51383e-09	0.0589504	1.05889	0.000249604	-0.969185	0.0572373	0.00241325
135	2.51383e-09	-0.906988	-0.558636	0.000348594	0.508493	-0.821948	-0.000135484
136	2.51383e-09	0.292816	-1.04106	0.00085934	0.925981	0.256699	0.000425548
137	2.51383e-09	0.41506	0.982672	-0.00202432	-0.889154	0.376969	0.0021222
138	2.51383e-09	-0.7739	-0.732079	-0.000630345	0.666764	-0.703531	0.00198091
139	2.51383e-09	0.0358783	-1.07241	-0.000446779	0.962838	0.0336897	-0.00308582
140	2.51383e-09	-0.545392	0.938224	0.000998311	-0.830161	-0.482294	0.0022848
141	2.51383e-09	0.184851	-1.05216	-0.0017694	0.953037	0.171118	0.00130711
142	2.51383e-09	0.60039	0.900119	0.000170403	-0.795934	0.53398	0.00226398
143	2.51383e-09	-0.305955	1.02426	-0.00167705	-0.926349	-0.277762	0.000947764
144	2.51383e-09	-0.615873	-0.900056	0.000893646	0.790405	-0.537893	-0.00158705
145	2.51383e-09	-0.26267	1.02792	0.000973256	-0.940062	-0.240254	0.00016587
146	2.51383e-09	-0.965489	0.537949	-0.000630111	-0.459518	-0.830477	0.000807432
147	2.51383e-09	-0.815438	-0.715612	-0.00240072	0.631605	-0.721183	0.000913385
148	2.51383e-09	0.326781	-1.03132	0.000478629	0.918224	0.293051	0.000471636
149	2.51383e-09	-0.955575	-0.438064	-0.00164355	0.409571	-0.891072	0.000102427
150	2.51383e-09	0.00619045	-1.07526	0.000630329	0.96568	0.00235328	0.00237179
151	2.51383e-09	-0.561219	-0.914998	0.000682926	0.823248	-0.505736	-0.00118383
152	2.51383e-09	-0.182527	-1.05118	0.00032736	0.957913	-0.168847	0.000117337
153	2.51383e-09	0.863714	0.664854	0.00251331	-0.586977	0.757857	-0.000948601
154	2.51383e-09	-0.180923	1.08159	-0.0018521	-0.942551	-0.155306	-0.000629753
155	2.51383e-09	-0.649541	-0.854942	-0.00373637	0.766471	-0.58709	-0.000762336
156	2.51383e-09	-0.140842	-1.07546	0.00143893	0.955428	-0.122009	-0.00187797
157	2.51383e-09	-0.0145228	-1.06595	-0.000295898	0.969026	-0.0140732	0.000139138
158	2.51383e-09	0.903505	0.618115	0.00103636	-0.538229	0.788282	-0.00396153
159	2.51383e-09	1.00179	-0.381489	0.0031066	0.340361	0.905268	0.000895836
160	2.51383e-09	0.320488	-1.02835	0.00041387	0.920174	0.284522	0.00163046
161	2.51383e-09	0.624536	-0.89439	0.00138383	0.784949	0.547731	0.00210038
162	2.51383e-09	1.07698	-0.163421	-0.00265886	0.146051	0.946061	0.000135056
163	2.51383e-09	0.965636	0.49023	-0.00162959	-0.437752	0.854318	0.00103015
164	2.51383e-09	-0.0226011	1.0702	-0.00237376	-0.965397	-0.016958	0.00104473
165	2.51383e-09	0.615239	-0.914141	-2.79627e-05	0.78828	0.53503	-0.00238008
166	2.51383e-09	-0.603646	0.902455	-6.53909e-05	-0.797527	-0.536728	-0.000238535
167	2.51383e-09	1.07658	-0.0676416	-0.0042733	0.0617284	0.957159	0.000189319
168	2.51383e-09	1.05569	0.26762	0.00141249	-0.23425	0.92549	-0.00113016
169	2.51383e-09	0.861747	-0.642878	-0.00141666	0.575024	0.775525	0.00117075
170	2.51383e-09	-1.08259	-0.176169	-0.00236626	0.155559	-0.93991	-0.00405299
171	2.51383e-09	-0.159367	-1.07709	0.00191487	0.946779	-0.142173	-0.00208459
172	2.51383e-09	-0.315585	1.06056	0.000966434	-0.910904	-0.274404	0.00229189
173	2.51383e-09	0.982654	-0.491293	0.00120627	0.427614	0.853068	0.000450303
174	2.51383e-09	-1.09387	0.102666	-0.000699411	-0.0897847	-0.94825	9.36819e-05
175	2.51383e-09	-0.969654	-0.494385	0.000370885	0.442175	-0.851883	-0.00195284
176	2.51383e-09	0.482654	0.964529	-0.00132199	-0.860628	0.429945	0.00160318
177	2.51383e-09	0.957309	-0.549746	0.00094335	0.471834	0.825701	-0.00175894
178	2.51383e-09	0.621918	-0.879956	0.000861408	0.788151	0.554657	0.000812678
179	2.51383e-09	0.886351	0.64453	-0.000721684	-0.564768	0.769938	0.000389339
180	2.51383e-09	-0.144875	1.06707	-0.00186822	-0.957448	-0.122671	-0.000243347
181	2.51383e-09	-0.607981	0.902762	7.1211e-05	-0.796521	-0.53677	-0.000351615
182	2.51383e-09	-0.808827	-0.736212	-0.00252621	0.641913	-0.706773	-0.00134983
183	2.51383e-09	-1.04215	-0.36917	-0.00126158	0.318377	-0.896244	0.000295759
184	2.51383e-09	-0.885908	0.662044	-0.00104354	-0.567263	-0.76254	0.0013757
185	2.51383e-09	-0.990543	-0.448029	0.000216213	0.393538	-0.87408	-1.58448e-05
186	2.51383e-09	0.56581	-0.936676	-0.0013348	0.814515	0.491627	0.000563894
187	2.51383e-09	-0.816637	-0.702494	0.00228963	0.6258	-0.731759	0.0011686
188	2.51383e-09	-1.10023	-0.104751	0.000419183	0.0871127	-0.947122	-0.00190807
189	2.51383e-09	-0.229697	1.0739	0.000625055	-0.935086	-0.198838	-0.0014102
190	2.51383e-09	-1.06561	0.276914	0.00128556	-0.245993	-0.921166	-0.00101918
191	2.51383e-09	-0.364385	-1.03286	0.00118113	0.899409	-0.31819	-0.00205793
192	2.51383e-09	1.04588	-0.331347	0.00275928	0.289209	0.911734	-0.00109595
193	2.51383e-09	-0.762702	-0.796709	0.00142323	0.686498	-0.657142	-0.00150163
194	2.51383e-09	1.09068	0.257935	-0.00114546	-0.220262	0.918967	0.00175744
195	2.51383e-09	1.03429	-0.335449	-0.000374788	0.291772	0.914242	-0.00171745
196	2.51383e-09	-0.790302	-0.74736	0.00080731	0.662383	-0.696437	-0.00163702
197	2.51383e-09	-1.02337	0.385855	0.00119352	-0.338524	-0.893981	-7.87708e-06
198	2.51383e-09	-0.631907	0.906289	0.0025281	-0.780441	-0.54386	-0.000721711
199	2.51383e-09	-0.24162	-1.06633	-0.00230254	0.932593	-0.214091	0.0009004
200	2.51383e-09	0.507568	-0.991352	-0.000174476	0.844206	0.431436	0.000138351
201	2.51383e-09	0.557346	-0.945759	-0.00187868	0.825257	0.480532	-0.00136914
202	2.51383e-09	-1.09082	0.081062	-0.0011475	-0.0741305	-0.954299	0.00254909
203	2.51383e-09	-1.05387	-0.246093	-0.000233737	0.219025	-0.937172	0.00026908
204	2.51383e-09	0.372962	-1.04324	0.00045007	0.893998	0.322524	0.00155531
205	2.51383e-09	-0.21054	-1.10695	-6.07621e-05	0.92576	-0.175276	0.000179022
206	2.51383e-09	1.04131	-0.363419	0.00243088	0.315135	0.897744	0.000387883
207	2.51383e-09	0.726422	-0.842571	0.000923871	0.718207	0.618841	-0.000794937
208	2.51383e-09	-0.92868	0.588197	-0.000533826	-0.508797	-0.804845	0.000328959
209	2.51383e-09	1.00181	-0.431282	0.00111119	0.377721	0.879432	0.000620639
210	2.51383e-09	0.747134	-0.820112	-0.00187152	0.701601	0.638329	-0.000224258
211	2.51383e-09	0.142522	-1.09533	-0.00101516	0.943927	0.122266	-0.00150735
212	2.51383e-09	0.958987	-0.568955	-0.00261347	0.481997	0.816366	-0.000326496
213	2.51383e-09	0.944077	-0.567981	0.00221662	0.487708	0.817877	0.00140968
214	2.51383e-09	-0.194551	1.0942	-0.000381816	-0.930483	-0.168348	-0.000431374
215	2.51383e-09	0.294975	-1.07868	0.000451919	0.909103	0.249273	0.00140268
216	2.51383e-09	1.04975	-0.386574	-0.000983339	0.332029	0.884891	-0.000811448
217	2.51383e-09	-0.812222	0.768474	0.000546668	-0.653452	-0.681727	-0.00111766
218	2.51383e-09	-0.764377	0.768277	0.000950398	-0.6828	-0.67425	0.000956182
219	2.51383e-09	-0.407029	1.03962	-0.00126004	-0.881812	-0.343444	-0.000276187
220	2.51383e-09	-1.07101	0.279064	-0.000617219	-0.242824	-0.92015	-0.00216688
221	2.51383e-09	1.09676	0.112694	0.000623301	-0.100104	0.946297	0.00280156
222	2.51383e-09	1.11365	-0.0403279	-0.00375136	0.0389432	0.947506	0.00053168
223	2.51383e-09	0.0363743	-1.11885	0.000686422	0.945315	0.0327633	0.0011054
224	2.51383e-09	0.989817	-0.493018	-0.00071635	0.418752	0.851543	0.00139268
225	2.51383e-09	0.59514	-0.94199	0.000107922	0.797495	0.509814	-0.00119805
226	2.51383e-09	-1.02201	0.461776	-5.24934e-05	-0.388775	-0.861532	0.00228157
227	2.51383e-09	-1.1093	0.05705	0.00186061	-0.0518667	-0.945538	-0.000528717
228	2.51383e-09	1.00683	0.488182	0.00101969	-0.411564	0.849415	0.000424935
229	2.51383e-09	0.666203	0.909416	-0.00219401	-0.762123	0.55208	-0.00274139
230	2.51383e-09	-0.0700827	-1.13318	0.00106052	0.936726	-0.0594794	-0.00238359
231	2.51383e-09	-0.0540629	-1.13278	-0.00157539	0.93648	-0.0378951	0.00219571
232	2.51383e-09	-0.634016	-0.894139	-0.00362081	0.783752	-0.552132	-0.00107862
233	2.51383e-09	1.10424	-0.213038	0.000343912	0.183158	0.921175	-0.00264631
234	2.51383e-09	-0.19555	-1.10466	0.00121626	0.930653	-0.166454	-0.000212026
235	2.51383e-09	-1.03126	-0.400421	-0.000890223	0.343387	-0.889301	-0.00371145
236	2.51383e-09	-0.749788	-0.841995	-3.99468e-05	0.70307	-0.62766	0.000732082
237	2.51383e-09	-0.784801	-0.801743	-0.00227873	0.672791	-0.661477	-0.000840851
238	2.51383e-09	0.984332	0.580471	0.000989869	-0.469749	0.807391	-0.000622207
239	2.51383e-09	-0.863422	0.702392	-0.00240756	-0.595497	-0.735631	0.000217733
240	2.51383e-09	0.485098	-1.01582	-0.00177481	0.851046	0.409244	-0.00121544
241	2.51383e-09	-0.651248	0.906722	-0.00206468	-0.772094	-0.548925	0.00263721
242	2.51383e-09	-0.00637421	-1.16114	0.00249979	0.925923	-0.00514794	-2.17632e-05
243	2.51383e-09	0.442079	-1.03272	0.00293443	0.868162	0.366378	0.00182953
244	2.51383e-09	-1.06887	0.400893	-0.0022748	-0.330721	-0.872733	0.000736713
245	2.51383e-09	-0.961709	0.577923	-0.00199167	-0.485397	-0.807762	0.00195518
246	2.51383e-09	0.0821562	1.12581	-0.00316568	-0.937737	0.0694658	0.00217882
247	2.51383e-09	-0.847529	-0.7152	0.00171232	0.609985	-0.724992	0.0003368
248	2.51383e-09	-0.307331	-1.06788	-9.13387e-05	0.913542	-0.261873	0.00199422
249	2.51383e-09	1.09265	0.249991	-0.00166245	-0.209352	0.923208	-0.00202984
250	2.51383e-09	0.238144	1.1061	0.000663373	-0.918474	0.197519	0.00178503
251	2.51383e-09	0.746284	-0.844833	-0.00210193	0.704314	0.625627	0.00205111
252	2.51383e-09	1.12716	-0.0243904	0.0010338	0.0175269	0.941023	0.00231621
253	2.51383e-09	-1.13375	-0.156412	-0.0022572	0.128073	-0.92415	0.00314402
254	2.51383e-09	-1.06974	-0.334285	0.000323195	0.281066	-0.902873	-0.00118015
255	2.51383e-09	-0.0364778	-1.13335	-0.000687682	0.938413	-0.0352123	-0.00189748
256	2.51383e-09	0.991298	0.566557	-0.00121246	-0.463774	0.812952	0.000743683
257	2.51383e-09	-0.887964	0.704178	-0.00120592	-0.582421	-0.735411	-0.000739851
258	2.51383e-09	-0.547955	0.988281	4.57959e-05	-0.822179	-0.459076	0.00355637
259	2.51383e-09	-0.697303	0.884897	-0.000385007	-0.737822	-0.583565	0.00185289
260	2.51383e-09	0.77856	0.82588	0.0045443	-0.683146	0.641417	-8.46973e-05
261	2.51383e-09	-0.216515	-1.11455	-0.00035291	0.922136	-0.181336	0.00174531
262	2.51383e-09	1.01042	-0.448849	0.000364659	0.387667	0.87272	0.00345616
263	2.51383e-09	1.01719	0.505235	-0.00204631	-0.41952	0.840319	0.000158844
264	2.51383e-09	0.103763	-1.12316	0.00052999	0.938066	0.0879204	-0.000161959
265	2.51383e-09	1.11577	0.244137	0.000844931	-0.19781	0.91643	0.000537829
266	2.51383e-09	0.0415609	-1.13768	0.000256291	0.934632	0.0359127	0.000347612
267	2.51383e-09	0.366334	1.06693	-0.00288502	-0.892169	0.300167	0.000502682
268	2.51383e-09	1.1383	0.000151827	0.000461965	-0.00251545	0.936226	0.000447718
269	2.51383e-09	-0.840354	-0.769761	-0.000269392	0.632362	-0.689752	0.000518955
270	2.51383e-09	-1.10511	-0.265437	0.00185483	0.22229	-0.910331	-0.00107277
271	2.51383e-09	0.43919	1.06026	0.0012888	-0.864293	0.355711	-0.000171408
272	2.51383e-09	-1.14388	-0.0514282	0.00193185	0.0406926	-0.933235	0.00168637
273	2.51383e-09	1.14605	-0.0403798	-0.000582299	0.030487	0.931717	0.000223569
274	2.51383e-09	-1.01186	-0.484972	0.000668948	0.402177	-0.853999	0.00127833
275	2.51383e-09	-1.00234	0.549058	-0.0011221	-0.448124	-0.818416	-0.000639282
276	2.51383e-09	-0.508815	1.01634	-0.00168236	-0.836796	-0.421982	0.00191229
277	2.51383e-09	0.985012	-0.561624	0.0004991	0.466727	0.819283	-0.00166588
278	2.51383e-09	1.04596	0.473815	-0.000233654	-0.381195	0.850947	-0.00106434
279	2.51383e-09	0.780153	-0.829914	0.000425924	0.68504	0.642985	0.000264697
280	2.51383e-09	-1.07934	0.404762	-0.000702975	-0.330939	-0.871553	0.000660103
281	2.51383e-09	-0.785129	0.814896	0.000244577	-0.677969	-0.654385	-0.000230073
282	2.51383e-09	-0.304917	-1.10073	-0.00147771	0.901305	-0.252314	0.00275283
283	2.51383e-09	0.843967	-0.754399	0.00230645	0.630854	0.697567	-0.000776491
284	2.51383e-09	-0.164995	-1.14195	-0.00222902	0.920536	-0.139049	0.000601561
285	2.51383e-09	1.10959	-0.329703	-0.000644199	0.259426	0.891828	0.00145613
286	2.51383e-09	0.0217074	1.13042	0.00174759	-0.940851	0.015799	0.00216599
287	2.51383e-09	0.958579	0.622954	0.000668051	-0.504493	0.786397	-0.000735088
288	2.51383e-09	1.03961	-0.484277	0.000651039	0.395744	0.846899	0.000497877
289	2.51383e-09	0.573459	-0.997446	-0.00205351	0.809899	0.462514	-0.00104299
290	2.51383e-09	0.714821	-0.892887	-0.00202935	0.729449	0.584638	-0.00248685
291	2.51383e-09	0.428742	1.0655	0.00138485	-0.865173	0.346408	-0.00149196
292	2.51383e-09	1.13227	0.187041	-0.000709577	-0.154398	0.922905	-0.00138122
293	2.51383e-09	-0.515109	-1.02321	0.00166523	0.834423	-0.418301	-0.00224035
294	2.51383e-09	-1.16669	0.134955	-0.00180847	-0.107432	-0.915979	-0.00295668
295	2.51383e-09	-1.05561	-0.420607	-0.00163031	0.351536	-0.871463	-0.00026224
296	2.51383e-09	1.13277	0.258473	0.00156474	-0.209891	0.902838	0.00103977
297	2.51383e-09	0.882518	0.730548	0.00104791	-0.593944	0.722701	-0.000506358
298	2.51383e-09	-1.07894	-0.416272	0.00202735	0.337744	-0.86562	-0.000450038
299	2.51383e-09	-0.387772	-1.09342	0.00212126	0.872435	-0.320082	-0.00143511
300	2.51383e-09	1.14678	-0.242735	0.00225282	0.195168	0.90019	-0.0021091
301	2.51383e-09	-0.391543	1.08806	-0.000426852	-0.871635	-0.318099	-0.00102188
302	2.51383e-09	-1.10751	0.362282	0.00124889	-0.282116	-0.881549	-0.00295762
303	2.51383e-09	-1.15659	0.0342132	0.00232846	-0.0233895	-0.926809	-0.00168971
304	2.51383e-09	1.07998	-0.41935	-0.00246316	0.334784	0.867471	-0.000173526
305	2.51383e-09	0.697528	0.905478	0.00300047	-0.742103	0.569673	-0.000861686
306	2.51383e-09	1.139	0.270496	0.00109795	-0.212882	0.897108	-0.00142962
307	2.51383e-09	-0.17526	-1.13701	0.000446482	0.921687	-0.142564	0.00148846
308	2.51383e-09	1.16841	0.0524347	0.00085287	-0.0428675	0.92284	-0.00139978
309	2.51383e-09	1.12534	-0.253305	0.00116654	0.205714	0.907187	-0.00105651
310	2.51383e-09	1.14498	-0.10857	-0.00064775	0.0811443	0.929893	0.000456647
311	2.51383e-09	0.637333	-0.962953	-0.00246313	0.774511	0.515672	-0.0015762
312	2.51383e-09	1.09665	0.387517	-0.0025455	-0.308237	0.875897	0.00047333
313	2.51383e-09	-1.05299	0.481672	-0.000626185	-0.386343	-0.844521	0.00218957
314	2.51383e-09	1.1045	0.335554	-0.00238205	-0.2693	0.890576	-0.000447637
315	2.51383e-09	-0.28819	1.13493	0.00172347	-0.896743	-0.225218	-0.00116124
316	2.51383e-09	1.16171	-0.0362748	-0.0013061	0.0314669	0.927516	-0.00139734
317	2.51383e-09	1.15349	-0.0449959	0.00120645	0.0336758	0.931039	-0.00166994
318	2.51383e-09	0.320879	-1.12146	-0.00359482	0.888058	0.255932	0.000103937
319	2.51383e-09	-1.05879	0.484604	0.00110139	-0.38281	-0.843754	0.00233546
320	2.51383e-09	0.795322	0.868913	0.00139142	-0.682844	0.62089	0.000280983
321	2.51383e-09	-1.17095	0.0518927	-9.33471e-05	-0.0348725	-0.920841	0.000595913
322	2.51383e-09	-1.08681	-0.385503	7.81771e-05	0.31059	-0.879989	-0.000335436
323	2.51383e-09	-1.0871	-0.422804	-0.00182136	0.331177	-0.865615	0.00236926
324	2.51383e-09	1.1433	-0.313276	0.00261484	0.242255	0.884748	-0.00219805
325	2.51383e-09	-0.261953	1.12929	-0.00097264	-0.907289	-0.206155	-7.0463e-05
326	2.51383e-09	-1.15695	-0.14976	-0.000681638	0.117532	-0.921015	0.0017809
327	2.51383e-09	-0.919638	-0.737881	0.0035289	0.577371	-0.716151	-0.00175407
328	2.51383e-09	0.78225	-0.835909	-0.000774289	0.682983	0.639854	0.000830661
329	2.51383e-09	-0.841561	0.832373	0.00088711	-0.649182	-0.654389	0.00196613
330	2.51383e-09	0.0790017	1.1556	-0.000892261	-0.92669	0.0642038	0.000155344
331	2.51383e-09	-1.08986	0.401935	-0.00152194	-0.317573	-0.870495	-0.00186443
332	2.51383e-09	-0.888263	0.745614	-0.000518786	-0.598119	-0.709847	-0.000804464
333	2.51383e-09	-1.14825	0.256471	-0.000978489	-0.201649	-0.900216	0.0015238
334	2.51383e-09	-0.081037	-1.17497	0.000664503	0.91934	-0.060124	0.00100038
335	2.51383e-09	-1.0021	0.618365	5.69035e-05	-0.487703	-0.782607	0.000665974
336	2.51383e-09	-0.67977	0.948804	-0.00119462	-0.753134	-0.539429	-0.000734251
337	2.51383e-09	1.04209	0.550511	0.000209167	-0.428187	0.816736	0.00238254
338	2.51383e-09	1.03091	-0.568345	-0.00028963	0.444807	0.805273	0.00152286
339	2.51383e-09	0.487427	-1.08122	0.000335865	0.835809	0.381001	6.34609e-05
340	2.51383e-09	-0.457455	1.09362	-0.00176108	-0.847205	-0.354414	-0.00114875
341	2.51383e-09	-0.435787	-1.09404	0.00114144	0.852994	-0.34815	-5.20566e-05
342	2.51383e-09	-1.16857	0.00637829	0.000900763	-0.00449719	-0.925508	0.000614061
343	2.51383e-09	0.756497	0.890769	0.00176651	-0.705383	0.594379	-0.00038064
344	2.51383e-09	1.08212	0.467036	0.000144236	-0.370338	0.845347	0.000112574
345	2.51383e-09	-0.530417	-1.0415	-0.000447576	0.824701	-0.419154	0.00251764
346	2.51383e-09	0.891576	-0.735874	0.00270594	0.589591	0.721279	0.000597735
347	2.51383e-09	-0.9585	-0.662003	-0.00144	0.523328	-0.766148	0.000569634
348	2.51383e-09	-0.994404	-0.647591	-0.000863876	0.503111	-0.766894	0.000708475
349	2.51383e-09	1.07231	-0.45673	0.000601144	0.361592	0.855352	0.00122232
350	2.51383e-09	0.82118	0.837208	-0.00205721	-0.65713	0.648058	0.000148835
351	2.51383e-09	0.911581	0.761063	0.000858649	-0.584984	0.709319	0.00130661
352	2.51383e-09	0.994605	0.633147	0.00451231	-0.493123	0.777689	0.000590311
353	2.51383e-09	-0.481168	1.08965	-0.00119547	-0.83716	-0.373732	0.000771692
354	2.51383e-09	-0.513434	1.07239	-0.00114584	-0.825948	-0.395648	-0.00121852
355	2.51383e-09	0.651499	0.96199	0.00297177	-0.769972	0.520259	0.00103895
356	2.51383e-09	0.904614	0.773365	-0.00147046	-0.598138	0.694091	0.00201563
357	2.51383e-09	-0.709625	0.93203	-0.00111346	-0.732557	-0.561648	-0.000795019
358	2.51383e-09	-0.299219	1.16361	0.000736583	-0.883958	-0.227723	0.000243763
359	2.51383e-09	-1.03381	0.606434	-0.000260797	-0.457006	-0.790893	0.000858434
360	2.51383e-09	0.0715885	1.16974	-0.000374524	-0.921975	0.0583372	0.00197164
361	2.51383e-09	0.0895401	-1.16661	-0.000890525	0.923308	0.0699214	-0.000215143
362	2.51383e-09	0.128281	-1.17141	-0.000862206	0.915959	0.0973077	-0.00171867
363	2.51383e-09	0.609342	1.01708	0.000325383	-0.783832	0.474943	0.00117824
364	2.51383e-09	-0.680236	-0.9489	0.00194385	0.75121	-0.543677	0.00129871
365	2.51383e-09	-0.988451	0.665454	0.000552594	-0.513701	-0.759489	0.00118562
366	2.51383e-09	-1.15539	-0.297271	0.00114414	0.230642	-0.884806	-0.00183815
367	2.51383e-09	-1.18767	0.152456	-0.00174617	-0.114446	-0.903446	-0.000446198
368	2.51383e-09	1.07986	0.497423	-0.00152557	-0.38528	0.833383	-0.00128908
369	2.51383e-09	-0.355995	-1.14661	-0.00149897	0.870059	-0.272858	-0.000351118
370	2.51383e-09	-0.593005	-1.03009	0.00171073	0.796174	-0.458465	-0.000608377
371	2.51383e-09	1.20739	0.111565	-0.00141397	-0.0848021	0.902912	0.000579344
372	2.51383e-09	0.962336	0.688744	-0.000793237	-0.535772	0.747324	-0.00200004
373	2.51383e-09	-1.03247	0.580118	-0.00106813	-0.449852	-0.801115	-0.000752452
374	2.51383e-09	0.764931	-0.926059	-0.000409589	0.702892	0.583099	0.002001
375	2.51383e-09	1.13929	-0.355663	0.000411744	0.275578	0.873412	-0.000249523
376	2.51383e-09	0.760387	0.917122	0.000149338	-0.705269	0.582786	0.00162971
377	2.51383e-09	1.05465	-0.556306	-0.00324328	0.423477	0.811749	-4.60086e-05
378	2.51383e-09	0.0395157	-1.19528	-0.00283536	0.914467	0.0284614	0.000143846
379	2.51383e-09	-0.998471	-0.624066	-0.000239407	0.4963	-0.777538	0.000203121
380	2.51383e-09	-1.15187	-0.251197	0.00191631	0.196864	-0.90056	0.000319408
381	2.51383e-09	1.10171	0.445497	0.00129674	-0.341986	0.851621	-0.000596558
382	2.51383e-09	-1.06188	-0.553847	-0.000942172	0.420208	-0.808679	0.000629265
383	2.51383e-09	-0.668347	-0.961466	0.00118358	0.756346	-0.531195	-0.00139289
384	2.51383e-09	0.763295	0.928604	-0.00312985	-0.706472	0.578244	-9.56941e-05
385	2.51383e-09	1.06301	0.527715	-0.00124799	-0.406587	0.822497	-0.00103628
386	2.51383e-09	0.587042	1.04718	-6.63505e-05	-0.79528	0.451107	0.000318115
387	2.51383e-09	1.17866	0.193005	0.00180967	-0.149345	0.904868	-0.00279088
388	2.51383e-09	-0.894671	0.795062	0.000811283	-0.609897	-0.685587	-0.000743429
389	2.51383e-09	0.637836	-1.01046	0.00216241	0.773889	0.488538	-0.00163393
390	2.51383e-09	0.458497	1.08763	0.00246326	-0.848941	0.361615	-0.00175093
391	2.51383e-09	0.522715	1.09031	0.00253889	-0.819353	0.391916	0.000874836
392	2.51383e-09	1.05185	0.589185	-0.00219093	-0.442405	0.796128	-0.000871426
393	2.51383e-09	1.21258	-0.0585656	-0.00307505	0.0503265	0.904951	0.000282321
394	2.51383e-09	-0.507557	1.09137	0.000297967	-0.824968	-0.382719	0.00120687
395	2.51383e-09	0.0599143	-1.203	0.00149185	0.907741	0.0404449	-0.000736524
396	2.51383e-09	1.18208	0.207408	-0.002113	-0.162027	0.898076	0.000401193
397	2.51383e-09	-0.61053	1.04148	-0.00377389	-0.786447	-0.457802	0.00134695
398	2.51383e-09	1.19317	0.226513	0.00161703	-0.165138	0.89014	0.000631181
399	2.51383e-09	-0.797611	0.894661	-0.00261979	-0.684378	-0.606477	-0.00116672
400	2.51383e-09	-0.40207	-1.11444	-0.00197497	0.86588	-0.315061	0.000242744
