7.407000e+03
401
0	1	0.000342246	0.000212311	-3.12308e-07	3.01266e-08	8.55478e-09	-2.86894e-11
1	2.51383e-09	0.380167	0.942593	-0.00172753	-0.918026	0.369408	-0.00196374
2	2.51383e-09	-0.986479	0.14587	-0.000185894	-0.142055	-0.993992	0.000400307
3	2.51383e-09	0.988898	-0.109585	-0.000625132	0.112689	0.997969	0.00143961
4	2.51383e-09	0.113046	1.00384	0.00203654	-0.987774	0.111661	-0.00180283
5	2.51383e-09	-0.662193	-0.741906	0.000130735	0.748487	-0.66778	-0.000932006
6	2.51383e-09	0.0859788	-1.00209	0.000765129	0.994151	0.0853714	0.00285284
7	2.51383e-09	-0.573384	0.822663	-0.00112866	-0.815734	-0.573396	0.000500702
8	2.51383e-09	-0.376287	-0.919847	-0.000521184	0.930527	-0.380015	-0.00131943
9	2.51383e-09	-0.0890457	1.00694	8.46108e-05	-0.989202	-0.0870361	0.000742271
10	2.51383e-09	0.961492	-0.326019	-0.000622879	0.317408	0.939757	0.000380552
11	2.51383e-09	0.965842	-0.229741	-0.000277246	0.231356	0.978396	-0.000682578
12	2.51383e-09	0.783422	0.647399	0.00220982	-0.634332	0.762481	0.000306333
13	2.51383e-09	-0.993229	0.172093	-0.00142452	-0.170945	-0.979598	0.00198431
14	2.51383e-09	0.360246	0.945961	0.000340404	-0.929073	0.352528	-0.00285922
15	2.51383e-09	-0.807105	0.600684	-0.00136905	-0.590053	-0.801317	-0.000326717
16	2.51383e-09	0.328444	0.93583	-0.00118423	-0.951675	0.329715	0.00128951
17	2.51383e-09	0.954738	-0.346507	-0.000690106	0.337193	0.929477	-0.00197419
18	2.51383e-09	-0.286586	-0.98008	0.000754666	0.948948	-0.28376	-0.000719941
19	2.51383e-09	0.154874	0.999086	-0.00226029	-0.985165	0.159669	0.000678416
20	2.51383e-09	0.808635	-0.636359	0.00258867	0.609759	0.774575	-0.00131652
21	2.51383e-09	-0.434152	-0.910192	0.00408658	0.898308	-0.428021	-0.000637834
22	2.51383e-09	-0.0824029	1.01955	-0.00119451	-0.986971	-0.0763256	-0.00309493
23	2.51383e-09	0.143444	1.003	-0.00237243	-0.981853	0.140809	-0.00242092
24	2.51383e-09	0.992222	-0.174845	0.000183856	0.166738	0.985027	-0.00154596
25	2.51383e-09	-1.01467	-0.0169433	-0.00176535	0.0124255	-0.992767	0.0024081
26	2.51383e-09	0.774857	0.654575	-0.000916681	-0.639071	0.763017	0.00151575
27	2.51383e-09	0.61037	0.802317	0.00101077	-0.792795	0.600447	-0.00168061
28	2.51383e-09	-0.987602	-0.182407	0.00201478	0.182607	-0.982952	0.00153013
29	2.51383e-09	-1.0015	-0.131622	0.00190939	0.12953	-0.987649	-0.00193002
30	2.51383e-09	-0.0185168	1.00681	0.000896804	-0.998079	-0.0197347	0.0014877
31	2.51383e-09	-0.0264375	1.01047	-0.00228304	-0.993989	-0.026125	0.00170102
32	2.51383e-09	-0.810019	0.597139	0.00391444	-0.593793	-0.800778	-0.00187043
33	2.51383e-09	0.507857	-0.889741	0.000617231	0.864356	0.482765	0.0012712
34	2.51383e-09	-0.889327	-0.527104	-0.00294916	0.501881	-0.846257	0.000713393
35	2.51383e-09	-1.02019	-0.0481713	0.00286616	0.0437338	-0.987018	-0.00135788
36	2.51383e-09	0.799053	-0.612805	-0.00226338	0.60932	0.794083	0.000401908
37	2.51383e-09	0.921229	0.428678	0.000918703	-0.417509	0.900935	-0.00207087
38	2.51383e-09	0.416205	-0.913353	-0.00249023	0.907436	0.412253	0.00225504
39	2.51383e-09	-0.180327	0.990478	0.00173345	-0.983396	-0.180083	-0.00163557
40	2.51383e-09	0.264922	-0.986441	-0.000153466	0.954573	0.251538	-0.000334107
41	2.51383e-09	-0.404978	-0.931288	0.00210657	0.909774	-0.394749	-0.00239091
42	2.51383e-09	-0.8274	0.629808	0.00263161	-0.591395	-0.781735	0.0016492
43	2.51383e-09	1.00716	0.147504	-0.000779219	-0.145892	0.977607	0.00272657
44	2.51383e-09	0.628081	-0.817789	-0.000738715	0.783533	0.600809	0.00171854
45	2.51383e-09	-1.01755	-0.0556777	-0.00149103	0.0574265	-0.990842	0.0020285
46	2.51383e-09	0.266694	0.986189	-0.000478519	-0.953674	0.262855	0.000614012
47	2.51383e-09	0.94584	0.374455	0.000782669	-0.36722	0.921394	0.00140532
48	2.51383e-09	0.876533	-0.533456	-0.000352426	0.514599	0.843119	0.00185713
49	2.51383e-09	-0.413344	0.920284	0.00178608	-0.907313	-0.408546	-0.00105592
50	2.51383e-09	-0.524424	0.899078	-0.00184993	-0.845154	-0.491415	-0.0012975
51	2.51383e-09	0.785499	-0.626208	0.000744145	0.624009	0.779625	0.00123034
52	2.51383e-09	-0.542159	0.88716	-0.00163655	-0.834478	-0.513266	0.00145113
53	2.51383e-09	-0.835116	0.590453	-0.00176015	-0.571019	-0.808867	0.000598198
54	2.51383e-09	0.930938	-0.416124	0.00140031	0.403432	0.906222	0.000828025
55	2.51383e-09	0.904267	-0.515535	0.000855009	0.483322	0.850686	-0.00135693
56	2.51383e-09	-0.797217	0.631494	-0.00027022	-0.620058	-0.777281	0.00134936
57	2.51383e-09	-1.03755	0.153975	-0.00104	-0.147467	-0.965138	0.00135099
58	2.51383e-09	-1.04875	-0.000693845	0.000284718	0.00111141	-0.974596	0.00126462
59	2.51383e-09	0.73045	-0.727667	-0.000534084	0.691142	0.698192	-0.00375497
60	2.51383e-09	-1.007	-0.20421	-0.00154038	0.195332	-0.967608	-0.000128091
61	2.51383e-09	-0.500713	-0.908568	0.00263145	0.860554	-0.470144	0.00230112
62	2.51383e-09	0.189874	-1.01492	-0.00114573	0.968957	0.180414	0.000217643
63	2.51383e-09	-0.146363	-1.01242	0.00118666	0.981049	-0.143221	0.000275929
64	2.51383e-09	0.439182	-0.932398	-0.0011524	0.894131	0.413425	-0.000638929
65	2.51383e-09	1.02041	-0.123516	-0.00175762	0.116816	0.979526	-0.000285739
66	2.51383e-09	-0.932722	0.458382	0.00251662	-0.429246	-0.876306	7.33143e-06
67	2.51383e-09	-0.234359	-1.02431	1.24641e-05	0.949395	-0.216126	0.00202542
68	2.51383e-09	0.109328	-1.02435	-0.00203371	0.978655	0.102344	0.00194591
69	2.51383e-09	-0.67448	0.795344	0.00374048	-0.746432	-0.630712	-0.000357231
70	2.51383e-09	-0.754835	0.701773	-0.000215286	-0.669223	-0.720411	0.000532488
71	2.51383e-09	-0.695155	0.768726	0.00146879	-0.726069	-0.66064	-0.00443078
72	2.51383e-09	1.05864	0.0221458	0.00221666	-0.0240117	0.972064	0.00021978
73	2.51383e-09	0.867557	-0.56639	-0.00137842	0.540122	0.820108	0.00030893
74	2.51383e-09	0.468174	0.946598	-0.00190032	-0.871243	0.435215	-0.00133067
75	2.51383e-09	0.754597	-0.725148	-0.00130303	0.677982	0.703675	8.2187e-05
76	2.51383e-09	0.974534	-0.389751	0.00291366	0.368569	0.904634	0.000132653
77	2.51383e-09	-0.777719	0.724177	-2.44048e-05	-0.659738	-0.712019	0.000519081
78	2.51383e-09	-0.573562	-0.872524	0.00144394	0.821407	-0.529459	-0.00264776
79	2.51383e-09	-0.856695	-0.590804	-0.00420601	0.553911	-0.805255	-0.00228383
80	2.51383e-09	0.139382	1.02538	-0.000838243	-0.976428	0.133189	-0.00157329
81	2.51383e-09	-0.956875	0.382883	0.000863571	-0.365961	-0.912607	0.000133256
82	2.51383e-09	-1.02081	-0.230489	-0.000281894	0.212664	-0.956783	-0.000570045
83	2.51383e-09	0.98555	-0.335452	-0.000914284	0.315622	0.925569	0.000128046
84	2.51383e-09	0.951858	0.428537	0.000971807	-0.404579	0.890721	-0.000351697
85	2.51383e-09	1.01158	-0.170316	-0.00166618	0.163695	0.97408	0.000199264
86	2.51383e-09	0.901467	-0.52896	0.00136305	0.499411	0.842914	-0.000623777
87	2.51383e-09	-0.229411	1.01437	0.00102325	-0.960003	-0.215012	0.000658451
88	2.51383e-09	-1.03519	-0.00190517	-0.00150468	0.00152502	-0.982134	0.00243343
89	2.51383e-09	0.491594	0.931788	-0.00258586	-0.860608	0.457452	0.000430384
90	2.51383e-09	1.01331	-0.272258	0.0017888	0.256852	0.941994	-0.00352806
91	2.51383e-09	0.133278	-1.0271	-0.0031205	0.973055	0.12306	-0.00325876
92	2.51383e-09	0.576292	-0.879008	-0.000971215	0.815427	0.535114	-0.00208828
93	2.51383e-09	-1.05078	-0.183374	-0.000162818	0.165425	-0.952371	0.000141153
94	2.51383e-09	0.865759	0.573846	0.00316751	-0.544963	0.816198	-0.000262739
95	2.51383e-09	1.03288	-0.0230774	-0.000156837	0.0233279	0.981813	-0.00035622
96	2.51383e-09	-0.00985807	1.05925	0.00161776	-0.970679	-0.00338922	-0.00203284
97	2.51383e-09	-0.273786	1.02176	0.00207592	-0.935837	-0.256563	0.000210188
98	2.51383e-09	-0.99481	0.355248	-0.00140007	-0.33185	-0.915065	-0.000930731
99	2.51383e-09	-0.570717	-0.894306	0.00139056	0.821843	-0.523611	0.000202236
100	2.51383e-09	0.422819	-0.976622	-0.00125624	0.885871	0.384897	-0.00112384
101	2.51383e-09	0.830076	-0.604877	-2.74393e-05	0.579434	0.800527	-0.000477183
102	2.51383e-09	0.394901	0.953639	9.87118e-05	-0.907186	0.375965	0.00131779
103	2.51383e-09	-0.786721	-0.702056	-0.000788026	0.645921	-0.728252	-0.00320656
104	2.51383e-09	0.667501	-0.811631	0.001822	0.750167	0.61946	-0.000303359
105	2.51383e-09	-0.834863	0.61916	-0.00177505	-0.579417	-0.790205	-0.000335968
106	2.51383e-09	0.634285	-0.838611	3.83092e-05	0.778233	0.584696	0.000472392
107	2.51383e-09	0.529274	-0.914532	0.00106325	0.843846	0.48741	0.00105086
108	2.51383e-09	-0.236618	1.04263	0.000807974	-0.944074	-0.208882	0.000716703
109	2.51383e-09	0.994184	0.366954	-0.000442681	-0.341586	0.909964	-0.00181498
110	2.51383e-09	-0.791757	-0.692925	-0.000243355	0.639793	-0.735237	-0.00286166
111	2.51383e-09	0.103083	1.05843	-0.00163874	-0.966261	0.0876839	0.000710621
112	2.51383e-09	-0.685731	-0.807687	0.00108192	0.740517	-0.631942	0.000564736
113	2.51383e-09	1.0578	0.0591452	-0.00144252	-0.0499479	0.971028	0.00047489
114	2.51383e-09	-0.966424	0.414115	0.0019114	-0.384391	-0.894748	0.000245845
115	2.51383e-09	0.839335	-0.674735	0.00153	0.599234	0.751887	0.00246763
116	2.51383e-09	-0.0721051	1.04302	-0.00167489	-0.978277	-0.0678375	0.00267556
117	2.51383e-09	-0.522421	0.920146	-0.00111871	-0.844181	-0.479755	-0.000361392
118	2.51383e-09	0.762818	0.736241	-0.00156422	-0.675145	0.699392	0.00129695
119	2.51383e-09	-0.000455567	-1.0543	-0.00326415	0.970533	-0.00201398	0.00192878
120	2.51383e-09	-0.50117	0.919078	0.000316336	-0.857523	-0.471925	0.00227408
121	2.51383e-09	-0.309274	1.01901	0.000694498	-0.928102	-0.276376	0.00226295
122	2.51383e-09	0.552763	-0.921118	0.00128922	0.825265	0.498561	-0.00158141
123	2.51383e-09	-0.830394	0.629339	-0.00117678	-0.585189	-0.786231	0.00099992
124	2.51383e-09	-1.07629	0.0764363	0.00175974	-0.0698597	-0.960116	0.000591335
125	2.51383e-09	1.03212	0.149375	-0.000983907	-0.142771	0.971766	0.00207055
126	2.51383e-09	0.931484	-0.509686	0.00115345	0.461325	0.853703	-0.00128452
127	2.51383e-09	0.880523	-0.574745	0.00135377	0.534683	0.818329	0.000722351
128	2.51383e-09	0.254255	1.04424	-0.00303586	-0.936027	0.226696	-8.21835e-05
129	2.51383e-09	0.56516	-0.883595	0.000724148	0.822487	0.530541	-0.00157972
130	2.51383e-09	0.953314	0.456355	-0.000237524	-0.421351	0.879513	0.00146627
131	2.51383e-09	-1.07957	0.0660228	-0.00172271	-0.0642577	-0.959576	0.000643602
132	2.51383e-09	0.200434	-1.04928	0.00023232	0.952345	0.178495	-0.00274168
133	2.51383e-09	-1.00818	-0.346887	-0.00294584	0.312849	-0.916729	-0.0011838
134	2.51383e-09	0.742471	0.74433	0.00180073	-0.688953	0.6903	-0.00140835
135	2.51383e-09	-0.935936	-0.493088	0.000555317	0.449782	-0.860225	0.00186494
136	2.51383e-09	0.108796	-1.07498	0.000982598	0.958863	0.0929739	-0.00216381
137	2.51383e-09	0.34604	1.01124	0.00184249	-0.912807	0.313442	0.00278645
138	2.51383e-09	-0.710917	-0.794605	-0.00128934	0.718916	-0.646461	0.000624323
139	2.51383e-09	-0.00788323	-1.06658	-0.00352732	0.966879	-0.00868303	-0.000657797
140	2.51383e-09	0.34066	-1.02715	-0.00219199	0.912384	0.302889	0.000877242
141	2.51383e-09	0.682222	-0.817838	0.0034902	0.743577	0.623441	0.00104063
142	2.51383e-09	0.905172	0.590559	0.00316422	-0.519829	0.807707	-0.001278
143	2.51383e-09	0.490051	-0.94931	1.35161e-05	0.863132	0.441747	-0.000765276
144	2.51383e-09	0.49548	0.960507	0.00219087	-0.855698	0.442459	0.000630619
145	2.51383e-09	-0.870831	-0.602459	0.000893806	0.553119	-0.798118	0.00166497
146	2.51383e-09	0.726686	0.828273	0.000958579	-0.716967	0.630301	0.00344312
147	2.51383e-09	1.07746	-0.0707068	0.000419305	0.059599	0.961245	-0.00280134
148	2.51383e-09	-0.222326	1.06367	-0.000485664	-0.939418	-0.190262	0.000226604
149	2.51383e-09	-1.02675	-0.211208	-0.000226782	0.202107	-0.960002	0.00202178
150	2.51383e-09	0.804606	-0.728086	0.00075507	0.648179	0.705054	-0.000691551
151	2.51383e-09	1.02846	-0.304824	-0.000273499	0.279781	0.924714	0.000510718
152	2.51383e-09	0.500674	-0.946773	-0.00110213	0.861606	0.441748	-0.00054771
153	2.51383e-09	0.861935	-0.674222	0.000552072	0.585913	0.753526	0.00048925
154	2.51383e-09	-0.400352	1.02825	0.00146092	-0.888395	-0.340593	0.000801817
155	2.51383e-09	0.619579	-0.890037	0.00127706	0.787536	0.546047	0.00182947
156	2.51383e-09	0.807203	0.736316	0.00140139	-0.640103	0.708892	0.00251281
157	2.51383e-09	-0.837436	0.661711	0.00100626	-0.597527	-0.760688	0.000765408
158	2.51383e-09	-0.22443	-1.0617	0.00460566	0.941011	-0.200512	-0.00125691
159	2.51383e-09	-1.06719	-0.0642865	0.000973466	0.0560604	-0.966819	0.000294694
160	2.51383e-09	-1.05331	0.21296	-0.00334572	-0.188463	-0.946797	0.000423322
161	2.51383e-09	0.027081	1.08674	-0.00280094	-0.960216	0.0244676	0.000130166
162	2.51383e-09	0.554731	-0.930724	-0.00304629	0.826059	0.491574	0.000995385
163	2.51383e-09	0.938169	-0.561142	-0.000294296	0.489869	0.81875	0.000659259
164	2.51383e-09	0.459959	0.969526	0.000763776	-0.86993	0.416707	0.0031504
165	2.51383e-09	0.204084	-1.0838	-0.00330538	0.933585	0.180601	-0.000298288
166	2.51383e-09	0.0139945	1.0847	0.000980741	-0.961075	0.00726691	0.00127864
167	2.51383e-09	0.0712527	-1.06271	-0.00460337	0.968186	0.0550327	-0.000596808
168	2.51383e-09	-0.0501537	-1.08331	0.00149823	0.960203	-0.0459891	0.000739846
169	2.51383e-09	0.714271	-0.809797	0.00108239	0.720927	0.639433	0.000630745
170	2.51383e-09	-0.983567	0.475398	-0.00367432	-0.416967	-0.858664	-0.00195711
171	2.51383e-09	0.714513	-0.833187	-0.00332824	0.723583	0.620067	0.000991248
172	2.51383e-09	-0.782484	0.792238	0.00330183	-0.673719	-0.668498	-0.00163983
173	2.51383e-09	1.06487	-0.288932	0.00260676	0.251675	0.91826	0.000822158
174	2.51383e-09	-0.508869	0.975224	-0.00134559	-0.844125	-0.44538	0.00225938
175	2.51383e-09	0.684174	-0.846867	0.00225187	0.749392	0.598935	-0.000389284
176	2.51383e-09	-0.140887	1.0705	0.000741278	-0.953639	-0.12576	-0.00021019
177	2.51383e-09	1.06176	-0.319196	-0.000791764	0.270686	0.911555	0.000918366
178	2.51383e-09	1.05432	0.203676	-0.000213369	-0.179088	0.948138	-0.000711875
179	2.51383e-09	1.04001	0.35281	0.0042201	-0.310068	0.902522	-0.00117689
180	2.51383e-09	0.195076	-1.06764	-0.00248143	0.943172	0.172917	-0.00207929
181	2.51383e-09	1.01848	0.407168	0.00229018	-0.355844	0.888235	-0.000649527
182	2.51383e-09	-0.691776	0.847169	-0.00148768	-0.740063	-0.605674	-0.00110028
183	2.51383e-09	0.219519	1.06963	-0.0012524	-0.939692	0.192086	0.000167444
184	2.51383e-09	1.10826	0.0589819	-0.00229165	-0.0516713	0.94805	-0.00105257
185	2.51383e-09	1.09697	-0.0282343	-0.00174667	0.0239656	0.953062	0.000717453
186	2.51383e-09	1.04402	0.299499	0.00187703	-0.271096	0.919847	-0.00109946
187	2.51383e-09	-0.486817	-0.953762	-0.000766706	0.858659	-0.437702	-0.00390279
188	2.51383e-09	-0.122553	1.0965	0.00138614	-0.947616	-0.10255	0.00109695
189	2.51383e-09	-0.181974	1.07464	0.00279503	-0.944597	-0.162526	0.000461909
190	2.51383e-09	1.0208	0.412546	0.00222418	-0.36469	0.882213	0.000664633
191	2.51383e-09	0.98203	0.472675	0.000713641	-0.416927	0.863873	0.00273583
192	2.51383e-09	-0.587019	-0.925601	-0.000974407	0.809124	-0.508209	-0.000556825
193	2.51383e-09	0.148543	-1.09603	-0.00255852	0.939565	0.129033	0.000496232
194	2.51383e-09	-0.609695	0.946142	-0.00109759	-0.791762	-0.511819	-0.000248169
195	2.51383e-09	-0.445551	-0.989971	0.00164636	0.871438	-0.398086	-0.000237104
196	2.51383e-09	-0.700762	0.840362	0.00167178	-0.728019	-0.617293	-0.00313273
197	2.51383e-09	-1.08203	-0.12968	-0.00074181	0.11443	-0.950703	0.00223108
198	2.51383e-09	-0.640295	-0.910285	-0.00216374	0.775693	-0.543011	0.00158233
199	2.51383e-09	0.792268	0.764042	-0.00254898	-0.66035	0.685252	0.00147303
200	2.51383e-09	1.05678	-0.328583	-0.00165956	0.283062	0.909707	-0.000519083
201	2.51383e-09	1.08232	-0.235194	0.00244417	0.202272	0.927947	0.000912364
202	2.51383e-09	-0.64395	-0.89028	0.00160078	0.768073	-0.561901	-0.00161395
203	2.51383e-09	0.203355	-1.06812	-0.00194109	0.941526	0.178921	0.000356666
204	2.51383e-09	0.59445	-0.940651	-2.6508e-05	0.797158	0.508897	-0.00134887
205	2.51383e-09	-0.200758	-1.11152	0.000681376	0.924799	-0.168516	-0.00081051
206	2.51383e-09	-1.08632	-0.134047	4.27433e-05	0.1173	-0.946931	0.00248591
207	2.51383e-09	-0.403524	-1.03985	0.000942129	0.881416	-0.343857	0.000448661
208	2.51383e-09	1.09174	0.103861	8.55722e-05	-0.0899563	0.951159	-0.00184958
209	2.51383e-09	-0.583093	0.930479	-0.00191273	-0.810049	-0.508289	0.00197555
210	2.51383e-09	-0.83324	-0.717041	-0.00175878	0.62113	-0.72446	0.00072634
211	2.51383e-09	-1.0833	0.211323	-0.000771263	-0.183441	-0.931357	0.00145173
212	2.51383e-09	-1.01746	0.453581	0.00104936	-0.388888	-0.862869	-0.00200082
213	2.51383e-09	0.735945	0.82855	-0.0023458	-0.711351	0.629034	-0.00111351
214	2.51383e-09	0.104475	1.09926	-0.00169129	-0.943842	0.0932309	-0.000447344
215	2.51383e-09	-0.78568	-0.791677	0.00352863	0.667966	-0.669459	0.00129439
216	2.51383e-09	-0.539909	-0.972422	-0.000429163	0.831231	-0.462414	-0.000575111
217	2.51383e-09	1.08736	-0.267029	0.00123939	0.224571	0.918304	0.000398099
218	2.51383e-09	-0.578937	-0.917723	-0.00115332	0.811666	-0.507968	-0.0017126
219	2.51383e-09	-0.124984	1.11648	-0.000604257	-0.938309	-0.101243	0.000270108
220	2.51383e-09	1.08984	-0.232134	0.00171161	0.199918	0.927264	-0.00179635
221	2.51383e-09	0.92555	0.585132	0.00146716	-0.513283	0.805241	-0.00134646
222	2.51383e-09	1.08369	-0.249514	-0.000781187	0.217006	0.924317	0.00262067
223	2.51383e-09	0.0726501	1.10785	-0.00155006	-0.946359	0.0586865	-0.000648744
224	2.51383e-09	0.707822	0.841928	-0.000147935	-0.733053	0.608368	-0.000193699
225	2.51383e-09	-0.943395	-0.605554	-0.000721074	0.506844	-0.794402	-0.000726254
226	2.51383e-09	-0.720413	0.853391	0.00268211	-0.721351	-0.613235	0.00140302
227	2.51383e-09	0.415781	1.02159	0.00150994	-0.882941	0.360277	0.000942048
228	2.51383e-09	-1.1085	0.144266	0.00125473	-0.12019	-0.937967	0.000681234
229	2.51383e-09	0.0636326	-1.12602	0.00042456	0.940366	0.0483606	-0.00295806
230	2.51383e-09	1.13921	0.102271	0.000255221	-0.0780202	0.930675	0.00145721
231	2.51383e-09	0.467399	-1.02143	0.00604401	0.857513	0.39723	0.000885671
232	2.51383e-09	-0.612434	-0.907945	-0.00223395	0.794024	-0.536753	0.000319708
233	2.51383e-09	0.340656	-1.05536	-0.00172984	0.907447	0.285946	-0.000830367
234	2.51383e-09	1.09521	0.247135	-0.000603023	-0.208117	0.920179	-0.00174582
235	2.51383e-09	-0.893887	0.656452	-0.00222074	-0.559792	-0.769156	-0.00283423
236	2.51383e-09	-0.98097	-0.563674	0.000923396	0.465843	-0.814827	-0.000427471
237	2.51383e-09	-0.347608	1.05356	0.00101516	-0.902412	-0.290114	0.000717537
238	2.51383e-09	0.405483	-1.05708	5.58235e-05	0.880499	0.340189	0.000484086
239	2.51383e-09	0.0468613	-1.10494	0.0028455	0.951003	0.0421948	-0.00202273
240	2.51383e-09	-0.0250867	-1.11755	-0.000269534	0.948876	-0.0176859	0.000970761
241	2.51383e-09	-0.810526	0.756417	0.000355752	-0.651025	-0.697071	0.000374481
242	2.51383e-09	-1.08671	0.39764	0.00218486	-0.319328	-0.871613	0.00232816
243	2.51383e-09	1.08811	-0.282076	-0.00137248	0.233542	0.913551	-0.00236731
244	2.51383e-09	0.3112	1.08866	-0.00318634	-0.90363	0.263077	9.94715e-05
245	2.51383e-09	1.00366	-0.505018	-0.00509781	0.425316	0.842745	-0.000857124
246	2.51383e-09	-0.287206	-1.08243	-0.00230388	0.913789	-0.243547	-0.000943916
247	2.51383e-09	1.06276	0.297073	0.000617445	-0.26167	0.9152	0.00110658
248	2.51383e-09	-1.12683	0.0588969	0.00266632	-0.0504259	-0.938323	0.000741579
249	2.51383e-09	0.834877	0.750486	-0.00127883	-0.626796	0.706391	0.000145317
250	2.51383e-09	-0.936887	-0.632334	-0.00239129	0.525254	-0.780111	-0.000635602
251	2.51383e-09	-0.618771	0.941842	-0.00104066	-0.78971	-0.513868	-0.00103399
252	2.51383e-09	1.12078	-0.0289631	0.00135572	0.0251052	0.943944	-0.000893491
253	2.51383e-09	-0.495255	1.03247	0.000281163	-0.840103	-0.403059	0.00248804
254	2.51383e-09	0.905315	-0.666098	-0.000665559	0.559748	0.760667	0.00241814
255	2.51383e-09	-0.583437	-0.974348	-0.000549807	0.805041	-0.482357	-0.000336256
256	2.51383e-09	0.134429	1.12539	0.00115466	-0.936231	0.112099	-0.000723503
257	2.51383e-09	-0.32083	-1.07516	0.00279594	0.905863	-0.267731	-0.00106324
258	2.51383e-09	0.968558	-0.588469	-0.00447144	0.48663	0.801508	0.000208247
259	2.51383e-09	-0.559441	-0.980141	-0.00114848	0.819015	-0.464526	0.000667056
260	2.51383e-09	-0.645976	-0.92561	0.000926216	0.768687	-0.541277	0.00369092
261	2.51383e-09	-0.315434	-1.10276	0.00128171	0.897796	-0.256624	0.000305375
262	2.51383e-09	-0.988195	0.528745	-0.0049021	-0.445792	-0.829463	-0.00152199
263	2.51383e-09	1.02506	0.487664	0.00118591	-0.406316	0.849678	0.00139271
264	2.51383e-09	1.10758	-0.191303	0.000287085	0.163186	0.929842	-0.000653575
265	2.51383e-09	-1.13158	0.220838	-0.000101559	-0.178774	-0.911753	-0.000891893
266	2.51383e-09	0.598736	0.964949	-0.000488867	-0.797285	0.495669	-6.04402e-05
267	2.51383e-09	-1.11688	0.00739517	0.00260722	-0.00424365	-0.949201	0.00042482
268	2.51383e-09	-1.05357	-0.413728	0.00218145	0.339763	-0.878783	0.000383556
269	2.51383e-09	0.349759	-1.08734	0.00238179	0.890663	0.29046	0.00136514
270	2.51383e-09	0.0957645	1.13188	0.000223369	-0.934803	0.079545	0.00138178
271	2.51383e-09	0.948299	0.638097	2.71086e-05	-0.519856	0.778161	-0.00179111
272	2.51383e-09	-1.0408	-0.465625	0.00124677	0.380586	-0.855416	-0.00247227
273	2.51383e-09	0.59173	0.977609	0.00150834	-0.802126	0.482832	-0.00231538
274	2.51383e-09	0.558315	-0.979703	-0.000753206	0.815577	0.4634	-0.00188264
275	2.51383e-09	-1.09028	-0.318492	0.000169812	0.265751	-0.898323	0.00243707
276	2.51383e-09	1.14201	0.044817	-1.87945e-05	-0.0301291	0.935748	-0.000833497
277	2.51383e-09	0.125115	1.14257	0.00395535	-0.923406	0.107535	0.00135129
278	2.51383e-09	-1.13134	-0.227987	0.000122693	0.185053	-0.910547	-0.00136176
279	2.51383e-09	0.966411	-0.652305	-0.000933897	0.516738	0.768511	-0.00049139
280	2.51383e-09	-0.409898	1.07872	-0.00169989	-0.871155	-0.335388	-0.000201992
281	2.51383e-09	-0.85428	-0.752507	-0.000228588	0.617899	-0.704748	-0.000786174
282	2.51383e-09	0.362816	1.09002	-0.00321564	-0.884944	0.294516	0.000147879
283	2.51383e-09	0.0172187	1.13846	0.00219142	-0.935912	0.00751357	0.00150946
284	2.51383e-09	1.1271	0.289068	0.000630963	-0.233491	0.895975	-0.00172055
285	2.51383e-09	1.14571	-0.0940326	0.00027513	0.0734422	0.92903	-0.000670582
286	2.51383e-09	0.164497	-1.11854	0.000724112	0.930495	0.135422	0.00110463
287	2.51383e-09	-0.242129	1.11254	0.00102903	-0.914146	-0.202328	0.00098587
288	2.51383e-09	0.348207	1.11094	-0.00176383	-0.883057	0.276039	0.000798252
289	2.51383e-09	-1.04426	0.480473	-0.00169692	-0.385584	-0.850979	-0.00259822
290	2.51383e-09	0.840979	0.779244	0.00249617	-0.633679	0.68377	0.00183329
291	2.51383e-09	1.0516	-0.464422	0.000327794	0.377131	0.852125	-0.00273592
292	2.51383e-09	-1.14427	-0.0414693	-0.000675849	0.0323719	-0.93382	0.00170027
293	2.51383e-09	-1.13836	-0.0169714	-0.000745454	0.0126641	-0.935689	-0.00237336
294	2.51383e-09	-1.15767	0.148187	-0.00549231	-0.117921	-0.918088	0.00250157
295	2.51383e-09	-0.136645	1.12776	-0.00209159	-0.930634	-0.118687	-0.000987608
296	2.51383e-09	-0.818607	-0.819774	0.00437802	0.655629	-0.657813	0.00140814
297	2.51383e-09	1.13028	-0.192104	0.00175903	0.157129	0.921605	-0.00037593
298	2.51383e-09	0.648183	-0.945683	-0.00281861	0.774602	0.526958	0.000204886
299	2.51383e-09	-1.02395	-0.533718	1.92251e-05	0.428171	-0.831383	-0.00080516
300	2.51383e-09	-0.71377	0.919198	0.00200551	-0.729983	-0.571718	0.00336076
301	2.51383e-09	-1.13074	-0.162224	-0.000490685	0.136251	-0.929012	0.00220089
302	2.51383e-09	1.0251	0.561187	0.00540589	-0.436151	0.813792	-0.000929356
303	2.51383e-09	-0.924855	-0.681091	-0.00248616	0.554799	-0.750731	0.000140258
304	2.51383e-09	0.551493	1.01724	-0.000370777	-0.818212	0.444668	-0.00138772
305	2.51383e-09	-0.791872	-0.826955	-0.000538339	0.672739	-0.647781	0.00196836
306	2.51383e-09	0.422701	-1.07373	0.00101555	0.865977	0.339665	0.00146832
307	2.51383e-09	-0.727495	0.899227	-0.00259711	-0.72584	-0.582841	0.00142729
308	2.51383e-09	-1.04045	0.539926	-0.000283095	-0.419859	-0.821755	-0.00053003
309	2.51383e-09	0.141231	1.14015	-0.00172445	-0.925697	0.113387	0.000718123
310	2.51383e-09	-1.08037	0.432689	-0.00166698	-0.344975	-0.858061	-0.000322112
311	2.51383e-09	0.28873	-1.12311	-0.00211516	0.8973	0.234643	0.00122433
312	2.51383e-09	0.270259	-1.13529	-0.00199001	0.900065	0.215686	0.000387623
313	2.51383e-09	-0.773651	-0.853379	-0.00272395	0.69091	-0.623254	-0.0023974
314	2.51383e-09	1.14966	-0.0143093	0.000121311	0.0123093	0.931845	0.00133175
315	2.51383e-09	-0.234764	-1.14836	0.00159835	0.904101	-0.184086	0.000809648
316	2.51383e-09	1.06357	0.477153	0.000256063	-0.375084	0.847852	0.00227252
317	2.51383e-09	0.566182	-1.01699	0.000830211	0.809747	0.44804	-0.00258659
318	2.51383e-09	-1.13645	-0.236237	-0.00287225	0.185799	-0.908779	-0.000684177
319	2.51383e-09	-1.13549	0.275153	0.00217509	-0.215002	-0.899359	-0.00197988
320	2.51383e-09	-1.12542	-0.365789	-0.000493933	0.282065	-0.873122	-3.51282e-05
321	2.51383e-09	-1.08086	-0.439472	0.000242724	0.352082	-0.856178	0.00044818
322	2.51383e-09	-1.14958	-0.131235	0.0013793	0.103917	-0.924038	-0.00214973
323	2.51383e-09	0.181948	1.13998	-0.000324635	-0.922183	0.147493	0.000326894
324	2.51383e-09	-0.750172	0.908192	0.00104737	-0.710755	-0.587156	0.000928836
325	2.51383e-09	-1.13572	-0.255308	-0.00324623	0.203465	-0.90035	-0.000407716
326	2.51383e-09	1.17884	0.0016221	-0.00207325	1.4292e-05	0.919355	0.00200874
327	2.51383e-09	-1.17424	-0.0895175	8.67444e-05	0.0699281	-0.917628	-0.00217322
328	2.51383e-09	1.03573	0.498141	-0.00228099	-0.402386	0.83852	-0.000263863
329	2.51383e-09	-1.14727	0.225461	-4.81698e-05	-0.178633	-0.912889	-0.000526205
330	2.51383e-09	-1.14718	0.0650625	-0.000776848	-0.05479	-0.934174	-0.000465217
331	2.51383e-09	0.113867	-1.14249	-0.00158941	0.929537	0.0915362	-0.0019253
332	2.51383e-09	1.11819	0.360045	-0.00145139	-0.282186	0.878942	0.000505589
333	2.51383e-09	-0.791484	0.880808	0.00303316	-0.684735	-0.613848	0.000545968
334	2.51383e-09	1.14084	0.229565	-0.000813468	-0.180594	0.912856	-0.00130661
335	2.51383e-09	-0.133512	-1.17726	0.00226621	0.911455	-0.102713	-0.000877345
336	2.51383e-09	1.12924	0.331133	-0.00197161	-0.26014	0.883329	-0.000874137
337	2.51383e-09	0.0285847	1.18417	6.99048e-05	-0.917614	0.0258773	-0.00188798
338	2.51383e-09	-1.15408	-0.17879	-0.00246139	0.141976	-0.914223	0.0022947
339	2.51383e-09	-1.17458	-0.209144	-0.00573018	0.160942	-0.898859	0.00175279
340	2.51383e-09	-0.999705	0.613275	0.00210551	-0.484806	-0.788377	0.000849321
341	2.51383e-09	1.10216	-0.402686	0.00141343	0.316783	0.868941	-0.000560968
342	2.51383e-09	-0.700736	-0.929007	-0.000207202	0.740117	-0.558591	-0.00065277
343	2.51383e-09	0.377244	-1.09398	0.00151117	0.880581	0.298301	0.00146209
344	2.51383e-09	1.14323	-0.317764	0.000657156	0.240634	0.883971	6.03537e-05
345	2.51383e-09	-1.16634	0.0389664	0.00184442	-0.0290165	-0.925188	0.00130168
346	2.51383e-09	0.00919427	1.16344	-0.0025119	-0.929382	0.00959008	0.0011604
347	2.51383e-09	-0.567567	-1.01647	0.00225134	0.807882	-0.459046	-0.000885048
348	2.51383e-09	-0.820348	-0.838549	-0.00421308	0.662105	-0.644368	0.000562946
349	2.51383e-09	0.486051	1.0609	-0.0019462	-0.845239	0.383595	-0.00207037
350	2.51383e-09	1.08264	0.466297	0.00174191	-0.360883	0.846767	0.0013788
351	2.51383e-09	-0.885766	-0.795189	-0.00115403	0.614452	-0.679417	0.000523556
352	2.51383e-09	-1.17881	-0.0508606	-0.000269317	0.0429236	-0.918624	0.00174687
353	2.51383e-09	0.505716	1.08726	-0.00336523	-0.829853	0.380473	0.00217998
354	2.51383e-09	1.15527	0.247009	-0.00171383	-0.191087	0.901488	-0.0021075
355	2.51383e-09	0.248571	-1.12603	0.00318256	0.908805	0.202218	0.00176984
356	2.51383e-09	-1.15763	0.328108	-0.000146817	-0.246986	-0.876653	-0.000734672
357	2.51383e-09	0.29278	1.14139	0.000317958	-0.894053	0.226887	0.00144746
358	2.51383e-09	0.205001	-1.18148	-0.00343254	0.899509	0.154875	-0.000729672
359	2.51383e-09	-0.554431	-1.05498	0.000174161	0.809374	-0.42992	-0.00307399
360	2.51383e-09	-0.519613	-1.05113	-0.000542084	0.828413	-0.406789	-0.000697194
361	2.51383e-09	0.277026	-1.13421	-0.00155103	0.899314	0.219774	0.00122785
362	2.51383e-09	-1.01887	-0.584108	-0.00150356	0.459177	-0.801284	-0.000851655
363	2.51383e-09	0.284804	1.15464	0.000431536	-0.887986	0.221432	-0.00181314
364	2.51383e-09	0.460827	-1.07368	0.000173511	0.848247	0.365413	-0.000723267
365	2.51383e-09	1.10235	0.468831	-0.00284514	-0.358392	0.841021	0.000823548
366	2.51383e-09	1.05993	-0.529305	0.00216009	0.411017	0.821702	0.00127702
367	2.51383e-09	0.00775969	-1.18699	0.00183935	0.918636	0.0104851	0.00110563
368	2.51383e-09	-0.551114	-1.06563	0.000945688	0.812442	-0.41616	-0.000137853
369	2.51383e-09	-0.840869	-0.841309	-0.00119572	0.645351	-0.651097	-0.000551695
370	2.51383e-09	1.18153	-0.142842	0.00137634	0.106246	0.910447	0.000366536
371	2.51383e-09	-0.840335	0.866801	0.00136038	-0.651837	-0.635196	-0.000460703
372	2.51383e-09	-0.410059	-1.1277	0.00290134	0.857645	-0.309253	-0.00107278
373	2.51383e-09	1.1739	0.202766	-0.0003633	-0.154727	0.901989	-0.0025809
374	2.51383e-09	1.17918	-0.240417	0.00304383	0.18106	0.895531	-0.00164694
375	2.51383e-09	0.145893	1.18434	-0.000724031	-0.907113	0.112549	-0.000477335
376	2.51383e-09	-0.30174	-1.14599	0.000171697	0.888973	-0.233406	0.000446345
377	2.51383e-09	0.128864	-1.18944	-0.00263522	0.906433	0.0989967	0.000549411
378	2.51383e-09	0.563505	-1.06068	0.00103894	0.806039	0.424679	0.000582218
379	2.51383e-09	-0.104553	1.17788	-0.00198956	-0.915134	-0.0745087	-0.00169537
380	2.51383e-09	0.973612	0.679838	-0.000613384	-0.529446	0.749767	0.000609055
381	2.51383e-09	1.09253	0.480436	0.000308319	-0.365894	0.838872	0.000161923
382	2.51383e-09	-1.16308	0.29537	0.00265922	-0.222414	-0.883347	-0.000767392
383	2.51383e-09	0.753613	0.909371	-0.00032399	-0.708688	0.582402	-0.000431813
384	2.51383e-09	-0.875339	-0.826805	0.000803609	0.621002	-0.66628	-0.0018831
385	2.51383e-09	0.898617	0.773551	-0.000734729	-0.597821	0.698518	-4.46885e-05
386	2.51383e-09	-0.401037	1.12506	0.0022429	-0.861189	-0.308413	0.00190649
387	2.51383e-09	1.04747	0.580475	-0.00300496	-0.441714	0.801678	-0.00170887
388	2.51383e-09	1.04337	-0.616398	-0.00149029	0.458922	0.780242	-0.000170767
389	2.51383e-09	-0.250927	-1.16148	-0.000904027	0.894993	-0.195435	-0.00341746
390	2.51383e-09	-1.13985	0.318886	-0.00272716	-0.251602	-0.884307	0.00223906
391	2.51383e-09	-0.35888	1.15902	0.000589671	-0.864538	-0.270323	-0.00186075
392	2.51383e-09	0.671165	-1.00087	0.00427083	0.755038	0.507969	0.00303099
393	2.51383e-09	1.19579	0.220906	-0.00215823	-0.159969	0.890545	0.00149332
394	2.51383e-09	0.764282	0.925404	-0.00224901	-0.702354	0.584098	4.27905e-05
395	2.51383e-09	-0.515737	1.07666	-0.000598234	-0.825447	-0.398731	-0.00114899
396	2.51383e-09	0.384941	1.14941	-0.000155753	-0.858891	0.289725	0.000998156
397	2.51383e-09	-0.412098	-1.12903	0.00279775	0.856969	-0.310759	-0.00130853
398	2.51383e-09	-1.20048	0.0928927	-0.00199977	-0.065662	-0.910455	-0.000190877
399	2.51383e-09	1.01872	0.62907	-0.000843436	-0.482041	0.777932	-0.00188044
400	2.51383e-09	-1.05281	0.56896	0.00100035	-0.429546	-0.806934	-0.000515206
