1.197600e+04
401
0	1	0.000550813	0.000341735	-5.02897e-07	4.56448e-08	-2.53891e-08	-2.26766e-10
1	2.51383e-09	-0.832038	0.573589	0.00247798	-0.557588	-0.82358	0.000767647
2	2.51383e-09	0.682416	0.738396	-3.33e-05	-0.730536	0.672638	0.00164977
3	2.51383e-09	-0.989457	-0.127408	-0.00197707	0.132485	-0.989426	-0.000235882
4	2.51383e-09	-0.989174	-0.171281	-0.000631207	0.171759	-0.982678	0.00225565
5	2.51383e-09	0.590859	0.803735	0.00147507	-0.805308	0.59228	-0.000380387
6	2.51383e-09	0.815592	0.606009	-0.00459165	-0.589217	0.797296	0.000278763
7	2.51383e-09	0.931601	-0.352466	-0.00189959	0.358137	0.9369	-0.00243736
8	2.51383e-09	0.65842	-0.740095	-0.000113005	0.754013	0.66797	0.000216497
9	2.51383e-09	-0.364829	0.933764	6.30366e-05	-0.932741	-0.364521	-0.000134078
10	2.51383e-09	0.0051696	1.01423	-0.000823071	-0.991955	0.00377299	0.00273674
11	2.51383e-09	0.824619	-0.56819	-0.00132247	0.570159	0.820906	0.000966743
12	2.51383e-09	-0.993783	0.243777	-0.00103525	-0.240105	-0.957062	0.000362905
13	2.51383e-09	0.496363	-0.878943	-0.00123735	0.866024	0.486804	0.00104943
14	2.51383e-09	-0.0464629	1.01046	-0.000848379	-0.993872	-0.0509577	0.00319248
15	2.51383e-09	-0.11296	1.00539	0.000302476	-0.982914	-0.109616	0.00237502
16	2.51383e-09	-0.194978	0.976656	0.000795281	-0.986168	-0.194074	-0.0019612
17	2.51383e-09	-0.451761	-0.903156	0.00120727	0.885951	-0.452507	0.00163214
18	2.51383e-09	1.00927	0.15812	0.000230925	-0.150906	0.974608	0.00116872
19	2.51383e-09	-0.593692	0.825807	0.00438775	-0.808657	-0.572943	-0.00144169
20	2.51383e-09	-0.0887784	1.03068	0.00166262	-0.979401	-0.0828017	-0.00199793
21	2.51383e-09	0.185591	0.987129	0.00026356	-0.980924	0.185852	-0.000221429
22	2.51383e-09	-1.03765	0.136516	0.00128951	-0.13029	-0.966514	-0.00110735
23	2.51383e-09	-0.973411	0.29794	0.00393032	-0.288056	-0.946399	-0.00059595
24	2.51383e-09	0.940069	0.332887	0.00185673	-0.335549	0.948881	0.00119312
25	2.51383e-09	0.731768	0.70125	-0.000249186	-0.693711	0.71426	0.00181027
26	2.51383e-09	0.773064	0.672003	0.000532842	-0.64428	0.74752	0.00112232
27	2.51383e-09	0.665101	-0.7514	-0.00215076	0.749921	0.659013	-0.00256487
28	2.51383e-09	0.94944	0.361308	0.00243266	-0.351858	0.92651	0.00455344
29	2.51383e-09	0.606678	0.797068	-0.00123175	-0.795065	0.604247	-0.00273667
30	2.51383e-09	0.926829	0.423658	0.00122521	-0.413073	0.899509	-0.00193235
31	2.51383e-09	0.337836	-0.956455	0.000129307	0.937528	0.320596	0.00287133
32	2.51383e-09	0.0329842	-1.00996	0.00113807	0.993695	0.0361815	0.00422995
33	2.51383e-09	-0.960581	-0.347635	0.000401192	0.338925	-0.934444	0.000798092
34	2.51383e-09	0.545076	-0.885487	-0.00016495	0.835742	0.513112	-0.00282599
35	2.51383e-09	1.02083	0.00384311	0.00226271	-0.00475562	0.988756	0.00104794
36	2.51383e-09	-1.01145	-0.169914	-0.000530502	0.164427	-0.965942	0.000624909
37	2.51383e-09	0.44723	0.919436	0.000719635	-0.888109	0.435254	0.000192071
38	2.51383e-09	-0.973271	0.217286	-0.000110515	-0.222593	-0.979499	0.000606078
39	2.51383e-09	-0.593266	0.827908	0.000679794	-0.808872	-0.574402	0.000565082
40	2.51383e-09	-0.991389	-0.197179	0.00171097	0.184943	-0.980423	0.000696197
41	2.51383e-09	-1.01417	-0.00126983	-0.00115244	-0.000757242	-0.993251	-0.000828547
42	2.51383e-09	0.611118	0.823766	-0.000617685	-0.793416	0.586741	-0.00172848
43	2.51383e-09	-0.52549	-0.854899	-0.000326392	0.847985	-0.527274	0.00218077
44	2.51383e-09	-0.900005	-0.505515	0.00262983	0.48235	-0.858264	0.000708534
45	2.51383e-09	0.081807	-1.01779	-0.00174843	0.987945	0.0801954	-0.00131189
46	2.51383e-09	-0.649385	0.763203	0.00207757	-0.763891	-0.644178	-9.97365e-06
47	2.51383e-09	-0.0697049	-1.01363	0.0008118	0.988464	-0.0686048	0.000123634
48	2.51383e-09	-0.900876	0.499615	0.000343981	-0.475321	-0.863107	0.000500802
49	2.51383e-09	-0.0225153	1.01026	-0.00257705	-0.994346	-0.0173109	-0.000109552
50	2.51383e-09	-0.0827253	-1.03399	-0.00224169	0.979914	-0.081951	0.000405323
51	2.51383e-09	0.786474	0.644675	-0.000410558	-0.628029	0.769588	-0.00159912
52	2.51383e-09	-0.291726	-0.991341	0.000810338	0.943756	-0.281103	0.00203986
53	2.51383e-09	-0.065244	1.02349	0.00043319	-0.985151	-0.0699356	-0.00014852
54	2.51383e-09	-0.347061	-0.976526	-0.000141884	0.924396	-0.327891	-0.00292325
55	2.51383e-09	-1.02535	-0.0718983	0.000766605	0.0679304	-0.984262	0.000989608
56	2.51383e-09	0.431982	-0.933145	-0.000291243	0.893824	0.413348	-0.000200327
57	2.51383e-09	0.941029	-0.467235	-0.00112021	0.4316	0.874651	0.00022791
58	2.51383e-09	-0.522707	0.895597	0.00225928	-0.848999	-0.492735	0.000122466
59	2.51383e-09	-0.268236	0.986749	0.00153679	-0.955081	-0.265933	-0.00324381
60	2.51383e-09	0.346414	-0.978798	0.00245775	0.925246	0.325949	0.00182747
61	2.51383e-09	0.98424	-0.312292	-0.00380308	0.296771	0.940146	0.00169656
62	2.51383e-09	0.164179	1.01962	0.00169646	-0.973453	0.152645	8.68011e-05
63	2.51383e-09	0.839474	0.59386	-6.85626e-07	-0.568176	0.807293	0.00161686
64	2.51383e-09	-0.170521	-1.01203	0.00216844	0.974764	-0.172206	0.000513119
65	2.51383e-09	-1.0075	-0.2191	0.00120942	0.208157	-0.960216	-2.16227e-05
66	2.51383e-09	-0.979361	-0.32481	3.7237e-05	0.321702	-0.928106	0.00278649
67	2.51383e-09	-0.760061	-0.714854	-0.000851945	0.671895	-0.710241	0.000824054
68	2.51383e-09	-0.10397	-1.02816	0.00209947	0.980951	-0.100327	-0.00130712
69	2.51383e-09	1.01206	0.259187	-0.000769996	-0.237034	0.950824	-0.00136224
70	2.51383e-09	-0.325814	-0.977032	-0.000742417	0.933379	-0.309634	-0.00324455
71	2.51383e-09	0.233245	-1.00896	0.00624882	0.959681	0.221792	0.000184253
72	2.51383e-09	-0.036894	1.06223	0.00170697	-0.970569	-0.0344441	0.00092166
73	2.51383e-09	-1.03505	-0.138013	0.00217983	0.127823	-0.970984	0.000117112
74	2.51383e-09	0.0852822	-1.05404	-0.00335585	0.969454	0.0843811	0.00159038
75	2.51383e-09	0.285327	0.989871	-0.00403206	-0.949862	0.273639	-0.000301558
76	2.51383e-09	0.717385	-0.78059	0.00131996	0.717207	0.649244	0.000289982
77	2.51383e-09	0.865299	0.599749	0.0002097	-0.555569	0.800192	-0.0011747
78	2.51383e-09	0.97649	-0.334519	0.00380692	0.317893	0.935489	0.00124719
79	2.51383e-09	0.685165	0.769256	-0.00274965	-0.734114	0.660417	-0.00508728
80	2.51383e-09	1.0083	0.268799	-0.000940613	-0.250244	0.948349	-1.44045e-05
81	2.51383e-09	0.7952	-0.623109	0.00175753	0.618132	0.783753	0.00203657
82	2.51383e-09	-1.04338	-0.0667358	-0.00161161	0.0603375	-0.977588	-0.00311829
83	2.51383e-09	-0.840433	0.597225	0.000775545	-0.563692	-0.808009	0.00119927
84	2.51383e-09	1.03921	0.171804	0.00132162	-0.161262	0.958495	0.00199943
85	2.51383e-09	-1.01701	-0.134525	-0.000959204	0.130865	-0.977802	0.000753571
86	2.51383e-09	-0.990172	-0.326597	-0.000873633	0.312475	-0.931863	-0.00107012
87	2.51383e-09	0.501559	0.915368	-0.00296065	-0.858626	0.472006	-0.00220051
88	2.51383e-09	-0.738226	0.711885	0.00191374	-0.68307	-0.712764	-0.000633895
89	2.51383e-09	-0.198817	-1.02984	0.00150707	0.960809	-0.181077	0.00259567
90	2.51383e-09	0.379626	0.98022	0.00280575	-0.907627	0.353966	0.000430553
91	2.51383e-09	-0.584395	0.835226	-0.00238214	-0.81028	-0.575794	-0.000587986
92	2.51383e-09	-0.235865	1.02163	0.00128635	-0.950316	-0.219768	0.000334182
93	2.51383e-09	1.06224	-0.191957	-0.00268427	0.166673	0.945844	0.000156622
94	2.51383e-09	-0.976886	-0.328726	-0.00087926	0.317215	-0.931664	0.000852777
95	2.51383e-09	-0.549576	0.870101	0.00216907	-0.83459	-0.524847	0.00190539
96	2.51383e-09	-0.669176	0.837125	-0.000953418	-0.755724	-0.595798	-0.000509089
97	2.51383e-09	-0.454831	0.949629	0.000401407	-0.878204	-0.420463	0.00231547
98	2.51383e-09	-0.796431	-0.679272	-0.000796155	0.634563	-0.746771	-0.00362759
99	2.51383e-09	-0.878008	-0.584239	0.00136099	0.543265	-0.811525	-0.00257176
100	2.51383e-09	0.679596	0.807441	-0.00067116	-0.753142	0.619251	0.000937266
101	2.51383e-09	0.619873	0.826284	0.00156528	-0.789436	0.591043	-0.000667877
102	2.51383e-09	-0.530338	-0.874699	0.00128879	0.845747	-0.518063	0.0015821
103	2.51383e-09	1.03293	-0.23881	0.000888129	0.217158	0.944367	-0.00181974
104	2.51383e-09	0.0589104	-1.04925	0.00114541	0.969246	0.0587804	0.000553095
105	2.51383e-09	0.743838	0.715959	-0.00110507	-0.682824	0.711637	-0.000540383
106	2.51383e-09	0.670967	-0.78549	-0.000118277	0.74904	0.639798	0.000790572
107	2.51383e-09	-0.999069	0.375669	0.00341336	-0.338957	-0.905428	-0.000530077
108	2.51383e-09	0.858233	0.622761	-0.00105542	-0.570958	0.790124	-0.00113937
109	2.51383e-09	1.02142	-0.275115	0.00208752	0.248717	0.940428	-0.00144302
110	2.51383e-09	1.05441	-0.0962228	0.000184999	0.0815268	0.968286	-0.00134144
111	2.51383e-09	0.636903	0.863094	0.00349913	-0.777576	0.568885	-0.00350686
112	2.51383e-09	-1.04816	0.213826	-0.0022595	-0.186616	-0.950125	0.000888362
113	2.51383e-09	0.921675	0.523907	-0.00100786	-0.477756	0.846988	-0.00136696
114	2.51383e-09	0.198154	-1.0356	0.000902483	0.953773	0.181111	0.00115545
115	2.51383e-09	0.595931	-0.900521	-0.00037868	0.801589	0.530807	-0.00304679
116	2.51383e-09	-0.0055463	-1.05889	-0.00227895	0.969915	-0.000992316	0.00409556
117	2.51383e-09	1.02363	0.252092	-0.000628304	-0.229274	0.944992	0.00143043
118	2.51383e-09	0.58815	0.86753	1.88022e-05	-0.812497	0.548588	0.000452705
119	2.51383e-09	0.637067	0.833993	-0.00411696	-0.779407	0.590229	-0.00172003
120	2.51383e-09	0.837795	0.639928	0.00127621	-0.596215	0.772786	-0.00186337
121	2.51383e-09	1.05299	-0.176256	0.00350509	0.164251	0.953949	0.000539668
122	2.51383e-09	-1.07772	0.104201	-0.000264719	-0.0963387	-0.953329	-0.0022046
123	2.51383e-09	-0.539586	-0.890376	0.0016127	0.837235	-0.508509	-0.00322314
124	2.51383e-09	1.01515	0.361569	0.00327036	-0.324929	0.908762	-0.00158619
125	2.51383e-09	0.54648	0.878398	0.000116313	-0.839039	0.520704	0.00128552
126	2.51383e-09	-0.90169	-0.550017	-0.000565564	0.508226	-0.827899	-3.53373e-05
127	2.51383e-09	-1.04986	0.0887733	0.00387569	-0.0772576	-0.971706	0.00092172
128	2.51383e-09	-0.888375	0.587854	0.00437542	-0.52962	-0.810949	-0.00168651
129	2.51383e-09	-0.728812	0.762834	0.00269973	-0.707786	-0.670189	-0.000787368
130	2.51383e-09	0.692313	-0.801659	-0.00188402	0.734237	0.639717	-0.00394621
131	2.51383e-09	-0.0534206	-1.09259	0.00134667	0.955637	-0.0457836	-0.000745673
132	2.51383e-09	-1.02559	-0.346881	0.00331933	0.311193	-0.904936	0.000504673
133	2.51383e-09	-0.624574	0.860824	-0.00121341	-0.786974	-0.570331	-0.00128523
134	2.51383e-09	0.515782	0.934107	0.00201892	-0.845734	0.465999	0.000500153
135	2.51383e-09	-1.05876	0.0781636	0.00097772	-0.0748721	-0.966455	-0.00249635
136	2.51383e-09	1.02665	0.388525	-0.00165937	-0.336172	0.893752	-0.000417021
137	2.51383e-09	0.403079	-0.976399	0.00213192	0.900339	0.374269	0.000223319
138	2.51383e-09	0.204811	-1.04746	0.000125577	0.94758	0.183008	-0.00372597
139	2.51383e-09	-0.384135	0.984272	-0.00411237	-0.907715	-0.353804	0.000627186
140	2.51383e-09	0.372763	-1.03421	-0.000647611	0.894841	0.324969	0.000236972
141	2.51383e-09	0.829705	0.648697	0.00180375	-0.602235	0.768712	0.00118986
142	2.51383e-09	-1.03788	-0.298586	0.00266688	0.273042	-0.920412	-0.000358928
143	2.51383e-09	0.247181	1.04692	0.00264442	-0.934681	0.229987	-0.00169618
144	2.51383e-09	1.02072	-0.361556	-0.00168179	0.324361	0.904619	-0.00180003
145	2.51383e-09	-0.602122	0.859171	-0.00124808	-0.797654	-0.562096	-0.00244735
146	2.51383e-09	1.06156	-0.27183	-0.00056714	0.231135	0.927009	-0.00229525
147	2.51383e-09	0.995732	0.412452	0.00393252	-0.366413	0.892109	0.00193123
148	2.51383e-09	-0.57554	-0.920536	-0.00195602	0.816783	-0.505047	0.000465942
149	2.51383e-09	-0.536337	0.912026	0.0027127	-0.832526	-0.502378	-0.00187815
150	2.51383e-09	0.41919	-0.987291	0.000801708	0.894641	0.365934	0.00157248
151	2.51383e-09	-0.808576	0.725049	0.000845973	-0.635289	-0.717759	0.001669
152	2.51383e-09	0.809659	-0.710236	-0.000110175	0.64492	0.715408	-1.35097e-05
153	2.51383e-09	-0.945157	0.524117	0.00281271	-0.46986	-0.840904	0.00238644
154	2.51383e-09	-0.571052	-0.950036	0.000580646	0.812104	-0.487749	0.00358307
155	2.51383e-09	-0.243232	1.0561	-0.00104398	-0.937113	-0.21898	0.00131901
156	2.51383e-09	-0.963981	0.5329	-0.00185111	-0.45396	-0.833744	0.00242829
157	2.51383e-09	-0.829617	0.672636	0.00176297	-0.606564	-0.751532	-0.00164501
158	2.51383e-09	0.708989	0.842536	0.00367762	-0.724451	0.61403	0.00116697
159	2.51383e-09	0.181046	-1.06044	-0.000830062	0.949258	0.160667	0.000262618
160	2.51383e-09	0.960964	0.497637	-0.00130936	-0.442264	0.850873	0.000747626
161	2.51383e-09	0.489486	-0.963108	0.000361721	0.859461	0.433647	0.00147928
162	2.51383e-09	-0.223893	1.04509	-0.00302119	-0.947738	-0.202911	0.00159247
163	2.51383e-09	-0.930278	-0.554119	-0.000138246	0.483044	-0.830769	0.000851991
164	2.51383e-09	1.01018	-0.378996	-0.00136172	0.333151	0.902587	0.00422067
165	2.51383e-09	0.982922	0.494007	-0.00287306	-0.42609	0.852932	-0.00216204
166	2.51383e-09	0.94232	-0.523762	0.00024833	0.467729	0.840029	-0.00164412
167	2.51383e-09	0.980974	0.438832	4.22777e-05	-0.390873	0.878178	-0.00129465
168	2.51383e-09	0.99552	-0.458387	0.00118103	0.401529	0.863901	3.41023e-05
169	2.51383e-09	1.06922	-0.184492	-0.000894379	0.162926	0.949459	-0.00176554
170	2.51383e-09	0.929307	-0.567295	-0.00135179	0.498558	0.820884	0.00110529
171	2.51383e-09	-0.160802	-1.08084	-0.000336052	0.945228	-0.140887	0.00117056
172	2.51383e-09	-0.541396	0.969199	0.000759999	-0.829542	-0.461675	-0.000724761
173	2.51383e-09	0.0513334	1.09703	0.000269979	-0.954115	0.0432631	0.00269607
174	2.51383e-09	0.669942	0.87671	0.00276198	-0.758128	0.574761	0.00024087
175	2.51383e-09	1.07886	-0.218337	0.000635067	0.188122	0.930654	0.00363112
176	2.51383e-09	1.0523	0.281163	0.00209729	-0.250988	0.923112	-0.000918823
177	2.51383e-09	0.738724	-0.832777	-0.0030675	0.712637	0.627391	0.00128128
178	2.51383e-09	0.735221	0.799741	-0.00257761	-0.704415	0.650997	0.000578884
179	2.51383e-09	0.977888	-0.5119	-0.00311489	0.437857	0.845249	-0.00117012
180	2.51383e-09	1.02078	0.34942	0.00044156	-0.310908	0.912476	-0.00218148
181	2.51383e-09	0.828669	0.715363	-3.4102e-06	-0.627975	0.724133	-0.000123434
182	2.51383e-09	-0.79861	0.762242	0.0013184	-0.661955	-0.683603	0.00159726
183	2.51383e-09	-1.05506	-0.291103	0.000272622	0.255558	-0.922434	0.000520694
184	2.51383e-09	1.0783	0.215848	0.0020097	-0.189037	0.93697	0.000427142
185	2.51383e-09	0.0851268	1.08003	5.89911e-05	-0.959402	0.07275	-0.00276692
186	2.51383e-09	-0.348333	1.03122	0.000757408	-0.909163	-0.305893	-0.00163429
187	2.51383e-09	0.549098	0.905955	0.00235562	-0.83189	0.506093	-0.0025506
188	2.51383e-09	-0.792992	-0.770617	0.0014199	0.662401	-0.678183	0.00252794
189	2.51383e-09	-0.766503	-0.777432	0.00281049	0.678224	-0.674162	0.000964507
190	2.51383e-09	0.549153	0.948512	0.00126771	-0.831676	0.478961	-0.000331171
191	2.51383e-09	0.341331	-1.03048	-0.000415011	0.911264	0.297743	-0.000184751
192	2.51383e-09	0.598815	-0.920038	-0.000851972	0.799625	0.52229	-0.00113564
193	2.51383e-09	-0.952338	0.565368	-0.00288989	-0.482642	-0.820123	0.00145485
194	2.51383e-09	1.05301	-0.379019	0.00295978	0.322919	0.890106	-0.00112823
195	2.51383e-09	0.739268	-0.790422	-0.000994717	0.699718	0.657838	-0.000757777
196	2.51383e-09	-1.0324	0.364894	-0.000635321	-0.312731	-0.902617	0.00380797
197	2.51383e-09	0.160479	-1.07521	-0.00292356	0.94894	0.14116	0.000561856
198	2.51383e-09	-0.503302	0.989974	0.00111921	-0.847437	-0.429635	0.00174483
199	2.51383e-09	1.09517	-0.0786291	0.00302114	0.0693599	0.954385	0.00259366
200	2.51383e-09	-1.0169	-0.459291	0.000271402	0.390601	-0.860799	0.000177939
201	2.51383e-09	0.478713	-0.978067	0.000472675	0.861985	0.421829	-0.00137164
202	2.51383e-09	-1.01958	0.372002	-0.00113571	-0.331083	-0.901996	-0.00138482
203	2.51383e-09	0.347048	1.02063	0.00292842	-0.913855	0.306853	0.00182386
204	2.51383e-09	-0.868965	-0.679654	-6.53016e-05	0.577692	-0.754058	0.00117006
205	2.51383e-09	0.117058	-1.12725	0.000665177	0.931541	0.0940387	-0.000293499
206	2.51383e-09	-0.795522	-0.755186	-0.00189166	0.657727	-0.691612	5.76168e-06
207	2.51383e-09	0.668635	0.898842	0.00141478	-0.758713	0.56211	0.00335484
208	2.51383e-09	0.984816	0.467403	0.00319869	-0.410159	0.869558	0.000747426
209	2.51383e-09	0.339896	1.04421	0.00361598	-0.911125	0.291151	0.00038041
210	2.51383e-09	1.02426	0.405939	-0.00136118	-0.355898	0.88475	0.00164563
211	2.51383e-09	-1.08913	-0.150675	-0.000889663	0.132791	-0.942326	-0.000306427
212	2.51383e-09	0.552019	0.975695	-0.0027666	-0.823624	0.471506	0.000566436
213	2.51383e-09	1.10317	0.121928	0.00205012	-0.108723	0.944619	0.00250121
214	2.51383e-09	-0.834753	-0.702423	0.000236469	0.61727	-0.735144	0.00211147
215	2.51383e-09	-0.380422	-1.05268	-0.00168522	0.888135	-0.322701	-0.000372237
216	2.51383e-09	1.11097	-0.0759569	-0.00110089	0.0708667	0.943161	-0.000289781
217	2.51383e-09	-1.11648	0.0584235	0.00178454	-0.053157	-0.943148	0.00108661
218	2.51383e-09	-0.711986	0.807153	-0.00532606	-0.718592	-0.639823	0.00337285
219	2.51383e-09	-1.05713	-0.428464	-0.00117303	0.34891	-0.867542	-0.000423287
220	2.51383e-09	1.08651	-0.220866	-0.00390742	0.188687	0.932433	0.00169109
221	2.51383e-09	1.07566	0.139725	-0.00112675	-0.123826	0.951876	0.00331114
222	2.51383e-09	0.733329	-0.833994	0.00178024	0.713039	0.624443	-0.00121592
223	2.51383e-09	-0.61914	-0.91574	-0.000631796	0.789853	-0.535245	-0.00091024
224	2.51383e-09	1.08062	0.176045	-0.000104544	-0.157291	0.941558	-0.00173364
225	2.51383e-09	-0.983063	0.522948	0.00124408	-0.449812	-0.83447	0.000936146
226	2.51383e-09	1.03049	-0.436127	0.00230611	0.372759	0.868504	0.00240273
227	2.51383e-09	-0.966289	0.548853	-0.00290255	-0.466235	-0.825247	-0.000809315
228	2.51383e-09	0.110211	-1.11148	-0.000615478	0.941112	0.0904471	-0.00202671
229	2.51383e-09	1.11522	0.153021	0.00401635	-0.129002	0.934468	0.00201692
230	2.51383e-09	-1.02318	-0.514999	0.0032948	0.422353	-0.834956	-0.000627406
231	2.51383e-09	1.09641	-0.253107	-0.00488182	0.21247	0.9211	0.00114061
232	2.51383e-09	0.230387	1.07439	-0.00174897	-0.932376	0.192937	0.00178373
233	2.51383e-09	-1.06547	0.306363	0.000464174	-0.263413	-0.915941	0.00113416
234	2.51383e-09	-0.426515	-1.03844	-0.00605615	0.872076	-0.357837	-0.00195036
235	2.51383e-09	1.00612	0.503784	-0.00252979	-0.420557	0.839295	-0.000572312
236	2.51383e-09	0.656583	-0.920684	-6.63288e-05	0.759695	0.550415	0.00170548
237	2.51383e-09	-0.5179	0.975877	-0.0024126	-0.841581	-0.439281	-0.00250315
238	2.51383e-09	0.832702	-0.78407	-0.000610956	0.644691	0.682822	0.000511558
239	2.51383e-09	0.0985248	1.1055	0.00261415	-0.944306	0.0846751	-0.000230324
240	2.51383e-09	-0.370897	-1.05355	0.00292689	0.89846	-0.308227	-0.00134299
241	2.51383e-09	-0.983218	-0.504797	0.0019647	0.43795	-0.847029	0.00193055
242	2.51383e-09	-0.0771741	1.15431	0.00184527	-0.929112	-0.060232	-0.00245966
243	2.51383e-09	-0.876123	-0.714047	-0.0032939	0.590998	-0.730038	-0.00242896
244	2.51383e-09	-0.222027	-1.11776	-0.00106658	0.919454	-0.177629	0.00145332
245	2.51383e-09	0.594819	0.958845	0.00417129	-0.799307	0.498717	-0.00195981
246	2.51383e-09	-0.616856	-0.945115	0.00309583	0.791262	-0.511046	0.00103974
247	2.51383e-09	1.09973	-0.158517	0.00221311	0.131913	0.935552	-0.00245936
248	2.51383e-09	0.306915	1.0841	0.000202289	-0.90561	0.256374	0.000251977
249	2.51383e-09	-1.09183	-0.277823	0.00119042	0.226134	-0.913233	-0.000935044
250	2.51383e-09	-0.78916	0.817321	0.00187546	-0.674808	-0.651894	0.00122617
251	2.51383e-09	1.11568	-0.0484627	0.00264444	0.0450715	0.94606	0.000886746
252	2.51383e-09	0.447511	-1.01355	0.000736518	0.873175	0.38259	-0.000419899
253	2.51383e-09	1.05142	-0.404376	0.000843293	0.339656	0.880558	0.00423694
254	2.51383e-09	0.377575	1.07048	0.00111234	-0.885197	0.306277	-0.000447816
255	2.51383e-09	0.748977	-0.850829	-0.00175623	0.71106	0.615867	0.00187878
256	2.51383e-09	-0.665936	0.938419	-0.00174465	-0.760325	-0.535563	0.00090088
257	2.51383e-09	0.817454	0.766908	0.00156423	-0.645802	0.690024	-0.00167958
258	2.51383e-09	-1.12141	-0.0317361	-0.00329391	0.0236876	-0.945717	-0.000265013
259	2.51383e-09	0.935766	0.627049	-0.0012795	-0.529396	0.783998	0.00152752
260	2.51383e-09	1.12728	0.046285	-0.00554896	-0.0392151	0.939421	0.000987474
261	2.51383e-09	0.510657	-1.02326	-0.00133748	0.834941	0.416845	-0.000192299
262	2.51383e-09	-0.95015	0.591465	0.00226023	-0.501012	-0.79816	0.00421206
263	2.51383e-09	-0.395431	1.06716	-0.0012426	-0.885289	-0.320512	0.00254229
264	2.51383e-09	-0.605217	-0.932309	0.000518437	0.796147	-0.519837	-0.00194189
265	2.51383e-09	-1.13162	-0.19545	0.00255331	0.158749	-0.91827	-0.00115884
266	2.51383e-09	-1.04357	-0.448665	-0.000525319	0.370098	-0.860985	-0.000794597
267	2.51383e-09	-0.274153	-1.08034	0.00082062	0.918479	-0.237042	0.000129481
268	2.51383e-09	1.02947	-0.477328	0.0012183	0.397647	0.848283	-0.000139984
269	2.51383e-09	-0.793078	-0.835194	0.000107328	0.676398	-0.63782	-0.00207326
270	2.51383e-09	-0.901932	-0.673189	0.000271239	0.558884	-0.759579	-0.00181115
271	2.51383e-09	-0.366744	1.09958	-0.000728838	-0.879587	-0.293215	0.000273612
272	2.51383e-09	-0.0782576	1.14517	-0.00101682	-0.929564	-0.0631655	-0.0035115
273	2.51383e-09	0.998751	0.559303	0.00162445	-0.458946	0.816925	0.00129039
274	2.51383e-09	-0.857466	0.72354	-0.000100091	-0.611203	-0.722963	0.00318736
275	2.51383e-09	1.08431	0.342776	0.00100862	-0.278359	0.896336	0.00168659
276	2.51383e-09	-0.746636	-0.872343	0.00286323	0.710682	-0.608724	-0.000430534
277	2.51383e-09	-0.896431	-0.709774	-0.000454486	0.588356	-0.727707	0.00458949
278	2.51383e-09	-0.269254	-1.11614	0.00314957	0.906505	-0.217241	0.0033642
279	2.51383e-09	-0.911472	0.724061	-0.00112443	-0.577711	-0.729613	4.86792e-05
280	2.51383e-09	-0.772011	-0.875204	0.00140195	0.69236	-0.610909	0.0020813
281	2.51383e-09	0.867066	0.719312	0.000156519	-0.603096	0.727591	-0.00154991
282	2.51383e-09	1.0006	0.557313	-0.00209817	-0.457502	0.813658	-0.000610833
283	2.51383e-09	-0.90984	-0.66523	0.00249073	0.556643	-0.762873	0.00268735
284	2.51383e-09	-0.16578	1.13819	-8.66057e-05	-0.920701	-0.141669	-0.00188422
285	2.51383e-09	0.967363	0.617529	-0.00126875	-0.504265	0.787001	0.000865159
286	2.51383e-09	-0.138318	-1.14052	4.67046e-05	0.923276	-0.111485	-0.000427881
287	2.51383e-09	0.798804	0.81823	-0.000697568	-0.665562	0.651819	-0.0013012
288	2.51383e-09	1.09175	-0.37928	0.00246845	0.310494	0.876065	0.00101718
289	2.51383e-09	-1.07519	0.402435	-0.000631323	-0.323184	-0.875454	0.00372063
290	2.51383e-09	-1.12603	0.184555	-0.00103273	-0.148475	-0.921982	0.00376942
291	2.51383e-09	-0.759128	-0.862586	-0.00229144	0.698422	-0.618401	0.000866457
292	2.51383e-09	-0.410703	-1.07307	-0.000118381	0.872627	-0.33228	-0.000874302
293	2.51383e-09	0.988076	-0.549404	-0.00283548	0.457264	0.824654	-0.000337202
294	2.51383e-09	-1.14269	0.248146	0.0062434	-0.194079	-0.90206	0.00238932
295	2.51383e-09	0.523974	-1.01151	-0.000154746	0.834427	0.427758	-0.00313101
296	2.51383e-09	1.03809	0.511272	0.00355239	-0.410808	0.834695	0.00292053
297	2.51383e-09	-1.13012	0.173494	0.000646608	-0.139967	-0.924482	0.000426515
298	2.51383e-09	-0.618069	-0.966963	0.00161794	0.788717	-0.502559	0.00167553
299	2.51383e-09	1.08261	0.456027	0.00162353	-0.363074	0.845223	-0.00233264
300	2.51383e-09	-0.378555	1.10595	-0.00414884	-0.873578	-0.30053	-0.000131708
301	2.51383e-09	-0.71492	-0.911352	-0.000714031	0.727248	-0.580391	-0.00205307
302	2.51383e-09	0.453042	1.07695	-0.00385306	-0.849697	0.364839	0.000163451
303	2.51383e-09	-1.07015	0.409629	-0.00265288	-0.332933	-0.875062	0.000939507
304	2.51383e-09	0.0768953	-1.18447	0.000102276	0.913385	0.0642915	-0.00054145
305	2.51383e-09	0.225883	-1.12463	-0.00348019	0.914238	0.184161	-0.000313939
306	2.51383e-09	-1.13996	0.0988796	0.0007679	-0.0797988	-0.930477	-0.00219702
307	2.51383e-09	1.12112	0.305884	-0.000138179	-0.242084	0.895861	0.00223399
308	2.51383e-09	1.06453	-0.501577	-0.00259151	0.390073	0.832609	-0.00185092
309	2.51383e-09	0.099704	1.13646	0.00246578	-0.932064	0.0866147	0.00104619
310	2.51383e-09	-1.16572	-0.0169459	0.0015007	0.0146181	-0.922867	0.00184977
311	2.51383e-09	-0.112317	1.15418	-0.00132926	-0.923627	-0.0920805	0.00363144
312	2.51383e-09	1.15646	0.0773144	-0.00180459	-0.0609799	0.930761	-0.00253811
313	2.51383e-09	0.809153	-0.814444	0.000562734	0.660134	0.661317	-0.00260509
314	2.51383e-09	0.687812	0.921503	-0.00076592	-0.749033	0.551965	-0.00106539
315	2.51383e-09	-0.281492	1.135	0.00288199	-0.894559	-0.223801	0.000367278
316	2.51383e-09	-1.16419	0.0367686	0.000338988	-0.0233565	-0.927694	0.000946128
317	2.51383e-09	-1.15224	-0.0572715	-0.00535167	0.0430166	-0.932034	0.000855607
318	2.51383e-09	0.465169	1.0712	-0.000749834	-0.848835	0.366487	6.17055e-05
319	2.51383e-09	0.512597	-1.04924	0.00319738	0.834024	0.404143	0.000284047
320	2.51383e-09	0.517421	-1.04825	0.000843421	0.828606	0.413298	6.64733e-05
321	2.51383e-09	-0.112714	1.16202	-0.00075671	-0.919826	-0.0896635	-0.00178675
322	2.51383e-09	-1.00013	0.581119	0.00093675	-0.465572	-0.804419	0.00279716
323	2.51383e-09	0.981295	-0.617112	-0.00137495	0.488316	0.788599	0.000427186
324	2.51383e-09	-0.0802254	1.17822	-0.00170732	-0.919186	-0.0609338	0.000562654
325	2.51383e-09	0.335434	1.10608	-0.00311365	-0.889288	0.275865	-0.000148583
326	2.51383e-09	-0.410249	-1.10019	-0.000680272	0.862082	-0.331323	0.00567254
327	2.51383e-09	0.571747	1.02681	0.000389639	-0.806414	0.449102	0.0017333
328	2.51383e-09	1.03694	-0.465943	0.000761815	0.388078	0.852528	0.00465262
329	2.51383e-09	0.392924	-1.11844	7.19643e-05	0.865921	0.299479	0.000878397
330	2.51383e-09	1.15	-0.0134646	0.000566602	0.00671565	0.934014	0.00163888
331	2.51383e-09	-1.09365	-0.352272	0.00141049	0.289889	-0.888653	0.00328301
332	2.51383e-09	0.240116	1.15265	-0.00337296	-0.903741	0.184327	-0.00202066
333	2.51383e-09	0.699465	-0.946166	0.00110346	0.74261	0.547376	0.000290239
334	2.51383e-09	0.120037	1.16584	-0.00127905	-0.917265	0.10027	-0.000322185
335	2.51383e-09	0.234451	-1.16777	0.000187458	0.896587	0.178335	-0.00165114
336	2.51383e-09	1.17807	-0.0480645	0.00259704	0.0437865	0.920311	-0.00103956
337	2.51383e-09	-1.18176	-0.122034	0.00129439	0.0963475	-0.910182	-0.000702401
338	2.51383e-09	-1.14568	-0.151985	0.000604823	0.120186	-0.923021	-0.000198787
339	2.51383e-09	-0.738322	-0.934656	0.00515815	0.718913	-0.565141	0.000221509
340	2.51383e-09	0.0426798	1.17219	0.00146858	-0.926566	0.0278225	-0.00325996
341	2.51383e-09	1.1452	-0.283464	-0.00137911	0.223084	0.896715	0.000304494
342	2.51383e-09	-0.811278	-0.803116	-4.62324e-05	0.655428	-0.665446	4.31596e-05
343	2.51383e-09	0.89944	-0.74363	-0.000178616	0.591475	0.709341	0.000970834
344	2.51383e-09	-1.15632	0.232811	-0.00200138	-0.180947	-0.902054	0.000242038
345	2.51383e-09	0.372659	-1.09447	-0.000409651	0.882051	0.298923	0.00134785
346	2.51383e-09	1.0947	-0.400159	0.00126957	0.318049	0.873616	0.000463643
347	2.51383e-09	0.334784	1.12922	0.000129071	-0.884686	0.259825	0.000466458
348	2.51383e-09	0.964574	-0.670927	-0.00205238	0.531562	0.754574	-0.00068146
349	2.51383e-09	-0.680395	0.965328	-0.00045531	-0.753538	-0.530292	-0.000773301
350	2.51383e-09	0.849881	0.797558	-0.00285639	-0.631536	0.678088	0.000605632
351	2.51383e-09	0.836935	-0.864407	0.000845512	0.654076	0.632058	-0.00214488
352	2.51383e-09	1.05289	-0.511933	-0.00305362	0.403717	0.833383	0.000341563
353	2.51383e-09	1.09454	-0.492846	-0.00243049	0.37796	0.830488	0.00202104
354	2.51383e-09	1.14332	-0.23917	0.0033184	0.19002	0.907394	0.00214746
355	2.51383e-09	0.977823	-0.620909	0.00125611	0.50083	0.78296	-0.000273474
356	2.51383e-09	-0.453113	-1.11205	0.000249316	0.842293	-0.348116	-0.00252854
357	2.51383e-09	-1.00344	-0.59614	0.00243094	0.471932	-0.79779	0.000216046
358	2.51383e-09	-0.824351	-0.864038	-0.000238754	0.659963	-0.632859	0.00235836
359	2.51383e-09	0.234189	-1.18117	-0.00089195	0.89523	0.173647	0.00247079
360	2.51383e-09	-1.17126	0.0299333	-0.00159201	-0.02906	-0.924363	5.53095e-05
361	2.51383e-09	-1.11224	-0.373847	-0.000414871	0.294026	-0.876911	-0.00180392
362	2.51383e-09	-0.00976429	1.17544	-0.00278359	-0.920502	-0.010597	-0.000298941
363	2.51383e-09	0.341291	-1.13115	-9.00217e-05	0.879531	0.2714	-0.0011141
364	2.51383e-09	-0.293929	-1.11879	0.00145401	0.900459	-0.238204	0.00215485
365	2.51383e-09	-0.794116	0.908806	-0.000509492	-0.683629	-0.595972	0.00139852
366	2.51383e-09	0.200089	1.16998	-0.00270792	-0.907444	0.154338	0.00131156
367	2.51383e-09	-0.236392	-1.15531	-0.00360892	0.899323	-0.188611	-0.00113676
368	2.51383e-09	-0.205997	1.18095	0.00193121	-0.89995	-0.155909	0.0022116
369	2.51383e-09	-0.140633	-1.19239	-0.00279857	0.902743	-0.102195	-0.000733769
370	2.51383e-09	1.18459	-0.043255	-0.00353407	0.0362826	0.920263	0.000595804
371	2.51383e-09	1.14613	0.401763	0.00152603	-0.298308	0.855509	-0.000746988
372	2.51383e-09	0.947518	-0.724143	-0.00257574	0.558	0.729377	0.001104
373	2.51383e-09	-0.22581	-1.16191	0.00188056	0.900278	-0.180804	0.00134938
374	2.51383e-09	-0.589942	1.05798	-0.00305356	-0.795577	-0.437899	0.00198143
375	2.51383e-09	0.974002	-0.689539	-0.00354017	0.527554	0.744412	0.00298404
376	2.51383e-09	0.785603	-0.88904	0.000903715	0.685859	0.605532	0.000833029
377	2.51383e-09	0.605349	-1.01625	-0.00028419	0.787782	0.473788	-0.00107649
378	2.51383e-09	-0.738274	-0.940094	-0.000822508	0.717598	-0.565858	0.000467578
379	2.51383e-09	-0.183876	-1.16292	-0.00442747	0.913114	-0.138196	-0.00083439
380	2.51383e-09	-0.761855	-0.899533	-0.00115195	0.700694	-0.595192	-0.00211422
381	2.51383e-09	0.676886	0.984354	-0.00122385	-0.754279	0.517309	0.000712281
382	2.51383e-09	1.19703	0.00150769	0.000356988	0.00316518	0.916358	0.000442346
383	2.51383e-09	-0.988782	-0.641101	-0.00146699	0.503592	-0.772759	-0.000113904
384	2.51383e-09	0.680784	0.987449	0.00595973	-0.753407	0.519448	-0.000495103
385	2.51383e-09	0.40077	-1.10744	0.00226534	0.865846	0.313454	-0.000392361
386	2.51383e-09	0.408387	-1.12142	0.00333324	0.861794	0.308618	0.000397613
387	2.51383e-09	1.19199	0.181859	-5.21284e-05	-0.135074	0.899145	0.00198106
388	2.51383e-09	-0.895951	-0.794921	0.00264608	0.602805	-0.686708	-0.000882852
389	2.51383e-09	0.984991	0.665169	0.00443362	-0.513615	0.758577	-0.00163818
390	2.51383e-09	0.433301	-1.11256	-0.00119103	0.851563	0.331176	6.61923e-05
391	2.51383e-09	0.00988201	-1.20155	0.00265584	0.914844	0.0087466	-0.000134939
392	2.51383e-09	1.1804	0.194178	-0.000236177	-0.150003	0.902856	-0.00512257
393	2.51383e-09	-0.745028	0.953612	0.00151108	-0.711545	-0.563717	0.001789
394	2.51383e-09	1.1906	-0.123498	-0.00177686	0.0945266	0.9127	0.000673651
395	2.51383e-09	0.938902	0.753399	0.000505724	-0.576097	0.70608	0.000165655
396	2.51383e-09	0.111576	-1.19915	0.000866825	0.911453	0.0779197	0.00182518
397	2.51383e-09	-0.915046	0.787779	0.00351056	-0.591755	-0.688462	-0.000683789
398	2.51383e-09	-1.07551	0.530377	0.000731734	-0.404665	-0.820492	0.00144428
399	2.51383e-09	1.178	0.220005	-0.000369828	-0.166094	0.899162	0.00111238
400	2.51383e-09	-0.629174	1.03055	-0.0018811	-0.772884	-0.476852	-0.00156114
