5.349001e+03
401
0	1	0.000247202	0.000153228	-2.25657e-07	1.142e-07	2.62483e-08	-2.00825e-12
1	2.51383e-09	0.0285432	-0.997987	-0.000575636	1.0012	0.026152	-0.000538176
2	2.51383e-09	0.874448	-0.503732	-0.000968785	0.498811	0.860698	0.00127528
3	2.51383e-09	-0.0513516	-0.989936	0.000745321	1.0046	-0.0513031	-0.000365949
4	2.51383e-09	0.66343	0.753194	0.000416877	-0.748921	0.659132	0.00112764
5	2.51383e-09	0.644824	0.768257	1.5482e-05	-0.7646	0.641998	0.00143151
6	2.51383e-09	-0.695637	-0.73305	-0.00142419	0.720567	-0.685725	-0.00051408
7	2.51383e-09	0.99291	0.161207	0.000232727	-0.162011	0.983145	0.00134045
8	2.51383e-09	-0.60689	-0.790538	0.000573145	0.79685	-0.609775	0.00105319
9	2.51383e-09	-0.215934	0.97804	-0.00134932	-0.976626	-0.212292	0.000203973
10	2.51383e-09	-0.920843	-0.378754	0.000353081	0.383102	-0.928731	-0.000539425
11	2.51383e-09	0.795063	-0.605943	0.000405964	0.604412	0.79719	0.000361832
12	2.51383e-09	-0.00357124	1.00986	0.000137311	-0.996508	-0.0051297	-0.000163369
13	2.51383e-09	-0.652373	-0.766673	-0.00133331	0.758201	-0.646728	0.00145314
14	2.51383e-09	-0.821491	0.591089	-0.00100535	-0.576987	-0.807975	-0.00227766
15	2.51383e-09	0.305395	-0.945633	-0.00119083	0.958658	0.307504	-0.000735967
16	2.51383e-09	-0.135265	-0.99382	0.00162173	0.987593	-0.133464	-0.000867213
17	2.51383e-09	0.863828	-0.528817	0.00123079	0.517536	0.846449	-0.00112015
18	2.51383e-09	-0.982927	0.253217	-0.000488596	-0.247599	-0.963188	-0.000185109
19	2.51383e-09	0.408935	-0.931332	0.000603947	0.903691	0.404099	0.00225828
20	2.51383e-09	1.02266	0.0616448	0.00297157	-0.0598452	0.987027	0.00145907
21	2.51383e-09	0.61667	0.790286	0.000517901	-0.78771	0.618396	-0.00336228
22	2.51383e-09	-0.425908	0.918694	0.00247479	-0.900016	-0.418876	-0.000954506
23	2.51383e-09	-0.594204	0.83359	0.00184259	-0.800222	-0.575485	-0.00261601
24	2.51383e-09	-0.542712	0.857597	-0.00131231	-0.842259	-0.523502	-0.000290668
25	2.51383e-09	-0.953767	-0.362422	-0.000858193	0.349866	-0.925841	-0.00121605
26	2.51383e-09	-0.190941	-1.00095	0.00262915	0.973437	-0.182388	0.000771328
27	2.51383e-09	-0.681988	-0.742482	0.000762632	0.730139	-0.675384	-0.00255065
28	2.51383e-09	0.144817	1.00474	-0.000723475	-0.982401	0.134998	-0.000384831
29	2.51383e-09	-0.6891	0.74156	-0.000752466	-0.726937	-0.678223	0.000897715
30	2.51383e-09	0.489817	0.882707	-0.000500719	-0.871189	0.481917	7.01492e-05
31	2.51383e-09	-0.592178	-0.817061	0.000309876	0.807875	-0.58206	0.00262682
32	2.51383e-09	-0.923332	-0.403485	0.00114271	0.397993	-0.912549	-0.00113782
33	2.51383e-09	-0.62046	-0.811253	0.000641368	0.788151	-0.602898	-0.000302766
34	2.51383e-09	0.985646	0.306696	-0.000879225	-0.288586	0.940062	0.00163379
35	2.51383e-09	-0.85233	-0.562105	0.00136565	0.544889	-0.825904	0.00224214
36	2.51383e-09	1.01265	-0.093754	-0.000516859	0.0927772	0.988179	-0.00202445
37	2.51383e-09	-1.01125	0.148861	-0.00290671	-0.145553	-0.977114	-0.00293073
38	2.51383e-09	-0.0371787	1.00339	0.0021717	-0.997821	-0.0395863	0.00136226
39	2.51383e-09	1.01194	-0.11022	-0.00243022	0.105203	0.984483	-0.000454708
40	2.51383e-09	0.990798	-0.237275	-0.00299003	0.233276	0.961022	-0.00161951
41	2.51383e-09	-0.711664	0.715202	-0.00237882	-0.707582	-0.702571	0.00055041
42	2.51383e-09	0.812462	0.632783	0.000911996	-0.606273	0.774937	-0.000300327
43	2.51383e-09	-0.809475	-0.604854	0.00259002	0.592099	-0.800311	-0.00137491
44	2.51383e-09	0.999991	-0.242745	-0.00156301	0.236268	0.959683	-0.000608034
45	2.51383e-09	-0.428835	0.942405	0.00187622	-0.893733	-0.406304	0.000443077
46	2.51383e-09	-0.460924	-0.908378	0.000752825	0.885375	-0.446112	-0.000708489
47	2.51383e-09	-1.01823	0.0853409	0.00161817	-0.0821492	-0.984724	-0.000393733
48	2.51383e-09	-0.865599	-0.552367	0.000400483	0.535185	-0.828154	-0.000296437
49	2.51383e-09	0.941179	-0.382082	-0.000596452	0.372162	0.918577	-0.000197215
50	2.51383e-09	0.266087	-0.995185	-0.00237093	0.950172	0.258372	0.000222468
51	2.51383e-09	0.690086	-0.740224	0.00077105	0.729169	0.679238	-0.000804545
52	2.51383e-09	-0.0671753	1.02627	-9.9263e-06	-0.983542	-0.0612013	0.000883115
53	2.51383e-09	-0.930792	0.415526	-0.00148735	-0.404206	-0.905843	-0.00102148
54	2.51383e-09	0.382488	0.949732	0.000336671	-0.916803	0.365829	0.00159531
55	2.51383e-09	-0.255346	-1.00394	-0.00122212	0.949767	-0.243154	0.000148958
56	2.51383e-09	-1.02878	0.0068687	-0.00299875	-0.00628323	-0.985872	5.4682e-05
57	2.51383e-09	-0.758028	-0.725317	-0.00307363	0.670751	-0.706162	0.000328433
58	2.51383e-09	-0.300855	-0.995088	-0.000155342	0.939334	-0.284048	0.00163337
59	2.51383e-09	-0.68071	-0.778568	0.00184419	0.735007	-0.648285	0.00221562
60	2.51383e-09	-1.00108	0.186845	0.000350902	-0.180854	-0.974187	-0.000453572
61	2.51383e-09	0.485084	0.917011	0.00148172	-0.866784	0.46156	-0.00297628
62	2.51383e-09	0.836785	-0.608919	0.000844806	0.580152	0.792544	9.81098e-05
63	2.51383e-09	0.0855261	1.02743	-0.000861925	-0.980663	0.0757804	0.000261251
64	2.51383e-09	-0.164186	-1.0134	0.00173675	0.973542	-0.164181	-0.00061289
65	2.51383e-09	-0.932425	0.446033	-0.00143239	-0.424205	-0.886195	0.00196162
66	2.51383e-09	0.207266	-1.00458	0.00207012	0.965671	0.2084	-0.00234123
67	2.51383e-09	-0.655773	-0.81679	0.000687821	0.758448	-0.612051	0.000219436
68	2.51383e-09	0.293556	0.983012	0.00126376	-0.947565	0.282855	0.00144922
69	2.51383e-09	-0.223226	1.01661	-0.00176284	-0.956446	-0.207207	0.00278459
70	2.51383e-09	0.84375	-0.589436	-0.000542769	0.566289	0.808518	0.0024685
71	2.51383e-09	0.787263	0.678751	-0.000635519	-0.637313	0.742625	0.00150312
72	2.51383e-09	0.949478	0.445426	-0.00131821	-0.416698	0.884359	0.00161964
73	2.51383e-09	0.402549	-0.958801	-0.0010222	0.903194	0.378022	-0.00159058
74	2.51383e-09	0.381305	0.978021	4.68982e-05	-0.909355	0.356808	0.000913887
75	2.51383e-09	-0.701942	0.768324	-0.000371862	-0.724017	-0.662058	-0.000383435
76	2.51383e-09	0.177606	1.04094	0.00236008	-0.956916	0.163212	-0.00144274
77	2.51383e-09	-0.759802	-0.73783	-0.000502425	0.677945	-0.696876	0.00144915
78	2.51383e-09	0.460707	-0.928659	0.000994159	0.880733	0.441726	0.0011874
79	2.51383e-09	-0.157263	1.01774	0.00243008	-0.976435	-0.147078	0.00151246
80	2.51383e-09	-1.03469	0.181899	-0.00171514	-0.166558	-0.961004	-0.00052752
81	2.51383e-09	0.505279	-0.90806	0.00180767	0.85739	0.476538	0.00276853
82	2.51383e-09	-0.96813	0.386933	0.000772722	-0.365634	-0.911704	5.44448e-05
83	2.51383e-09	0.938928	0.461459	-0.00172545	-0.433246	0.875099	-0.00137564
84	2.51383e-09	-0.894579	0.542055	-0.000303401	-0.50563	-0.838852	-0.000355146
85	2.51383e-09	0.642791	-0.80823	0.00124368	0.768657	0.61046	-0.00126323
86	2.51383e-09	0.82189	0.645624	0.000779971	-0.603637	0.768917	0.00204914
87	2.51383e-09	-1.0106	0.265829	0.000865624	-0.251118	-0.943781	9.31586e-05
88	2.51383e-09	0.0486016	1.0323	0.00127653	-0.982991	0.0485497	-0.00223228
89	2.51383e-09	0.230478	-1.02278	0.000628481	0.954799	0.215793	0.000493439
90	2.51383e-09	-0.840897	0.626665	-0.0034681	-0.579798	-0.784975	-0.0020899
91	2.51383e-09	0.612322	0.838297	-0.00284065	-0.790001	0.579616	-0.00107919
92	2.51383e-09	-1.0185	0.239482	-0.00121917	-0.22564	-0.952914	0.000408521
93	2.51383e-09	0.464154	-0.944617	-0.00148785	0.872902	0.430722	1.55321e-05
94	2.51383e-09	1.04199	-0.0362797	-0.000308241	0.0292494	0.980582	0.00200121
95	2.51383e-09	0.454326	0.9334	-0.00225024	-0.884042	0.425229	0.00139369
96	2.51383e-09	-0.84481	0.625072	0.00132468	-0.581709	-0.783749	0.000599866
97	2.51383e-09	-0.875078	0.583841	0.000520502	-0.537084	-0.814	0.00288432
98	2.51383e-09	0.585792	0.887797	0.00276222	-0.806142	0.536942	0.000464961
99	2.51383e-09	0.655648	0.851116	-0.00115429	-0.76228	0.587603	-0.0010395
100	2.51383e-09	1.05443	0.0130009	-0.00111551	-0.0181412	0.974411	-0.00286479
101	2.51383e-09	-1.03241	0.150601	0.000441482	-0.141559	-0.96633	-0.00101063
102	2.51383e-09	-0.151671	-1.01053	0.00125414	0.979342	-0.149468	-0.000410761
103	2.51383e-09	0.584887	-0.870044	0.00130403	0.810592	0.543959	-0.00337709
104	2.51383e-09	0.295411	-1.01229	-0.000736681	0.933682	0.269251	0.000228973
105	2.51383e-09	-0.29061	-1.00137	-0.000460328	0.940489	-0.273634	-0.0018115
106	2.51383e-09	1.01257	0.277589	-0.00018473	-0.257312	0.940123	0.000248613
107	2.51383e-09	0.0735353	1.05591	0.00173996	-0.968935	0.0665565	-0.000220061
108	2.51383e-09	-0.771391	-0.731883	0.000528874	0.668437	-0.700726	0.00165216
109	2.51383e-09	-0.00751242	1.05776	0.000721861	-0.974232	-0.00798839	-0.0021756
110	2.51383e-09	0.192937	-1.04351	-0.0012847	0.951713	0.177778	0.000779846
111	2.51383e-09	0.41812	-0.981024	0.000524847	0.892028	0.374543	-0.00127698
112	2.51383e-09	-0.955036	-0.450599	0.000695322	0.41733	-0.88137	6.86746e-05
113	2.51383e-09	0.21389	-1.03209	0.00199571	0.953925	0.198114	-0.000394816
114	2.51383e-09	-0.152136	-1.04204	0.00180434	0.963276	-0.136712	0.00135611
115	2.51383e-09	-1.0515	0.197608	0.0015085	-0.181292	-0.951219	-0.000909447
116	2.51383e-09	-0.618496	0.853662	0.00102424	-0.788616	-0.571391	-0.000556661
117	2.51383e-09	-1.04033	-0.209428	0.00222169	0.192306	-0.952871	-0.00145448
118	2.51383e-09	-1.00455	0.329264	0.000400796	-0.302737	-0.925467	0.00081758
119	2.51383e-09	-0.756945	-0.726169	0.00157006	0.67283	-0.706308	-0.00172778
120	2.51383e-09	-0.555284	0.888353	-0.00254616	-0.827569	-0.51927	-0.000102201
121	2.51383e-09	-0.416702	-0.979601	0.000328437	0.892246	-0.377025	-2.33888e-05
122	2.51383e-09	-0.624585	-0.862899	-0.00123633	0.787803	-0.565435	-0.000491868
123	2.51383e-09	-0.285283	1.00311	-0.0002569	-0.940676	-0.274174	-0.00202069
124	2.51383e-09	0.794601	0.719143	-0.00300389	-0.653388	0.71371	-0.000543915
125	2.51383e-09	-0.556803	0.894127	-0.00283331	-0.829314	-0.513174	0.000382737
126	2.51383e-09	0.977814	0.393429	0.000437594	-0.367137	0.906566	-0.000106469
127	2.51383e-09	-0.560676	-0.898572	-0.00223621	0.825341	-0.511589	-0.00232473
128	2.51383e-09	1.06918	0.0816037	0.00200994	-0.0732922	0.961862	-0.00162314
129	2.51383e-09	0.638922	-0.835257	0.000948858	0.774406	0.598444	0.000675544
130	2.51383e-09	-1.05885	-0.117849	0.0019729	0.104594	-0.961713	0.000304651
131	2.51383e-09	1.06549	-0.18728	0.000602324	0.15921	0.947223	0.00141658
132	2.51383e-09	-0.531883	0.934815	-0.000662888	-0.836026	-0.47954	-0.00214522
133	2.51383e-09	-0.738381	0.765829	0.00317846	-0.699702	-0.674304	-0.000644393
134	2.51383e-09	0.839276	-0.641647	-0.00230624	0.590833	0.775046	-0.00115744
135	2.51383e-09	0.0492677	1.05843	-6.53196e-05	-0.970808	0.0498748	0.000345716
136	2.51383e-09	-0.612421	0.886337	-0.000960684	-0.791912	-0.550797	-0.00012455
137	2.51383e-09	0.556431	-0.89792	-0.000739842	0.830722	0.510516	-0.00275006
138	2.51383e-09	0.0449098	1.06648	-0.00100057	-0.966589	0.0403344	-0.00166204
139	2.51383e-09	-0.715612	0.790883	0.00258295	-0.720988	-0.647755	0.00207729
140	2.51383e-09	0.684926	-0.843749	-0.00134847	0.744246	0.604931	-0.00109837
141	2.51383e-09	-0.797799	0.719309	0.000500664	-0.646127	-0.714031	-0.0020083
142	2.51383e-09	-0.0967656	-1.06311	-0.00135331	0.966993	-0.0887931	-0.00194141
143	2.51383e-09	0.897431	-0.580834	0.000590797	0.52629	0.811383	-0.00171075
144	2.51383e-09	0.502441	0.961899	-0.000663639	-0.850772	0.4474	0.00167815
145	2.51383e-09	1.00351	-0.33782	-0.000674666	0.311354	0.92111	0.000660371
146	2.51383e-09	0.780489	-0.769426	0.000806605	0.672906	0.680867	-0.000657607
147	2.51383e-09	0.596933	0.899552	0.00201543	-0.803288	0.532878	-0.0014934
148	2.51383e-09	-0.459737	0.991658	-0.000529249	-0.866067	-0.40004	-0.000418193
149	2.51383e-09	0.304449	1.02818	0.001012	-0.924468	0.265574	-0.00121594
150	2.51383e-09	-0.39769	1.00461	-0.00156171	-0.892319	-0.357576	-0.00197923
151	2.51383e-09	0.095613	1.07387	-1.50348e-05	-0.958666	0.0836911	0.00132069
152	2.51383e-09	-0.254514	1.05566	-0.000364926	-0.927875	-0.229765	9.54431e-06
153	2.51383e-09	-0.853494	-0.681471	-0.00248778	0.59427	-0.749006	0.000994601
154	2.51383e-09	-0.0467776	-1.09814	0.0016678	0.952454	-0.0383852	0.000556429
155	2.51383e-09	0.182678	1.0589	0.00370105	-0.95178	0.160174	-0.000920465
156	2.51383e-09	0.149725	1.08889	-0.001463	-0.941558	0.13267	0.00184558
157	2.51383e-09	-0.697888	0.809487	0.000101713	-0.731316	-0.632474	-0.00026419
158	2.51383e-09	-0.915969	-0.589208	-0.000837283	0.519563	-0.806383	0.00424493
159	2.51383e-09	-1.06251	-0.1827	-0.00322574	0.160595	-0.947531	0.000796201
160	2.51383e-09	-0.728915	0.790365	-0.00117773	-0.708242	-0.655438	-0.00128227
161	2.51383e-09	-0.654992	0.870289	-0.00147776	-0.765674	-0.576571	-0.0020451
162	2.51383e-09	-1.08381	0.0307437	0.00261316	-0.0251765	-0.960994	-0.000441759
163	2.51383e-09	-0.729624	-0.794258	0.0010783	0.706681	-0.65461	-0.00149953
164	2.51383e-09	0.710466	-0.791762	0.00102075	0.722315	0.649734	-0.00221831
165	2.51383e-09	-0.311352	1.05603	-0.000773639	-0.915659	-0.266189	0.00229897
166	2.51383e-09	0.674135	-0.860229	-9.66711e-06	0.752999	0.587021	-0.000697614
167	2.51383e-09	-0.877384	-0.598733	0.0031618	0.545867	-0.8061	-0.00253238
168	2.51383e-09	-0.898222	-0.585657	-0.000892639	0.527535	-0.813024	0.00149655
169	2.51383e-09	-1.05847	0.217567	0.000693442	-0.194722	-0.940385	-0.00156983
170	2.51383e-09	1.07843	0.144706	0.00222006	-0.12533	0.952607	0.00415149
171	2.51383e-09	0.029728	1.0844	-0.00159921	-0.960904	0.0243887	0.00229003
172	2.51383e-09	-0.211294	-1.08709	0.000345861	0.932129	-0.184624	-0.00241794
173	2.51383e-09	-0.852988	0.691943	-0.00106449	-0.600092	-0.741687	-0.000619418
174	2.51383e-09	1.06507	-0.244153	0.000947794	0.213609	0.933843	-4.31629e-05
175	2.51383e-09	0.954362	0.533429	-0.000203203	-0.460262	0.837178	0.00196699
176	2.51383e-09	0.00383788	-1.07435	0.000365469	0.965448	0.00195521	-0.00196989
177	2.51383e-09	-0.766623	0.786251	-0.00126817	-0.684759	-0.665716	0.0014812
178	2.51383e-09	-0.908128	0.581561	-0.00114319	-0.517484	-0.811978	-0.000456887
179	2.51383e-09	-0.91906	-0.588773	0.000431046	0.513615	-0.808539	-0.000638698
180	2.51383e-09	0.463273	-0.976434	0.00186845	0.865439	0.419116	-0.000304972
181	2.51383e-09	0.572181	-0.935625	-3.11493e-07	0.813527	0.496638	0.000280698
182	2.51383e-09	0.801635	0.735489	0.00252998	-0.64994	0.706885	0.00128589
183	2.51383e-09	1.10062	-0.113425	0.00128783	0.098548	0.945674	0.000193856
184	2.51383e-09	0.55402	-0.953998	0.00158132	0.82476	0.47719	-0.000917178
185	2.51383e-09	0.940084	0.548081	-0.000292367	-0.484256	0.827599	2.28584e-05
186	2.51383e-09	-0.742938	0.775543	0.00113881	-0.701043	-0.669477	-0.000822732
187	2.51383e-09	0.426893	0.985748	-0.00261203	-0.887366	0.381672	-7.4486e-05
188	2.51383e-09	1.04322	-0.370655	-0.00129386	0.315523	0.895925	0.0015891
189	2.51383e-09	-0.109873	-1.09949	-0.00106248	0.944923	-0.093997	0.00133394
190	2.51383e-09	0.909315	-0.629416	-0.00165706	0.535546	0.783899	0.000608084
191	2.51383e-09	0.398887	1.01377	-0.00125163	-0.893264	0.350497	0.00203923
192	2.51383e-09	-0.916802	0.615681	-0.00302172	-0.530178	-0.788181	0.000403066
193	2.51383e-09	0.921918	0.591643	-0.00178774	-0.517527	0.805368	0.0012269
194	2.51383e-09	-0.904049	0.659013	0.00230934	-0.559077	-0.763518	-0.000410945
195	2.51383e-09	-1.0659	0.227553	0.000596217	-0.203947	-0.935022	0.00167493
196	2.51383e-09	0.843411	0.705018	-0.000903733	-0.608102	0.731952	0.00160881
197	2.51383e-09	0.992192	-0.458716	-0.00120059	0.400311	0.868993	-6.357e-05
198	2.51383e-09	0.229199	-1.08047	-0.00265371	0.930706	0.1977	-0.000168852
199	2.51383e-09	0.37006	1.03254	0.00241522	-0.899081	0.319581	-0.000665196
200	2.51383e-09	0.249343	1.08822	0.000240502	-0.922067	0.211412	-2.37391e-06
201	2.51383e-09	-0.300667	1.05989	0.00142706	-0.914297	-0.264136	0.00169541
202	2.51383e-09	1.06554	-0.274406	0.0013656	0.234241	0.922771	-0.00232026
203	2.51383e-09	1.00024	0.429671	0.000176859	-0.37807	0.879466	-0.000300701
204	2.51383e-09	0.18192	1.09294	0.000477883	-0.937144	0.158943	-0.00154955
205	2.51383e-09	1.0649	0.366122	0.00018925	-0.305899	0.892044	-0.000161496
206	2.51383e-09	-0.887635	0.649009	-0.00219845	-0.56134	-0.771517	-0.000969058
207	2.51383e-09	-0.100642	1.10775	-0.00129417	-0.944339	-0.0861325	0.000192105
208	2.51383e-09	0.82947	-0.71069	0.000594326	0.624348	0.727394	-0.000256175
209	2.51383e-09	-1.02252	0.372353	-0.00115362	-0.328874	-0.900855	-0.000579559
210	2.51383e-09	-0.286416	1.06783	0.00153684	-0.919008	-0.247819	0.000924373
211	2.51383e-09	0.325825	1.05782	0.000211851	-0.908139	0.279497	0.00173279
212	2.51383e-09	-0.310392	1.07319	0.00165085	-0.909695	-0.260261	0.0017573
213	2.51383e-09	-0.734852	0.817345	-0.0018055	-0.712426	-0.636299	-0.00187574
214	2.51383e-09	-0.21725	-1.07437	0.000123398	0.939245	-0.190602	0.000786821
215	2.51383e-09	0.361979	1.04442	0.000550305	-0.902177	0.309839	-0.00139728
216	2.51383e-09	-0.459468	1.02315	8.9632e-05	-0.857986	-0.390512	0.00128483
217	2.51383e-09	0.0949228	-1.1134	-0.00128995	0.940905	0.0865475	0.000539822
218	2.51383e-09	0.941261	-0.526568	-0.00120443	0.468244	0.84313	-0.000683786
219	2.51383e-09	-0.403275	-1.0426	0.000717107	0.88184	-0.339739	0.000889482
220	2.51383e-09	0.761907	-0.812589	-0.00075406	0.689324	0.647571	0.00210576
221	2.51383e-09	-1.08384	0.169235	0.000202714	-0.149598	-0.944198	-0.00286223
222	2.51383e-09	-0.786603	0.799408	0.00326397	-0.670042	-0.66228	0.00176676
223	2.51383e-09	0.835282	0.747526	0.000556907	-0.62834	0.705813	-0.00115994
224	2.51383e-09	-0.808098	0.739075	0.00111295	-0.649428	-0.704542	-0.00121677
225	2.51383e-09	0.0439194	1.10639	-0.000880629	-0.951717	0.0409357	0.000940453
226	2.51383e-09	0.21164	-1.10487	0.00207494	0.92591	0.175727	-0.00126075
227	2.51383e-09	0.951658	-0.561985	-0.0019271	0.480266	0.822056	-0.000247985
228	2.51383e-09	-1.07778	0.27351	-0.000450002	-0.231151	-0.920808	-0.000880072
229	2.51383e-09	-1.11818	0.0335627	-0.00145643	-0.0296537	-0.947428	0.00308903
230	2.51383e-09	1.11076	0.247538	-0.00306021	-0.203601	0.914438	-0.000132743
231	2.51383e-09	1.0268	0.449925	0.0030223	-0.380524	0.868837	0.000154751
232	2.51383e-09	0.939128	0.595108	0.00294004	-0.501449	0.801796	0.00214564
233	2.51383e-09	-0.664381	0.892747	-0.00233251	-0.755873	-0.573939	0.0018092
234	2.51383e-09	1.03652	0.447156	-0.000894399	-0.371139	0.86347	-0.00071184
235	2.51383e-09	1.07959	-0.29552	-0.00184749	0.250586	0.908693	0.00341074
236	2.51383e-09	1.09111	-0.301492	0.000795972	0.25122	0.904857	-0.000304004
237	2.51383e-09	1.11832	-0.0946314	0.000694511	0.0776432	0.940401	0.00200996
238	2.51383e-09	-0.756521	0.859797	-0.00107586	-0.697212	-0.618381	-0.000371782
239	2.51383e-09	0.367925	-1.04306	0.00217927	0.898406	0.316364	0.000890828
240	2.51383e-09	0.696917	0.888704	-0.000505906	-0.73815	0.584471	0.00187055
241	2.51383e-09	-0.209791	-1.1039	0.00368246	0.924822	-0.17339	-0.000617517
242	2.51383e-09	1.11502	-0.311239	0.000614525	0.246112	0.895818	-0.00193676
243	2.51383e-09	0.51561	0.998076	-0.000213783	-0.839668	0.428251	-0.00305255
244	2.51383e-09	-0.080857	-1.13436	0.00168124	0.934711	-0.0611628	0.00158983
245	2.51383e-09	0.256853	-1.08559	0.00303858	0.921912	0.22023	-0.000186231
246	2.51383e-09	-1.00442	-0.509177	0.00389907	0.428064	-0.839374	0.0011123
247	2.51383e-09	1.0536	0.320208	-0.00141252	-0.280181	0.912615	-0.000885188
248	2.51383e-09	0.934609	0.614113	0.00158483	-0.516066	0.791308	-0.00145845
249	2.51383e-09	-0.810881	0.786688	-0.0010918	-0.655376	-0.672431	0.0022661
250	2.51383e-09	-1.09368	-0.277578	0.00162381	0.232957	-0.912371	-0.00129339
251	2.51383e-09	0.35855	1.06648	0.00317083	-0.894314	0.302193	0.000479108
252	2.51383e-09	-0.606438	0.943116	0.00162537	-0.795632	-0.511564	-0.00205645
253	2.51383e-09	0.322391	-1.09298	0.00413827	0.89807	0.267979	0.00133792
254	2.51383e-09	0.901327	-0.675676	-0.00132982	0.565648	0.752188	0.000466039
255	2.51383e-09	1.09414	0.32344	-0.00194694	-0.265946	0.89519	0.00121923
256	2.51383e-09	-0.682425	0.917385	0.0011945	-0.749631	-0.558393	0.000605717
257	2.51383e-09	-0.266756	-1.0968	-0.000302616	0.915556	-0.220768	0.0012225
258	2.51383e-09	-0.699497	-0.887427	0.00391277	0.737625	-0.585062	-0.0014057
259	2.51383e-09	-0.297217	-1.07959	0.00201726	0.912676	-0.250353	-0.000806987
260	2.51383e-09	-1.06734	0.361743	-0.00197961	-0.300437	-0.894248	-0.00339494
261	2.51383e-09	1.1421	0.0124753	0.00214993	-0.007673	0.934565	-6.83707e-05
262	2.51383e-09	-0.518997	0.993995	0.00212608	-0.836699	-0.431384	-0.00304252
263	2.51383e-09	-0.750047	0.851614	0.000759279	-0.706434	-0.619462	0.00160109
264	2.51383e-09	0.956855	0.599109	-0.000409687	-0.498092	0.799167	-0.000314842
265	2.51383e-09	-0.243213	1.12361	0.000301347	-0.911111	-0.194473	-0.000672726
266	2.51383e-09	1.05333	0.41094	0.000309584	-0.344998	0.876671	-0.00030586
267	2.51383e-09	-1.09467	-0.239789	0.00198788	0.200424	-0.925691	0.00181698
268	2.51383e-09	-0.340452	1.07931	0.00037292	-0.897365	-0.285018	-0.000491311
269	2.51383e-09	0.94079	-0.638297	0.000676415	0.52566	0.77726	9.29503e-05
270	2.51383e-09	0.598029	-0.958469	-0.00201278	0.79934	0.499629	-0.00109833
271	2.51383e-09	-1.01668	0.531598	-9.69473e-05	-0.434617	-0.827481	-0.0010676
272	2.51383e-09	0.106433	-1.14108	0.00196709	0.929326	0.0871532	-0.00165667
273	2.51383e-09	-0.0851468	1.13589	0.000335921	-0.935535	-0.0734786	0.000446298
274	2.51383e-09	0.998238	-0.527036	0.000809635	0.435091	0.831747	-0.00121158
275	2.51383e-09	-0.298722	-1.09595	-0.000494755	0.906769	-0.242683	0.00105346
276	2.51383e-09	-0.795335	-0.803868	0.00271864	0.669915	-0.66184	0.000701406
277	2.51383e-09	0.435884	1.05895	-0.0012814	-0.860339	0.362346	-9.59491e-05
278	2.51383e-09	-0.482043	1.04468	-0.00131053	-0.843924	-0.391688	0.000202087
279	2.51383e-09	0.790501	0.829752	0.000284395	-0.672664	0.647711	-0.000359566
280	2.51383e-09	-0.647559	-0.961281	0.00052984	0.767268	-0.520373	0.000510284
281	2.51383e-09	-0.583539	-0.976438	-0.000335781	0.802141	-0.484735	-0.000131508
282	2.51383e-09	1.12609	-0.21499	0.00349561	0.175524	0.916192	0.000967674
283	2.51383e-09	0.427558	1.05654	-0.00170184	-0.866208	0.349613	-0.00151247
284	2.51383e-09	1.08695	-0.409432	0.000281651	0.327531	0.865234	0.00188831
285	2.51383e-09	0.56618	1.00008	0.00161723	-0.815324	0.458419	0.000689456
286	2.51383e-09	-1.04156	-0.436788	0.00164209	0.362667	-0.868897	-0.00219755
287	2.51383e-09	-0.764314	0.853444	-0.000999586	-0.691787	-0.624092	-0.000418674
288	2.51383e-09	0.567894	0.998777	-8.22701e-05	-0.810871	0.462813	-0.000602422
289	2.51383e-09	1.07051	0.433094	-0.00155349	-0.347626	0.862008	0.00149808
290	2.51383e-09	0.82187	0.793028	-0.00278612	-0.650712	0.67312	0.00198752
291	2.51383e-09	-1.0752	0.388081	-0.00187552	-0.315241	-0.881296	-0.00106145
292	2.51383e-09	-0.0141648	1.14938	-0.00177487	-0.934067	-0.00787527	0.000373381
293	2.51383e-09	1.05449	-0.437699	-0.00285315	0.357933	0.865806	-0.00118117
294	2.51383e-09	-0.861518	-0.799848	-0.00404613	0.62652	-0.675532	-0.000833508
295	2.51383e-09	0.59578	-0.968657	0.000168751	0.802701	0.488153	0.00135776
296	2.51383e-09	0.137662	1.14837	0.00171862	-0.925069	0.107726	-0.000895426
297	2.51383e-09	-0.700171	0.914292	-0.00061639	-0.739524	-0.564243	-0.000877826
298	2.51383e-09	0.161614	-1.13988	-9.4755e-05	0.924	0.13277	-0.00169427
299	2.51383e-09	0.835933	-0.823142	-0.000758272	0.649265	0.65067	-0.00213453
300	2.51383e-09	0.775523	0.881229	-0.00128984	-0.692326	0.605651	-0.00251628
301	2.51383e-09	-1.11884	-0.251099	-0.00130837	0.209544	-0.911667	0.00022326
302	2.51383e-09	-0.809992	-0.82719	-0.00296984	0.66875	-0.649011	-0.00215642
303	2.51383e-09	-0.182086	-1.1325	-0.00177005	0.924206	-0.143353	-0.00207328
304	2.51383e-09	0.765896	0.867658	-0.00104846	-0.697563	0.616426	0.00179873
305	2.51383e-09	-0.969079	0.601996	-0.00133583	-0.494538	-0.795842	-0.00236194
306	2.51383e-09	0.287902	1.1316	-0.00112456	-0.896863	0.22382	-0.00140729
307	2.51383e-09	1.10541	-0.324292	0.00185951	0.263291	0.893686	-0.000167992
308	2.51383e-09	0.548592	1.02947	-0.0011045	-0.818519	0.433364	-0.00129741
309	2.51383e-09	0.390691	1.08498	-0.00116861	-0.876082	0.313465	-0.0010609
310	2.51383e-09	0.254155	1.11436	0.000487016	-0.915507	0.209438	0.000564395
311	2.51383e-09	1.06969	0.425835	-0.00241266	-0.345848	0.867036	0.00163536
312	2.51383e-09	0.183129	1.15067	-0.000661887	-0.914752	0.148026	0.00205776
313	2.51383e-09	-0.741708	-0.888084	0.00250808	0.713705	-0.594978	0.00105369
314	2.51383e-09	-0.157216	1.14335	-0.000559987	-0.921357	-0.1271	0.00183636
315	2.51383e-09	-1.0742	0.473805	-0.000162979	-0.373955	-0.842746	-0.00178372
316	2.51383e-09	0.527552	1.03956	-0.00211595	-0.824534	0.420167	0.000361377
317	2.51383e-09	0.328139	1.10506	-0.00173027	-0.894198	0.266291	-0.00134315
318	2.51383e-09	1.15044	-0.163671	-0.00134023	0.127059	0.919228	0.00265824
319	2.51383e-09	-0.908627	-0.722765	0.00309284	0.579728	-0.726224	0.000251947
320	2.51383e-09	0.0731534	1.17397	0.00130279	-0.92241	0.0567767	-0.000467764
321	2.51383e-09	-0.637159	-0.972262	0.000580021	0.78063	-0.503996	0.000360909
322	2.51383e-09	0.0317188	-1.15822	-0.000371029	0.928677	0.0207474	-0.000161365
323	2.51383e-09	-0.261599	-1.14357	0.00147197	0.897389	-0.21003	0.00252039
324	2.51383e-09	1.10045	0.440183	0.000317268	-0.34245	0.851393	-0.00297027
325	2.51383e-09	-1.14096	0.24038	-0.000440822	-0.195301	-0.903901	0.00065849
326	2.51383e-09	-0.642052	-0.979081	0.00146122	0.770993	-0.511318	0.0016147
327	2.51383e-09	-0.135851	-1.16875	0.000773915	0.916107	-0.103762	-0.00321763
328	2.51383e-09	0.870584	0.747937	0.000963454	-0.60658	0.71033	0.000572114
329	2.51383e-09	-1.12154	0.382869	0.00190329	-0.300767	-0.870068	0.00146834
330	2.51383e-09	-1.08543	0.404965	-6.30011e-05	-0.324049	-0.87005	0.00073076
331	2.51383e-09	-0.715922	-0.907752	-0.00241893	0.732575	-0.573986	0.000751108
332	2.51383e-09	-0.997083	-0.595541	-0.00112056	0.475154	-0.795665	0.000131928
333	2.51383e-09	-1.01795	-0.591853	0.000612983	0.461943	-0.797625	0.00163565
334	2.51383e-09	0.755327	-0.899745	0.0013663	0.705964	0.59582	0.000353302
335	2.51383e-09	-1.16772	-0.18664	0.000989387	0.141849	-0.907389	-4.10085e-05
336	2.51383e-09	-1.16776	-0.0368699	-0.00143402	0.0277623	-0.924927	0.000379277
337	2.51383e-09	0.450949	1.0918	0.00215076	-0.849105	0.354258	0.00171904
338	2.51383e-09	1.08938	0.442806	0.00135921	-0.348834	0.852391	0.00113406
339	2.51383e-09	0.97053	-0.67802	0.000363273	0.524766	0.756094	-7.11921e-05
340	2.51383e-09	-0.982361	0.663339	-0.00228873	-0.513678	-0.7612	-0.000198808
341	2.51383e-09	0.442549	-1.09874	0.000773529	0.851796	0.337125	-0.000653112
342	2.51383e-09	-0.684244	-0.948224	0.00114612	0.749733	-0.541811	-0.000233922
343	2.51383e-09	-0.520055	1.03737	0.000244243	-0.827369	-0.422141	-0.00143207
344	2.51383e-09	0.574898	1.02416	0.000238538	-0.808443	0.4511	-1.82627e-05
345	2.51383e-09	0.558891	-1.02599	0.00237287	0.81292	0.442709	0.00171178
346	2.51383e-09	0.986527	0.598042	0.00156841	-0.483006	0.799122	-0.00187317
347	2.51383e-09	0.0332438	-1.1711	-2.38063e-05	0.922314	0.0210586	0.00128253
348	2.51383e-09	-0.479913	-1.08279	-0.00022389	0.841521	-0.369463	0.00095862
349	2.51383e-09	0.998714	0.599094	0.00163283	-0.476283	0.797985	0.000316264
350	2.51383e-09	-0.18246	1.1603	-0.00106485	-0.910238	-0.142775	0.0013958
351	2.51383e-09	0.512856	1.07454	0.00151641	-0.824762	0.400558	0.000881112
352	2.51383e-09	0.30053	1.14126	0.00376993	-0.889494	0.234756	-0.00202811
353	2.51383e-09	-0.869687	0.811175	-0.0007024	-0.624076	-0.673425	0.0010679
354	2.51383e-09	-1.0088	0.627816	-0.00181671	-0.48278	-0.778741	-0.000549314
355	2.51383e-09	-0.552382	1.0225	0.002525	-0.817979	-0.43984	-0.00164091
356	2.51383e-09	0.417612	1.11089	0.000188321	-0.86095	0.32	0.00220574
357	2.51383e-09	-1.16523	-0.0666756	-0.0014577	0.0560766	-0.92455	0.000289143
358	2.51383e-09	-0.479189	1.10169	0.000778106	-0.836983	-0.364334	0.000152159
359	2.51383e-09	-1.14973	0.327989	8.28413e-05	-0.245801	-0.88184	0.000943639
360	2.51383e-09	-0.881772	0.774745	0.00175341	-0.609483	-0.692049	0.00143813
361	2.51383e-09	0.940507	-0.700871	-0.000770987	0.554489	0.739117	0.000377947
362	2.51383e-09	0.895585	-0.769104	-0.00215726	0.600739	0.696155	-0.000782893
363	2.51383e-09	-0.180237	1.17463	0.00133099	-0.903897	-0.137767	0.000738906
364	2.51383e-09	0.308764	-1.1324	0.00250922	0.891647	0.237205	-0.00038459
365	2.51383e-09	-1.16277	0.269944	0.00101385	-0.209264	-0.891143	0.000894148
366	2.51383e-09	-0.909961	-0.768348	-2.13571e-05	0.593461	-0.697644	-0.00203269
367	2.51383e-09	-1.12783	-0.397136	-0.00182156	0.306742	-0.858807	0.000205791
368	2.51383e-09	0.763902	0.909892	-0.00188334	-0.704062	0.59033	-0.000383456
369	2.51383e-09	-0.064785	-1.19952	-0.00156887	0.909899	-0.0514005	-5.93949e-05
370	2.51383e-09	-0.154628	-1.17881	0.00128809	0.91056	-0.12087	-0.0010648
371	2.51383e-09	1.20548	0.130436	-0.00140037	-0.0989583	0.901488	0.000596857
372	2.51383e-09	0.389695	1.11784	-0.00233749	-0.868411	0.301994	-0.00108322
373	2.51383e-09	-1.17651	-0.121134	-0.00185817	0.0935694	-0.914851	0.000360926
374	2.51383e-09	0.891313	-0.804803	4.83224e-05	0.610935	0.679068	0.00203617
375	2.51383e-09	1.19339	0.0604862	0.000272329	-0.0434473	0.913807	-0.000344717
376	2.51383e-09	0.201545	1.17255	0.00119299	-0.903276	0.152418	0.0013475
377	2.51383e-09	1.18801	-0.0723135	-0.00298245	0.0516801	0.915878	0.000990845
378	2.51383e-09	0.373275	-1.13688	-0.00259133	0.86968	0.282695	0.000841159
379	2.51383e-09	-0.346495	-1.11824	-1.50448e-05	0.88768	-0.269576	0.000278406
380	2.51383e-09	-0.741255	-0.916839	0.00158728	0.715857	-0.580468	-0.000749931
381	2.51383e-09	0.765613	0.911261	0.000568763	-0.700201	0.591092	-0.00127648
382	2.51383e-09	-0.750878	-0.933577	-0.000527499	0.710147	-0.570666	0.000878564
383	2.51383e-09	0.356889	-1.12011	-0.000696165	0.878174	0.276394	-0.00157479
384	2.51383e-09	0.634608	1.02057	-0.00312463	-0.776398	0.480703	0.000233167
385	2.51383e-09	0.602008	1.02466	-0.00181312	-0.789808	0.465001	-0.000303012
386	2.51383e-09	0.45801	1.11057	-1.6981e-05	-0.842792	0.352904	0.000322181
387	2.51383e-09	1.1014	0.461714	0.000891464	-0.35494	0.845835	-0.00303833
388	2.51383e-09	-0.947733	0.731004	0.000720288	-0.561332	-0.725941	-0.00082058
389	2.51383e-09	0.922037	-0.759439	0.00127985	0.58208	0.706684	-0.002092
390	2.51383e-09	-0.200595	1.16616	0.000756467	-0.907764	-0.151015	-0.00250563
391	2.51383e-09	0.424253	1.13205	0.00263214	-0.850953	0.317837	0.000698636
392	2.51383e-09	0.990395	0.688316	-0.00229209	-0.517046	0.749413	-0.000702277
393	2.51383e-09	1.21096	-0.0822282	-0.00308191	0.0680019	0.903952	0.000240913
394	2.51383e-09	-0.771658	0.924152	0.00070276	-0.697695	-0.582942	0.00110022
395	2.51383e-09	0.365553	-1.1493	0.00111172	0.865682	0.272413	-0.00109391
396	2.51383e-09	1.0916	0.494615	-0.00189665	-0.381077	0.830498	0.000793906
397	2.51383e-09	-0.671459	1.00347	-0.00365381	-0.757686	-0.5037	0.00152185
398	2.51383e-09	1.18828	0.251871	0.0016395	-0.184093	0.886285	0.000602261
399	2.51383e-09	-0.951735	0.729912	-0.00284054	-0.558419	-0.723198	-0.000735595
400	2.51383e-09	0.0772344	-1.1842	-0.00168212	0.918331	0.0552626	0.000836171
