1.240999e+03
401
0	1	5.7171e-05	3.54021e-05	-5.22174e-08	5.95091e-08	3.04941e-09	-1.09529e-10
1	2.51383e-09	0.993512	0.122459	-0.000198967	-0.122517	0.991774	0.00116568
2	2.51383e-09	0.911162	0.417842	-0.00135136	-0.414982	0.908348	-0.000554342
3	2.51383e-09	0.851586	0.532423	-0.00128642	-0.528002	0.845719	2.11882e-05
4	2.51383e-09	0.78267	0.624149	-0.0015225	-0.623179	0.780892	0.000452582
5	2.51383e-09	0.947459	0.326071	-0.000577459	-0.3243	0.944984	0.000945538
6	2.51383e-09	-0.890916	-0.469671	0.000200781	0.465345	-0.879906	-0.00104325
7	2.51383e-09	0.00793405	-0.999257	-0.000295224	1.00197	0.00824896	-0.000376272
8	2.51383e-09	0.79394	-0.602224	-4.67597e-05	0.608049	0.798018	-0.000169197
9	2.51383e-09	-0.916514	-0.402037	-0.000183589	0.401247	-0.914547	-0.000203019
10	2.51383e-09	-0.871208	0.493224	-0.000109775	-0.493265	-0.871195	-0.00158439
11	2.51383e-09	0.394905	-0.927088	0.000228044	0.915727	0.390549	-0.00130735
12	2.51383e-09	0.651175	-0.771435	0.000886727	0.76132	0.641635	0.000246205
13	2.51383e-09	-0.0131871	-1.00631	0.00192872	0.996183	-0.0187879	-0.000551847
14	2.51383e-09	-0.992529	0.192847	0.00167214	-0.186131	-0.976944	0.000808771
15	2.51383e-09	0.431803	0.912669	-0.00123221	-0.897403	0.424087	-0.000923161
16	2.51383e-09	-0.993241	0.120691	-0.000894858	-0.122079	-0.992572	0.000657594
17	2.51383e-09	-0.0396711	1.00192	0.000977596	-0.997654	-0.0376335	-0.00178947
18	2.51383e-09	-0.831265	0.580614	0.000207397	-0.565812	-0.815236	-0.00141241
19	2.51383e-09	-0.949963	0.350231	-0.000279201	-0.347279	-0.930575	-0.000810717
20	2.51383e-09	1.00392	-0.163708	-0.000108197	0.158304	0.979087	-0.00062354
21	2.51383e-09	0.346745	-0.9539	0.000577513	0.932644	0.34242	0.000522178
22	2.51383e-09	-1.00829	-0.0663545	-9.71497e-05	0.0616926	-0.994016	-0.00111753
23	2.51383e-09	-0.93567	-0.387948	-0.000981202	0.381675	-0.916718	3.22448e-06
24	2.51383e-09	-0.987798	0.228036	0.00063227	-0.224255	-0.967306	0.00152849
25	2.51383e-09	-0.877752	0.513184	-0.000799651	-0.499564	-0.856511	-0.000298871
26	2.51383e-09	-0.0237464	-1.01255	0.000739378	0.990174	-0.0221896	-0.000827411
27	2.51383e-09	0.706342	-0.723077	0.000678512	0.711689	0.693806	0.000293459
28	2.51383e-09	-0.903585	0.463688	-0.000378738	-0.455181	-0.881709	0.000567087
29	2.51383e-09	0.986823	0.265818	-0.00226764	-0.255057	0.952892	0.00107726
30	2.51383e-09	0.890431	-0.482999	0.00179117	0.472353	0.874267	0.000549037
31	2.51383e-09	-0.0348904	-1.00743	0.00109688	0.996558	-0.0352452	0.000217521
32	2.51383e-09	0.989097	0.222305	3.08277e-05	-0.21778	0.967742	-8.27982e-05
33	2.51383e-09	0.0978494	1.01626	-0.000569815	-0.984803	0.095233	-0.000716724
34	2.51383e-09	-0.608972	0.830446	0.001779	-0.792617	-0.581593	-0.000400331
35	2.51383e-09	-0.712083	0.726226	0.000552891	-0.705705	-0.695836	-0.00106997
36	2.51383e-09	-0.266846	-0.990953	-0.00102533	0.952235	-0.258423	-0.000468314
37	2.51383e-09	-0.891359	-0.500483	0.0016678	0.480785	-0.861324	0.000734634
38	2.51383e-09	1.00431	0.160022	0.0010043	-0.156447	0.979262	-0.00114731
39	2.51383e-09	-0.767261	-0.668785	0.000815659	0.654279	-0.744854	0.000379792
40	2.51383e-09	1.00995	0.0542006	0.000739522	-0.0533893	0.992661	0.000879247
41	2.51383e-09	0.33894	0.957545	-0.000920994	-0.934742	0.33389	0.00177637
42	2.51383e-09	0.95311	0.38055	-0.00043948	-0.365312	0.915936	-0.00147432
43	2.51383e-09	0.753905	0.69846	0.00124863	-0.67061	0.722285	-0.00049294
44	2.51383e-09	0.846533	0.576253	-0.000309491	-0.558309	0.816323	0.000208748
45	2.51383e-09	-0.692343	0.758575	5.60117e-05	-0.728583	-0.66484	0.000632223
46	2.51383e-09	-0.421265	-0.934804	-0.000449674	0.898161	-0.408336	0.000466168
47	2.51383e-09	-0.493195	-0.889446	-0.00033703	0.866502	-0.482911	-0.000854557
48	2.51383e-09	0.720697	0.726693	0.000166435	-0.700448	0.695854	-0.000508839
49	2.51383e-09	-0.455175	0.923102	0.00131685	-0.883383	-0.433592	0.000629089
50	2.51383e-09	-0.202538	-1.0075	0.00086357	0.966163	-0.195301	0.00179654
51	2.51383e-09	0.368951	-0.95366	0.00150808	0.920959	0.358702	-0.000346177
52	2.51383e-09	-0.644104	0.809061	-0.000565919	-0.770632	-0.611138	0.000218999
53	2.51383e-09	0.713624	0.727208	-0.00134612	-0.70997	0.693694	0.000726263
54	2.51383e-09	0.205542	1.00486	-0.000975215	-0.967054	0.197917	-0.000713625
55	2.51383e-09	0.882661	-0.539036	0.00100357	0.512923	0.838429	-0.000262884
56	2.51383e-09	0.202561	-1.00964	0.00148665	0.965854	0.189701	-0.00196679
57	2.51383e-09	0.47919	-0.916045	0.00117463	0.870473	0.457786	-5.94302e-06
58	2.51383e-09	1.02396	0.108892	-0.000443857	-0.1039	0.980456	-0.00108596
59	2.51383e-09	-1.0103	-0.192382	-3.90801e-05	0.183957	-0.969333	0.000490424
60	2.51383e-09	0.483801	0.899876	0.00261741	-0.871449	0.467312	0.000385885
61	2.51383e-09	-0.984357	-0.347733	-8.62487e-05	0.326113	-0.924154	0.000157639
62	2.51383e-09	0.456164	-0.930882	-0.00104778	0.882024	0.433478	0.00103846
63	2.51383e-09	-0.963092	-0.357671	-0.000213341	0.340708	-0.926716	0.00103269
64	2.51383e-09	-0.950221	0.400532	-0.000698923	-0.380713	-0.907507	-0.000881042
65	2.51383e-09	-0.173264	-1.01352	-0.00140861	0.973236	-0.167387	3.89876e-05
66	2.51383e-09	-0.79796	0.645337	0.00131941	-0.62188	-0.767788	0.00123978
67	2.51383e-09	0.637006	0.811996	-0.000986749	-0.774697	0.608205	-0.000303183
68	2.51383e-09	-0.795671	0.658778	0.000531858	-0.629278	-0.754618	-0.0017335
69	2.51383e-09	-1.02936	0.093191	4.75166e-05	-0.0899601	-0.979617	0.000982092
70	2.51383e-09	0.982639	0.330696	0.00093716	-0.312516	0.930695	6.18532e-05
71	2.51383e-09	-0.640073	-0.817056	-0.000884485	0.774097	-0.604023	-0.00126797
72	2.51383e-09	1.02693	0.126464	-0.000209261	-0.123227	0.976199	0.000981217
73	2.51383e-09	0.629278	0.821689	-5.94139e-05	-0.782644	0.59376	0.000824668
74	2.51383e-09	0.645053	-0.804681	-0.00150168	0.771965	0.6136	-0.000115987
75	2.51383e-09	-0.0559281	1.03395	-0.000378367	-0.981753	-0.0543018	-0.000569451
76	2.51383e-09	-0.666915	-0.79924	0.000176772	0.755203	-0.625609	-0.000769559
77	2.51383e-09	0.996348	0.292894	0.00206126	-0.276457	0.941427	0.000192958
78	2.51383e-09	-1.00099	-0.289364	-0.000429461	0.274429	-0.940558	0.000231845
79	2.51383e-09	0.0315156	1.02804	0.00217451	-0.986688	0.0293756	-0.000662722
80	2.51383e-09	0.310814	0.990855	0.00105595	-0.938113	0.295125	0.00026945
81	2.51383e-09	1.02474	0.20584	-0.000484976	-0.18931	0.959946	-5.48193e-05
82	2.51383e-09	0.0677344	1.03381	0.000190207	-0.981601	0.0670414	-0.000719888
83	2.51383e-09	0.406235	-0.967446	-0.00107912	0.898581	0.378195	0.000925303
84	2.51383e-09	0.139542	-1.03626	-0.00101972	0.968316	0.129246	-0.000418425
85	2.51383e-09	-1.02292	0.171886	0.00028973	-0.164372	-0.97014	0.00206718
86	2.51383e-09	0.980049	0.353871	-0.000297813	-0.330479	0.921234	0.00135573
87	2.51383e-09	0.0288532	1.03981	-0.000426461	-0.979689	0.0284585	0.00108274
88	2.51383e-09	-0.131215	-1.03441	0.000139177	0.971097	-0.121911	0.000567331
89	2.51383e-09	-0.987797	-0.367637	0.000589044	0.340712	-0.912097	0.000513995
90	2.51383e-09	-0.292122	-0.998903	-0.00135091	0.941578	-0.274953	-0.000302026
91	2.51383e-09	0.671963	0.796382	-0.000570701	-0.747201	0.63433	0.000248993
92	2.51383e-09	0.663785	0.815619	0.000853742	-0.754322	0.618037	-0.000427745
93	2.51383e-09	0.583761	-0.879083	0.000526227	0.808905	0.537709	0.000650439
94	2.51383e-09	-0.761493	-0.732067	-0.00144373	0.671168	-0.70275	-0.000233906
95	2.51383e-09	-0.253583	1.01041	0.000615911	-0.952284	-0.236395	-0.0010125
96	2.51383e-09	0.128393	1.04264	-0.00164076	-0.970105	0.119377	-1.08162e-05
97	2.51383e-09	0.640421	-0.837673	-0.00161488	0.776173	0.585413	0.00212742
98	2.51383e-09	0.401152	0.979889	0.00114364	-0.898493	0.369262	-3.79125e-05
99	2.51383e-09	0.560511	0.898319	0.00113772	-0.825287	0.513534	0.000956798
100	2.51383e-09	0.302948	1.00428	-0.000390666	-0.93428	0.285054	-0.00057115
101	2.51383e-09	-0.89679	-0.529583	-0.000249764	0.499867	-0.841312	0.000538429
102	2.51383e-09	-0.557489	-0.889613	-0.000585546	0.826682	-0.518227	-0.00164923
103	2.51383e-09	0.847158	0.630254	6.45007e-05	-0.581637	0.778564	-0.000146157
104	2.51383e-09	-0.723768	0.770638	0.00126717	-0.707717	-0.665472	0.000627089
105	2.51383e-09	-0.898325	-0.529394	-0.000464694	0.49987	-0.845597	0.000474266
106	2.51383e-09	-0.103645	1.0478	-0.002018	-0.971024	-0.0957624	-0.000124388
107	2.51383e-09	0.500904	-0.921114	0.00151397	0.858387	0.463985	-0.00117562
108	2.51383e-09	-0.716273	-0.777976	0.000469221	0.716437	-0.658799	-0.000262335
109	2.51383e-09	0.557029	-0.898095	0.000544717	0.826149	0.515491	0.00047204
110	2.51383e-09	0.967215	-0.416181	0.000522478	0.38637	0.895672	0.000177474
111	2.51383e-09	0.666992	-0.836091	6.86805e-05	0.752627	0.603914	-0.000484166
112	2.51383e-09	-0.749933	0.737535	0.000784804	-0.684684	-0.694727	-0.000612877
113	2.51383e-09	1.00672	0.301747	-0.000879341	-0.279899	0.934768	0.000853198
114	2.51383e-09	1.05101	0.126487	-0.00150346	-0.11833	0.96504	-0.00164957
115	2.51383e-09	-0.928896	-0.499034	0.00101875	0.462156	-0.85939	0.00200561
116	2.51383e-09	0.92586	-0.507574	-0.00084356	0.470073	0.852604	2.6449e-05
117	2.51383e-09	-0.406638	-0.981038	0.0015718	0.89634	-0.371889	9.6724e-05
118	2.51383e-09	-0.666246	-0.835042	0.000403132	0.757771	-0.602718	-0.000145364
119	2.51383e-09	0.784759	-0.704303	0.00159255	0.650552	0.724068	-0.000788412
120	2.51383e-09	-0.932865	0.501243	0.000449594	-0.457427	-0.857433	0.00150786
121	2.51383e-09	-0.623639	-0.864321	-0.00107556	0.783137	-0.569723	0.000955986
122	2.51383e-09	-1.02961	-0.252846	0.000499015	0.232598	-0.94217	-0.000735685
123	2.51383e-09	0.284345	1.01926	-8.94023e-06	-0.93573	0.262239	-0.000510087
124	2.51383e-09	0.701263	-0.804508	-0.0015382	0.726779	0.639087	-0.000599268
125	2.51383e-09	-0.318356	1.01327	0.000751716	-0.924441	-0.292247	0.000890943
126	2.51383e-09	0.832048	-0.667421	-0.00207262	0.605194	0.755753	0.000638827
127	2.51383e-09	-1.02086	-0.274466	-0.00123087	0.253323	-0.939343	0.000628766
128	2.51383e-09	0.00908844	-1.06353	2.59456e-05	0.970285	0.00659835	-0.000901752
129	2.51383e-09	0.241855	1.03957	-0.000237764	-0.942622	0.219881	0.000710122
130	2.51383e-09	-1.05964	-0.0118883	0.00178836	0.0093045	-0.970783	0.000265115
131	2.51383e-09	0.0248376	1.06999	0.000166998	-0.967952	0.0240083	0.000971427
132	2.51383e-09	0.312183	1.02687	-0.00139416	-0.92263	0.282851	0.000651194
133	2.51383e-09	-0.615759	-0.87086	0.00155598	0.789968	-0.558037	0.00245328
134	2.51383e-09	0.915939	-0.547939	-0.000970765	0.497064	0.829782	0.00118079
135	2.51383e-09	0.668469	-0.82727	-0.00172059	0.754127	0.611147	0.00117351
136	2.51383e-09	-0.407883	-0.995984	0.00155583	0.889418	-0.367737	-0.00241232
137	2.51383e-09	-0.84316	0.654273	-0.000673013	-0.592771	-0.76562	-0.00138856
138	2.51383e-09	0.0685946	-1.06911	-0.000459875	0.964801	0.0632614	-0.00238201
139	2.51383e-09	-0.0824399	1.06944	-6.90311e-05	-0.961133	-0.0724392	-0.000584053
140	2.51383e-09	-0.192623	1.05816	-0.000956864	-0.948618	-0.175437	0.000415738
141	2.51383e-09	-0.859847	0.632164	0.000240078	-0.574611	-0.777468	-0.000768939
142	2.51383e-09	0.566838	-0.911012	-0.00106369	0.819209	0.510625	0.000640872
143	2.51383e-09	1.0732	0.0853592	0.000807122	-0.0777057	0.959495	0.000326365
144	2.51383e-09	-1.07706	-0.00827274	-0.000869961	0.00531944	-0.963909	0.000753008
145	2.51383e-09	0.507277	-0.955665	-0.00120579	0.8478	0.451378	0.000486825
146	2.51383e-09	0.909909	-0.590862	0.00066632	0.523956	0.803625	0.000724595
147	2.51383e-09	0.14172	-1.07181	0.000132781	0.951397	0.124066	0.00122384
148	2.51383e-09	0.688371	0.825462	0.0005614	-0.741311	0.619341	-0.00189309
149	2.51383e-09	-0.292765	-1.0305	-0.00120051	0.929407	-0.269126	-0.000216406
150	2.51383e-09	-0.603251	0.883746	0.000175232	-0.799175	-0.542556	0.00169946
151	2.51383e-09	-0.019029	-1.07659	-0.000357643	0.964745	-0.0153705	0.00120261
152	2.51383e-09	0.129019	1.06283	-0.00308757	-0.959664	0.114442	-0.000785896
153	2.51383e-09	-1.08339	0.0511375	0.000756994	-0.0444913	-0.958337	0.000101159
154	2.51383e-09	1.05981	-0.229684	-0.000365129	0.203615	0.939278	-0.000823626
155	2.51383e-09	0.490988	0.954038	0.00222941	-0.860501	0.440759	0.000805694
156	2.51383e-09	0.114951	1.07535	0.00187067	-0.957591	0.104339	-0.00105578
157	2.51383e-09	-0.0869696	1.07719	-0.000336923	-0.958187	-0.0789601	0.000382243
158	2.51383e-09	0.878046	-0.623228	0.000395147	0.556984	0.787238	-0.000922819
159	2.51383e-09	0.807815	-0.713653	-0.00109907	0.637392	0.72209	-0.00158058
160	2.51383e-09	-0.89949	0.604975	0.00106926	-0.536878	-0.794873	-7.23385e-05
161	2.51383e-09	-1.04002	-0.32188	-0.000535568	0.281324	-0.917443	3.80984e-05
162	2.51383e-09	-0.86598	-0.651042	0.000129809	0.576265	-0.76911	-0.000686453
163	2.51383e-09	-0.656997	-0.85545	-0.000282636	0.765101	-0.583855	-0.000991224
164	2.51383e-09	-1.01458	0.350722	-0.000765928	-0.315777	-0.912756	0.000529344
165	2.51383e-09	0.875389	0.639539	-0.0021096	-0.567476	0.776262	-0.00108175
166	2.51383e-09	0.574929	-0.916919	0.000500245	0.813756	0.51431	0.000785533
167	2.51383e-09	1.08804	0.0681068	0.00308752	-0.0551285	0.955006	0.000421715
168	2.51383e-09	-0.282712	1.03349	-0.00105166	-0.932371	-0.260637	0.00152532
169	2.51383e-09	-0.365058	1.02859	-0.000105179	-0.899975	-0.32062	-0.000978091
170	2.51383e-09	-0.45465	-0.988248	0.000673097	0.872955	-0.400545	0.000138389
171	2.51383e-09	-0.00604213	1.08855	0.00141269	-0.957593	-0.00660104	-0.000693404
172	2.51383e-09	1.0918	-0.0603813	0.000972777	0.0527346	0.954855	-0.000461825
173	2.51383e-09	1.03787	-0.374543	-0.000225953	0.32082	0.895117	0.00097971
174	2.51383e-09	0.603992	0.916566	-0.000256701	-0.796327	0.526588	-0.000925177
175	2.51383e-09	0.74039	-0.798504	-0.000460307	0.702827	0.652399	-0.000129042
176	2.51383e-09	0.0401632	-1.07128	-0.000114841	0.964216	0.033654	0.000946406
177	2.51383e-09	1.05863	-0.262261	-5.11031e-05	0.231467	0.930573	-0.00137638
178	2.51383e-09	0.734788	0.809771	-0.00112665	-0.706756	0.641911	0.00120303
179	2.51383e-09	-0.689399	0.843838	0.00122131	-0.741801	-0.606374	-0.00082085
180	2.51383e-09	-0.282601	-1.04682	0.000964955	0.92851	-0.249346	-0.00143636
181	2.51383e-09	-1.07407	-0.165519	-0.000304187	0.147062	-0.948727	-0.00137278
182	2.51383e-09	-1.0305	-0.338523	-7.29312e-05	0.297498	-0.912927	0.00127099
183	2.51383e-09	-0.742441	0.811202	-0.000924989	-0.703486	-0.645499	5.6728e-05
184	2.51383e-09	1.09163	-0.14042	-0.000398507	0.122493	0.944421	0.000636683
185	2.51383e-09	0.803677	0.744207	-0.00109873	-0.649715	0.700556	0.0017709
186	2.51383e-09	0.222851	-1.07096	0.00191174	0.936744	0.194787	-0.0011524
187	2.51383e-09	0.532048	0.949363	0.000570961	-0.836337	0.469727	-0.00120471
188	2.51383e-09	-0.0226228	-1.09196	-0.000600509	0.956925	-0.0218631	-0.000799542
189	2.51383e-09	0.56848	0.938252	0.000738136	-0.816336	0.495484	-0.000402656
190	2.51383e-09	-1.10108	0.0699258	0.00141858	-0.0608494	-0.948944	-0.00017134
191	2.51383e-09	-0.0904337	-1.09603	-0.00155598	0.949888	-0.0793521	0.00117726
192	2.51383e-09	0.941865	-0.577079	0.00056563	0.495032	0.811954	0.000412507
193	2.51383e-09	-0.974507	0.518838	-0.000809432	-0.44822	-0.839604	0.000373824
194	2.51383e-09	-0.949394	0.559716	0.00155553	-0.485037	-0.818845	0.000486413
195	2.51383e-09	0.842775	-0.696481	-0.00348524	0.607419	0.739327	0.000898512
196	2.51383e-09	-1.09008	0.143259	-0.0011344	-0.123892	-0.945162	-0.000565812
197	2.51383e-09	-0.552691	0.945448	0.0005179	-0.823716	-0.484611	0.000647485
198	2.51383e-09	0.943715	0.57194	-0.000851002	-0.491875	0.815463	0.000726966
199	2.51383e-09	0.569749	0.938573	0.000898479	-0.818038	0.493978	0.000195767
200	2.51383e-09	0.790275	0.780906	0.000220347	-0.666969	0.674738	0.000284633
201	2.51383e-09	-0.707714	0.859408	0.00110625	-0.728445	-0.60381	0.000333663
202	2.51383e-09	1.10209	-0.11818	4.54109e-05	0.100109	0.943717	0.00191892
203	2.51383e-09	1.0897	0.114372	0.00144482	-0.097672	0.950075	-0.000380062
204	2.51383e-09	-0.0931918	-1.09871	0.00143225	0.948301	-0.0773793	-0.00139839
205	2.51383e-09	-0.0789102	1.10691	0.000909329	-0.946386	-0.070532	-9.00825e-05
206	2.51383e-09	0.0854126	1.09272	-0.00279058	-0.952951	0.0732189	0.000889242
207	2.51383e-09	-0.929014	0.586861	-0.0013106	-0.509423	-0.808491	-6.89787e-05
208	2.51383e-09	-0.880498	-0.68156	-0.00100943	0.578283	-0.750397	0.00035042
209	2.51383e-09	-0.931933	-0.571004	0.00128708	0.495403	-0.818507	0.00130578
210	2.51383e-09	1.00526	0.477368	-0.00100011	-0.407982	0.854527	-0.00113389
211	2.51383e-09	-0.954589	-0.558583	-0.000676467	0.481582	-0.820004	0.000387224
212	2.51383e-09	1.11314	-0.0801614	0.000146891	0.0682761	0.944747	-0.00145794
213	2.51383e-09	-1.01814	-0.42562	0.000396192	0.364898	-0.87873	-0.000676623
214	2.51383e-09	-0.113499	1.10735	0.000255094	-0.941282	-0.0940373	0.000255003
215	2.51383e-09	-0.422536	-1.01882	0.00105152	0.880966	-0.362991	5.33659e-05
216	2.51383e-09	-1.02131	0.435653	0.000677829	-0.374822	-0.871397	-4.23209e-05
217	2.51383e-09	-0.89637	0.655455	0.000328286	-0.558678	-0.765966	0.000313086
218	2.51383e-09	0.962425	-0.539989	-0.000582959	0.465879	0.830268	0.0009174
219	2.51383e-09	0.311382	-1.07045	-0.00126526	0.909299	0.266826	0.0013113
220	2.51383e-09	-0.556603	0.962596	-0.000437077	-0.81886	-0.478386	-0.00138875
221	2.51383e-09	-0.762368	-0.817107	2.16478e-05	0.689926	-0.645104	0.0011517
222	2.51383e-09	-0.395321	-1.03959	-0.00246574	0.88698	-0.338156	-0.000383637
223	2.51383e-09	1.11574	0.00653397	0.000736634	-0.00595993	0.947361	0.000278616
224	2.51383e-09	0.759113	0.814881	0.000211335	-0.69309	0.646073	0.00125441
225	2.51383e-09	-1.04464	0.38784	0.000456165	-0.329909	-0.888545	-0.000900783
226	2.51383e-09	0.559932	-0.973055	-7.88444e-06	0.818546	0.467357	0.000159266
227	2.51383e-09	-0.691921	-0.87419	-0.000971512	0.74152	-0.587397	0.000806852
228	2.51383e-09	-0.866262	0.70352	0.000416691	-0.5972	-0.73461	-0.000888551
229	2.51383e-09	-1.10353	0.180368	0.000465018	-0.153779	-0.934484	0.000299243
230	2.51383e-09	0.190461	1.10535	-0.00172887	-0.931575	0.158826	0.000889268
231	2.51383e-09	0.872673	0.722556	0.000443706	-0.59802	0.725626	-0.00150914
232	2.51383e-09	-0.828316	0.73951	-0.00120223	-0.630877	-0.709425	0.00206991
233	2.51383e-09	0.682079	0.889495	-0.0017373	-0.748515	0.57367	0.00141436
234	2.51383e-09	-0.185653	1.09576	-0.00185467	-0.935864	-0.157646	0.000276916
235	2.51383e-09	-0.555866	0.97602	-0.00214576	-0.819124	-0.467471	1.89349e-05
236	2.51383e-09	0.699249	0.881173	0.00145985	-0.737453	0.587016	-0.000346827
237	2.51383e-09	-1.11227	0.150698	-0.000613002	-0.125296	-0.936783	-0.000161486
238	2.51383e-09	-0.519128	0.996718	0.00156002	-0.836427	-0.436471	0.000204131
239	2.51383e-09	1.03038	0.422694	-0.000705265	-0.357336	0.878114	-0.00168259
240	2.51383e-09	1.03997	-0.437928	0.00167063	0.363915	0.869099	0.000181985
241	2.51383e-09	0.699578	0.875799	-0.00126119	-0.740884	0.588243	0.00147285
242	2.51383e-09	-0.108067	1.13534	-7.70013e-05	-0.931934	-0.0904502	0.00203624
243	2.51383e-09	-0.40443	-1.05011	0.000962802	0.878134	-0.34204	-0.000816102
244	2.51383e-09	0.863794	-0.716198	-0.00133491	0.602492	0.726032	0.000230958
245	2.51383e-09	-1.12076	-0.0935616	-0.00056585	0.0802481	-0.939606	0.00101068
246	2.51383e-09	-0.392356	-1.05257	-0.00100645	0.885645	-0.328041	2.33589e-05
247	2.51383e-09	-0.239671	-1.0865	-0.000843631	0.927449	-0.204934	-2.28149e-05
248	2.51383e-09	-1.10959	0.173043	-0.00035953	-0.144875	-0.930111	0.000981037
249	2.51383e-09	0.935954	0.611704	0.00020232	-0.51652	0.793147	0.00154192
250	2.51383e-09	-0.670614	0.905826	0.00169684	-0.756826	-0.560042	0.000534647
251	2.51383e-09	-0.517732	-1.00768	-0.000518571	0.837448	-0.428372	0.00206019
252	2.51383e-09	-1.0467	-0.420251	-0.0016105	0.351076	-0.875325	0.000509875
253	2.51383e-09	1.0862	-0.280827	0.00156298	0.235046	0.915858	-0.00129752
254	2.51383e-09	1.12556	-0.045575	-8.27717e-05	0.0384276	0.941099	0.00106379
255	2.51383e-09	1.10576	0.263808	-0.000372804	-0.217118	0.91291	-0.000555088
256	2.51383e-09	-0.532663	-0.994883	0.00127401	0.827755	-0.447019	-0.000692668
257	2.51383e-09	-1.02202	0.494099	-0.00056516	-0.408889	-0.843724	0.00104169
258	2.51383e-09	1.0923	0.299793	0.000690511	-0.247641	0.905426	0.000787427
259	2.51383e-09	-0.841988	0.743565	0.000125611	-0.626057	-0.70684	-5.1272e-06
260	2.51383e-09	0.801429	0.804513	-0.001537	-0.667466	0.657346	0.000120884
261	2.51383e-09	1.04443	0.464461	-0.000820601	-0.377438	0.855289	-0.000512011
262	2.51383e-09	0.533645	0.99838	-0.00079679	-0.828193	0.444864	-0.000764007
263	2.51383e-09	-0.176579	1.12616	-0.000255229	-0.925425	-0.145729	6.60988e-05
264	2.51383e-09	0.899392	-0.683719	-0.000833273	0.571466	0.749134	0.000170135
265	2.51383e-09	-0.70386	0.904349	0.000294889	-0.734347	-0.575407	-0.000299567
266	2.51383e-09	0.882181	0.718497	-0.00082786	-0.594298	0.724655	-0.00157522
267	2.51383e-09	0.774122	0.827671	0.00145358	-0.684933	0.64075	0.000327233
268	2.51383e-09	0.678756	-0.906175	0.000672474	0.750192	0.566173	-0.000184204
269	2.51383e-09	-0.96381	-0.601819	0.000379181	0.496989	-0.794802	0.00166523
270	2.51383e-09	0.233021	-1.10846	0.000360555	0.919805	0.194354	0.000371057
271	2.51383e-09	-0.216885	1.11582	0.000843862	-0.921331	-0.181092	1.63565e-05
272	2.51383e-09	1.09508	-0.307226	0.0011364	0.250772	0.904864	0.000674927
273	2.51383e-09	-0.820543	-0.798405	-8.94224e-05	0.651429	-0.668972	0.000830935
274	2.51383e-09	-0.855587	0.746649	0.0013956	-0.619671	-0.705055	-0.000180408
275	2.51383e-09	-1.07016	-0.390314	0.000914962	0.323794	-0.877772	0.00145381
276	2.51383e-09	1.13293	-0.100926	-0.000458934	0.0815219	0.934281	-9.99898e-05
277	2.51383e-09	-1.09079	0.338102	0.000678589	-0.277647	-0.893758	0.000310432
278	2.51383e-09	1.10624	-0.294834	0.00195767	0.242151	0.90251	-9.99391e-05
279	2.51383e-09	-0.760706	0.857756	0.000358254	-0.696811	-0.62005	0.00029008
280	2.51383e-09	0.801256	-0.816735	0.000364143	0.666784	0.654662	0.00157413
281	2.51383e-09	-1.12225	-0.210109	0.000343583	0.17205	-0.920187	0.000539951
282	2.51383e-09	-0.856546	-0.762963	0.000930466	0.621743	-0.695043	1.54017e-05
283	2.51383e-09	0.76079	-0.863009	-0.00112606	0.700006	0.616041	-0.000200463
284	2.51383e-09	-0.865282	-0.764577	-0.000943834	0.617135	-0.694866	-0.00153129
285	2.51383e-09	-0.508866	-1.02894	0.000150759	0.835756	-0.413284	0.00109567
286	2.51383e-09	1.09642	-0.330993	0.00179889	0.268163	0.893607	0.000985912
287	2.51383e-09	-0.983927	0.568742	0.00166805	-0.469299	-0.81317	-0.00141132
288	2.51383e-09	1.11276	-0.258329	-0.000157296	0.213412	0.91222	-5.42683e-06
289	2.51383e-09	-0.0689605	-1.15661	0.000330625	0.925707	-0.0543828	0.00159454
290	2.51383e-09	-0.220687	-1.12032	9.19316e-05	0.919227	-0.181286	-0.000724458
291	2.51383e-09	0.0658858	-1.1546	0.00196971	0.927803	0.0511653	0.000475244
292	2.51383e-09	-0.561286	1.00124	-0.000140774	-0.814863	-0.454671	0.000757538
293	2.51383e-09	0.704467	0.901758	-0.00128876	-0.738142	0.575907	5.10773e-05
294	2.51383e-09	1.14433	-0.133628	0.00234876	0.106606	0.924956	-0.00145633
295	2.51383e-09	-0.208118	1.12766	0.000342484	-0.919966	-0.167262	-0.000406644
296	2.51383e-09	1.15315	0.0260063	0.000991104	-0.0210398	0.929983	-0.00076279
297	2.51383e-09	1.14697	-0.0899941	0.00262258	0.0721216	0.929819	0.0013857
298	2.51383e-09	0.876386	-0.753396	-0.000786887	0.604423	0.706901	-0.000484443
299	2.51383e-09	0.187727	1.13242	0.00111865	-0.922614	0.153373	-0.000983189
300	2.51383e-09	0.167705	-1.14566	0.000114073	0.919667	0.135664	-0.00136089
301	2.51383e-09	-0.499835	1.04616	-0.00148751	-0.835128	-0.402118	0.00015289
302	2.51383e-09	1.13367	-0.252766	-0.00210253	0.203133	0.90543	-0.000700239
303	2.51383e-09	0.355537	1.09944	0.000455218	-0.885175	0.284523	0.00117952
304	2.51383e-09	0.90307	0.717796	0.00286607	-0.579992	0.730638	-0.000732041
305	2.51383e-09	-0.666396	0.943867	-0.00119847	-0.75955	-0.538504	0.00095196
306	2.51383e-09	0.278567	-1.11762	0.000270606	0.904881	0.223821	-0.000387571
307	2.51383e-09	-0.707779	0.925515	0.000407672	-0.730433	-0.566931	-0.000461268
308	2.51383e-09	0.607108	0.991139	0.000130312	-0.789707	0.485525	0.00207312
309	2.51383e-09	0.652987	-0.94505	0.00120489	0.77042	0.525638	-0.0014496
310	2.51383e-09	0.443516	-1.06026	-0.001444	0.861655	0.357436	7.60331e-05
311	2.51383e-09	1.14058	0.185563	7.30216e-05	-0.149496	0.918873	0.000931014
312	2.51383e-09	0.5946	-0.999575	0.000702006	0.796721	0.472844	0.000109929
313	2.51383e-09	0.113999	-1.14806	-0.00141617	0.926991	0.090987	-0.00180522
314	2.51383e-09	1.15777	0.0803238	-0.00073785	-0.0609844	0.926925	-0.000562215
315	2.51383e-09	-0.765253	0.870739	-0.000574412	-0.699319	-0.612822	-0.000157474
316	2.51383e-09	-1.12939	-0.281711	-0.000794657	0.22524	-0.897692	-0.00109318
317	2.51383e-09	0.943873	0.671693	0.000710888	-0.540337	0.757996	-0.00125159
318	2.51383e-09	-0.649453	-0.954783	0.000448079	0.77031	-0.524368	-0.00118088
319	2.51383e-09	-1.06366	-0.461285	0.000411616	0.367975	-0.854308	0.00027715
320	2.51383e-09	-1.12782	0.294868	0.000170157	-0.23836	-0.895548	-0.000753123
321	2.51383e-09	-0.92857	-0.700813	0.000676411	0.559474	-0.739839	0.000816042
322	2.51383e-09	1.00304	-0.596106	0.00079664	0.470953	0.797663	-0.00130858
323	2.51383e-09	-0.46218	1.08158	-0.000271884	-0.847912	-0.360067	0.00131574
324	2.51383e-09	1.14794	-0.264884	-0.00143979	0.203628	0.899418	0.00022132
325	2.51383e-09	1.12549	0.298419	-0.000666503	-0.237061	0.897242	-0.000940211
326	2.51383e-09	0.452573	1.07391	-0.000834745	-0.854478	0.35746	-0.000988702
327	2.51383e-09	0.798508	0.851749	0.00182585	-0.675378	0.632506	0.000295134
328	2.51383e-09	-1.13019	-0.300221	9.29035e-05	0.236402	-0.893254	0.00154171
329	2.51383e-09	-1.18166	0.0390472	0.000840984	-0.0297247	-0.919269	0.000698163
330	2.51383e-09	-0.951667	-0.677251	0.000540818	0.537985	-0.75433	0.000295612
331	2.51383e-09	-0.758123	-0.894505	-0.000202795	0.707364	-0.595946	-0.000629889
332	2.51383e-09	-0.0270241	1.1629	-0.0021115	-0.92769	-0.023179	0.00172094
333	2.51383e-09	-0.338795	-1.11916	-0.00135528	0.886348	-0.268619	0.000495989
334	2.51383e-09	-0.523303	-1.04781	-0.000859937	0.826504	-0.411562	-0.000773075
335	2.51383e-09	1.16548	0.0763534	0.00121797	-0.0611227	0.924105	0.00196911
336	2.51383e-09	-0.800015	0.859148	-0.00224674	-0.675497	-0.629018	0.000729076
337	2.51383e-09	1.07308	-0.481837	0.000994286	0.378346	0.840937	0.00106689
338	2.51383e-09	-0.446966	-1.07536	-0.00196911	0.853514	-0.35919	0.000838253
339	2.51383e-09	0.897371	-0.784304	0.000293458	0.603423	0.687937	-0.000211725
340	2.51383e-09	0.647597	0.995865	-0.000273679	-0.766074	0.503206	-0.000710281
341	2.51383e-09	0.972545	0.683091	0.000228114	-0.525642	0.749194	0.000639374
342	2.51383e-09	-0.706665	0.935852	0.000527728	-0.738499	-0.554959	-0.000960859
343	2.51383e-09	-1.00405	0.596016	0.00182922	-0.475719	-0.795294	0.000584268
344	2.51383e-09	0.138125	1.1617	0.000568594	-0.918234	0.107296	-0.000302006
345	2.51383e-09	0.0918264	1.1731	-0.000894346	-0.919624	0.0726253	0.00178907
346	2.51383e-09	-0.805112	0.845971	0.000281922	-0.668077	-0.639253	-0.000239896
347	2.51383e-09	0.182242	1.15916	-0.0017397	-0.912445	0.140546	-0.000722616
348	2.51383e-09	0.571416	-1.03069	-0.000981221	0.80744	0.444078	-7.49793e-06
349	2.51383e-09	0.910031	-0.738633	0.000211936	0.583024	0.719503	0.00074384
350	2.51383e-09	1.10703	0.401648	-0.000709977	-0.311319	0.867438	0.000112245
351	2.51383e-09	-1.1078	-0.416722	0.000327573	0.320272	-0.860646	0.000386179
352	2.51383e-09	-0.213649	1.15842	-0.000670407	-0.905145	-0.169832	0.000896843
353	2.51383e-09	-1.07972	0.46241	-0.000101016	-0.366821	-0.847074	-0.000919192
354	2.51383e-09	0.278196	1.1494	-0.00165876	-0.893957	0.215178	-0.000112218
355	2.51383e-09	0.874793	-0.778658	-0.000205038	0.614501	0.690678	5.40383e-06
356	2.51383e-09	1.18317	0.0471134	0.00059701	-0.0369174	0.918492	0.00109816
357	2.51383e-09	-1.18309	-0.1105	-2.61022e-05	0.0837193	-0.913157	0.000796308
358	2.51383e-09	-1.18003	-0.159838	-0.00224454	0.120576	-0.909249	0.000436431
359	2.51383e-09	-1.1102	-0.414954	-0.00161626	0.321329	-0.860692	0.00137118
360	2.51383e-09	-1.15946	-0.208303	0.00100044	0.162652	-0.908177	0.00108401
361	2.51383e-09	0.177219	-1.17109	0.000321593	0.908068	0.137742	-0.0019056
362	2.51383e-09	0.366217	-1.12369	0.000171333	0.87292	0.285849	0.00110164
363	2.51383e-09	-1.16908	-0.0228687	0.00120193	0.0177656	-0.92554	-0.000664647
364	2.51383e-09	0.881521	-0.795875	-0.000334971	0.615128	0.678948	0.000466613
365	2.51383e-09	1.17932	0.128349	-0.000319891	-0.100274	0.91426	0.000259715
366	2.51383e-09	1.12199	-0.380427	0.00201425	0.295896	0.870396	0.000653689
367	2.51383e-09	-0.64387	0.998256	-0.000375416	-0.770479	-0.497972	-0.000252549
368	2.51383e-09	0.509012	-1.07935	-0.00110336	0.827644	0.39181	-0.00202827
369	2.51383e-09	-0.171507	-1.18183	0.000831412	0.905578	-0.133626	-0.000434152
370	2.51383e-09	0.233745	1.16235	-0.000852004	-0.900323	0.180498	0.00081255
371	2.51383e-09	0.733917	-0.943376	0.00205818	0.721837	0.561919	0.00152282
372	2.51383e-09	-0.943903	0.727574	0.00119361	-0.560643	-0.72488	0.000634562
373	2.51383e-09	-0.218527	1.17031	-0.00105471	-0.899963	-0.167242	-0.000434409
374	2.51383e-09	0.417411	-1.12381	-0.00112148	0.856047	0.32107	0.000294752
375	2.51383e-09	1.10259	0.454886	-8.73275e-05	-0.347974	0.847546	-0.000374422
376	2.51383e-09	1.17831	0.145919	-0.000830568	-0.112399	0.911585	0.000765283
377	2.51383e-09	-1.18435	-0.00428539	-5.57173e-06	0.0032732	-0.92104	-0.00161539
378	2.51383e-09	-0.359126	-1.13656	0.000594423	0.873568	-0.277062	-0.000883962
379	2.51383e-09	1.12142	0.396206	0.0019279	-0.300375	0.866662	0.000203944
380	2.51383e-09	-0.148099	-1.18559	-0.00100665	0.90746	-0.114255	-0.000810639
381	2.51383e-09	-1.13514	-0.362922	-1.56677e-05	0.280659	-0.871603	0.00105497
382	2.51383e-09	-0.348523	-1.13839	-0.000765252	0.877313	-0.267593	0.000458479
383	2.51383e-09	0.746746	0.917021	-0.00024087	-0.713353	0.580277	-0.000760862
384	2.51383e-09	-1.17314	-0.247903	-0.00229378	0.187699	-0.892782	0.000556898
385	2.51383e-09	-0.754338	0.924583	0.00152798	-0.710145	-0.579375	0.00060259
386	2.51383e-09	1.10737	-0.462972	-0.000265166	0.349303	0.843948	-0.000200602
387	2.51383e-09	1.19414	0.0833342	-0.000553043	-0.0616801	0.912996	4.27007e-05
388	2.51383e-09	-0.43979	-1.11463	0.000459545	0.850236	-0.334921	-0.000543569
389	2.51383e-09	0.28379	-1.16136	0.00129665	0.889825	0.216121	-5.69417e-05
390	2.51383e-09	1.16961	0.264985	-0.0017255	-0.201568	0.889434	-0.000524433
391	2.51383e-09	0.537883	1.07754	-0.000827284	-0.815456	0.405771	0.000843538
392	2.51383e-09	1.03649	0.608449	-4.81013e-05	-0.462111	0.786785	-0.00121796
393	2.51383e-09	0.0123942	1.21625	0.000637598	-0.904429	0.0078432	-0.000317421
394	2.51383e-09	-0.915539	-0.777603	0.00177361	0.590305	-0.695459	0.000720349
395	2.51383e-09	-1.10615	0.462416	-0.00138573	-0.349607	-0.844043	0.0015666
396	2.51383e-09	-0.290212	1.15519	0.000234934	-0.890635	-0.224946	-0.000270599
397	2.51383e-09	1.01579	-0.647907	-0.00148801	0.491961	0.766952	0.000653815
398	2.51383e-09	-0.770982	-0.925307	0.0019821	0.699434	-0.584774	-0.000568277
399	2.51383e-09	0.342021	1.14908	0.000671926	-0.876321	0.261628	0.000931617
400	2.51383e-09	1.20544	0.0711825	8.96712e-05	-0.0524856	0.908518	-0.000218204
