1.094500e+04
401
0	1	0.000504107	0.000312695	-4.60046e-07	1.86514e-08	8.73915e-08	-1.4565e-10
1	2.51383e-09	0.306172	0.970464	-0.00233802	-0.943557	0.296239	0.00184083
2	2.51383e-09	-0.953775	-0.264075	0.00102796	0.269706	-0.972346	-0.00099898
3	2.51383e-09	0.356141	0.932225	0.00206204	-0.932598	0.361407	-0.00112181
4	2.51383e-09	-1.00408	-0.00883747	-0.00151198	0.0111954	-0.997481	0.00171421
5	2.51383e-09	0.530495	-0.840172	-0.000284022	0.850089	0.534757	0.00149658
6	2.51383e-09	-0.441887	-0.906022	0.00349863	0.895529	-0.436257	1.43776e-05
7	2.51383e-09	-0.912123	0.401156	0.00031685	-0.399752	-0.918723	0.00287347
8	2.51383e-09	0.340486	-0.930419	-0.000266512	0.945831	0.345277	0.000466951
9	2.51383e-09	-0.975341	-0.260455	-8.45923e-05	0.253167	-0.96186	-0.00088226
10	2.51383e-09	-0.926752	-0.408664	0.00323222	0.402263	-0.909215	0.0010587
11	2.51383e-09	0.499903	-0.861862	-0.00159276	0.869187	0.50103	-0.00071554
12	2.51383e-09	-0.676353	0.7658	-0.00108669	-0.74471	-0.650012	2.77731e-05
13	2.51383e-09	0.818653	0.582842	-0.000302987	-0.579758	0.812638	0.0013723
14	2.51383e-09	0.82907	0.583432	-0.00319438	-0.574264	0.809664	-0.00080701
15	2.51383e-09	-1.00012	-0.0548708	0.00256909	0.0658716	-0.996164	0.000858247
16	2.51383e-09	-0.728533	0.679594	0.00100709	-0.687561	-0.730791	-0.00144784
17	2.51383e-09	0.99397	-0.207849	0.000185321	0.198069	0.969852	0.00234101
18	2.51383e-09	-0.992699	0.174774	0.000665279	-0.168929	-0.98453	-0.0010385
19	2.51383e-09	1.00487	-0.0520762	-0.00318542	0.0462104	1.0002	0.00274909
20	2.51383e-09	0.784733	-0.667167	-0.00235222	0.638996	0.751854	0.00141456
21	2.51383e-09	0.99939	0.0553353	-9.2384e-05	-0.0597225	0.998666	0.000959881
22	2.51383e-09	-0.257676	-1.00227	-0.000873035	0.950725	-0.241661	-0.00180012
23	2.51383e-09	1.01199	0.00790166	-0.00400201	-0.00534133	0.995583	9.07342e-05
24	2.51383e-09	-0.378607	-0.939849	-0.00236859	0.920838	-0.363623	-0.000304034
25	2.51383e-09	-0.24501	0.98118	0.000999941	-0.96776	-0.241782	0.000910076
26	2.51383e-09	0.761664	-0.673032	-0.0011026	0.65948	0.743252	0.000107299
27	2.51383e-09	-0.307464	-0.950341	0.00247412	0.953465	-0.308917	-0.00183198
28	2.51383e-09	0.162786	1.00207	0.00263089	-0.980187	0.15637	0.00333726
29	2.51383e-09	0.519707	0.859156	-0.000332164	-0.853802	0.515171	-0.00215325
30	2.51383e-09	0.188999	1.00183	-0.000105787	-0.973083	0.181997	-0.00136696
31	2.51383e-09	1.01413	0.0418975	0.000407051	-0.0429635	0.987756	0.00167341
32	2.51383e-09	0.722378	0.698723	0.00425617	-0.69444	0.718473	-0.00154702
33	2.51383e-09	-0.893817	-0.488404	-6.96677e-05	0.481858	-0.871776	-0.000301072
34	2.51383e-09	0.950956	-0.416005	-0.000227291	0.39416	0.899407	-0.00332058
35	2.51383e-09	0.27861	-0.977858	-0.00174296	0.953085	0.26956	0.00169808
36	2.51383e-09	-0.763511	-0.684683	-0.000754153	0.659379	-0.726549	0.000662938
37	2.51383e-09	0.917775	-0.436901	-0.00129616	0.428024	0.897069	0.000617669
38	2.51383e-09	-0.723106	-0.692942	0.000408504	0.686851	-0.727005	0.00184243
39	2.51383e-09	-0.454214	0.907635	0.000113787	-0.891908	-0.441915	0.000247885
40	2.51383e-09	0.469646	-0.914527	0.00101077	0.875397	0.443075	-0.00103199
41	2.51383e-09	-0.72501	0.709259	0.00154737	-0.693606	-0.711437	-0.00246522
42	2.51383e-09	0.993881	0.266771	0.00134129	-0.25446	0.951461	-0.000768707
43	2.51383e-09	0.516034	0.872469	0.00207568	-0.856932	0.500098	-0.00244262
44	2.51383e-09	-0.998829	-0.259482	0.00109381	0.248127	-0.952779	0.00287584
45	2.51383e-09	0.743729	-0.704459	-0.00218365	0.68034	0.718438	-0.00225858
46	2.51383e-09	0.40193	0.932397	0.000177132	-0.909295	0.395738	-0.000382141
47	2.51383e-09	-0.824204	-0.597709	2.03389e-05	0.58013	-0.802624	0.000840521
48	2.51383e-09	0.865137	-0.553746	0.00111233	0.533068	0.831734	-0.000794666
49	2.51383e-09	-0.552737	0.843754	-0.00422433	-0.83252	-0.543578	0.000334073
50	2.51383e-09	-0.881938	0.551302	0.00236855	-0.514999	-0.835179	-0.000384704
51	2.51383e-09	0.735057	0.693922	-0.000361238	-0.682128	0.724132	-0.00284846
52	2.51383e-09	0.100839	1.0351	0.000346749	-0.974695	0.0906354	-0.00153413
53	2.51383e-09	-0.0763735	-1.02534	-0.000470704	0.982678	-0.0785159	-0.000812431
54	2.51383e-09	-0.693169	-0.770722	0.00239323	0.730061	-0.654619	-0.00233706
55	2.51383e-09	0.839118	-0.603607	0.00104045	0.576242	0.797003	-0.000718512
56	2.51383e-09	0.691257	0.759225	-0.00142118	-0.733333	0.661179	0.000172953
57	2.51383e-09	-0.235172	-1.02327	0.00119245	0.949592	-0.21697	-0.000994759
58	2.51383e-09	0.959922	-0.395262	-0.00190647	0.37213	0.908852	-0.000379344
59	2.51383e-09	-0.00845693	-1.03182	-0.00302797	0.981995	-0.0144428	0.000476726
60	2.51383e-09	-0.825151	-0.621255	-0.00234156	0.590192	-0.788497	-0.000541683
61	2.51383e-09	-0.701377	-0.75708	0.00177962	0.725443	-0.666855	-0.00159463
62	2.51383e-09	-0.498556	-0.910042	-0.000229198	0.859385	-0.473845	-0.00231302
63	2.51383e-09	-1.00067	0.229257	0.00199416	-0.216477	-0.962193	8.78551e-05
64	2.51383e-09	1.02471	0.176466	0.00169841	-0.164331	0.963175	-0.000901322
65	2.51383e-09	0.828714	0.602753	-0.00104162	-0.582447	0.800534	0.000153111
66	2.51383e-09	0.520844	0.892011	0.000863526	-0.842571	0.505339	-0.00288491
67	2.51383e-09	-0.592871	0.861351	0.000731194	-0.803981	-0.552887	-0.00134191
68	2.51383e-09	0.48794	-0.913425	0.00193623	0.870208	0.460265	-0.000296793
69	2.51383e-09	-0.521207	0.904414	-0.00299874	-0.849609	-0.483704	-0.00219326
70	2.51383e-09	-0.468466	-0.913461	0.00181367	0.876274	-0.449545	-0.00291265
71	2.51383e-09	-0.852909	-0.596565	-0.000517655	0.566066	-0.800649	0.00528759
72	2.51383e-09	0.568027	-0.902448	-0.00209066	0.817495	0.516993	-0.00189168
73	2.51383e-09	0.281728	1.00491	-0.0021488	-0.945198	0.260009	0.00100834
74	2.51383e-09	0.378742	0.988098	0.00348049	-0.90737	0.351202	0.0018704
75	2.51383e-09	-0.664109	-0.803877	0.000991855	0.750343	-0.624546	0.00295355
76	2.51383e-09	0.821491	-0.67091	0.000176778	0.616545	0.745193	0.00112061
77	2.51383e-09	-0.915254	0.524151	-0.00112777	-0.483174	-0.845876	-0.000602394
78	2.51383e-09	-0.919722	-0.505544	-0.0047945	0.47329	-0.849611	-0.000463657
79	2.51383e-09	0.612969	-0.823667	0.00588295	0.790638	0.594374	0.00105738
80	2.51383e-09	1.04182	-0.062594	-0.000305452	0.0604601	0.978937	-0.000533313
81	2.51383e-09	0.554219	0.857852	0.00272438	-0.827206	0.540814	-0.000740885
82	2.51383e-09	0.156557	1.03987	0.00389274	-0.965652	0.141977	0.00148505
83	2.51383e-09	-0.980523	0.307085	0.000186237	-0.289476	-0.944177	0.00136681
84	2.51383e-09	0.842491	-0.633682	-0.000886901	0.585243	0.775197	1.39288e-05
85	2.51383e-09	-1.00953	0.186238	-0.00203725	-0.178771	-0.970142	0.000129901
86	2.51383e-09	-1.03431	0.169903	0.000832681	-0.149751	-0.966532	-0.00130244
87	2.51383e-09	-0.849328	-0.616168	0.000916776	0.573376	-0.788054	0.00213374
88	2.51383e-09	-0.161041	-1.01215	-0.000501856	0.975458	-0.155855	-0.002083
89	2.51383e-09	0.733855	-0.742455	0.00130307	0.700586	0.688094	0.00175197
90	2.51383e-09	0.662592	0.815921	0.000421702	-0.753699	0.617997	0.00362806
91	2.51383e-09	-1.01151	0.117104	-0.00386098	-0.114875	-0.987602	-0.00165717
92	2.51383e-09	0.95817	0.427825	0.000136122	-0.39713	0.891513	-2.36129e-05
93	2.51383e-09	-1.00568	0.366457	0.00149351	-0.335362	-0.907672	0.000865363
94	2.51383e-09	-0.338326	0.976294	0.000959005	-0.929749	-0.320701	-0.000669335
95	2.51383e-09	-0.792116	0.660971	0.000688223	-0.630958	-0.754433	0.00192317
96	2.51383e-09	-0.969985	-0.444801	-0.000301443	0.40594	-0.874793	-0.000126552
97	2.51383e-09	0.22407	-1.02115	0.00228831	0.957058	0.208963	-0.000890358
98	2.51383e-09	0.279565	1.01288	0.000693031	-0.9406	0.256731	0.00306199
99	2.51383e-09	-0.866592	0.615609	0.001521	-0.554574	-0.793601	0.0023518
100	2.51383e-09	-1.05014	0.0399165	0.00094841	-0.0444314	-0.977906	-0.000300669
101	2.51383e-09	1.0314	0.044626	0.000386962	-0.0446031	0.98342	0.00194114
102	2.51383e-09	1.03456	-0.0901727	0.00235134	0.0890161	0.974737	-0.00114511
103	2.51383e-09	-0.929346	-0.488377	-0.00079571	0.451649	-0.864733	0.002136
104	2.51383e-09	-0.716074	0.749615	-0.00045197	-0.717519	-0.673438	-0.00133281
105	2.51383e-09	-0.868605	-0.564875	0.000506498	0.532439	-0.824868	0.00168655
106	2.51383e-09	-0.782475	0.693335	0.00227654	-0.650118	-0.729374	0.000884625
107	2.51383e-09	-0.898398	0.579783	0.00264966	-0.522508	-0.812274	0.00189372
108	2.51383e-09	-0.694082	0.815294	-0.00165996	-0.73727	-0.622978	0.000198863
109	2.51383e-09	0.907943	0.533278	0.00118753	-0.498399	0.840067	-0.00149131
110	2.51383e-09	0.691288	0.790384	0.000140632	-0.740745	0.641328	-0.00228388
111	2.51383e-09	-1.01782	0.309478	-0.00409685	-0.279511	-0.930662	-0.00352921
112	2.51383e-09	0.591823	-0.890619	0.00171803	0.810091	0.530705	0.00149006
113	2.51383e-09	-0.874791	-0.597605	-7.35649e-05	0.549843	-0.799599	0.00197143
114	2.51383e-09	0.521496	-0.915995	0.000630889	0.845996	0.4779	0.000815432
115	2.51383e-09	-0.637592	-0.867131	0.00376476	0.773124	-0.572194	0.000266576
116	2.51383e-09	0.112907	1.04387	0.0046109	-0.972264	0.108442	-0.00210528
117	2.51383e-09	-1.04431	-0.105162	0.00103901	0.100895	-0.970894	0.000611821
118	2.51383e-09	-0.729717	0.766252	-0.000400881	-0.707002	-0.668262	0.000163064
119	2.51383e-09	-0.680593	-0.798932	0.00240605	0.740132	-0.635772	0.00359718
120	2.51383e-09	-0.797146	0.689791	-9.00725e-05	-0.639327	-0.736341	-0.0027636
121	2.51383e-09	0.441745	-0.965571	-0.000521103	0.884968	0.401568	0.00318317
122	2.51383e-09	-1.0569	0.225118	0.00219604	-0.204406	-0.93751	-0.00233889
123	2.51383e-09	0.141631	1.03336	-0.00234412	-0.96957	0.132573	0.00278541
124	2.51383e-09	-0.641061	-0.867559	-0.00460683	0.775299	-0.57016	0.000527236
125	2.51383e-09	0.714905	0.76294	-0.00104639	-0.718671	0.666779	-0.000914919
126	2.51383e-09	0.709285	-0.777426	-0.000465366	0.718335	0.660017	0.000323261
127	2.51383e-09	0.1633	-1.04156	-0.000628809	0.962393	0.149367	8.84949e-05
128	2.51383e-09	-0.0325227	1.07299	0.00227435	-0.962632	-0.0308258	0.0035423
129	2.51383e-09	0.203675	-1.04435	-0.00170379	0.948989	0.187312	-0.00200102
130	2.51383e-09	-0.323994	1.01613	-0.00231656	-0.92307	-0.289048	0.00352733
131	2.51383e-09	-0.111028	1.08878	-0.0015423	-0.950623	-0.0984531	-1.74453e-05
132	2.51383e-09	0.173428	-1.05222	0.0030221	0.956108	0.164274	-0.00201019
133	2.51383e-09	0.141934	-1.06403	-0.00101661	0.955042	0.124402	0.00111504
134	2.51383e-09	-1.0434	0.159097	0.00122935	-0.140986	-0.963224	0.000406039
135	2.51383e-09	0.518914	-0.925945	-0.00304438	0.843864	0.476447	-0.000728422
136	2.51383e-09	-0.759072	0.784302	-0.000641173	-0.687551	-0.666348	0.00123279
137	2.51383e-09	-1.04964	-0.15731	-0.00240865	0.146091	-0.958663	-8.37915e-05
138	2.51383e-09	-0.264964	-1.03125	0.00366781	0.935514	-0.245713	-0.00190573
139	2.51383e-09	-0.736066	-0.763231	0.000193157	0.697016	-0.674926	0.00349162
140	2.51383e-09	1.05546	-0.264613	0.00137164	0.227724	0.932154	0.000464218
141	2.51383e-09	0.839363	-0.652284	-0.00141578	0.591102	0.769036	-0.000172992
142	2.51383e-09	-1.07665	-0.0736379	0.00256043	0.0741082	-0.957063	0.00167935
143	2.51383e-09	-0.408933	1.00174	0.0023508	-0.887407	-0.358088	-0.00194842
144	2.51383e-09	0.292707	1.04996	-0.00260964	-0.920168	0.25772	-0.000581776
145	2.51383e-09	-0.259851	-1.01884	-0.00264971	0.944536	-0.241451	0.000997527
146	2.51383e-09	1.09067	-0.0976449	0.00206284	0.0807115	0.953803	-0.00286739
147	2.51383e-09	0.149925	-1.07273	-0.00303825	0.950757	0.133805	-0.000224919
148	2.51383e-09	-0.837263	-0.690487	-0.000110012	0.614338	-0.737165	-0.00152404
149	2.51383e-09	-0.817084	0.667708	0.00272675	-0.608137	-0.761069	-0.000328025
150	2.51383e-09	-1.05607	0.110968	-0.000975886	-0.0948621	-0.970796	-0.00151543
151	2.51383e-09	1.08622	0.035842	-0.00157269	-0.0257705	0.958638	-0.00189836
152	2.51383e-09	-0.388299	-0.992473	-0.00024346	0.903901	-0.361098	-0.000387405
153	2.51383e-09	-0.605493	-0.902649	0.00410657	0.792912	-0.53628	-0.000889619
154	2.51383e-09	0.470603	0.995324	0.00140891	-0.86333	0.408684	-0.00324839
155	2.51383e-09	0.584723	0.912669	-0.000452372	-0.811674	0.514597	-0.000994329
156	2.51383e-09	1.02686	0.380226	0.000954828	-0.323727	0.900058	-0.00241817
157	2.51383e-09	0.92836	-0.515973	-0.0016835	0.475647	0.848023	-0.000300565
158	2.51383e-09	-0.95166	-0.523507	-0.000446116	0.468171	-0.840308	-0.00297272
159	2.51383e-09	0.893678	-0.593234	9.20178e-05	0.533138	0.804654	0.000336877
160	2.51383e-09	0.702584	-0.819073	-4.90411e-05	0.732387	0.62236	-0.00205566
161	2.51383e-09	-0.941155	0.543254	-1.36453e-05	-0.47841	-0.830964	-0.00266471
162	2.51383e-09	1.07365	0.11088	0.000831329	-0.102969	0.956543	-0.00129666
163	2.51383e-09	0.249752	-1.0594	-5.91226e-05	0.930073	0.215885	0.000475946
164	2.51383e-09	1.0328	0.299816	-0.000950351	-0.273553	0.926365	0.00429135
165	2.51383e-09	-0.982722	-0.493042	7.64331e-05	0.426609	-0.850818	0.00174931
166	2.51383e-09	0.25916	1.04216	-0.00145011	-0.938031	0.228315	-0.000841185
167	2.51383e-09	-0.843007	0.643629	-0.00149518	-0.582847	-0.777752	-0.0012736
168	2.51383e-09	-0.146232	1.07636	0.00162508	-0.950296	-0.137486	-0.00055905
169	2.51383e-09	-0.751988	0.784269	-0.00113334	-0.695858	-0.659838	0.000656861
170	2.51383e-09	-0.894643	0.629578	-0.000197022	-0.55248	-0.779609	0.00234868
171	2.51383e-09	0.677875	-0.868133	-0.000654572	0.747494	0.586574	0.000556553
172	2.51383e-09	-0.99997	-0.486207	0.00136663	0.412448	-0.854339	0.00107536
173	2.51383e-09	-0.697334	-0.849825	0.00266572	0.735132	-0.606697	-0.00126753
174	2.51383e-09	-0.840806	-0.703294	-0.00159602	0.612795	-0.733058	-0.00204684
175	2.51383e-09	0.10616	-1.07937	-0.000836561	0.957249	0.0872412	-0.00186955
176	2.51383e-09	-0.635791	-0.873014	-0.00288878	0.776344	-0.569387	-0.000854249
177	2.51383e-09	0.688739	0.877405	4.3599e-05	-0.74433	0.584704	0.00323794
178	2.51383e-09	0.653833	-0.864237	0.00101703	0.768549	0.578321	-0.00135448
179	2.51383e-09	-0.792095	-0.768146	0.00403347	0.658094	-0.685524	0.00126362
180	2.51383e-09	-0.956081	0.499137	-0.00233842	-0.447444	-0.851982	-9.91711e-05
181	2.51383e-09	0.978088	0.495758	-0.00195673	-0.433884	0.853322	-0.00047613
182	2.51383e-09	0.263098	1.06375	-0.00099035	-0.927927	0.230263	0.00148131
183	2.51383e-09	-0.688679	-0.843007	-6.93497e-06	0.743987	-0.604706	0.00094729
184	2.51383e-09	0.574609	-0.951873	-0.00113479	0.81158	0.489608	0.00169457
185	2.51383e-09	-0.952139	0.514752	-0.00319199	-0.456553	-0.848251	-0.000571275
186	2.51383e-09	0.441674	-1.00233	-0.00218979	0.872458	0.384842	0.000932449
187	2.51383e-09	1.06416	-0.0068206	0.0025337	0.00230853	0.971179	0.00193221
188	2.51383e-09	-1.09457	0.171898	-0.00277207	-0.145558	-0.935334	-0.00021964
189	2.51383e-09	0.262164	-1.06246	0.00344919	0.927044	0.228292	8.16769e-05
190	2.51383e-09	-0.920569	0.598143	0.000208524	-0.527556	-0.796892	-0.000229722
191	2.51383e-09	-1.08363	0.0252291	0.000317657	-0.0245912	-0.961251	0.00194149
192	2.51383e-09	-1.06065	0.310473	-0.000332145	-0.271691	-0.909299	0.00188442
193	2.51383e-09	0.197743	1.09762	-0.000758963	-0.931496	0.16404	-0.00328847
194	2.51383e-09	1.06098	0.344664	0.00177617	-0.292022	0.901862	7.32604e-05
195	2.51383e-09	-0.197706	-1.06563	0.000367983	0.94233	-0.1763	-0.00116948
196	2.51383e-09	0.958236	0.535547	-0.000574414	-0.46155	0.833988	-0.00311159
197	2.51383e-09	1.08564	0.0149435	-0.00134748	-0.0116594	0.960425	0.00206488
198	2.51383e-09	-0.0330674	-1.1091	-0.000172108	0.948174	-0.0270459	-0.00136487
199	2.51383e-09	-0.175897	1.09375	0.00426703	-0.937335	-0.148551	-0.00149642
200	2.51383e-09	-0.568113	0.958476	9.12814e-05	-0.814829	-0.480884	0.00059377
201	2.51383e-09	1.07581	-0.220162	0.0018318	0.193273	0.935127	-0.000495176
202	2.51383e-09	1.0917	0.038455	0.00128532	-0.037698	0.955769	0.00133229
203	2.51383e-09	0.473736	-0.975609	-0.00314112	0.862574	0.417353	-0.000796934
204	2.51383e-09	-1.09765	0.00846795	-0.00283191	-0.0148035	-0.955909	0.000349924
205	2.51383e-09	-0.852869	0.728734	-2.83112e-05	-0.61651	-0.71851	0.000411262
206	2.51383e-09	-0.382284	-1.02576	-0.00136634	0.896848	-0.332157	-0.00108099
207	2.51383e-09	0.966254	0.56605	-0.00264988	-0.478521	0.814576	0.00327229
208	2.51383e-09	-0.459114	1.00304	0.00203211	-0.866519	-0.390056	-0.000558064
209	2.51383e-09	-1.09979	-0.0357203	0.00176877	0.0259867	-0.954159	-0.00261139
210	2.51383e-09	0.76725	-0.806665	-0.000563456	0.683911	0.652508	-0.00129989
211	2.51383e-09	0.101174	-1.09334	-0.00233625	0.950454	0.0928372	-0.000107813
212	2.51383e-09	-0.776693	-0.837009	0.00156394	0.684296	-0.631262	0.00156701
213	2.51383e-09	1.10866	0.0146047	-9.44686e-05	-0.0157135	0.951566	0.00312972
214	2.51383e-09	-0.949303	-0.540461	-0.00172814	0.476961	-0.831982	0.00107205
215	2.51383e-09	-0.635309	0.922173	0.00144511	-0.7792	-0.535705	-0.000315195
216	2.51383e-09	-0.497464	0.994923	0.000244228	-0.843136	-0.430765	0.000216127
217	2.51383e-09	-0.228445	1.0901	-0.00193715	-0.92974	-0.191226	0.000841445
218	2.51383e-09	-0.605622	-0.87943	0.00337419	0.799589	-0.548909	0.00522227
219	2.51383e-09	1.11455	0.210036	0.000937633	-0.175707	0.923764	0.000901028
220	2.51383e-09	-1.04824	-0.391275	0.00311769	0.333191	-0.883575	-0.00151436
221	2.51383e-09	-0.961149	-0.499718	0.000515748	0.441897	-0.853693	-0.00123307
222	2.51383e-09	0.391957	-1.03385	0.00243807	0.890345	0.335156	0.000683075
223	2.51383e-09	-0.955206	-0.555273	0.000277871	0.479363	-0.824823	-0.00156318
224	2.51383e-09	0.936907	0.572651	0.00189836	-0.501733	0.810419	0.000563589
225	2.51383e-09	0.879901	-0.689105	0.000149431	0.579265	0.746196	-0.00102908
226	2.51383e-09	0.961032	0.586653	0.00160503	-0.487308	0.803945	0.00161108
227	2.51383e-09	-0.259675	1.07474	0.000802196	-0.924096	-0.220229	-0.00011199
228	2.51383e-09	-1.11465	0.0262685	0.00113321	-0.0234226	-0.947438	0.00149532
229	2.51383e-09	-0.53958	-0.989735	-0.00428999	0.825066	-0.453857	-0.00178755
230	2.51383e-09	0.648333	0.951337	-0.00287461	-0.76831	0.523533	-0.000215932
231	2.51383e-09	0.153255	1.11748	-0.00126944	-0.933332	0.131667	0.00457717
232	2.51383e-09	-1.09278	0.06714	0.000642313	-0.0522777	-0.95703	0.00247971
233	2.51383e-09	1.10892	-0.187771	0.00242749	0.160375	0.925324	-0.00095789
234	2.51383e-09	0.281356	-1.08356	-0.00590674	0.91363	0.239507	-0.00139596
235	2.51383e-09	-1.07447	-0.256443	0.00124553	0.225778	-0.928637	0.0029575
236	2.51383e-09	-1.00241	-0.532119	-0.000643572	0.435936	-0.827351	-0.00101946
237	2.51383e-09	0.989087	-0.46165	0.00245388	0.402342	0.872737	0.0033472
238	2.51383e-09	0.737219	0.891885	-0.00184824	-0.711256	0.596367	-5.4449e-05
239	2.51383e-09	0.471809	-0.992406	-0.00321851	0.863444	0.410653	7.5129e-05
240	2.51383e-09	-0.350468	1.08266	-0.00283267	-0.888488	-0.285046	0.0012404
241	2.51383e-09	1.11384	0.120767	-0.000882197	-0.10398	0.937189	-0.0019862
242	2.51383e-09	-0.463504	1.05654	0.00324671	-0.854433	-0.373483	-0.001223
243	2.51383e-09	-1.12382	0.0922686	0.00173457	-0.0803843	-0.938177	-0.00337921
244	2.51383e-09	-1.10881	-0.271993	-0.00209961	0.223228	-0.906837	-0.0021352
245	2.51383e-09	-0.151382	-1.11319	-0.00395022	0.935744	-0.125494	0.00160111
246	2.51383e-09	-0.598483	-0.966169	0.00145952	0.799835	-0.488365	0.00229165
247	2.51383e-09	0.212473	-1.08662	0.00185158	0.930959	0.17624	0.00239083
248	2.51383e-09	0.502036	1.00544	0.000812691	-0.843919	0.42235	0.000270543
249	2.51383e-09	0.0895055	-1.12795	-0.00027975	0.933735	0.0764149	-0.00164363
250	2.51383e-09	-0.910169	-0.673979	0.00174538	0.55932	-0.755272	0.000532397
251	2.51383e-09	-1.12152	0.0378325	-0.00108767	-0.0278838	-0.942321	-0.00171735
252	2.51383e-09	1.11143	-0.0947946	0.00112202	0.0841406	0.943809	0.000697745
253	2.51383e-09	0.893105	0.693563	0.00378317	-0.5745	0.745438	0.00237842
254	2.51383e-09	-0.436577	1.05125	-0.000693493	-0.860444	-0.364089	0.000817189
255	2.51383e-09	0.343116	1.088	-0.000648603	-0.892757	0.279514	0.00081546
256	2.51383e-09	1.06238	-0.396828	0.000593169	0.326263	0.884033	-0.000683114
257	2.51383e-09	-0.560346	-0.970922	-0.00242135	0.818364	-0.471135	0.00141532
258	2.51383e-09	0.260657	1.0939	0.00199662	-0.919907	0.21393	-0.000307353
259	2.51383e-09	1.10649	0.221329	-0.000319047	-0.182134	0.924367	-0.000332557
260	2.51383e-09	0.408507	1.04943	-0.00336325	-0.879519	0.338926	0.00269342
261	2.51383e-09	0.741458	0.863749	-0.00115966	-0.714542	0.607455	0.00142248
262	2.51383e-09	-1.12057	0.0412225	0.00152855	-0.036083	-0.939807	0.00371594
263	2.51383e-09	0.708782	-0.899311	0.0029283	0.729944	0.581756	-0.00250171
264	2.51383e-09	1.11939	0.0448438	-0.000168154	-0.0356577	0.943746	-0.00102004
265	2.51383e-09	-0.500194	1.0292	0.000379031	-0.841515	-0.407794	0.00315046
266	2.51383e-09	-0.884982	0.7135	3.61117e-05	-0.588067	-0.72998	-0.000430727
267	2.51383e-09	0.257863	1.09758	0.00171462	-0.916583	0.207407	-0.000730842
268	2.51383e-09	1.14088	-0.00168284	0.00284536	0.00256477	0.933741	0.00184553
269	2.51383e-09	-0.154331	-1.13628	0.000299759	0.925468	-0.121558	-0.00202462
270	2.51383e-09	-0.0897182	1.1174	0.00103137	-0.943746	-0.0781932	0.00193985
271	2.51383e-09	0.0578799	1.14833	0.000483179	-0.931123	0.0490339	-0.00156975
272	2.51383e-09	-0.66088	-0.926456	-0.00349138	0.765063	-0.54338	0.0024597
273	2.51383e-09	1.10654	0.275436	-0.000576848	-0.229278	0.909734	0.00027486
274	2.51383e-09	0.587465	0.958656	-0.00188134	-0.809102	0.487347	-0.000602359
275	2.51383e-09	-0.651357	-0.932659	-0.00134198	0.77061	-0.534016	-0.00184373
276	2.51383e-09	0.76246	0.876788	-0.00218789	-0.697345	0.607445	-0.00192004
277	2.51383e-09	-0.486281	1.04823	-0.00379262	-0.839202	-0.389758	-0.00289424
278	2.51383e-09	-1.08979	0.354275	-0.0037457	-0.291215	-0.886589	7.01251e-05
279	2.51383e-09	-0.697708	0.937931	-0.00126711	-0.746982	-0.552131	-0.000144365
280	2.51383e-09	-0.341713	1.10569	-0.00223833	-0.890498	-0.271763	-0.000828691
281	2.51383e-09	0.916781	0.660643	-0.00104774	-0.555286	0.762967	0.00147524
282	2.51383e-09	-1.13262	-0.124583	0.000643858	0.101674	-0.931974	0.00217936
283	2.51383e-09	-0.534781	-0.993904	0.00222344	0.828955	-0.450715	0.00306244
284	2.51383e-09	0.377014	-1.08477	-0.000596858	0.883399	0.302361	0.00194774
285	2.51383e-09	-0.534381	-1.01838	0.00171564	0.824853	-0.432754	-0.00119091
286	2.51383e-09	0.912087	-0.68692	-0.00199819	0.561667	0.748515	0.000639213
287	2.51383e-09	0.867706	0.742958	0.0014102	-0.605537	0.70919	-0.0014421
288	2.51383e-09	0.706445	0.918679	0.00172575	-0.73325	0.566675	0.000388631
289	2.51383e-09	0.508842	1.04303	-0.00312395	-0.831772	0.404735	-0.00151509
290	2.51383e-09	0.530511	-0.998517	0.00311314	0.833238	0.44178	-0.000158174
291	2.51383e-09	0.0845902	-1.14663	-0.00144595	0.92912	0.06842	0.000794338
292	2.51383e-09	0.509584	-1.02914	-0.000335898	0.837306	0.415436	-0.00183927
293	2.51383e-09	1.0525	0.404204	-0.00104232	-0.336686	0.883571	0.000421839
294	2.51383e-09	-0.25752	-1.13311	0.00524972	0.906129	-0.202746	-0.00330516
295	2.51383e-09	-0.617085	0.969335	-0.00103982	-0.784449	-0.506166	0.000691454
296	2.51383e-09	0.95384	-0.653189	-0.0044814	0.524999	0.767432	0.0023887
297	2.51383e-09	0.634761	0.943517	-0.000634094	-0.779971	0.521487	-9.8766e-05
298	2.51383e-09	0.336672	-1.09499	0.00185763	0.89532	0.275644	0.00101393
299	2.51383e-09	-1.02987	-0.529032	-0.00204819	0.419783	-0.832793	0.000788732
300	2.51383e-09	-0.806584	-0.83979	-0.000788383	0.6667	-0.644044	0.00217835
301	2.51383e-09	-1.15335	0.0141104	0.00252344	-0.0148043	-0.934331	-0.000724976
302	2.51383e-09	-0.846139	-0.799692	0.00270265	0.641866	-0.668818	0.0029885
303	2.51383e-09	-0.530879	-1.01689	-0.000657909	0.828065	-0.436566	0.000597677
304	2.51383e-09	0.778726	0.872518	-0.00120741	-0.691001	0.618393	0.000937311
305	2.51383e-09	-1.14112	0.145104	0.00303508	-0.118017	-0.924881	6.51103e-05
306	2.51383e-09	0.377602	1.08035	0.000404388	-0.882675	0.309082	0.00214758
307	2.51383e-09	-0.146358	-1.15083	-0.000966146	0.921481	-0.11669	-0.00230197
308	2.51383e-09	0.643916	0.983877	-0.00229877	-0.772445	0.500922	-0.000213085
309	2.51383e-09	1.09389	-0.290986	-0.00287852	0.242927	0.911006	0.001014
310	2.51383e-09	0.993542	-0.591638	0.00186225	0.476035	0.8016	-0.00171298
311	2.51383e-09	-0.325123	1.11474	-0.00434982	-0.890703	-0.261123	0.000528616
312	2.51383e-09	-1.15682	-0.221647	-0.000290554	0.177551	-0.899622	0.00222052
313	2.51383e-09	-0.934211	-0.677217	0.00237898	0.546345	-0.750967	0.00270138
314	2.51383e-09	-0.323275	-1.09445	0.000329999	0.89726	-0.270469	0.0015053
315	2.51383e-09	-0.311541	1.12915	0.00142858	-0.887653	-0.246606	0.00223984
316	2.51383e-09	-1.16328	-0.09847	-0.00154419	0.0819072	-0.92318	0.00147571
317	2.51383e-09	-0.515374	-1.03852	-0.00323722	0.828714	-0.41822	0.0012996
318	2.51383e-09	1.10943	-0.353434	-0.000847139	0.283927	0.881163	-0.00147392
319	2.51383e-09	1.02685	-0.559047	0.00281169	0.445614	0.8108	-0.000161232
320	2.51383e-09	-1.15652	-0.245543	-0.000506932	0.188451	-0.898338	0.00147143
321	2.51383e-09	0.811082	0.837424	0.00151752	-0.664324	0.645576	1.66708e-05
322	2.51383e-09	-0.744718	0.882842	-0.00238819	-0.711008	-0.601415	0.00308001
323	2.51383e-09	-1.15616	-0.06554	0.00148251	0.0455657	-0.927169	-0.000473039
324	2.51383e-09	-1.1104	0.412522	-0.00198907	-0.321981	-0.860361	-0.000615221
325	2.51383e-09	1.07808	0.398705	0.000827923	-0.323191	0.878156	-0.00252699
326	2.51383e-09	1.18807	0.0819177	0.00686286	-0.0639377	0.909962	0.000574961
327	2.51383e-09	1.16164	-0.180469	-0.00242441	0.141357	0.91134	0.000200411
328	2.51383e-09	-0.310959	1.09305	0.00478281	-0.901063	-0.261272	-0.00094367
329	2.51383e-09	1.1334	-0.350337	0.00136275	0.269708	0.873555	0.000175587
330	2.51383e-09	-1.11083	-0.326097	-0.000597176	0.259564	-0.891183	-0.00176514
331	2.51383e-09	-0.969241	-0.608269	0.000450198	0.497734	-0.793254	0.00262548
332	2.51383e-09	-0.142203	-1.1724	0.00158628	0.912207	-0.114472	0.00240258
333	2.51383e-09	-0.682427	-0.951137	-0.00126403	0.752224	-0.53804	0.00064144
334	2.51383e-09	-0.0729244	1.17363	-0.000279073	-0.919439	-0.0531157	-0.00104615
335	2.51383e-09	0.367764	1.12388	-0.001325	-0.876095	0.282971	0.000204809
336	2.51383e-09	-0.109442	1.1754	0.000707269	-0.914647	-0.0859058	-0.00198232
337	2.51383e-09	-1.14546	-0.321933	0.00212963	0.250804	-0.87855	-3.22191e-05
338	2.51383e-09	0.587082	1.00278	-0.00059935	-0.801382	0.467943	0.000160965
339	2.51383e-09	0.920309	0.740434	-0.00327921	-0.576146	0.719641	-0.00252026
340	2.51383e-09	0.655828	0.977879	0.0027273	-0.77121	0.507415	-0.000520962
341	2.51383e-09	-0.0248151	-1.18203	-0.00013247	0.921079	-0.0141451	-0.000470885
342	2.51383e-09	0.761621	-0.874661	0.00220392	0.701497	0.606601	0.00126903
343	2.51383e-09	-0.948861	-0.661037	0.00119826	0.530914	-0.765989	-0.0012891
344	2.51383e-09	-0.543472	-1.04393	-0.00243445	0.817398	-0.424775	0.000163062
345	2.51383e-09	0.86639	-0.768269	-0.00253729	0.618343	0.694068	0.00216555
346	2.51383e-09	-1.01992	-0.595688	-0.00188359	0.463325	-0.791135	-0.00176961
347	2.51383e-09	-1.00982	-0.605357	0.000695761	0.47247	-0.790952	-0.000329572
348	2.51383e-09	1.08456	-0.457594	-0.00120059	0.360547	0.84833	-0.00185763
349	2.51383e-09	-0.742694	-0.920269	-0.00113306	0.714032	-0.578214	-0.000397681
350	2.51383e-09	-1.07997	-0.44125	0.000348972	0.352737	-0.855667	0.0022106
351	2.51383e-09	0.14154	1.19186	-0.00205043	-0.906637	0.103229	0.00198351
352	2.51383e-09	-0.0472481	1.17511	0.00101241	-0.919766	-0.0326286	0.000589793
353	2.51383e-09	-0.141514	1.18538	0.00368667	-0.908356	-0.11441	0.00107985
354	2.51383e-09	1.11724	-0.357313	-0.000135442	0.281067	0.881574	-0.00161814
355	2.51383e-09	0.264231	-1.1204	-0.00167474	0.906962	0.214233	0.000251847
356	2.51383e-09	-1.19066	0.133668	0.00184729	-0.104918	-0.908743	0.000998159
357	2.51383e-09	-0.086014	-1.1634	0.00343015	0.924372	-0.0690002	0.000271045
358	2.51383e-09	-1.14985	0.317511	-0.00323197	-0.244688	-0.882439	-0.000338445
359	2.51383e-09	-1.03245	0.61455	-0.000929603	-0.464182	-0.786446	-0.00231234
360	2.51383e-09	-1.16153	0.170804	-0.000453078	-0.139086	-0.913207	-0.000274379
361	2.51383e-09	1.05768	-0.522154	-0.00169835	0.411118	0.824186	-0.000119914
362	2.51383e-09	-0.898817	0.750294	-0.00281241	-0.58664	-0.71267	-0.000283231
363	2.51383e-09	0.0019165	1.18576	-0.00198286	-0.917559	0.00798777	-6.14634e-06
364	2.51383e-09	-0.100193	-1.15866	-0.000364475	0.924093	-0.0825736	0.00157059
365	2.51383e-09	0.697205	0.978095	-0.00163512	-0.73948	0.534945	-0.000520375
366	2.51383e-09	1.11293	-0.437161	5.74404e-05	0.329498	0.852352	-0.00216119
367	2.51383e-09	-0.543248	-1.0483	0.00037673	0.812633	-0.426633	-0.00327003
368	2.51383e-09	0.973962	0.694925	-0.00140845	-0.529266	0.747897	0.00146088
369	2.51383e-09	0.824891	0.844158	0.000319876	-0.663585	0.643969	0.00257792
370	2.51383e-09	0.0114479	1.19221	-0.000618019	-0.91498	0.0130716	0.00271101
371	2.51383e-09	-0.314926	1.17434	-5.23563e-05	-0.873448	-0.237998	-0.00160458
372	2.51383e-09	-1.2011	-0.115216	0.00329221	0.0890805	-0.903108	-0.00147042
373	2.51383e-09	-1.15008	-0.242771	-0.00089247	0.188581	-0.904264	-0.000266181
374	2.51383e-09	-0.796735	-0.918007	0.00281202	0.684584	-0.590997	0.00214275
375	2.51383e-09	-0.996788	0.657131	0.00368005	-0.502281	-0.765797	-0.000152667
376	2.51383e-09	0.0801568	-1.18217	0.000650248	0.916065	0.056965	3.72557e-05
377	2.51383e-09	-0.749786	0.922115	-0.00050848	-0.714906	-0.575207	0.00198491
378	2.51383e-09	-0.778495	-0.907492	-0.00042983	0.692144	-0.596468	-0.000243835
379	2.51383e-09	1.15168	0.24934	-0.00117741	-0.189147	0.904301	0.00337066
380	2.51383e-09	0.0834169	-1.17996	-0.00116014	0.914871	0.0649481	-0.00112717
381	2.51383e-09	-0.361869	-1.1371	0.00301988	0.870147	-0.279544	-3.53514e-05
382	2.51383e-09	1.17392	0.237475	0.00132236	-0.177218	0.89845	3.39674e-05
383	2.51383e-09	-1.16961	0.109571	-2.7842e-06	-0.0834515	-0.919792	-0.000902711
384	2.51383e-09	-0.977412	-0.710011	-0.00529896	0.532356	-0.735449	-0.00205523
385	2.51383e-09	0.52044	-1.05601	0.00165787	0.826055	0.406681	0.000957673
386	2.51383e-09	-0.271106	-1.15979	0.000269445	0.892532	-0.212706	0.0023742
387	2.51383e-09	0.0948165	-1.1948	-0.00267321	0.911294	0.0702295	-0.00152131
388	2.51383e-09	0.111584	1.18651	0.000970904	-0.915432	0.0802217	0.000496277
389	2.51383e-09	-1.1818	-0.0367616	-0.00455288	0.0298856	-0.919843	-0.00186054
390	2.51383e-09	-0.143925	1.16738	0.00155661	-0.917454	-0.11543	0.000941913
391	2.51383e-09	1.20729	0.0628057	0.0011092	-0.0407876	0.909283	-0.00135383
392	2.51383e-09	-1.11902	-0.436559	-0.000246002	0.329839	-0.849454	0.00496578
393	2.51383e-09	-0.843616	0.869488	0.00172603	-0.646403	-0.637967	0.00103628
394	2.51383e-09	-1.171	-0.294584	0.000751475	0.223788	-0.879623	-0.000764567
395	2.51383e-09	0.262493	1.16446	-0.000851644	-0.895243	0.197258	0.000976836
396	2.51383e-09	-0.449976	-1.11354	-0.0010079	0.84904	-0.345983	0.00170946
397	2.51383e-09	-1.1479	-0.369007	0.00227972	0.280366	-0.86498	-0.00196808
398	2.51383e-09	0.509797	-1.09297	0.000707476	0.824808	0.383114	-0.00119719
399	2.51383e-09	-0.876037	-0.810908	0.00178964	0.622387	-0.671187	-0.00166726
400	2.51383e-09	0.539863	1.08121	0.00161123	-0.811033	0.405451	-0.0015128
