5.840001e+03
401
0	1	0.000269959	0.000167437	-2.46262e-07	2.85629e-08	4.16429e-08	-2.03878e-10
1	2.51383e-09	-0.993921	-0.100659	0.000509331	0.102945	-0.996532	-0.00121892
2	2.51383e-09	-0.486962	-0.878604	-0.00150986	0.873526	-0.484349	-0.00032489
3	2.51383e-09	0.646088	-0.757178	-0.00111248	0.762835	0.650901	-0.000787764
4	2.51383e-09	-0.924643	0.384924	0.00081512	-0.382721	-0.923545	-0.00101384
5	2.51383e-09	-0.956565	-0.27846	0.000838459	0.27991	-0.96227	-0.000348194
6	2.51383e-09	0.890734	-0.479901	0.000342043	0.471579	0.874831	0.00152599
7	2.51383e-09	0.186337	0.984035	0.0013232	-0.983308	0.184045	-0.000222655
8	2.51383e-09	0.257616	0.970181	-8.07193e-05	-0.96305	0.256005	0.000164509
9	2.51383e-09	-0.416067	-0.912539	0.00122145	0.908885	-0.411502	0.000520722
10	2.51383e-09	0.912102	0.426927	-0.000246436	-0.420483	0.900372	0.000618222
11	2.51383e-09	-0.37486	-0.926031	0.000540417	0.927205	-0.37377	0.00154306
12	2.51383e-09	-0.511173	-0.870313	0.000728739	0.857904	-0.504526	-0.00121721
13	2.51383e-09	-0.920235	-0.404294	-0.00173675	0.400578	-0.91296	0.00125607
14	2.51383e-09	0.552596	-0.840534	0.00084163	0.836348	0.546331	0.00222145
15	2.51383e-09	0.329934	0.95411	0.000980284	-0.935848	0.328282	-0.000355421
16	2.51383e-09	-0.498683	0.863583	-0.00050545	-0.869795	-0.499103	0.00177288
17	2.51383e-09	-0.943088	0.347236	-0.000278146	-0.344787	-0.93797	0.0013974
18	2.51383e-09	-1.01703	-0.0709297	-0.00133302	0.0677733	-0.990054	0.00050128
19	2.51383e-09	0.428404	-0.922851	0.000927581	0.894804	0.422787	0.00156264
20	2.51383e-09	-0.283425	-0.986763	-0.0016477	0.947832	-0.272369	0.00256249
21	2.51383e-09	0.9515	-0.311623	0.0018916	0.308592	0.953613	-0.00134225
22	2.51383e-09	-0.976825	-0.25784	-0.0017447	0.255937	-0.962403	-0.00164652
23	2.51383e-09	1.01074	-0.0964026	0.0020632	0.102031	0.987806	0.00164559
24	2.51383e-09	-0.385124	0.938312	-0.00189714	-0.922228	-0.36948	-0.000230607
25	2.51383e-09	0.735799	-0.706784	2.1474e-05	0.685026	0.714095	0.00199478
26	2.51383e-09	0.675849	0.759388	-0.0022445	-0.740165	0.662451	-0.00140355
27	2.51383e-09	-0.785245	0.626456	0.00315065	-0.623542	-0.78095	-0.000134308
28	2.51383e-09	0.0227348	1.01346	-0.00164436	-0.993068	0.0153843	-0.00101811
29	2.51383e-09	-0.251749	-0.977072	0.00150535	0.96426	-0.249561	-0.00134465
30	2.51383e-09	-0.887784	0.480031	-0.00024732	-0.473273	-0.87712	-0.00133328
31	2.51383e-09	0.816147	0.592819	-0.000181131	-0.582993	0.8084	-0.00277876
32	2.51383e-09	-0.747621	0.674076	0.00161368	-0.668474	-0.739124	0.00029939
33	2.51383e-09	0.968274	0.366635	-0.000229093	-0.345003	0.917592	0.000216515
34	2.51383e-09	-0.302387	0.98564	0.00215277	-0.940765	-0.289631	0.000467135
35	2.51383e-09	0.835215	-0.58376	0.00024038	0.56681	0.812223	-0.00239824
36	2.51383e-09	-1.02068	0.00461113	0.00165629	-0.00361443	-0.988222	0.00120432
37	2.51383e-09	0.471131	-0.902905	0.000433898	0.877323	0.461897	0.00378959
38	2.51383e-09	0.0397227	1.0039	0.00241024	-0.997536	0.0369631	0.00119421
39	2.51383e-09	0.477064	-0.90331	-0.00166988	0.873019	0.459535	-0.00186665
40	2.51383e-09	0.390225	-0.942959	-0.00112919	0.914152	0.373193	-0.00101364
41	2.51383e-09	-0.954952	-0.336355	0.00027648	0.327158	-0.93783	0.00253531
42	2.51383e-09	-0.366288	-0.955553	0.00087612	0.922816	-0.357593	-0.000103275
43	2.51383e-09	0.0271111	-1.01537	1.5163e-05	0.99027	0.0227594	-0.00293452
44	2.51383e-09	-0.774037	-0.683443	-0.000420507	0.656931	-0.734367	-0.00142083
45	2.51383e-09	-0.000686967	1.03364	0.00167121	-0.983159	0.00057846	0.000894111
46	2.51383e-09	0.650142	-0.782631	-0.000222523	0.764257	0.634995	-0.000297229
47	2.51383e-09	0.627305	0.796983	0.000202082	-0.782577	0.613802	0.00152726
48	2.51383e-09	-0.274698	0.993901	0.000777191	-0.94715	-0.260502	0.000547317
49	2.51383e-09	1.01455	-0.0102557	-0.00188614	0.0122283	0.992504	-0.000402514
50	2.51383e-09	0.471132	0.909684	0.00192573	-0.877501	0.457597	0.000467658
51	2.51383e-09	-0.932338	-0.404144	0.00104596	0.397373	-0.908434	0.00159382
52	2.51383e-09	0.253957	-0.994649	-0.000687054	0.957247	0.245787	-0.000469563
53	2.51383e-09	-1.01095	0.126093	-0.00181805	-0.125526	-0.98419	0.000261216
54	2.51383e-09	0.173667	1.01003	0.00183423	-0.973719	0.165741	0.00157262
55	2.51383e-09	-0.59417	-0.85157	-0.00109455	0.800976	-0.562618	0.000285241
56	2.51383e-09	0.361252	-0.963216	0.00187177	0.922269	0.346016	0.00199897
57	2.51383e-09	0.174232	1.02445	0.00114791	-0.970031	0.163948	-0.00252836
58	2.51383e-09	-1.02698	0.212351	-0.00089662	-0.200059	-0.954012	0.00288999
59	2.51383e-09	0.522833	0.876155	-0.00392632	-0.8549	0.504818	-0.00158755
60	2.51383e-09	-0.209749	-0.998741	-0.00168439	0.969365	-0.204947	0.000785468
61	2.51383e-09	-1.00586	-0.26538	-0.00261038	0.253474	-0.945628	0.00261301
62	2.51383e-09	0.409133	-0.94812	0.000869908	0.903994	0.388005	-0.000153931
63	2.51383e-09	0.0542159	-1.02097	0.000719299	0.989355	0.047174	-0.000449393
64	2.51383e-09	0.957528	0.39308	-0.00171252	-0.373821	0.906039	-0.000435479
65	2.51383e-09	-0.971652	0.350209	-0.000600834	-0.333316	-0.924196	0.00224693
66	2.51383e-09	-0.86748	0.562453	0.00133654	-0.538101	-0.818887	0.0029325
67	2.51383e-09	-1.02993	-0.180648	-5.40527e-05	0.164591	-0.962054	0.000419547
68	2.51383e-09	-0.941095	0.417459	0.001238	-0.401207	-0.900832	-0.00130438
69	2.51383e-09	-1.02679	-0.187816	0.00362821	0.17822	-0.960897	-0.000352721
70	2.51383e-09	1.02757	0.0754751	0.00191755	-0.0702294	0.98281	0.000786319
71	2.51383e-09	-0.873554	-0.55077	-0.00108574	0.530067	-0.831437	-0.00224752
72	2.51383e-09	0.955907	-0.440146	-0.00110473	0.40385	0.887114	0.000629694
73	2.51383e-09	0.017591	1.0362	0.000842282	-0.982495	0.0148223	0.00104592
74	2.51383e-09	1.01908	0.259261	0.00101418	-0.241678	0.946212	0.0010828
75	2.51383e-09	0.448334	0.940909	0.000154857	-0.886241	0.418989	-0.000692678
76	2.51383e-09	-0.226961	1.03039	0.000762053	-0.948022	-0.211494	-0.00232858
77	2.51383e-09	0.175319	-1.04108	0.00147085	0.961228	0.160722	0.00124478
78	2.51383e-09	-1.01246	-0.292466	0.00091439	0.2731	-0.930956	0.00133881
79	2.51383e-09	1.02433	0.109779	-0.000976358	-0.109355	0.981501	0.00299599
80	2.51383e-09	0.343907	-0.98541	0.000778625	0.924809	0.322829	0.00161902
81	2.51383e-09	1.03452	0.109153	0.00326789	-0.103141	0.975147	-0.00120091
82	2.51383e-09	-0.985593	-0.344856	0.000839682	0.320544	-0.926902	-0.00070268
83	2.51383e-09	0.978294	0.360146	-0.00158692	-0.341236	0.916084	-9.61764e-06
84	2.51383e-09	-0.601145	-0.855505	-0.000467528	0.800096	-0.564063	0.00134297
85	2.51383e-09	-0.939242	0.405745	0.00125267	-0.392878	-0.908598	0.00157834
86	2.51383e-09	0.0243856	-1.04333	-0.00154935	0.979312	0.0224577	0.000358822
87	2.51383e-09	-1.02276	0.198738	0.00115952	-0.188839	-0.959958	0.000314617
88	2.51383e-09	0.853734	0.579334	0.00207049	-0.552373	0.815835	-0.00171739
89	2.51383e-09	-1.04112	0.171684	-0.000662779	-0.154688	-0.960256	0.000744461
90	2.51383e-09	-0.777388	-0.698668	-0.00162474	0.656852	-0.727256	0.00354003
91	2.51383e-09	0.46068	-0.925591	0.00194846	0.882225	0.436435	-0.0030131
92	2.51383e-09	-0.729761	-0.754742	-6.99991e-05	0.69826	-0.680808	0.000814513
93	2.51383e-09	0.333008	-0.997927	-0.000941941	0.925171	0.308462	0.00065045
94	2.51383e-09	0.777544	-0.692935	-0.0019901	0.65261	0.729387	0.00224874
95	2.51383e-09	-0.166832	-1.02162	0.00090438	0.969203	-0.162844	-0.0021289
96	2.51383e-09	1.05433	-0.0309296	-0.00294683	0.0282523	0.974755	0.000550882
97	2.51383e-09	0.326535	1.00797	-0.00186084	-0.921479	0.299004	0.00205808
98	2.51383e-09	0.634191	0.852583	0.00249493	-0.775809	0.580049	-0.000511491
99	2.51383e-09	-0.444132	0.975566	-0.000864773	-0.875403	-0.40406	0.00113368
100	2.51383e-09	-0.873512	0.588246	0.000648567	-0.54868	-0.807239	0.00275899
101	2.51383e-09	0.451542	-0.930843	-0.00138087	0.884017	0.431994	0.00160076
102	2.51383e-09	-0.733588	0.719285	0.000422125	-0.686606	-0.707729	0.00133972
103	2.51383e-09	0.168048	1.03275	-0.00313903	-0.965281	0.155735	0.00232566
104	2.51383e-09	0.0709887	-1.05174	-0.000306045	0.971046	0.0598123	0.000271198
105	2.51383e-09	-0.555294	0.883117	0.000907022	-0.828451	-0.523189	-0.000803769
106	2.51383e-09	-0.978236	-0.358854	0.000801208	0.340102	-0.919876	-0.000482285
107	2.51383e-09	-0.416639	-0.969754	-0.00214268	0.894225	-0.382978	-8.3326e-05
108	2.51383e-09	-0.462969	0.959145	-0.000722553	-0.873085	-0.419527	0.00192762
109	2.51383e-09	0.748561	0.745113	0.00150514	-0.690701	0.68864	-0.00185738
110	2.51383e-09	0.30267	1.00467	0.00050637	-0.938196	0.281389	-0.000498243
111	2.51383e-09	-0.642579	0.842949	-0.001092	-0.771918	-0.592752	0.000199824
112	2.51383e-09	-1.02619	0.256809	-0.000127488	-0.233196	-0.945216	6.22146e-05
113	2.51383e-09	-0.137638	1.04854	-0.00157768	-0.963778	-0.125285	0.000896975
114	2.51383e-09	0.386549	-0.976631	0.00213784	0.905216	0.363279	-0.000795061
115	2.51383e-09	0.905453	0.573359	0.00179478	-0.522487	0.814666	0.00177252
116	2.51383e-09	0.600787	0.863228	0.000310729	-0.801103	0.556473	-0.000534552
117	2.51383e-09	1.03478	0.269816	-0.000782882	-0.243505	0.934484	0.00180636
118	2.51383e-09	-0.509072	0.930637	-0.00110388	-0.850515	-0.469036	0.000506292
119	2.51383e-09	1.02497	0.210832	-0.00184493	-0.202942	0.956457	0.00197528
120	2.51383e-09	-0.607356	0.856101	-0.00145877	-0.795294	-0.567891	0.00100307
121	2.51383e-09	-0.859433	0.634841	-0.000381298	-0.57436	-0.775078	0.00178114
122	2.51383e-09	0.465807	-0.967646	0.000348427	0.868345	0.416904	0.00116208
123	2.51383e-09	1.04674	0.0783144	0.00222801	-0.0705479	0.971353	-0.000306418
124	2.51383e-09	-0.805136	-0.715249	0.00281702	0.637816	-0.721174	0.000801706
125	2.51383e-09	0.963958	0.410995	-0.00229979	-0.384773	0.900547	-6.98853e-05
126	2.51383e-09	0.938631	-0.49175	-0.00010348	0.445746	0.864326	0.000962053
127	2.51383e-09	1.04694	-0.124768	0.000345125	0.116633	0.96783	0.0026816
128	2.51383e-09	0.938583	0.518543	0.000906854	-0.465866	0.844842	-0.00191399
129	2.51383e-09	0.624065	-0.849563	0.00249523	0.785157	0.582167	0.000381445
130	2.51383e-09	-0.699227	0.801186	0.000907954	-0.733013	-0.633823	0.00100524
131	2.51383e-09	1.07106	0.141919	0.00140909	-0.134385	0.95297	0.000912771
132	2.51383e-09	1.07691	0.013311	0.00119224	-0.0120783	0.962243	-0.00208468
133	2.51383e-09	-0.706104	-0.802242	-0.00177903	0.723103	-0.641155	-0.00237486
134	2.51383e-09	0.950927	0.451913	-0.00065403	-0.419461	0.881197	0.00140811
135	2.51383e-09	1.02265	0.281017	-0.000131561	-0.258471	0.937743	-7.91664e-06
136	2.51383e-09	-0.780011	0.743542	-0.00073357	-0.664001	-0.69929	-7.84662e-05
137	2.51383e-09	0.267967	-1.02428	-0.00110406	0.941914	0.245451	-0.00358643
138	2.51383e-09	0.0348612	-1.06058	-5.27057e-05	0.971381	0.0327296	-0.000524734
139	2.51383e-09	-0.581734	0.895614	0.00319347	-0.813778	-0.525833	0.00153384
140	2.51383e-09	-0.368247	1.02161	0.00116271	-0.903033	-0.325283	0.00130739
141	2.51383e-09	-1.07277	-0.0142282	-0.00289755	0.0135988	-0.963303	-0.00111502
142	2.51383e-09	0.580242	0.91428	0.00146405	-0.806379	0.517474	0.00177576
143	2.51383e-09	1.01597	0.343963	-0.00297218	-0.308855	0.91325	-0.00127183
144	2.51383e-09	-1.05836	0.272226	0.00184015	-0.239049	-0.923803	-5.45816e-05
145	2.51383e-09	0.987964	0.385021	0.000833884	-0.351687	0.905251	0.00143575
146	2.51383e-09	0.722191	-0.828152	0.000318184	0.720808	0.627568	-0.000883422
147	2.51383e-09	0.897636	-0.608466	0.0027558	0.536698	0.795812	0.00127287
148	2.51383e-09	-0.453469	-0.983555	-0.000452172	0.875679	-0.398391	0.00086856
149	2.51383e-09	1.0458	-0.225383	0.00173318	0.210292	0.940189	0.000198785
150	2.51383e-09	-0.807838	-0.701543	-0.000436084	0.63499	-0.732446	0.00288603
151	2.51383e-09	-0.149402	-1.06429	-0.000416199	0.955635	-0.134572	-0.000854407
152	2.51383e-09	-1.04148	0.270693	3.32478e-05	-0.233792	-0.936419	0.000462055
153	2.51383e-09	-0.956527	-0.533473	0.000423237	0.459381	-0.835904	-0.000192425
154	2.51383e-09	0.934409	-0.574691	0.00127477	0.496579	0.817341	-0.0020202
155	2.51383e-09	-0.968352	-0.463486	-0.00347377	0.414459	-0.873164	-0.00120214
156	2.51383e-09	0.430635	1.00752	-0.00109631	-0.874754	0.379243	0.00211134
157	2.51383e-09	-0.871737	-0.615626	0.00089822	0.558365	-0.790804	0.00150397
158	2.51383e-09	-0.815545	-0.715932	0.0016623	0.635102	-0.721969	0.00373307
159	2.51383e-09	0.743846	0.773686	-0.000403005	-0.696713	0.668469	-0.00222695
160	2.51383e-09	-0.758925	-0.761402	-0.00311617	0.684138	-0.681517	0.000856576
161	2.51383e-09	-0.958664	0.516291	-0.00310564	-0.454941	-0.843369	-0.000246291
162	2.51383e-09	0.973849	-0.484173	-0.0028239	0.429425	0.856911	8.26625e-05
163	2.51383e-09	-0.588349	-0.907381	3.87676e-05	0.803988	-0.527165	-0.00236389
164	2.51383e-09	1.02679	0.277489	-0.00223163	-0.252324	0.938445	0.00075529
165	2.51383e-09	0.191461	1.08232	5.93104e-05	-0.940262	0.167951	0.00169654
166	2.51383e-09	0.751543	0.787212	-0.000803312	-0.695447	0.659321	0.000341048
167	2.51383e-09	-0.289063	-1.02508	-0.000756645	0.932059	-0.270274	-0.00398066
168	2.51383e-09	-1.07429	0.00673127	-0.00112236	-0.00310443	-0.968163	0.00129763
169	2.51383e-09	-0.217416	-1.05812	-0.00173505	0.94273	-0.190588	0.000695708
170	2.51383e-09	0.825736	-0.710038	-0.000939153	0.62529	0.728558	0.00447432
171	2.51383e-09	-0.994863	-0.437963	0.00326269	0.384692	-0.878711	-0.000425124
172	2.51383e-09	0.910289	0.638896	-0.00189403	-0.545915	0.773783	0.0019648
173	2.51383e-09	-0.708043	-0.84151	-0.000308335	0.727951	-0.615529	-5.83581e-05
174	2.51383e-09	-0.657891	-0.870959	0.00079725	0.763979	-0.579349	0.00189104
175	2.51383e-09	0.880971	-0.637669	-0.000364242	0.566357	0.776254	0.00167675
176	2.51383e-09	-0.463247	0.970765	0.00118222	-0.8686	-0.417194	0.00197924
177	2.51383e-09	-0.903279	0.627975	0.000480206	-0.545986	-0.781964	0.00194745
178	2.51383e-09	-0.0132768	-1.07294	0.000659684	0.966672	-0.0134553	0.000887909
179	2.51383e-09	-0.359658	1.03152	0.00116589	-0.903105	-0.318863	-0.000451057
180	2.51383e-09	0.279108	-1.04729	0.0022093	0.925626	0.253764	-0.00071451
181	2.51383e-09	-1.08733	-0.185419	-0.00102281	0.156652	-0.937601	-0.00210204
182	2.51383e-09	0.494287	0.970747	0.00245308	-0.854307	0.435168	-0.0007238
183	2.51383e-09	-0.905085	-0.635797	-0.000967795	0.547432	-0.776686	0.000758672
184	2.51383e-09	-1.09174	-0.181784	0.0013558	0.159089	-0.936018	0.000858849
185	2.51383e-09	1.0967	-0.00289564	-0.000626376	0.0015617	0.953567	-0.000556027
186	2.51383e-09	1.05044	0.280301	0.000689324	-0.254614	0.923248	0.00100355
187	2.51383e-09	0.983438	-0.407302	-0.00152634	0.37131	0.897444	-0.00123976
188	2.51383e-09	-1.05723	-0.324569	-0.00121496	0.275474	-0.909987	-0.00168106
189	2.51383e-09	-0.0846084	-1.10223	-0.00037424	0.94663	-0.0727166	0.00152706
190	2.51383e-09	0.986985	-0.495991	-0.000821406	0.421966	0.851139	0.00104201
191	2.51383e-09	1.09193	0.0387846	-0.00285676	-0.0372522	0.956115	0.00138777
192	2.51383e-09	-0.95031	-0.543462	0.000282938	0.475608	-0.829409	0.00311538
193	2.51383e-09	-0.110593	1.09124	-0.000456255	-0.951748	-0.0932794	0.00238412
194	2.51383e-09	-0.728277	-0.855133	-0.00096822	0.716604	-0.611887	-0.00128426
195	2.51383e-09	-0.217902	-1.06258	0.000868327	0.939706	-0.193162	0.00142706
196	2.51383e-09	0.929498	0.58044	-0.000936399	-0.499613	0.811797	0.00226085
197	2.51383e-09	-1.0944	-0.0728266	0.000453963	0.0616842	-0.952173	-0.00118302
198	2.51383e-09	-1.06564	0.314853	0.000190035	-0.267572	-0.908238	-0.00249996
199	2.51383e-09	-1.05152	-0.298347	-0.000114196	0.260064	-0.922481	0.00077399
200	2.51383e-09	0.993735	0.503512	0.000700179	-0.427829	0.845583	0.000280641
201	2.51383e-09	-0.936718	0.579378	0.00202434	-0.499672	-0.811743	-0.000680872
202	2.51383e-09	-0.924425	0.579131	-0.00107449	-0.510795	-0.812607	0.00277304
203	2.51383e-09	-0.320739	-1.03529	-0.000828077	0.917987	-0.28528	-0.000684788
204	2.51383e-09	-0.399853	1.03426	-0.00207034	-0.887455	-0.340345	-0.00075385
205	2.51383e-09	-1.12952	0.0838624	9.28038e-05	-0.0703494	-0.936233	0.00113323
206	2.51383e-09	-0.605726	-0.914685	-6.01277e-05	0.796712	-0.525791	0.00210444
207	2.51383e-09	-1.06269	0.319696	0.000509943	-0.272617	-0.909227	0.000116402
208	2.51383e-09	-0.857539	0.690507	-0.000379526	-0.595792	-0.74171	0.00028621
209	2.51383e-09	-0.968636	-0.506323	-0.000882651	0.441747	-0.847284	0.00092327
210	2.51383e-09	0.213352	-1.08752	-0.00146451	0.931658	0.181464	-0.000596557
211	2.51383e-09	1.01791	-0.425874	-0.00253399	0.368955	0.878211	0.000601652
212	2.51383e-09	0.51551	-0.991665	-0.00256676	0.838497	0.438435	-0.000800393
213	2.51383e-09	-0.56343	0.943023	-0.00209963	-0.82153	-0.487951	-0.00186135
214	2.51383e-09	-0.587555	-0.918315	-0.000490472	0.8092	-0.515379	-0.000624933
215	2.51383e-09	-0.339898	1.05053	-0.00125945	-0.908948	-0.291733	-0.000912518
216	2.51383e-09	0.797633	-0.775341	-0.00123929	0.666605	0.676102	-0.0014562
217	2.51383e-09	-1.11018	-0.159839	-0.00116854	0.132264	-0.931886	-0.000722396
218	2.51383e-09	0.522973	-0.945061	-0.000723104	0.839752	0.47009	-0.00161738
219	2.51383e-09	0.556321	0.97046	-0.00037769	-0.819627	0.472724	8.03569e-05
220	2.51383e-09	0.816204	0.750433	0.00259358	-0.645961	0.696825	-0.000171187
221	2.51383e-09	0.146303	-1.09089	-0.00252666	0.943507	0.123908	0.00143387
222	2.51383e-09	0.798382	0.780344	-0.00134504	-0.658739	0.678883	0.00317115
223	2.51383e-09	0.757813	-0.811463	0.00189198	0.69722	0.647526	0.000895314
224	2.51383e-09	-0.24197	-1.07213	-0.000691099	0.928104	-0.213525	0.00136195
225	2.51383e-09	0.0645439	1.10587	5.94538e-05	-0.950584	0.0593934	0.000969648
226	2.51383e-09	-0.051939	-1.12096	0.00189174	0.943086	-0.0471519	-0.00148633
227	2.51383e-09	-0.695125	0.861766	0.00203512	-0.742533	-0.593501	8.25318e-05
228	2.51383e-09	0.376099	1.05721	8.57804e-05	-0.888449	0.312733	-0.000832217
229	2.51383e-09	0.280509	1.09268	-0.00408284	-0.913599	0.228823	3.19799e-05
230	2.51383e-09	1.09843	-0.290185	-0.00273391	0.240281	0.906672	-0.000593401
231	2.51383e-09	-1.05906	0.416342	-0.00270547	-0.346129	-0.867746	-0.00109413
232	2.51383e-09	0.374699	-1.03146	-0.00253848	0.901447	0.321975	0.00240139
233	2.51383e-09	1.05212	0.401125	-0.00251167	-0.333802	0.876869	-0.00178485
234	2.51383e-09	0.978051	-0.558457	0.00164699	0.465816	0.818043	-0.000144111
235	2.51383e-09	0.918016	-0.638251	-0.0020356	0.541478	0.772992	0.00332292
236	2.51383e-09	-0.900496	0.682641	-0.00129582	-0.569229	-0.749197	-0.000933216
237	2.51383e-09	-0.660454	0.897207	9.07562e-05	-0.765454	-0.557809	0.000404465
238	2.51383e-09	0.736812	-0.864038	0.000287943	0.718828	0.607063	0.000323545
239	2.51383e-09	1.0896	-0.207194	0.00161705	0.181519	0.933092	-0.00152294
240	2.51383e-09	-0.586751	-0.962524	-0.00091731	0.80764	-0.48537	-0.00102099
241	2.51383e-09	0.0515546	1.11592	-3.07574e-05	-0.947854	0.040391	5.84326e-05
242	2.51383e-09	0.107805	1.14542	-0.0021689	-0.930393	0.0866157	0.000811879
243	2.51383e-09	-1.05046	0.371344	-0.00331051	-0.315751	-0.895771	0.00123152
244	2.51383e-09	1.12149	0.133281	0.000322045	-0.111146	0.935682	-0.00364998
245	2.51383e-09	-0.0659408	1.11949	-0.00397336	-0.941766	-0.0533527	0.000484667
246	2.51383e-09	-0.952335	0.597078	0.00226704	-0.500634	-0.798778	0.00339085
247	2.51383e-09	0.016408	-1.11008	0.000250231	0.94681	0.0156394	-0.000965584
248	2.51383e-09	-0.138672	1.11476	-0.00121667	-0.935951	-0.116765	-0.000931888
249	2.51383e-09	0.376243	1.05886	-0.0023636	-0.887678	0.321095	0.00130916
250	2.51383e-09	1.04286	0.43862	-0.00129703	-0.365735	0.865275	0.0023681
251	2.51383e-09	0.763352	-0.829881	-0.00134116	0.690966	0.63956	0.00228354
252	2.51383e-09	-0.908287	0.661762	0.000946103	-0.555218	-0.762817	-0.00160614
253	2.51383e-09	-0.359835	1.09136	-0.00395486	-0.883546	-0.290082	0.000529414
254	2.51383e-09	0.594186	-0.956344	-0.00136235	0.80211	0.495614	-0.000536639
255	2.51383e-09	1.1201	0.226385	-0.00150457	-0.185168	0.914878	0.00125328
256	2.51383e-09	-1.03049	-0.501706	0.000605032	0.408093	-0.839871	-0.00129365
257	2.51383e-09	0.981301	-0.551788	0.00206152	0.462737	0.823621	0.00160929
258	2.51383e-09	0.884042	-0.713531	-0.00272163	0.589835	0.727859	-0.00313517
259	2.51383e-09	-0.223494	-1.09956	0.00168267	0.926542	-0.186468	-0.00107748
260	2.51383e-09	0.956405	-0.609522	0.00181405	0.504267	0.78956	0.00276361
261	2.51383e-09	-0.621132	-0.952322	-0.000599804	0.785611	-0.51348	0.00160171
262	2.51383e-09	1.10895	-0.0244084	0.0047823	0.0222915	0.952222	0.00259409
263	2.51383e-09	0.356289	1.07652	-0.000514829	-0.893206	0.294636	0.0015807
264	2.51383e-09	0.052676	-1.12252	-0.000332142	0.943605	0.0445175	-0.000787616
265	2.51383e-09	0.205926	1.12866	-0.00137369	-0.918622	0.172216	-0.000973212
266	2.51383e-09	0.526867	1.00092	-0.000491277	-0.83281	0.438995	-0.00114251
267	2.51383e-09	-0.532279	0.990082	-0.00116595	-0.828691	-0.452743	0.00207084
268	2.51383e-09	-0.620662	0.94326	-0.00143427	-0.786872	-0.52084	-0.000522667
269	2.51383e-09	-1.10777	-0.281075	0.000595019	0.229482	-0.905539	3.27516e-05
270	2.51383e-09	1.08203	-0.334571	-0.00113924	0.28099	0.897962	0.00047535
271	2.51383e-09	-0.933724	0.65889	-0.00109013	-0.538668	-0.765059	-0.000213196
272	2.51383e-09	1.13852	0.0988434	-0.00254828	-0.0817026	0.931733	-0.00119565
273	2.51383e-09	0.35577	-1.08568	-0.001142	0.888876	0.288026	-1.28375e-05
274	2.51383e-09	0.786652	0.794362	-0.00156902	-0.677862	0.661776	-0.000528544
275	2.51383e-09	-1.14094	-0.057955	-0.00168768	0.0491576	-0.932291	0.000326362
276	2.51383e-09	-1.09629	-0.298359	0.00264576	0.250896	-0.903974	-5.64544e-05
277	2.51383e-09	-1.1506	0.0890836	0.000222918	-0.0686219	-0.923558	0.000856338
278	2.51383e-09	0.519208	1.03196	-0.0015624	-0.827639	0.421291	-0.000431023
279	2.51383e-09	0.0778259	1.14681	-9.36683e-05	-0.928952	0.0658614	-0.000158792
280	2.51383e-09	1.02146	-0.554936	0.000439787	0.44098	0.814138	-0.000183266
281	2.51383e-09	-1.04266	0.444418	-0.000299769	-0.369816	-0.865427	-0.000340297
282	2.51383e-09	-0.375831	1.07607	-0.0016052	-0.884059	-0.311459	-0.00291684
283	2.51383e-09	-0.672359	0.914915	-0.00112882	-0.752425	-0.559493	0.000642691
284	2.51383e-09	-0.711177	0.900008	5.0409e-05	-0.732405	-0.583454	-0.00157083
285	2.51383e-09	-0.56049	-1.00753	-0.00176476	0.810932	-0.454426	0.000884669
286	2.51383e-09	0.687975	-0.898833	-0.00154569	0.747812	0.569597	0.00108899
287	2.51383e-09	0.706829	0.898373	-0.000531225	-0.732348	0.57789	-0.000268272
288	2.51383e-09	-0.294954	-1.11808	-0.000368091	0.89898	-0.234016	-0.000514966
289	2.51383e-09	-0.513845	-1.0244	-0.00121782	0.83574	-0.420428	-0.00200086
290	2.51383e-09	-1.07068	-0.39487	0.00287828	0.323702	-0.877982	-0.00198067
291	2.51383e-09	-0.0395556	-1.13936	0.000712556	0.937049	-0.0338008	0.00210444
292	2.51383e-09	0.262957	-1.12647	-0.000401368	0.902967	0.213787	-0.0014746
293	2.51383e-09	0.172432	1.12858	0.000745836	-0.925775	0.143936	0.00224585
294	2.51383e-09	-1.16674	-0.0952833	-0.00332362	0.0749473	-0.921436	-0.00101646
295	2.51383e-09	-0.35811	1.08395	-0.00130483	-0.888315	-0.295807	-0.00195501
296	2.51383e-09	0.736017	0.892931	0.00128362	-0.720735	0.588535	-0.000952997
297	2.51383e-09	-0.660336	0.938269	-0.000177109	-0.764349	-0.535689	-0.0012135
298	2.51383e-09	0.601263	0.985059	-0.000597469	-0.792579	0.488661	0.00159152
299	2.51383e-09	-1.08853	-0.377424	0.0025753	0.30239	-0.885679	-0.000344446
300	2.51383e-09	-0.898609	-0.72965	0.00188416	0.587204	-0.72472	0.00223543
301	2.51383e-09	0.549006	1.02031	0.000986451	-0.817499	0.436453	-0.000954919
302	2.51383e-09	0.583729	1.01834	0.00400675	-0.795942	0.461207	0.00050528
303	2.51383e-09	-0.559111	1.01694	0.00269284	-0.810664	-0.445755	-0.000252631
304	2.51383e-09	1.03925	0.512023	-0.000895185	-0.409417	0.834633	0.00187317
305	2.51383e-09	-0.493412	-1.03556	-0.00117026	0.842435	-0.401831	0.00178232
306	2.51383e-09	0.833438	-0.807484	0.00218589	0.648465	0.664057	-0.00110512
307	2.51383e-09	-1.07019	-0.423039	-0.00094474	0.343488	-0.866711	0.00130813
308	2.51383e-09	-1.04204	0.521784	-0.00159669	-0.415235	-0.829203	0.00123142
309	2.51383e-09	1.12363	-0.24167	0.000631196	0.197555	0.911279	-0.00143987
310	2.51383e-09	0.593472	-0.988081	0.000263099	0.794205	0.48572	0.000381608
311	2.51383e-09	-1.07652	0.422033	0.00298277	-0.341896	-0.863966	-0.00036966
312	2.51383e-09	0.317971	-1.12043	-0.00161346	0.890162	0.255561	-0.00182099
313	2.51383e-09	0.807671	-0.820519	-0.000878163	0.666	0.654684	-0.00154894
314	2.51383e-09	0.960959	-0.628601	-0.00179918	0.513733	0.779985	-0.000976233
315	2.51383e-09	-0.923548	0.723055	-0.000889844	-0.571794	-0.724635	-0.00164624
316	2.51383e-09	-0.367115	-1.10528	0.000829541	0.880786	-0.290928	-0.000830475
317	2.51383e-09	-1.14712	0.140481	-8.67296e-05	-0.115075	-0.922748	0.00111917
318	2.51383e-09	-0.223087	-1.14419	-0.00346533	0.907385	-0.177224	-0.000364965
319	2.51383e-09	0.706271	0.93051	-0.00235426	-0.735521	0.559501	0.00148564
320	2.51383e-09	-1.17385	-0.130891	-0.00109778	0.0975058	-0.914478	-0.00133144
321	2.51383e-09	-0.849566	0.801817	-6.33163e-05	-0.633538	-0.671926	-4.46279e-05
322	2.51383e-09	0.134393	-1.15286	0.000206002	0.921724	0.102339	-4.0115e-05
323	2.51383e-09	1.16209	0.0949688	0.000690444	-0.0822788	0.922884	-0.00218963
324	2.51383e-09	0.220768	1.15884	-0.00385695	-0.905901	0.16944	-0.00107765
325	2.51383e-09	1.01903	0.554115	-0.00116289	-0.446004	0.816848	-0.00149949
326	2.51383e-09	-0.959345	0.665835	0.000508587	-0.527301	-0.764116	0.00257028
327	2.51383e-09	-0.393514	1.11133	0.00200681	-0.86776	-0.305792	0.0027372
328	2.51383e-09	0.881305	-0.742575	0.00182179	0.600938	0.711578	0.00048096
329	2.51383e-09	1.17849	0.176003	-0.00151792	-0.139562	0.904812	0.000595535
330	2.51383e-09	-0.763017	-0.865318	0.00102519	0.696413	-0.618827	0.000489534
331	2.51383e-09	-0.164374	-1.14742	0.000425297	0.919319	-0.131189	0.00260086
332	2.51383e-09	0.559107	1.02268	3.52854e-05	-0.810363	0.449248	-0.000892228
333	2.51383e-09	1.00972	-0.617374	0.000939247	0.480302	0.782512	-0.0012642
334	2.51383e-09	-0.928198	0.730492	-0.00182824	-0.569341	-0.720679	-0.000297479
335	2.51383e-09	0.614078	-1.01226	-0.000135939	0.783663	0.477868	0.000150903
336	2.51383e-09	-0.766606	-0.884314	8.18471e-05	0.696742	-0.606854	0.000825709
337	2.51383e-09	-1.14882	0.28948	0.000779499	-0.223556	-0.889318	-0.00261371
338	2.51383e-09	0.500256	-1.0668	-0.000423719	0.833568	0.390064	0.00136518
339	2.51383e-09	-0.502075	-1.0805	-0.0026841	0.832186	-0.381234	0.000849543
340	2.51383e-09	-0.294633	1.13972	-0.00259961	-0.893132	-0.233471	-1.27527e-05
341	2.51383e-09	0.0454694	1.18242	0.000286159	-0.919117	0.0338174	-0.00122412
342	2.51383e-09	-0.444378	-1.07583	0.000551682	0.858658	-0.354031	0.000860434
343	2.51383e-09	0.435734	1.07913	0.00142767	-0.860145	0.342184	-0.00100764
344	2.51383e-09	-0.694295	0.950258	0.000971485	-0.748395	-0.542396	1.87408e-05
345	2.51383e-09	1.16305	-0.122861	0.00301535	0.0980815	0.919637	-0.00130957
346	2.51383e-09	1.10149	0.342466	0.00209374	-0.27684	0.891775	-0.00189577
347	2.51383e-09	1.00586	0.603459	-0.000956812	-0.477982	0.787386	-0.00132138
348	2.51383e-09	-1.00393	-0.630493	6.1487e-05	0.489272	-0.775666	0.00043632
349	2.51383e-09	0.938549	0.691895	0.00188651	-0.548699	0.748557	-0.000647863
350	2.51383e-09	-0.304738	1.13624	-7.21255e-05	-0.888806	-0.238282	0.00126519
351	2.51383e-09	-0.25522	-1.15933	0.00130807	0.897196	-0.192111	-0.000818735
352	2.51383e-09	-0.393539	-1.10915	-0.00304535	0.868992	-0.307856	0.00234566
353	2.51383e-09	-0.521585	-1.07649	0.00212706	0.821693	-0.402482	0.000340991
354	2.51383e-09	-0.476833	1.08895	-0.00132282	-0.838732	-0.368114	-0.000923168
355	2.51383e-09	1.04679	-0.509479	0.000195611	0.402115	0.834733	0.00284146
356	2.51383e-09	0.983931	-0.672704	-0.00194569	0.51585	0.754999	0.000377709
357	2.51383e-09	-0.982192	-0.645748	0.00130082	0.505101	-0.772012	-8.60589e-05
358	2.51383e-09	1.08158	-0.532942	-0.00229667	0.400998	0.816178	-0.00109539
359	2.51383e-09	-1.1043	-0.433757	0.00416152	0.334471	-0.856751	0.000299734
360	2.51383e-09	-0.626234	0.992861	0.0020612	-0.781033	-0.490546	0.00132115
361	2.51383e-09	-0.777192	-0.876429	-0.00116361	0.693185	-0.612497	-0.000860368
362	2.51383e-09	-1.08304	0.455788	0.00188652	-0.356167	-0.851155	-0.000915109
363	2.51383e-09	-1.01474	-0.598435	-0.000494768	0.474043	-0.790681	-0.00171469
364	2.51383e-09	-0.38016	-1.10283	0.0016825	0.875955	-0.303684	-0.00051286
365	2.51383e-09	0.0125917	-1.19399	0.00096569	0.914525	0.00739582	-0.00163802
366	2.51383e-09	0.506141	1.07626	0.00263722	-0.828914	0.391346	0.000163858
367	2.51383e-09	0.743971	0.925451	0.00103594	-0.712846	0.580063	-0.00118478
368	2.51383e-09	-1.00296	0.664774	-0.000624227	-0.502243	-0.758282	0.000355099
369	2.51383e-09	-0.42495	-1.12426	-0.00132261	0.851656	-0.324125	0.000159834
370	2.51383e-09	1.17562	0.216055	-0.00194354	-0.166228	0.898699	0.000543332
371	2.51383e-09	0.595592	1.05297	-7.82675e-05	-0.792816	0.444819	0.00120689
372	2.51383e-09	0.345728	1.13602	-0.00327072	-0.877123	0.267855	0.000335688
373	2.51383e-09	-1.06433	-0.517287	-0.00182395	0.402752	-0.827207	0.00127027
374	2.51383e-09	-1.17592	-0.263077	-0.0025838	0.200191	-0.887517	0.000578624
375	2.51383e-09	0.114373	1.19275	-0.000527689	-0.908026	0.0870514	-0.000199273
376	2.51383e-09	1.18112	0.146149	-0.000107708	-0.112648	0.908838	0.00133813
377	2.51383e-09	-0.941062	0.72928	0.00336656	-0.565868	-0.721739	-0.000170907
378	2.51383e-09	0.54607	-1.06369	-0.00161021	0.815217	0.415344	0.00157345
379	2.51383e-09	1.05343	0.53059	0.000394422	-0.406401	0.826146	-0.000635949
380	2.51383e-09	1.1739	-0.136414	-0.00144721	0.105516	0.913024	-0.000264753
381	2.51383e-09	0.496751	-1.0763	0.00134756	0.834527	0.386139	-0.000480916
382	2.51383e-09	1.16395	0.232957	-0.000292263	-0.179817	0.902611	-0.00122461
383	2.51383e-09	-0.799106	-0.850972	-0.000337982	0.674062	-0.637574	-0.00103401
384	2.51383e-09	-0.385228	-1.13956	0.000831209	0.860612	-0.296186	-0.00161901
385	2.51383e-09	1.06194	0.530048	-0.00123924	-0.407478	0.822119	-4.92698e-05
386	2.51383e-09	-1.11617	-0.474036	8.83892e-05	0.355492	-0.832636	0.000135169
387	2.51383e-09	0.955132	-0.720232	0.00343151	0.548845	0.733049	-0.001853
388	2.51383e-09	-0.0376233	-1.21268	-0.00139393	0.904403	-0.032862	-0.000309739
389	2.51383e-09	1.16321	0.273328	-0.00217884	-0.208799	0.89046	-0.00161316
390	2.51383e-09	0.0570778	1.17915	0.000132674	-0.920579	0.0473823	-0.00243182
391	2.51383e-09	-0.432994	-1.11763	-0.00261825	0.852843	-0.331349	-5.77383e-05
392	2.51383e-09	-1.16679	-0.299523	0.00166949	0.228428	-0.881764	0.00105893
393	2.51383e-09	1.17624	0.310324	-0.00275953	-0.225595	0.875952	0.00103765
394	2.51383e-09	-0.196426	1.1872	-8.76933e-05	-0.89783	-0.147902	0.000483606
395	2.51383e-09	-0.518267	-1.07995	0.00195481	0.82166	-0.399471	-0.00136554
396	2.51383e-09	1.0926	-0.502665	-1.64119e-05	0.378801	0.828451	0.000966136
397	2.51383e-09	-0.836527	-0.876241	0.00320578	0.657111	-0.624976	0.00216815
398	2.51383e-09	0.296859	1.17853	0.00139875	-0.877857	0.218506	-0.000888661
399	2.51383e-09	1.01153	0.642941	0.00155941	-0.492585	0.770724	-0.0019812
400	2.51383e-09	1.18935	0.158286	0.00242702	-0.117277	0.903786	0.0020868
