1.820012e+02
401
0	1	8.36826e-06	5.08967e-06	-7.71632e-09	9.10659e-08	-2.55583e-09	3.95242e-11
1	2.51383e-09	-0.811303	0.582995	0.0010536	-0.584344	-0.812641	-0.00055079
2	2.51383e-09	0.899033	-0.441964	0.000889094	0.440648	0.895893	-0.000714862
3	2.51383e-09	0.352868	0.938178	8.84902e-06	-0.93586	0.351036	-0.0002131
4	2.51383e-09	0.50202	-0.866977	0.000469739	0.864498	0.500587	-0.00112567
5	2.51383e-09	-1.00064	-0.0495782	0.000498063	0.050458	-0.997881	0.00106073
6	2.51383e-09	0.441855	0.900956	-0.000356206	-0.895616	0.440079	0.00114084
7	2.51383e-09	0.742595	0.676259	-0.000987805	-0.671306	0.737391	0.000688645
8	2.51383e-09	-0.0482583	1.00152	-5.6292e-05	-0.996546	-0.048307	0.000193778
9	2.51383e-09	0.184504	0.985369	-0.0002473	-0.98254	0.183671	0.00118963
10	2.51383e-09	0.0785542	-1.00164	-0.00150018	0.994543	0.0768708	0.000602235
11	2.51383e-09	-0.794081	-0.617262	0.00105592	0.611254	-0.78757	0.000582119
12	2.51383e-09	-0.104216	1.00036	-0.00106682	-0.991734	-0.102193	-0.00054927
13	2.51383e-09	-0.998168	0.130185	0.000312067	-0.128405	-0.989041	0.00123255
14	2.51383e-09	-0.922558	0.402233	-0.000949675	-0.397304	-0.914227	0.00083536
15	2.51383e-09	-0.40426	-0.919715	-3.16605e-05	0.914336	-0.402082	0.000311681
16	2.51383e-09	-0.528966	0.858757	0.000721364	-0.847135	-0.522356	-0.000952631
17	2.51383e-09	-0.992099	-0.161678	4.43166e-05	0.160779	-0.984512	-0.00106008
18	2.51383e-09	-0.842071	0.561919	0.0011357	-0.549746	-0.826453	-0.000577041
19	2.51383e-09	-0.513391	-0.874095	-0.00033744	0.855435	-0.502933	-0.00111761
20	2.51383e-09	-0.36927	0.94174	0.00114025	-0.927084	-0.36196	-0.000144433
21	2.51383e-09	0.809284	0.60209	0.000493391	-0.594393	0.7998	-0.00110669
22	2.51383e-09	-0.0589579	-1.00752	1.43297e-05	0.993689	-0.0572375	-0.00131391
23	2.51383e-09	0.830408	-0.578963	0.000870099	0.568989	0.815348	0.000902882
24	2.51383e-09	-0.427232	-0.91639	-0.00102493	0.90066	-0.421591	0.00058317
25	2.51383e-09	-0.931444	0.399597	0.000941982	-0.392614	-0.912324	0.000537239
26	2.51383e-09	-1.00636	0.0500118	0.000377129	-0.0470536	-0.995295	0.000466336
27	2.51383e-09	0.848339	-0.552346	0.000714952	0.542953	0.832136	0.000153985
28	2.51383e-09	0.991868	0.218234	0.000388086	-0.212979	0.969483	-0.00116188
29	2.51383e-09	0.229634	0.988549	-0.00108981	-0.966683	0.224808	-0.000621453
30	2.51383e-09	-0.535159	0.862149	-0.00110332	-0.844253	-0.522422	0.000476714
31	2.51383e-09	0.690246	0.74503	-0.000681094	-0.727274	0.673298	0.000841485
32	2.51383e-09	0.345285	-0.956902	-0.000847361	0.931861	0.336557	-0.000566139
33	2.51383e-09	-0.992586	0.235063	-0.00102675	-0.227924	-0.963296	-0.00015446
34	2.51383e-09	-0.944838	-0.378522	0.000847686	0.369466	-0.920173	0.000710813
35	2.51383e-09	0.918516	-0.440006	-0.00121969	0.42714	0.893559	-2.66266e-05
36	2.51383e-09	0.614604	0.810803	-0.00103675	-0.789224	0.600422	-0.000589206
37	2.51383e-09	-0.782812	-0.647991	0.000298174	0.631368	-0.76548	0.00123125
38	2.51383e-09	-0.980508	-0.275299	-0.0013441	0.26654	-0.953341	0.000122077
39	2.51383e-09	-0.133861	1.01095	-0.000631311	-0.981381	-0.131165	-0.00102748
40	2.51383e-09	-0.774494	0.66143	0.000989172	-0.646002	-0.75071	-0.000521524
41	2.51383e-09	0.350841	-0.959123	0.00122978	0.927944	0.340567	-0.000175853
42	2.51383e-09	-0.375171	0.948329	-3.66742e-05	-0.921387	-0.364699	-0.00121496
43	2.51383e-09	-0.933729	-0.416237	-0.000822672	0.402099	-0.903402	-0.000886359
44	2.51383e-09	-0.381563	0.94974	-0.000614901	-0.916339	-0.369805	-0.00054315
45	2.51383e-09	-0.649809	0.792477	-0.000354784	-0.762474	-0.627383	-0.00109522
46	2.51383e-09	-0.787766	-0.652061	-0.000273472	0.630981	-0.762527	-0.000994751
47	2.51383e-09	0.753828	-0.695822	-0.00192677	0.670318	0.724906	0.000318239
48	2.51383e-09	0.907498	0.472336	-0.00112744	-0.455951	0.877799	0.000460493
49	2.51383e-09	0.707905	-0.739552	0.000802665	0.714505	0.683563	-0.000855483
50	2.51383e-09	-1.0165	-0.127978	-0.000643551	0.123153	-0.980325	-0.00118168
51	2.51383e-09	1.00427	-0.190098	-0.000892607	0.181891	0.972675	-0.00036023
52	2.51383e-09	-0.947173	-0.396821	0.00086309	0.381814	-0.909452	0.0014087
53	2.51383e-09	-0.418211	-0.94254	0.00108001	0.899371	-0.399191	0.00018037
54	2.51383e-09	0.313665	-0.979214	0.00105806	0.938941	0.300438	0.000807768
55	2.51383e-09	1.02853	-0.0109945	-0.000904822	0.0111781	0.985491	0.000785457
56	2.51383e-09	0.438388	0.930954	0.000195667	-0.892532	0.41877	-0.00117581
57	2.51383e-09	-0.257729	1.00099	-0.000962057	-0.952231	-0.243812	-0.000916119
58	2.51383e-09	0.375247	0.958767	-0.00111269	-0.916941	0.359436	-0.000283785
59	2.51383e-09	0.330091	0.974662	-0.00077588	-0.934218	0.316155	-0.000849254
60	2.51383e-09	-1.01427	0.149931	-1.25565e-05	-0.147225	-0.977681	0.000611205
61	2.51383e-09	-0.960148	-0.394215	-0.000805457	0.373324	-0.906098	-0.00119004
62	2.51383e-09	0.429402	-0.9412	-0.00203627	0.894039	0.408197	-1.12835e-05
63	2.51383e-09	-0.806352	0.643074	-0.00111271	-0.613525	-0.770384	-0.000523738
64	2.51383e-09	0.00248626	-1.02399	0.00112982	0.98911	0.00121849	0.000523457
65	2.51383e-09	0.652192	-0.798032	-0.00126072	0.762979	0.624783	-0.000368126
66	2.51383e-09	0.470597	-0.918751	0.000536928	0.875842	0.447806	0.0007748
67	2.51383e-09	-0.91216	0.491422	-0.000768352	-0.467174	-0.864356	-0.00105432
68	2.51383e-09	0.825939	0.624736	0.00125784	-0.592854	0.783013	0.000204984
69	2.51383e-09	0.772757	0.688008	0.000293096	-0.653449	0.734587	-0.00118942
70	2.51383e-09	-0.859176	-0.577979	-0.00114657	0.549544	-0.814899	-0.000192587
71	2.51383e-09	-0.280503	-1.00266	7.41392e-05	0.942644	-0.264879	-0.00119767
72	2.51383e-09	-0.956462	0.394199	0.000978828	-0.374776	-0.90873	0.00093664
73	2.51383e-09	-0.620568	-0.82796	-0.000953977	0.787121	-0.590365	-0.000686775
74	2.51383e-09	1.03374	0.091082	0.000205353	-0.0829562	0.976972	0.0011208
75	2.51383e-09	0.642998	-0.810384	0.000151994	0.770768	0.610605	1.08161e-05
76	2.51383e-09	-0.000130586	1.04314	0.00013241	-0.978658	-0.0012298	-0.00047027
77	2.51383e-09	0.0213747	1.03831	0.000485694	-0.981273	0.0191096	0.00112549
78	2.51383e-09	-0.731971	-0.739095	-0.000511737	0.696201	-0.690019	-0.00107196
79	2.51383e-09	-1.0256	-0.178634	0.000421654	0.16833	-0.964984	-0.00117966
80	2.51383e-09	0.737566	-0.740887	0.000344422	0.69151	0.690341	-4.5443e-05
81	2.51383e-09	-0.759824	0.710969	4.41332e-05	-0.67094	-0.715178	0.000136933
82	2.51383e-09	0.984862	-0.333906	-0.000464744	0.316397	0.928667	-0.000419114
83	2.51383e-09	0.0804589	1.04083	0.000920481	-0.975345	0.0746529	0.000669434
84	2.51383e-09	-0.204841	1.01693	-0.00058003	-0.962988	-0.193832	0.000972691
85	2.51383e-09	0.77284	-0.704249	0.00152688	0.657537	0.72193	-0.000387271
86	2.51383e-09	-0.659047	0.808354	0.000417485	-0.75926	-0.618811	0.00131202
87	2.51383e-09	0.90253	0.52865	0.000229871	-0.49308	0.843458	-0.00117756
88	2.51383e-09	-0.245394	-1.01642	-0.00119573	0.950496	-0.228662	0.000191748
89	2.51383e-09	-0.472323	-0.93391	-0.00117656	0.871886	-0.440667	0.000195835
90	2.51383e-09	-0.958429	0.42213	0.00110655	-0.395343	-0.893374	-0.000581032
91	2.51383e-09	-0.174762	-1.0326	-0.000760848	0.962871	-0.163479	-0.000900489
92	2.51383e-09	-0.97001	0.396193	0.000109967	-0.367779	-0.905241	-0.00100559
93	2.51383e-09	-0.239351	-1.02129	-0.000181053	0.950798	-0.222075	0.00139009
94	2.51383e-09	-1.01427	0.249136	0.00141192	-0.233217	-0.95078	0.000237127
95	2.51383e-09	-1.04866	0.0319171	0.00048818	-0.0303571	-0.975411	-0.00108374
96	2.51383e-09	0.508978	0.916698	-0.00118708	-0.853413	0.475205	-0.000378174
97	2.51383e-09	-0.0786504	-1.04382	0.000849561	0.975074	-0.074875	-0.000793263
98	2.51383e-09	0.926975	-0.494759	-0.000333685	0.459578	0.86169	-0.000651485
99	2.51383e-09	-0.726921	-0.76043	0.000633124	0.704521	-0.673064	-0.001094
100	2.51383e-09	0.481465	0.934848	0.00013669	-0.866446	0.446671	-0.00116847
101	2.51383e-09	-0.0831179	-1.04886	-0.00120597	0.971214	-0.0761394	9.77848e-05
102	2.51383e-09	-0.656597	-0.823413	0.00114675	0.761351	-0.608394	-0.000489503
103	2.51383e-09	1.0395	0.148949	0.000905767	-0.139124	0.965505	0.00050718
104	2.51383e-09	-0.195012	-1.03635	-0.000372005	0.956788	-0.181137	-0.00115054
105	2.51383e-09	-0.571732	-0.882582	0.000232902	0.818532	-0.530602	-0.00115657
106	2.51383e-09	1.05515	-0.00293762	0.000753804	0.00254581	0.972966	-0.000905874
107	2.51383e-09	-0.039999	-1.05344	-0.000649623	0.972527	-0.0363169	0.000884829
108	2.51383e-09	-0.523614	-0.915662	0.000446833	0.846521	-0.482088	-0.000378309
109	2.51383e-09	0.680375	0.810099	-0.00104462	-0.744771	0.625114	-0.000412556
110	2.51383e-09	-1.05659	-0.00356286	-9.77037e-05	0.00383703	-0.972525	-0.00114938
111	2.51383e-09	0.0550184	1.05202	-0.000108321	-0.973295	0.0482701	0.000695069
112	2.51383e-09	-0.754827	0.738812	0.0012555	-0.681136	-0.69537	0.000155445
113	2.51383e-09	0.108735	-1.05101	0.000148439	0.967961	0.0991326	-0.00120918
114	2.51383e-09	-0.484739	0.941168	-0.000285799	-0.864244	-0.444169	0.00114649
115	2.51383e-09	1.04519	0.202876	0.000954188	-0.183665	0.950279	-0.00103
116	2.51383e-09	0.695882	-0.800179	-0.000648606	0.732689	0.636111	0.000989258
117	2.51383e-09	-0.614579	-0.866099	-0.000106405	0.792243	-0.560196	0.00174698
118	2.51383e-09	-1.0229	-0.288858	-0.00139424	0.262229	-0.933483	0.000432762
119	2.51383e-09	0.465923	0.948784	-0.00107312	-0.872949	0.429345	-0.00208983
120	2.51383e-09	0.199146	-1.04098	0.00159488	0.954759	0.18036	6.03264e-05
121	2.51383e-09	1.01332	0.313082	0.0002751	-0.286629	0.92826	-0.00114847
122	2.51383e-09	-0.970559	-0.426385	-0.000663118	0.390856	-0.889007	0.000410038
123	2.51383e-09	-0.519938	-0.925526	0.000153443	0.846558	-0.473429	-0.00104556
124	2.51383e-09	0.978599	0.41117	0.000807963	-0.375878	0.89582	-0.000944523
125	2.51383e-09	-0.0334229	1.06174	-0.00086597	-0.970195	-0.0312773	0.000961833
126	2.51383e-09	-0.432944	-0.973642	0.00114781	0.885046	-0.392825	-0.00120295
127	2.51383e-09	-0.898768	-0.57261	0.00107888	0.519535	-0.817517	-0.000636711
128	2.51383e-09	-0.141974	-1.05616	1.15293e-05	0.960222	-0.128514	-0.00100918
129	2.51383e-09	0.531205	0.923052	-0.000111349	-0.840538	0.482951	0.00114237
130	2.51383e-09	-0.731587	-0.774546	7.39668e-05	0.704136	-0.666053	-0.000186005
131	2.51383e-09	-0.832285	0.666859	0.000556892	-0.606454	-0.755062	-0.00110345
132	2.51383e-09	-0.435979	0.974407	-0.00124613	-0.88246	-0.396596	0.000199735
133	2.51383e-09	0.12034	1.06204	-2.1899e-05	-0.960677	0.107728	0.00115265
134	2.51383e-09	0.40177	0.990958	0.000131927	-0.896497	0.363291	0.00145837
135	2.51383e-09	0.221932	1.03802	0.000313967	-0.949958	0.206043	-0.00134684
136	2.51383e-09	1.06742	0.0300809	-0.0011815	-0.0278699	0.967917	-0.000399581
137	2.51383e-09	0.829041	-0.679327	-0.00146498	0.612562	0.746339	0.00129602
138	2.51383e-09	0.416941	-0.985724	0.00121562	0.890864	0.377013	-0.000502371
139	2.51383e-09	0.29041	-1.02594	-0.000716426	0.933163	0.263882	-0.00079054
140	2.51383e-09	0.930243	0.5458	0.00111507	-0.488586	0.828061	-0.000249642
141	2.51383e-09	0.469663	-0.960825	-0.00035671	0.868928	0.425326	-0.00104295
142	2.51383e-09	-0.0550359	1.07029	0.000709456	-0.965178	-0.0516518	0.000966296
143	2.51383e-09	-0.382094	1.00021	-0.00107868	-0.903892	-0.344006	-0.000281864
144	2.51383e-09	0.825254	-0.683417	-0.000189718	0.61618	0.74428	-0.000725753
145	2.51383e-09	0.480355	-0.962349	0.000138072	0.862423	0.429821	0.00116222
146	2.51383e-09	-0.66597	-0.843398	0.000712823	0.756364	-0.598708	0.000945697
147	2.51383e-09	-0.849247	-0.658734	0.000426928	0.587672	-0.76494	-0.00101351
148	2.51383e-09	0.565761	-0.916334	0.000757933	0.819189	0.506644	-1.63029e-05
149	2.51383e-09	-0.545293	0.929472	-0.000561974	-0.830543	-0.488451	0.000625264
150	2.51383e-09	-0.151916	-1.0669	0.0013242	0.953384	-0.134801	-9.05683e-05
151	2.51383e-09	0.381162	1.00841	0.0012306	-0.899867	0.342448	0.000283504
152	2.51383e-09	-0.779501	0.741984	-0.00169645	-0.664592	-0.697444	-0.000892823
153	2.51383e-09	0.122094	1.07091	-0.00104768	-0.95723	0.109252	-0.0005336
154	2.51383e-09	0.977816	0.459083	0.000764853	-0.408968	0.86998	-0.000881035
155	2.51383e-09	-0.915858	0.577539	0.000188865	-0.513393	-0.813785	-0.00140419
156	2.51383e-09	-0.601783	0.893237	0.00117611	-0.800209	-0.539032	0.000474536
157	2.51383e-09	0.954395	-0.50296	-0.000163	0.449672	0.851987	-0.00115434
158	2.51383e-09	-1.06697	0.191129	-0.00077203	-0.168468	-0.944502	0.000734619
159	2.51383e-09	-0.771673	0.758964	0.00129923	-0.673204	-0.685423	0.000299662
160	2.51383e-09	-1.0346	0.312707	0.000190694	-0.277689	-0.920646	0.000656056
161	2.51383e-09	0.93667	0.539186	0.00117979	-0.480608	0.834062	0.00047407
162	2.51383e-09	-0.334256	1.03039	0.000511911	-0.913744	-0.296968	0.0011766
163	2.51383e-09	0.438999	0.989417	0.000961156	-0.879293	0.389279	-0.000683664
164	2.51383e-09	-0.469934	-0.977774	-0.00123103	0.865073	-0.415578	0.000486671
165	2.51383e-09	0.142571	-1.07459	0.00130601	0.952287	0.12575	0.000346874
166	2.51383e-09	-1.07705	0.076696	-0.000694514	-0.0686524	-0.959953	0.000102209
167	2.51383e-09	-0.726284	0.80809	0.000855864	-0.712275	-0.642138	-0.000838595
168	2.51383e-09	-0.94006	0.541497	0.00109908	-0.478572	-0.832873	0.000602046
169	2.51383e-09	0.32651	1.03707	0.000433218	-0.914695	0.285965	-0.000742967
170	2.51383e-09	-0.153688	1.07577	0.000516714	-0.949671	-0.135974	-0.00106651
171	2.51383e-09	-0.29973	-1.04345	-0.000270119	0.923227	-0.264967	-0.0010604
172	2.51383e-09	0.723528	0.815604	-0.000563369	-0.716729	0.635281	0.000921543
173	2.51383e-09	0.936705	-0.557216	0.00110752	0.489497	0.822605	0.000617544
174	2.51383e-09	1.0831	0.177913	0.000994472	-0.152721	0.940859	9.18794e-05
175	2.51383e-09	-0.961366	-0.513378	-0.000848594	0.451672	-0.844432	0.000853605
176	2.51383e-09	0.290976	1.04404	-0.00105358	-0.926881	0.257365	0.000503059
177	2.51383e-09	-0.591642	0.922535	-0.000858139	-0.803689	-0.513806	-0.000355827
178	2.51383e-09	1.06619	-0.253681	0.000207294	0.221954	0.92892	0.00108192
179	2.51383e-09	1.02093	-0.386111	-0.00125181	0.339698	0.894796	-0.000345084
180	2.51383e-09	-1.06576	0.224927	-0.000440093	-0.19802	-0.937366	-0.000108262
181	2.51383e-09	-1.01364	0.405033	0.00207822	-0.354815	-0.889325	0.000599044
182	2.51383e-09	0.649576	0.863414	0.000842035	-0.770591	0.579449	0.00105429
183	2.51383e-09	0.495595	-0.971775	-0.00085387	0.853428	0.435885	0.000288783
184	2.51383e-09	0.674265	0.8636	0.000124401	-0.752356	0.587355	0.00115264
185	2.51383e-09	0.423795	1.01022	-0.00121585	-0.88111	0.368288	0.000497726
186	2.51383e-09	-0.797207	-0.752832	-0.000103967	0.655734	-0.693438	0.0011396
187	2.51383e-09	1.08075	-0.175402	-0.000971198	0.152778	0.943196	0.000717276
188	2.51383e-09	-0.391668	1.02306	0.000602479	-0.892276	-0.343064	0.00104373
189	2.51383e-09	-0.842377	0.701583	-0.00132927	-0.612173	-0.733059	6.33676e-05
190	2.51383e-09	-0.0931184	-1.09661	0.00114753	0.948688	-0.0808313	-0.00116551
191	2.51383e-09	0.539092	0.954532	0.00111541	-0.832293	0.46976	0.000531831
192	2.51383e-09	1.08594	-0.15597	7.54356e-05	0.134838	0.94531	0.000899009
193	2.51383e-09	-0.224972	-1.07866	-0.00129732	0.932436	-0.193959	0.000156931
194	2.51383e-09	1.09757	0.0193175	0.000513066	-0.0170732	0.955033	-0.00119488
195	2.51383e-09	-0.0881299	-1.0954	0.000943681	0.950745	-0.078381	0.00112521
196	2.51383e-09	1.04948	0.331631	0.000451417	-0.287837	0.908566	0.00106829
197	2.51383e-09	-0.0117196	-1.09851	5.01416e-05	0.954253	-0.00963576	-0.00123177
198	2.51383e-09	-1.10055	0.0337405	-0.000625048	-0.0298987	-0.952659	0.000950819
199	2.51383e-09	0.386137	1.03423	0.000451417	-0.891412	0.331246	0.00104865
200	2.51383e-09	-1.00742	0.449627	0.00131859	-0.388424	-0.868779	-0.000202885
201	2.51383e-09	0.249911	-1.07683	0.000816806	0.928227	0.212849	-0.000631906
202	2.51383e-09	-0.0516871	-1.10369	1.46313e-05	0.949494	-0.0444602	-0.00111615
203	2.51383e-09	-0.756324	-0.804515	-0.00102877	0.69408	-0.650768	-0.000560186
204	2.51383e-09	1.05312	-0.327298	-0.000512784	0.283453	0.909806	-0.00102934
205	2.51383e-09	-0.513107	0.978952	-0.000144713	-0.84175	-0.442514	0.00115397
206	2.51383e-09	1.01311	-0.42548	2.76173e-05	0.366623	0.881628	-0.00134736
207	2.51383e-09	0.354527	1.0485	0.000904269	-0.899685	0.30403	0.000792684
208	2.51383e-09	-0.503041	0.98616	0.000852018	-0.847398	-0.431175	-0.000789532
209	2.51383e-09	1.10473	-0.0853059	-0.000606952	0.0723793	0.946738	0.00103908
210	2.51383e-09	-0.743985	-0.819478	1.38854e-05	0.703709	-0.639166	0.00129458
211	2.51383e-09	-0.666299	0.88434	0.00109951	-0.759049	-0.571066	-0.000608332
212	2.51383e-09	0.991983	0.494587	-0.000324933	-0.4224	0.850683	-0.00108922
213	2.51383e-09	-1.10053	-0.137829	0.000134824	0.116767	-0.942251	-0.00112482
214	2.51383e-09	0.872231	0.689059	0.000822474	-0.588549	0.743623	-0.000976589
215	2.51383e-09	0.38019	-1.04104	0.000705124	0.893159	0.325154	0.000951601
216	2.51383e-09	-0.593087	0.939416	-0.000820015	-0.802941	-0.505062	0.00091622
217	2.51383e-09	0.620645	0.917608	-0.0010136	-0.78799	0.532585	-0.000702053
218	2.51383e-09	0.478084	-1.00185	-0.00126346	0.857343	0.408487	-0.000310994
219	2.51383e-09	-1.09645	-0.19475	0.000759025	0.164183	-0.932632	0.000625398
220	2.51383e-09	-0.880488	0.67874	0.00125733	-0.579191	-0.751423	-0.00024933
221	2.51383e-09	1.07046	-0.302785	0.00133493	0.256961	0.91299	-0.000143581
222	2.51383e-09	0.311594	1.06809	0.000332923	-0.910269	0.266443	0.00112258
223	2.51383e-09	0.959306	-0.567046	0.00129632	0.483059	0.81479	-0.000286323
224	2.51383e-09	-0.476685	-1.00834	-0.00137761	0.856555	-0.40317	-0.00102777
225	2.51383e-09	-0.940389	0.597967	0.00117087	-0.507764	-0.80014	-0.000588735
226	2.51383e-09	-0.92143	-0.634254	0.00138212	0.535933	-0.778693	-0.000361501
227	2.51383e-09	-1.03346	0.417326	0.000473112	-0.355431	-0.87868	-0.00105706
228	2.51383e-09	-0.606558	0.938921	0.00103744	-0.793739	-0.513375	0.000723119
229	2.51383e-09	0.341067	-1.06425	0.00129262	0.901063	0.287534	0.000306916
230	2.51383e-09	1.11095	-0.131582	-0.00112697	0.110544	0.938508	-0.000580471
231	2.51383e-09	-0.220019	1.09541	-0.00129408	-0.92767	-0.187433	-0.00018475
232	2.51383e-09	-0.406255	-1.03869	-0.000273682	0.881529	-0.344939	0.00147935
233	2.51383e-09	-0.9045	-0.658385	0.00112564	0.556124	-0.765533	-0.000261045
234	2.51383e-09	1.09147	0.255611	0.000827931	-0.215191	0.919155	0.000882504
235	2.51383e-09	0.452809	-1.02574	-0.000674507	0.863702	0.38263	-0.00103564
236	2.51383e-09	-0.90761	0.659204	-0.00116937	-0.553743	-0.76434	0.000570199
237	2.51383e-09	-0.724399	-0.853674	0.00131403	0.721178	-0.611743	-5.24596e-05
238	2.51383e-09	0.601889	-0.946168	0.000100029	0.796117	0.507163	0.00114476
239	2.51383e-09	-0.932025	0.627272	-0.000175871	-0.526338	-0.782399	-0.00108552
240	2.51383e-09	-1.12506	-0.00470447	-0.000641835	0.00564215	-0.941983	0.00108895
241	2.51383e-09	0.926362	-0.637242	0.0013439	0.534778	0.776191	-0.00023365
242	2.51383e-09	1.13099	0.00290445	4.45251e-05	-0.00275275	0.939557	-8.52189e-05
243	2.51383e-09	0.209171	1.10521	-0.00109457	-0.926892	0.174559	0.000668265
244	2.51383e-09	0.913961	0.660529	0.00052741	-0.551074	0.762557	-0.00105301
245	2.51383e-09	0.760534	0.828372	0.000181506	-0.693737	0.638559	-0.00114046
246	2.51383e-09	0.158203	1.11486	0.00123662	-0.93236	0.132368	0.000399737
247	2.51383e-09	1.06922	0.348236	-0.00153481	-0.292561	0.896347	0.000149113
248	2.51383e-09	0.974297	-0.56697	0.000822544	0.472914	0.813951	0.00059637
249	2.51383e-09	1.10062	-0.233949	-0.00127444	0.195908	0.922962	0.000402118
250	2.51383e-09	1.11234	0.171621	-0.00115097	-0.142312	0.93196	0.000631101
251	2.51383e-09	0.0802732	-1.12534	0.00110366	0.939415	0.0667196	0.000554415
252	2.51383e-09	-1.13086	-0.0530558	-0.000844595	0.0436054	-0.939013	-0.000989997
253	2.51383e-09	0.582716	-0.965993	-0.000166215	0.806371	0.487665	0.000549133
254	2.51383e-09	1.12849	0.0238018	-0.00132639	-0.0195823	0.941196	-0.000110038
255	2.51383e-09	1.12112	-0.174469	0.000627285	0.143521	0.927935	-0.00065833
256	2.51383e-09	0.611254	-0.952799	0.001356	0.791849	0.50575	9.59103e-05
257	2.51383e-09	-1.08571	0.322483	-0.000959655	-0.266363	-0.900676	0.000445311
258	2.51383e-09	-0.144626	-1.12458	-0.000380441	0.931106	-0.120676	-0.00105492
259	2.51383e-09	-1.10025	-0.259215	-0.00148755	0.214606	-0.915054	-0.000273128
260	2.51383e-09	0.98736	0.554768	0.000435737	-0.461852	0.817007	-0.00133098
261	2.51383e-09	-1.04739	-0.443325	9.58866e-05	0.366716	-0.863525	0.000982619
262	2.51383e-09	-0.88683	0.706626	-0.00124432	-0.584295	-0.735455	0.000216055
263	2.51383e-09	0.660517	0.924673	-0.000291597	-0.762614	0.545753	0.00107278
264	2.51383e-09	0.587353	0.97232	0.000476218	-0.802544	0.485216	-0.00110375
265	2.51383e-09	1.12959	-0.1255	-0.00090674	0.104521	0.931833	0.000807575
266	2.51383e-09	1.13057	-0.11812	0.00112572	0.0979483	0.932952	-0.000725721
267	2.51383e-09	-0.1759	1.12437	0.000820605	-0.925683	-0.144372	-0.000906885
268	2.51383e-09	1.12739	0.148903	-0.0012325	-0.123863	0.929095	0.000442755
269	2.51383e-09	-0.0256856	-1.13188	0.000730588	0.939427	-0.0200116	0.00099982
270	2.51383e-09	0.878366	0.724317	0.000652484	-0.596426	0.722986	-0.000893386
271	2.51383e-09	-0.142944	-1.12789	0.000726585	0.930995	-0.117313	-0.000924989
272	2.51383e-09	1.13797	-0.0544874	-0.0001929	0.044436	0.935894	0.0010671
273	2.51383e-09	-0.617692	-0.960308	-0.00128776	0.786328	-0.506242	0.00039062
274	2.51383e-09	-0.570426	-0.987759	0.000210159	0.810268	-0.468694	-0.00110227
275	2.51383e-09	0.460881	-1.04279	0.000837813	0.856624	0.379559	0.000810422
276	2.51383e-09	1.13226	0.126527	0.000551175	-0.103317	0.931719	-0.000450249
277	2.51383e-09	0.688269	0.909203	-0.00132124	-0.74686	0.565756	-0.000138358
278	2.51383e-09	1.06081	0.420844	0.00109684	-0.34442	0.870659	0.000796395
279	2.51383e-09	-1.00056	0.553592	-0.00107791	-0.454158	-0.816835	0.000282475
280	2.51383e-09	1.0372	-0.481491	-0.000566421	0.393549	0.848325	0.000553339
281	2.51383e-09	-1.14527	0.00575113	0.000659499	-0.00454666	-0.9339	0.000983727
282	2.51383e-09	-0.45987	-1.04961	0.00136791	0.855159	-0.374738	0.000298926
283	2.51383e-09	0.826264	-0.79106	0.000948169	0.646475	0.676155	-0.00081332
284	2.51383e-09	0.307481	-1.10168	-0.00100464	0.90102	0.252574	-0.000759492
285	2.51383e-09	-0.262662	1.11477	-6.18155e-05	-0.910005	-0.214739	-0.00128441
286	2.51383e-09	-0.88018	0.732174	0.000317089	-0.597595	-0.719197	-0.00111671
287	2.51383e-09	0.331137	-1.09918	-0.000735197	0.893177	0.26941	-0.000940747
288	2.51383e-09	0.950274	-0.646523	0.000377409	0.524622	0.770706	-0.00108834
289	2.51383e-09	-1.13561	0.162605	-0.000769275	-0.132792	-0.924351	-0.00093725
290	2.51383e-09	1.03378	-0.496821	-3.261e-05	0.405794	0.841129	-0.00115349
291	2.51383e-09	0.328285	1.10116	0.000668806	-0.894416	0.265272	-0.00105313
292	2.51383e-09	0.933977	0.670184	0.000199815	-0.543624	0.757705	-0.00119982
293	2.51383e-09	1.15013	0.0154483	0.000688019	-0.0131841	0.932074	-0.000974612
294	2.51383e-09	0.903467	0.711068	0.00138059	-0.576156	0.733062	3.12842e-05
295	2.51383e-09	-0.99726	-0.575557	0.0009623	0.46662	-0.806534	-0.000763242
296	2.51383e-09	-1.12946	-0.222793	-0.00131392	0.179534	-0.914647	0.000377254
297	2.51383e-09	0.758557	-0.8729	-0.000660305	0.699629	0.613114	0.000490511
298	2.51383e-09	-0.977157	0.607529	0.00135709	-0.492651	-0.792394	-0.000219028
299	2.51383e-09	0.502866	-1.03918	-0.0012401	0.837206	0.405466	-0.000406323
300	2.51383e-09	0.982229	0.605247	0.000124953	-0.487805	0.791675	-0.000576112
301	2.51383e-09	0.95045	0.659724	-0.00120598	-0.528075	0.764002	0.000376264
302	2.51383e-09	1.07374	0.42842	0.000496576	-0.344679	0.863985	-0.00070517
303	2.51383e-09	0.679907	0.933866	-0.00136089	-0.751975	0.548159	-7.05528e-05
304	2.51383e-09	1.15805	0.040154	0.000233472	-0.0343571	0.929193	0.000308079
305	2.51383e-09	0.679584	-0.937175	0.00139515	0.751841	0.545541	-0.000115764
306	2.51383e-09	-0.94334	0.676692	-0.000478699	-0.541009	-0.753724	0.000190655
307	2.51383e-09	0.921016	0.702268	-0.000229525	-0.562588	0.738965	-0.00143182
308	2.51383e-09	0.64146	0.961759	-0.00123826	-0.774226	0.516432	0.000439627
309	2.51383e-09	0.818981	0.812303	0.000241587	-0.656401	0.660045	-0.00153012
310	2.51383e-09	-1.01847	0.540071	0.00103573	-0.436381	-0.823969	-0.00191158
311	2.51383e-09	-1.15157	0.132143	0.000568599	-0.107206	-0.922634	0.00107458
312	2.51383e-09	0.962357	0.643481	-0.000516963	-0.515796	0.773776	0.000620501
313	2.51383e-09	-0.231648	1.13429	-0.000457743	-0.910698	-0.188245	-5.23139e-05
314	2.51383e-09	0.331566	1.11333	-0.000506106	-0.888633	0.265513	0.00106637
315	2.51383e-09	0.920888	0.706862	0.00148309	-0.563799	0.737604	-0.000449984
316	2.51383e-09	-0.585284	-1.00488	-0.000900982	0.80115	-0.465966	-0.000858417
317	2.51383e-09	-0.769577	-0.870461	-0.00131144	0.69483	-0.615207	0.000367469
318	2.51383e-09	-0.14157	1.1541	-0.000760988	-0.920024	-0.115043	0.000934678
319	2.51383e-09	0.97899	-0.627615	-0.00141726	0.500317	0.780888	-0.000187768
320	2.51383e-09	-1.12266	0.301576	0.00127336	-0.241568	-0.895982	-0.000309065
321	2.51383e-09	-0.434597	1.07811	-0.000683698	-0.861046	-0.346606	-0.000496934
322	2.51383e-09	0.944247	0.682301	0.00036885	-0.541752	0.752014	-0.00111591
323	2.51383e-09	-1.12013	-0.321859	-0.00141101	0.254606	-0.890598	8.52114e-05
324	2.51383e-09	1.11019	0.349943	-0.000701536	-0.2797	0.884286	-0.000945342
325	2.51383e-09	0.152773	1.15531	-0.000397331	-0.918926	0.122047	-0.00109444
326	2.51383e-09	-0.0356213	1.16556	-0.000431564	-0.926147	-0.0290667	-0.00134088
327	2.51383e-09	0.40064	1.09742	0.000587653	-0.869118	0.316491	0.000970471
328	2.51383e-09	-0.363686	-1.1086	-0.000286771	0.87999	-0.285929	-0.000931976
329	2.51383e-09	-1.0884	-0.430446	-0.00113928	0.340191	-0.858781	-0.000624354
330	2.51383e-09	-1.05511	0.507205	-0.000775748	-0.399093	-0.833165	0.000941174
331	2.51383e-09	0.530114	-1.04163	0.001336	0.825248	0.418257	0.000452897
332	2.51383e-09	-1.12141	0.328992	-0.0011065	-0.261339	-0.887862	0.000656401
333	2.51383e-09	1.00229	0.608021	0.000630024	-0.478881	0.789188	0.00101009
334	2.51383e-09	-1.16963	0.0311594	0.00147745	-0.0259049	-0.925233	0.000300255
335	2.51383e-09	-0.795791	-0.860031	0.000138434	0.678666	-0.626837	-0.00110256
336	2.51383e-09	0.890506	-0.763101	-0.00135592	0.601996	0.700211	0.000151031
337	2.51383e-09	-1.13911	0.276846	0.0011127	-0.21735	-0.897734	-0.000757056
338	2.51383e-09	0.903285	0.749642	0.000205404	-0.589137	0.709142	1.49246e-05
339	2.51383e-09	-0.363749	-1.11959	0.000278661	0.876887	-0.283659	0.000505961
340	2.51383e-09	0.946132	0.697655	0.00135771	-0.549427	0.742319	0.000171087
341	2.51383e-09	-1.15758	-0.196503	-0.00138021	0.155202	-0.910183	2.08985e-05
342	2.51383e-09	0.674559	0.964744	-0.000693889	-0.75497	0.527545	0.000974515
343	2.51383e-09	1.04183	-0.5423	-0.00131443	0.427161	0.818258	-0.000190202
344	2.51383e-09	0.894523	-0.761894	0.000794191	0.598882	0.701992	0.000955385
345	2.51383e-09	0.729	0.920567	0.00034241	-0.723831	0.572491	0.00115781
346	2.51383e-09	-1.15921	-0.214018	-0.000168355	0.167132	-0.905011	-0.00109138
347	2.51383e-09	-0.218057	-1.15402	0.0021743	0.906824	-0.171	-0.000535126
348	2.51383e-09	0.938935	0.717469	-0.00106325	-0.558368	0.730395	-0.000746685
349	2.51383e-09	1.17758	-0.0656197	-0.00126696	0.0521647	0.919195	-0.000491141
350	2.51383e-09	0.919781	0.738478	-0.000916397	-0.575664	0.71866	4.61299e-05
351	2.51383e-09	0.669432	-0.975511	-1.5735e-05	0.758207	0.518758	-0.00112155
352	2.51383e-09	-1.17566	0.10134	-0.000719626	-0.0775147	-0.917361	0.000994964
353	2.51383e-09	0.815254	0.848915	0.00053932	-0.665391	0.638527	0.000206877
354	2.51383e-09	0.322035	1.13622	0.00142351	-0.885515	0.250915	5.41987e-05
355	2.51383e-09	0.677377	-0.966129	0.000915432	0.754137	0.528932	-0.000736735
356	2.51383e-09	0.0316012	1.18531	0.00141977	-0.918155	0.0237264	0.00042911
357	2.51383e-09	-0.381332	-1.11946	0.00102915	0.870267	-0.297587	0.000765223
358	2.51383e-09	-0.979383	0.662592	-0.00057706	-0.516034	-0.762145	-0.00111983
359	2.51383e-09	0.960445	0.696746	0.00188976	-0.539965	0.742247	-0.000727994
360	2.51383e-09	-1.07886	0.485952	-0.000824639	-0.376131	-0.838845	0.0008069
361	2.51383e-09	0.450965	-1.09403	0.00152367	0.850316	0.350915	-0.000257281
362	2.51383e-09	0.000227496	1.18062	-0.000215618	-0.920863	0.0016654	-0.000388316
363	2.51383e-09	-0.168555	1.17499	-0.000655528	-0.908086	-0.130812	0.000972745
364	2.51383e-09	0.893134	0.781969	0.000115132	-0.606073	0.688712	0.000424556
365	2.51383e-09	-1.09704	0.445886	0.000241508	-0.347576	-0.851769	0.00108224
366	2.51383e-09	0.861166	0.810867	0.00172652	-0.630652	0.669427	0.000741079
367	2.51383e-09	1.17271	0.205522	-0.0016139	-0.15828	0.90199	0.000189476
368	2.51383e-09	1.18661	-0.0490982	-0.00110232	0.0385334	0.917644	0.00123349
369	2.51383e-09	-0.283601	1.15563	-0.0012689	-0.889978	-0.21876	0.000119081
370	2.51383e-09	0.522998	-1.06917	0.00117954	0.822833	0.403336	-0.000642254
371	2.51383e-09	0.729454	-0.948822	-0.000486032	0.723322	0.557912	0.00132737
372	2.51383e-09	-1.0852	-0.486056	0.00140087	0.375733	-0.837184	-0.000160959
373	2.51383e-09	1.18251	0.124211	0.000828733	-0.0942759	0.912036	-0.0002909
374	2.51383e-09	-0.890198	0.79898	0.0017039	-0.609982	-0.680365	-0.000339552
375	2.51383e-09	1.08436	0.500012	-0.000907219	-0.381997	0.830934	-0.000831438
376	2.51383e-09	-0.518233	1.07293	0.000842832	-0.825606	-0.398051	0.000857246
377	2.51383e-09	1.17279	0.221731	-0.00121381	-0.169499	0.899379	-0.000597188
378	2.51383e-09	0.147984	1.18618	-0.00140498	-0.90685	0.113363	4.44211e-05
379	2.51383e-09	-1.08945	0.487471	0.000624579	-0.371658	-0.835531	-0.000861284
380	2.51383e-09	0.589525	-1.04017	6.22217e-05	0.79631	0.450254	-0.00113114
381	2.51383e-09	0.63827	1.01157	0.000242495	-0.773131	0.487669	-0.00107822
382	2.51383e-09	-1.19006	-0.117082	0.00102774	0.0905644	-0.909984	0.000774025
383	2.51383e-09	1.14601	-0.330154	0.00113781	0.253685	0.879874	0.00156493
384	2.51383e-09	-0.846461	-0.845157	-0.00129047	0.645466	-0.647961	-0.000472511
385	2.51383e-09	-1.1345	-0.386252	0.0014002	0.293384	-0.864667	-0.000242215
386	2.51383e-09	0.676504	-0.99293	-0.000379412	0.753951	0.513803	-0.000419991
387	2.51383e-09	-1.04706	0.584984	0.000718249	-0.44519	-0.796744	0.000953543
388	2.51383e-09	0.0306111	1.19926	-0.00146537	-0.912625	0.0220247	-1.36389e-05
389	2.51383e-09	-0.791079	0.90199	-0.000468205	-0.687163	-0.600945	-0.000869107
390	2.51383e-09	-0.563314	1.06126	0.000687318	-0.805077	-0.428156	0.000975166
391	2.51383e-09	0.869708	0.831362	-0.00133078	-0.630361	0.658199	0.000265084
392	2.51383e-09	0.904584	0.787993	7.18356e-05	-0.60029	0.688689	-0.00113052
393	2.51383e-09	1.20359	0.0386931	-0.000659551	-0.029132	0.910799	0.000276992
394	2.51383e-09	0.964929	-0.711814	0.00223744	0.542445	0.734379	-0.000836195
395	2.51383e-09	0.743696	0.944841	0.000603189	-0.716406	0.563011	-0.00106692
396	2.51383e-09	1.15411	-0.337176	-3.13838e-05	0.254553	0.876017	0.00109774
397	2.51383e-09	1.10601	0.472481	-0.000583934	-0.35697	0.83861	0.000925166
398	2.51383e-09	1.18052	0.237619	-0.00041681	-0.178266	0.893367	-0.00129979
399	2.51383e-09	-1.13961	-0.393388	0.0013133	0.29642	-0.860694	-0.000490328
400	2.51383e-09	-0.898405	-0.802284	7.96696e-05	0.607657	-0.679243	0.00108045
