2.374000e+03
401
0	1	0.000109742	6.8028e-05	-1.00151e-07	1.97958e-08	7.03103e-08	3.25983e-11
1	2.51383e-09	-0.306193	-0.956117	0.00021941	0.951193	-0.30467	0.000242119
2	2.51383e-09	-0.491842	-0.869257	-0.00162101	0.873182	-0.491617	-8.52921e-05
3	2.51383e-09	-0.425054	0.904131	0.00113353	-0.906565	-0.425693	-0.000797069
4	2.51383e-09	-0.699572	-0.713464	-6.58182e-05	0.712693	-0.70138	-0.000771333
5	2.51383e-09	-0.98752	0.169908	0.00184614	-0.168788	-0.984865	0.00104983
6	2.51383e-09	-1.00276	0.0776732	0.000496718	-0.0743967	-0.994209	0.00136198
7	2.51383e-09	0.9966	-0.0412936	-0.000663899	0.042433	1.00139	-0.00019846
8	2.51383e-09	-0.998243	-0.071225	3.76055e-05	0.0756308	-0.996575	-0.000622304
9	2.51383e-09	-0.410663	0.91202	0.000443029	-0.912555	-0.408007	-0.000762218
10	2.51383e-09	-0.581654	0.810202	-0.000247361	-0.812516	-0.587175	0.000787753
11	2.51383e-09	0.442381	-0.902672	-0.000797005	0.89489	0.438714	-0.000800755
12	2.51383e-09	-0.480242	0.892758	-0.000961116	-0.872842	-0.471548	0.000825973
13	2.51383e-09	0.590526	-0.825836	-0.00182711	0.807451	0.572928	-0.00157763
14	2.51383e-09	1.00492	0.118329	0.000113186	-0.109957	0.986929	0.000951292
15	2.51383e-09	-0.986855	0.183347	0.00119902	-0.177119	-0.983764	0.00112824
16	2.51383e-09	0.9378	0.341269	-9.2734e-05	-0.343136	0.941065	-0.00105336
17	2.51383e-09	0.602314	0.799228	0.000250177	-0.798011	0.60319	-0.00190237
18	2.51383e-09	-1.00415	-0.0269752	-0.000348851	0.0285407	-1.00043	0.00123195
19	2.51383e-09	-0.988106	0.237818	0.00160851	-0.235054	-0.963423	0.000204933
20	2.51383e-09	0.995114	0.239198	-0.00017313	-0.232337	0.961238	-0.00144696
21	2.51383e-09	0.151896	0.996664	0.00166695	-0.98695	0.152561	-0.000534675
22	2.51383e-09	-0.279616	0.970348	-0.00038483	-0.958448	-0.274168	-0.00144179
23	2.51383e-09	0.758231	-0.668769	0.00140429	0.661283	0.74519	-3.6771e-05
24	2.51383e-09	0.490996	0.885718	-0.000505559	-0.870334	0.483384	-0.000715492
25	2.51383e-09	-0.922655	0.428009	0.00123737	-0.417863	-0.899349	0.0027315
26	2.51383e-09	-0.687831	-0.740011	-0.000621884	0.726658	-0.677029	-0.000738998
27	2.51383e-09	-0.253828	0.969558	-0.00177968	-0.96933	-0.253985	-3.6094e-05
28	2.51383e-09	0.894988	-0.474994	0.000696923	0.463603	0.879183	-0.00182464
29	2.51383e-09	-0.840555	0.577225	0.0018977	-0.557225	-0.818101	-0.00128813
30	2.51383e-09	-0.106085	1.00777	-0.00226383	-0.986846	-0.105856	-0.00095134
31	2.51383e-09	-0.624785	0.792633	0.00112301	-0.782104	-0.615357	0.000548933
32	2.51383e-09	-0.560202	-0.840652	-0.000690522	0.827611	-0.552282	0.000672344
33	2.51383e-09	-0.548517	0.862052	0.00122014	-0.833785	-0.532433	0.00110441
34	2.51383e-09	-0.750831	-0.70026	0.00144785	0.671634	-0.723107	0.000917727
35	2.51383e-09	-0.412655	0.93287	0.000538192	-0.903263	-0.402416	-0.00124533
36	2.51383e-09	0.732635	-0.706322	0.00026386	0.688127	0.713841	0.00117036
37	2.51383e-09	-0.901929	-0.484296	0.000535849	0.467391	-0.867783	0.000115141
38	2.51383e-09	0.244936	-0.981829	0.000316339	0.963428	0.241455	-0.0011422
39	2.51383e-09	-0.876419	-0.510241	0.00110387	0.503797	-0.856686	-0.00067229
40	2.51383e-09	-0.834919	-0.56643	-0.000148686	0.557145	-0.825646	0.00149659
41	2.51383e-09	-1.00905	0.156928	-0.00100429	-0.150443	-0.976867	-0.00209871
42	2.51383e-09	-0.844973	0.587318	0.00104236	-0.561891	-0.809838	0.000753341
43	2.51383e-09	-0.0776361	1.01764	-0.000659287	-0.986998	-0.0786766	-0.000631371
44	2.51383e-09	-0.358782	0.964884	-0.000292918	-0.922088	-0.34447	-0.000104824
45	2.51383e-09	-0.785244	0.666713	0.000904672	-0.635123	-0.751211	0.000711404
46	2.51383e-09	-0.465051	-0.915408	-0.00110013	0.878814	-0.449778	0.000755538
47	2.51383e-09	-0.687259	-0.750446	-2.47901e-05	0.729896	-0.669964	-0.000805168
48	2.51383e-09	-0.0203943	-1.02204	-0.000710722	0.988818	-0.0217056	-0.00047872
49	2.51383e-09	-0.540205	-0.875081	-0.00100196	0.840426	-0.516104	-9.12064e-05
50	2.51383e-09	-0.994947	-0.252615	0.000418573	0.242136	-0.956319	0.00233087
51	2.51383e-09	-0.229359	0.998859	-0.000733213	-0.962783	-0.216948	-0.000467158
52	2.51383e-09	1.02811	0.104933	-0.00147803	-0.0977797	0.979429	-0.000337421
53	2.51383e-09	0.672971	0.771225	-0.00217838	-0.747685	0.649022	0.00201644
54	2.51383e-09	-0.88638	0.500788	-0.00125051	-0.487578	-0.864387	0.000108269
55	2.51383e-09	-1.03516	-0.0535414	-0.000162609	0.0538784	-0.979593	0.000303851
56	2.51383e-09	0.101669	1.01919	-0.000358955	-0.985024	0.0937044	0.00193616
57	2.51383e-09	-0.733345	0.729404	0.000168331	-0.695248	-0.695968	0.00141825
58	2.51383e-09	0.36323	-0.968288	-0.000929674	0.919678	0.347986	-0.00133123
59	2.51383e-09	-1.02157	0.0816949	-0.000988652	-0.0826244	-0.982785	-0.000403741
60	2.51383e-09	0.976822	-0.313227	0.00232549	0.301312	0.938663	0.00171067
61	2.51383e-09	-0.126213	-1.03275	0.000435667	0.974241	-0.114196	-0.000577026
62	2.51383e-09	-0.240226	1.00066	-0.00108863	-0.960235	-0.226993	7.31635e-05
63	2.51383e-09	-0.560219	-0.865338	0.00100512	0.82462	-0.536713	-0.0004952
64	2.51383e-09	-0.714083	0.739064	0.000130342	-0.706936	-0.685807	-0.00152847
65	2.51383e-09	-0.983789	-0.316915	-0.00213495	0.304009	-0.935598	-0.00049859
66	2.51383e-09	-0.816129	0.631787	0.00207695	-0.603232	-0.775989	-0.00209215
67	2.51383e-09	0.738042	-0.731175	-0.000460328	0.689159	0.697992	0.00195522
68	2.51383e-09	0.957509	-0.377275	0.00200206	0.360012	0.918245	-0.00138354
69	2.51383e-09	0.744289	0.718167	0.000103601	-0.685067	0.705212	0.00112687
70	2.51383e-09	0.995828	-0.27417	0.000132326	0.261648	0.94779	-0.000656863
71	2.51383e-09	0.794051	0.669008	0.000885766	-0.631199	0.75157	-0.00062683
72	2.51383e-09	-0.90382	-0.530019	-0.000715937	0.488451	-0.846565	0.000360574
73	2.51383e-09	0.772454	0.689558	0.000869683	-0.654911	0.730816	-0.000882983
74	2.51383e-09	-1.02529	0.136749	-0.000892255	-0.125848	-0.975267	-0.00210693
75	2.51383e-09	-0.943058	-0.42202	-0.000740866	0.400506	-0.898939	0.000799876
76	2.51383e-09	-0.918061	-0.497298	0.000376656	0.46963	-0.859227	0.000788023
77	2.51383e-09	-0.662751	-0.809563	-0.00068336	0.757309	-0.61936	-0.000731365
78	2.51383e-09	-1.03681	0.0969049	-0.000165673	-0.0913198	-0.974648	-0.00192732
79	2.51383e-09	0.562537	0.861084	-0.000751656	-0.826003	0.537303	-0.000699726
80	2.51383e-09	-0.191614	-1.03162	-0.00128911	0.957824	-0.178229	-0.000976259
81	2.51383e-09	-0.198944	1.02359	-0.00128039	-0.96157	-0.183015	-0.000175023
82	2.51383e-09	-1.01629	0.229203	0.000398016	-0.217496	-0.957418	0.00195755
83	2.51383e-09	0.548696	0.888692	0.00228606	-0.833433	0.511676	-0.000746655
84	2.51383e-09	-0.215479	1.015	-0.00105466	-0.960809	-0.207591	-0.0019323
85	2.51383e-09	0.865283	-0.567028	-0.00217724	0.540665	0.82093	-0.000214704
86	2.51383e-09	0.635824	0.827704	7.72132e-05	-0.774066	0.5995	-0.0005079
87	2.51383e-09	1.0346	0.043427	0.000196779	-0.042739	0.982152	-0.000233445
88	2.51383e-09	-0.298451	-0.99779	-0.00118702	0.938719	-0.277677	-0.00181388
89	2.51383e-09	-0.227277	1.03567	0.000459617	-0.947039	-0.211048	-8.07732e-06
90	2.51383e-09	1.00608	0.282173	0.00130294	-0.264561	0.941731	0.000273349
91	2.51383e-09	-1.00294	-0.309768	0.000701725	0.288703	-0.930512	-0.000678322
92	2.51383e-09	0.571739	0.883822	-0.000973223	-0.817179	0.531726	-2.71358e-05
93	2.51383e-09	0.0920277	-1.05441	0.00207158	0.966331	0.0835593	-0.00114628
94	2.51383e-09	-1.00009	-0.326818	-0.000407667	0.30218	-0.925528	0.00152124
95	2.51383e-09	0.532818	0.895547	0.000370573	-0.843943	0.500353	-0.000676023
96	2.51383e-09	0.49585	-0.934199	-0.00108784	0.856728	0.456892	-0.000896111
97	2.51383e-09	-0.595258	0.865527	-0.00188531	-0.800757	-0.557855	-0.00353527
98	2.51383e-09	0.579075	-0.881049	0.00146875	0.815184	0.537	0.000386614
99	2.51383e-09	0.229893	-1.03259	0.000180694	0.949683	0.210324	-0.000302239
100	2.51383e-09	-1.0525	-0.047531	1.69575e-05	0.0404879	-0.971961	-0.000333062
101	2.51383e-09	0.522474	-0.893175	-0.000880397	0.8471	0.499399	-4.32918e-05
102	2.51383e-09	0.0440336	-1.03634	-0.000741224	0.982776	0.0402205	0.0014425
103	2.51383e-09	0.622012	0.851383	0.000603812	-0.787033	0.572269	0.000563155
104	2.51383e-09	-0.973615	0.402347	-0.00110951	-0.377054	-0.899934	-0.00064581
105	2.51383e-09	-1.00894	-0.264878	-0.000136763	0.253365	-0.948559	-0.000343006
106	2.51383e-09	-0.104055	1.04343	-0.00104803	-0.973011	-0.09862	0.00160688
107	2.51383e-09	0.047983	-1.05024	-0.00010195	0.975085	0.0420194	-0.000280125
108	2.51383e-09	-0.0288285	1.06166	0.00100475	-0.970527	-0.0257291	0.00120294
109	2.51383e-09	-0.904867	-0.54967	0.000113538	0.504869	-0.829797	0.000597963
110	2.51383e-09	-0.934581	0.501578	0.00166462	-0.460096	-0.853783	0.00114642
111	2.51383e-09	0.170615	1.04969	0.000569355	-0.958253	0.158213	0.00096652
112	2.51383e-09	0.631939	0.847597	0.000502425	-0.779457	0.581589	0.00111883
113	2.51383e-09	-0.907074	-0.561332	-0.000300739	0.509047	-0.821652	-0.00125135
114	2.51383e-09	0.595276	-0.870649	-7.84974e-05	0.803761	0.548702	-0.00089209
115	2.51383e-09	-0.575051	-0.890178	0.00307792	0.815096	-0.530004	-0.000851222
116	2.51383e-09	-0.217288	-1.02556	-0.000833991	0.956077	-0.1989	-0.000690614
117	2.51383e-09	-1.05293	0.076625	-0.000117455	-0.0684459	-0.971221	-0.00109093
118	2.51383e-09	0.8414	-0.657285	0.00107746	0.596072	0.76126	0.00193659
119	2.51383e-09	0.367747	0.995398	0.000441011	-0.909819	0.335303	-0.000547884
120	2.51383e-09	-0.891916	-0.573888	0.00211013	0.525298	-0.815966	-0.00087325
121	2.51383e-09	-0.29346	1.02239	-0.000985225	-0.933498	-0.270622	0.000344409
122	2.51383e-09	-0.647689	0.84077	-0.000472521	-0.766984	-0.592224	0.000608809
123	2.51383e-09	0.515541	-0.917559	-0.00112857	0.851257	0.472101	-0.00128163
124	2.51383e-09	0.857026	0.636871	0.00132069	-0.581202	0.775547	0.000269989
125	2.51383e-09	-0.405344	0.983802	0.00116906	-0.895006	-0.372724	-0.00133254
126	2.51383e-09	0.669554	0.827668	-0.000941704	-0.751448	0.611485	-0.00118807
127	2.51383e-09	-0.819338	0.670828	-0.00134683	-0.615238	-0.751941	0.000987031
128	2.51383e-09	0.0225017	-1.0654	0.00114383	0.969264	0.018749	-0.000532424
129	2.51383e-09	-0.945781	0.498788	0.00115016	-0.449048	-0.855743	-0.00134627
130	2.51383e-09	-0.897257	0.547486	-4.36603e-06	-0.509443	-0.831074	-0.00135591
131	2.51383e-09	-0.746267	0.772038	-0.00124469	-0.695305	-0.669349	0.0013468
132	2.51383e-09	0.64491	0.862861	-0.00148926	-0.768953	0.579987	0.00130727
133	2.51383e-09	0.181652	1.04694	-0.0032085	-0.955862	0.168107	0.000898428
134	2.51383e-09	-0.904213	0.556184	0.001729	-0.508082	-0.826449	-0.00161857
135	2.51383e-09	0.709823	-0.795973	9.24723e-05	0.724405	0.64343	0.00196291
136	2.51383e-09	1.01462	-0.361553	-0.00126461	0.321526	0.906619	0.00205054
137	2.51383e-09	1.03093	0.287696	0.00124338	-0.259843	0.92983	-0.00119654
138	2.51383e-09	0.871886	-0.623789	-0.00238118	0.563652	0.785388	0.000835693
139	2.51383e-09	-0.698026	0.804406	-0.000835552	-0.732399	-0.632609	-0.000306914
140	2.51383e-09	-0.883135	-0.618587	-0.000457363	0.554322	-0.788635	-0.000911155
141	2.51383e-09	0.691416	-0.802572	0.00141994	0.734721	0.63775	-0.00200352
142	2.51383e-09	1.07684	0.0643775	0.000985841	-0.0558947	0.959501	-0.000685912
143	2.51383e-09	-0.67653	-0.828775	0.00191009	0.749089	-0.611112	-0.000463232
144	2.51383e-09	-0.0771825	-1.07519	0.000796393	0.959943	-0.0687972	-0.0023533
145	2.51383e-09	0.523054	0.935286	0.000657612	-0.844284	0.471024	-0.00079791
146	2.51383e-09	-0.664637	-0.860746	0.000725328	0.759949	-0.583687	-0.00100794
147	2.51383e-09	-0.11562	-1.08037	0.00231156	0.951184	-0.103935	-0.0010373
148	2.51383e-09	0.167338	1.06822	-0.00137171	-0.950015	0.15282	-0.000646902
149	2.51383e-09	1.05715	0.231858	-0.000482027	-0.208096	0.933369	0.000269561
150	2.51383e-09	0.754858	0.765616	-2.66679e-05	-0.688379	0.676778	0.00221248
151	2.51383e-09	-1.08055	0.0428242	-0.000609926	-0.0354457	-0.960123	0.000527819
152	2.51383e-09	-0.049415	-1.06852	0.00184476	0.966299	-0.0470811	-0.0021637
153	2.51383e-09	0.949576	-0.512191	0.000713672	0.454974	0.849532	-0.000584371
154	2.51383e-09	-0.0600689	-1.08989	-0.000175632	0.954307	-0.0472006	-0.000202682
155	2.51383e-09	-0.772479	-0.756457	-0.00301735	0.669982	-0.687678	0.000426769
156	2.51383e-09	-0.761779	0.754988	-0.0019998	-0.683787	-0.684075	-0.000625657
157	2.51383e-09	0.213668	1.05456	-0.00125784	-0.94555	0.18963	-2.67979e-05
158	2.51383e-09	-0.601018	0.907496	0.00158576	-0.79699	-0.532145	3.12846e-06
159	2.51383e-09	-0.880403	0.611319	0.00275667	-0.550681	-0.793442	-0.00115814
160	2.51383e-09	0.133639	-1.06946	-0.000118787	0.957713	0.118917	0.000981949
161	2.51383e-09	-0.810176	-0.734063	-0.000239427	0.640485	-0.710636	0.000627296
162	2.51383e-09	-1.06033	-0.225417	-0.0014128	0.198022	-0.939749	-0.000171395
163	2.51383e-09	1.0745	-0.0562854	0.00168462	0.0504612	0.963031	-0.00128258
164	2.51383e-09	0.992746	0.38594	0.000601058	-0.35007	0.904638	0.000228706
165	2.51383e-09	-1.01921	-0.381272	0.0017864	0.335145	-0.896728	0.000266907
166	2.51383e-09	-0.495263	0.966493	9.43186e-05	-0.854713	-0.435606	-0.000124533
167	2.51383e-09	-0.931887	0.557355	-0.0032145	-0.487929	-0.826797	0.000797786
168	2.51383e-09	0.502593	-0.958091	-0.00185845	0.851578	0.442638	-0.000216382
169	2.51383e-09	1.05807	0.237155	0.000482362	-0.206776	0.937538	-0.000432957
170	2.51383e-09	-0.952193	0.543232	-0.00117402	-0.469616	-0.830316	0.00259706
171	2.51383e-09	-0.817258	0.712723	-0.00212977	-0.631144	-0.724711	-0.00233283
172	2.51383e-09	-0.884997	-0.653672	0.000992625	0.568316	-0.765727	3.29032e-05
173	2.51383e-09	1.09307	0.13673	0.000347965	-0.117246	0.946196	0.000726374
174	2.51383e-09	0.261739	-1.06633	-0.000460784	0.925977	0.231962	0.000720847
175	2.51383e-09	1.08548	-0.111933	0.00122423	0.102806	0.952171	0.000842116
176	2.51383e-09	-0.859722	-0.639255	-0.000221893	0.574983	-0.777739	0.00110025
177	2.51383e-09	-0.291326	1.05978	9.481e-05	-0.91891	-0.254507	0.000666102
178	2.51383e-09	0.448719	-0.9941	-0.00086415	0.874156	0.391973	0.000463449
179	2.51383e-09	1.04008	-0.325305	-0.000392425	0.284657	0.914324	0.00171327
180	2.51383e-09	0.529009	0.945669	0.000793019	-0.838805	0.470633	0.00181195
181	2.51383e-09	-1.01502	-0.414807	-0.000367974	0.361097	-0.884131	-0.00109326
182	2.51383e-09	0.834935	0.690849	-0.00225482	-0.614445	0.739706	0.000383566
183	2.51383e-09	-0.640621	0.909163	-0.00190741	-0.775069	-0.54521	0.000174063
184	2.51383e-09	-0.568257	0.947067	0.000422655	-0.813908	-0.490328	-0.00075583
185	2.51383e-09	1.0781	0.182215	-0.00113191	-0.158763	0.941693	0.000511972
186	2.51383e-09	0.797251	-0.736035	-0.000752439	0.65244	0.701942	-0.000241807
187	2.51383e-09	-0.148526	-1.07938	0.000945004	0.949582	-0.130764	7.32965e-05
188	2.51383e-09	-0.0500932	1.09398	-0.000945346	-0.953808	-0.0454947	0.000330278
189	2.51383e-09	1.05204	0.300885	0.00138175	-0.266746	0.91717	-0.000766406
190	2.51383e-09	-0.441626	-1.01374	0.00073236	0.869984	-0.379769	0.000464503
191	2.51383e-09	-0.277437	-1.05988	0.000936548	0.923107	-0.243946	0.00203207
192	2.51383e-09	0.134409	-1.09613	-0.000941089	0.942589	0.117347	-0.000897603
193	2.51383e-09	-0.790193	0.764224	7.39073e-05	-0.664482	-0.68491	0.000802624
194	2.51383e-09	-0.10583	-1.10646	-0.00121287	0.943091	-0.0928863	-0.000617365
195	2.51383e-09	-1.07181	-0.247477	-0.00224868	0.213264	-0.926527	-0.00197359
196	2.51383e-09	0.444285	-1.00644	-0.000987537	0.871685	0.388459	-0.000780009
197	2.51383e-09	-1.07817	0.143651	-0.000275938	-0.125799	-0.951795	-0.000818828
198	2.51383e-09	0.769292	-0.805178	-0.00101845	0.68274	0.658474	0.0011237
199	2.51383e-09	-0.969932	-0.511385	-0.000376699	0.442582	-0.84763	-0.000198902
200	2.51383e-09	-0.144463	1.09856	0.0016451	-0.942155	-0.125584	-0.00202552
201	2.51383e-09	1.06537	0.306595	-0.00112899	-0.25761	0.913053	-0.000876441
202	2.51383e-09	0.639335	0.890908	0.0027576	-0.778881	0.555199	0.000444329
203	2.51383e-09	1.07061	0.198506	0.000390328	-0.17269	0.944153	-0.0016528
204	2.51383e-09	-1.10556	-0.0529678	0.00182115	0.0454822	-0.948448	-0.00087824
205	2.51383e-09	-0.0415522	1.11735	-0.00060553	-0.944804	-0.0328161	-0.000935085
206	2.51383e-09	-0.496053	-0.97858	0.00185535	0.852252	-0.432913	-0.0024808
207	2.51383e-09	0.72966	0.829482	-0.0026999	-0.712794	0.630622	-0.000607515
208	2.51383e-09	0.134588	-1.09056	7.03318e-05	0.947888	0.112693	0.00066485
209	2.51383e-09	0.111784	1.08471	0.000840615	-0.953254	0.0984901	0.000808716
210	2.51383e-09	0.544519	0.963736	-0.0005483	-0.827975	0.469336	0.000486015
211	2.51383e-09	-0.650182	-0.891114	0.000515569	0.766598	-0.565406	-0.000854561
212	2.51383e-09	0.189343	1.10994	-2.88838e-05	-0.929244	0.159407	-0.0007326
213	2.51383e-09	1.08168	-0.212518	-0.000764517	0.181362	0.932792	0.000117749
214	2.51383e-09	-0.802151	-0.760757	-0.00147857	0.657086	-0.688842	-0.00108297
215	2.51383e-09	-0.088849	-1.11677	0.000331267	0.939187	-0.0723119	-0.00109289
216	2.51383e-09	0.859358	0.712777	-0.0006237	-0.60647	0.725804	-0.000540103
217	2.51383e-09	0.915394	0.624761	-0.00023496	-0.53505	0.787964	-0.000265104
218	2.51383e-09	-0.446929	0.998604	-0.000655836	-0.875115	-0.38854	-0.000573973
219	2.51383e-09	-0.269516	1.08865	-0.00102922	-0.916439	-0.225116	-0.000262617
220	2.51383e-09	0.952212	-0.58132	-0.000366656	0.493854	0.805708	-0.00131563
221	2.51383e-09	-0.702875	-0.857586	0.00157311	0.732517	-0.601947	-0.000891458
222	2.51383e-09	1.01608	0.472122	0.00168939	-0.395416	0.856512	-0.000839451
223	2.51383e-09	0.990907	-0.507835	0.00111927	0.43099	0.844658	3.82093e-05
224	2.51383e-09	0.307666	-1.06764	0.000648843	0.912586	0.260479	0.000886563
225	2.51383e-09	-0.377617	1.04467	-0.000678292	-0.891001	-0.324041	-0.00183725
226	2.51383e-09	1.02377	0.469318	0.00151217	-0.392404	0.856445	0.000363474
227	2.51383e-09	-1.11393	-0.0187464	-8.6293e-05	0.0120292	-0.946441	0.000476865
228	2.51383e-09	-0.412441	1.0358	0.000278208	-0.879927	-0.350029	-0.00120047
229	2.51383e-09	-0.282939	1.09946	0.00208612	-0.907936	-0.235846	-2.95977e-05
230	2.51383e-09	0.0207493	-1.13494	-0.00013369	0.938851	0.0167255	0.00168252
231	2.51383e-09	-0.4206	1.05605	-0.0026386	-0.871241	-0.345247	0.000890403
232	2.51383e-09	0.862589	-0.690167	-0.00145153	0.598323	0.741854	-0.000119386
233	2.51383e-09	-0.39509	-1.04604	-0.000201271	0.88372	-0.338186	-0.00157084
234	2.51383e-09	1.105	-0.137779	-0.00255911	0.115368	0.940427	-0.000104937
235	2.51383e-09	0.852953	-0.72532	-0.00247168	0.610376	0.720875	-0.00380346
236	2.51383e-09	0.897264	-0.683169	-0.000220955	0.57027	0.748993	-0.000604492
237	2.51383e-09	-0.887754	0.681843	-0.000487473	-0.575415	-0.750985	0.000258995
238	2.51383e-09	0.218341	-1.09718	-0.00205918	0.92923	0.184569	-0.000806103
239	2.51383e-09	-1.10086	0.161644	0.00169238	-0.135567	-0.937412	0.00103627
240	2.51383e-09	-0.584453	-0.972401	0.00288415	0.805522	-0.481617	0.00112901
241	2.51383e-09	0.763854	-0.81851	0.000890923	0.687836	0.648443	0.00237769
242	2.51383e-09	1.12441	0.201649	-0.000126855	-0.165703	0.921452	0.00329637
243	2.51383e-09	-1.02879	-0.447756	0.000864726	0.373961	-0.8681	-0.00081797
244	2.51383e-09	-1.12773	-0.0645486	0.000334391	0.0517383	-0.939053	-6.29798e-06
245	2.51383e-09	0.585469	0.96481	-0.00114537	-0.803015	0.490932	-0.000470406
246	2.51383e-09	1.02067	-0.470111	0.00249804	0.399435	0.856113	0.000965362
247	2.51383e-09	-0.960305	0.557537	-0.000431661	-0.474664	-0.821079	-0.00209513
248	2.51383e-09	0.335884	-1.05719	-0.00187283	0.904899	0.292939	-0.00220472
249	2.51383e-09	-1.06106	-0.363642	-0.000173338	0.306569	-0.892132	0.00012425
250	2.51383e-09	0.371315	-1.05922	0.000261419	0.891867	0.311499	0.00107739
251	2.51383e-09	0.316005	-1.08971	0.00238577	0.900212	0.263258	0.000782163
252	2.51383e-09	1.02702	-0.478497	-0.00249866	0.396593	0.849587	-0.00202761
253	2.51383e-09	1.06475	-0.350626	-6.89237e-05	0.296276	0.898345	-0.00146607
254	2.51383e-09	-0.886395	0.67058	-0.0015161	-0.571	-0.760596	-0.000505953
255	2.51383e-09	-1.11902	0.132023	-0.00118611	-0.109523	-0.937833	0.00100316
256	2.51383e-09	0.691622	-0.896122	-0.000815466	0.745835	0.570783	0.000646595
257	2.51383e-09	0.688049	0.899704	0.00081211	-0.746747	0.570621	-0.000533684
258	2.51383e-09	0.729456	-0.870009	0.000862177	0.723001	0.598571	0.000760306
259	2.51383e-09	-0.209639	-1.10248	0.00019866	0.928045	-0.174849	0.000908718
260	2.51383e-09	0.566782	-0.988648	-0.00174755	0.811978	0.462602	-0.000353018
261	2.51383e-09	-0.661887	-0.927	-0.000348801	0.765258	-0.542923	-0.000567293
262	2.51383e-09	-1.07454	0.32134	0.0016735	-0.266214	-0.905644	-0.000535134
263	2.51383e-09	0.827971	-0.775906	0.00154892	0.639134	0.686098	0.00139148
264	2.51383e-09	-0.777719	0.819054	-1.39149e-05	-0.680295	-0.647752	-0.000563964
265	2.51383e-09	0.742513	-0.865776	4.87361e-05	0.713936	0.606797	-0.000177678
266	2.51383e-09	-1.13533	0.0821564	0.00214125	-0.0696599	-0.935385	0.000161396
267	2.51383e-09	-1.09598	-0.242894	-0.0023605	0.204664	-0.923342	0.0006588
268	2.51383e-09	1.0993	-0.238004	0.000584876	0.194627	0.923972	-0.000158506
269	2.51383e-09	-0.807141	0.80348	0.000219666	-0.662598	-0.66247	0.00145294
270	2.51383e-09	0.270065	1.10109	0.000898795	-0.911438	0.224616	-0.000299172
271	2.51383e-09	0.788931	-0.834435	-0.000914182	0.67634	0.640891	-0.000727027
272	2.51383e-09	0.0705343	-1.14431	0.000871817	0.929575	0.0589679	0.000834568
273	2.51383e-09	-0.518093	-1.01279	0.000216479	0.834772	-0.428741	-0.000196881
274	2.51383e-09	-0.676159	0.910554	0.00117018	-0.756563	-0.557291	-0.000741669
275	2.51383e-09	0.929597	-0.658023	-0.00144084	0.543277	0.765509	-0.00172658
276	2.51383e-09	-0.737502	-0.867246	0.000812418	0.711821	-0.608133	-0.000137104
277	2.51383e-09	-1.14134	-0.0456772	0.000643127	0.0417815	-0.935334	-0.00081843
278	2.51383e-09	-1.13736	0.034032	-0.000908515	-0.0249934	-0.939242	0.000376864
279	2.51383e-09	1.05192	0.428997	-7.91966e-05	-0.35033	0.871696	-0.00139928
280	2.51383e-09	-0.751512	0.870968	-0.00137062	-0.710308	-0.607436	0.00100466
281	2.51383e-09	0.0291159	1.13787	-0.00129396	-0.937338	0.0223961	0.00165748
282	2.51383e-09	1.13836	0.0551936	-0.000987678	-0.0450535	0.937512	0.000429257
283	2.51383e-09	-1.08749	0.360519	-0.000283681	-0.292923	-0.887619	0.000742557
284	2.51383e-09	0.595147	-0.98547	-0.000779037	0.798248	0.480921	0.00147448
285	2.51383e-09	0.780334	-0.85388	0.001291	0.684855	0.626757	-0.000898658
286	2.51383e-09	0.0939802	-1.13246	0.00326671	0.934493	0.0764188	0.000979737
287	2.51383e-09	-0.753202	-0.861656	0.00101222	0.706377	-0.613025	0.00152227
288	2.51383e-09	-1.11398	-0.298959	0.000629267	0.241674	-0.898118	-0.000712216
289	2.51383e-09	0.90204	-0.724905	0.00361364	0.581429	0.724453	-3.47609e-05
290	2.51383e-09	1.04396	0.471184	0.00161651	-0.382954	0.851091	0.0011918
291	2.51383e-09	-0.220137	-1.12704	0.000752561	0.915304	-0.179996	-0.000901888
292	2.51383e-09	-0.72536	-0.897549	-0.000527106	0.724963	-0.580761	-1.83372e-05
293	2.51383e-09	1.10916	0.283715	0.00169094	-0.233212	0.906084	7.21103e-05
294	2.51383e-09	0.694236	-0.918129	0.00198387	0.744208	0.56169	-0.00141424
295	2.51383e-09	0.0976627	1.14118	-0.00020398	-0.930816	0.0816315	0.00106695
296	2.51383e-09	0.994461	-0.584602	0.00141052	0.468713	0.803759	0.00020918
297	2.51383e-09	-1.11154	0.282227	-0.00332456	-0.23013	-0.904973	0.000759764
298	2.51383e-09	1.11243	-0.307075	-0.00079894	0.247087	0.898184	0.000599639
299	2.51383e-09	1.03269	0.5115	0.000861235	-0.415976	0.832816	-0.00088806
300	2.51383e-09	-0.161111	-1.14946	-0.000580589	0.920615	-0.128472	-0.00210745
301	2.51383e-09	0.260022	-1.12229	0.00125085	0.911426	0.209038	0.000754297
302	2.51383e-09	0.930836	-0.688588	-0.00160382	0.555091	0.7483	0.000486142
303	2.51383e-09	-0.412048	1.08307	-0.00120937	-0.865416	-0.334603	0.00037479
304	2.51383e-09	-1.1603	-0.0551344	-0.00207098	0.0463264	-0.926649	0.00121679
305	2.51383e-09	-0.210463	-1.12995	3.9458e-05	0.916619	-0.170824	-0.000766943
306	2.51383e-09	-0.950267	-0.651753	-0.000350805	0.525369	-0.770928	-0.00156621
307	2.51383e-09	1.16114	0.0586388	0.00102152	-0.0423925	0.924724	0.000390564
308	2.51383e-09	-0.46469	1.06053	0.0028046	-0.850727	-0.375305	-0.000155193
309	2.51383e-09	-0.259707	1.11884	0.000610933	-0.908749	-0.212065	0.000385333
310	2.51383e-09	0.0855395	1.13761	0.000756569	-0.935051	0.0700838	-0.00112222
311	2.51383e-09	1.15331	0.0109363	0.00233489	-0.0122711	0.932289	0.000132399
312	2.51383e-09	0.510253	1.05197	-0.000179828	-0.829877	0.403957	-0.00058732
313	2.51383e-09	0.962829	-0.641742	-0.00294625	0.516574	0.772307	0.00159071
314	2.51383e-09	-1.09427	0.382065	0.00135117	-0.304452	-0.876296	0.000629569
315	2.51383e-09	0.887308	0.750512	-0.00117384	-0.600306	0.709844	-0.000461498
316	2.51383e-09	-1.12758	-0.290695	-0.00135263	0.232644	-0.89577	-0.000197517
317	2.51383e-09	0.327689	-1.11876	0.00166744	0.88702	0.263664	-0.000293362
318	2.51383e-09	-1.13219	-0.26938	0.00116527	0.216592	-0.902037	-0.00120739
319	2.51383e-09	1.06332	0.481545	-0.000498996	-0.38271	0.841902	-0.000128788
320	2.51383e-09	-0.796372	0.853382	-0.000755686	-0.67981	-0.629195	0.000573322
321	2.51383e-09	-0.172534	1.15264	0.000902152	-0.915563	-0.137575	0.000752837
322	2.51383e-09	0.98074	-0.631139	-0.00122129	0.499226	0.779872	-0.00131379
323	2.51383e-09	1.01434	-0.603319	-0.00147436	0.468177	0.790623	0.0014567
324	2.51383e-09	1.07893	0.458412	0.000743364	-0.366062	0.849812	0.000611208
325	2.51383e-09	-0.535405	-1.03326	0.000970723	0.82259	-0.42552	-0.00132076
326	2.51383e-09	-0.95925	0.663148	0.000386131	-0.525111	-0.763026	0.00102571
327	2.51383e-09	-0.779066	-0.882162	-0.00185894	0.691553	-0.608385	0.000990687
328	2.51383e-09	1.13608	0.212527	-0.000813322	-0.172783	0.916182	-0.000488252
329	2.51383e-09	0.30715	-1.14619	0.00255126	0.884669	0.240177	0.00211353
330	2.51383e-09	-0.252125	1.13738	-0.00173585	-0.90507	-0.197688	-6.84759e-05
331	2.51383e-09	1.14242	0.290039	-0.000148003	-0.223144	0.890346	-0.00034123
332	2.51383e-09	-1.03343	-0.522416	-0.000311951	0.418944	-0.830531	-0.000980135
333	2.51383e-09	1.17709	0.090125	0.000502533	-0.0696528	0.917122	0.00125163
334	2.51383e-09	1.05845	0.503904	-0.000239581	-0.397666	0.833877	-0.000539747
335	2.51383e-09	-0.454498	-1.08616	-0.00166367	0.84988	-0.352727	0.00180648
336	2.51383e-09	-0.182739	1.15532	-0.000771153	-0.913128	-0.146906	0.000918623
337	2.51383e-09	-0.387929	1.11452	-0.000987649	-0.868295	-0.30459	-0.000338459
338	2.51383e-09	-1.14455	0.198583	0.000621509	-0.16109	-0.915321	0.00149323
339	2.51383e-09	1.0497	-0.563015	-0.000355738	0.433359	0.806553	-0.000949866
340	2.51383e-09	-0.668635	-0.977354	-0.000633013	0.759574	-0.519129	0.000384024
341	2.51383e-09	-0.960629	-0.676287	-0.000822196	0.530148	-0.757326	9.64124e-05
342	2.51383e-09	0.164891	-1.15899	0.00162644	0.915078	0.129595	0.000465049
343	2.51383e-09	1.13928	-0.26202	-0.000254216	0.205421	0.901038	0.000813648
344	2.51383e-09	0.322404	-1.13244	0.000350844	0.884817	0.254823	0.0013532
345	2.51383e-09	-1.09787	0.413768	0.0013559	-0.325884	-0.864869	-0.000395157
346	2.51383e-09	0.0485148	1.15295	0.000783288	-0.930974	0.0387268	0.000422537
347	2.51383e-09	0.0645391	1.16382	0.000778021	-0.927404	0.0499188	0.00120603
348	2.51383e-09	-1.0896	-0.450861	-0.000493673	0.353949	-0.850574	-0.000721828
349	2.51383e-09	-0.382268	-1.11335	0.001011	0.873875	-0.293557	9.90731e-05
350	2.51383e-09	-0.846667	0.822644	0.00201361	-0.638486	-0.658876	-0.000392225
351	2.51383e-09	0.0352776	-1.19018	0.00129096	0.914261	0.028687	0.000307084
352	2.51383e-09	0.270575	-1.15082	0.0016459	0.895028	0.210211	-0.00251539
353	2.51383e-09	-0.149537	-1.17418	-0.000402771	0.912909	-0.116543	0.000145368
354	2.51383e-09	-0.177576	1.18269	-2.36078e-05	-0.903861	-0.132159	0.00115405
355	2.51383e-09	-0.0232979	1.16985	0.000104223	-0.924342	-0.0209974	-0.00150266
356	2.51383e-09	0.676667	-0.965604	0.00112963	0.753802	0.530469	0.00041553
357	2.51383e-09	-0.943886	-0.714171	0.00220289	0.553835	-0.732964	0.000378661
358	2.51383e-09	-1.00619	-0.619679	0.00107108	0.483135	-0.784798	0.000405024
359	2.51383e-09	0.879852	-0.80176	0.000121937	0.616645	0.677109	-0.000918088
360	2.51383e-09	-1.13513	0.289411	-0.000727864	-0.224699	-0.897102	-0.000147826
361	2.51383e-09	-0.957716	0.697898	0.000387706	-0.539889	-0.744344	-4.4059e-05
362	2.51383e-09	-1.08075	0.463357	-0.000687123	-0.365993	-0.848318	0.00106021
363	2.51383e-09	1.13196	0.332392	0.0017624	-0.2579	0.882235	-0.000712483
364	2.51383e-09	0.870839	0.783728	-0.000667328	-0.619174	0.685328	0.000301781
365	2.51383e-09	0.208118	-1.1744	-0.00144725	0.90152	0.161553	-0.00119962
366	2.51383e-09	1.19222	0.106881	-0.000887707	-0.0812997	0.908656	-0.000744711
367	2.51383e-09	-0.967151	-0.695221	0.00202943	0.534682	-0.742936	0.000514838
368	2.51383e-09	1.08407	-0.486904	-0.000915964	0.373627	0.838643	0.000999984
369	2.51383e-09	-1.13624	-0.371261	0.00226565	0.282084	-0.870679	0.000558984
370	2.51383e-09	-0.643066	1.00022	-0.000638634	-0.768944	-0.497364	-0.000969858
371	2.51383e-09	1.06883	-0.535405	0.00225867	0.4082	0.817596	-0.000852712
372	2.51383e-09	0.161927	-1.18135	-0.00260222	0.906869	0.123327	0.000300637
373	2.51383e-09	0.430227	1.11476	-0.00223316	-0.852145	0.331194	0.000457644
374	2.51383e-09	1.14354	-0.343784	0.000484959	0.263496	0.878334	0.000470689
375	2.51383e-09	-0.916616	0.761766	0.000157549	-0.583874	-0.705148	-0.000400304
376	2.51383e-09	1.17482	0.179088	-7.7531e-05	-0.137145	0.907085	0.000761881
377	2.51383e-09	-0.282763	1.1578	-0.000484045	-0.887601	-0.22459	-0.00139156
378	2.51383e-09	1.19621	0.126134	-0.00193797	-0.0949331	0.906365	-0.00100443
379	2.51383e-09	0.37789	1.1259	0.000178455	-0.867457	0.296381	-6.69267e-05
380	2.51383e-09	-0.900984	-0.786399	0.000893787	0.603141	-0.68681	0.000637673
381	2.51383e-09	1.14477	0.293462	-0.00228597	-0.22684	0.891575	0.000703615
382	2.51383e-09	0.393114	-1.11786	-0.00076193	0.866723	0.307844	-0.000504985
383	2.51383e-09	1.12291	-0.380213	0.00167426	0.295938	0.868827	0.000630177
384	2.51383e-09	-1.07446	0.540488	-0.00327825	-0.414781	-0.811912	0.00109058
385	2.51383e-09	-0.197781	1.17496	0.00161931	-0.90364	-0.152469	-0.000229905
386	2.51383e-09	-0.833149	0.874243	-0.000895708	-0.661573	-0.623998	0.000176365
387	2.51383e-09	0.403483	1.12672	-0.000411884	-0.86102	0.30883	-0.00116999
388	2.51383e-09	0.343458	-1.14881	-0.00110236	0.874436	0.261129	-0.000362027
389	2.51383e-09	-1.18512	-0.162558	0.000234906	0.127052	-0.905697	-0.00103844
390	2.51383e-09	0.968574	0.694165	0.000587486	-0.534596	0.743528	-0.000507027
391	2.51383e-09	-0.568413	-1.05984	0.00041713	0.80319	-0.432726	-0.00140972
392	2.51383e-09	-1.18464	-0.237671	0.000175368	0.17787	-0.890844	0.00120556
393	2.51383e-09	0.830093	-0.874149	0.0017233	0.663609	0.624965	-0.000934117
394	2.51383e-09	-0.641555	-1.01081	0.000484793	0.773684	-0.488762	-0.001095
395	2.51383e-09	-1.10842	0.458785	0.00107874	-0.346318	-0.845677	0.000631748
396	2.51383e-09	0.258564	-1.17742	0.000987753	0.88819	0.192155	0.000701944
397	2.51383e-09	-0.284935	-1.17055	3.79427e-05	0.884893	-0.216055	-0.000229836
398	2.51383e-09	-0.605526	-1.04092	-0.000218849	0.789449	-0.459631	-0.00147204
399	2.51383e-09	0.953039	0.72594	0.00209861	-0.554895	0.72669	0.00182916
400	2.51383e-09	0.991424	-0.686647	-0.000742523	0.520425	0.747905	0.00103633
