8.895001e+03
401
0	1	0.000410546	0.000254593	-3.74531e-07	8.97266e-08	4.56488e-08	2.15675e-11
1	2.51383e-09	0.895422	0.482933	-0.00166742	-0.46677	0.872788	-0.00179924
2	2.51383e-09	0.935509	0.375882	-0.00118143	-0.371113	0.920452	-0.000568446
3	2.51383e-09	-0.762865	0.647353	0.000481421	-0.643605	-0.760997	-0.00121778
4	2.51383e-09	0.957345	0.305989	0.00219357	-0.300989	0.951066	-0.00103212
5	2.51383e-09	0.627594	0.777335	0.000705465	-0.775213	0.630281	0.00106125
6	2.51383e-09	-0.722369	-0.70686	0.000925138	0.697194	-0.709163	0.00285224
7	2.51383e-09	-0.233694	0.973314	-0.00262618	-0.969465	-0.23639	-0.000194285
8	2.51383e-09	0.811774	0.579837	-0.000308162	-0.579395	0.815732	0.000887797
9	2.51383e-09	-0.997818	0.125018	0.000787001	-0.120331	-0.988531	-0.000395537
10	2.51383e-09	0.0467253	-1.01744	0.00215093	0.988724	0.0441673	0.00106444
11	2.51383e-09	0.830365	0.56033	-0.000584103	-0.557579	0.829585	0.000216385
12	2.51383e-09	-0.865592	-0.542559	-0.00146205	0.524238	-0.838159	-0.000301835
13	2.51383e-09	0.910671	-0.418558	-0.000358841	0.417333	0.908962	-0.00105482
14	2.51383e-09	0.393842	0.92992	-0.00213461	-0.917965	0.385983	-0.00279858
15	2.51383e-09	-0.994148	-0.145343	0.000385408	0.152689	-0.985203	0.00179517
16	2.51383e-09	0.237089	-0.976906	-0.00154967	0.966165	0.234969	-0.000752772
17	2.51383e-09	-0.420269	0.914122	0.00140814	-0.906866	-0.422124	0.0012589
18	2.51383e-09	-0.380131	0.948227	0.000940416	-0.915108	-0.374508	0.00148466
19	2.51383e-09	0.853998	0.536669	-0.00270524	-0.534352	0.846517	0.000958826
20	2.51383e-09	0.624002	0.818495	-0.00264909	-0.78407	0.598306	0.00165996
21	2.51383e-09	-0.367194	0.933111	0.00121844	-0.930395	-0.364354	0.00135919
22	2.51383e-09	-0.772154	0.682257	-0.00223407	-0.655879	-0.734868	0.00127357
23	2.51383e-09	-0.986922	0.225722	0.000496967	-0.217074	-0.968661	0.00229652
24	2.51383e-09	0.607296	0.803071	-0.00104809	-0.794436	0.605522	0.00170773
25	2.51383e-09	-0.543559	-0.863831	0.00225119	0.832561	-0.531225	-0.0010893
26	2.51383e-09	0.356118	-0.952676	-0.00110603	0.9289	0.349832	-0.000520398
27	2.51383e-09	-0.940185	0.336488	-0.00196284	-0.333435	-0.9449	0.0024255
28	2.51383e-09	0.791808	-0.62878	-0.00242089	0.619335	0.775517	-0.0017517
29	2.51383e-09	0.239955	0.98356	0.0018465	-0.96639	0.233436	0.000798089
30	2.51383e-09	-0.89263	0.471891	-0.0012153	-0.466574	-0.879686	-0.00191624
31	2.51383e-09	0.960882	-0.313054	-0.00376915	0.307303	0.945928	-0.000897915
32	2.51383e-09	0.27197	-0.971996	-0.00403899	0.956886	0.269278	0.00148177
33	2.51383e-09	0.819584	0.637223	-0.0010552	-0.597257	0.772915	-0.000267918
34	2.51383e-09	0.477305	-0.921254	0.00311945	0.870483	0.452177	0.000663956
35	2.51383e-09	0.923596	-0.427	-0.00251532	0.412836	0.901414	0.00208438
36	2.51383e-09	0.0997282	1.01213	0.000997964	-0.984359	0.107367	0.00050433
37	2.51383e-09	-1.00614	-0.155062	0.00200023	0.153567	-0.979119	0.00096947
38	2.51383e-09	-0.608361	-0.800318	-0.0025692	0.791083	-0.606988	0.000489931
39	2.51383e-09	0.963109	-0.34014	0.00117085	0.322001	0.932401	0.000718652
40	2.51383e-09	-0.76078	0.657897	-0.00222677	-0.651401	-0.758459	-0.000686425
41	2.51383e-09	-0.94293	-0.371872	0.00227648	0.363559	-0.924394	-0.00266005
42	2.51383e-09	-0.633961	-0.814173	-0.00245968	0.776576	-0.607488	-0.00113861
43	2.51383e-09	0.827862	0.588864	0.00299146	-0.579509	0.803836	0.000525941
44	2.51383e-09	0.683382	-0.775679	0.00193463	0.740694	0.648494	0.00136978
45	2.51383e-09	-1.02091	-0.0352496	0.00133095	0.0347273	-0.989541	0.00233258
46	2.51383e-09	0.960032	0.32552	-0.000890022	-0.316681	0.943435	-0.000137479
47	2.51383e-09	0.227898	-0.993469	0.000171934	0.964921	0.218904	0.0017193
48	2.51383e-09	-0.285892	0.990078	0.000526145	-0.94654	-0.272443	-0.00152919
49	2.51383e-09	-0.174605	0.989974	-0.000171445	-0.982798	-0.174652	-0.0031373
50	2.51383e-09	-1.02163	0.215622	-0.000779392	-0.201891	-0.957528	0.00300986
51	2.51383e-09	-0.597556	-0.811737	-0.00116344	0.802667	-0.589746	0.00209799
52	2.51383e-09	-0.399068	0.955582	0.00175874	-0.903721	-0.380029	0.000861946
53	2.51383e-09	-0.0563717	1.02582	-0.00283526	-0.985391	-0.0569536	0.00082772
54	2.51383e-09	0.619084	-0.814959	0.00127201	0.785971	0.601775	-0.000302537
55	2.51383e-09	-0.340929	0.976286	0.000649598	-0.930301	-0.325607	0.000682121
56	2.51383e-09	-0.6411	-0.802412	-0.000311568	0.767625	-0.617749	-0.000314117
57	2.51383e-09	0.786838	0.687985	7.34674e-06	-0.644983	0.737907	-0.000196927
58	2.51383e-09	1.01934	-0.221983	-0.00142591	0.206064	0.957306	-0.00185585
59	2.51383e-09	0.434898	0.927634	-0.000335518	-0.897954	0.41644	0.00258512
60	2.51383e-09	1.02239	0.171214	-0.00135743	-0.164313	0.966139	-0.000894665
61	2.51383e-09	0.663317	-0.783937	0.00106858	0.755005	0.639801	-0.00393059
62	2.51383e-09	-0.916632	0.487937	0.00128712	-0.460424	-0.866267	0.000758847
63	2.51383e-09	0.941678	-0.420137	-0.000646377	0.402786	0.897196	0.000787319
64	2.51383e-09	-0.890323	-0.505645	-0.00108354	0.488549	-0.86278	-0.00123817
65	2.51383e-09	0.775047	0.666918	-0.000202959	-0.648077	0.74869	-9.9025e-05
66	2.51383e-09	-1.03604	-0.0382037	-0.000923668	0.0428058	-0.977207	-0.0021412
67	2.51383e-09	0.961384	0.402151	-0.00197497	-0.37996	0.904843	-0.000237388
68	2.51383e-09	0.595049	-0.844488	0.00255872	0.805137	0.565358	0.00124478
69	2.51383e-09	-0.77766	0.698576	0.000618444	-0.653685	-0.723917	-0.0027788
70	2.51383e-09	0.601176	0.829679	-0.000847759	-0.799671	0.581277	-7.8581e-05
71	2.51383e-09	0.52469	0.899801	0.00390316	-0.844381	0.494628	-0.00350808
72	2.51383e-09	-0.549478	0.902242	-0.00183263	-0.83467	-0.503574	0.00115733
73	2.51383e-09	-0.490967	0.910799	-0.0029342	-0.866755	-0.467397	-0.00156826
74	2.51383e-09	0.604604	0.859561	-0.00273884	-0.798841	0.564886	0.00175155
75	2.51383e-09	0.393095	-0.970492	-0.000324732	0.904166	0.368065	0.000488465
76	2.51383e-09	1.06375	0.0737397	-0.000372546	-0.0684471	0.960796	-0.00201541
77	2.51383e-09	-0.27013	1.02626	0.00123928	-0.937291	-0.251301	0.000182737
78	2.51383e-09	0.974568	0.352584	0.000773747	-0.330823	0.928601	0.00387677
79	2.51383e-09	-0.0120301	-1.03752	-0.00240246	0.979339	-0.00800141	0.00446018
80	2.51383e-09	0.133721	1.03462	0.000210694	-0.96979	0.130118	-0.000755089
81	2.51383e-09	-0.939321	-0.414371	0.00112153	0.400875	-0.900036	-0.000676316
82	2.51383e-09	0.311676	1.01048	-0.0017175	-0.930337	0.282585	0.00118781
83	2.51383e-09	0.667728	-0.77981	-0.0002494	0.753176	0.639406	0.00155705
84	2.51383e-09	0.761687	-0.719736	-0.00106399	0.666916	0.712245	0.000570002
85	2.51383e-09	0.989968	-0.259953	-0.000510994	0.251775	0.956928	0.00222135
86	2.51383e-09	0.906493	-0.525224	-2.35176e-05	0.496723	0.844448	-1.72066e-07
87	2.51383e-09	0.767186	-0.710886	0.00144355	0.661549	0.718736	0.000327859
88	2.51383e-09	-0.963874	-0.37742	0.00125865	0.358015	-0.914082	0.00188569
89	2.51383e-09	-0.538304	0.912159	0.00169947	-0.834875	-0.492806	0.00148314
90	2.51383e-09	1.00968	0.284828	-0.00320719	-0.26065	0.940978	-0.00129957
91	2.51383e-09	-1.00216	0.190109	0.000177195	-0.182973	-0.97609	-0.00451666
92	2.51383e-09	0.347573	-0.991935	-0.00104651	0.921775	0.320548	7.49104e-05
93	2.51383e-09	-1.04815	0.18634	-0.000973888	-0.172503	-0.953411	0.00150645
94	2.51383e-09	-0.10965	1.03243	-0.00247398	-0.975134	-0.104353	-0.00218352
95	2.51383e-09	1.0334	0.010904	-0.000573218	-0.00895818	0.98185	0.000360704
96	2.51383e-09	0.461191	-0.944999	0.00246812	0.875611	0.433807	0.00130548
97	2.51383e-09	0.989537	0.367278	0.00140724	-0.33567	0.911291	0.000492427
98	2.51383e-09	0.0611106	1.04958	-0.00089752	-0.973959	0.0589727	-0.00174183
99	2.51383e-09	-1.04767	-0.157244	0.00100079	0.14573	-0.963527	-0.00159495
100	2.51383e-09	-0.9214	0.49771	-0.000163714	-0.47058	-0.860474	0.000765595
101	2.51383e-09	1.01379	-0.195838	-0.000354374	0.186624	0.966307	-0.000775714
102	2.51383e-09	-0.564927	-0.857682	-0.00150952	0.825848	-0.54299	-0.000612807
103	2.51383e-09	-0.635126	0.827738	0.000899116	-0.776364	-0.597999	-0.00263548
104	2.51383e-09	-0.339653	-0.996376	0.000464072	0.918984	-0.314257	-0.00055689
105	2.51383e-09	1.03592	-0.00354432	-0.000101225	0.00780035	0.982781	-0.0021408
106	2.51383e-09	1.01603	0.237361	0.00164625	-0.221607	0.95387	-0.000364399
107	2.51383e-09	-0.199367	1.04173	0.000423676	-0.95245	-0.185446	-0.00111224
108	2.51383e-09	0.308698	1.0187	0.00070246	-0.928123	0.287235	0.000556845
109	2.51383e-09	-0.188212	1.03567	0.00223262	-0.962176	-0.177359	0.000385943
110	2.51383e-09	0.879241	0.576986	0.00201169	-0.54026	0.813818	0.00182079
111	2.51383e-09	0.449503	-0.959797	-0.00333962	0.880948	0.409159	0.00202623
112	2.51383e-09	-0.48679	0.957409	0.00142932	-0.856181	-0.44163	1.54944e-05
113	2.51383e-09	-0.557881	0.90425	0.000706599	-0.82238	-0.510207	-0.000802682
114	2.51383e-09	-0.846086	0.621935	0.00129329	-0.578248	-0.787172	-0.00124871
115	2.51383e-09	0.802023	-0.719216	0.00328846	0.639905	0.718222	-0.00125648
116	2.51383e-09	0.520224	0.908985	0.00177087	-0.850644	0.487005	0.00335396
117	2.51383e-09	-1.04179	-0.18434	0.00113076	0.172223	-0.95662	0.000732609
118	2.51383e-09	-0.882953	0.589513	0.000201163	-0.541335	-0.805113	-0.00102256
119	2.51383e-09	0.46631	-0.945323	0.00238337	0.870702	0.429738	0.00338072
120	2.51383e-09	0.803483	-0.68271	-0.00133555	0.629084	0.740206	-0.000912239
121	2.51383e-09	-0.62415	-0.859359	0.000144918	0.78847	-0.569326	-0.00280731
122	2.51383e-09	0.895933	-0.595875	-0.00216815	0.529507	0.806146	-0.00208971
123	2.51383e-09	-0.00167086	1.0464	-0.00241149	-0.975529	-0.00417647	0.00158236
124	2.51383e-09	-1.04698	-0.248236	0.00179508	0.221637	-0.937832	-0.00246527
125	2.51383e-09	-0.520424	0.903373	-0.000211927	-0.851908	-0.486676	-0.0020334
126	2.51383e-09	-0.285703	-1.02368	0.000436791	0.933442	-0.256807	-0.00237863
127	2.51383e-09	0.452046	-0.946531	0.00168021	0.881521	0.423824	-0.00134299
128	2.51383e-09	-0.839182	0.663076	0.0020905	-0.595277	-0.761054	0.00399981
129	2.51383e-09	-0.447123	0.958117	-0.00108428	-0.882388	-0.409463	0.00359539
130	2.51383e-09	0.976482	0.417585	0.00205226	-0.379837	0.895454	-0.00296168
131	2.51383e-09	-0.387004	1.01619	0.000228385	-0.897656	-0.341259	-0.00173868
132	2.51383e-09	-1.06153	0.167049	-0.000875584	-0.147271	-0.950137	-0.000601659
133	2.51383e-09	0.686326	0.814233	0.000115974	-0.745141	0.622204	0.00137848
134	2.51383e-09	-1.05697	-0.0147425	-0.000964531	0.0183335	-0.9715	0.000515779
135	2.51383e-09	1.02088	0.257654	-0.00223667	-0.241144	0.945248	-0.00210877
136	2.51383e-09	0.174129	-1.07597	-0.00267286	0.945205	0.153204	-0.00110273
137	2.51383e-09	-1.05967	-0.0924843	-0.00109782	0.0886927	-0.964755	-0.00141821
138	2.51383e-09	0.765494	-0.740331	0.00140505	0.673376	0.693752	-0.00067217
139	2.51383e-09	1.06411	-0.0203886	0.00308965	0.0170847	0.969078	0.00257962
140	2.51383e-09	0.903641	-0.613894	0.000357831	0.532568	0.792062	6.24168e-05
141	2.51383e-09	-0.389229	0.999021	-0.00216019	-0.900188	-0.348569	0.00127929
142	2.51383e-09	-1.03229	0.319621	-0.00110735	-0.275593	-0.9193	0.00164887
143	2.51383e-09	0.851321	-0.648146	-0.00200556	0.591448	0.766959	-0.000162039
144	2.51383e-09	-0.855146	0.668048	-0.00265703	-0.592772	-0.754188	-0.00192663
145	2.51383e-09	-1.04031	0.194763	0.000777366	-0.180173	-0.954204	0.000817731
146	2.51383e-09	-0.0657131	-1.10547	-0.00161123	0.946065	-0.0524524	0.00288376
147	2.51383e-09	-0.974323	-0.477579	0.00233879	0.419463	-0.861134	0.000458565
148	2.51383e-09	-0.848589	0.681768	0.00125028	-0.601153	-0.74386	-0.000555571
149	2.51383e-09	0.967963	0.456857	-0.00294928	-0.408306	0.870682	-0.000453713
150	2.51383e-09	0.958902	-0.503437	-0.00100438	0.451103	0.844712	6.72491e-05
151	2.51383e-09	0.727517	-0.795752	0.00102944	0.713062	0.649321	0.000832378
152	2.51383e-09	0.0933007	1.08158	0.000221987	-0.952131	0.0749821	2.7062e-05
153	2.51383e-09	-0.406924	-1.00756	-0.000500726	0.888588	-0.359918	0.00102159
154	2.51383e-09	-1.08743	0.189814	-0.00103155	-0.164833	-0.936691	-0.00282284
155	2.51383e-09	-0.759848	-0.759625	4.54248e-05	0.677976	-0.687282	0.00229551
156	2.51383e-09	-0.819034	0.737586	-0.000261404	-0.632854	-0.706982	-0.00248634
157	2.51383e-09	-0.84918	-0.632019	6.7683e-05	0.585092	-0.779166	-0.000496484
158	2.51383e-09	1.09133	-0.0984595	-0.00492382	0.090017	0.951082	-0.00147493
159	2.51383e-09	0.732037	-0.78882	0.00150002	0.707428	0.652985	-0.000292034
160	2.51383e-09	-0.890878	-0.601567	8.70633e-05	0.539841	-0.800049	0.00283626
161	2.51383e-09	0.630274	0.882062	-0.00192763	-0.781374	0.559131	0.00181823
162	2.51383e-09	1.00168	0.405501	0.00410167	-0.361971	0.891722	0.000506975
163	2.51383e-09	1.08649	0.102298	-0.00193368	-0.0937482	0.950192	0.00115569
164	2.51383e-09	0.37401	-1.00232	-0.00213426	0.906263	0.340519	-0.00105559
165	2.51383e-09	0.660652	0.881558	0.00328965	-0.761494	0.573389	-0.000456879
166	2.51383e-09	0.942104	0.536703	0.00187149	-0.476944	0.832476	-0.000338715
167	2.51383e-09	0.667612	-0.836994	-0.000482572	0.759456	0.594904	0.00337571
168	2.51383e-09	-0.878974	-0.635946	0.00121875	0.564002	-0.778524	0.000308756
169	2.51383e-09	0.475039	-0.974283	-0.000714748	0.860796	0.423669	-0.00143399
170	2.51383e-09	-0.742224	0.800036	-0.00302593	-0.70166	-0.649329	0.000593225
171	2.51383e-09	0.518025	-0.964071	-0.00153206	0.841154	0.450045	0.00265173
172	2.51383e-09	-0.584358	-0.950195	-0.00092945	0.803658	-0.499414	0.00120583
173	2.51383e-09	1.03498	0.393827	0.00112186	-0.337531	0.887291	-0.00270698
174	2.51383e-09	0.0487613	1.10127	-0.000536544	-0.95201	0.037009	0.00191024
175	2.51383e-09	-0.0942236	1.08918	-0.00190281	-0.951408	-0.0887942	0.00117105
176	2.51383e-09	1.07198	-0.13842	-0.00209431	0.125925	0.953408	-0.00020471
177	2.51383e-09	1.09372	-0.239546	-0.0033264	0.202515	0.923703	-0.00122566
178	2.51383e-09	-1.0049	-0.390814	0.000454934	0.348835	-0.896835	0.000692068
179	2.51383e-09	1.04452	-0.359254	0.00394691	0.306138	0.899169	-0.00182808
180	2.51383e-09	-0.179744	1.06285	0.003009	-0.951187	-0.160829	-0.00108936
181	2.51383e-09	-0.995562	0.47089	-0.00181845	-0.406825	-0.859871	0.000994799
182	2.51383e-09	-1.00332	0.434353	-0.000668857	-0.377866	-0.87872	0.000971329
183	2.51383e-09	1.00506	0.431949	-0.0006282	-0.380961	0.878066	0.000709722
184	2.51383e-09	-0.141419	-1.09878	-0.00175123	0.942581	-0.122211	-0.00146896
185	2.51383e-09	0.941159	-0.559504	-6.60148e-05	0.485716	0.822063	0.00235501
186	2.51383e-09	-0.898211	-0.612698	0.00107269	0.535636	-0.79546	0.000663647
187	2.51383e-09	-0.9488	-0.491224	-0.00166781	0.44176	-0.858629	-0.00356105
188	2.51383e-09	-1.10872	0.00674309	0.00040598	-0.00655901	-0.948074	-0.00308172
189	2.51383e-09	-0.792354	-0.748894	-0.00283724	0.656929	-0.69688	-0.000143262
190	2.51383e-09	1.01866	0.408381	0.000686536	-0.362876	0.88473	-0.00182977
191	2.51383e-09	1.00757	-0.429175	0.00271177	0.376429	0.876675	0.00077936
192	2.51383e-09	-0.61573	0.910912	0.00191136	-0.791445	-0.531852	-0.0014817
193	2.51383e-09	-0.417453	1.02171	0.000805422	-0.882158	-0.361658	-0.00185543
194	2.51383e-09	-0.373039	1.0531	0.0012005	-0.892221	-0.315991	0.00049837
195	2.51383e-09	-0.364564	-1.02059	0.000887562	0.904692	-0.323218	0.0017824
196	2.51383e-09	-1.07612	0.185602	-0.00407946	-0.155923	-0.944814	-0.000288005
197	2.51383e-09	1.07191	0.175104	-0.00311221	-0.15383	0.947864	-0.00109413
198	2.51383e-09	-0.404146	1.03719	-0.00231801	-0.88306	-0.341827	1.45643e-05
199	2.51383e-09	0.583102	-0.933299	-0.00334164	0.810212	0.504195	-0.00105474
200	2.51383e-09	-0.912764	-0.639773	-0.00020026	0.547573	-0.772255	-0.000811795
201	2.51383e-09	1.08705	-0.150557	0.0010314	0.133134	0.946374	-0.0020984
202	2.51383e-09	0.249331	-1.06252	-0.00233135	0.931151	0.215024	-0.0004883
203	2.51383e-09	-1.0858	0.0126093	-0.00108425	-0.0113817	-0.95986	0.00195874
204	2.51383e-09	-1.09516	0.0824219	0.000327239	-0.0776705	-0.952459	-0.000117481
205	2.51383e-09	-1.12024	0.0155967	0.00152235	-0.0177061	-0.945102	-0.000538353
206	2.51383e-09	-0.759277	-0.789524	0.00195641	0.689175	-0.661136	-0.000966363
207	2.51383e-09	1.1014	0.212872	-0.00313629	-0.180635	0.925609	-0.0015546
208	2.51383e-09	-0.596858	0.925587	-0.000185095	-0.801876	-0.512357	0.00233604
209	2.51383e-09	-0.586306	0.92945	4.07449e-05	-0.808909	-0.509081	0.00196001
210	2.51383e-09	0.0876019	1.10037	-0.000533378	-0.950661	0.0727028	-0.001239
211	2.51383e-09	-1.00149	-0.462683	0.00310056	0.399871	-0.861132	-0.00067376
212	2.51383e-09	-0.529606	0.994316	-0.00162587	-0.832256	-0.440624	-0.0028085
213	2.51383e-09	-0.579842	-0.948561	0.000376265	0.807965	-0.493529	-0.00169834
214	2.51383e-09	-0.821596	-0.718975	0.00109453	0.636533	-0.717513	-0.00119784
215	2.51383e-09	1.09598	0.222585	-0.00239507	-0.192341	0.925475	0.000246406
216	2.51383e-09	0.706757	0.878296	0.000438456	-0.731539	0.588743	0.000280131
217	2.51383e-09	-0.440862	1.034	-0.00339499	-0.869147	-0.368087	0.000505444
218	2.51383e-09	0.868156	0.629548	0.00257179	-0.566749	0.785872	0.00053305
219	2.51383e-09	-0.808153	-0.79746	0.000112006	0.65843	-0.666922	-0.0015212
220	2.51383e-09	-1.00605	-0.486613	0.00310759	0.414379	-0.849203	0.00126561
221	2.51383e-09	1.02875	0.368675	-0.000631997	-0.325912	0.898499	-0.0021672
222	2.51383e-09	-1.09369	-0.194768	-0.00325879	0.168539	-0.932106	-0.000938315
223	2.51383e-09	-0.905552	0.641113	-0.000431094	-0.543851	-0.778426	0.00211599
224	2.51383e-09	0.994384	-0.477913	-0.000631111	0.413464	0.854148	0.000461879
225	2.51383e-09	-0.826029	0.742391	-0.00156531	-0.636628	-0.705751	0.000247867
226	2.51383e-09	0.156942	-1.09831	-0.00111288	0.942314	0.131326	-0.00115888
227	2.51383e-09	-0.659151	-0.886236	0.000362583	0.763839	-0.565125	0.000617633
228	2.51383e-09	0.869361	0.701632	0.000152683	-0.594553	0.737314	0.00168821
229	2.51383e-09	0.0520473	-1.1243	-0.00235248	0.942219	0.0396371	-0.00187225
230	2.51383e-09	-0.799268	0.822987	-0.00167559	-0.664228	-0.654292	-0.000621071
231	2.51383e-09	0.791805	-0.802759	0.00403633	0.670197	0.663756	-0.00374146
232	2.51383e-09	-0.50238	0.984081	-0.00139428	-0.844091	-0.436035	-0.00237205
233	2.51383e-09	-0.528972	-0.972225	-0.00241031	0.834957	-0.459373	-9.16033e-05
234	2.51383e-09	0.975104	-0.538943	-0.00328841	0.453574	0.830112	-0.00220691
235	2.51383e-09	1.10815	0.166568	0.00351223	-0.137796	0.931999	-0.00152755
236	2.51383e-09	1.10971	-0.159263	-0.00231736	0.133123	0.936985	-0.000567618
237	2.51383e-09	-1.10861	-0.0894733	1.51605e-05	0.074595	-0.940224	-0.00215216
238	2.51383e-09	-0.437059	1.0719	-0.00142885	-0.858451	-0.349587	-0.001438
239	2.51383e-09	-0.034239	-1.09953	0.000425324	0.953439	-0.0271589	-0.00293684
240	2.51383e-09	0.596843	0.959003	0.000349898	-0.7937	0.503373	-0.00246877
241	2.51383e-09	-0.94502	0.576374	-0.00172408	-0.499264	-0.812976	-0.000299767
242	2.51383e-09	1.08017	0.404974	-0.00382243	-0.329278	0.870986	0.000251688
243	2.51383e-09	-0.276617	1.08674	0.00240199	-0.916533	-0.233648	0.00331223
244	2.51383e-09	0.63547	-0.941156	-0.000981826	0.775307	0.52852	-0.00231744
245	2.51383e-09	0.944016	0.611134	-7.50986e-05	-0.511488	0.793543	0.00443067
246	2.51383e-09	-1.0384	0.447772	-0.00283312	-0.369518	-0.862989	-0.00012698
247	2.51383e-09	1.09433	0.14164	0.00202617	-0.129453	0.942368	0.00166667
248	2.51383e-09	0.921456	-0.637052	-4.7789e-05	0.534447	0.780574	0.00141933
249	2.51383e-09	-0.44007	1.03848	9.44263e-05	-0.865871	-0.36551	-0.000223643
250	2.51383e-09	0.119292	-1.12681	9.27008e-05	0.934267	0.0969402	0.000275077
251	2.51383e-09	0.814537	0.769697	0.000573152	-0.646899	0.689622	-4.63527e-05
252	2.51383e-09	-1.09844	0.232477	0.000873743	-0.195043	-0.923514	0.000432078
253	2.51383e-09	0.675637	-0.905774	-0.00558978	0.754658	0.56415	-0.000556721
254	2.51383e-09	-0.615802	0.944576	-0.00122808	-0.786796	-0.51603	-0.00121443
255	2.51383e-09	-0.650091	-0.930761	0.000629461	0.768329	-0.537383	-0.000307864
256	2.51383e-09	0.164356	1.12255	-3.90517e-05	-0.929728	0.142591	-0.000899424
257	2.51383e-09	0.542685	-0.984922	-0.00214004	0.827035	0.455049	-0.00108003
258	2.51383e-09	1.11395	-0.190899	-0.00153851	0.156702	0.926607	0.00320725
259	2.51383e-09	-1.12526	-0.0952455	-0.000231635	0.0805112	-0.935949	0.00125328
260	2.51383e-09	-0.451797	-1.03283	0.00414525	0.86112	-0.380717	0.00103818
261	2.51383e-09	-0.506377	-1.01933	0.000158593	0.838389	-0.421506	-0.000379289
262	2.51383e-09	0.815888	0.751139	-8.84252e-06	-0.642101	0.703014	-0.00465492
263	2.51383e-09	-0.68755	0.905892	-0.000919429	-0.7509	-0.562361	-0.00129527
264	2.51383e-09	0.656493	-0.908371	-0.00143513	0.766262	0.555128	-0.00155693
265	2.51383e-09	1.12557	0.133579	-0.000350322	-0.108541	0.93682	-1.92562e-05
266	2.51383e-09	1.0735	0.373965	-0.00130099	-0.307918	0.885619	0.000353607
267	2.51383e-09	-0.451336	-1.02197	-0.00123437	0.864628	-0.388316	-0.00154548
268	2.51383e-09	-0.964642	0.576199	0.00307573	-0.48411	-0.814456	-0.000810743
269	2.51383e-09	-0.333507	-1.10233	0.00351269	0.891736	-0.265804	0.00126061
270	2.51383e-09	0.934695	0.63572	9.15444e-05	-0.533132	0.775973	-0.000775648
271	2.51383e-09	-0.305751	-1.10255	-0.00096236	0.900229	-0.248905	0.000553632
272	2.51383e-09	-0.176742	-1.12355	-0.00407577	0.927417	-0.147103	0.000179249
273	2.51383e-09	-0.836235	-0.782897	0.00174193	0.637189	-0.681605	0.00213302
274	2.51383e-09	0.325604	-1.08205	-0.00233809	0.896781	0.271244	-0.000918704
275	2.51383e-09	1.12465	0.130157	-0.00164289	-0.104756	0.93488	-0.00206547
276	2.51383e-09	-0.194179	1.13181	0.000242931	-0.918141	-0.155194	0.000463788
277	2.51383e-09	-0.667373	0.941315	0.000831988	-0.755133	-0.536789	-0.00350311
278	2.51383e-09	0.647959	0.948599	0.00152769	-0.770302	0.528388	-0.000206325
279	2.51383e-09	-0.201356	1.15274	0.00172458	-0.912567	-0.157329	0.000228738
280	2.51383e-09	0.976108	0.625999	-4.77244e-05	-0.50371	0.781117	-0.00088153
281	2.51383e-09	0.962598	-0.611635	0.000519757	0.501876	0.789782	0.000827884
282	2.51383e-09	0.103884	1.13575	-0.000422277	-0.934475	0.0834373	0.000639716
283	2.51383e-09	-0.892208	0.692465	0.000109169	-0.572878	-0.749865	-0.00204659
284	2.51383e-09	-0.644981	0.951579	-0.0012202	-0.769067	-0.527534	0.00179457
285	2.51383e-09	-0.712013	0.893443	-0.000720011	-0.731213	-0.585721	0.00145919
286	2.51383e-09	-1.05972	-0.423589	0.0017131	0.347031	-0.868428	0.00182278
287	2.51383e-09	0.723101	-0.869479	-0.00107254	0.727277	0.597273	0.00126403
288	2.51383e-09	-0.937472	-0.664278	0.00108294	0.543277	-0.76074	-0.0015239
289	2.51383e-09	0.0869996	-1.14824	0.00138836	0.930094	0.0639997	0.00257061
290	2.51383e-09	0.602601	0.976657	0.00335424	-0.793097	0.490252	-0.00150977
291	2.51383e-09	0.954938	-0.642957	-0.00165533	0.519272	0.773955	-0.00132165
292	2.51383e-09	1.08877	-0.361017	7.87515e-05	0.294647	0.887234	-0.00174478
293	2.51383e-09	-0.174467	1.12425	0.000614527	-0.927267	-0.140594	-0.00235277
294	2.51383e-09	0.214304	1.14978	-0.00630679	-0.909312	0.170901	-0.00191035
295	2.51383e-09	-0.756663	-0.85381	0.00147655	0.701537	-0.622602	0.000471166
296	2.51383e-09	-1.15216	0.0845934	0.00472086	-0.0682101	-0.928242	0.00028148
297	2.51383e-09	-1.00524	0.544896	0.000299323	-0.444825	-0.823344	0.0026817
298	2.51383e-09	1.03581	-0.495269	0.000323673	0.407078	0.841385	0.00273773
299	2.51383e-09	1.18039	0.0421713	0.0012813	-0.0364852	0.914358	2.47678e-05
300	2.51383e-09	-0.279102	-1.13185	-0.00107521	0.898147	-0.222541	-0.00115321
301	2.51383e-09	-0.955072	-0.648463	0.00180281	0.517752	-0.776796	0.000823016
302	2.51383e-09	0.0662286	-1.1549	0.00256093	0.931932	0.0542654	0.00398214
303	2.51383e-09	0.899199	0.730088	-0.00143026	-0.586533	0.718824	-0.00122063
304	2.51383e-09	-0.942953	-0.693673	0.00126989	0.544597	-0.743006	0.000692934
305	2.51383e-09	0.480048	-1.04386	0.00313367	0.847294	0.390154	-0.000168851
306	2.51383e-09	1.09484	-0.345789	0.000341755	0.284153	0.88897	-0.00112026
307	2.51383e-09	-0.0840895	1.15471	-0.00332992	-0.927808	-0.066384	0.00173351
308	2.51383e-09	-1.06424	-0.470772	-0.00223035	0.378508	-0.848653	0.000945213
309	2.51383e-09	-1.03185	0.494565	-0.00103902	-0.399846	-0.843495	0.000489232
310	2.51383e-09	-0.414082	1.08708	-0.00113776	-0.866251	-0.327353	-0.000269611
311	2.51383e-09	-0.524885	-1.03636	-0.00232665	0.826862	-0.417987	0.00271789
312	2.51383e-09	0.389002	-1.09142	0.0014065	0.874287	0.321268	0.00205186
313	2.51383e-09	-1.13747	-0.183417	-0.00255849	0.148931	-0.917409	-0.00152345
314	2.51383e-09	0.133676	-1.13397	-0.00160121	0.929478	0.106856	0.000536507
315	2.51383e-09	-1.14241	0.236519	0.000281385	-0.18752	-0.906593	0.00265772
316	2.51383e-09	0.553134	1.03269	0.000753303	-0.812432	0.438086	-0.00184518
317	2.51383e-09	-0.177707	1.14085	0.00334999	-0.920176	-0.146322	0.00104711
318	2.51383e-09	1.1039	0.352658	0.00220512	-0.287133	0.882889	-0.00117139
319	2.51383e-09	-0.427192	1.09039	0.00137235	-0.859816	-0.338173	-0.0022322
320	2.51383e-09	0.975932	-0.648751	-0.000181696	0.512548	0.770127	-0.000153725
321	2.51383e-09	0.474966	1.06365	-0.000410267	-0.844273	0.380573	0.000923575
322	2.51383e-09	-1.13536	-0.210684	-0.00291913	0.170879	-0.916638	-0.00110308
323	2.51383e-09	-1.15528	0.0769611	0.000838046	-0.0694534	-0.925895	0.000979091
324	2.51383e-09	-0.967301	-0.659729	0.00188463	0.521922	-0.763998	-0.00157572
325	2.51383e-09	-0.517379	1.03645	-0.000647589	-0.83203	-0.412103	-0.00179105
326	2.51383e-09	-0.52216	1.05258	0.00270819	-0.824408	-0.419036	-0.00438488
327	2.51383e-09	0.850199	0.815642	0.00180062	-0.638425	0.665922	-0.00117865
328	2.51383e-09	-0.616832	-0.955754	6.9431e-05	0.790176	-0.508849	-0.00312699
329	2.51383e-09	-1.0661	0.464141	0.00147908	-0.371027	-0.855342	-0.000137698
330	2.51383e-09	-1.15587	-0.117575	-7.24072e-05	0.0907269	-0.922659	-0.000135538
331	2.51383e-09	1.15634	0.072701	0.00179303	-0.0565791	0.925858	0.00108616
332	2.51383e-09	0.885685	0.780581	0.00171052	-0.609944	0.688668	0.0012267
333	2.51383e-09	0.759794	0.912862	0.00209756	-0.706847	0.584916	0.00147854
334	2.51383e-09	-1.04583	-0.546903	-0.000372622	0.427401	-0.813137	-0.0015929
335	2.51383e-09	-0.896473	0.758953	9.66137e-05	-0.598653	-0.70502	-0.000263403
336	2.51383e-09	-0.234711	-1.14349	-0.00282439	0.90782	-0.187508	-0.00120583
337	2.51383e-09	0.510389	1.05951	-0.00163591	-0.830431	0.403849	-0.00201644
338	2.51383e-09	0.773348	-0.87112	0.00258532	0.692565	0.615891	-0.00211014
339	2.51383e-09	-0.737709	0.930854	-0.00507745	-0.721552	-0.565073	-0.000593781
340	2.51383e-09	-0.378239	1.11251	0.00210838	-0.87559	-0.299672	0.00155286
341	2.51383e-09	0.946266	0.711628	-0.000339012	-0.551569	0.737653	-0.00122906
342	2.51383e-09	-0.986786	-0.601795	-0.00100226	0.482166	-0.796314	-0.000934291
343	2.51383e-09	-0.966533	0.63335	-0.00211769	-0.506135	-0.781016	0.00120163
344	2.51383e-09	0.328384	1.12299	-7.0455e-05	-0.890748	0.259959	0.00103469
345	2.51383e-09	1.05053	-0.504376	-0.0034399	0.40514	0.833241	-0.000575839
346	2.51383e-09	-0.580806	1.0194	0.000869981	-0.805216	-0.452651	0.00201498
347	2.51383e-09	0.591996	1.02243	0.00225079	-0.794358	0.457592	0.000126586
348	2.51383e-09	-0.470389	-1.07696	-0.000352975	0.845374	-0.368738	0.00290732
349	2.51383e-09	0.953059	-0.698273	0.00088001	0.538921	0.742286	-0.00235183
350	2.51383e-09	-1.16329	0.115664	-0.00202407	-0.0873877	-0.919817	0.000355216
351	2.51383e-09	0.845033	-0.84061	0.00336741	0.647197	0.649093	-0.000918592
352	2.51383e-09	1.16586	0.1529	-0.00101449	-0.117265	0.916245	-0.00139449
353	2.51383e-09	-1.12552	-0.381687	0.00418779	0.293992	-0.871071	-0.00254296
354	2.51383e-09	0.830992	0.845759	-0.00199001	-0.6514	0.647672	0.00169852
355	2.51383e-09	-0.176682	1.14094	-0.00252188	-0.920057	-0.140988	0.00145656
356	2.51383e-09	-0.625461	-1.02139	0.000937603	0.77779	-0.480305	0.000215906
357	2.51383e-09	1.12013	-0.358634	-0.00142968	0.28462	0.876917	0.000135581
358	2.51383e-09	0.923488	-0.763683	0.000506729	0.580962	0.703693	0.00252538
359	2.51383e-09	-1.08475	-0.503421	-0.000448938	0.385581	-0.831117	-0.00235627
360	2.51383e-09	-0.735499	-0.917967	-0.000325498	0.717191	-0.575624	-0.000133249
361	2.51383e-09	0.352121	1.12627	8.6898e-05	-0.877192	0.27663	-0.00144102
362	2.51383e-09	-0.557033	-1.03408	-0.00179556	0.813181	-0.437971	0.00097111
363	2.51383e-09	-0.211821	1.17412	-0.00133343	-0.898641	-0.161191	-0.000892849
364	2.51383e-09	-1.07317	0.444749	0.00029046	-0.351979	-0.858949	-0.000342437
365	2.51383e-09	-0.662197	1.00151	0.0016001	-0.762345	-0.502477	0.000588926
366	2.51383e-09	-0.884306	0.789806	-0.00271223	-0.614085	-0.684295	0.000507742
367	2.51383e-09	1.17811	-0.0346963	-0.00227806	0.0277914	0.92313	-0.000282406
368	2.51383e-09	0.628032	-1.02256	0.000317254	0.777312	0.48041	-0.000377883
369	2.51383e-09	-1.06137	0.518019	0.00147229	-0.406006	-0.825799	0.00044908
370	2.51383e-09	-1.17117	0.178443	0.000213195	-0.138748	-0.907537	0.00259597
371	2.51383e-09	-0.259574	1.18402	0.00109941	-0.885267	-0.198181	-0.00147009
372	2.51383e-09	-1.20571	0.0531269	0.00344941	-0.038675	-0.906532	0.000458587
373	2.51383e-09	-1.04886	0.546258	-0.00104101	-0.423411	-0.817478	0.000435795
374	2.51383e-09	-1.19324	-0.227627	-0.000768185	0.169695	-0.888721	0.00303191
375	2.51383e-09	-0.413285	-1.11625	0.00274702	0.860232	-0.319006	-0.00161315
376	2.51383e-09	-0.836027	-0.83761	0.000999297	0.650527	-0.649937	0.00147284
377	2.51383e-09	1.19292	0.0452459	0.00210353	-0.0389336	0.914797	0.000124168
378	2.51383e-09	-0.0825255	1.18767	0.000577904	-0.916007	-0.0647792	0.000428705
379	2.51383e-09	-1.18702	-0.0317774	0.000829837	0.0285316	-0.914153	0.00116543
380	2.51383e-09	0.560001	1.03692	-0.00174829	-0.812917	0.438195	0.00116293
381	2.51383e-09	-0.49904	-1.07882	0.000557479	0.832339	-0.386459	0.000492707
382	2.51383e-09	-0.0728279	-1.18936	-0.00167085	0.917238	-0.0527913	-0.000903778
383	2.51383e-09	-0.711129	-0.928775	0.000439053	0.733837	-0.565391	4.51145e-05
384	2.51383e-09	-0.614941	-1.03836	-0.00538246	0.78152	-0.462924	-0.00275798
385	2.51383e-09	0.0081299	1.17887	0.00142683	-0.92243	0.00841995	-0.000447805
386	2.51383e-09	0.67614	0.992666	0.00194333	-0.752844	0.512743	0.000115622
387	2.51383e-09	-0.318727	-1.15196	0.00147776	0.882885	-0.241967	-0.00321718
388	2.51383e-09	0.753918	-0.949872	-0.00147215	0.708877	0.56175	0.000355523
389	2.51383e-09	0.0481189	-1.18543	-0.00447496	0.916467	0.0330704	-0.00107292
390	2.51383e-09	-0.533362	1.05483	-0.000324506	-0.824194	-0.413191	0.00169864
391	2.51383e-09	1.07818	0.556766	0.00169219	-0.411751	0.8079	-0.00096825
392	2.51383e-09	1.19247	-0.142814	0.00530116	0.107233	0.906521	-0.00232401
393	2.51383e-09	-0.438008	1.12608	-0.000419498	-0.845211	-0.335502	0.000978271
394	2.51383e-09	1.0329	-0.598332	-0.00203478	0.458867	0.794058	-0.00114647
395	2.51383e-09	-1.16254	0.272343	-0.000888214	-0.207596	-0.891812	0.00105774
396	2.51383e-09	-0.741494	-0.945902	-0.000804573	0.722124	-0.563634	0.000178594
397	2.51383e-09	0.463107	1.10758	-0.00273993	-0.842108	0.353891	0.00135531
398	2.51383e-09	-1.14862	0.348557	-0.000676309	-0.267724	-0.873673	0.000594224
399	2.51383e-09	-1.01762	-0.634018	0.00277339	0.481614	-0.775689	0.00118427
400	2.51383e-09	0.503756	-1.08147	-0.00128158	0.834454	0.384341	0.00027335
