7.699000e+03
401
0	1	0.000355705	0.000220609	-3.24791e-07	6.23975e-08	3.17062e-08	-9.1856e-11
1	2.51383e-09	0.640523	-0.780039	0.00248214	0.773184	0.628607	-0.000684854
2	2.51383e-09	-0.187801	-0.980366	0.000622888	0.983929	-0.194752	0.000202009
3	2.51383e-09	-0.390869	-0.915124	-0.00129519	0.923702	-0.389933	-0.000804044
4	2.51383e-09	0.486606	0.88548	0.0023797	-0.870695	0.47893	-0.00146112
5	2.51383e-09	-0.643787	0.764015	0.00166425	-0.762379	-0.645508	-0.000142865
6	2.51383e-09	-0.263092	-0.970144	0.000129935	0.963506	-0.260497	0.00292954
7	2.51383e-09	0.942717	-0.328176	0.00197054	0.334254	0.943182	-0.00169765
8	2.51383e-09	-0.267888	0.962002	0.000685072	-0.962445	-0.268827	0.000684572
9	2.51383e-09	-0.11519	1.00357	0.000116084	-0.98651	-0.112503	0.00031073
10	2.51383e-09	-0.970552	0.292971	0.000604692	-0.288258	-0.950351	-0.00043458
11	2.51383e-09	-0.79284	-0.608961	0.00072422	0.608614	-0.7918	-8.14834e-07
12	2.51383e-09	-0.957411	-0.328826	-0.00180857	0.320188	-0.941612	-0.000125208
13	2.51383e-09	-0.874636	-0.498786	0.000422773	0.492498	-0.864556	0.000363397
14	2.51383e-09	0.847624	-0.552416	0.00281476	0.543734	0.831888	0.000794005
15	2.51383e-09	-0.982434	-0.217075	-0.000763051	0.222236	-0.97128	0.0017296
16	2.51383e-09	0.364894	-0.935464	-0.000259205	0.926546	0.36224	-0.00210374
17	2.51383e-09	0.422946	-0.92143	0.000626879	0.90258	0.407815	-0.0016573
18	2.51383e-09	-0.923905	-0.4247	0.00148135	0.413347	-0.904422	0.000227308
19	2.51383e-09	-1.01813	0.111632	0.00108658	-0.113364	-0.97797	0.00193971
20	2.51383e-09	-0.916449	0.464683	-0.00201796	-0.44706	-0.879743	0.00241435
21	2.51383e-09	-0.865693	-0.5183	0.0037381	0.511296	-0.853196	0.00126823
22	2.51383e-09	0.983499	-0.280296	0.00228237	0.266621	0.954323	-0.000724992
23	2.51383e-09	0.923857	-0.403619	0.0024945	0.401662	0.913228	-0.00177402
24	2.51383e-09	-0.720139	-0.721991	0.00122189	0.697575	-0.696627	0.000353799
25	2.51383e-09	0.798211	-0.633017	0.00285871	0.612717	0.776744	-0.00106663
26	2.51383e-09	-0.539173	0.866979	0.00151725	-0.84169	-0.51725	0.00100583
27	2.51383e-09	-0.829471	0.55495	-0.00264762	-0.553422	-0.83612	0.000281416
28	2.51383e-09	-0.758751	0.660533	0.000268036	-0.65242	-0.75527	0.00240403
29	2.51383e-09	0.880186	0.505817	-0.000822786	-0.495319	0.859219	0.00260164
30	2.51383e-09	0.963988	0.298444	0.000156156	-0.295399	0.951221	0.00204869
31	2.51383e-09	0.904115	0.452076	-0.00351133	-0.445867	0.888571	-0.000462923
32	2.51383e-09	-0.697252	0.725028	0.0040208	-0.721248	-0.688993	-0.00148764
33	2.51383e-09	-0.74492	0.711407	-0.000512852	-0.672579	-0.718902	-0.000970102
34	2.51383e-09	-0.536826	-0.883532	-0.00203354	0.840812	-0.511488	0.0025839
35	2.51383e-09	-0.548042	-0.863383	9.22819e-05	0.833278	-0.528388	-0.00307443
36	2.51383e-09	-0.233585	0.994134	0.0023353	-0.961686	-0.220341	0.000887029
37	2.51383e-09	-0.448076	0.917411	-0.00213566	-0.888633	-0.432315	-0.000410006
38	2.51383e-09	0.467464	0.886813	0.00314981	-0.88682	0.461376	0.000204124
39	2.51383e-09	-0.01957	-1.02173	-0.0015119	0.985543	-0.0209086	0.00122422
40	2.51383e-09	0.980909	0.284102	-0.000396389	-0.279631	0.947906	-0.000264679
41	2.51383e-09	0.786112	0.64233	-0.00284147	-0.627435	0.769489	0.00142867
42	2.51383e-09	0.0262202	1.04144	0.000742538	-0.978209	0.0225668	0.00246313
43	2.51383e-09	-0.591617	-0.819461	-0.00232264	0.803025	-0.587857	-0.00277666
44	2.51383e-09	1.03646	-0.0136194	0.000271528	0.0169545	0.982201	-5.60557e-05
45	2.51383e-09	-0.810754	0.622996	-0.0022885	-0.598099	-0.787848	0.000845243
46	2.51383e-09	-0.640648	0.797729	-0.000362988	-0.769341	-0.617183	0.000222189
47	2.51383e-09	-0.342806	0.955325	0.00132355	-0.935515	-0.336601	-0.000938867
48	2.51383e-09	-0.951248	-0.389119	-0.00149069	0.374952	-0.911744	-0.00113296
49	2.51383e-09	0.397538	0.928561	0.00239839	-0.915215	0.391396	0.000243629
50	2.51383e-09	0.269149	1.00396	-0.00209993	-0.947199	0.256986	-0.00211214
51	2.51383e-09	0.949136	-0.326883	0.0012353	0.327784	0.943725	0.000643936
52	2.51383e-09	-0.992468	0.294125	0.00107598	-0.273611	-0.943283	0.001159
53	2.51383e-09	0.732507	0.720182	-0.00145684	-0.69414	0.700802	-0.00189762
54	2.51383e-09	0.433242	-0.925673	0.000729297	0.895155	0.422137	0.00129858
55	2.51383e-09	0.916062	-0.494367	0.000505888	0.46311	0.861796	-0.00161425
56	2.51383e-09	0.156833	1.01006	-0.000516828	-0.980089	0.148583	0.000552865
57	2.51383e-09	-0.463665	-0.944597	0.00117806	0.872364	-0.430692	0.00117997
58	2.51383e-09	1.02696	-0.169465	-0.000281614	0.15975	0.968981	-0.0013162
59	2.51383e-09	-0.953893	-0.381589	0.00366495	0.36068	-0.917738	0.000152244
60	2.51383e-09	0.981232	-0.323581	0.0015563	0.307915	0.933353	0.000626166
61	2.51383e-09	0.0569635	-1.03302	0.00353659	0.981716	0.0580505	0.000304121
62	2.51383e-09	0.732832	-0.729225	-0.00041954	0.696704	0.695391	0.00100196
63	2.51383e-09	0.23808	1.00468	-0.000861667	-0.955843	0.22556	0.00057942
64	2.51383e-09	0.0370042	1.03186	0.00138031	-0.982412	0.0279016	0.000630602
65	2.51383e-09	0.80005	-0.642983	-0.00148833	0.616071	0.76851	-0.000480886
66	2.51383e-09	0.849189	-0.563218	-0.00259227	0.550315	0.829936	9.57913e-05
67	2.51383e-09	0.907112	0.513467	0.00103219	-0.484832	0.853058	-0.00129558
68	2.51383e-09	0.552857	0.869755	0.0028392	-0.8318	0.528801	-0.00186037
69	2.51383e-09	-0.249573	1.00992	0.00362186	-0.95161	-0.231187	0.00070198
70	2.51383e-09	1.02522	0.0105051	-0.000353125	-0.00769764	0.988923	-0.000516706
71	2.51383e-09	-1.0328	0.0295751	-0.00304052	-0.0252547	-0.983813	-0.00396518
72	2.51383e-09	-0.753904	-0.748694	-0.00104652	0.681173	-0.68814	0.00264319
73	2.51383e-09	1.01951	0.176561	0.00144649	-0.166587	0.969813	0.00115757
74	2.51383e-09	0.43079	-0.966476	0.00252043	0.886028	0.400323	-0.00101884
75	2.51383e-09	-0.518459	0.907564	0.0010424	-0.849089	-0.485938	-0.000180217
76	2.51383e-09	1.04882	0.120672	0.00261437	-0.105263	0.966034	-0.00197763
77	2.51383e-09	-0.379148	-0.993737	0.000814233	0.905732	-0.346562	-0.000509734
78	2.51383e-09	-0.429652	0.957415	0.00199889	-0.890791	-0.392831	0.0018855
79	2.51383e-09	-0.398358	-0.961547	-0.00479267	0.903733	-0.372155	0.000477329
80	2.51383e-09	0.942364	0.432556	0.000848078	-0.41292	0.892785	-0.0016221
81	2.51383e-09	0.877494	0.528292	-0.000209314	-0.508587	0.848932	0.000518861
82	2.51383e-09	-1.04479	0.0590056	-0.00119121	-0.0559007	-0.978827	0.00068699
83	2.51383e-09	1.01017	0.245048	-0.00139414	-0.231004	0.951114	0.00141134
84	2.51383e-09	-0.128379	-1.03684	0.000310942	0.968953	-0.123423	0.00115934
85	2.51383e-09	-0.92614	-0.446118	0.000613139	0.427163	-0.887634	-0.00146063
86	2.51383e-09	0.269915	1.01854	-0.00107731	-0.939229	0.25031	-0.000748299
87	2.51383e-09	-0.575249	-0.882174	-0.000845583	0.812253	-0.532234	-0.000741972
88	2.51383e-09	-0.608987	-0.837712	0.00139687	0.794324	-0.57699	0.00254114
89	2.51383e-09	-0.0209057	1.05306	-0.00139326	-0.97307	-0.0168443	0.00183447
90	2.51383e-09	0.231402	1.0266	-0.00402491	-0.949409	0.213587	-0.000788855
91	2.51383e-09	0.96542	0.370827	-0.00183771	-0.355743	0.915941	0.00435573
92	2.51383e-09	0.98697	0.365379	-0.00198592	-0.337107	0.914167	0.00105977
93	2.51383e-09	0.597265	-0.880074	-1.56725e-05	0.80153	0.54656	0.000311176
94	2.51383e-09	1.04083	0.0250621	0.00300097	-0.0249567	0.978934	0.000793638
95	2.51383e-09	-0.771576	0.682933	0.000181291	-0.649596	-0.740893	0.000665414
96	2.51383e-09	1.0385	0.162603	0.00252017	-0.148614	0.966694	0.00082041
97	2.51383e-09	-0.0846118	1.05452	0.00192418	-0.966394	-0.0824923	2.65996e-05
98	2.51383e-09	0.467631	0.941791	0.000889668	-0.876425	0.433016	-0.00137789
99	2.51383e-09	-0.576887	-0.88943	0.00142923	0.818021	-0.530452	-9.06831e-06
100	2.51383e-09	-0.902678	-0.552256	0.000221554	0.499049	-0.832073	-0.0011738
101	2.51383e-09	-0.113752	1.02692	-0.000690759	-0.977656	-0.106647	0.000489074
102	2.51383e-09	0.484879	-0.900411	-0.00123458	0.874138	0.466591	-0.000713501
103	2.51383e-09	0.362989	-0.986018	-0.00259317	0.916099	0.334074	0.00019671
104	2.51383e-09	-0.432258	0.94532	-0.00166152	-0.89533	-0.407477	0.000198862
105	2.51383e-09	-0.656704	0.807875	-0.00246588	-0.756599	-0.620264	0.000410997
106	2.51383e-09	0.404917	0.96748	0.00157528	-0.901912	0.373915	5.63636e-05
107	2.51383e-09	-0.804461	0.695332	-0.00148084	-0.631694	-0.733791	-0.000543513
108	2.51383e-09	-0.62093	0.872185	0.00102057	-0.788924	-0.556304	0.000361266
109	2.51383e-09	-0.981836	-0.404192	0.000833783	0.363499	-0.900421	-0.00130524
110	2.51383e-09	-0.722149	0.76674	0.00376714	-0.711807	-0.667776	-0.000924489
111	2.51383e-09	-0.943949	-0.479656	0.00237285	0.437624	-0.869532	0.000346981
112	2.51383e-09	1.0598	0.12899	-0.000855575	-0.114164	0.959289	-0.00078702
113	2.51383e-09	-1.04828	-0.159022	0.000807369	0.150251	-0.959075	-0.000938583
114	2.51383e-09	-0.638371	-0.837659	-0.000274982	0.77471	-0.588565	-0.0023238
115	2.51383e-09	0.0356291	-1.07778	-0.00072871	0.95936	0.0306915	0.00264319
116	2.51383e-09	-0.769266	0.710061	0.00106732	-0.666217	-0.717449	0.00297701
117	2.51383e-09	0.485411	0.938787	-0.000790388	-0.863451	0.44815	-0.000744746
118	2.51383e-09	-0.652927	-0.836851	0.00113886	0.764442	-0.595532	-0.00188134
119	2.51383e-09	0.952998	0.431275	0.00386442	-0.409814	0.889036	0.00112705
120	2.51383e-09	-1.03114	-0.170329	0.00321334	0.158476	-0.967026	0.000452112
121	2.51383e-09	-0.538258	-0.919815	0.000987717	0.837271	-0.484544	-0.00203101
122	2.51383e-09	-0.670935	-0.84087	0.00232523	0.752693	-0.599805	0.000327843
123	2.51383e-09	1.01806	0.249438	-0.000400042	-0.227717	0.947031	-0.00169224
124	2.51383e-09	0.944121	-0.525416	-0.0014402	0.466048	0.840972	-0.000951591
125	2.51383e-09	-0.190993	1.02942	0.00236354	-0.963148	-0.173432	0.000235747
126	2.51383e-09	-0.908537	0.547278	-0.000456824	-0.506565	-0.828885	0.00153354
127	2.51383e-09	-0.0521654	-1.05065	-3.16104e-05	0.97505	-0.0460382	0.00105255
128	2.51383e-09	0.676402	0.835285	-0.00283388	-0.748117	0.606384	-0.000974122
129	2.51383e-09	-0.511544	-0.926649	0.00193082	0.852732	-0.463593	-0.000386911
130	2.51383e-09	-1.05908	-0.127638	0.000122026	0.113999	-0.959443	-0.000930727
131	2.51383e-09	-0.00900576	-1.08879	0.00094173	0.955271	-0.00950803	0.00142697
132	2.51383e-09	-0.380915	-0.997173	0.000256201	0.904329	-0.346752	-0.00218679
133	2.51383e-09	-0.692174	-0.813692	-0.00272515	0.734364	-0.629369	0.00113091
134	2.51383e-09	0.155882	1.0429	0.000193818	-0.961939	0.145535	-0.00211864
135	2.51383e-09	-1.01021	-0.30831	0.000958629	0.282009	-0.929125	0.00217925
136	2.51383e-09	1.02748	-0.350147	-0.00229426	0.313766	0.906162	-0.0010441
137	2.51383e-09	-0.849609	-0.631886	0.000449659	0.583558	-0.777973	-0.00112534
138	2.51383e-09	0.877454	-0.611903	0.00093556	0.550378	0.792671	0.00046569
139	2.51383e-09	0.904598	0.561203	0.00195124	-0.512911	0.822498	0.00271048
140	2.51383e-09	0.527948	-0.955478	-0.0003892	0.836076	0.46289	0.000548678
141	2.51383e-09	1.04419	-0.199023	0.00322927	0.18189	0.954988	-0.00147466
142	2.51383e-09	-0.639256	-0.859324	-0.00184282	0.780233	-0.574288	0.00241146
143	2.51383e-09	-0.820949	-0.683946	0.00178124	0.623334	-0.742259	-0.000348853
144	2.51383e-09	-0.664413	0.857315	0.00156881	-0.759697	-0.586589	-0.00107075
145	2.51383e-09	-0.0914759	1.05137	-0.000534599	-0.971259	-0.0865912	0.000612881
146	2.51383e-09	0.680361	0.864275	0.0020931	-0.750313	0.591335	0.00321079
147	2.51383e-09	-0.586392	0.904483	-0.00254349	-0.810361	-0.522726	0.00155725
148	2.51383e-09	-0.942649	0.550008	-3.71552e-05	-0.483201	-0.822634	0.000412997
149	2.51383e-09	0.618652	0.872623	-0.00167412	-0.787022	0.554061	-0.0012178
150	2.51383e-09	-0.452458	0.977608	-0.000184916	-0.870471	-0.414066	0.00103268
151	2.51383e-09	-0.39558	-0.992431	-0.000792465	0.901563	-0.357402	-9.36769e-05
152	2.51383e-09	-0.974906	0.452473	0.00109214	-0.393975	-0.881546	-0.000426023
153	2.51383e-09	0.425714	-1.00344	-0.00130918	0.880215	0.373316	0.000136956
154	2.51383e-09	-0.974347	0.530805	0.00182263	-0.4566	-0.829635	-0.000754177
155	2.51383e-09	0.0461589	1.07597	-4.65476e-05	-0.964118	0.0377584	-0.00215082
156	2.51383e-09	1.05479	0.276014	0.000522105	-0.236927	0.928102	0.00278957
157	2.51383e-09	-0.963902	-0.444868	0.000569296	0.409172	-0.882566	-9.90939e-05
158	2.51383e-09	-1.07993	0.144617	0.00259259	-0.12264	-0.95077	0.00364131
159	2.51383e-09	-0.350209	1.01112	2.96649e-05	-0.914093	-0.319338	0.000947919
160	2.51383e-09	1.02483	0.339368	0.00226841	-0.300553	0.91323	-0.00228834
161	2.51383e-09	1.03701	0.326595	-0.00173423	-0.289353	0.91541	-0.00144092
162	2.51383e-09	0.955102	0.507317	0.00225843	-0.449984	0.85029	0.00260493
163	2.51383e-09	0.939156	-0.553082	-0.000994116	0.484495	0.823356	-0.00189961
164	2.51383e-09	0.905731	0.57062	-0.000889754	-0.512178	0.820349	0.00310074
165	2.51383e-09	1.07865	0.190878	-3.00347e-05	-0.16977	0.94281	0.00290286
166	2.51383e-09	-0.244932	1.05456	0.00115719	-0.936788	-0.221924	0.00035831
167	2.51383e-09	0.879317	-0.617404	-0.0027001	0.558639	0.782622	0.00346579
168	2.51383e-09	-0.357682	-1.02287	0.00143613	0.908413	-0.317372	0.00101884
169	2.51383e-09	1.01685	0.370994	0.000378929	-0.330124	0.904451	-0.00101755
170	2.51383e-09	-0.769453	0.773833	-0.00300349	-0.679739	-0.671686	-0.00274181
171	2.51383e-09	-1.06232	0.247777	0.00129588	-0.219539	-0.932965	-0.00297654
172	2.51383e-09	-0.00221589	-1.1163	-0.00340979	0.946273	-0.00573077	-0.000336849
173	2.51383e-09	0.905313	-0.63514	0.0018201	0.54694	0.778268	0.00154378
174	2.51383e-09	-1.06435	0.265352	0.00128027	-0.229794	-0.928866	0.00200769
175	2.51383e-09	-0.552067	-0.930614	0.00149969	0.828249	-0.493705	0.00117615
176	2.51383e-09	0.0173452	-1.07721	-0.000819769	0.963594	0.0158558	0.000162262
177	2.51383e-09	-0.899301	-0.665595	0.000349435	0.561795	-0.757033	-0.000577693
178	2.51383e-09	0.532014	-0.927281	0.000527398	0.841536	0.480598	-0.000351444
179	2.51383e-09	-0.930747	0.573841	-0.00412491	-0.505519	-0.814317	-0.00118165
180	2.51383e-09	1.06136	-0.220164	-0.00293018	0.194157	0.940875	0.00196084
181	2.51383e-09	0.0135904	1.09883	-0.000193763	-0.955141	0.0148015	-0.00183879
182	2.51383e-09	1.00403	-0.436168	0.00211544	0.382106	0.876224	-0.000124668
183	2.51383e-09	-0.368536	-1.0359	0.00102694	0.896194	-0.320674	-0.000178709
184	2.51383e-09	-0.201167	-1.09356	0.0013547	0.931609	-0.172505	-0.00192502
185	2.51383e-09	-0.687866	-0.845804	-0.000754618	0.743169	-0.605187	-0.00172198
186	2.51383e-09	0.359722	1.01703	-0.000380538	-0.912374	0.316694	-0.00178962
187	2.51383e-09	0.924341	-0.52529	-0.00405619	0.475544	0.845847	0.001204
188	2.51383e-09	0.183819	1.08673	0.00124369	-0.940271	0.162731	0.0012375
189	2.51383e-09	1.00447	0.42757	0.000803179	-0.375629	0.879956	0.00238906
190	2.51383e-09	0.64342	0.887178	0.00175443	-0.77879	0.558936	-0.00117017
191	2.51383e-09	0.262563	-1.06215	-0.00334325	0.927072	0.229924	0.00155535
192	2.51383e-09	0.994037	0.46377	0.000819949	-0.400599	0.867611	0.000670166
193	2.51383e-09	1.09855	0.00439179	0.000499339	-0.00818777	0.954815	0.00223937
194	2.51383e-09	-0.477622	1.01922	-0.00103342	-0.852175	-0.401504	-7.36902e-05
195	2.51383e-09	0.818898	-0.721558	-7.69141e-05	0.631957	0.716273	0.000137537
196	2.51383e-09	0.603389	0.919644	0.0043898	-0.793954	0.520952	-0.000193355
197	2.51383e-09	-0.987639	0.45768	-0.00189335	-0.402258	-0.869668	0.00170023
198	2.51383e-09	-0.784612	0.788667	-0.00254165	-0.671758	-0.666846	-0.00114326
199	2.51383e-09	-1.02124	-0.390929	0.00297599	0.34365	-0.893754	-0.0010268
200	2.51383e-09	-0.998199	-0.497849	0.00160689	0.424509	-0.844256	-0.000878741
201	2.51383e-09	0.963133	0.542063	0.00227657	-0.464723	0.828975	-0.0014972
202	2.51383e-09	0.139036	1.0786	-0.00032219	-0.954754	0.120247	0.00249107
203	2.51383e-09	-0.00843042	-1.09055	-0.000101058	0.956538	-0.00645141	0.00146809
204	2.51383e-09	0.134936	-1.10314	-0.000720872	0.938088	0.114238	-0.00104308
205	2.51383e-09	-1.11748	0.150688	0.000970788	-0.127483	-0.932753	0.000458228
206	2.51383e-09	0.619083	0.898773	-0.00224064	-0.787656	0.546225	-0.00125405
207	2.51383e-09	0.417257	1.03114	-0.000825758	-0.880773	0.353746	-0.000230721
208	2.51383e-09	-1.08153	0.178777	-0.000154769	-0.155282	-0.942071	0.00175612
209	2.51383e-09	-1.09224	0.115625	0.000866054	-0.103343	-0.949918	0.00245889
210	2.51383e-09	0.481487	-0.99038	0.00155832	0.857178	0.415902	0.00102472
211	2.51383e-09	0.38826	-1.02694	0.00190732	0.891433	0.34205	-0.000651532
212	2.51383e-09	1.09985	0.154093	0.00103076	-0.135932	0.941625	0.00178129
213	2.51383e-09	1.09225	0.191156	-0.0016147	-0.164315	0.934465	-0.00166668
214	2.51383e-09	-0.330259	-1.03771	0.00186726	0.917221	-0.286886	0.000240163
215	2.51383e-09	0.54099	0.96969	-0.00378653	-0.832221	0.459447	-0.000106564
216	2.51383e-09	0.887984	-0.682595	-0.000398251	0.581058	0.745191	0.000275428
217	2.51383e-09	0.495893	1.00304	0.00048932	-0.848302	0.419474	-0.00118319
218	2.51383e-09	0.970855	0.454559	0.00072519	-0.410785	0.877878	0.00207848
219	2.51383e-09	0.13793	1.11413	-0.000523276	-0.937261	0.119266	0.000161048
220	2.51383e-09	-0.995403	0.51082	-0.00173746	-0.43018	-0.839512	0.00139357
221	2.51383e-09	0.286033	-1.05677	0.00148194	0.921903	0.246253	0.000887293
222	2.51383e-09	-1.09736	0.197227	-0.00026238	-0.16375	-0.932124	-0.00263588
223	2.51383e-09	0.931228	0.609584	-0.00081556	-0.518699	0.791098	-0.00101896
224	2.51383e-09	-0.983518	-0.471326	7.98733e-05	0.410637	-0.867603	0.000229464
225	2.51383e-09	1.0949	0.187519	0.000868741	-0.165005	0.935341	0.000427736
226	2.51383e-09	-0.407995	-1.03541	1.80734e-05	0.882114	-0.35074	-0.00233194
227	2.51383e-09	0.665956	0.879497	0.00164581	-0.760179	0.575294	0.0010651
228	2.51383e-09	0.260142	-1.08538	2.04121e-05	0.921182	0.219933	-0.00102951
229	2.51383e-09	-1.06779	-0.346466	0.00325765	0.290605	-0.899785	-0.000933626
230	2.51383e-09	0.708814	0.902374	0.00167371	-0.731825	0.575713	0.000375495
231	2.51383e-09	-0.759917	-0.837303	0.00213326	0.698223	-0.627034	0.00484102
232	2.51383e-09	-0.0550977	-1.09773	-0.00279296	0.954393	-0.0528969	0.00187978
233	2.51383e-09	-0.701236	0.865337	0.00141869	-0.730673	-0.602678	-0.000427847
234	2.51383e-09	0.487665	1.00765	-0.00198336	-0.851136	0.411903	0.000397937
235	2.51383e-09	0.949325	-0.589356	0.00292029	0.502135	0.800414	0.00224998
236	2.51383e-09	-0.480925	1.01982	0.000763131	-0.854179	-0.398109	0.00178849
237	2.51383e-09	-0.194191	1.0902	0.000913272	-0.936046	-0.158321	0.000815494
238	2.51383e-09	0.648714	-0.927818	0.000311082	0.773677	0.541244	0.000391328
239	2.51383e-09	-0.999718	-0.481079	0.0036144	0.414375	-0.853183	0.00127699
240	2.51383e-09	-0.6924	-0.88293	-0.000989621	0.747733	-0.578446	0.000213474
241	2.51383e-09	-0.701293	-0.872567	0.000241764	0.730611	-0.598276	-0.000623739
242	2.51383e-09	1.04889	-0.475357	-0.00257168	0.384439	0.849953	-0.00223481
243	2.51383e-09	1.12298	0.0117004	-0.00274204	-0.0127698	0.943665	-0.00128808
244	2.51383e-09	-1.0205	-0.510588	0.00250424	0.418318	-0.834807	0.00157249
245	2.51383e-09	0.864201	-0.715597	-0.00511795	0.60407	0.72657	-0.00135075
246	2.51383e-09	-0.0954438	-1.11775	-0.00252325	0.94103	-0.0816691	-0.000150262
247	2.51383e-09	0.750819	0.807715	0.00113002	-0.701862	0.64528	0.000457394
248	2.51383e-09	-0.921378	0.648157	0.00201313	-0.543021	-0.769146	0.000603802
249	2.51383e-09	0.668399	0.904551	-0.000820185	-0.754615	0.565037	5.21038e-05
250	2.51383e-09	-0.0892079	1.12398	0.000932944	-0.939782	-0.0759623	-0.00158975
251	2.51383e-09	1.07347	0.335786	0.00120594	-0.284485	0.901169	-0.000876359
252	2.51383e-09	1.05749	0.39044	0.000553297	-0.326559	0.88201	-0.00149632
253	2.51383e-09	-0.718733	-0.878166	0.00246444	0.728476	-0.591356	-0.00228882
254	2.51383e-09	-0.018343	-1.12484	-0.00253889	0.943242	-0.0137602	0.00111943
255	2.51383e-09	1.13635	0.00329863	0.00137831	-0.00171464	0.938599	0.000660035
256	2.51383e-09	-0.683667	0.907689	-0.000146381	-0.754446	-0.56069	-0.00107121
257	2.51383e-09	-0.791948	-0.802101	0.00349675	0.672532	-0.658568	-0.000566629
258	2.51383e-09	-0.629824	-0.936983	-0.000530928	0.778744	-0.527653	-0.00366721
259	2.51383e-09	-0.668984	0.914532	-0.000271799	-0.756851	-0.553437	-0.000891478
260	2.51383e-09	-1.10498	0.20928	-0.00294355	-0.177996	-0.927606	0.00266159
261	2.51383e-09	-1.12315	-0.190156	-0.000449896	0.158189	-0.924716	0.00199427
262	2.51383e-09	0.993853	-0.488644	0.0050026	0.418836	0.856214	0.000858418
263	2.51383e-09	0.179396	1.11898	0.00157047	-0.92901	0.152911	-0.000535634
264	2.51383e-09	0.885401	-0.688889	0.000571338	0.582359	0.744958	-0.000609758
265	2.51383e-09	0.111982	1.14259	0.00142374	-0.928581	0.0948651	-0.00031019
266	2.51383e-09	-1.05244	-0.425325	0.000379602	0.351487	-0.869602	0.000277746
267	2.51383e-09	-1.00963	0.482584	0.00222286	-0.404213	-0.857136	0.000376065
268	2.51383e-09	0.359176	-1.08698	-3.07105e-05	0.886757	0.287218	-0.00209597
269	2.51383e-09	-0.470484	-1.0461	0.0012707	0.852562	-0.379022	0.00224486
270	2.51383e-09	-0.838511	-0.766797	0.000514904	0.633807	-0.691888	-0.000806037
271	2.51383e-09	1.11319	0.275764	-0.00190774	-0.223547	0.906832	-0.00217212
272	2.51383e-09	-0.399426	-1.07193	-0.00176993	0.874592	-0.327641	-0.0020079
273	2.51383e-09	0.355571	1.08142	0.000252181	-0.892738	0.290574	-0.00260253
274	2.51383e-09	1.12173	0.0761678	-0.00182881	-0.071545	0.939235	-0.000419375
275	2.51383e-09	1.09861	0.277553	-0.000628477	-0.226535	0.912628	-0.00245841
276	2.51383e-09	1.11474	-0.240309	-0.00083531	0.202647	0.915822	-0.00103011
277	2.51383e-09	-0.28198	1.11771	0.00474171	-0.900075	-0.223194	-0.000660973
278	2.51383e-09	1.08798	0.375826	0.000483908	-0.30539	0.882007	0.00129874
279	2.51383e-09	0.394541	-1.09817	-0.000449078	0.870197	0.314513	-0.000952573
280	2.51383e-09	-1.15186	0.055094	-0.000476873	-0.0471266	-0.932257	0.00118645
281	2.51383e-09	0.427956	-1.05839	-0.00103755	0.86723	0.349278	0.000221302
282	2.51383e-09	1.14263	-0.115194	-0.00138247	0.0945948	0.928224	-0.00207068
283	2.51383e-09	-0.635697	-0.931005	-0.00143005	0.77745	-0.536845	-0.00175202
284	2.51383e-09	0.159906	1.1458	-0.00218775	-0.922865	0.124506	-0.000932304
285	2.51383e-09	0.264468	-1.12059	0.000818808	0.905714	0.212598	-2.08353e-05
286	2.51383e-09	-0.519047	1.00744	-0.00199976	-0.835307	-0.431169	-0.0001971
287	2.51383e-09	-0.355191	-1.0715	-0.000258301	0.894561	-0.298294	-0.00105159
288	2.51383e-09	-1.03199	0.52608	0.000866191	-0.41784	-0.829837	0.00149691
289	2.51383e-09	0.93536	-0.682158	0.00169162	0.552461	0.745956	0.0020248
290	2.51383e-09	0.523168	1.02185	0.00339284	-0.82949	0.42423	0.000532069
291	2.51383e-09	-0.204423	-1.12901	0.00327498	0.918478	-0.168378	-0.000678249
292	2.51383e-09	-1.14168	-0.0724184	-0.000161091	0.0593267	-0.932121	0.00170792
293	2.51383e-09	0.878884	-0.716403	-0.0006981	0.591968	0.730075	0.00241937
294	2.51383e-09	-0.327057	1.122	-0.00569346	-0.887822	-0.259385	-0.00245236
295	2.51383e-09	-1.12571	-0.183006	-0.000134161	0.154685	-0.924403	0.00134944
296	2.51383e-09	1.14583	-0.151826	-0.00217018	0.122549	0.922237	-0.00340202
297	2.51383e-09	-0.0946659	-1.14314	0.000729658	0.930507	-0.0758584	0.00143719
298	2.51383e-09	-0.717236	0.91102	0.00269279	-0.725462	-0.575439	-0.000583565
299	2.51383e-09	-1.11375	0.294807	-0.000139257	-0.238009	-0.906134	-0.000553702
300	2.51383e-09	-0.363475	1.10837	0.00153698	-0.87841	-0.292518	0.00330624
301	2.51383e-09	1.16067	0.0930597	0.000123898	-0.0718099	0.920095	-0.00196584
302	2.51383e-09	0.892476	0.755749	0.00478214	-0.589969	0.709081	-0.00214599
303	2.51383e-09	-0.00484871	1.15322	0.00116758	-0.930228	-0.00378827	-0.00188974
304	2.51383e-09	-0.519628	1.03471	-0.00208619	-0.833319	-0.413471	-0.000300716
305	2.51383e-09	-0.911447	-0.692247	-0.000345892	0.563164	-0.74518	0.00182539
306	2.51383e-09	-0.303911	1.11174	-0.000722047	-0.899769	-0.246313	-0.000848843
307	2.51383e-09	-1.08884	-0.407718	0.000990896	0.322322	-0.868116	0.00263309
308	2.51383e-09	1.13366	0.31558	0.000744525	-0.243556	0.88778	0.000106293
309	2.51383e-09	0.875055	0.738536	8.83849e-05	-0.600141	0.71578	-0.000214918
310	2.51383e-09	-0.796672	-0.846609	-0.000604896	0.676733	-0.632205	0.00122263
311	2.51383e-09	1.13047	0.242623	0.0027438	-0.19638	0.910804	0.00112806
312	2.51383e-09	-0.214116	-1.14545	-0.00192903	0.910631	-0.167249	9.82594e-06
313	2.51383e-09	-0.541411	1.01616	0.00356632	-0.823039	-0.435195	-0.00150255
314	2.51383e-09	0.393845	-1.07746	-0.00144847	0.877291	0.318986	0.000675238
315	2.51383e-09	-1.01953	0.574995	-0.0010812	-0.455669	-0.803993	0.00115543
316	2.51383e-09	0.946544	-0.673141	-0.00194695	0.540125	0.757399	0.00175029
317	2.51383e-09	1.09033	0.400629	-0.00409474	-0.323425	0.868354	0.000565258
318	2.51383e-09	0.636547	-0.972984	0.00121464	0.773221	0.507797	0.0017594
319	2.51383e-09	-0.293126	1.13387	0.00297261	-0.89306	-0.232157	4.41599e-05
320	2.51383e-09	0.776934	-0.884336	-8.49105e-05	0.690014	0.611443	2.55845e-05
321	2.51383e-09	-0.901374	0.746979	-3.30375e-06	-0.586156	-0.712359	0.00077384
322	2.51383e-09	0.0315713	-1.15913	-0.00354872	0.928251	0.0202222	0.000482654
323	2.51383e-09	-0.622035	0.971866	8.44837e-05	-0.787782	-0.500245	0.000175646
324	2.51383e-09	-0.754666	-0.905211	0.000805205	0.707138	-0.590079	-0.00108371
325	2.51383e-09	1.1213	-0.239384	0.0029545	0.194528	0.917129	0.000656061
326	2.51383e-09	-1.16854	0.0662265	0.00129677	-0.0512252	-0.924709	-0.0020667
327	2.51383e-09	1.14353	-0.272579	-0.000373308	0.213274	0.898137	0.00236369
328	2.51383e-09	0.996342	0.577037	-0.00180329	-0.466025	0.803833	0.00037448
329	2.51383e-09	-1.06642	-0.47981	-0.000819157	0.376074	-0.84991	-0.000489745
330	2.51383e-09	0.133294	-1.15308	-0.000681271	0.920878	0.105915	5.08816e-05
331	2.51383e-09	-1.12407	0.218676	0.000925489	-0.175445	-0.918924	-0.00163773
332	2.51383e-09	-1.0465	0.548402	0.00240768	-0.427611	-0.814065	0.000506398
333	2.51383e-09	-0.522956	1.062	0.00281463	-0.825723	-0.405999	0.0010334
334	2.51383e-09	-0.944403	-0.705178	0.00183723	0.553428	-0.733109	0.000660072
335	2.51383e-09	1.04514	-0.551416	-0.000551133	0.427179	0.814517	-0.00183842
336	2.51383e-09	-0.773206	-0.878882	0.00212909	0.693138	-0.61232	-0.000828879
337	2.51383e-09	-1.0795	0.490268	-0.00234117	-0.378737	-0.834104	-0.0002664
338	2.51383e-09	-0.492077	1.05927	-0.003495	-0.838843	-0.390379	-0.000872444
339	2.51383e-09	-1.11013	0.433045	-0.0053209	-0.334098	-0.850429	4.05817e-05
340	2.51383e-09	-0.371624	-1.12093	0.000353623	0.871346	-0.293592	-0.00168675
341	2.51383e-09	-0.378425	1.11504	-0.00141561	-0.873225	-0.293511	-0.000162479
342	2.51383e-09	-1.03619	-0.531508	2.16807e-05	0.42348	-0.824316	-0.000764234
343	2.51383e-09	0.969029	0.643987	0.000840176	-0.511901	0.770614	-0.00193833
344	2.51383e-09	0.450065	1.08473	-0.000405255	-0.856435	0.350026	-0.000668525
345	2.51383e-09	-0.396718	1.10144	-0.000465988	-0.86846	-0.313268	0.00189446
346	2.51383e-09	1.16105	0.0875392	-0.0018874	-0.0749063	0.925937	-0.00167106
347	2.51383e-09	-0.397791	1.10305	0.000530454	-0.866396	-0.321469	0.00203884
348	2.51383e-09	1.04298	0.544422	0.00439764	-0.423944	0.818655	0.000261976
349	2.51383e-09	0.0177696	-1.18033	0.0032676	0.917326	0.0126973	0.000973693
350	2.51383e-09	-1.17128	-0.0871678	-0.00230269	0.0724172	-0.919523	-0.00140792
351	2.51383e-09	-0.869783	0.820866	-0.00140244	-0.625482	-0.664772	-0.00105569
352	2.51383e-09	0.516691	-1.05387	0.00205079	0.830186	0.407569	-0.000664439
353	2.51383e-09	-0.804747	-0.882088	0.00391013	0.673908	-0.620594	-0.0014589
354	2.51383e-09	1.02176	0.596096	-0.00303821	-0.460885	0.796298	-0.000590328
355	2.51383e-09	-0.651107	0.950411	-0.00314183	-0.769205	-0.525773	0.00110849
356	2.51383e-09	-0.112916	-1.19273	-0.00124376	0.910475	-0.0857345	0.000210388
357	2.51383e-09	-1.13807	0.286584	0.00119605	-0.224534	-0.896645	-0.000424285
358	2.51383e-09	0.0226388	1.19276	0.0035647	-0.916583	0.0157234	0.000799832
359	2.51383e-09	0.199957	1.18357	0.00174079	-0.899634	0.148271	0.00246338
360	2.51383e-09	-0.485339	1.06672	0.00079875	-0.841611	-0.380294	-0.000760358
361	2.51383e-09	-1.15241	0.202907	-0.00099981	-0.159964	-0.910484	-0.00139105
362	2.51383e-09	1.16816	-0.143173	0.000647851	0.11406	0.914415	0.00109645
363	2.51383e-09	-0.381215	1.12689	-0.00123896	-0.866395	-0.292579	-0.00154292
364	2.51383e-09	0.364542	-1.10953	-0.000131014	0.877275	0.288665	-0.000874285
365	2.51383e-09	-0.91688	0.775418	0.00121102	-0.589338	-0.696751	0.00115974
366	2.51383e-09	1.15174	-0.279803	0.00254403	0.217725	0.892269	0.000679847
367	2.51383e-09	-1.16889	-0.24851	0.000193545	0.192267	-0.892089	0.00148734
368	2.51383e-09	1.17248	-0.240493	-0.000576362	0.185236	0.897167	-0.000742273
369	2.51383e-09	-1.05845	0.528264	-0.000111797	-0.413592	-0.823746	-0.00126558
370	2.51383e-09	0.24672	-1.16691	0.000810277	0.893941	0.19093	0.00104464
371	2.51383e-09	-0.897226	0.807978	0.00104934	-0.60721	-0.677625	-0.000548517
372	2.51383e-09	0.618433	1.02238	-0.00306484	-0.78251	0.476034	0.000920937
373	2.51383e-09	0.838105	-0.842988	0.00208271	0.651827	0.645232	-0.00207147
374	2.51383e-09	1.12118	-0.44119	0.00327369	0.332099	0.850165	-0.00146372
375	2.51383e-09	1.18971	0.0635771	-0.000982593	-0.0477689	0.914639	-0.00125377
376	2.51383e-09	-0.593004	-1.02253	-0.000954774	0.795622	-0.463148	0.000417147
377	2.51383e-09	-1.19279	0.0624492	-0.00122016	-0.0515188	-0.91244	-0.000914149
378	2.51383e-09	-0.165845	1.18306	-0.000781479	-0.906927	-0.130775	-0.000715103
379	2.51383e-09	-1.05589	-0.539896	-0.000917671	0.421208	-0.81233	0.00226542
380	2.51383e-09	1.18866	0.071795	-0.000638525	-0.0592256	0.913174	0.000223855
381	2.51383e-09	0.258237	-1.16252	-0.000897423	0.895611	0.196863	0.000733035
382	2.51383e-09	1.18959	0.0551182	-0.00208681	-0.0394743	0.917488	0.00140886
383	2.51383e-09	-0.307498	-1.12818	0.000396074	0.891555	-0.250279	0.000350599
384	2.51383e-09	0.395031	-1.14483	-0.00210234	0.857063	0.293147	-0.00127064
385	2.51383e-09	1.1755	-0.135454	0.000213697	0.105127	0.915514	-0.00054558
386	2.51383e-09	1.08787	-0.491206	-0.00230849	0.379031	0.833375	0.00138977
387	2.51383e-09	-1.11192	0.459832	0.00215242	-0.347638	-0.841161	0.0023013
388	2.51383e-09	0.863673	0.837385	-0.000593866	-0.639838	0.650003	0.00107533
389	2.51383e-09	-0.333975	-1.13985	-0.00109948	0.878886	-0.25959	-0.0035392
390	2.51383e-09	-1.1695	0.1954	-0.00150089	-0.155034	-0.904611	0.00263682
391	2.51383e-09	-0.370717	1.15551	0.000238623	-0.86162	-0.279002	-0.00196016
392	2.51383e-09	1.1157	0.44478	0.00460394	-0.340226	0.847767	-0.00273529
393	2.51383e-09	1.14374	-0.40227	-0.00266905	0.306462	0.853872	0.000716542
394	2.51383e-09	-1.17275	0.271208	0.00133615	-0.205436	-0.88573	0.00129402
395	2.51383e-09	0.139538	-1.19182	0.000513869	0.905954	0.103289	0.00118524
396	2.51383e-09	-0.0856918	1.20877	0.000205593	-0.904107	-0.0637543	0.0005504
397	2.51383e-09	1.191	0.124404	-0.00282953	-0.0942035	0.910182	-0.00121969
398	2.51383e-09	-1.13477	0.408096	-0.0018894	-0.303293	-0.859549	-0.000548945
399	2.51383e-09	-1.02263	0.629683	-0.00179355	-0.480154	-0.776123	0.00196922
400	2.51383e-09	0.889112	-0.799291	-0.00119804	0.616614	0.676762	0.000178719
