6.154000e+03
401
0	1	0.000284464	0.000176404	-2.59695e-07	6.41454e-08	4.03969e-08	-3.78805e-11
1	2.51383e-09	-0.217873	0.990033	-0.000483848	-0.96755	-0.215202	-0.00190815
2	2.51383e-09	-0.998639	0.0470803	0.000157014	-0.044089	-1.00032	-0.000500324
3	2.51383e-09	-0.290689	0.95614	0.00125646	-0.956545	-0.288986	0.00148163
4	2.51383e-09	-0.664981	0.753359	0.00118927	-0.746682	-0.661169	-0.00125686
5	2.51383e-09	0.848069	-0.526806	-0.000807631	0.528776	0.849147	-0.000322136
6	2.51383e-09	-0.303138	0.962905	0.000498953	-0.949586	-0.30011	-0.00134815
7	2.51383e-09	0.860174	0.52534	0.000405771	-0.518987	0.847445	-0.000483869
8	2.51383e-09	-0.651425	0.762128	0.000119198	-0.756352	-0.650179	0.000213019
9	2.51383e-09	-0.35931	-0.936848	0.00125906	0.932134	-0.354819	0.000362305
10	2.51383e-09	1.00398	-0.0845871	-0.000787209	0.0855252	0.991512	0.000811537
11	2.51383e-09	0.996279	0.0147334	0.00116703	-0.0153156	1.00276	-0.00115224
12	2.51383e-09	0.834633	0.572426	-0.000770432	-0.561824	0.819147	0.000979334
13	2.51383e-09	-0.670717	0.747159	-0.00202507	-0.742414	-0.666641	-0.00029398
14	2.51383e-09	-0.724892	0.700735	0.000511937	-0.690821	-0.715525	-0.00165372
15	2.51383e-09	0.400343	0.925863	0.000820673	-0.91016	0.396201	-0.0013952
16	2.51383e-09	-0.941772	-0.334456	0.00200592	0.328926	-0.943541	0.000609252
17	2.51383e-09	0.762359	-0.670184	0.00110745	0.653529	0.743957	-0.000683506
18	2.51383e-09	0.987292	0.271776	3.93033e-05	-0.26457	0.949945	-0.00117489
19	2.51383e-09	1.00715	-0.0319127	0.00152613	0.025527	0.998934	-0.000650265
20	2.51383e-09	1.0228	-0.0852016	0.00312621	0.080734	0.984106	0.000731241
21	2.51383e-09	-0.952999	-0.342371	-0.000602078	0.33665	-0.931927	0.00324006
22	2.51383e-09	-0.987284	-0.251305	-0.00238703	0.245261	-0.958764	-0.00170194
23	2.51383e-09	0.877022	-0.50664	0.0015431	0.50418	0.858645	0.00203416
24	2.51383e-09	-0.643141	0.786862	-0.0017305	-0.773799	-0.620228	0.00012244
25	2.51383e-09	-0.67667	-0.763325	-0.00194231	0.738842	-0.657812	0.000904072
26	2.51383e-09	0.644522	-0.78758	0.00151292	0.765718	0.631057	-0.00226907
27	2.51383e-09	0.972765	0.264486	0.000159668	-0.263028	0.960217	0.00155696
28	2.51383e-09	-0.985933	0.199852	-0.000367757	-0.196752	-0.980401	0.00178143
29	2.51383e-09	0.717073	0.71664	-0.00167707	-0.70071	0.701661	0.00139593
30	2.51383e-09	-0.379884	-0.93749	-0.00124662	0.920327	-0.376224	0.000467808
31	2.51383e-09	-1.0097	-0.0582092	-0.00193314	0.0579101	-0.991507	0.00270192
32	2.51383e-09	0.990837	-0.164952	-0.00341149	0.160704	0.985781	0.00166551
33	2.51383e-09	0.941496	0.429631	-8.85848e-05	-0.404202	0.893461	0.000280225
34	2.51383e-09	0.0277305	1.03212	0.00203382	-0.983251	0.0253781	0.00088485
35	2.51383e-09	-0.787787	-0.65485	0.00298241	0.631312	-0.757839	-0.000800143
36	2.51383e-09	-0.75592	0.684521	0.000971947	-0.665256	-0.731232	0.00162564
37	2.51383e-09	-1.00988	-0.161023	-0.00364941	0.157435	-0.974233	0.000692308
38	2.51383e-09	0.260205	0.966282	0.00306679	-0.966309	0.258605	0.00124176
39	2.51383e-09	0.928977	-0.419656	-0.00238886	0.404428	0.901089	-0.000128611
40	2.51383e-09	0.073403	-1.01948	0.000253001	0.984363	0.0652364	-0.000573474
41	2.51383e-09	0.53031	-0.863287	0.00203504	0.845558	0.52029	-0.00239896
42	2.51383e-09	0.881144	-0.534298	-6.85103e-05	0.513485	0.838761	-0.000982529
43	2.51383e-09	0.898966	-0.48513	-0.00254833	0.469336	0.867109	9.40043e-05
44	2.51383e-09	0.136333	1.031	0.00168014	-0.969102	0.131754	0.000625839
45	2.51383e-09	1.00103	0.25043	-7.97563e-05	-0.236019	0.956607	0.00197562
46	2.51383e-09	-0.836222	0.595135	0.000602242	-0.570238	-0.803062	0.000130574
47	2.51383e-09	0.924305	0.419054	-0.000317243	-0.412989	0.903926	0.00154394
48	2.51383e-09	-0.89333	-0.506521	0.000528295	0.491132	-0.854906	-0.000916168
49	2.51383e-09	0.321139	0.963146	0.000120873	-0.939995	0.315718	0.00306185
50	2.51383e-09	-0.572951	0.854515	0.000688932	-0.820424	-0.546026	-0.00149048
51	2.51383e-09	0.0647506	-1.00823	0.00119005	0.994018	0.0613035	-0.000813317
52	2.51383e-09	0.32536	-0.974193	-0.00122097	0.936974	0.313987	3.41947e-05
53	2.51383e-09	0.926904	-0.447024	0.00200241	0.426308	0.885979	-0.000295484
54	2.51383e-09	-0.982518	-0.29438	-0.000424324	0.283358	-0.945737	-0.00221997
55	2.51383e-09	-0.726531	0.733066	-0.000891429	-0.701753	-0.691606	-0.00136098
56	2.51383e-09	0.984985	0.28843	0.001713	-0.27874	0.946857	-0.00197627
57	2.51383e-09	0.514539	0.905599	0.00117426	-0.855116	0.483242	-0.00239309
58	2.51383e-09	-0.818868	0.652464	-0.00197829	-0.611162	-0.761522	0.00238324
59	2.51383e-09	-1.01686	0.118537	0.000909667	-0.120617	-0.981591	0.00416098
60	2.51383e-09	0.613828	0.822595	0.00182088	-0.790427	0.589832	-0.000310985
61	2.51383e-09	1.02616	0.106009	0.00267735	-0.0995798	0.981677	-0.00261114
62	2.51383e-09	-0.565662	-0.863048	0.000754937	0.822702	-0.540271	0.000395533
63	2.51383e-09	1.02578	0.114756	0.000321841	-0.104519	0.976688	-4.43747e-05
64	2.51383e-09	0.618477	0.829279	-0.00152834	-0.789113	0.582461	0.00064055
65	2.51383e-09	-1.02009	0.135091	0.00108437	-0.129625	-0.976717	0.00275564
66	2.51383e-09	-0.664384	-0.790564	0.00296929	0.75518	-0.625706	-0.00119595
67	2.51383e-09	-0.415386	-0.96225	0.00103168	0.894323	-0.384883	-0.000364626
68	2.51383e-09	-0.76561	0.685632	0.00104967	-0.658452	-0.735735	-0.00115225
69	2.51383e-09	0.224357	-1.01332	-0.00137562	0.959038	0.214783	-0.00293614
70	2.51383e-09	1.03041	-0.0331868	0.00200379	0.0327698	0.9843	0.000850818
71	2.51383e-09	1.01764	0.217957	0.000466785	-0.199206	0.958752	0.0024601
72	2.51383e-09	-0.313922	1.00529	0.00116576	-0.931435	-0.292265	-0.000105173
73	2.51383e-09	0.142237	-1.02597	-0.00113447	0.973353	0.13367	-0.000727319
74	2.51383e-09	0.18593	1.045	0.000664859	-0.954156	0.171302	-0.00270348
75	2.51383e-09	-0.131178	1.03115	-1.26121e-05	-0.974283	-0.126328	-0.000823264
76	2.51383e-09	0.915448	-0.509934	0.00191142	0.480315	0.851581	0.0019111
77	2.51383e-09	0.397175	-0.978498	0.00223917	0.903748	0.364892	0.000914059
78	2.51383e-09	-0.88805	0.569511	0.000140087	-0.525923	-0.814418	0.00137327
79	2.51383e-09	-0.238147	-1.01121	-0.0030525	0.95318	-0.221284	-0.00139309
80	2.51383e-09	0.0887126	-1.03934	0.000783501	0.976141	0.0834261	0.0019703
81	2.51383e-09	-0.467239	0.928688	-0.00290107	-0.875484	-0.441673	-0.001961
82	2.51383e-09	0.539629	0.901587	-8.16736e-05	-0.840069	0.495824	0.000965236
83	2.51383e-09	-1.02558	0.11004	0.00144307	-0.105671	-0.98139	0.000541366
84	2.51383e-09	-0.546252	0.895525	-0.00129695	-0.833173	-0.509552	-0.000580121
85	2.51383e-09	-0.599002	-0.834044	0.00173534	0.799878	-0.577399	-0.000968474
86	2.51383e-09	-0.391496	-0.966779	-0.00117945	0.908662	-0.366753	9.93465e-05
87	2.51383e-09	-0.123078	-1.03925	-0.000233899	0.968431	-0.114093	-0.000436727
88	2.51383e-09	0.698875	-0.75987	0.00219023	0.724209	0.667412	0.00128903
89	2.51383e-09	0.471057	-0.942573	0.00249818	0.870368	0.439114	-0.000795622
90	2.51383e-09	0.224511	1.03193	-0.0014509	-0.94865	0.206255	-0.00350529
91	2.51383e-09	-0.620456	0.827547	0.000158704	-0.786095	-0.592152	0.0037215
92	2.51383e-09	-0.411519	0.958792	-0.000899241	-0.901233	-0.388595	-0.000162866
93	2.51383e-09	0.0351117	1.05385	0.00108812	-0.973093	0.0322753	-0.000973449
94	2.51383e-09	0.0437658	1.03644	0.00310879	-0.982016	0.0390903	-0.00058003
95	2.51383e-09	-0.485133	0.912248	0.00113468	-0.866974	-0.467034	0.00167173
96	2.51383e-09	0.737108	0.7546	0.000694606	-0.69574	0.683029	0.00309189
97	2.51383e-09	-0.808032	-0.666958	0.00235421	0.626139	-0.752996	-0.00139969
98	2.51383e-09	-0.847286	0.627003	0.00146171	-0.582562	-0.781083	-0.000896442
99	2.51383e-09	0.255804	-1.02971	0.000755987	0.945995	0.229762	-0.000923868
100	2.51383e-09	-0.945454	-0.47643	0.00292965	0.432376	-0.868926	0.000422963
101	2.51383e-09	-0.974524	0.359334	-0.000863095	-0.337952	-0.919143	-0.0017937
102	2.51383e-09	-1.02093	-0.0965556	0.00180179	0.0967279	-0.98395	0.000614754
103	2.51383e-09	0.959583	0.422323	-0.00378597	-0.394438	0.893021	-0.000439565
104	2.51383e-09	-0.761633	0.714587	0.000528383	-0.667952	-0.717472	0.000686919
105	2.51383e-09	-0.288249	1.00393	0.00106518	-0.940168	-0.272639	-0.000648555
106	2.51383e-09	-0.947325	0.441956	1.70786e-05	-0.411556	-0.887995	-0.000797795
107	2.51383e-09	1.04734	-0.104073	0.00121939	0.0966169	0.971273	0.00219198
108	2.51383e-09	1.04117	-0.222474	-0.0017351	0.20123	0.948735	-0.00137881
109	2.51383e-09	1.00439	0.333133	0.00163104	-0.311563	0.922246	-0.00149043
110	2.51383e-09	-0.922614	0.509033	-0.000736521	-0.475981	-0.851568	-0.000392011
111	2.51383e-09	1.06917	0.0134171	-0.000258234	-0.0117597	0.964795	-0.00124822
112	2.51383e-09	-0.540576	0.913011	-0.000209867	-0.832463	-0.499787	0.000178165
113	2.51383e-09	-1.039	-0.179453	0.000981027	0.168146	-0.959129	0.000917586
114	2.51383e-09	-1.0418	0.146679	0.000883398	-0.137471	-0.963345	0.00174143
115	2.51383e-09	0.897569	0.582803	0.00220167	-0.532524	0.808941	0.00172419
116	2.51383e-09	-0.581373	-0.877038	0.000173659	0.811845	-0.538828	0.000733861
117	2.51383e-09	-0.651508	-0.839936	-0.00108822	0.766294	-0.595923	-0.00132201
118	2.51383e-09	-0.618622	0.85686	-0.00112171	-0.788536	-0.570056	0.00141948
119	2.51383e-09	0.894378	-0.5503	-0.00281217	0.506973	0.831882	0.000800011
120	2.51383e-09	0.432847	-0.96156	0.00137931	0.888679	0.396173	-0.000906331
121	2.51383e-09	0.794797	0.702439	-0.00224619	-0.640677	0.732387	-0.000328977
122	2.51383e-09	0.728305	0.783171	0.000828525	-0.710737	0.65673	-0.000698513
123	2.51383e-09	1.02261	-0.243746	0.00223412	0.231128	0.945491	-0.000331651
124	2.51383e-09	-0.954384	-0.499109	0.00242867	0.444418	-0.85391	0.00077062
125	2.51383e-09	-1.05085	-0.108619	0.00233103	0.0980597	-0.965858	0.00029106
126	2.51383e-09	0.248894	-1.03733	-0.000557877	0.938012	0.230474	0.000775579
127	2.51383e-09	-0.0346078	1.05745	0.00143656	-0.970943	-0.0308718	-0.000845677
128	2.51383e-09	-1.06484	0.039519	-0.00177455	-0.0327183	-0.968875	0.00161449
129	2.51383e-09	0.264	-1.01788	0.00102148	0.94546	0.249518	0.000109847
130	2.51383e-09	0.296936	1.01565	0.000243492	-0.93357	0.276304	0.00134456
131	2.51383e-09	-0.342993	-1.03334	-0.00139663	0.904744	-0.303501	0.00100042
132	2.51383e-09	0.927845	0.547528	-0.00115465	-0.490513	0.827917	-0.00221629
133	2.51383e-09	0.718738	0.786857	0.0020945	-0.718691	0.6507	0.00200231
134	2.51383e-09	-0.98076	0.385494	0.000958459	-0.357187	-0.90419	-0.00160489
135	2.51383e-09	0.334269	-1.00899	-0.00015601	0.919735	0.306953	0.000178199
136	2.51383e-09	1.03087	0.33696	0.000469509	-0.297024	0.91141	-0.000509698
137	2.51383e-09	-0.873208	-0.603419	0.00292559	0.554108	-0.797157	-0.00252275
138	2.51383e-09	-0.982773	0.416786	0.000505257	-0.375896	-0.890395	0.000255383
139	2.51383e-09	-0.827244	-0.684554	0.000709833	0.612113	-0.743939	-0.00309453
140	2.51383e-09	-0.772682	-0.761298	0.000309814	0.67381	-0.684122	-0.00156882
141	2.51383e-09	0.909513	-0.555107	0.00227983	0.50407	0.828876	0.00232136
142	2.51383e-09	0.949608	0.515039	0.00133854	-0.452154	0.847542	0.00163482
143	2.51383e-09	-1.01007	0.341311	0.0022297	-0.307239	-0.919443	0.00227634
144	2.51383e-09	-0.578978	-0.924592	-0.00024827	0.811711	-0.504414	-0.00195836
145	2.51383e-09	1.06065	0.0416035	0.000599419	-0.0372428	0.970066	0.00123085
146	2.51383e-09	0.589324	0.933689	-0.00173113	-0.805377	0.508749	0.00323215
147	2.51383e-09	-0.725311	0.804469	-0.0027865	-0.714958	-0.642518	-0.00113046
148	2.51383e-09	1.01579	-0.372815	0.00107069	0.335023	0.904085	0.000198803
149	2.51383e-09	0.32002	-1.01041	0.0012217	0.930259	0.283631	0.00111906
150	2.51383e-09	-1.01688	0.344205	-0.00204061	-0.305187	-0.917401	0.00202611
151	2.51383e-09	-0.658765	-0.849032	3.44326e-05	0.762917	-0.591193	-0.000948528
152	2.51383e-09	-0.704025	0.81241	0.000566358	-0.719957	-0.641181	0.000455455
153	2.51383e-09	-1.01464	-0.402337	-0.000501571	0.348287	-0.891093	0.000113783
154	2.51383e-09	-0.680898	0.866145	-0.00154138	-0.75192	-0.584182	0.00207944
155	2.51383e-09	-0.968386	0.458884	-0.00173382	-0.413893	-0.875568	-0.00308893
156	2.51383e-09	-0.0455041	1.09556	0.000557854	-0.951524	-0.0359762	0.00233272
157	2.51383e-09	1.02824	0.291954	-0.000443538	-0.263564	0.930535	-0.00167302
158	2.51383e-09	0.17796	-1.07017	0.00462918	0.948633	0.155158	0.000226014
159	2.51383e-09	0.329035	1.02154	-0.00170111	-0.919838	0.29488	-0.001697
160	2.51383e-09	-1.06886	-0.102413	-0.00311488	0.0937927	-0.961551	-0.000300974
161	2.51383e-09	-1.02031	-0.387933	-0.00165885	0.338562	-0.894168	0.00225441
162	2.51383e-09	0.093307	1.08442	0.00145441	-0.954376	0.0794518	0.00208786
163	2.51383e-09	0.385242	1.0119	0.001097	-0.900229	0.337947	0.00190562
164	2.51383e-09	-0.970555	0.460048	0.00272971	-0.41299	-0.869308	0.000328804
165	2.51383e-09	-0.960298	-0.546514	0.00140315	0.468589	-0.825888	-0.00132151
166	2.51383e-09	-0.831791	0.692226	0.000638877	-0.614644	-0.741614	0.000652252
167	2.51383e-09	0.909676	0.578232	-0.00133217	-0.51767	0.808406	0.00390257
168	2.51383e-09	1.06129	-0.232926	0.00127043	0.208288	0.935492	-0.00188976
169	2.51383e-09	-0.848267	0.676338	-0.000556977	-0.599216	-0.747877	-0.00204563
170	2.51383e-09	0.216388	-1.07003	-0.00335449	0.93801	0.192399	0.00327726
171	2.51383e-09	0.0162662	-1.09057	4.95801e-05	0.95649	0.012188	-0.00290331
172	2.51383e-09	1.11468	0.0139796	-0.00336768	-0.0117395	0.945334	0.00104472
173	2.51383e-09	0.687188	0.862956	0.000248949	-0.744713	0.592075	-0.000322794
174	2.51383e-09	0.230735	1.07902	-0.00235822	-0.930132	0.195128	-0.000718611
175	2.51383e-09	0.664807	-0.860926	-0.000504372	0.761906	0.585624	0.00157375
176	2.51383e-09	-0.684042	0.828228	0.00182136	-0.742649	-0.616664	0.00132734
177	2.51383e-09	-0.491811	-0.990557	0.00180694	0.850946	-0.422896	-0.0012418
178	2.51383e-09	-0.51468	-0.940375	0.000367248	0.849157	-0.46342	0.00102743
179	2.51383e-09	0.931658	0.578329	0.00384836	-0.505794	0.80995	0.00124461
180	2.51383e-09	-0.954167	0.512469	-0.00066789	-0.458666	-0.842588	0.00181066
181	2.51383e-09	1.09302	-0.103739	0.00112419	0.0884265	0.951538	0.0015235
182	2.51383e-09	0.274123	1.05603	0.0011421	-0.926545	0.241043	-0.00142235
183	2.51383e-09	0.281269	-1.06775	0.000578949	0.920154	0.243422	0.000975315
184	2.51383e-09	-0.151791	-1.09029	0.000693438	0.945516	-0.130759	-0.00166447
185	2.51383e-09	0.891613	-0.637247	-0.000180758	0.555431	0.775484	-0.000772017
186	2.51383e-09	-1.07502	-0.072007	-0.000755811	0.0576549	-0.963824	-0.00120417
187	2.51383e-09	-0.572491	0.906353	0.000724786	-0.816261	-0.513542	0.00164101
188	2.51383e-09	0.147282	-1.09601	-0.000462658	0.940432	0.127786	0.00058584
189	2.51383e-09	-0.149016	1.08596	-0.000937132	-0.945837	-0.132327	-4.79502e-05
190	2.51383e-09	-0.812054	0.734295	0.000989943	-0.645661	-0.707586	-0.00116396
191	2.51383e-09	1.01913	-0.397381	-0.00321389	0.344659	0.89134	0.000507613
192	2.51383e-09	0.321964	1.05196	-0.000291903	-0.912157	0.280821	-0.00123186
193	2.51383e-09	-0.188845	-1.0892	0.000946955	0.93549	-0.16016	-0.0023182
194	2.51383e-09	0.538611	-0.989388	-0.000380525	0.827304	0.449104	0.000316089
195	2.51383e-09	0.204056	1.0603	-0.00108322	-0.946246	0.18188	-0.000949283
196	2.51383e-09	0.882372	0.653353	-0.000144013	-0.5624	0.768072	0.00299655
197	2.51383e-09	-0.0857327	1.08758	0.000899133	-0.956095	-0.073255	-0.00110233
198	2.51383e-09	-1.05193	-0.354	-0.00183827	0.30459	-0.897458	-0.00161118
199	2.51383e-09	0.734815	-0.830059	0.00152528	0.708907	0.630955	-0.00145579
200	2.51383e-09	-0.0671828	-1.11051	-0.000929453	0.946775	-0.0569124	0.00102296
201	2.51383e-09	-0.0881127	-1.09795	-0.00215164	0.949653	-0.0778844	-0.000155324
202	2.51383e-09	0.852086	0.690669	-0.00287936	-0.605603	0.738442	-0.00133118
203	2.51383e-09	1.06354	0.224471	-0.000191843	-0.196731	0.938693	0.00111725
204	2.51383e-09	0.57011	0.948288	-0.000852836	-0.816377	0.491139	-0.00182
205	2.51383e-09	0.507705	1.00915	-0.00123648	-0.841714	0.422773	-0.000137254
206	2.51383e-09	-1.0298	0.37379	-0.00225644	-0.326029	-0.896635	0.00146399
207	2.51383e-09	-0.323631	1.06516	0.0003092	-0.905676	-0.276269	0.000751009
208	2.51383e-09	1.0878	0.125252	-0.000103574	-0.105652	0.951044	-0.000636951
209	2.51383e-09	-0.645464	0.883942	-0.00254643	-0.773722	-0.563596	-0.00042442
210	2.51383e-09	0.880429	-0.669661	-0.00145971	0.575878	0.756138	0.000601974
211	2.51383e-09	0.300512	1.06065	0.00115962	-0.91549	0.261512	-0.000156379
212	2.51383e-09	0.191771	1.10015	0.00163322	-0.932931	0.164678	0.0018193
213	2.51383e-09	-0.0977351	-1.0998	0.00162101	0.946716	-0.0830297	0.00284147
214	2.51383e-09	-0.835873	0.714553	0.00116293	-0.616445	-0.725531	-0.000585052
215	2.51383e-09	0.677051	0.872216	-0.00033216	-0.754956	0.582855	-0.00177888
216	2.51383e-09	-1.08938	0.228792	0.00197524	-0.188577	-0.929568	0.000476007
217	2.51383e-09	0.780374	0.786478	0.0014795	-0.675432	0.672752	-0.000435317
218	2.51383e-09	-1.01863	0.374402	0.00217038	-0.33531	-0.897891	0.000373255
219	2.51383e-09	-1.08763	0.288653	0.000133469	-0.241841	-0.90892	0.000199677
220	2.51383e-09	1.0999	0.166406	0.00239318	-0.144585	0.936321	0.000781792
221	2.51383e-09	-1.03611	0.346336	-0.00145932	-0.305413	-0.90787	-0.00272105
222	2.51383e-09	0.620629	-0.918827	-0.00323495	0.788432	0.532414	-0.000474133
223	2.51383e-09	-1.00907	0.485385	-0.0021424	-0.405469	-0.851555	-4.29999e-05
224	2.51383e-09	-0.82481	0.714435	-0.000935596	-0.62848	-0.726069	-0.00102192
225	2.51383e-09	1.10202	-0.113003	-0.00087622	0.0930153	0.947422	-0.000165098
226	2.51383e-09	0.977015	-0.557605	-0.00123644	0.468857	0.816844	-0.00199946
227	2.51383e-09	-0.916229	0.620071	0.00181354	-0.536303	-0.785161	-0.000753331
228	2.51383e-09	-0.726735	-0.844648	0.000421823	0.719206	-0.620118	0.00119864
229	2.51383e-09	1.13233	0.0862513	-0.00247155	-0.0716741	0.933199	-0.0027647
230	2.51383e-09	-0.873208	0.729026	0.00238765	-0.5969	-0.722428	0.000230029
231	2.51383e-09	0.378611	1.05954	0.000176687	-0.88765	0.324012	-0.00262162
232	2.51383e-09	1.01129	0.457312	0.00134416	-0.387387	0.863509	0.00153398
233	2.51383e-09	-0.651531	-0.894504	0.00231223	0.767924	-0.565797	-0.00173915
234	2.51383e-09	1.10782	0.191511	0.000987678	-0.162585	0.929012	-0.00110776
235	2.51383e-09	-0.88433	-0.668393	-0.00366669	0.571978	-0.760762	-0.00205833
236	2.51383e-09	0.967431	0.583318	0.000946171	-0.487519	0.805965	-0.000893075
237	2.51383e-09	1.05828	0.33143	-0.000292806	-0.285675	0.907909	0.000125495
238	2.51383e-09	1.14138	-0.0181274	0.000521605	0.0212887	0.93592	-7.30416e-06
239	2.51383e-09	0.441987	-1.01318	0.00286637	0.874078	0.380167	-0.000436042
240	2.51383e-09	-1.132	-0.0697369	0.000251516	0.0621986	-0.93411	-0.00131496
241	2.51383e-09	-1.1117	-0.0614867	0.000678767	0.0479167	-0.948643	-0.000311698
242	2.51383e-09	-1.04071	-0.510043	0.00283412	0.405467	-0.834478	0.000601971
243	2.51383e-09	-0.0446531	-1.12004	0.00269274	0.943227	-0.0427166	0.00216459
244	2.51383e-09	-0.507211	-1.0123	0.00373464	0.840299	-0.419305	0.00174557
245	2.51383e-09	-0.621595	-0.929817	0.00504184	0.787128	-0.523591	4.93755e-05
246	2.51383e-09	-1.0397	-0.418743	0.00316917	0.354958	-0.875746	-0.000773536
247	2.51383e-09	0.97071	0.521187	-0.000709869	-0.454309	0.836595	0.00104475
248	2.51383e-09	-1.09297	0.256799	-0.00162479	-0.2151	-0.918536	0.00107396
249	2.51383e-09	-0.183834	1.11067	-0.00120811	-0.930289	-0.148122	0.00188799
250	2.51383e-09	0.811562	-0.787175	-0.00291601	0.655082	0.673542	0.000612509
251	2.51383e-09	-0.00917704	-1.13201	-0.00185638	0.93838	-0.00639583	0.00162308
252	2.51383e-09	-1.12142	0.0171711	-0.00105962	-0.013423	-0.944762	-0.00174062
253	2.51383e-09	-0.767944	0.855931	-0.00282255	-0.69018	-0.622888	0.00199378
254	2.51383e-09	0.789363	-0.796131	-0.00350845	0.671176	0.665198	0.000841778
255	2.51383e-09	-0.660647	0.92476	0.00147519	-0.762847	-0.54732	0.000639287
256	2.51383e-09	-0.784697	0.834304	0.000345729	-0.684709	-0.638745	0.00040208
257	2.51383e-09	-0.572708	-0.973728	-0.000745109	0.8128	-0.473266	0.00210323
258	2.51383e-09	-1.1178	-0.164226	0.00498154	0.134623	-0.931765	-0.000264615
259	2.51383e-09	-0.197154	-1.10656	-0.000290991	0.929876	-0.16338	-0.000476139
260	2.51383e-09	0.149211	-1.12156	-0.000340902	0.930815	0.120696	0.00324366
261	2.51383e-09	0.0936789	-1.13885	0.0024303	0.933288	0.0740322	0.00218781
262	2.51383e-09	-1.03756	-0.424696	-0.0056027	0.359767	-0.870357	-0.000115343
263	2.51383e-09	-0.927305	-0.661522	0.000902843	0.540868	-0.763201	-0.00131322
264	2.51383e-09	-0.772923	-0.818702	0.00183366	0.687788	-0.645071	-0.00117538
265	2.51383e-09	1.12374	-0.187162	0.000867905	0.152149	0.927815	-0.00186127
266	2.51383e-09	0.0156449	-1.13625	0.00161785	0.936536	0.0130872	0.000493507
267	2.51383e-09	-0.253219	1.0969	-0.000986639	-0.917278	-0.21952	0.00140402
268	2.51383e-09	0.542243	-1.00467	0.00241511	0.823566	0.43897	0.000315351
269	2.51383e-09	-0.295351	-1.10599	-0.00104401	0.901985	-0.240195	0.000161902
270	2.51383e-09	-0.414459	1.06376	0.000963342	-0.870022	-0.341172	-0.000267859
271	2.51383e-09	-1.0015	0.549418	-0.00127932	-0.449531	-0.820482	-0.000189669
272	2.51383e-09	0.453368	1.04677	-0.00248506	-0.859141	0.37219	0.00212437
273	2.51383e-09	1.12617	0.195767	-3.12716e-05	-0.161513	0.919913	0.000898575
274	2.51383e-09	-0.944107	0.590482	-0.000284296	-0.507323	-0.803699	0.00185163
275	2.51383e-09	0.635618	-0.93663	0.00107829	0.777644	0.531122	0.000623097
276	2.51383e-09	1.04392	-0.441719	-0.00232273	0.369825	0.865195	-0.000561777
277	2.51383e-09	-1.12224	-0.254602	0.0030432	0.211979	-0.904159	-0.00075339
278	2.51383e-09	0.232346	-1.12136	0.0019851	0.916926	0.191178	-0.00120029
279	2.51383e-09	0.693191	0.914677	-0.000589819	-0.741573	0.565823	-2.85798e-05
280	2.51383e-09	0.908854	0.720416	-0.000358527	-0.579697	0.725453	-0.000605906
281	2.51383e-09	-0.0806105	-1.13708	0.000528243	0.933282	-0.0672561	-0.00024554
282	2.51383e-09	-0.916159	0.680583	-0.00296044	-0.557269	-0.753231	0.000157095
283	2.51383e-09	0.773402	-0.827614	-0.00017412	0.691024	0.637687	-0.000430738
284	2.51383e-09	0.297684	-1.12032	-0.000416506	0.896997	0.233138	0.00163906
285	2.51383e-09	-0.994581	0.564811	-0.00176546	-0.464573	-0.813291	-0.000465351
286	2.51383e-09	-1.12902	-0.0460379	-0.000419632	0.0386782	-0.940248	-0.00144424
287	2.51383e-09	-1.05113	-0.418697	0.000521992	0.351707	-0.873666	0.000329472
288	2.51383e-09	0.774355	0.85466	9.73572e-05	-0.689313	0.627564	0.000580513
289	2.51383e-09	-0.553044	1.00644	0.0028582	-0.816008	-0.453112	-0.000395743
290	2.51383e-09	-0.21766	-1.11866	-0.00136782	0.919585	-0.179409	-0.00287481
291	2.51383e-09	0.93781	-0.646219	0.00198983	0.533705	0.770434	0.000426357
292	2.51383e-09	-1.11809	0.253372	0.000381262	-0.208885	-0.909841	-0.000900873
293	2.51383e-09	0.0411049	1.14135	0.00147818	-0.93564	0.0364714	0.00199051
294	2.51383e-09	0.988873	0.62746	0.00370903	-0.496756	0.779105	-0.00165273
295	2.51383e-09	-1.12429	0.174291	-0.00392498	-0.143197	-0.927443	0.000246994
296	2.51383e-09	-0.786074	0.843003	-0.0012877	-0.683267	-0.636266	0.000107126
297	2.51383e-09	0.688776	0.913093	0.00181624	-0.746589	0.566035	-0.000799365
298	2.51383e-09	-0.765048	-0.86375	0.000648405	0.699242	-0.614072	-0.00144259
299	2.51383e-09	-1.14281	-0.143727	0.00215443	0.113427	-0.929468	-0.000504401
300	2.51383e-09	-0.887553	0.754111	-0.00179785	-0.595577	-0.711196	0.00262441
301	2.51383e-09	-0.290993	-1.10787	-0.000230684	0.905233	-0.240458	0.0014587
302	2.51383e-09	1.14647	0.203197	0.00313029	-0.153817	0.914242	0.00282763
303	2.51383e-09	0.758083	-0.859763	-0.00247951	0.704132	0.617892	0.00113523
304	2.51383e-09	-0.284391	1.12581	0.00217208	-0.898774	-0.226166	0.000533429
305	2.51383e-09	-1.12114	-0.240725	-0.00236335	0.195745	-0.912754	0.000564127
306	2.51383e-09	1.12214	-0.309069	-9.78958e-05	0.248229	0.892149	-0.00187163
307	2.51383e-09	0.723271	0.898803	-0.00020409	-0.72498	0.58355	-0.00140348
308	2.51383e-09	0.712162	0.926903	-0.00139687	-0.734604	0.562196	-0.00122561
309	2.51383e-09	-0.104614	-1.14195	0.00181901	0.930279	-0.0861589	0.000180719
310	2.51383e-09	-1.08818	0.389413	-0.00086784	-0.319469	-0.871884	-0.00116331
311	2.51383e-09	0.776084	-0.854592	-0.0030625	0.686984	0.628086	-2.77788e-05
312	2.51383e-09	-0.0686243	-1.16414	-0.001627	0.923666	-0.0526611	-0.00247129
313	2.51383e-09	0.60536	0.990006	-5.60571e-05	-0.788818	0.488451	0.00194235
314	2.51383e-09	-0.937327	-0.661757	0.00160753	0.541127	-0.761758	-0.00122918
315	2.51383e-09	1.1273	-0.306728	0.00205991	0.23999	0.894589	0.00106409
316	2.51383e-09	-1.16251	0.118095	0.00117516	-0.0915556	-0.919648	0.000342774
317	2.51383e-09	0.685389	-0.934734	0.000765342	0.748015	0.549119	-0.00105577
318	2.51383e-09	0.110897	-1.16069	-0.00292242	0.920058	0.0892243	0.000965291
319	2.51383e-09	1.16734	-0.0543901	-0.00272375	0.044685	0.923398	-6.36327e-05
320	2.51383e-09	-0.561228	-1.04227	-0.00047346	0.806475	-0.435795	0.00132988
321	2.51383e-09	-0.739748	0.902635	-0.00062877	-0.714979	-0.58526	-0.000520571
322	2.51383e-09	1.1492	-0.183375	0.000235875	0.147139	0.913195	-6.57584e-05
323	2.51383e-09	0.779855	-0.873569	0.00100585	0.684737	0.616423	-0.00127036
324	2.51383e-09	0.253913	1.15314	-0.00244288	-0.90022	0.195588	0.000118341
325	2.51383e-09	-0.0628101	1.16053	-0.00126524	-0.925934	-0.0457432	0.00113713
326	2.51383e-09	-0.0644024	-1.17516	0.00210241	0.919427	-0.0560691	-0.00232369
327	2.51383e-09	-0.124159	-1.16789	-0.00161106	0.917908	-0.095412	-0.00267932
328	2.51383e-09	-1.11524	0.281992	-0.00187471	-0.227988	-0.904416	0.000293393
329	2.51383e-09	-0.110226	-1.18098	-0.001919	0.914162	-0.0924175	-0.000443241
330	2.51383e-09	1.12131	-0.313515	0.00109998	0.249328	0.890884	-0.00126344
331	2.51383e-09	1.12992	-0.254348	0.00309758	0.203052	0.907093	-0.000936358
332	2.51383e-09	1.05661	0.480563	0.000263211	-0.38194	0.848055	-0.000900116
333	2.51383e-09	1.16238	0.221657	-0.00101127	-0.17227	0.901973	-0.00119156
334	2.51383e-09	-0.490211	-1.0688	0.00145382	0.839498	-0.380297	0.000715049
335	2.51383e-09	0.999474	-0.629242	6.14207e-05	0.488032	0.78034	0.000165696
336	2.51383e-09	-0.313325	1.12415	-0.00104174	-0.892489	-0.249796	-0.000301914
337	2.51383e-09	-1.1287	-0.358869	-0.00170784	0.279943	-0.87359	-0.00235533
338	2.51383e-09	0.668219	0.967421	0.00167706	-0.760721	0.521649	-0.00151173
339	2.51383e-09	-0.463842	1.09845	0.000587611	-0.844409	-0.35182	-0.00227296
340	2.51383e-09	-0.927909	0.721437	-0.00179239	-0.566993	-0.72997	0.00157599
341	2.51383e-09	0.0685718	1.18097	-0.000326623	-0.918016	0.0539111	-0.00149939
342	2.51383e-09	-0.489818	1.06717	-0.000703901	-0.835928	-0.387363	7.41716e-06
343	2.51383e-09	-0.867626	0.762447	-0.00144583	-0.612105	-0.702568	-0.00165774
344	2.51383e-09	-0.476919	1.07431	0.000812243	-0.846571	-0.373534	-6.78864e-05
345	2.51383e-09	-0.700275	-0.934573	8.9734e-05	0.741096	-0.55483	0.0027317
346	2.51383e-09	1.15712	0.104336	0.00144874	-0.087178	0.925324	-0.00303105
347	2.51383e-09	-0.00980097	-1.17342	0.00217629	0.921388	-0.0153378	7.62316e-05
348	2.51383e-09	-1.09899	-0.455557	-0.000162859	0.352202	-0.843902	-2.29029e-05
349	2.51383e-09	-0.313097	-1.12989	-0.000456423	0.889813	-0.243781	0.00146683
350	2.51383e-09	-0.576538	-1.02374	0.000247131	0.805799	-0.450758	-0.0014508
351	2.51383e-09	-1.18385	-0.138239	0.00134191	0.108318	-0.907268	0.000296411
352	2.51383e-09	1.12079	-0.358117	0.0034357	0.281544	0.878369	0.00194587
353	2.51383e-09	0.82186	-0.881094	0.000845792	0.66679	0.617799	-0.00246099
354	2.51383e-09	0.572901	1.04183	-0.00210411	-0.802146	0.442908	-0.00161283
355	2.51383e-09	1.15992	-0.00876167	0.00281396	0.00398513	0.929053	0.00199875
356	2.51383e-09	-0.689563	-0.96689	-0.000594079	0.745047	-0.5354	-0.00150635
357	2.51383e-09	0.904588	-0.756339	-0.000546597	0.589892	0.706021	-0.000921192
358	2.51383e-09	1.2015	0.0541591	-0.00280449	-0.0463208	0.910898	0.000308156
359	2.51383e-09	0.81508	0.874099	-0.00348942	-0.670323	0.620536	0.00148136
360	2.51383e-09	0.930447	-0.709777	-0.00256456	0.559782	0.736053	-3.25299e-05
361	2.51383e-09	0.997282	0.621606	0.000997653	-0.486382	0.782948	0.00163748
362	2.51383e-09	0.0144559	-1.17471	-0.0024655	0.922988	0.0110114	-0.000824444
363	2.51383e-09	-0.488469	-1.06682	-0.00202192	0.844093	-0.38059	0.000105926
364	2.51383e-09	-0.680612	0.953467	-0.000233457	-0.749347	-0.539429	0.00109921
365	2.51383e-09	0.427895	1.11543	-0.000802001	-0.855099	0.326368	0.00208229
366	2.51383e-09	1.0518	-0.546761	-2.39149e-06	0.424396	0.815692	0.00206928
367	2.51383e-09	0.117765	-1.18081	0.000741757	0.914181	0.0964551	0.00141568
368	2.51383e-09	-0.697793	-0.97392	0.000448191	0.74467	-0.52885	0.000429844
369	2.51383e-09	1.1918	-0.146913	0.000813761	0.109852	0.904621	1.11296e-05
370	2.51383e-09	-1.19941	0.0164437	0.000668833	-0.0139024	-0.910545	-0.000668225
371	2.51383e-09	0.994843	-0.693099	-0.00154199	0.519142	0.743646	-0.000133962
372	2.51383e-09	1.08338	0.481719	-0.00257842	-0.371438	0.840075	-0.00160208
373	2.51383e-09	-0.962087	0.693271	-0.00213455	-0.534999	-0.746431	-0.000364087
374	2.51383e-09	-1.10554	0.495721	-0.00346786	-0.372977	-0.826622	0.000347991
375	2.51383e-09	-0.47196	-1.09356	0.000644078	0.842267	-0.363197	0.000776656
376	2.51383e-09	0.518116	-1.07179	-0.00151361	0.823006	0.399704	-0.000170767
377	2.51383e-09	1.07544	-0.51623	-0.00309419	0.39124	0.827453	0.00096111
378	2.51383e-09	0.831885	0.866842	0.00245348	-0.658608	0.62935	-0.000427109
379	2.51383e-09	-0.442672	1.10217	-0.000248531	-0.847303	-0.341504	-0.00125221
380	2.51383e-09	0.712671	0.941292	-0.000806817	-0.734711	0.553968	0.00103703
381	2.51383e-09	-1.15153	-0.299299	0.000839115	0.232106	-0.885887	0.00118162
382	2.51383e-09	-1.19128	0.0110072	0.00163233	-0.00788295	-0.916867	0.00143162
383	2.51383e-09	1.1825	0.0259435	-0.00115163	-0.0174858	0.916882	0.00130657
384	2.51383e-09	1.20114	0.0542737	-0.00270224	-0.0427205	0.908407	0.000744319
385	2.51383e-09	0.921553	-0.7456	-0.000817023	0.580125	0.712689	-0.000707489
386	2.51383e-09	-0.645683	-1.01467	0.00298523	0.768562	-0.488262	-0.000834508
387	2.51383e-09	1.11599	0.430311	-0.000802775	-0.328473	0.855292	-0.00318347
388	2.51383e-09	-0.87779	-0.826802	-0.00104835	0.618828	-0.66782	-0.000695219
389	2.51383e-09	-1.15793	-0.280873	0.00233956	0.216616	-0.890395	0.00151339
390	2.51383e-09	0.5243	1.0554	0.000943239	-0.82663	0.411364	-0.00271534
391	2.51383e-09	-1.08752	-0.51454	-0.00218053	0.393049	-0.823542	-0.00129271
392	2.51383e-09	-0.617414	1.04867	0.00024313	-0.779342	-0.457064	-0.0012379
393	2.51383e-09	-0.286766	-1.16626	5.7805e-06	0.888849	-0.220594	-0.00229758
394	2.51383e-09	-1.0872	0.524615	0.000406827	-0.393841	-0.81814	0.00103826
395	2.51383e-09	0.966323	-0.717866	-0.0014539	0.544258	0.729085	-0.000542884
396	2.51383e-09	0.921352	0.76791	0.000922286	-0.586325	0.700264	5.42266e-05
397	2.51383e-09	-1.2063	0.0341856	0.0010652	-0.0263785	-0.908677	0.00253725
398	2.51383e-09	1.20225	-0.148362	0.00146397	0.115913	0.9	0.000866859
399	2.51383e-09	0.377884	1.13605	-0.000648965	-0.868826	0.288703	-0.00219893
400	2.51383e-09	-1.02325	0.61426	-0.000370676	-0.467896	-0.787223	-0.00277118
