8.485999e+03
401
0	1	0.000391804	0.000243026	-3.5755e-07	3.44806e-08	4.42745e-08	7.17918e-11
1	2.51383e-09	-1.00983	0.0496717	-0.000710419	-0.0435673	-0.993884	0.00259979
2	2.51383e-09	-0.465992	0.884134	-0.000317593	-0.882241	-0.473092	0.00100021
3	2.51383e-09	0.659917	0.74626	0.00102992	-0.748041	0.667313	0.000770441
4	2.51383e-09	-0.186919	-0.98408	-0.000571433	0.983162	-0.185876	0.00227175
5	2.51383e-09	0.847269	-0.51741	-0.00134147	0.527386	0.855708	0.00105749
6	2.51383e-09	0.823303	-0.583314	0.00306167	0.576143	0.813336	-0.000764843
7	2.51383e-09	-0.041915	1.0013	-0.00253132	-0.995722	-0.0443833	-0.00105186
8	2.51383e-09	0.668494	-0.734716	-0.000927215	0.744508	0.674577	-0.000229253
9	2.51383e-09	0.528246	0.857301	-0.000259087	-0.846015	0.524722	0.000503941
10	2.51383e-09	-0.999905	-0.172343	0.000227655	0.1674	-0.97867	-0.000549975
11	2.51383e-09	-0.834172	0.555392	0.000283123	-0.552955	-0.83094	0.000652576
12	2.51383e-09	-0.857289	-0.545383	-0.00107507	0.529818	-0.838633	0.00126372
13	2.51383e-09	-0.906918	-0.437045	0.000953441	0.432091	-0.896253	0.000417378
14	2.51383e-09	-1.00012	-0.150743	-0.00228344	0.147504	-0.983852	0.00295534
15	2.51383e-09	0.439063	0.912051	-0.00119868	-0.890795	0.434167	-0.00112305
16	2.51383e-09	0.870793	-0.495927	-0.00159694	0.48881	0.869023	1.17138e-05
17	2.51383e-09	-0.509922	-0.872691	0.00112291	0.854313	-0.508685	-0.00116872
18	2.51383e-09	-0.820088	0.601493	0.00127169	-0.582709	-0.804041	0.0012682
19	2.51383e-09	0.995659	0.165635	-0.00314949	-0.169568	0.985305	-0.00109458
20	2.51383e-09	1.02872	0.058197	-0.00263318	-0.0575002	0.982979	-0.00270827
21	2.51383e-09	1.00366	-0.00567913	-0.0025999	0.00551318	0.99951	-0.00122065
22	2.51383e-09	-0.939727	0.426689	-0.00206903	-0.41052	-0.893492	0.00183588
23	2.51383e-09	-0.210067	-0.98376	0.00282773	0.977542	-0.20667	0.000366975
24	2.51383e-09	-0.752011	0.678661	0.000768039	-0.669159	-0.732297	0.00180437
25	2.51383e-09	-1.01389	-0.0290379	0.0018922	0.022457	-0.993987	0.00211812
26	2.51383e-09	0.538419	-0.861638	-0.00140916	0.840817	0.528805	-0.000557417
27	2.51383e-09	0.555207	-0.834787	0.00293015	0.834397	0.548461	-0.000374716
28	2.51383e-09	-0.184917	-0.988479	0.0010289	0.97937	-0.187753	-0.00296092
29	2.51383e-09	-0.887134	-0.484017	-0.000324183	0.474621	-0.874352	-0.00202177
30	2.51383e-09	-0.128361	-1.0039	-0.00235603	0.985699	-0.127189	0.000925635
31	2.51383e-09	0.988688	0.206335	-0.00376294	-0.203483	0.973858	0.000591243
32	2.51383e-09	-0.306833	-0.963494	-0.00395566	0.94599	-0.300544	-0.00133043
33	2.51383e-09	1.0104	-0.204129	0.00135795	0.204956	0.962556	-0.000919668
34	2.51383e-09	-0.563742	0.864066	-0.00358099	-0.824853	-0.539228	-0.000900948
35	2.51383e-09	0.554339	-0.857585	-0.00324506	0.828339	0.539288	-1.86558e-05
36	2.51383e-09	-0.797583	-0.629948	-0.00147389	0.620914	-0.770615	-0.00170773
37	2.51383e-09	-0.962507	-0.33328	0.00207328	0.326993	-0.935483	0.000454786
38	2.51383e-09	-0.406134	0.912573	0.0010753	-0.914844	-0.410201	-0.00278499
39	2.51383e-09	-0.692907	-0.754004	-0.000693195	0.721081	-0.671376	0.000803526
40	2.51383e-09	-0.333538	-0.95415	-0.000708723	0.936917	-0.333769	0.00177408
41	2.51383e-09	0.442869	0.913443	-0.000404538	-0.893671	0.432059	0.00370943
42	2.51383e-09	0.379608	0.968576	0.00212484	-0.911871	0.355878	0.00141517
43	2.51383e-09	-0.930477	0.370455	0.00041591	-0.371768	-0.931635	-0.0030777
44	2.51383e-09	-0.788403	0.672886	-0.00133089	-0.634427	-0.749172	-0.00125435
45	2.51383e-09	0.970193	-0.326254	0.000185921	0.31786	0.935776	-0.00245132
46	2.51383e-09	0.814015	-0.603124	-0.000247327	0.592333	0.800249	-0.000855525
47	2.51383e-09	-0.343462	-0.958706	-0.00127026	0.931412	-0.336568	0.0012492
48	2.51383e-09	-0.145443	1.01914	0.00103899	-0.975672	-0.13818	-0.00157704
49	2.51383e-09	0.594344	0.812818	0.00276586	-0.805539	0.587314	-0.00164133
50	2.51383e-09	0.213594	-1.01895	0.00275418	0.958311	0.203747	-0.000349192
51	2.51383e-09	-0.327386	-0.951315	-0.000699661	0.943266	-0.32412	0.00215341
52	2.51383e-09	-0.835364	0.608649	0.0018713	-0.574361	-0.796654	2.42465e-05
53	2.51383e-09	0.911679	0.475593	-0.000993305	-0.458326	0.873204	-0.00194009
54	2.51383e-09	-1.01435	0.166266	-0.00156035	-0.159061	-0.971128	0.00082929
55	2.51383e-09	0.997784	0.287733	-0.000340963	-0.275633	0.941734	1.36771e-07
56	2.51383e-09	0.215207	0.99811	0.000475179	-0.970074	0.206573	2.21586e-06
57	2.51383e-09	0.285684	-1.01563	0.00121082	0.93495	0.262108	-0.000746405
58	2.51383e-09	0.808026	0.656067	-0.00278736	-0.620494	0.760517	-0.000779877
59	2.51383e-09	0.637048	0.80479	-0.0013465	-0.778745	0.609174	0.002603
60	2.51383e-09	0.768593	0.693067	-0.00140936	-0.660255	0.726446	-0.000639051
61	2.51383e-09	0.374637	0.965086	-0.00340476	-0.913831	0.361018	-0.000217106
62	2.51383e-09	0.514103	0.904175	-0.000926001	-0.852031	0.484053	0.000506701
63	2.51383e-09	0.159327	-1.01481	-0.000841343	0.97547	0.149557	-0.000861285
64	2.51383e-09	0.261809	-0.994515	-0.00110735	0.956584	0.243091	0.000958901
65	2.51383e-09	-1.00102	-0.204158	-0.000303907	0.193891	-0.969956	-0.000382547
66	2.51383e-09	-0.969346	0.372639	0.000300585	-0.346916	-0.912612	-0.00214309
67	2.51383e-09	-1.00322	-0.313256	0.00108922	0.288362	-0.929663	0.00101851
68	2.51383e-09	0.569285	0.863249	0.00141985	-0.821612	0.540802	-0.00250029
69	2.51383e-09	-0.16272	1.02896	0.00347923	-0.96754	-0.148619	-0.000501756
70	2.51383e-09	0.285429	-0.98479	0.000138202	0.948681	0.275703	-0.000675536
71	2.51383e-09	0.840665	-0.603423	0.00220567	0.575969	0.797864	0.00472055
72	2.51383e-09	1.05645	0.0582345	0.000610804	-0.0587164	0.97171	-0.00244982
73	2.51383e-09	0.959174	0.396797	0.00239538	-0.377596	0.906331	-0.00147135
74	2.51383e-09	-0.970105	-0.43587	0.00263176	0.396416	-0.881455	0.000199865
75	2.51383e-09	0.399965	0.963652	0.000611643	-0.905124	0.376469	0.000148414
76	2.51383e-09	0.306385	-1.00017	0.00398377	0.9387	0.280769	0.000407747
77	2.51383e-09	0.977456	-0.417933	-0.00145273	0.384729	0.88898	6.90521e-05
78	2.51383e-09	0.0876901	1.04021	0.00319005	-0.974315	0.0895678	0.00188122
79	2.51383e-09	0.811045	0.633684	0.00532489	-0.6078	0.780172	0.00018264
80	2.51383e-09	0.689795	0.77215	0.000556271	-0.732294	0.657436	-0.000245059
81	2.51383e-09	0.324737	0.975841	5.58581e-05	-0.933756	0.314603	7.84067e-05
82	2.51383e-09	-1.00694	-0.307326	0.000572273	0.28341	-0.935009	0.000783875
83	2.51383e-09	0.284496	-0.992096	-0.00207904	0.947313	0.268062	-0.00024353
84	2.51383e-09	1.03133	-0.14644	-7.28355e-05	0.133229	0.971085	-0.000509045
85	2.51383e-09	-1.01169	-0.18292	0.000458263	0.174853	-0.969193	-0.00171358
86	2.51383e-09	0.991741	-0.340151	0.000133658	0.323601	0.923725	-0.000978175
87	2.51383e-09	-0.208012	1.01989	0.000929469	-0.963445	-0.193638	-0.000949655
88	2.51383e-09	0.999453	-0.27222	0.00113867	0.256128	0.948523	-0.00204133
89	2.51383e-09	-0.689087	0.798876	0.00245659	-0.737687	-0.6323	0.000216351
90	2.51383e-09	-0.830878	-0.633286	0.00382384	0.596372	-0.776587	0.000520503
91	2.51383e-09	-0.249684	0.997667	0.0048186	-0.95624	-0.244522	1.23777e-05
92	2.51383e-09	0.271034	-1.01441	-0.00109686	0.94447	0.249531	-0.000694459
93	2.51383e-09	-0.854166	0.635672	-0.00166292	-0.580764	-0.775367	0.000629613
94	2.51383e-09	0.952141	-0.412888	0.00373489	0.392897	0.900062	-0.000499385
95	2.51383e-09	0.750926	-0.70636	-0.000496694	0.676809	0.713788	-0.000461683
96	2.51383e-09	1.04211	0.114242	0.0030288	-0.104741	0.974336	-0.000632005
97	2.51383e-09	0.637025	-0.835572	-0.00100114	0.780989	0.585513	0.00188034
98	2.51383e-09	0.38859	0.977709	-5.68067e-05	-0.907635	0.359947	-0.00167161
99	2.51383e-09	0.103394	-1.05367	-0.000380231	0.971254	0.0895281	-0.00241474
100	2.51383e-09	-0.407492	-0.981008	-0.000814881	0.890507	-0.375544	-0.000166501
101	2.51383e-09	0.409105	0.949253	-0.00102199	-0.90311	0.389201	0.000791003
102	2.51383e-09	0.100357	-1.01947	-0.0014355	0.985593	0.0955644	5.26587e-05
103	2.51383e-09	0.509309	-0.918283	-0.00188137	0.854225	0.470536	0.00184007
104	2.51383e-09	0.927121	0.473562	-0.00106776	-0.45083	0.87268	-3.68987e-05
105	2.51383e-09	-0.884248	-0.537476	0.000696033	0.513716	-0.838791	0.00182801
106	2.51383e-09	-1.04275	-0.0410804	-0.00205042	0.0369533	-0.979257	-0.00161875
107	2.51383e-09	0.0607869	-1.05571	-0.000331443	0.97174	0.0511797	-0.000196577
108	2.51383e-09	-0.912125	0.564738	0.00103902	-0.50938	-0.816874	-0.000363252
109	2.51383e-09	0.677529	0.815178	2.93292e-05	-0.753132	0.617176	0.00226926
110	2.51383e-09	-0.278487	1.01185	0.00330263	-0.944128	-0.258461	-0.000982936
111	2.51383e-09	-1.03032	-0.228982	0.00129456	0.21056	-0.952901	-0.00236122
112	2.51383e-09	-0.537068	-0.91482	0.00126899	0.838511	-0.49356	-0.000887854
113	2.51383e-09	0.772185	-0.719049	-0.00110212	0.666861	0.712063	0.00102335
114	2.51383e-09	-0.684407	0.801195	0.00110101	-0.738047	-0.633726	-0.000417082
115	2.51383e-09	-0.245834	-1.05301	0.00173618	0.93296	-0.219898	0.00299369
116	2.51383e-09	0.652037	0.819885	-0.00162757	-0.768645	0.60665	0.00302891
117	2.51383e-09	1.03179	0.235562	-0.000885243	-0.213652	0.948379	-0.000996458
118	2.51383e-09	0.820428	0.665785	0.000525923	-0.614347	0.756791	0.00070795
119	2.51383e-09	-0.994666	0.316751	-0.00395682	-0.301973	-0.932825	-0.00169234
120	2.51383e-09	-0.88419	-0.560203	0.00209211	0.519867	-0.828541	-0.00119751
121	2.51383e-09	0.945197	-0.493089	-0.00305823	0.453379	0.856746	-0.000436656
122	2.51383e-09	0.194874	-1.05785	0.000431324	0.946658	0.179049	-0.00217557
123	2.51383e-09	-0.518019	0.907723	-0.00198508	-0.84598	-0.48774	0.00204759
124	2.51383e-09	-1.07474	-0.0597102	0.00232144	0.0525941	-0.961989	-0.00172901
125	2.51383e-09	0.133018	-1.04086	-0.00115436	0.966033	0.126624	0.00186824
126	2.51383e-09	-0.859989	0.623558	0.00131614	-0.573179	-0.782111	0.00139983
127	2.51383e-09	0.655104	-0.821496	0.00139348	0.764771	0.609151	0.000345713
128	2.51383e-09	0.696123	-0.810596	0.000255801	0.736889	0.62854	-0.00322356
129	2.51383e-09	0.0295081	-1.0581	0.00247982	0.970224	0.0311773	-0.00143081
130	2.51383e-09	0.704555	0.794242	0.000334245	-0.724031	0.648978	-0.00278764
131	2.51383e-09	-0.857207	0.669589	-0.000486771	-0.591928	-0.755524	-0.0014857
132	2.51383e-09	0.120048	-1.06098	-0.00132953	0.961103	0.112618	0.000972785
133	2.51383e-09	-0.957052	0.473438	-0.0015096	-0.430758	-0.867021	0.000242956
134	2.51383e-09	0.504443	-0.921066	0.00107721	0.856251	0.47095	7.17932e-05
135	2.51383e-09	0.651388	0.821492	-0.00207239	-0.765005	0.610051	-0.00123934
136	2.51383e-09	-1.06192	0.206667	0.00255953	-0.178757	-0.945928	-0.00078413
137	2.51383e-09	-1.04343	0.21577	-0.000186506	-0.19174	-0.948618	-0.00192355
138	2.51383e-09	-1.02184	-0.270402	-0.00103011	0.246498	-0.942411	0.00105934
139	2.51383e-09	0.760731	-0.748693	-0.000522945	0.678338	0.687748	0.00280251
140	2.51383e-09	-0.122634	-1.08687	-0.000118377	0.946584	-0.108349	0.000413925
141	2.51383e-09	0.481782	-0.954811	0.00226209	0.862966	0.437065	-0.000348316
142	2.51383e-09	-0.871134	0.63765	-0.0020051	-0.562081	-0.778695	0.000499173
143	2.51383e-09	-0.487541	-0.948951	0.00110252	0.864452	-0.442176	-0.00213325
144	2.51383e-09	1.04245	0.281705	0.00229619	-0.252005	0.930503	0.000292848
145	2.51383e-09	0.442057	-0.960297	0.000397814	0.882435	0.408201	-0.000856375
146	2.51383e-09	-0.216319	-1.08747	-0.00316034	0.928997	-0.183048	0.00215067
147	2.51383e-09	1.02233	0.350912	-0.00232365	-0.314993	0.910698	-0.00153978
148	2.51383e-09	1.0583	-0.211163	-0.00102488	0.188536	0.946398	0.00089294
149	2.51383e-09	-0.978861	-0.374618	0.00241012	0.353515	-0.915486	0.000994637
150	2.51383e-09	0.924076	-0.567457	-0.0011058	0.506548	0.812048	-0.000806588
151	2.51383e-09	0.610026	0.890365	0.00152059	-0.791796	0.546099	-0.00090255
152	2.51383e-09	0.820567	0.718093	0.000186768	-0.625188	0.7175	0.00134485
153	2.51383e-09	-0.540892	0.937679	-0.000341633	-0.833447	-0.480372	-0.00105015
154	2.51383e-09	-0.153361	-1.0978	-0.00339745	0.940023	-0.128872	-0.00023816
155	2.51383e-09	-0.499644	-0.95493	0.000196134	0.849909	-0.452289	0.00248012
156	2.51383e-09	-0.752557	-0.78646	-0.00248437	0.69725	-0.658849	-0.000835208
157	2.51383e-09	-0.463516	-0.953208	-0.00020445	0.875723	-0.426552	-0.000972715
158	2.51383e-09	-1.03625	0.358294	0.00403885	-0.30713	-0.903533	0.00322941
159	2.51383e-09	-0.861209	-0.636392	0.000427605	0.572034	-0.779729	-0.000960116
160	2.51383e-09	-0.534349	-0.933359	0.00113944	0.836843	-0.480055	0.00264583
161	2.51383e-09	0.586111	-0.915819	-0.000762348	0.807396	0.517324	-0.00262115
162	2.51383e-09	-0.299962	1.03706	0.00166872	-0.924351	-0.267551	-0.00340817
163	2.51383e-09	-1.07189	-0.12367	0.000901578	0.108678	-0.957423	-0.000220749
164	2.51383e-09	-1.07391	-0.0738213	0.00192029	0.067718	-0.959302	-0.00110242
165	2.51383e-09	0.754992	0.79677	0.0031888	-0.693553	0.657615	0.00145489
166	2.51383e-09	-0.319449	-1.03811	-0.00191878	0.914258	-0.288658	0.000749521
167	2.51383e-09	1.03075	0.316057	0.00286818	-0.281636	0.916446	0.00285039
168	2.51383e-09	-0.971826	-0.48364	0.00111471	0.430595	-0.859002	0.00122802
169	2.51383e-09	-0.665485	0.858202	0.000670143	-0.760502	-0.584594	0.00139845
170	2.51383e-09	-0.352961	1.03114	-0.00300688	-0.906465	-0.307663	-0.00208122
171	2.51383e-09	0.909645	-0.608293	-0.000636874	0.529968	0.793508	0.00314021
172	2.51383e-09	-1.06802	-0.309191	-0.00145669	0.261623	-0.91247	-0.000428199
173	2.51383e-09	0.18986	1.08967	-0.00155061	-0.936402	0.161405	-0.00288324
174	2.51383e-09	0.163045	1.09048	-0.00114547	-0.942608	0.135196	0.00169593
175	2.51383e-09	-0.762195	0.774455	-0.000868622	-0.679679	-0.678552	0.00165545
176	2.51383e-09	0.395575	1.00699	-0.000449467	-0.894335	0.351582	0.000329733
177	2.51383e-09	-0.293135	1.08299	-0.000375083	-0.910455	-0.245768	0.0023303
178	2.51383e-09	-0.77358	-0.75046	0.000624959	0.670251	-0.690881	0.000540147
179	2.51383e-09	0.0866563	-1.1006	0.00276231	0.946711	0.0724087	0.00276035
180	2.51383e-09	-0.605746	-0.898687	-0.00279466	0.794314	-0.53797	-0.00148424
181	2.51383e-09	0.121551	1.09186	-0.00116334	-0.948842	0.108034	-0.00187164
182	2.51383e-09	0.563257	-0.938305	0.00148377	0.82063	0.490601	0.000384612
183	2.51383e-09	-1.00039	-0.449577	0.000963933	0.38761	-0.871403	-0.00052901
184	2.51383e-09	-0.195122	1.09271	0.000908374	-0.934656	-0.168267	0.0026839
185	2.51383e-09	0.942947	0.556056	0.000574528	-0.484976	0.822244	0.00127488
186	2.51383e-09	-1.08364	0.0178141	-0.000374708	-0.0203168	-0.961413	0.00162938
187	2.51383e-09	-0.78774	-0.721767	-0.00162328	0.650825	-0.712669	-0.00342221
188	2.51383e-09	0.108946	-1.10124	-0.00276349	0.944719	0.0981078	-0.000344594
189	2.51383e-09	0.155694	-1.08095	-0.00238671	0.946449	0.134959	0.00158277
190	2.51383e-09	1.0557	-0.325438	0.00223673	0.273047	0.910051	-0.000731487
191	2.51383e-09	0.838575	0.696662	0.00393229	-0.614513	0.735884	0.000432945
192	2.51383e-09	0.702224	0.84839	0.000863238	-0.732617	0.610354	0.000788632
193	2.51383e-09	-0.526568	-0.9757	-0.00232317	0.833165	-0.451399	0.000668703
194	2.51383e-09	-1.11775	0.0223715	0.000510234	-0.0196547	-0.945387	-0.000130519
195	2.51383e-09	-0.844291	0.678827	-0.00126909	-0.601983	-0.749625	-0.000311172
196	2.51383e-09	-0.493804	-0.961225	-0.0029314	0.859084	-0.442341	0.00195285
197	2.51383e-09	-0.0652065	-1.08086	0.00234327	0.95947	-0.0575887	-0.00173386
198	2.51383e-09	1.07753	-0.254422	0.00163952	0.21905	0.926626	-0.00151032
199	2.51383e-09	0.553069	-0.947913	-0.00280863	0.826675	0.480077	-0.00190946
200	2.51383e-09	-0.940547	-0.600227	-7.50881e-05	0.512805	-0.795052	-0.000836107
201	2.51383e-09	0.857215	-0.690536	0.00237214	0.599484	0.742281	-0.000829013
202	2.51383e-09	0.466904	0.984654	0.000440488	-0.869981	0.406645	0.00211466
203	2.51383e-09	-0.447222	0.989145	-0.00238479	-0.874459	-0.396576	-0.0003539
204	2.51383e-09	-1.05746	0.285163	0.000392526	-0.254409	-0.92351	-5.04072e-05
205	2.51383e-09	1.06578	0.354819	-0.00198939	-0.302167	0.893888	0.000821512
206	2.51383e-09	0.806226	0.73946	-0.00249647	-0.645643	0.706015	-0.000226407
207	2.51383e-09	0.625537	0.925247	-0.00146311	-0.786345	0.526598	0.000211055
208	2.51383e-09	1.05541	0.28626	-0.00197243	-0.250188	0.925216	-0.0015257
209	2.51383e-09	-0.668264	0.870051	-0.000533911	-0.758612	-0.582936	0.00229277
210	2.51383e-09	-1.00985	-0.451198	-0.000485477	0.385741	-0.868727	0.000877458
211	2.51383e-09	-0.145255	1.08902	-0.0019128	-0.945989	-0.121235	0.00184661
212	2.51383e-09	1.08503	0.290662	0.00390374	-0.24416	0.912817	7.65616e-05
213	2.51383e-09	0.434411	1.01665	0.00115512	-0.875498	0.374995	0.00103239
214	2.51383e-09	-0.438587	1.01701	0.000651591	-0.868044	-0.377131	0.0013705
215	2.51383e-09	1.07421	0.310323	-0.00383488	-0.267352	0.906275	-0.000725553
216	2.51383e-09	-1.0674	0.328153	0.00026112	-0.272947	-0.906882	-0.000396778
217	2.51383e-09	1.11988	0.0920711	0.00113299	-0.0788685	0.94081	-0.0027411
218	2.51383e-09	-0.478993	0.967364	0.00151519	-0.864948	-0.421662	-0.00175673
219	2.51383e-09	0.904961	-0.681138	-0.00159959	0.563891	0.752398	-0.000159941
220	2.51383e-09	-1.09159	-0.230676	0.00171822	0.198582	-0.92444	0.00238984
221	2.51383e-09	0.519536	0.958725	-0.00159755	-0.844957	0.452979	-0.00177585
222	2.51383e-09	0.999873	0.481781	0.00323977	-0.409799	0.857049	0.000757677
223	2.51383e-09	1.05618	0.361684	-0.00152804	-0.304019	0.893618	-0.000870844
224	2.51383e-09	-0.840142	0.691886	0.000586178	-0.608891	-0.743883	0.000101544
225	2.51383e-09	-0.166217	1.09631	-0.00119177	-0.940968	-0.142031	-0.00125003
226	2.51383e-09	-0.52012	-0.977011	0.000152996	0.840675	-0.448966	-0.00238328
227	2.51383e-09	-0.713366	-0.843245	-0.000398942	0.727169	-0.61146	0.00108511
228	2.51383e-09	-0.620426	0.931245	0.00203981	-0.78721	-0.522847	0.000255163
229	2.51383e-09	-0.635973	-0.926885	0.000490336	0.777637	-0.536203	-0.00266141
230	2.51383e-09	-1.09686	-0.309833	-0.00218924	0.257581	-0.902439	0.000450159
231	2.51383e-09	1.0886	-0.261486	0.0024789	0.221348	0.922384	-0.0046127
232	2.51383e-09	-0.720414	0.835696	-0.00140265	-0.717029	-0.62583	-0.00329089
233	2.51383e-09	-0.88025	-0.670895	-0.00219223	0.575973	-0.759821	-0.00144252
234	2.51383e-09	-1.10879	-0.00569224	0.00417024	-0.00019243	-0.949563	0.0013513
235	2.51383e-09	1.09865	-0.219732	0.00435433	0.188305	0.923824	0.00036654
236	2.51383e-09	-0.111767	-1.11993	7.1733e-07	0.938218	-0.0888572	-0.000932734
237	2.51383e-09	-0.769676	-0.802767	-0.00147567	0.686012	-0.649779	-0.00155907
238	2.51383e-09	0.22076	-1.12007	-0.000601799	0.920282	0.183149	0.00179499
239	2.51383e-09	0.259734	-1.06833	0.000165093	0.927751	0.227237	-0.00296266
240	2.51383e-09	1.10098	0.244182	0.00241201	-0.198135	0.922154	-0.000817414
241	2.51383e-09	-1.0897	0.207615	-0.00118147	-0.18361	-0.933989	-0.000407693
242	2.51383e-09	-0.221166	-1.134	0.00226281	0.911756	-0.179386	-0.0025614
243	2.51383e-09	0.960258	-0.586926	-0.00301849	0.489388	0.804672	-0.00149858
244	2.51383e-09	-0.881413	0.720071	0.000857585	-0.594882	-0.723583	0.0020208
245	2.51383e-09	-0.588282	-0.954576	-0.0004952	0.805228	-0.494143	-0.00442568
246	2.51383e-09	-0.336568	1.07743	-0.00109502	-0.897213	-0.280292	-0.00219467
247	2.51383e-09	0.90999	-0.631084	-0.000144249	0.536521	0.780786	0.00175676
248	2.51383e-09	-1.10702	-0.233002	0.000789591	0.190935	-0.917544	-0.000273656
249	2.51383e-09	1.06212	-0.347453	-5.64082e-05	0.297779	0.900645	0.000804638
250	2.51383e-09	1.00109	0.535405	0.00118037	-0.442602	0.827406	0.000216561
251	2.51383e-09	1.12136	-0.0635156	0.000168924	0.05143	0.944304	4.74242e-05
252	2.51383e-09	1.11022	0.183915	-0.0010757	-0.153132	0.929139	-0.00129647
253	2.51383e-09	1.11712	0.16474	-0.00406586	-0.13519	0.933023	0.00282904
254	2.51383e-09	1.00516	0.506939	0.00218244	-0.422916	0.842377	-7.69449e-05
255	2.51383e-09	1.12829	0.112699	-0.000636558	-0.0942205	0.934901	-0.00024882
256	2.51383e-09	0.763159	-0.838701	0.000759445	0.691259	0.638107	0.000605551
257	2.51383e-09	-0.127505	-1.11831	0.000858882	0.93743	-0.104828	-0.00284446
258	2.51383e-09	0.649249	-0.925783	-0.00450076	0.769429	0.53807	0.0004471
259	2.51383e-09	-0.601586	0.960827	-0.00162061	-0.795008	-0.49645	0.000257808
260	2.51383e-09	-0.960459	-0.586068	0.00185477	0.488603	-0.807172	0.0032038
261	2.51383e-09	-1.09272	-0.309901	0.00100735	0.256337	-0.905018	9.23556e-05
262	2.51383e-09	1.10498	0.066836	0.00372518	-0.0580929	0.952036	-0.00287176
263	2.51383e-09	1.13012	0.0662073	0.00172152	-0.0582387	0.940881	0.00058954
264	2.51383e-09	-1.09873	0.236802	0.00169856	-0.197944	-0.921978	-0.000612401
265	2.51383e-09	1.08786	-0.315662	-0.000236701	0.263064	0.906502	-3.98665e-05
266	2.51383e-09	-1.13357	0.061076	0.00142948	-0.0506651	-0.937133	0.000457281
267	2.51383e-09	0.473239	1.02274	0.000838962	-0.855747	0.390185	0.00181506
268	2.51383e-09	-0.0607944	-1.13583	-0.000642247	0.934102	-0.0602493	-0.00204487
269	2.51383e-09	0.978037	0.59217	-0.00111595	-0.483945	0.803271	-0.00290063
270	2.51383e-09	0.609253	0.947037	0.00106812	-0.795312	0.50957	-0.000429121
271	2.51383e-09	-0.757833	-0.85908	1.98002e-05	0.700036	-0.617028	-0.000258673
272	2.51383e-09	-0.236303	-1.11739	-0.00318959	0.916207	-0.194278	-0.00117415
273	2.51383e-09	-1.08217	-0.362679	-0.00139786	0.295464	-0.886909	0.00194989
274	2.51383e-09	0.287647	1.07482	0.0010812	-0.920055	0.243801	0.00208658
275	2.51383e-09	-0.606464	0.962626	-0.00206037	-0.791486	-0.498966	0.00173407
276	2.51383e-09	0.107232	1.14117	-0.000949147	-0.927581	0.0919667	0.00106187
277	2.51383e-09	-0.637379	0.963412	0.00276882	-0.771999	-0.511088	-0.003123
278	2.51383e-09	0.123457	-1.14724	-0.00135062	0.924868	0.100727	0.00106476
279	2.51383e-09	-0.407376	1.09659	0.000736758	-0.868856	-0.319671	0.000763956
280	2.51383e-09	-0.420635	1.07536	-0.0015662	-0.868192	-0.342482	0.00131971
281	2.51383e-09	-1.04272	-0.450811	-0.00123056	0.370668	-0.862387	-0.000287552
282	2.51383e-09	-0.918081	0.688718	0.00026608	-0.560606	-0.746918	0.00228186
283	2.51383e-09	0.455175	-1.03981	-0.00213123	0.86282	0.368272	0.00124469
284	2.51383e-09	0.728973	-0.891463	0.0016911	0.724521	0.586008	-0.00163003
285	2.51383e-09	-1.14134	-0.0265468	0.000925244	0.0204298	-0.936745	0.00171563
286	2.51383e-09	-0.600907	0.968146	-0.00226894	-0.79647	-0.493396	0.00136487
287	2.51383e-09	0.479437	1.03492	0.000761077	-0.848948	0.389679	0.000577603
288	2.51383e-09	-1.12982	0.242735	0.00194845	-0.190806	-0.911069	0.000313706
289	2.51383e-09	-1.0652	0.426433	-0.00323586	-0.343758	-0.870393	-0.000847618
290	2.51383e-09	0.440187	1.06059	0.00322603	-0.860444	0.357182	-0.00151338
291	2.51383e-09	-0.744598	0.866463	0.000983662	-0.711056	-0.610042	0.000812811
292	2.51383e-09	0.249902	1.12061	-0.0023928	-0.910884	0.202466	-0.000626352
293	2.51383e-09	0.93707	-0.639399	0.00117183	0.527849	0.777994	0.00216961
294	2.51383e-09	1.15775	0.152394	0.00114286	-0.121008	0.918397	-0.00520204
295	2.51383e-09	-0.365493	-1.07925	0.00144886	0.888617	-0.301208	0.000457372
296	2.51383e-09	-1.09484	0.371353	0.0038551	-0.298388	-0.880565	0.00263424
297	2.51383e-09	-1.00685	-0.542028	0.00275811	0.443222	-0.824186	0.00158858
298	2.51383e-09	-0.963931	0.633176	0.000623835	-0.507751	-0.778565	-0.00252382
299	2.51383e-09	-1.10641	-0.327093	-0.00096501	0.260326	-0.89868	-0.000171852
300	2.51383e-09	-0.0364136	1.16503	0.0019652	-0.926384	-0.0313017	0.00173794
301	2.51383e-09	0.949717	-0.690285	0.000748163	0.543399	0.740329	-0.00180994
302	2.51383e-09	-0.769982	0.887728	-0.00488987	-0.691203	-0.605446	-0.00289132
303	2.51383e-09	0.906607	-0.71839	0.002211	0.577417	0.728169	0.000409619
304	2.51383e-09	1.13403	-0.242281	0.000717999	0.190022	0.910885	-0.00126385
305	2.51383e-09	0.430023	1.06403	-0.00203467	-0.865662	0.35073	-0.00191347
306	2.51383e-09	-1.11905	0.281691	-0.000399439	-0.224441	-0.901734	0.000735355
307	2.51383e-09	-0.797623	0.841823	-0.00235369	-0.675802	-0.636668	0.00264516
308	2.51383e-09	-0.98937	0.626949	-0.00137192	-0.489429	-0.783533	-0.000950395
309	2.51383e-09	-0.476659	1.04347	-0.00108147	-0.846547	-0.388369	-0.000436735
310	2.51383e-09	-1.14337	0.218395	-0.00107791	-0.173425	-0.908623	0.00056877
311	2.51383e-09	0.558353	-1.01939	0.000663862	0.81186	0.44725	0.00280874
312	2.51383e-09	0.369131	1.09574	0.00295431	-0.881339	0.303098	-0.000327972
313	2.51383e-09	0.487326	-1.03522	-0.00209418	0.845414	0.400899	0.00217133
314	2.51383e-09	-0.629938	-0.94702	-0.0022273	0.780421	-0.522229	-0.000845619
315	2.51383e-09	0.843473	0.807638	-0.00234086	-0.640393	0.668696	-0.001839
316	2.51383e-09	0.686209	-0.94129	0.00114666	0.750107	0.545711	0.0017846
317	2.51383e-09	0.248001	1.12933	0.00175159	-0.909727	0.196124	0.00262656
318	2.51383e-09	1.12851	0.27046	0.00262007	-0.220657	0.901013	-0.000714261
319	2.51383e-09	0.922182	0.719278	0.00299986	-0.566564	0.730526	0.00126219
320	2.51383e-09	1.14313	0.264432	-0.000380427	-0.206516	0.90083	-0.000107994
321	2.51383e-09	-1.0635	-0.474205	0.00146567	0.380662	-0.84439	-0.000613863
322	2.51383e-09	-0.778996	-0.850246	-0.00327603	0.686337	-0.632241	-0.000391146
323	2.51383e-09	-0.736641	0.881174	4.75698e-06	-0.721786	-0.596732	-0.000324622
324	2.51383e-09	-0.867354	-0.785853	0.000618328	0.621289	-0.685004	-0.00116504
325	2.51383e-09	0.551288	1.01459	-0.0002556	-0.815983	0.45051	-0.00259095
326	2.51383e-09	0.49265	-1.07661	-0.00404238	0.837928	0.373499	0.00223541
327	2.51383e-09	-1.01293	-0.608799	-0.00246485	0.472399	-0.78776	8.93039e-05
328	2.51383e-09	0.638412	-0.949963	-0.00232892	0.779331	0.51806	-0.00203049
329	2.51383e-09	-1.15928	-0.0625426	0.00062083	0.046921	-0.930922	0.000544827
330	2.51383e-09	-0.450273	-1.073	-0.000557629	0.852786	-0.358863	0.000283161
331	2.51383e-09	-0.567635	-0.997521	-0.00230721	0.81132	-0.463964	-9.79372e-05
332	2.51383e-09	-1.09476	-0.442749	2.07731e-05	0.345416	-0.852767	-0.00156325
333	2.51383e-09	1.16953	-0.206231	-0.00116233	0.159343	0.903092	0.00174701
334	2.51383e-09	-0.622257	-0.997793	-0.000518242	0.783927	-0.483492	-0.0016825
335	2.51383e-09	1.18163	-0.117011	-0.00058509	0.0867063	0.91233	0.000700888
336	2.51383e-09	-0.192388	-1.15516	-0.00070301	0.912257	-0.154218	-0.00255491
337	2.51383e-09	-0.501123	-1.07112	0.00040791	0.833731	-0.385341	0.00189428
338	2.51383e-09	-0.845317	0.805278	-0.0030609	-0.637645	-0.669864	0.00141906
339	2.51383e-09	0.920126	0.736265	0.00143857	-0.575309	0.722804	-0.00351099
340	2.51383e-09	1.13385	-0.353059	-0.00189904	0.26731	0.875823	0.000458236
341	2.51383e-09	0.710967	-0.942945	0.00115534	0.733805	0.556715	0.000418144
342	2.51383e-09	0.581963	-1.00703	-0.000297903	0.803837	0.463068	0.000660926
343	2.51383e-09	-0.529122	1.03054	-0.00279605	-0.823764	-0.428286	-4.66695e-05
344	2.51383e-09	-1.13068	-0.33768	0.00100572	0.257193	-0.88267	-0.000176261
345	2.51383e-09	-0.98728	0.618262	0.00307691	-0.488074	-0.787424	0.00143708
346	2.51383e-09	-0.863965	0.796644	0.00142874	-0.628959	-0.67374	0.00120716
347	2.51383e-09	-0.188968	1.16356	0.0015944	-0.907133	-0.155138	-0.000422434
348	2.51383e-09	1.17262	-0.109159	0.00439427	0.0865265	0.91789	0.000234847
349	2.51383e-09	1.16825	-0.154631	-0.000138965	0.114462	0.912747	-0.00266814
350	2.51383e-09	0.666813	0.963179	0.00125719	-0.757098	0.527618	-0.00146404
351	2.51383e-09	0.391676	1.12942	-0.0006623	-0.863114	0.300242	-0.00229976
352	2.51383e-09	-0.818651	0.85371	-0.00117039	-0.661954	-0.635353	0.00138797
353	2.51383e-09	1.12084	-0.433456	-0.00418653	0.328622	0.848947	-0.00134872
354	2.51383e-09	0.857192	-0.807904	-0.00133304	0.634334	0.672043	-0.00185608
355	2.51383e-09	1.15003	-0.0982151	-0.000691717	0.0797345	0.927428	-0.00252783
356	2.51383e-09	-0.999859	0.659428	-0.000990179	-0.501457	-0.766027	0.000545155
357	2.51383e-09	0.846958	0.822662	-0.000966987	-0.639896	0.659499	0.00115305
358	2.51383e-09	-0.956466	0.715182	0.000123691	-0.548624	-0.734382	-0.00265611
359	2.51383e-09	-0.782918	0.906794	0.0027169	-0.688888	-0.601358	-1.001e-05
360	2.51383e-09	-0.935509	-0.710908	-0.000907973	0.557169	-0.733732	-0.000215996
361	2.51383e-09	-0.71428	0.935916	-0.000639414	-0.731153	-0.559484	-0.0011663
362	2.51383e-09	0.769186	-0.887902	-3.89956e-05	0.69897	0.602985	0.00124935
363	2.51383e-09	1.04895	0.549495	0.00109239	-0.421911	0.816992	-0.00139545
364	2.51383e-09	-0.303485	-1.11941	-0.000577401	0.895225	-0.246871	-0.00106007
365	2.51383e-09	0.640941	1.01584	-0.0006522	-0.772945	0.485961	0.00155361
366	2.51383e-09	-0.806985	0.869267	-0.00267212	-0.674307	-0.624287	-9.04202e-05
367	2.51383e-09	0.177543	-1.16946	0.000970021	0.909679	0.142997	-0.00165289
368	2.51383e-09	-0.541723	-1.07388	0.000577577	0.815123	-0.407127	-4.68672e-05
369	2.51383e-09	1.15766	-0.252361	-0.00105874	0.191287	0.89815	-0.000313904
370	2.51383e-09	-0.0397128	1.1832	-0.00098513	-0.919941	-0.0289931	-0.00054408
371	2.51383e-09	-1.09392	0.506429	0.000755594	-0.3788	-0.82841	-0.00104363
372	2.51383e-09	0.302765	1.1602	-0.00156244	-0.882836	0.235901	0.00228806
373	2.51383e-09	-0.191941	1.17245	-0.00194237	-0.904267	-0.151609	0.000666892
374	2.51383e-09	0.389465	-1.14383	0.00403793	0.859944	0.297634	0.000300719
375	2.51383e-09	1.17639	-0.201323	-0.00222215	0.156708	0.901779	-0.00196877
376	2.51383e-09	-1.01221	0.614634	-0.00170148	-0.475482	-0.786622	0.000938567
377	2.51383e-09	-0.704068	0.957471	-0.000678628	-0.742013	-0.541859	-0.00133069
378	2.51383e-09	-0.500293	-1.09013	-8.07612e-05	0.827343	-0.382556	-0.000627403
379	2.51383e-09	1.15435	-0.201053	4.80362e-05	0.160857	0.913364	-0.00158787
380	2.51383e-09	0.946057	-0.714051	-0.000108426	0.551575	0.734434	-0.000321895
381	2.51383e-09	0.580633	-1.03962	0.00059422	0.801001	0.444824	5.61357e-05
382	2.51383e-09	-0.720822	0.965131	0.00209241	-0.727682	-0.543084	0.000127366
383	2.51383e-09	0.338862	-1.1249	0.000298615	0.885244	0.259598	0.000133577
384	2.51383e-09	-1.18886	0.18992	0.00223152	-0.146464	-0.898303	-0.0046879
385	2.51383e-09	0.736051	-0.929847	-0.00117205	0.715901	0.573389	9.93787e-05
386	2.51383e-09	-0.834029	-0.850788	-0.00124743	0.654922	-0.641623	-0.00115603
387	2.51383e-09	-0.861283	0.839506	0.00252931	-0.635113	-0.652596	0.00254104
388	2.51383e-09	-0.208153	-1.18857	-0.000932887	0.893649	-0.162216	-0.000701614
389	2.51383e-09	-1.17445	0.0953986	0.00212991	-0.0762186	-0.920117	-0.00326406
390	2.51383e-09	0.32343	1.13529	-0.00349591	-0.887288	0.251547	-3.67981e-05
391	2.51383e-09	-0.75172	0.952685	-0.0015632	-0.709382	-0.563327	-0.00139131
392	2.51383e-09	0.000915595	-1.20231	0.00336045	0.91112	0.000778344	0.0039591
393	2.51383e-09	-0.962571	-0.718152	0.00111202	0.546548	-0.734704	0.000311461
394	2.51383e-09	-1.16462	-0.299059	0.00239517	0.227529	-0.88137	0.000133514
395	2.51383e-09	1.17829	-0.224913	0.00124156	0.169535	0.896494	-0.000396724
396	2.51383e-09	0.739406	0.975267	0.000663357	-0.71638	0.544993	5.28518e-05
397	2.51383e-09	1.1827	-0.184077	-0.00272223	0.140901	0.904304	-0.00130689
398	2.51383e-09	-0.79048	0.906483	-0.00114445	-0.686379	-0.600488	-0.000166828
399	2.51383e-09	-0.0326433	1.1972	-0.00285708	-0.914595	-0.025447	0.000792239
400	2.51383e-09	-0.766179	-0.91559	-0.000963843	0.707697	-0.585846	-0.000211616
