4.509000e+03
401
0	1	0.000208431	0.000129269	-1.9024e-07	1.92285e-08	4.15466e-08	3.22587e-11
1	2.51383e-09	-0.419639	-0.904266	0.000125035	0.909126	-0.422515	-0.00060968
2	2.51383e-09	-0.952514	-0.329798	0.00124099	0.326844	-0.941843	-0.000808976
3	2.51383e-09	-0.535876	-0.838853	-3.18393e-05	0.84619	-0.538242	0.000952178
4	2.51383e-09	0.53851	-0.849862	-0.00108184	0.842466	0.532086	-0.00078886
5	2.51383e-09	-0.699437	0.714595	0.000717316	-0.715633	-0.699689	2.44809e-05
6	2.51383e-09	-0.393108	-0.934063	-0.00164702	0.913964	-0.391915	-0.00161432
7	2.51383e-09	-0.194986	0.979528	0.00166981	-0.982641	-0.194485	0.000213633
8	2.51383e-09	-0.483	-0.87307	-0.000544951	0.878776	-0.48308	0.00136892
9	2.51383e-09	-0.956534	-0.31222	-0.000217135	0.30873	-0.945519	0.000957361
10	2.51383e-09	-0.717707	-0.690463	0.000500465	0.695891	-0.723429	-0.000476296
11	2.51383e-09	0.127113	-0.993036	-0.000247257	0.990952	0.127384	-0.000460282
12	2.51383e-09	0.987676	-0.249025	-0.00166139	0.245474	0.958953	0.000492507
13	2.51383e-09	0.52421	-0.86023	0.000279662	0.850486	0.517272	0.00216515
14	2.51383e-09	0.985996	0.228357	0.00122649	-0.220534	0.968306	0.0021453
15	2.51383e-09	-0.0897128	-0.98846	-0.00119841	1.00334	-0.091253	-0.00211571
16	2.51383e-09	-0.991002	-0.136011	0.000860441	0.132907	-0.990574	0.00169391
17	2.51383e-09	-0.992163	-0.147035	-0.00140651	0.143023	-0.989724	0.000562983
18	2.51383e-09	-0.861841	0.516255	-0.000248187	-0.513134	-0.85995	0.000489989
19	2.51383e-09	-0.825422	0.592206	-0.000636296	-0.583175	-0.801378	-0.00192833
20	2.51383e-09	0.852716	-0.56828	-0.000140438	0.546882	0.823569	0.00301959
21	2.51383e-09	-0.885189	-0.496312	-0.00244398	0.483421	-0.86324	0.00175423
22	2.51383e-09	0.689458	-0.751833	-0.000644257	0.727625	0.668248	-0.00143009
23	2.51383e-09	0.810297	-0.608074	-0.00223044	0.601304	0.793875	0.000810477
24	2.51383e-09	0.979926	-0.252096	-0.00143134	0.243788	0.966365	-0.00064458
25	2.51383e-09	-1.01165	-0.137627	0.000702282	0.131329	-0.981115	-0.00162138
26	2.51383e-09	0.269777	-0.977612	0.00225919	0.955551	0.267877	0.000191494
27	2.51383e-09	0.625457	0.791284	-0.00163814	-0.785232	0.613881	0.0011308
28	2.51383e-09	-0.217442	-0.987602	2.15248e-05	0.971456	-0.219379	0.000394647
29	2.51383e-09	0.165656	-0.995364	-0.000449277	0.983176	0.164167	0.00162775
30	2.51383e-09	-0.351644	-0.942222	0.000915021	0.933806	-0.349274	-0.000532187
31	2.51383e-09	-0.974059	0.266892	-0.00228999	-0.259097	-0.95945	4.72518e-05
32	2.51383e-09	0.0313853	-1.00798	0.000262854	0.994561	0.0314278	-0.00115491
33	2.51383e-09	0.662071	0.7849	0.000890393	-0.754296	0.631483	-0.000131408
34	2.51383e-09	-0.204137	-1.01007	0.000352166	0.966122	-0.195	-0.00109172
35	2.51383e-09	-0.0888273	-1.01585	0.0021874	0.987273	-0.0864437	0.00155875
36	2.51383e-09	-0.630072	0.801541	-0.00253013	-0.777478	-0.611986	0.0014499
37	2.51383e-09	-0.549334	0.85827	0.00206543	-0.83568	-0.533225	-0.00314205
38	2.51383e-09	0.703931	0.718226	-0.000619267	-0.713941	0.695966	0.00232993
39	2.51383e-09	0.389893	-0.924777	-0.00115153	0.920325	0.390206	-0.00159925
40	2.51383e-09	-1.00594	-0.0702086	0.00258191	0.0712475	-0.993203	0.00219274
41	2.51383e-09	0.341496	-0.95805	0.00185476	0.932838	0.332984	0.00165462
42	2.51383e-09	-0.81637	0.626541	-0.000268776	-0.599413	-0.78268	-0.00165462
43	2.51383e-09	0.702558	0.726568	-0.00270646	-0.717742	0.690536	-0.000271246
44	2.51383e-09	0.769448	0.689212	-0.0019279	-0.651368	0.735852	0.000570763
45	2.51383e-09	-0.696996	-0.7624	0.00123329	0.72672	-0.66316	-0.00150275
46	2.51383e-09	0.339327	-0.958596	0.00187938	0.936875	0.33053	2.69208e-05
47	2.51383e-09	-0.361884	0.953199	6.39219e-05	-0.926975	-0.348205	0.000960998
48	2.51383e-09	-0.867874	0.553945	-0.000126467	-0.527614	-0.829682	0.000102461
49	2.51383e-09	-0.846544	0.580849	0.00043408	-0.556358	-0.813921	-0.000611538
50	2.51383e-09	-0.249451	-0.998742	-0.000107137	0.956844	-0.236055	-0.00274869
51	2.51383e-09	-0.666864	0.776224	-0.00121503	-0.749591	-0.643129	0.000481535
52	2.51383e-09	-1.02817	0.0545311	-0.000381646	-0.0522972	-0.98374	-0.00104412
53	2.51383e-09	0.568989	0.855183	0.00061907	-0.822494	0.54394	0.000127634
54	2.51383e-09	0.340412	0.966959	-0.00103545	-0.931457	0.323041	0.000891716
55	2.51383e-09	-0.757864	0.696158	0.000914091	-0.67114	-0.7227	5.27152e-06
56	2.51383e-09	-0.459929	-0.917499	-0.00148073	0.881149	-0.44508	0.00131271
57	2.51383e-09	1.01961	-0.229514	-0.00119583	0.210789	0.955175	0.00213803
58	2.51383e-09	-1.01343	-0.23927	-0.00155905	0.225826	-0.954344	-0.000645001
59	2.51383e-09	0.720604	-0.739203	0.00281041	0.699145	0.690015	-0.00065272
60	2.51383e-09	0.293855	0.978112	-0.000159937	-0.947327	0.28419	-0.000788421
61	2.51383e-09	0.678944	-0.777255	-0.00141678	0.740576	0.650486	0.00326792
62	2.51383e-09	1.03024	-0.0795534	-0.000133843	0.0761164	0.980133	0.00105245
63	2.51383e-09	-0.0912304	-1.01738	-0.000380627	0.985091	-0.0933815	0.00107697
64	2.51383e-09	1.00281	0.25084	-0.000142376	-0.238029	0.951683	-0.00144226
65	2.51383e-09	0.741639	0.725781	0.00105098	-0.684644	0.703986	-0.00163834
66	2.51383e-09	1.00898	-0.148804	0.00143236	0.143622	0.983338	-0.00263892
67	2.51383e-09	1.0114	-0.209997	0.00194951	0.194953	0.965872	0.00103746
68	2.51383e-09	0.103143	-1.02686	-0.000871679	0.977868	0.100311	-0.00184527
69	2.51383e-09	0.757276	0.70061	-0.00277236	-0.668361	0.723329	-0.00202204
70	2.51383e-09	0.594436	0.845687	0.00219058	-0.802687	0.567754	0.00205354
71	2.51383e-09	-0.876725	-0.540954	0.000280051	0.518536	-0.839663	0.000332932
72	2.51383e-09	-1.02492	-0.225797	0.000671908	0.206144	-0.953708	-0.000373071
73	2.51383e-09	0.673814	-0.793591	0.000326707	0.74693	0.632433	-0.00135438
74	2.51383e-09	-0.98447	-0.371645	0.000315821	0.345418	-0.909107	-0.000143845
75	2.51383e-09	0.378926	0.96833	0.000501584	-0.913745	0.35555	-0.000314147
76	2.51383e-09	-1.038	0.128648	0.000561262	-0.117486	-0.971386	-0.0018766
77	2.51383e-09	-0.20251	-1.03374	-0.000694151	0.957805	-0.185783	0.000302983
78	2.51383e-09	1.03772	-0.0529148	0.000843451	0.0539102	0.982761	0.000867831
79	2.51383e-09	-0.767507	-0.70101	0.00141312	0.658006	-0.723265	-0.002024
80	2.51383e-09	0.866118	-0.591638	-0.000691349	0.552779	0.805772	0.00114873
81	2.51383e-09	0.124748	1.03565	0.001443	-0.971779	0.117363	-0.0012847
82	2.51383e-09	0.815388	0.665	-0.00190459	-0.619213	0.751978	0.000870368
83	2.51383e-09	0.338795	0.985893	-0.00189872	-0.928155	0.314275	-0.00127867
84	2.51383e-09	0.80168	-0.678006	-0.000384351	0.630733	0.745069	-0.00110058
85	2.51383e-09	0.522918	0.884725	-0.000560424	-0.851035	0.50026	-0.00117576
86	2.51383e-09	-0.751973	-0.725762	0.000325046	0.679853	-0.703811	-0.00212004
87	2.51383e-09	-0.887797	-0.542767	0.000868581	0.510328	-0.833906	-0.000981559
88	2.51383e-09	-0.960732	0.379396	-0.00204936	-0.361879	-0.914732	-0.00147011
89	2.51383e-09	-0.154719	-1.04439	0.00130527	0.964345	-0.141968	0.00102451
90	2.51383e-09	-0.860427	-0.584677	-0.000295858	0.551653	-0.811848	-0.000274882
91	2.51383e-09	0.284194	-0.992058	0.00288088	0.947888	0.271488	7.88133e-05
92	2.51383e-09	-0.386466	-0.977306	-0.00209806	0.90724	-0.35743	-1.63318e-05
93	2.51383e-09	-0.812857	0.663556	0.0012278	-0.619748	-0.75573	-3.95639e-05
94	2.51383e-09	0.163008	1.02345	0.00101418	-0.972901	0.15627	0.00185271
95	2.51383e-09	-0.131192	1.02872	-0.00203367	-0.974074	-0.129618	0.00129697
96	2.51383e-09	0.258105	1.0178	-0.000867049	-0.94766	0.238752	-0.000434923
97	2.51383e-09	-0.196492	1.03649	-0.00470336	-0.955129	-0.187929	0.000349278
98	2.51383e-09	-1.03435	-0.242545	6.0516e-05	0.226101	-0.943128	-0.0018934
99	2.51383e-09	1.06281	0.00808767	-0.000708336	-0.00179063	0.969039	-0.000879645
100	2.51383e-09	-0.713387	0.773228	-0.00184992	-0.72069	-0.659043	-0.0013543
101	2.51383e-09	0.791034	0.669089	-0.00158308	-0.633366	0.75167	-0.000229987
102	2.51383e-09	-0.188454	1.02116	-0.00176028	-0.963931	-0.175325	0.000922851
103	2.51383e-09	0.136297	-1.03965	0.00283593	0.967842	0.127169	0.00113572
104	2.51383e-09	0.570077	0.876701	0.000929341	-0.823715	0.5306	0.000464203
105	2.51383e-09	-0.644039	-0.81936	0.000338305	0.775229	-0.604841	-0.000586347
106	2.51383e-09	-0.525263	-0.903076	-0.000702271	0.844841	-0.493251	0.0005865
107	2.51383e-09	-0.971169	-0.405654	0.000124162	0.377922	-0.899956	-0.00181365
108	2.51383e-09	0.32539	1.01078	0.000577139	-0.923771	0.29933	-0.00196269
109	2.51383e-09	-1.02959	-0.252959	-0.00242202	0.22942	-0.943667	-0.00180369
110	2.51383e-09	-0.0615952	1.05048	0.00160833	-0.97541	-0.0548175	0.00163052
111	2.51383e-09	1.0558	-0.178034	0.000438705	0.159126	0.953626	-0.00101572
112	2.51383e-09	0.992014	-0.382476	-3.14955e-05	0.349634	0.902701	-0.000545534
113	2.51383e-09	1.05633	0.00396707	0.00199197	-0.00241439	0.972721	-0.00145835
114	2.51383e-09	0.971511	0.388077	0.00172648	-0.364985	0.909686	-0.00181461
115	2.51383e-09	0.508473	-0.938614	-0.0018619	0.851598	0.456922	0.00033564
116	2.51383e-09	0.780605	-0.709034	-0.00181209	0.656302	0.718197	4.39043e-05
117	2.51383e-09	-1.05413	0.128652	-0.000289127	-0.118692	-0.964954	0.000799186
118	2.51383e-09	-1.01786	-0.290114	0.000394524	0.265779	-0.936124	0.000767055
119	2.51383e-09	-0.170188	-1.03512	0.00228469	0.961891	-0.161385	-0.000821269
120	2.51383e-09	1.01082	0.283043	0.00208433	-0.261254	0.939124	-0.000775704
121	2.51383e-09	1.03709	0.221327	-0.000750813	-0.201065	0.951372	-8.6639e-05
122	2.51383e-09	0.654198	0.852452	0.000743345	-0.762892	0.58677	0.00106851
123	2.51383e-09	-0.152598	-1.03337	-0.00158845	0.967773	-0.147825	0.000679066
124	2.51383e-09	0.0104264	-1.08228	0.00280643	0.958033	0.00766791	-9.65804e-05
125	2.51383e-09	1.03814	-0.200971	0.00220808	0.182327	0.955433	-3.73837e-07
126	2.51383e-09	-0.682131	0.817419	0.000341941	-0.747009	-0.615475	-0.000229088
127	2.51383e-09	-0.905683	0.553036	0.00339213	-0.506929	-0.826351	0.000619184
128	2.51383e-09	0.53675	-0.928525	0.00211974	0.836783	0.480559	0.00292999
129	2.51383e-09	-1.06184	-0.0733064	-0.000488566	0.0705212	-0.962872	-0.000298427
130	2.51383e-09	0.930251	-0.503942	0.000725179	0.460348	0.857705	-0.00138351
131	2.51383e-09	-0.179261	1.05673	0.00230044	-0.954754	-0.163608	0.000346554
132	2.51383e-09	0.440637	0.98171	0.00177168	-0.876477	0.400099	0.000121095
133	2.51383e-09	1.00373	0.370205	-0.00226864	-0.337944	0.906088	0.00231524
134	2.51383e-09	1.01848	0.284549	-0.00254437	-0.260565	0.938604	-0.000253426
135	2.51383e-09	0.0939499	-1.06015	0.00271683	0.96728	0.0862499	0.00153455
136	2.51383e-09	-0.651605	-0.857694	-0.000932133	0.76622	-0.583424	0.00246501
137	2.51383e-09	0.969913	0.435993	-0.00282582	-0.395463	0.884172	-0.00120484
138	2.51383e-09	0.705517	-0.803339	0.00187436	0.727621	0.637794	0.00164415
139	2.51383e-09	0.931154	0.52009	-0.00205679	-0.473263	0.846102	-0.000199971
140	2.51383e-09	-0.758508	0.776513	0.000460665	-0.686597	-0.671158	0.00263986
141	2.51383e-09	0.829466	0.66808	-0.000442761	-0.605241	0.759214	0.00161736
142	2.51383e-09	-1.0623	0.122357	0.00278803	-0.105819	-0.963167	0.000174026
143	2.51383e-09	-1.0452	-0.220357	0.000330818	0.200204	-0.946738	-0.000637956
144	2.51383e-09	0.301882	-1.04348	0.000637185	0.920659	0.270758	-0.00246513
145	2.51383e-09	-0.0966484	1.06235	-0.00183027	-0.964429	-0.0850114	0.000381403
146	2.51383e-09	-0.180558	1.08538	0.0025887	-0.939527	-0.156099	-0.000338895
147	2.51383e-09	0.724983	-0.809323	-0.00055442	0.712781	0.638832	0.00119641
148	2.51383e-09	1.06345	0.192861	0.00116364	-0.168737	0.948685	0.000401455
149	2.51383e-09	1.04027	0.269778	0.000291413	-0.238307	0.930233	0.000924616
150	2.51383e-09	-0.349308	-1.01965	-0.00288164	0.912108	-0.312845	0.00153966
151	2.51383e-09	0.926431	0.547119	-0.00165575	-0.491988	0.828654	-0.0002028
152	2.51383e-09	-0.275947	-1.02978	-8.95833e-05	0.935409	-0.252806	-0.00174942
153	2.51383e-09	0.630767	-0.889614	-0.000482724	0.781002	0.554004	0.00220871
154	2.51383e-09	-0.328438	-1.04593	2.27914e-05	0.910356	-0.282216	0.00232244
155	2.51383e-09	0.295439	-1.0348	-0.00022988	0.926486	0.261663	-0.000238761
156	2.51383e-09	-0.0306417	1.09301	-0.001725	-0.95385	-0.020819	0.00134167
157	2.51383e-09	0.875768	0.627044	-0.00160995	-0.562426	0.78195	0.000577492
158	2.51383e-09	0.362364	-1.02741	0.00128784	0.904721	0.315353	0.00291797
159	2.51383e-09	0.280075	1.0367	0.00259499	-0.932693	0.250173	-0.00117499
160	2.51383e-09	0.975349	0.454951	0.00166104	-0.40846	0.872087	0.000646883
161	2.51383e-09	-0.203253	1.06685	0.00199599	-0.943353	-0.180451	0.000309857
162	2.51383e-09	1.07211	-0.185528	-0.00245938	0.16575	0.94316	-0.00101686
163	2.51383e-09	-0.247583	-1.05193	-0.000440632	0.935278	-0.220802	-0.00163508
164	2.51383e-09	0.243781	1.03916	-0.000302155	-0.940092	0.223016	0.000512306
165	2.51383e-09	0.424257	1.00978	-0.0015539	-0.883533	0.369914	-0.00123978
166	2.51383e-09	-0.57431	-0.920521	0.00113846	0.816866	-0.506245	0.00173667
167	2.51383e-09	-1.05377	0.124501	0.00239518	-0.114729	-0.968532	0.00314957
168	2.51383e-09	-0.215411	1.05925	0.000704946	-0.941154	-0.19926	-0.00198033
169	2.51383e-09	-0.369987	-1.01394	-0.0008464	0.904773	-0.327186	-0.00167204
170	2.51383e-09	-0.072079	-1.09151	-0.00244038	0.954754	-0.059438	-0.00113559
171	2.51383e-09	0.842498	-0.689483	0.0012827	0.606755	0.741164	-0.002539
172	2.51383e-09	0.640582	-0.88993	-0.00103727	0.776327	0.558869	-0.0013097
173	2.51383e-09	0.32059	1.05451	0.00140484	-0.909836	0.279505	-0.000134888
174	2.51383e-09	-0.244409	-1.07065	0.00111031	0.932004	-0.209872	6.29245e-05
175	2.51383e-09	-0.319284	1.05115	0.00104748	-0.908826	-0.278045	0.00153182
176	2.51383e-09	0.581988	-0.90544	-0.000103168	0.812474	0.517512	-0.00175727
177	2.51383e-09	-0.720737	0.832973	-0.00236272	-0.719867	-0.62499	6.43475e-05
178	2.51383e-09	-1.03127	0.336517	-0.001111	-0.296817	-0.913165	-0.000409149
179	2.51383e-09	-1.08614	0.0778911	0.000439503	-0.0731488	-0.956833	0.000469942
180	2.51383e-09	-1.06902	-0.226926	-0.000869938	0.19536	-0.932606	0.00123671
181	2.51383e-09	-1.09248	0.0455612	2.2848e-05	-0.0424838	-0.955376	-0.00115165
182	2.51383e-09	0.210292	1.06564	0.00258404	-0.941873	0.187395	0.000333799
183	2.51383e-09	-1.01699	-0.431815	-0.000448386	0.371687	-0.877022	-0.00239044
184	2.51383e-09	-0.847146	0.712426	-0.000475098	-0.610131	-0.728624	0.000400885
185	2.51383e-09	-1.02332	0.358024	-0.000175313	-0.319303	-0.906269	-0.00121377
186	2.51383e-09	-0.430093	0.98534	0.00016279	-0.888861	-0.383889	-2.83555e-05
187	2.51383e-09	0.650774	-0.858079	0.0010431	0.767843	0.581767	-0.00120362
188	2.51383e-09	-0.795012	0.761176	0.000454939	-0.661868	-0.684905	0.000865143
189	2.51383e-09	-0.153102	-1.09735	-0.00142585	0.939191	-0.131804	-0.00103289
190	2.51383e-09	-1.0992	0.117565	0.00212667	-0.108206	-0.946066	0.000214136
191	2.51383e-09	0.982797	-0.487803	0.000608676	0.422658	0.854501	-0.00255102
192	2.51383e-09	-0.857303	0.698959	-0.00212266	-0.600722	-0.733913	-0.00242745
193	2.51383e-09	0.485123	-0.990257	0.000282989	0.853531	0.420498	-0.0017077
194	2.51383e-09	0.855386	-0.722084	0.000312083	0.607079	0.721068	-0.000489712
195	2.51383e-09	-1.09081	-0.0673678	-0.000803398	0.0558455	-0.953094	0.00117577
196	2.51383e-09	0.428063	-0.999035	6.5084e-05	0.885427	0.375671	-0.00172197
197	2.51383e-09	0.12182	1.09614	-0.000760684	-0.944548	0.103204	0.00162564
198	2.51383e-09	0.234166	-1.088	-0.00150754	0.925058	0.199113	-0.00133441
199	2.51383e-09	-0.645811	0.885195	0.00175586	-0.771139	-0.565074	-0.0015641
200	2.51383e-09	-1.04822	-0.347239	-0.000789396	0.299676	-0.904872	0.00238063
201	2.51383e-09	0.996346	-0.472439	-0.001661	0.411291	0.858095	-0.00174623
202	2.51383e-09	-0.583083	0.926751	-0.00303181	-0.811348	-0.508762	-0.00126162
203	2.51383e-09	0.273516	1.05034	-0.000531224	-0.929082	0.239141	-0.000141853
204	2.51383e-09	1.09041	-0.156324	0.000561368	0.135206	0.94488	0.00179178
205	2.51383e-09	-0.890056	0.694728	-0.00115022	-0.579258	-0.741438	-0.000624362
206	2.51383e-09	-1.04788	0.331777	-0.000821695	-0.284934	-0.911262	-0.00244055
207	2.51383e-09	1.08153	-0.270348	0.00115882	0.230411	0.918042	-0.000907746
208	2.51383e-09	0.497887	0.968024	0.000589624	-0.853825	0.438234	0.000519165
209	2.51383e-09	-0.491549	0.967617	0.000638764	-0.857445	-0.435445	-0.00191378
210	2.51383e-09	-0.681537	-0.881327	-0.00139792	0.747478	-0.579239	-0.000261923
211	2.51383e-09	-0.73864	-0.812079	0.000121306	0.705723	-0.644786	-1.55447e-05
212	2.51383e-09	-0.547187	0.982711	-3.76533e-05	-0.823698	-0.458675	0.00101024
213	2.51383e-09	0.717188	-0.832348	-5.86559e-05	0.721186	0.623675	0.00183336
214	2.51383e-09	0.248763	1.08519	-1.43174e-06	-0.920483	0.210786	-0.000872241
215	2.51383e-09	-0.50237	-1.00021	-0.00100539	0.840733	-0.425705	0.000679338
216	2.51383e-09	-0.99029	-0.49841	0.000942506	0.430744	-0.849429	0.000754683
217	2.51383e-09	1.10544	-0.0922484	-0.000645305	0.0772329	0.94944	0.000443307
218	2.51383e-09	1.06573	0.211523	0.000108841	-0.183232	0.942107	-0.000675155
219	2.51383e-09	0.519632	-0.988453	-3.66393e-05	0.835603	0.442318	0.00036503
220	2.51383e-09	0.416013	1.02822	0.00239967	-0.881412	0.354772	0.000746684
221	2.51383e-09	-0.892656	0.638927	0.000847406	-0.556408	-0.777976	-0.000973461
222	2.51383e-09	0.177387	-1.09734	0.00112215	0.938468	0.151738	-0.00146437
223	2.51383e-09	1.06877	0.333788	-0.000903171	-0.279678	0.903514	-0.00157791
224	2.51383e-09	-0.738132	0.81088	0.00116302	-0.709894	-0.642854	0.00108394
225	2.51383e-09	-0.634544	0.918788	-0.00108915	-0.781223	-0.531352	0.00175645
226	2.51383e-09	-1.01357	0.490466	0.000582999	-0.408694	-0.848209	0.000553517
227	2.51383e-09	-0.697473	-0.865485	0.00198843	0.735204	-0.595172	-0.00133347
228	2.51383e-09	-0.971146	-0.5457	-0.000828655	0.463753	-0.826853	-0.00134162
229	2.51383e-09	1.09607	0.273153	0.00225873	-0.229077	0.910841	-0.00191674
230	2.51383e-09	0.690507	0.904774	-0.00282835	-0.744111	0.568156	-0.00162524
231	2.51383e-09	-1.09839	-0.289525	0.00175984	0.238674	-0.905078	-0.000931383
232	2.51383e-09	0.15918	-1.0878	-0.00289939	0.947347	0.136976	-0.000491837
233	2.51383e-09	-1.03331	-0.388467	-0.000793871	0.33499	-0.894872	0.000522992
234	2.51383e-09	1.0252	0.463225	4.22827e-05	-0.387686	0.858507	4.07409e-05
235	2.51383e-09	0.832249	-0.749181	-0.00544365	0.63233	0.700137	0.000753181
236	2.51383e-09	-0.577947	-0.968508	-0.00125836	0.811718	-0.481924	0.00022664
237	2.51383e-09	0.831961	0.750832	3.15521e-05	-0.635611	0.700507	0.000644291
238	2.51383e-09	-1.09386	-0.300088	-0.000992995	0.253786	-0.903205	0.00113387
239	2.51383e-09	0.404995	-1.0284	0.000397126	0.885969	0.348067	0.00179385
240	2.51383e-09	-0.803741	-0.799529	0.00165549	0.66446	-0.662432	-0.00147933
241	2.51383e-09	-0.878214	0.693425	-0.0022891	-0.589291	-0.739633	0.00203775
242	2.51383e-09	0.97916	-0.612277	0.00196402	0.490555	0.790245	-0.00106604
243	2.51383e-09	0.799687	0.793988	0.00184686	-0.665291	0.664222	-0.00108799
244	2.51383e-09	0.06867	-1.13761	0.000717482	0.933487	0.0567393	-0.000520647
245	2.51383e-09	-1.12224	-0.0372738	-0.00116712	0.0326085	-0.941746	0.00234892
246	2.51383e-09	-0.219602	-1.09308	0.00251982	0.929858	-0.180413	0.00014333
247	2.51383e-09	0.430055	-1.02313	0.00233868	0.872886	0.370543	-0.00100696
248	2.51383e-09	-0.633511	0.925289	-0.00087586	-0.776538	-0.533808	-0.00144384
249	2.51383e-09	0.390291	1.05607	-0.000133907	-0.882413	0.329311	-0.000855918
250	2.51383e-09	0.689392	-0.895482	0.00194366	0.747136	0.571643	-0.0014768
251	2.51383e-09	-0.543517	0.9882	0.003055	-0.826217	-0.452799	0.0001923
252	2.51383e-09	1.09626	0.263831	0.000109346	-0.224477	0.91369	0.0024141
253	2.51383e-09	0.809652	0.793145	0.00143424	-0.658661	0.669896	0.00118131
254	2.51383e-09	0.959591	0.593957	-0.00163229	-0.497305	0.797306	0.00110265
255	2.51383e-09	-0.107443	-1.12496	0.00136572	0.936386	-0.0942305	-0.00288442
256	2.51383e-09	-0.384481	1.07665	-0.00120085	-0.878828	-0.317553	-0.00166858
257	2.51383e-09	0.201268	1.11567	-0.000662806	-0.924316	0.16497	0.000430759
258	2.51383e-09	0.122357	-1.12813	0.00297755	0.934944	0.0962766	-0.000962437
259	2.51383e-09	-0.963721	0.596074	-0.00158833	-0.491958	-0.797982	0.00177548
260	2.51383e-09	-0.11678	1.13002	0.00385981	-0.93296	-0.100115	-0.000834842
261	2.51383e-09	0.958002	-0.61993	0.000579622	0.513231	0.784256	0.00140867
262	2.51383e-09	-0.868191	0.713027	0.00307379	-0.596849	-0.726684	-0.00293817
263	2.51383e-09	-0.503701	-1.01804	0.000582525	0.840732	-0.414224	0.000379045
264	2.51383e-09	-0.923754	0.656691	-0.00101644	-0.544455	-0.762625	-0.000814484
265	2.51383e-09	1.13489	-0.11686	-0.000962594	0.0976474	0.933151	0.000588772
266	2.51383e-09	1.05714	0.410292	0.00131444	-0.337798	0.876926	-0.000604799
267	2.51383e-09	-1.1219	0.040602	9.64982e-05	-0.0333131	-0.945312	0.00280571
268	2.51383e-09	1.11827	0.173761	2.63166e-05	-0.146416	0.928675	0.000276558
269	2.51383e-09	1.03308	-0.480445	0.00156335	0.391648	0.852489	0.000170688
270	2.51383e-09	0.942763	-0.626894	-0.000982078	0.520718	0.784034	-0.00168955
271	2.51383e-09	-0.780106	-0.846222	-0.000158584	0.6832	-0.6332	0.00109969
272	2.51383e-09	0.756931	0.853914	-0.00278544	-0.7023	0.620484	-0.00176677
273	2.51383e-09	-1.0905	0.321439	0.000729844	-0.266428	-0.901924	0.000325208
274	2.51383e-09	-0.307528	1.07337	-0.000614593	-0.912099	-0.263136	-0.000642126
275	2.51383e-09	0.734288	-0.858802	-0.000659733	0.715281	0.615043	0.00231983
276	2.51383e-09	0.239055	1.107	-0.00151327	-0.918165	0.199039	-0.000606968
277	2.51383e-09	-0.826354	0.798912	-0.000600152	-0.647405	-0.668157	-0.000284254
278	2.51383e-09	0.611476	-0.962777	0.000563363	0.793775	0.498714	0.000507055
279	2.51383e-09	-0.121356	-1.13473	-0.000151445	0.932654	-0.0964424	-2.17517e-05
280	2.51383e-09	-0.488019	1.0551	-0.00177999	-0.841525	-0.390397	-0.00102137
281	2.51383e-09	1.14104	-0.0234576	-0.00104156	0.0183003	0.933839	0.000360428
282	2.51383e-09	-0.385136	1.07365	0.000784233	-0.882528	-0.317452	-0.00233133
283	2.51383e-09	1.10052	-0.273901	0.00181477	0.230291	0.910089	-0.000176375
284	2.51383e-09	0.242661	-1.13112	-0.000819444	0.909198	0.192721	-0.00148225
285	2.51383e-09	-1.03172	0.520895	0.00184199	-0.423502	-0.829574	0.000118671
286	2.51383e-09	1.05503	0.402182	-0.0027357	-0.339368	0.878341	0.000486686
287	2.51383e-09	-1.12784	-0.210362	0.000574653	0.173434	-0.915552	-0.000187886
288	2.51383e-09	-0.791245	0.836363	0.000322143	-0.677189	-0.639601	-0.0011843
289	2.51383e-09	-0.696997	-0.914774	0.00327227	0.742302	-0.566103	-0.000641815
290	2.51383e-09	-1.08047	0.372551	0.00211272	-0.305189	-0.884197	0.00202395
291	2.51383e-09	1.14635	-0.0272955	0.00148807	0.0234824	0.932829	0.00110065
292	2.51383e-09	-1.10312	0.367308	-0.00164578	-0.293526	-0.877566	-0.00177831
293	2.51383e-09	-0.195771	1.12669	-0.00183094	-0.921742	-0.157749	0.00217234
294	2.51383e-09	-1.094	-0.383468	-0.000292521	0.306006	-0.879426	-0.00169845
295	2.51383e-09	-1.12384	-0.159122	-0.00158082	0.1352	-0.929816	-0.00149225
296	2.51383e-09	-0.536416	-1.02832	-0.000841165	0.820533	-0.432218	-0.000378316
297	2.51383e-09	0.65712	0.937992	0.000860401	-0.764261	0.53883	1.36555e-05
298	2.51383e-09	-1.03567	-0.509944	0.000540963	0.414041	-0.833316	0.000536089
299	2.51383e-09	-0.470122	-1.05639	0.00364667	0.847417	-0.387289	0.000176038
300	2.51383e-09	0.938914	0.694938	0.000879805	-0.550894	0.740564	-0.000130509
301	2.51383e-09	0.597077	1.00063	-0.000333703	-0.792389	0.473361	0.00229019
302	2.51383e-09	1.13258	-0.270164	-0.00314377	0.220159	0.901089	0.00223616
303	2.51383e-09	0.929015	0.681783	-0.00169805	-0.546514	0.75432	0.002061
304	2.51383e-09	1.08326	-0.417403	-0.00295415	0.334676	0.866709	-0.00151338
305	2.51383e-09	-1.13966	-0.0137653	-0.00129061	0.0107886	-0.937129	-0.00214636
306	2.51383e-09	0.295162	-1.12176	-0.000179615	0.897222	0.232857	0.00243957
307	2.51383e-09	0.072252	1.14905	0.000897778	-0.929869	0.0579888	-0.0011718
308	2.51383e-09	-0.459497	-1.07305	0.000639407	0.849324	-0.367177	0.00222282
309	2.51383e-09	-0.665301	0.936556	-0.00059471	-0.759492	-0.542936	-0.00115912
310	2.51383e-09	-1.1074	0.319509	0.000881894	-0.263238	-0.892061	0.00081699
311	2.51383e-09	0.620921	0.970908	-0.00226407	-0.78461	0.504991	0.000736029
312	2.51383e-09	-0.0717954	-1.16174	0.0021791	0.925545	-0.0564899	-0.00139743
313	2.51383e-09	0.0556321	-1.1513	0.00212393	0.931105	0.0437909	0.001395
314	2.51383e-09	0.68352	0.931348	-0.000587238	-0.749437	0.550653	-0.000395004
315	2.51383e-09	-1.01492	-0.586906	-0.0016629	0.460347	-0.798645	-0.00121512
316	2.51383e-09	0.0939791	1.16318	-0.00174955	-0.921846	0.0743535	-4.76433e-05
317	2.51383e-09	0.861423	0.764117	0.00200516	-0.620845	0.697156	-0.000418609
318	2.51383e-09	-0.117716	-1.15859	-0.00151992	0.91991	-0.0928432	-0.00209132
319	2.51383e-09	0.39366	-1.09389	0.00244506	0.873489	0.312955	-0.00155275
320	2.51383e-09	-1.01974	-0.595611	-6.07441e-05	0.459659	-0.796269	-0.000659386
321	2.51383e-09	0.955435	0.669447	8.1108e-05	-0.527856	0.760526	-0.000920171
322	2.51383e-09	-1.00538	0.566213	0.000138483	-0.455529	-0.815453	-0.000854889
323	2.51383e-09	1.0467	0.522264	0.00265016	-0.417492	0.826413	-0.00125228
324	2.51383e-09	-1.08062	0.454676	-0.00243251	-0.359695	-0.852271	0.000205694
325	2.51383e-09	0.874253	-0.775731	-0.00086544	0.612062	0.69341	0.00125899
326	2.51383e-09	-0.416117	1.09273	-0.00262734	-0.864328	-0.333082	-0.00127374
327	2.51383e-09	0.716853	-0.937598	0.00165233	0.730264	0.560353	-0.00225289
328	2.51383e-09	-1.04719	-0.495292	0.000713472	0.397543	-0.837659	0.000377697
329	2.51383e-09	0.866343	0.811795	-0.00330481	-0.632148	0.666796	-0.000726359
330	2.51383e-09	-0.232037	-1.1317	0.000119906	0.912564	-0.185245	-0.000173757
331	2.51383e-09	0.597384	0.997687	0.000897633	-0.792754	0.478211	-0.000297568
332	2.51383e-09	1.15639	-0.0234462	-9.66943e-05	0.01659	0.931004	0.000478767
333	2.51383e-09	-0.628454	-0.992242	-0.00100547	0.780473	-0.494814	0.000525961
334	2.51383e-09	0.0404895	-1.17446	-0.00103218	0.920571	0.0358029	0.000948242
335	2.51383e-09	0.82422	-0.846246	0.000419999	0.656253	0.644255	-0.00117445
336	2.51383e-09	0.355866	-1.11695	-0.000641711	0.881139	0.280687	0.00100435
337	2.51383e-09	0.919401	-0.723132	-0.00191198	0.573335	0.727447	-0.000803744
338	2.51383e-09	2.60335e-05	1.168	0.00137152	-0.926109	-0.00358473	0.000768744
339	2.51383e-09	-1.19195	-0.112055	0.000520457	0.0826232	-0.908082	0.000411844
340	2.51383e-09	-1.13216	0.362291	0.000404963	-0.278104	-0.873115	-0.000603491
341	2.51383e-09	0.899608	-0.774432	0.00135905	0.598741	0.691015	-0.000524171
342	2.51383e-09	-0.934603	-0.701334	0.000568003	0.554216	-0.741236	0.00102555
343	2.51383e-09	-1.1576	-0.0857689	0.000126391	0.0703898	-0.926922	-0.0021407
344	2.51383e-09	-1.11609	-0.38256	-0.0012681	0.296071	-0.871862	0.000278627
345	2.51383e-09	0.384284	-1.10488	0.000784601	0.873065	0.304463	0.00185658
346	2.51383e-09	-1.1556	0.0974806	-0.001877	-0.0798749	-0.923872	0.000715616
347	2.51383e-09	-0.742214	-0.903926	-0.00280697	0.713759	-0.587336	-0.000536166
348	2.51383e-09	0.34898	-1.12987	3.55642e-05	0.879632	0.273164	0.00103897
349	2.51383e-09	-0.692377	0.952989	0.001953	-0.74581	-0.537519	-0.00153647
350	2.51383e-09	-1.0674	0.49079	-0.000710193	-0.382678	-0.837659	0.00113409
351	2.51383e-09	-0.651292	0.987626	0.00108431	-0.771378	-0.501228	0.00014816
352	2.51383e-09	0.3694	-1.12248	-0.00443204	0.873642	0.287888	0.0011325
353	2.51383e-09	-0.824106	0.859818	-0.0012122	-0.660159	-0.636272	0.000118101
354	2.51383e-09	-0.739546	-0.93331	-0.00161794	0.717892	-0.568619	0.000681099
355	2.51383e-09	-1.15227	0.147502	0.00132628	-0.121034	-0.919605	0.000151219
356	2.51383e-09	-1.00226	0.62727	0.000951985	-0.487037	-0.781022	0.000518629
357	2.51383e-09	-0.794692	0.87539	0.000264857	-0.680199	-0.617795	-0.00115293
358	2.51383e-09	-0.84062	0.854962	0.00106386	-0.650079	-0.640574	0.00136654
359	2.51383e-09	-0.761608	0.929539	-0.000199597	-0.700843	-0.58191	0.000531833
360	2.51383e-09	1.13524	0.24214	0.000161534	-0.195813	0.908322	-0.00247223
361	2.51383e-09	-0.457524	1.08216	0.00109707	-0.849564	-0.358785	0.000650744
362	2.51383e-09	1.13438	0.324085	-0.00211442	-0.254163	0.884385	-1.66891e-06
363	2.51383e-09	-0.440632	-1.08704	0.00157002	0.859698	-0.344005	-0.00222364
364	2.51383e-09	0.861378	-0.798966	0.00212437	0.629855	0.671578	0.000101259
365	2.51383e-09	-1.17937	0.148585	0.000348207	-0.117506	-0.910063	0.00113129
366	2.51383e-09	0.315737	1.14616	0.000324721	-0.883156	0.245989	0.00219556
367	2.51383e-09	0.353371	1.13757	0.00105476	-0.873277	0.276535	-0.000654278
368	2.51383e-09	1.18933	-0.0201725	0.00156497	0.0122441	0.917659	-0.00144915
369	2.51383e-09	-1.15528	0.295285	0.00107424	-0.227042	-0.889077	-0.000586331
370	2.51383e-09	-0.331115	-1.14119	0.00195375	0.881585	-0.257872	-0.000448025
371	2.51383e-09	0.0900933	-1.20218	-0.000523676	0.907183	0.0638967	-0.00235185
372	2.51383e-09	0.911764	0.75658	0.000738933	-0.586239	0.707572	-0.00107421
373	2.51383e-09	0.185352	-1.17698	-0.000723684	0.904343	0.142716	-0.000488558
374	2.51383e-09	0.186543	1.18662	0.00135807	-0.901279	0.144797	0.000133786
375	2.51383e-09	0.522893	1.07488	-0.00050574	-0.821702	0.401104	0.000123014
376	2.51383e-09	-1.08637	-0.456653	-0.000386079	0.362134	-0.850651	0.000740664
377	2.51383e-09	0.412641	-1.12167	-0.000162552	0.855672	0.317737	-0.0012324
378	2.51383e-09	-0.900665	0.79222	0.0028256	-0.601637	-0.686723	0.000269244
379	2.51383e-09	0.179472	1.17917	-0.000692168	-0.901003	0.139901	0.000403975
380	2.51383e-09	0.61877	1.01043	-0.00211603	-0.783572	0.478226	-0.000798419
381	2.51383e-09	-1.14721	-0.303617	-0.00191938	0.237683	-0.886271	-0.000517424
382	2.51383e-09	-1.18821	0.103812	-0.00154597	-0.0823229	-0.91058	0.000287294
383	2.51383e-09	-0.656686	0.966828	-0.000235236	-0.766234	-0.521573	0.00266999
384	2.51383e-09	-0.276064	-1.17868	0.00348346	0.88289	-0.207078	-2.77539e-05
385	2.51383e-09	1.14263	0.30243	0.00148959	-0.234349	0.89041	-0.00056641
386	2.51383e-09	0.366586	-1.14985	-5.23882e-05	0.865428	0.281621	0.000644685
387	2.51383e-09	1.19688	-0.061554	0.00246098	0.0470618	0.913564	-0.00100661
388	2.51383e-09	1.14315	0.372512	0.0010671	-0.289293	0.864973	0.00113757
389	2.51383e-09	-1.19524	0.0544653	-0.00099318	-0.0404195	-0.913728	0.000151396
390	2.51383e-09	1.18187	0.142004	-0.000160683	-0.108728	0.911527	0.000470526
391	2.51383e-09	0.947293	0.759124	0.000598613	-0.567102	0.706229	0.00133264
392	2.51383e-09	-0.596981	-1.04434	0.00257468	0.793132	-0.450759	0.00103064
393	2.51383e-09	1.19398	0.194537	-0.00134056	-0.142837	0.897179	-0.00144738
394	2.51383e-09	0.82284	0.872952	-0.000290915	-0.660993	0.62947	8.76942e-05
395	2.51383e-09	0.610405	-1.03735	-5.22489e-05	0.787349	0.459836	-0.00114003
396	2.51383e-09	1.20306	-0.0567393	-0.00195743	0.0378919	0.909418	-0.000729263
397	2.51383e-09	1.13317	-0.406279	0.00259104	0.306345	0.858609	-0.00212022
398	2.51383e-09	0.90893	0.805701	0.00207549	-0.599005	0.67906	0.000903177
399	2.51383e-09	-1.03689	-0.61094	-0.00296414	0.460622	-0.78563	-0.00073619
400	2.51383e-09	0.53377	-1.06341	-0.00151519	0.822475	0.406746	0.000959377
