4.917000e+03
401
0	1	0.000227294	0.000140995	-2.07442e-07	-1.54304e-08	7.86487e-08	-1.27319e-10
1	2.51383e-09	0.0785358	-0.995808	-0.000556318	0.99824	0.0760721	-0.000538759
2	2.51383e-09	0.509694	-0.871999	-0.00155253	0.859151	0.50091	-0.000885324
3	2.51383e-09	0.33152	0.941053	-0.000767956	-0.942959	0.333521	-2.46227e-05
4	2.51383e-09	-0.957121	0.303648	0.00118376	-0.299432	-0.952249	-0.000510883
5	2.51383e-09	-0.616484	0.786974	0.000980933	-0.787642	-0.617916	0.000252647
6	2.51383e-09	-0.556461	-0.84422	-0.0011375	0.829448	-0.547559	-0.00103525
7	2.51383e-09	-0.239944	0.970192	0.00167035	-0.972013	-0.239996	-9.33909e-05
8	2.51383e-09	-0.291709	-0.953051	0.000670241	0.95952	-0.293463	0.000872398
9	2.51383e-09	-0.983143	0.207156	-0.000565034	-0.207174	-0.974304	0.00116602
10	2.51383e-09	-0.494616	-0.864784	0.000245409	0.870926	-0.499522	-0.00067192
11	2.51383e-09	0.736035	-0.677164	0.000364459	0.675043	0.737698	0.000362456
12	2.51383e-09	-0.857991	-0.536527	-0.000608855	0.52497	-0.844745	-0.00132985
13	2.51383e-09	-0.555156	0.838348	-0.000813437	-0.831935	-0.551335	-0.00180421
14	2.51383e-09	-0.176312	0.996247	0.00197776	-0.976786	-0.174742	-0.00180992
15	2.51383e-09	0.519722	-0.846715	-0.00214213	0.860143	0.522691	-0.000717859
16	2.51383e-09	-0.611362	-0.795476	0.00170684	0.788717	-0.608855	0.000299338
17	2.51383e-09	-0.0209828	-1.00937	0.000986257	0.99438	-0.0250491	0.00150736
18	2.51383e-09	-0.170027	0.994687	-0.000610924	-0.982113	-0.173955	0.000190653
19	2.51383e-09	0.471786	0.88913	0.00163907	-0.882927	0.470484	-0.00122034
20	2.51383e-09	-0.941843	-0.412766	-0.00335028	0.395727	-0.90169	-0.000833688
21	2.51383e-09	0.790712	-0.61911	0.00282717	0.612493	0.78996	0.00112526
22	2.51383e-09	-0.97482	-0.275921	0.00143794	0.267763	-0.958097	-0.00122382
23	2.51383e-09	-0.261429	0.991792	0.00267036	-0.951327	-0.253494	-0.000845244
24	2.51383e-09	-0.829858	-0.592071	-0.000575349	0.57511	-0.801707	0.000970682
25	2.51383e-09	-0.803272	-0.630426	-0.000647463	0.609241	-0.77928	-0.00116126
26	2.51383e-09	-1.01985	0.0154933	0.000138003	-0.0166645	-0.988528	0.00094927
27	2.51383e-09	-0.40062	0.921416	0.000843035	-0.91622	-0.400332	0.001786
28	2.51383e-09	-0.956868	-0.310296	-0.000226993	0.309126	-0.951538	0.000530682
29	2.51383e-09	-0.569839	-0.837046	0.000857116	0.820352	-0.560863	0.000962928
30	2.51383e-09	0.766706	0.652555	-0.000271884	-0.646196	0.759827	-0.000139006
31	2.51383e-09	-0.271813	-0.970619	0.000834256	0.960975	-0.266164	0.0021601
32	2.51383e-09	0.0857513	1.00083	-9.33692e-05	-0.994879	0.0856924	0.00125219
33	2.51383e-09	0.546854	0.874406	-0.00101013	-0.833198	0.51887	-0.000333805
34	2.51383e-09	1.02585	0.101818	-0.00176231	-0.0933619	0.980476	0.000429344
35	2.51383e-09	0.0182238	-1.02132	0.00260679	0.989461	0.0174959	0.000457928
36	2.51383e-09	0.21237	-0.994344	0.00275387	0.969725	0.208276	-0.000785344
37	2.51383e-09	-1.01263	0.135584	-0.00249062	-0.133339	-0.979127	-0.00320385
38	2.51383e-09	0.007041	-1.00566	-0.00180898	0.996658	0.00389808	-0.00187441
39	2.51383e-09	-0.0298088	1.00972	0.000704418	-0.993411	-0.0256697	0.00182757
40	2.51383e-09	-0.875204	0.506482	0.00167116	-0.494758	-0.86425	0.00268113
41	2.51383e-09	-0.255101	-0.9826	0.00135266	0.958927	-0.250938	0.00226982
42	2.51383e-09	0.0382362	-1.02725	-0.000608282	0.985986	0.0346111	0.00133904
43	2.51383e-09	0.83118	-0.587615	-0.00052391	0.57033	0.808553	-0.00237535
44	2.51383e-09	-0.357084	0.975285	4.64883e-05	-0.919523	-0.334558	0.00173376
45	2.51383e-09	-0.829038	-0.618655	0.000651465	0.589671	-0.78602	-0.00176036
46	2.51383e-09	0.490644	-0.891077	0.00189178	0.870875	0.479072	-3.07376e-05
47	2.51383e-09	-1.01647	-0.118529	0.00122576	0.114179	-0.980203	-0.000141904
48	2.51383e-09	0.682594	0.765805	-0.000187903	-0.732855	0.660939	0.000461957
49	2.51383e-09	-0.290132	0.978158	0.000275409	-0.948778	-0.282803	7.64525e-05
50	2.51383e-09	0.611842	-0.827667	-0.00227126	0.793163	0.586707	0.000128382
51	2.51383e-09	-0.836795	-0.582125	0.00030869	0.568581	-0.809914	0.00105655
52	2.51383e-09	0.998403	-0.232764	0.000929505	0.224311	0.963127	0.000110525
53	2.51383e-09	0.673953	-0.775508	-0.000383153	0.745759	0.644732	0.000561932
54	2.51383e-09	-0.185605	1.0051	0.000835802	-0.971592	-0.183867	0.00150304
55	2.51383e-09	-0.438784	-0.937079	-0.000921405	0.887351	-0.41667	-0.000581694
56	2.51383e-09	0.050538	1.02409	6.50781e-05	-0.987468	0.045639	-0.00194069
57	2.51383e-09	0.982694	-0.355073	-0.000760492	0.32806	0.921466	0.00238708
58	2.51383e-09	-0.0263025	-1.03948	-0.000288501	0.98108	-0.0255979	0.00166999
59	2.51383e-09	-0.728601	0.71828	-0.0026761	-0.69919	-0.70214	0.00103074
60	2.51383e-09	-0.908121	0.46339	0.000701925	-0.44905	-0.882816	-0.000339545
61	2.51383e-09	0.0878123	-1.02992	-0.00244361	0.979644	0.0879188	0.00253607
62	2.51383e-09	0.746919	0.71571	0.00109091	-0.681726	0.707876	0.000390805
63	2.51383e-09	-0.556472	-0.851863	-0.000805456	0.829875	-0.545972	0.00111329
64	2.51383e-09	-0.963401	-0.342197	0.000996079	0.329274	-0.93513	0.00192019
65	2.51383e-09	0.384794	-0.959634	0.00156997	0.913038	0.368613	0.00125962
66	2.51383e-09	-1.02391	-0.159382	0.0016907	0.151471	-0.966404	0.0025183
67	2.51383e-09	-0.682547	-0.789806	-0.000666794	0.736273	-0.640576	0.00112935
68	2.51383e-09	0.751948	0.699809	-0.000627029	-0.673244	0.722841	0.00224374
69	2.51383e-09	0.802162	-0.650808	0.000108239	0.620088	0.766062	-0.00339197
70	2.51383e-09	0.54581	0.878626	0.00246889	-0.833881	0.520047	0.00108632
71	2.51383e-09	-1.03118	-0.00415773	0.00014987	0.00736356	-0.985985	0.000359533
72	2.51383e-09	1.05098	0.0212104	-0.00090948	-0.0228548	0.97512	0.000499139
73	2.51383e-09	-0.9019	0.506497	0.000581697	-0.48242	-0.858171	0.00148971
74	2.51383e-09	0.678248	0.79897	-0.000697913	-0.743984	0.635341	0.000625931
75	2.51383e-09	-1.02877	0.147594	-0.000630648	-0.140861	-0.971618	-0.00019503
76	2.51383e-09	0.54301	0.906045	0.00279177	-0.831849	0.500535	-2.57578e-05
77	2.51383e-09	-0.716364	0.785149	-0.000858348	-0.713951	-0.654709	-0.000464487
78	2.51383e-09	1.01883	0.193852	0.00139164	-0.179979	0.968289	0.000285956
79	2.51383e-09	-0.847949	-0.600813	0.00109422	0.564038	-0.799007	-0.00252831
80	2.51383e-09	-0.761825	0.725375	0.000307464	-0.671146	-0.706427	-0.00156149
81	2.51383e-09	-0.591537	-0.852828	-0.00188139	0.806903	-0.559215	0.001387
82	2.51383e-09	-1.02759	0.20485	0.00200952	-0.192952	-0.959928	-4.13418e-05
83	2.51383e-09	-0.433156	0.94676	-0.0020864	-0.891006	-0.411051	0.00124367
84	2.51383e-09	-0.600154	0.863179	-0.000303776	-0.799221	-0.558554	0.000430115
85	2.51383e-09	-0.944787	-0.40413	-3.35336e-05	0.385119	-0.908518	0.00130237
86	2.51383e-09	-1.02873	0.192126	0.00162768	-0.177846	-0.96095	-0.00149229
87	2.51383e-09	0.0198498	1.03593	0.000986722	-0.983151	0.0234492	0.00117715
88	2.51383e-09	-1.0281	0.0951917	-0.0022132	-0.0909233	-0.979776	-0.000135316
89	2.51383e-09	0.722436	-0.758015	0.000454677	0.710005	0.675336	0.000114386
90	2.51383e-09	0.811446	-0.653034	0.000463259	0.612977	0.763252	0.000969905
91	2.51383e-09	-0.931901	-0.446633	0.0017418	0.428119	-0.886506	0.00294262
92	2.51383e-09	0.433884	0.950491	0.00126397	-0.890866	0.406186	9.64371e-05
93	2.51383e-09	0.00337175	-1.05522	-0.000926126	0.971681	0.00318861	-0.000798601
94	2.51383e-09	-0.599891	0.848553	0.00260695	-0.805268	-0.563326	-0.00044015
95	2.51383e-09	0.61705	-0.839169	0.000908231	0.789486	0.576966	-0.00210102
96	2.51383e-09	-1.04979	-0.0619829	-0.000237189	0.0546739	-0.974291	0.000782048
97	2.51383e-09	-1.04574	-0.088738	0.000724613	0.0843938	-0.973684	0.00376517
98	2.51383e-09	1.06032	0.0250364	-1.76127e-05	-0.0185633	0.971519	0.00216396
99	2.51383e-09	-0.989263	-0.384269	-0.000303111	0.352806	-0.906095	0.00168919
100	2.51383e-09	-0.797003	0.687682	-0.00224705	-0.642054	-0.735275	0.000287242
101	2.51383e-09	-0.974166	-0.375606	0.000732051	0.351994	-0.911935	-0.000531294
102	2.51383e-09	-1.01486	-0.160895	0.000556779	0.158186	-0.974234	0.00108675
103	2.51383e-09	-0.909287	0.521826	-0.00112636	-0.485756	-0.847071	0.00336383
104	2.51383e-09	-0.499468	-0.92558	-0.000848284	0.854772	-0.467078	-0.00039956
105	2.51383e-09	0.859902	0.613332	3.80045e-05	-0.559498	0.792942	-0.000324692
106	2.51383e-09	-0.968174	-0.387331	0.00012883	0.364862	-0.910028	-0.000279844
107	2.51383e-09	-0.651389	-0.827021	-0.00108304	0.766645	-0.60377	-0.00137928
108	2.51383e-09	-0.817128	-0.682851	-0.00134267	0.62097	-0.742324	0.0018833
109	2.51383e-09	0.888306	0.577973	0.00215031	-0.532928	0.813172	-0.000137102
110	2.51383e-09	0.260207	1.01811	0.00138453	-0.947643	0.242751	0.00180926
111	2.51383e-09	1.02899	0.296396	-0.000506171	-0.269506	0.925885	-0.000611194
112	2.51383e-09	-1.05789	0.0158892	0.000563494	-0.0127547	-0.973965	0.000381827
113	2.51383e-09	0.990913	0.365603	0.000837581	-0.335782	0.913118	-0.0022096
114	2.51383e-09	-0.988172	-0.366776	-0.000690525	0.337931	-0.911063	0.00191117
115	2.51383e-09	-1.01234	-0.353436	0.000243384	0.31437	-0.913959	-0.00055341
116	2.51383e-09	0.0663199	1.05018	0.00169289	-0.973063	0.0591567	0.000704107
117	2.51383e-09	-0.874984	-0.596469	0.00180318	0.547664	-0.804833	-0.00117776
118	2.51383e-09	0.323861	1.00896	-0.00119949	-0.925681	0.295288	0.000277938
119	2.51383e-09	-0.620272	0.840375	0.000676628	-0.788616	-0.583074	0.00237797
120	2.51383e-09	0.805993	-0.668665	0.00245732	0.62556	0.750231	-0.000168805
121	2.51383e-09	-0.688599	-0.806131	0.000645556	0.740137	-0.627784	1.01634e-06
122	2.51383e-09	1.0197	0.324954	7.32763e-05	-0.289455	0.921522	0.00115248
123	2.51383e-09	-0.738477	-0.72952	-0.0019445	0.689881	-0.701883	0.0008614
124	2.51383e-09	0.622101	0.87157	-0.00296752	-0.791129	0.558497	-0.000638389
125	2.51383e-09	0.506944	-0.929923	0.00195111	0.851094	0.467545	0.00122637
126	2.51383e-09	1.0507	-0.0852353	0.000158288	0.0742766	0.974495	0.000386393
127	2.51383e-09	-0.0265737	1.05823	0.00248138	-0.971237	-0.0217292	0.00174719
128	2.51383e-09	-0.852206	-0.642625	-0.00115291	0.582264	-0.774407	0.00228648
129	2.51383e-09	-1.01047	0.340375	-0.000227221	-0.306423	-0.914154	-0.000380079
130	2.51383e-09	-1.0469	0.185798	0.000939128	-0.172877	-0.953442	0.00169215
131	2.51383e-09	-0.771524	0.747879	0.000900793	-0.676308	-0.690887	-0.00245049
132	2.51383e-09	-0.993216	-0.409709	-0.00247938	0.371665	-0.891066	-0.000601189
133	2.51383e-09	0.975505	-0.447589	-0.00339956	0.399811	0.876549	0.000900783
134	2.51383e-09	-0.551476	-0.905605	0.00135549	0.830835	-0.50195	-0.00220424
135	2.51383e-09	1.05319	-0.0432808	-0.000399451	0.0383564	0.975803	-0.000742238
136	2.51383e-09	0.301708	-1.03728	0.0007958	0.923736	0.266251	0.000660548
137	2.51383e-09	-0.459321	-0.953022	0.00279989	0.87629	-0.423726	-0.00136242
138	2.51383e-09	-0.317659	-1.01861	-9.14178e-05	0.925207	-0.287743	0.00160571
139	2.51383e-09	1.06699	-0.0520264	-0.00222458	0.0456833	0.967332	-0.000615429
140	2.51383e-09	0.791978	-0.743768	-0.00123182	0.657424	0.698836	-0.00228742
141	2.51383e-09	1.06306	0.041018	-0.000440117	-0.0359517	0.971828	0.00184458
142	2.51383e-09	0.903794	-0.583491	-0.0025198	0.528041	0.807443	-0.000479576
143	2.51383e-09	-0.934448	0.517217	-0.000784621	-0.467459	-0.847234	0.00161417
144	2.51383e-09	-0.144387	1.07666	-0.000637238	-0.951697	-0.123647	0.00247046
145	2.51383e-09	-0.418802	-0.973056	-0.000405723	0.893667	-0.383505	-0.0008689
146	2.51383e-09	0.667208	-0.865205	-0.000908916	0.760232	0.584215	0.00254818
147	2.51383e-09	0.127801	-1.07717	2.29827e-05	0.951832	0.112931	0.00148264
148	2.51383e-09	-1.08283	0.13556	-0.00114198	-0.115299	-0.948522	-0.000131051
149	2.51383e-09	-0.446077	0.968881	0.00048488	-0.874198	-0.414121	-0.00120439
150	2.51383e-09	-0.150081	-1.06662	-0.00169467	0.954781	-0.135559	0.00280636
151	2.51383e-09	-0.842256	0.666924	0.00142569	-0.59938	-0.75735	0.000548485
152	2.51383e-09	-1.03666	0.272637	-0.000207734	-0.238448	-0.937747	0.000572222
153	2.51383e-09	1.05558	0.270806	0.00236747	-0.239061	0.92799	0.000835457
154	2.51383e-09	-0.71353	-0.834469	0.000166046	0.725136	-0.617364	0.00223745
155	2.51383e-09	-0.727402	0.78409	0.00114727	-0.708711	-0.66099	-0.00180288
156	2.51383e-09	-0.876604	-0.645022	0.00213344	0.57504	-0.766456	-0.000412706
157	2.51383e-09	0.614421	-0.872132	-0.00098463	0.792853	0.557112	4.98423e-05
158	2.51383e-09	1.0905	0.06216	0.00353322	-0.0532926	0.954605	-0.00242563
159	2.51383e-09	-1.00077	-0.409214	-0.00269426	0.362408	-0.888022	-0.0001156
160	2.51383e-09	-1.06339	-0.12923	-0.00183378	0.116024	-0.960771	-0.000188785
161	2.51383e-09	-0.880067	-0.640872	-0.0011702	0.563024	-0.774545	-0.000526153
162	2.51383e-09	-0.834244	-0.689801	0.00228453	0.611924	-0.742003	-0.00177549
163	2.51383e-09	1.00687	-0.388487	-0.00196474	0.345062	0.897261	-0.000543528
164	2.51383e-09	-0.495155	0.951294	-0.00226315	-0.855614	-0.442804	0.00156859
165	2.51383e-09	-0.953396	-0.557567	0.00104046	0.476338	-0.821567	0.00154263
166	2.51383e-09	1.07422	0.190416	0.000433501	-0.167124	0.941374	-0.000302546
167	2.51383e-09	-0.119992	1.06297	-0.00110522	-0.960371	-0.117482	0.00292233
168	2.51383e-09	0.379456	1.01878	0.000431094	-0.898385	0.329019	-0.00151879
169	2.51383e-09	0.416875	-0.994161	-0.00186704	0.88734	0.37502	9.71994e-05
170	2.51383e-09	-0.916255	-0.602526	-0.00223346	0.525389	-0.795691	-0.00248588
171	2.51383e-09	-0.613397	0.895072	-0.00173983	-0.792655	-0.542951	0.00233911
172	2.51383e-09	-0.257768	1.07642	-0.000308943	-0.923471	-0.22217	0.00158712
173	2.51383e-09	-0.960869	-0.53946	-0.00120021	0.468592	-0.828964	0.000216896
174	2.51383e-09	0.930104	0.586565	-0.000928464	-0.506576	0.808901	-0.000386738
175	2.51383e-09	-1.09003	-0.00461502	0.00179403	0.0120805	-0.957591	-0.00107063
176	2.51383e-09	1.06831	0.170365	-0.00217184	-0.149762	0.948226	-0.000439896
177	2.51383e-09	-0.867619	-0.678975	0.00118391	0.585513	-0.750483	0.00172729
178	2.51383e-09	0.999156	0.425691	0.00111276	-0.376791	0.8821	-0.000631664
179	2.51383e-09	-0.548415	0.943107	0.000313117	-0.828563	-0.483773	0.000627507
180	2.51383e-09	-0.620066	0.88655	-0.00178428	-0.791653	-0.544755	0.000494624
181	2.51383e-09	-1.09131	0.0321793	-0.000551942	-0.0315241	-0.957051	-0.000953948
182	2.51383e-09	-1.06504	-0.243967	-0.000874839	0.210307	-0.931979	-0.00247623
183	2.51383e-09	-0.897079	-0.642766	-0.00194049	0.553927	-0.77454	-0.000328231
184	2.51383e-09	-0.959553	0.548359	-0.00106705	-0.470067	-0.826762	0.00126097
185	2.51383e-09	1.07711	0.14499	0.000948426	-0.129823	0.950075	0.000847386
186	2.51383e-09	0.649981	0.856874	0.00045527	-0.77454	0.579679	0.00104262
187	2.51383e-09	-0.357594	1.01178	-0.00113611	-0.910357	-0.322867	0.00124271
188	2.51383e-09	-1.0021	-0.469531	2.54356e-05	0.401396	-0.861016	-0.00204067
189	2.51383e-09	1.09729	0.093532	0.00122789	-0.0840822	0.948938	0.00150984
190	2.51383e-09	-0.260665	1.06356	0.00244512	-0.931784	-0.226564	0.00160061
191	2.51383e-09	0.705366	-0.839448	-0.00017865	0.730933	0.613317	-0.00234386
192	2.51383e-09	-0.327395	-1.0513	0.000598529	0.911206	-0.280161	0.00224284
193	2.51383e-09	0.0691763	1.09527	-0.000981279	-0.953826	0.0614791	0.00158953
194	2.51383e-09	0.571679	0.960304	-0.000218158	-0.814277	0.4819	0.00106734
195	2.51383e-09	0.126951	-1.08497	0.00147578	0.948471	0.114436	4.61959e-06
196	2.51383e-09	0.125249	-1.08044	-8.07882e-05	0.955214	0.110056	-0.00178856
197	2.51383e-09	0.638371	-0.888632	-0.000457768	0.77957	0.556093	-0.00125119
198	2.51383e-09	-1.08583	-0.212328	0.00182141	0.179787	-0.933928	-0.00229094
199	2.51383e-09	1.10098	0.00985575	0.00116921	-0.00887099	0.9514	0.001853
200	2.51383e-09	-0.387641	1.03759	0.000231632	-0.890365	-0.334586	0.000136594
201	2.51383e-09	-0.887331	0.645775	0.00214032	-0.557798	-0.775529	0.000863505
202	2.51383e-09	0.831319	-0.723923	0.00309188	0.622175	0.718746	-0.000847195
203	2.51383e-09	1.08187	-0.0793614	-0.000780971	0.0708281	0.956842	-0.00114429
204	2.51383e-09	1.1022	-9.191e-05	0.000481903	0.00179981	0.954165	0.00106884
205	2.51383e-09	-0.587996	-0.97136	-0.000128909	0.803995	-0.482584	0.000374206
206	2.51383e-09	-0.389233	-1.02934	-0.00128672	0.891505	-0.341052	0.00167405
207	2.51383e-09	-0.99668	0.492181	-0.00108191	-0.420016	-0.850859	0.000997573
208	2.51383e-09	-0.853495	0.674634	0.000169945	-0.596392	-0.751515	-0.000514883
209	2.51383e-09	-0.687044	-0.845688	-0.00195568	0.741879	-0.605512	0.000957155
210	2.51383e-09	0.46877	1.00126	0.000947264	-0.863429	0.404614	-0.000642269
211	2.51383e-09	0.38397	-1.03686	-0.000499457	0.891787	0.329362	-0.00132281
212	2.51383e-09	1.12226	0.0281906	-0.00111313	-0.0223758	0.943491	-0.000365291
213	2.51383e-09	-1.07567	0.226035	-0.00133648	-0.198357	-0.932505	-0.000717399
214	2.51383e-09	-0.22655	1.08859	-0.000792057	-0.924658	-0.19586	-0.000588315
215	2.51383e-09	-0.264475	1.07152	-0.000210628	-0.927103	-0.228314	-0.00145213
216	2.51383e-09	0.708246	-0.859311	0.000303636	0.73539	0.599054	-0.00114879
217	2.51383e-09	0.240537	1.08748	0.000772911	-0.925057	0.210485	0.000263356
218	2.51383e-09	-0.805127	-0.72838	0.000869607	0.646283	-0.708752	-9.68909e-05
219	2.51383e-09	0.735506	0.837468	-5.29035e-05	-0.711864	0.625983	-0.00115133
220	2.51383e-09	0.542927	-0.971204	-0.00235793	0.826543	0.462588	0.00136193
221	2.51383e-09	-0.276422	-1.06774	-0.00317944	0.920426	-0.240699	-0.000939139
222	2.51383e-09	0.938964	-0.598346	-0.000800341	0.513236	0.798873	-0.00142622
223	2.51383e-09	0.77827	-0.795494	-0.000773242	0.676313	0.667361	-0.00122288
224	2.51383e-09	-0.714257	-0.843736	-0.000217301	0.720709	-0.617974	-0.00156927
225	2.51383e-09	-0.664232	-0.903294	0.00115881	0.760585	-0.555384	-0.000217788
226	2.51383e-09	1.11697	-0.112972	-0.00136683	0.0949092	0.940402	-0.000337652
227	2.51383e-09	-0.611091	-0.928425	0.00110282	0.789468	-0.520756	-0.00188453
228	2.51383e-09	0.832462	-0.744467	-0.00103539	0.631567	0.703653	0.00121495
229	2.51383e-09	-0.723119	-0.858591	0.00106112	0.720089	-0.61127	0.00312916
230	2.51383e-09	1.09206	0.328772	-0.00258553	-0.27009	0.894805	-0.00197242
231	2.51383e-09	-0.389739	-1.06824	-0.00127989	0.880808	-0.316156	-0.000693603
232	2.51383e-09	-0.539173	-0.957122	-0.00308437	0.835541	-0.467548	-0.00134992
233	2.51383e-09	0.431768	-1.03087	0.00328501	0.875445	0.356524	0.000241166
234	2.51383e-09	1.06229	-0.369759	0.0010008	0.310635	0.888398	-0.000747759
235	2.51383e-09	0.622125	0.927618	0.00327526	-0.786992	0.523759	0.00372233
236	2.51383e-09	-1.02278	-0.480975	-0.000315255	0.402854	-0.850411	0.00145212
237	2.51383e-09	0.650175	-0.916874	-0.00181452	0.767819	0.545976	0.00130468
238	2.51383e-09	-1.13671	-0.0342261	-0.00104188	0.0343904	-0.936835	-0.000204505
239	2.51383e-09	-0.363863	-1.04397	-8.44019e-05	0.898795	-0.31228	0.00181448
240	2.51383e-09	-0.280558	-1.09463	-9.96551e-05	0.912572	-0.22934	-0.00183294
241	2.51383e-09	-0.981316	0.538801	-0.00106218	-0.458651	-0.825761	0.00302141
242	2.51383e-09	-1.00538	0.565281	-0.00163715	-0.459384	-0.810617	0.00133136
243	2.51383e-09	1.08863	-0.293668	0.00254065	0.24628	0.906492	0.000526136
244	2.51383e-09	-0.735583	-0.86302	-0.00130912	0.716304	-0.605573	0.00211288
245	2.51383e-09	-1.06895	0.345913	-0.00159841	-0.28938	-0.896205	0.00214958
246	2.51383e-09	0.0796337	-1.11845	0.00309871	0.942815	0.0690449	-0.00166536
247	2.51383e-09	-0.239615	-1.0846	0.00265192	0.925302	-0.202573	-0.000115212
248	2.51383e-09	-1.09063	-0.237636	-0.00201758	0.205328	-0.923802	0.000483799
249	2.51383e-09	-0.352637	-1.07036	0.00289854	0.895337	-0.293102	0.000520841
250	2.51383e-09	1.10239	0.261074	-0.000833276	-0.215179	0.913522	-0.00120372
251	2.51383e-09	-0.974879	-0.571507	-0.000806366	0.474351	-0.811292	-0.00266983
252	2.51383e-09	-1.07435	-0.333234	-0.00140491	0.275916	-0.901758	-0.00223211
253	2.51383e-09	1.11561	-0.21243	0.00102407	0.173879	0.922406	0.000997369
254	2.51383e-09	0.564317	-0.971999	-0.00123921	0.816442	0.470023	-0.000655043
255	2.51383e-09	0.418518	-1.05439	-0.000877813	0.87398	0.341718	-0.00287643
256	2.51383e-09	0.0367962	-1.13608	0.00117855	0.93878	0.0272924	0.00139941
257	2.51383e-09	-0.430579	1.04678	-5.83204e-05	-0.868365	-0.359508	0.000586177
258	2.51383e-09	-1.09645	-0.272749	0.00317688	0.229607	-0.914381	0.00170472
259	2.51383e-09	0.144274	-1.11157	0.00165475	0.938186	0.121293	-0.00134371
260	2.51383e-09	0.934851	0.646043	0.00403679	-0.533141	0.769731	0.00159511
261	2.51383e-09	0.59237	0.979077	0.00141873	-0.799219	0.483693	0.00136001
262	2.51383e-09	-0.352425	-1.05411	-0.00403172	0.90249	-0.294827	-0.000448037
263	2.51383e-09	-1.09456	0.306224	0.00136122	-0.254549	-0.902806	0.00112612
264	2.51383e-09	-0.488699	-1.02099	-0.000662871	0.848568	-0.403061	0.00135229
265	2.51383e-09	0.988018	0.577984	0.0013305	-0.470129	0.809215	0.00111596
266	2.51383e-09	1.00616	-0.516277	0.00152086	0.430359	0.8378	-0.000949954
267	2.51383e-09	0.718845	-0.874677	0.00122532	0.727305	0.592169	-0.00257924
268	2.51383e-09	0.964142	0.596833	0.000133148	-0.496382	0.797165	0.000462907
269	2.51383e-09	0.144529	1.12926	-0.00121931	-0.931051	0.122429	-0.000940991
270	2.51383e-09	-0.105631	-1.12863	0.000925341	0.935927	-0.0850649	-0.00188969
271	2.51383e-09	-1.11699	0.265519	-0.000204325	-0.21723	-0.90814	0.0001119
272	2.51383e-09	-0.754854	0.858154	-0.00146303	-0.703477	-0.617218	0.00233596
273	2.51383e-09	-0.0549841	-1.14285	-9.27454e-05	0.932647	-0.0489879	-0.000494671
274	2.51383e-09	1.10068	-0.256925	0.00149968	0.210082	0.914196	-0.00100755
275	2.51383e-09	-0.570258	-0.981088	-0.00323896	0.811723	-0.468638	0.00152229
276	2.51383e-09	-0.0527316	1.12922	-0.00154352	-0.939716	-0.0427053	0.000410898
277	2.51383e-09	-0.588125	-0.97915	0.000810097	0.805101	-0.47584	0.00109584
278	2.51383e-09	0.936571	0.669873	5.61379e-05	-0.538674	0.758473	-0.00076549
279	2.51383e-09	0.622142	-0.954715	8.66655e-06	0.786791	0.51315	1.87749e-06
280	2.51383e-09	0.101455	1.15685	-0.00161182	-0.924603	0.0820652	-0.000545725
281	2.51383e-09	-0.203986	-1.12113	8.64945e-05	0.919722	-0.171339	-0.00026382
282	2.51383e-09	-1.10526	-0.283858	-0.00344671	0.231283	-0.907793	-0.000226335
283	2.51383e-09	1.11677	-0.209055	0.00186485	0.177055	0.920169	-0.000642404
284	2.51383e-09	-0.132609	1.14668	0.00114104	-0.923916	-0.111674	0.000617959
285	2.51383e-09	-0.473269	-1.06314	-0.000441162	0.843065	-0.378388	-0.00143437
286	2.51383e-09	0.128786	1.12311	0.00108897	-0.935417	0.10496	0.00250782
287	2.51383e-09	0.340708	-1.08682	-0.00146987	0.894598	0.283421	-0.000872548
288	2.51383e-09	0.533312	1.01648	0.000794731	-0.82603	0.43596	-0.000267628
289	2.51383e-09	0.362943	1.09597	-0.00143791	-0.883273	0.290915	0.00184034
290	2.51383e-09	-0.594128	-0.97826	0.00233555	0.79862	-0.484978	-0.00163171
291	2.51383e-09	0.747938	0.871198	0.00215965	-0.707527	0.607031	-0.000631557
292	2.51383e-09	-0.275131	-1.12611	-0.00119824	0.902436	-0.216449	0.001732
293	2.51383e-09	-1.14162	-0.103749	0.003088	0.0842688	-0.929006	0.000423978
294	2.51383e-09	0.906512	0.741211	0.00334619	-0.58665	0.713766	0.00150051
295	2.51383e-09	0.592465	0.978939	0.00183006	-0.797018	0.483394	-0.00229569
296	2.51383e-09	1.02806	-0.546102	0.000206687	0.431494	0.818072	0.000606362
297	2.51383e-09	0.211581	1.12831	0.000788387	-0.91641	0.175522	-0.00096682
298	2.51383e-09	0.83077	0.803232	-1.6246e-05	-0.643956	0.670424	-0.000327156
299	2.51383e-09	-0.0950814	-1.15679	0.00322869	0.924138	-0.0854299	-0.00166393
300	2.51383e-09	1.02528	0.561507	0.00097431	-0.444848	0.808257	-0.000846375
301	2.51383e-09	-0.369362	-1.08326	-0.000229712	0.887788	-0.303115	0.000454619
302	2.51383e-09	-0.282644	-1.12404	-0.00339948	0.903068	-0.226504	-0.00137889
303	2.51383e-09	0.513041	-1.02256	-0.0028151	0.837292	0.421878	-0.001134
304	2.51383e-09	0.830104	-0.808504	-0.000972893	0.649958	0.665138	-0.00172606
305	2.51383e-09	0.87779	-0.733489	0.000170583	0.599033	0.716804	0.0024234
306	2.51383e-09	0.669182	0.945449	0.00171183	-0.760341	0.533344	-0.00204655
307	2.51383e-09	1.11226	0.291727	0.00187241	-0.235623	0.902507	-1.34702e-05
308	2.51383e-09	-0.901028	0.731908	-0.00214929	-0.585896	-0.722393	0.000336714
309	2.51383e-09	0.217284	1.12878	-0.000749693	-0.915983	0.174465	-0.00127025
310	2.51383e-09	-0.0402703	1.14496	-0.000356996	-0.936159	-0.0294317	0.00125845
311	2.51383e-09	-1.15532	0.101505	0.0026799	-0.0826477	-0.923445	3.07863e-05
312	2.51383e-09	-1.11018	0.368832	0.0017686	-0.289747	-0.876942	0.00148771
313	2.51383e-09	0.884796	0.742525	-0.00170875	-0.597602	0.714043	-0.00193168
314	2.51383e-09	-0.820492	-0.809636	0.00258023	0.655094	-0.663036	0.000170218
315	2.51383e-09	1.16137	0.127733	0.000953872	-0.1026	0.920811	0.00164722
316	2.51383e-09	0.746821	0.893857	-0.00242839	-0.709391	0.59506	-0.000435467
317	2.51383e-09	-0.951197	-0.662644	-0.00153539	0.528184	-0.761512	0.000796386
318	2.51383e-09	0.792718	-0.848178	-0.00319966	0.674999	0.636506	0.000402582
319	2.51383e-09	-0.496329	-1.05076	0.00312072	0.838959	-0.397191	-0.000276224
320	2.51383e-09	-1.04801	0.533699	0.000477126	-0.42225	-0.821132	-0.000619358
321	2.51383e-09	0.715022	-0.911895	0.00106122	0.733101	0.57461	-0.000107751
322	2.51383e-09	-1.12436	0.243218	-0.000440894	-0.196791	-0.915529	-0.001048
323	2.51383e-09	-0.593728	1.00578	-0.00244074	-0.799522	-0.470137	-0.00188886
324	2.51383e-09	-0.380012	1.11385	-0.00313796	-0.872494	-0.300866	-0.00129918
325	2.51383e-09	-1.15029	0.192939	-0.000452294	-0.155064	-0.912556	-0.00106775
326	2.51383e-09	-1.04633	0.521532	-0.00280567	-0.411995	-0.830727	0.000996919
327	2.51383e-09	-0.684881	-0.963642	0.00317438	0.748637	-0.531537	7.85419e-05
328	2.51383e-09	1.00077	0.566141	-0.000716646	-0.457345	0.813514	0.000537156
329	2.51383e-09	-0.357362	1.12745	-0.00136504	-0.878808	-0.279993	0.00214854
330	2.51383e-09	1.15439	0.0680671	-0.000275908	-0.0534453	0.928965	-0.000662511
331	2.51383e-09	-0.350677	1.10997	0.00151222	-0.88171	-0.279647	-0.00174035
332	2.51383e-09	-0.0605128	1.15196	0.000123242	-0.93159	-0.0455481	-0.000692942
333	2.51383e-09	-0.722347	-0.924855	-4.67533e-07	0.728753	-0.567876	0.000412659
334	2.51383e-09	0.804035	-0.85762	0.000727917	0.671502	0.633323	0.000889666
335	2.51383e-09	-0.639876	-0.998668	0.000817926	0.770871	-0.494353	-8.941e-05
336	2.51383e-09	1.16365	-0.130657	0.000894846	0.10542	0.919077	0.000467568
337	2.51383e-09	0.968564	0.665417	-0.000144313	-0.518523	0.762515	0.00157916
338	2.51383e-09	-0.677096	-0.955393	-0.00163799	0.752003	-0.537385	-0.000687632
339	2.51383e-09	-0.558373	-1.05719	0.000962811	0.80748	-0.424095	0.000284188
340	2.51383e-09	0.901762	-0.767572	-0.000201122	0.595819	0.699717	0.000675974
341	2.51383e-09	0.443121	-1.09753	0.00119816	0.852329	0.337996	-0.000523259
342	2.51383e-09	0.914221	0.731383	-0.00126725	-0.577527	0.720874	-0.000578944
343	2.51383e-09	-0.417814	1.08715	0.00149544	-0.863178	-0.33775	-0.00114418
344	2.51383e-09	-0.428792	1.0971	-0.000584846	-0.859321	-0.335941	-0.000961908
345	2.51383e-09	-0.0780619	1.16727	-0.00075734	-0.922534	-0.0604819	-0.00175151
346	2.51383e-09	0.0762115	-1.15797	0.000967103	0.924946	0.0636368	0.0011549
347	2.51383e-09	0.501495	1.05682	0.000939239	-0.83807	0.39145	-0.000874244
348	2.51383e-09	0.280766	1.15378	0.000395584	-0.890406	0.219672	-0.000877201
349	2.51383e-09	-0.63492	-0.988638	-0.00310053	0.777582	-0.493686	-0.000305276
350	2.51383e-09	0.421849	-1.08816	0.00144297	0.864822	0.334996	-0.000700852
351	2.51383e-09	0.674545	-0.978035	-0.000895464	0.751129	0.525356	0.000487431
352	2.51383e-09	-1.17744	0.104603	-0.000149332	-0.0816784	-0.915854	-0.00361664
353	2.51383e-09	-0.858736	0.823775	-0.000370456	-0.63302	-0.664428	0.000672847
354	2.51383e-09	1.10401	-0.429043	0.00193471	0.334307	0.856856	0.000975331
355	2.51383e-09	-1.01566	0.565036	0.00164212	-0.453184	-0.809387	0.000208864
356	2.51383e-09	0.875875	-0.798628	-0.000877772	0.620596	0.676793	-0.000131144
357	2.51383e-09	0.178577	1.16513	0.00103122	-0.910018	0.141417	-0.000919783
358	2.51383e-09	1.15247	-0.33515	-0.00170348	0.2567	0.876122	6.67592e-05
359	2.51383e-09	1.0932	-0.497835	0.000267116	0.383601	0.827576	-0.000592967
360	2.51383e-09	0.522201	-1.04811	0.000444943	0.824969	0.412594	-0.00209231
361	2.51383e-09	-1.02327	-0.570229	0.000412119	0.4509	-0.806701	-0.000679484
362	2.51383e-09	1.14677	-0.291879	-0.00222561	0.226696	0.889467	-0.000254843
363	2.51383e-09	-1.17257	0.165626	0.00322965	-0.122392	-0.909205	0.000305662
364	2.51383e-09	-0.538607	1.03577	-0.00255206	-0.819475	-0.432598	-0.00024008
365	2.51383e-09	-1.18654	-0.12514	0.000920803	0.0935546	-0.910458	0.000897988
366	2.51383e-09	-1.0972	0.471762	0.0026323	-0.360504	-0.838887	-0.000334386
367	2.51383e-09	-0.926498	0.754999	-0.000799654	-0.577119	-0.706456	-0.00115756
368	2.51383e-09	1.09658	0.460481	-4.79564e-05	-0.357215	0.84587	-0.00194976
369	2.51383e-09	0.819046	0.876607	0.000777063	-0.669095	0.620428	0.00118344
370	2.51383e-09	-0.0804588	-1.18661	0.00162103	0.915698	-0.0643666	-0.000869319
371	2.51383e-09	1.10229	0.513908	-0.00231383	-0.38323	0.818604	0.00255315
372	2.51383e-09	-0.881283	-0.792084	-2.62712e-05	0.614077	-0.682729	0.00149414
373	2.51383e-09	1.15065	-0.287783	0.000346945	0.222374	0.890527	0.000917958
374	2.51383e-09	-1.00889	-0.662206	-0.00254338	0.499824	-0.759011	-0.000711703
375	2.51383e-09	0.937558	0.737759	-0.00143837	-0.56528	0.72064	-0.000293373
376	2.51383e-09	1.13334	-0.365041	-0.000614624	0.284902	0.870437	-0.000558913
377	2.51383e-09	1.13938	-0.35303	-0.00251259	0.266026	0.876036	-0.000292574
378	2.51383e-09	1.06075	0.555951	0.000435704	-0.424003	0.809091	0.00240129
379	2.51383e-09	0.842551	-0.816558	-0.000180161	0.648388	0.662212	-0.000438001
380	2.51383e-09	0.670646	-0.96899	0.000941163	0.759132	0.522752	-0.00140476
381	2.51383e-09	0.909766	-0.757655	0.000664835	0.589651	0.707002	0.001505
382	2.51383e-09	-1.00882	-0.643708	-0.0010191	0.489347	-0.769432	0.000622676
383	2.51383e-09	-1.15775	-0.166762	0.00384311	0.130012	-0.916879	0.000234432
384	2.51383e-09	1.07046	-0.556757	-0.000236113	0.417948	0.808201	-0.00241862
385	2.51383e-09	-0.945942	-0.709966	0.000729103	0.553661	-0.734488	0.00117064
386	2.51383e-09	1.16329	-0.29444	0.000378432	0.221409	0.888116	0.000117129
387	2.51383e-09	-1.18323	0.214357	-0.00317463	-0.164344	-0.895338	0.00199274
388	2.51383e-09	-0.407049	1.12646	0.00120036	-0.861381	-0.314538	-0.000320703
389	2.51383e-09	0.68878	0.9853	5.74333e-05	-0.746535	0.521962	-0.000872566
390	2.51383e-09	1.03694	0.578017	0.000841333	-0.445484	0.804543	0.000976398
391	2.51383e-09	0.931201	0.777622	0.00111369	-0.581388	0.694644	0.00119062
392	2.51383e-09	1.01935	-0.635402	0.000255982	0.484444	0.774577	-0.00181034
393	2.51383e-09	1.01095	0.668784	-0.00172844	-0.498469	0.758092	-0.000377698
394	2.51383e-09	-0.0434224	-1.19212	0.00069289	0.916928	-0.0300728	-0.00114253
395	2.51383e-09	0.785771	0.902404	-0.0019739	-0.691226	0.599516	-0.000645955
396	2.51383e-09	-1.18024	-0.205807	0.00218742	0.152494	-0.901096	-9.47514e-05
397	2.51383e-09	0.187497	1.18782	-0.0040176	-0.9013	0.143023	-0.00118851
398	2.51383e-09	0.901952	0.814924	0.00217478	-0.605343	0.67246	0.000619329
399	2.51383e-09	1.20099	0.00645177	0.00288079	-0.00820625	0.912918	-7.16356e-05
400	2.51383e-09	0.11042	-1.18347	-0.00177574	0.915498	0.080689	0.000731093
