6.490009e+02
401
0	1	2.99021e-05	1.84501e-05	-2.72536e-08	7.42727e-08	2.03324e-08	-7.05225e-11
1	2.51383e-09	-0.204177	-0.978967	-0.00100316	0.978759	-0.205177	-0.000663211
2	2.51383e-09	0.482989	0.878264	8.90651e-05	-0.874774	0.482605	-0.00110383
3	2.51383e-09	0.759886	0.658297	-0.00155512	-0.653528	0.752343	-0.000192547
4	2.51383e-09	0.987186	-0.171831	-0.00062672	0.171284	0.98411	-0.00105928
5	2.51383e-09	-0.129573	-0.989778	0.000396235	0.993461	-0.128958	-0.0015321
6	2.51383e-09	0.905815	-0.42902	-0.00100865	0.428196	0.904025	0.0002704
7	2.51383e-09	0.827439	0.570438	-0.000698026	-0.566088	0.820334	0.000569958
8	2.51383e-09	-0.994175	-0.113183	0.000103234	0.115644	-0.992728	7.21e-05
9	2.51383e-09	-0.201659	0.979694	0.000113668	-0.979925	-0.201536	-0.000156471
10	2.51383e-09	-0.818649	-0.580775	-0.0013379	0.57665	-0.81508	-0.000885957
11	2.51383e-09	-0.355731	0.939107	-0.000692115	-0.933769	-0.354276	0.0010137
12	2.51383e-09	0.336769	-0.948573	-0.000845849	0.940649	0.332425	0.000205598
13	2.51383e-09	0.372414	0.93631	-0.000432298	-0.925362	0.365269	-0.000263731
14	2.51383e-09	-0.413338	-0.919521	0.00156224	0.91034	-0.408025	-0.00129886
15	2.51383e-09	-0.872663	0.497621	-0.00152837	-0.489335	-0.869427	0.000448343
16	2.51383e-09	0.294994	0.954221	-0.000403391	-0.956977	0.294851	-0.000982645
17	2.51383e-09	0.225973	0.979452	0.00102032	-0.972207	0.224131	0.000276077
18	2.51383e-09	-0.615283	-0.796369	-0.0012076	0.791045	-0.60927	-0.000839846
19	2.51383e-09	-0.322422	-0.962038	-0.000687528	0.940179	-0.314654	-0.000819515
20	2.51383e-09	0.883188	-0.501623	0.000421366	0.488536	0.863744	-0.000468239
21	2.51383e-09	0.0441101	1.01012	-0.000776863	-0.993509	0.0446095	-0.00103601
22	2.51383e-09	0.400782	-0.93404	-0.00106235	0.909781	0.391318	-0.000494074
23	2.51383e-09	0.582439	-0.826234	0.000958955	0.813203	0.573182	0.000879712
24	2.51383e-09	0.200118	-0.993682	0.000612856	0.973191	0.194156	0.000445237
25	2.51383e-09	0.1419	1.00298	8.41705e-05	-0.984698	0.140456	0.0011142
26	2.51383e-09	0.890488	0.457767	-0.00106874	-0.4594	0.889939	-0.000762466
27	2.51383e-09	1.00127	-0.142058	0.000863951	0.140349	0.984232	-0.000656852
28	2.51383e-09	-1.01815	0.064548	-0.000233982	-0.0625447	-0.986809	0.00114716
29	2.51383e-09	0.961874	-0.336473	-0.00175885	0.328665	0.93278	-0.00193006
30	2.51383e-09	-0.204334	0.990724	0.00115526	-0.974456	-0.197989	-7.47582e-05
31	2.51383e-09	0.968305	0.298635	0.000397296	-0.293158	0.948666	-0.000181294
32	2.51383e-09	-0.935945	0.392963	-2.67658e-06	-0.384389	-0.915297	-0.000945578
33	2.51383e-09	-0.614658	-0.814268	-8.4491e-05	0.790268	-0.596052	0.000855248
34	2.51383e-09	-1.02534	-0.0407433	0.00134119	0.0425703	-0.985859	-0.0011297
35	2.51383e-09	-0.32544	0.9646	0.00126791	-0.939163	-0.316956	0.000834722
36	2.51383e-09	-0.799566	0.633148	-0.000895494	-0.616512	-0.775441	-0.000160956
37	2.51383e-09	-0.257491	0.976684	-0.00182993	-0.964187	-0.253339	-0.000464367
38	2.51383e-09	0.929228	0.418572	0.00142261	-0.407763	0.902283	-0.000744759
39	2.51383e-09	-0.650151	-0.776586	0.00121039	0.764294	-0.636751	0.000660115
40	2.51383e-09	0.00161469	-1.01784	-0.0007395	0.991437	0.00540076	0.000953444
41	2.51383e-09	0.802994	0.619247	-0.00198966	-0.607584	0.787377	-0.000241477
42	2.51383e-09	1.02693	0.00285916	0.000829267	-0.00364457	0.985426	-0.00137125
43	2.51383e-09	-0.234069	0.995558	0.000786532	-0.963228	-0.229106	-0.000985061
44	2.51383e-09	-1.01337	-0.123707	-0.000988947	0.120149	-0.981312	-0.000609042
45	2.51383e-09	0.620377	-0.824276	0.00136622	0.785508	0.593288	0.00024496
46	2.51383e-09	-0.968193	0.325817	0.00031463	-0.314493	-0.938434	-0.00123068
47	2.51383e-09	0.14426	-1.00857	-0.000500889	0.980702	0.138052	-0.000652964
48	2.51383e-09	0.238097	-0.995686	-0.000350496	0.96132	0.230394	-0.00111641
49	2.51383e-09	-1.01984	0.119883	0.00131366	-0.115491	-0.978793	0.00114002
50	2.51383e-09	1.02625	0.0499083	0.00207931	-0.0488815	0.985543	-0.00055905
51	2.51383e-09	-0.141404	-1.01756	-0.000188861	0.975475	-0.13764	0.000288489
52	2.51383e-09	0.969715	-0.331885	-0.000661293	0.32053	0.935092	0.000871636
53	2.51383e-09	0.452993	0.915801	-0.00153851	-0.887894	0.439623	0.00045496
54	2.51383e-09	-0.270757	0.989815	-0.00116115	-0.951805	-0.260782	-0.000422345
55	2.51383e-09	0.818806	0.632231	-2.47936e-05	-0.600313	0.778276	-0.000633221
56	2.51383e-09	0.173496	1.01561	0.000526515	-0.971335	0.16534	-0.000901239
57	2.51383e-09	0.973643	0.339202	0.000372642	-0.323895	0.931423	-0.00108266
58	2.51383e-09	-0.913447	-0.466748	-0.000102241	0.450776	-0.878804	0.000330412
59	2.51383e-09	0.0124929	1.02976	-0.00128156	-0.985646	0.0109704	0.000842033
60	2.51383e-09	0.970129	0.339543	-0.000659064	-0.326698	0.928767	0.000609122
61	2.51383e-09	0.872969	-0.569204	9.98581e-05	0.537412	0.819967	0.000743324
62	2.51383e-09	-0.92762	0.457931	0.00133051	-0.435911	-0.881654	-0.00145086
63	2.51383e-09	-0.307198	0.983599	-0.000775612	-0.9411	-0.294611	-0.000950158
64	2.51383e-09	0.649049	0.801256	-0.000851479	-0.764214	0.619113	-0.000974308
65	2.51383e-09	-0.540294	-0.879759	-0.000667682	0.839454	-0.51411	-0.00125434
66	2.51383e-09	0.763243	-0.691692	0.000926366	0.661459	0.728895	9.74031e-05
67	2.51383e-09	-0.208859	1.00934	-0.00107528	-0.964577	-0.19866	-0.000985098
68	2.51383e-09	-0.0721804	-1.03264	-0.000774919	0.980102	-0.0695834	0.00100454
69	2.51383e-09	0.0670818	-1.03262	0.00135662	0.980775	0.0633	0.00023942
70	2.51383e-09	0.855046	-0.590443	0.000568785	0.557728	0.806966	0.00122904
71	2.51383e-09	0.117766	1.02866	0.000337446	-0.975411	0.114701	0.000823891
72	2.51383e-09	0.640179	0.809503	-0.000465577	-0.772629	0.610078	0.00117767
73	2.51383e-09	0.0431395	1.03295	0.00178879	-0.982502	0.037798	0.00122537
74	2.51383e-09	-0.951533	0.418078	-1.69854e-05	-0.39224	-0.898741	0.00104684
75	2.51383e-09	-1.01848	-0.17411	-0.000182269	0.166003	-0.969913	0.000232732
76	2.51383e-09	0.834443	0.627441	0.00021517	-0.588572	0.781483	-0.000350883
77	2.51383e-09	-1.00989	-0.220883	-0.00117992	0.212508	-0.961362	-0.00242709
78	2.51383e-09	-0.358683	-0.975319	-0.000684298	0.921755	-0.336847	0.000160819
79	2.51383e-09	-1.0147	-0.24162	-0.000367294	0.227846	-0.951123	-0.00148734
80	2.51383e-09	-0.890043	-0.548687	0.000256564	0.510409	-0.832743	-0.000649988
81	2.51383e-09	-1.01257	-0.231506	0.00086726	0.21896	-0.956167	-0.000874904
82	2.51383e-09	0.962137	-0.384812	8.46925e-05	0.360614	0.914053	0.000754375
83	2.51383e-09	-0.463573	-0.94155	-0.00142815	0.874082	-0.432537	-0.000487432
84	2.51383e-09	-0.369533	0.975099	0.000738473	-0.91703	-0.346008	0.000653938
85	2.51383e-09	-0.278682	-1.00412	0.00232738	0.942747	-0.265412	0.00110787
86	2.51383e-09	0.786704	0.684395	-0.0014868	-0.643017	0.738206	0.00132507
87	2.51383e-09	-0.149882	-1.03369	0.00199907	0.968417	-0.140029	-0.000124111
88	2.51383e-09	0.231016	1.0224	0.000484001	-0.951502	0.21485	-0.000899804
89	2.51383e-09	0.498964	0.924064	0.000623943	-0.858199	0.466144	-0.000487298
90	2.51383e-09	1.00705	0.273294	0.000113896	-0.255757	0.9448	0.00129194
91	2.51383e-09	-0.592861	0.858131	-0.000250907	-0.805137	-0.555406	0.000786822
92	2.51383e-09	-0.243289	-1.02165	-0.00128203	0.950776	-0.222044	-0.000379912
93	2.51383e-09	-0.830987	0.644016	0.000160649	-0.59934	-0.770435	-0.00144234
94	2.51383e-09	0.991537	-0.347003	-0.00103028	0.320455	0.920947	0.000198128
95	2.51383e-09	0.867154	-0.58526	-0.000635417	0.544707	0.811517	0.00115766
96	2.51383e-09	0.976287	-0.403483	0.00100092	0.370075	0.898695	-0.000713397
97	2.51383e-09	0.820064	0.654212	-0.000162804	-0.610435	0.760704	0.0021695
98	2.51383e-09	-1.03663	-0.212635	0.000189528	0.196737	-0.952068	-9.53291e-05
99	2.51383e-09	0.0265172	1.05379	0.00123604	-0.97442	0.0242396	0.000679022
100	2.51383e-09	-0.917264	-0.50399	-0.00055905	0.47427	-0.855698	0.000597455
101	2.51383e-09	1.02345	0.213223	0.00090144	-0.197253	0.957198	-0.000298731
102	2.51383e-09	-0.795411	0.690194	0.00112195	-0.640517	-0.734991	0.000903358
103	2.51383e-09	0.358748	0.978855	0.00116061	-0.921318	0.33461	-0.000735984
104	2.51383e-09	-0.496213	0.934169	0.00129989	-0.857929	-0.456074	0.000353951
105	2.51383e-09	-0.69615	-0.784766	8.39792e-05	0.729911	-0.649609	-0.00109887
106	2.51383e-09	-1.06063	-0.0255049	-0.00103507	0.0211653	-0.970495	0.00143873
107	2.51383e-09	-0.112484	-1.03985	0.000281732	0.97244	-0.10615	0.00134194
108	2.51383e-09	0.976244	0.411105	-0.000461572	-0.376487	0.895397	-0.000162046
109	2.51383e-09	-0.995168	0.358	0.000128768	-0.329853	-0.914736	0.00116217
110	2.51383e-09	0.98941	0.367614	0.000893298	-0.336761	0.913029	0.000554219
111	2.51383e-09	0.303319	-1.01457	-0.000387891	0.931177	0.276262	-0.000763828
112	2.51383e-09	1.04929	-0.0911807	-0.000747189	0.0835362	0.97053	0.000909866
113	2.51383e-09	-1.02768	-0.224684	0.00122399	0.208909	-0.952233	-0.000560624
114	2.51383e-09	-1.05878	0.0766889	-8.1252e-05	-0.0717251	-0.967195	0.00164222
115	2.51383e-09	1.06153	-0.00697496	0.000356759	0.00649415	0.970305	-0.00137518
116	2.51383e-09	0.932745	0.506672	-0.000450152	-0.461855	0.852305	-0.000759594
117	2.51383e-09	-1.06558	-0.0418785	-0.00106477	0.0388589	-0.965937	0.00194415
118	2.51383e-09	0.557134	0.909746	0.000395702	-0.825213	0.505163	9.59623e-05
119	2.51383e-09	-0.420276	-0.96731	0.000771445	0.892414	-0.389968	0.00136087
120	2.51383e-09	0.347688	-1.00095	0.00118765	0.918926	0.316488	-0.000991024
121	2.51383e-09	0.343002	-1.00724	0.000604708	0.918014	0.312207	-0.000907412
122	2.51383e-09	0.335033	-1.00436	0.000495276	0.921765	0.304967	0.000117523
123	2.51383e-09	-0.250098	-1.03225	-0.000655971	0.943061	-0.225801	-0.0011529
124	2.51383e-09	1.0527	0.120252	0.000738424	-0.110216	0.96617	-0.00137556
125	2.51383e-09	0.990834	0.386062	-0.00129743	-0.352255	0.90338	-0.000140588
126	2.51383e-09	0.279712	1.03022	-0.000376015	-0.933306	0.254986	0.00166398
127	2.51383e-09	0.711504	0.795353	-0.000439037	-0.720752	0.64548	0.000932069
128	2.51383e-09	1.06703	0.0599166	-0.001527	-0.0530651	0.966332	-0.000378502
129	2.51383e-09	-0.612684	-0.874868	0.000666673	0.792948	-0.553911	-0.0005376
130	2.51383e-09	-0.924206	-0.515649	0.00185305	0.473597	-0.847107	0.000171089
131	2.51383e-09	0.671801	-0.828616	-0.000392774	0.751291	0.610583	0.00119123
132	2.51383e-09	0.38268	-0.994945	0.000605872	0.903619	0.34774	-0.00111984
133	2.51383e-09	0.163728	-1.05575	0.000666563	0.955272	0.1472	0.00179416
134	2.51383e-09	-0.772252	0.737165	0.00167132	-0.669564	-0.699938	-0.000544126
135	2.51383e-09	0.461105	-0.956972	0.000145173	0.873061	0.424771	-0.000140098
136	2.51383e-09	-0.0286615	1.06718	0.000627318	-0.968166	-0.0243413	0.000779262
137	2.51383e-09	1.06243	0.141897	0.00110289	-0.128771	0.956553	0.00114053
138	2.51383e-09	0.651777	-0.849021	-0.00115116	0.767486	0.589425	-0.00181509
139	2.51383e-09	1.05773	-0.149496	0.000292867	0.137407	0.95811	0.000195306
140	2.51383e-09	0.100276	-1.06929	0.000652147	0.961171	0.0864469	0.000945235
141	2.51383e-09	-0.715508	0.790812	0.000586581	-0.718319	-0.647671	-0.000349458
142	2.51383e-09	1.04257	0.267325	-6.81017e-05	-0.238721	0.933593	0.00108517
143	2.51383e-09	0.625414	0.8704	-0.000585356	-0.785829	0.562293	0.000426304
144	2.51383e-09	-0.0105791	-1.07434	-4.87481e-05	0.963865	-0.0118913	-0.000245978
145	2.51383e-09	1.0258	0.347548	-0.00200531	-0.3095	0.910408	-0.000564126
146	2.51383e-09	0.622221	0.884322	-0.00107494	-0.786123	0.552843	-0.000680409
147	2.51383e-09	-0.0621082	1.0705	0.00122601	-0.965676	-0.0585536	-0.00129163
148	2.51383e-09	-0.992958	-0.412179	-0.00226618	0.368412	-0.891265	0.000758669
149	2.51383e-09	1.0739	-0.10891	-0.00116531	0.0970279	0.955068	0.00132008
150	2.51383e-09	-0.908424	0.57269	-0.000295299	-0.516303	-0.815071	0.00109917
151	2.51383e-09	-0.919805	-0.569164	-0.00096767	0.506601	-0.815882	-0.000455588
152	2.51383e-09	0.148329	1.06227	-0.00255952	-0.956453	0.133267	-0.00195356
153	2.51383e-09	-0.859313	-0.653225	0.000701555	0.582383	-0.76583	0.00103324
154	2.51383e-09	-0.392902	1.00488	-0.0015981	-0.897941	-0.350766	0.000558269
155	2.51383e-09	0.215262	-1.05792	-0.00235578	0.941656	0.194715	-0.000752824
156	2.51383e-09	0.619747	-0.896343	-0.00157556	0.785	0.54675	0.00152519
157	2.51383e-09	0.548371	0.92981	-0.000742912	-0.828842	0.489446	0.000451925
158	2.51383e-09	-0.74441	-0.784237	0.00049219	0.698459	-0.660603	0.000924044
159	2.51383e-09	-1.05882	0.199792	0.000321	-0.17763	-0.946779	0.000233887
160	2.51383e-09	-1.07223	-0.157733	0.00102542	0.140689	-0.949006	0.00035475
161	2.51383e-09	-0.195777	-1.07576	-0.00025754	0.939493	-0.173317	0.000133073
162	2.51383e-09	0.876409	0.644343	0.000227737	-0.566982	0.772215	0.00137359
163	2.51383e-09	-0.0263458	1.07832	4.46076e-05	-0.962268	-0.0225151	0.00105305
164	2.51383e-09	0.290353	-1.03981	0.000661457	0.926404	0.256473	0.000392503
165	2.51383e-09	-0.870415	-0.643952	0.000563433	0.57135	-0.773672	0.00111729
166	2.51383e-09	-1.07595	0.180282	-0.00080568	-0.15845	-0.942229	-0.000395365
167	2.51383e-09	0.961486	-0.509437	0.000503304	0.452878	0.846288	0.000955754
168	2.51383e-09	-0.00921353	1.0846	0.000670609	-0.960157	-0.0120276	-0.000384236
169	2.51383e-09	0.799561	-0.732916	-0.000327726	0.650169	0.707139	0.000825029
170	2.51383e-09	0.553	-0.937622	0.000705005	0.827174	0.484065	0.000763481
171	2.51383e-09	0.631884	0.891932	0.000276174	-0.779416	0.551657	0.000957114
172	2.51383e-09	-0.98436	0.468409	0.00114442	-0.411699	-0.864574	-8.21127e-05
173	2.51383e-09	0.718767	-0.828748	-0.00104285	0.721122	0.62496	0.000146872
174	2.51383e-09	1.06338	-0.266112	0.00172961	0.234537	0.924748	-7.8574e-06
175	2.51383e-09	1.06514	-0.21872	-0.000200867	0.193981	0.9404	-0.000433348
176	2.51383e-09	0.298124	1.03076	8.8109e-05	-0.929889	0.266829	-0.000276379
177	2.51383e-09	-0.96701	0.515534	-0.00093821	-0.448176	-0.841998	0.000234762
178	2.51383e-09	1.08542	-0.0672701	0.00021028	0.0630285	0.956641	0.000391566
179	2.51383e-09	-0.72943	0.807777	0.0014387	-0.710925	-0.642928	-0.000481722
180	2.51383e-09	0.34409	1.02987	-0.000884377	-0.909145	0.305265	0.000494814
181	2.51383e-09	-1.09095	-0.0764959	0.000391563	0.0661337	-0.954288	-0.00114447
182	2.51383e-09	1.06224	-0.215754	0.00233597	0.189497	0.941201	3.53747e-05
183	2.51383e-09	0.00939846	-1.09776	-0.00144182	0.954076	0.00622397	0.000919891
184	2.51383e-09	0.988781	0.485414	-0.000167456	-0.419079	0.85477	0.000701396
185	2.51383e-09	1.09834	0.0400668	-0.0022023	-0.0365593	0.952653	-0.000257614
186	2.51383e-09	-1.05086	0.311102	-0.000665061	-0.270814	-0.915802	0.00197596
187	2.51383e-09	0.17348	1.07663	0.000921761	-0.945301	0.152574	-0.00120522
188	2.51383e-09	0.558849	0.941779	-0.000172071	-0.82188	0.48562	0.000937674
189	2.51383e-09	0.827404	0.716056	-0.000284109	-0.627051	0.723023	-0.00116305
190	2.51383e-09	0.966361	0.534425	-0.000822061	-0.461567	0.831758	-0.000122875
191	2.51383e-09	0.236255	-1.07059	0.000331095	0.933159	0.205855	0.000232769
192	2.51383e-09	-0.90648	0.626094	0.000134159	-0.543647	-0.782125	-0.00080463
193	2.51383e-09	0.684816	-0.864641	0.000477286	0.744831	0.592761	-1.79193e-05
194	2.51383e-09	-1.09771	-0.0750431	0.00125511	0.0628639	-0.949924	0.000796603
195	2.51383e-09	-1.09479	-0.0732127	0.00272621	0.0618849	-0.952072	-0.00113684
196	2.51383e-09	-1.09132	-0.123408	-0.000930254	0.106943	-0.948344	-0.000693015
197	2.51383e-09	0.398206	1.02599	-0.000993346	-0.888658	0.343347	0.000317525
198	2.51383e-09	-0.120816	-1.09723	0.000805839	0.946387	-0.101963	-0.000461722
199	2.51383e-09	-1.09835	0.0286352	0.000418575	-0.0255239	-0.954672	-0.00110622
200	2.51383e-09	-1.05028	0.348582	-0.00105743	-0.297632	-0.902444	-3.25689e-05
201	2.51383e-09	-1.086	0.22671	0.000945167	-0.191095	-0.929818	-0.000411027
202	2.51383e-09	0.777107	-0.790163	-0.00218776	0.676967	0.665029	0.00105173
203	2.51383e-09	0.378849	-1.03462	-0.000166361	0.894663	0.326325	0.00137801
204	2.51383e-09	0.54622	0.957876	-0.000899511	-0.826654	0.473587	0.000380919
205	2.51383e-09	-0.0887485	1.10232	-0.000457864	-0.947765	-0.0773214	0.00129235
206	2.51383e-09	0.490131	0.98242	-0.00174211	-0.854142	0.427629	-0.00136185
207	2.51383e-09	0.884911	0.667686	0.000420177	-0.569624	0.758578	-1.1189e-05
208	2.51383e-09	0.628971	0.91117	0.00164492	-0.783592	0.540015	-5.2925e-05
209	2.51383e-09	0.899636	0.622655	0.000219562	-0.545103	0.785529	0.00109184
210	2.51383e-09	-0.860377	0.69845	-0.00122786	-0.598458	-0.739039	0.000552036
211	2.51383e-09	-0.725561	0.833551	0.000802511	-0.717878	-0.623655	-0.000786152
212	2.51383e-09	-0.499699	-0.990235	0.00152408	0.849436	-0.425693	0.000361202
213	2.51383e-09	0.279444	1.06893	0.000297839	-0.921335	0.237534	0.000134322
214	2.51383e-09	-1.03716	-0.400394	-6.01808e-05	0.340681	-0.884722	0.00123931
215	2.51383e-09	-1.05854	0.332208	0.000517376	-0.282005	-0.905979	0.000703922
216	2.51383e-09	0.10921	-1.10758	0.000507449	0.942345	0.0954657	-0.000996251
217	2.51383e-09	-0.255943	-1.08198	0.00136741	0.922049	-0.218515	0.000125368
218	2.51383e-09	-1.04705	-0.352089	-0.000130585	0.303278	-0.901584	-0.0010389
219	2.51383e-09	0.293744	-1.07736	-0.00167129	0.912206	0.25145	0.000577026
220	2.51383e-09	0.530654	-0.976878	-0.00118381	0.835403	0.448765	0.000601329
221	2.51383e-09	0.0127784	1.11068	-0.000701538	-0.949722	0.0119813	-0.00106298
222	2.51383e-09	-1.04352	0.390243	0.00147402	-0.329778	-0.887842	-0.000562974
223	2.51383e-09	1.10456	0.159314	0.00018492	-0.135083	0.936922	-0.00109729
224	2.51383e-09	0.69026	-0.874334	-0.00125983	0.743677	0.587464	-0.000726829
225	2.51383e-09	-1.00805	0.477813	0.000812076	-0.406187	-0.855808	-0.000767829
226	2.51383e-09	0.176921	1.10636	0.000118016	-0.93302	0.147151	0.000164028
227	2.51383e-09	-1.06257	0.333552	-0.000447325	-0.285496	-0.904104	-0.00101572
228	2.51383e-09	-0.72384	0.850627	0.000892329	-0.720262	-0.612972	-0.000575701
229	2.51383e-09	0.495343	-1.00017	0.000744675	0.847838	0.420082	0.000319184
230	2.51383e-09	0.0678184	-1.11891	-4.95799e-05	0.942283	0.0559453	-0.00104292
231	2.51383e-09	-0.221372	-1.10928	-0.000580803	0.921882	-0.182168	0.00112625
232	2.51383e-09	0.847539	-0.720778	0.00163697	0.614582	0.721964	-0.00110894
233	2.51383e-09	-0.123777	1.11541	-0.00109642	-0.937048	-0.106661	0.00116004
234	2.51383e-09	0.77934	-0.801982	-4.99426e-05	0.67822	0.658632	0.00110397
235	2.51383e-09	0.130263	1.12025	0.00120603	-0.934477	0.110907	0.00045328
236	2.51383e-09	0.950856	-0.596775	0.00083082	0.502338	0.798939	-0.000565125
237	2.51383e-09	-0.800355	0.785703	0.00156711	-0.660361	-0.674906	-0.00017726
238	2.51383e-09	0.151909	1.11603	-0.000498086	-0.933181	0.125952	-0.00121224
239	2.51383e-09	0.684168	0.884139	-0.000267089	-0.74781	0.579223	-0.00161858
240	2.51383e-09	-1.07783	0.344596	-0.000224346	-0.286027	-0.895267	-0.000245504
241	2.51383e-09	0.613	0.940955	-0.00172693	-0.79222	0.515838	-0.000224189
242	2.51383e-09	-1.06676	-0.381509	0.00121039	0.318121	-0.88542	0.000420844
243	2.51383e-09	-1.11765	0.105561	0.000747559	-0.0897643	-0.94061	0.000414702
244	2.51383e-09	-0.983291	0.541925	-0.000654505	-0.455291	-0.827473	0.000168174
245	2.51383e-09	-1.08527	0.299228	-0.0011991	-0.248709	-0.909056	0.000495944
246	2.51383e-09	-1.02362	-0.462646	-0.000435491	0.389837	-0.859685	-0.00105331
247	2.51383e-09	-0.571732	0.969009	0.000909042	-0.81193	-0.479511	0.000464142
248	2.51383e-09	-0.860915	-0.718409	-0.000321039	0.606176	-0.721922	0.0010971
249	2.51383e-09	-1.02538	0.456283	0.00171371	-0.385206	-0.860086	0.000585941
250	2.51383e-09	-0.223761	1.10268	0.000893794	-0.923757	-0.186316	0.00118457
251	2.51383e-09	-1.11405	-0.211813	0.00098908	0.175869	-0.922269	0.000210725
252	2.51383e-09	0.470698	1.03014	0.00144922	-0.855052	0.389381	-0.000429708
253	2.51383e-09	0.709862	-0.869805	0.00225308	0.730166	0.599347	5.84144e-05
254	2.51383e-09	0.97629	0.560885	-7.04608e-05	-0.469754	0.817622	0.00092049
255	2.51383e-09	-0.289753	1.10336	-0.00077341	-0.904873	-0.237267	0.000254889
256	2.51383e-09	0.0977723	-1.12401	0.00099148	0.937307	0.0800083	-0.000856077
257	2.51383e-09	0.558879	0.984549	-0.00091099	-0.816589	0.465581	-0.000743537
258	2.51383e-09	-1.12599	0.0428517	0.000210918	-0.0339018	-0.942702	-0.000821864
259	2.51383e-09	1.03613	0.431802	0.000661151	-0.362338	0.870571	0.000117567
260	2.51383e-09	0.476113	-1.03189	0.00153587	0.852379	0.387715	-0.000380339
261	2.51383e-09	-0.341884	-1.08629	0.00104904	0.895058	-0.28066	8.19427e-05
262	2.51383e-09	1.04097	-0.450288	0.00102644	0.373929	0.861242	-0.000677674
263	2.51383e-09	-0.976405	-0.581548	-8.4688e-05	0.479199	-0.806854	0.00014762
264	2.51383e-09	-0.668926	-0.915532	-0.00122368	0.758969	-0.553475	0.000231128
265	2.51383e-09	1.1374	0.0983431	0.000266018	-0.078267	0.932451	0.000826667
266	2.51383e-09	-0.457512	1.03821	-0.00211818	-0.859479	-0.381199	-1.47162e-05
267	2.51383e-09	-0.596914	-0.963143	-0.00132248	0.80017	-0.493119	0.00104627
268	2.51383e-09	-0.899265	-0.688711	-0.000176406	0.570799	-0.745537	-0.000627022
269	2.51383e-09	-1.1161	0.206293	-0.00104385	-0.171502	-0.922718	0.000733452
270	2.51383e-09	-1.13106	0.0454715	-0.000648734	-0.0378128	-0.938652	0.000240307
271	2.51383e-09	-0.260696	-1.11322	-0.000406648	0.909159	-0.213433	-0.000497066
272	2.51383e-09	0.28111	1.09994	0.00144179	-0.909944	0.23426	-0.00157306
273	2.51383e-09	-1.07455	-0.399981	-0.000697082	0.325999	-0.874261	0.000392095
274	2.51383e-09	-0.20883	-1.12304	-0.000521844	0.919082	-0.170365	-0.000966344
275	2.51383e-09	0.859667	-0.742292	0.00171854	0.613668	0.71179	-0.000765412
276	2.51383e-09	0.198947	1.11842	-0.000945033	-0.924105	0.164321	0.000309906
277	2.51383e-09	1.0046	0.540445	-0.00119197	-0.443276	0.825106	-0.000236071
278	2.51383e-09	0.713958	-0.890407	-0.00170879	0.732553	0.584464	0.00139292
279	2.51383e-09	-0.0470131	1.14333	-0.000667792	-0.933488	-0.0373055	-0.000529062
280	2.51383e-09	-0.460756	-1.04656	-0.00177805	0.855685	-0.377109	0.000149406
281	2.51383e-09	-0.124661	1.13737	-0.000578966	-0.929412	-0.0998488	0.000799552
282	2.51383e-09	-0.842896	0.772941	-0.000567224	-0.633063	-0.68861	0.00105314
283	2.51383e-09	-0.989683	0.590638	-0.000541804	-0.476985	-0.799143	0.000415488
284	2.51383e-09	0.651763	0.942713	0.000176907	-0.768375	0.532995	0.000879589
285	2.51383e-09	0.300657	-1.10868	0.000731093	0.899754	0.244279	0.000879215
286	2.51383e-09	1.12918	-0.204333	0.000660719	0.166017	0.918163	0.00102236
287	2.51383e-09	0.362535	-1.08101	-0.00157525	0.887902	0.296665	-0.000925802
288	2.51383e-09	0.518345	1.02732	-0.00133063	-0.832065	0.420115	5.54983e-05
289	2.51383e-09	1.14099	-0.0803114	0.000972862	0.0664237	0.933092	0.000532316
290	2.51383e-09	-0.975007	-0.596781	0.000760368	0.488078	-0.797849	-0.000237293
291	2.51383e-09	-1.12255	-0.242107	-0.00218482	0.195729	-0.91303	-0.0011088
292	2.51383e-09	-0.992846	0.568421	-0.00199742	-0.464662	-0.812216	0.0012417
293	2.51383e-09	-0.872548	0.745355	-0.000294094	-0.607266	-0.708441	0.000836465
294	2.51383e-09	-1.11167	0.288862	-0.00105086	-0.233963	-0.90338	-0.000779968
295	2.51383e-09	-0.268209	-1.12003	-0.000400577	0.906853	-0.21556	-0.00111928
296	2.51383e-09	-0.564637	-1.00471	-0.000146046	0.811141	-0.457449	0.000977287
297	2.51383e-09	-0.813858	-0.8236	-0.000868778	0.660621	-0.652134	-0.000315165
298	2.51383e-09	1.02078	0.551859	-0.00147633	-0.442578	0.815238	0.000130913
299	2.51383e-09	1.10029	-0.343763	0.000496871	0.273873	0.889993	0.00170585
300	2.51383e-09	0.925069	-0.692136	-0.00022739	0.555945	0.746342	-0.000760052
301	2.51383e-09	0.277359	1.12388	-0.000684716	-0.901106	0.221643	-0.00100133
302	2.51383e-09	-0.883223	-0.754018	0.00251447	0.602417	-0.705573	-8.27357e-05
303	2.51383e-09	1.08631	0.397112	-0.000394265	-0.317766	0.872624	0.000268899
304	2.51383e-09	-1.1383	0.237273	-0.000761753	-0.192028	-0.905831	-0.00136125
305	2.51383e-09	-1.12423	-0.265998	0.000198878	0.214172	-0.906401	0.00117568
306	2.51383e-09	1.08725	-0.396271	-0.000505263	0.319978	0.87308	-0.00083988
307	2.51383e-09	0.127135	-1.14585	-0.000437781	0.927101	0.0997696	0.000331446
308	2.51383e-09	0.109509	-1.15382	-0.000551431	0.92537	0.0898876	-0.00180715
309	2.51383e-09	0.209472	1.13417	-0.00206486	-0.915651	0.165244	-0.00142624
310	2.51383e-09	-1.15031	0.034598	-0.00034063	-0.028723	-0.932405	-0.000460104
311	2.51383e-09	0.0815918	1.15307	0.00123001	-0.927892	0.0658547	0.000766948
312	2.51383e-09	-1.06997	0.451329	-0.000473615	-0.359493	-0.855735	0.000327419
313	2.51383e-09	0.826949	-0.812331	-0.000900815	0.651917	0.661484	-0.0002868
314	2.51383e-09	-0.646068	-0.96258	0.00114273	0.773278	-0.515977	0.000186165
315	2.51383e-09	0.368508	-1.09756	0.000171653	0.88045	0.296788	-0.000149716
316	2.51383e-09	0.973488	0.628321	-7.43029e-05	-0.50301	0.7822	0.00141009
317	2.51383e-09	0.924955	-0.706	0.000824667	0.561888	0.737083	0.000877982
318	2.51383e-09	0.506748	-1.04026	0.000861915	0.836286	0.405453	-0.000668267
319	2.51383e-09	0.226079	1.13868	-0.000123001	-0.91073	0.17865	9.48185e-05
320	2.51383e-09	-0.93096	-0.706462	-0.00018253	0.555015	-0.739154	-0.00082427
321	2.51383e-09	-1.156	0.139292	-0.000896801	-0.11184	-0.919838	0.000589578
322	2.51383e-09	1.00425	0.593364	-0.000203345	-0.470584	0.798177	-0.00103602
323	2.51383e-09	-0.886652	-0.758721	-0.000956927	0.600304	-0.703718	0.00080164
324	2.51383e-09	1.17179	-0.0754813	-0.00200141	0.0561497	0.920663	-0.000490456
325	2.51383e-09	0.558627	1.02183	-0.000424727	-0.814017	0.44498	-0.00107921
326	2.51383e-09	0.336495	1.11419	-0.00030544	-0.888522	0.266216	-0.00140717
327	2.51383e-09	0.755313	0.891045	0.000740301	-0.704647	0.597935	0.00081663
328	2.51383e-09	-0.131941	-1.16358	0.000912771	0.916825	-0.102685	0.000988349
329	2.51383e-09	1.18047	0.0499598	-0.00066758	-0.037944	0.918796	-0.000724592
330	2.51383e-09	0.660535	0.971852	-0.00189088	-0.761438	0.518243	-0.000301935
331	2.51383e-09	-1.10433	0.391762	0.000605783	-0.30689	-0.871758	0.000295934
332	2.51383e-09	-0.171686	1.1517	-0.00130508	-0.917699	-0.135988	0.000745198
333	2.51383e-09	-0.881465	-0.771908	-0.000975089	0.608824	-0.695794	-0.000647267
334	2.51383e-09	1.11919	0.33456	-0.000639463	-0.265301	0.886777	0.000967887
335	2.51383e-09	-0.921308	0.721036	0.0015686	-0.568939	-0.728151	-0.000488269
336	2.51383e-09	0.432993	1.09194	-0.00117045	-0.857812	0.340521	-0.00109254
337	2.51383e-09	0.84371	-0.817037	0.00011224	0.642229	0.663069	0.0013553
338	2.51383e-09	0.50483	-1.05801	-0.000646211	0.833114	0.39675	-0.000920283
339	2.51383e-09	0.13118	-1.17229	0.0020977	0.915664	0.102603	-0.000609673
340	2.51383e-09	1.15975	0.226488	0.00018235	-0.173849	0.905017	-0.000239094
341	2.51383e-09	-0.438173	-1.09141	-0.0002523	0.856255	-0.343861	0.000838565
342	2.51383e-09	-0.147749	-1.15962	-0.000687119	0.917842	-0.116159	-0.00125623
343	2.51383e-09	0.263551	1.15093	0.000224855	-0.895265	0.20668	0.000379301
344	2.51383e-09	-0.917593	-0.723677	-0.000617152	0.572786	-0.72693	-0.00020617
345	2.51383e-09	-0.797266	0.865864	-7.70328e-05	-0.67687	-0.625592	-0.00106577
346	2.51383e-09	1.16153	-0.162271	0.00110579	0.128275	0.914239	0.000790114
347	2.51383e-09	0.253847	1.14719	7.44652e-05	-0.900124	0.199169	-0.000254803
348	2.51383e-09	0.72769	0.931159	0.000176314	-0.723654	0.566201	0.000841792
349	2.51383e-09	1.00232	0.606353	-0.000644336	-0.480771	0.790723	0.000415614
350	2.51383e-09	0.231703	1.15668	-0.000364092	-0.901746	0.182098	0.00052276
351	2.51383e-09	-0.303072	-1.14122	-0.000690286	0.88934	-0.237869	-0.000692313
352	2.51383e-09	-1.14574	0.276851	-0.000756826	-0.213269	-0.895798	0.00100273
353	2.51383e-09	-0.677725	0.954636	-0.000113729	-0.756435	-0.534021	0.000323832
354	2.51383e-09	0.752184	-0.919591	0.000208042	0.708968	0.580605	0.00101424
355	2.51383e-09	0.732152	-0.924072	-0.000157852	0.720114	0.573496	-0.000821403
356	2.51383e-09	0.544817	-1.05313	-0.00144893	0.815519	0.42076	0.000420398
357	2.51383e-09	-1.1115	0.407749	-0.000866128	-0.317983	-0.862757	0.000864266
358	2.51383e-09	1.11709	-0.40646	0.00140688	0.311714	0.861601	4.02172e-05
359	2.51383e-09	-0.955754	-0.703996	-0.0017299	0.54388	-0.739441	0.000948468
360	2.51383e-09	0.605288	1.0194	-0.00128156	-0.789364	0.468234	-0.000590283
361	2.51383e-09	-1.15416	0.258318	0.00170277	-0.201166	-0.897548	0.00148346
362	2.51383e-09	1.12318	0.351549	0.00139264	-0.277567	0.879844	0.000162191
363	2.51383e-09	0.206379	1.15651	-0.00123239	-0.909956	0.161082	0.00101688
364	2.51383e-09	-0.32436	-1.1402	-0.000443265	0.882585	-0.253848	-0.000173508
365	2.51383e-09	0.9455	0.712943	-0.000783652	-0.552319	0.735015	0.000970268
366	2.51383e-09	0.450865	-1.09728	-0.000726284	0.848982	0.3487	0.00154214
367	2.51383e-09	-1.05418	0.547051	-0.000351201	-0.4216	-0.815085	-0.000184797
368	2.51383e-09	-0.410403	1.11933	-0.000372002	-0.860307	-0.312222	0.00182988
369	2.51383e-09	-0.931755	0.744249	-4.32092e-05	-0.570344	-0.716664	0.000749034
370	2.51383e-09	0.838463	0.839074	-0.000995019	-0.650273	0.649116	2.36435e-05
371	2.51383e-09	-0.621003	-1.02141	-0.00162618	0.781668	-0.475039	0.00180463
372	2.51383e-09	0.362672	-1.13227	-0.00038432	0.874015	0.278526	-0.00106467
373	2.51383e-09	-0.884306	0.79857	-0.00114265	-0.612883	-0.679483	-7.62243e-05
374	2.51383e-09	1.05153	0.572456	0.00034203	-0.435757	0.80399	0.00100681
375	2.51383e-09	1.19515	0.030416	0.00078692	-0.0235985	0.914553	-0.000111802
376	2.51383e-09	-1.11355	0.422975	0.00139321	-0.326145	-0.856276	1.40429e-05
377	2.51383e-09	1.14174	-0.361321	-0.00154933	0.276269	0.869957	0.000924716
378	2.51383e-09	0.0797637	1.19175	-0.00141263	-0.912519	0.0604957	0.000364058
379	2.51383e-09	-1.19237	-0.0479383	-0.000535538	0.0420091	-0.914196	-0.000843016
380	2.51383e-09	-1.12265	-0.409776	0.00148361	0.311921	-0.860682	-0.000885613
381	2.51383e-09	0.861857	0.827114	-0.000247152	-0.633145	0.659785	-0.00141856
382	2.51383e-09	-0.371506	1.13732	0.000489444	-0.868197	-0.282172	-0.000617371
383	2.51383e-09	1.19529	-0.00495191	0.00188165	0.00411854	0.914077	0.000368045
384	2.51383e-09	-0.899644	0.786871	0.000111321	-0.602423	-0.688756	-0.00104164
385	2.51383e-09	-0.313468	1.15339	0.000396881	-0.883845	-0.238982	0.00105059
386	2.51383e-09	-0.0723995	1.19996	6.47964e-05	-0.910342	-0.0550142	0.000488419
387	2.51383e-09	-0.0199898	1.19981	-5.85303e-05	-0.912508	-0.0165763	0.00102304
388	2.51383e-09	0.644891	-1.0122	0.0010621	0.770283	0.488928	-0.000777818
389	2.51383e-09	1.16347	-0.293453	0.00044496	0.22598	0.884177	-0.000476516
390	2.51383e-09	0.716868	-0.960792	-0.00105978	0.732917	0.546011	-0.000707042
391	2.51383e-09	-1.05883	-0.564589	0.00131893	0.42932	-0.806124	-8.80655e-05
392	2.51383e-09	-1.20249	-0.0174986	-0.000919033	0.0121059	-0.911619	0.000903633
393	2.51383e-09	-0.142603	1.19491	0.000524346	-0.905098	-0.108592	0.000462862
394	2.51383e-09	0.178989	-1.18139	0.00203981	0.904232	0.137723	-0.000404967
395	2.51383e-09	-0.674487	-0.990265	-0.000341911	0.755827	-0.514903	0.00123786
396	2.51383e-09	-0.106988	1.19704	0.00113383	-0.909353	-0.0806222	-0.000557268
397	2.51383e-09	-1.1804	0.2402	0.00113665	-0.179376	-0.892835	-0.000458031
398	2.51383e-09	-0.479208	1.10674	-0.00153929	-0.834545	-0.362078	0.000728783
399	2.51383e-09	0.0186642	-1.20646	-0.000391318	0.909621	0.0142624	-0.00109719
400	2.51383e-09	0.429244	-1.12347	0.00134891	0.852564	0.326226	4.04182e-05
