3.791001e+03
401
0	1	0.000175285	0.000108666	-1.6005e-07	4.47281e-08	5.62043e-08	5.15695e-11
1	2.51383e-09	0.823622	0.575021	0.00083857	-0.566856	0.819091	-0.000192295
2	2.51383e-09	-0.233324	-0.98249	0.000638563	0.968248	-0.231359	-0.00140911
3	2.51383e-09	-0.491944	0.869359	-0.000642731	-0.869592	-0.49206	-0.000780105
4	2.51383e-09	0.388908	-0.922505	-0.0012864	0.920729	0.38717	-0.000238562
5	2.51383e-09	0.589602	-0.81207	-0.000658714	0.806914	0.586352	-0.000732364
6	2.51383e-09	-0.509462	0.868944	0.00178983	-0.85968	-0.508486	0.000328462
7	2.51383e-09	0.563788	0.829501	-0.000598035	-0.82728	0.560025	0.00316507
8	2.51383e-09	0.943273	0.331555	0.000395594	-0.329479	0.944558	0.000394454
9	2.51383e-09	-0.672191	0.744926	-0.000487833	-0.7429	-0.666607	-0.00057241
10	2.51383e-09	0.960071	-0.288311	-0.000504011	0.289411	0.954663	-0.000552293
11	2.51383e-09	-0.688715	0.726858	-2.74075e-05	-0.725921	-0.687307	0.000776002
12	2.51383e-09	-0.0563266	1.01862	-0.000690849	-0.987755	-0.0538706	-0.000169011
13	2.51383e-09	0.316736	-0.952529	-0.00191849	0.947183	0.312994	0.00121767
14	2.51383e-09	0.530027	-0.852399	-0.0020905	0.852049	0.523421	0.0010163
15	2.51383e-09	0.153073	0.998032	-3.74202e-05	-0.979637	0.14986	0.00216253
16	2.51383e-09	0.93001	-0.373074	0.00060234	0.369122	0.928011	-0.00128998
17	2.51383e-09	-0.107747	-1.00077	-0.000851379	0.989678	-0.109944	0.00111507
18	2.51383e-09	0.698492	0.74128	0.00158791	-0.723642	0.674605	-0.000394589
19	2.51383e-09	0.204437	0.989754	8.70718e-05	-0.976402	0.204697	-0.00118075
20	2.51383e-09	0.963103	-0.359959	-0.000630636	0.342205	0.926935	0.00202588
21	2.51383e-09	-0.569242	0.832254	-0.000725671	-0.825852	-0.556858	-0.00236252
22	2.51383e-09	0.826248	-0.599314	3.79969e-05	0.580082	0.799913	-0.00164559
23	2.51383e-09	0.313935	0.975441	-0.000737291	-0.936925	0.303247	0.00245209
24	2.51383e-09	0.536013	-0.866788	-0.00025358	0.838177	0.523975	-0.00107701
25	2.51383e-09	-0.927204	0.424207	0.00272187	-0.412497	-0.901003	-0.000226462
26	2.51383e-09	-0.888751	0.491259	-0.00174583	-0.483819	-0.8652	0.000585118
27	2.51383e-09	0.777831	0.638452	-0.00244499	-0.636886	0.767995	-0.000433995
28	2.51383e-09	0.260882	-0.980607	0.000302531	0.961071	0.251739	-0.00030006
29	2.51383e-09	-0.726234	0.712131	0.000347035	-0.694081	-0.706537	-0.00211889
30	2.51383e-09	0.684372	0.747639	-0.0023001	-0.731352	0.669812	-0.00133958
31	2.51383e-09	0.811659	0.597473	0.00141585	-0.587684	0.804146	2.8887e-05
32	2.51383e-09	-0.773566	0.644885	-0.000541586	-0.638805	-0.764882	0.000764126
33	2.51383e-09	0.959492	-0.366525	0.000476611	0.353022	0.918087	0.00171578
34	2.51383e-09	0.127398	-1.03047	0.000416668	0.972758	0.120003	-0.000858039
35	2.51383e-09	-0.10985	-1.00882	0.00145984	0.989801	-0.10973	0.000560239
36	2.51383e-09	0.552227	0.854509	-0.000585629	-0.830468	0.539006	-0.0020987
37	2.51383e-09	1.01893	-0.0180098	-0.00068716	0.0168849	0.990953	0.00387597
38	2.51383e-09	0.905299	0.442066	-0.00148083	-0.437175	0.894152	0.000109064
39	2.51383e-09	-0.951622	0.340867	0.000919155	-0.335206	-0.93484	0.00100632
40	2.51383e-09	0.123539	0.99968	-0.00164114	-0.989269	0.121921	0.000326057
41	2.51383e-09	-0.125159	-1.00938	6.75304e-05	0.983239	-0.122431	0.002437
42	2.51383e-09	-0.619561	-0.819166	-0.0020477	0.786942	-0.596574	-0.000709679
43	2.51383e-09	0.925388	-0.422564	0.00083191	0.408461	0.902633	-0.00209961
44	2.51383e-09	-0.344996	0.975802	-0.00206781	-0.923487	-0.327885	0.00152386
45	2.51383e-09	0.650878	0.801548	-0.00210482	-0.761173	0.622324	-0.000187541
46	2.51383e-09	0.836573	-0.591086	0.00281856	0.572113	0.80548	8.76004e-06
47	2.51383e-09	0.209482	0.995311	-0.000859594	-0.97113	0.20802	0.000987355
48	2.51383e-09	0.702955	-0.744303	0.000229024	0.720017	0.676933	0.000593713
49	2.51383e-09	1.02175	0.0744986	0.000300848	-0.0688444	0.987105	-0.000308891
50	2.51383e-09	-0.73064	-0.722279	0.00221987	0.694309	-0.699866	-0.00170007
51	2.51383e-09	0.97185	0.293232	0.000532735	-0.286285	0.952546	-0.000363348
52	2.51383e-09	0.205064	-1.01043	-0.000988807	0.965286	0.195544	0.000398167
53	2.51383e-09	-1.00255	-0.185411	-0.000193454	0.180688	-0.974107	-0.000926765
54	2.51383e-09	0.774829	-0.661051	-0.000252125	0.647115	0.749671	0.000168486
55	2.51383e-09	-0.246904	-1.00489	0.000602143	0.954323	-0.231862	-0.000637376
56	2.51383e-09	-0.720321	0.721997	0.0028575	-0.702476	-0.700981	-0.000997219
57	2.51383e-09	0.167054	1.02072	0.000949126	-0.97287	0.162376	0.000841212
58	2.51383e-09	0.0468151	-1.04013	-0.00136027	0.97937	0.0420929	0.000591664
59	2.51383e-09	0.785132	-0.670193	0.00237079	0.633276	0.750745	0.000644074
60	2.51383e-09	1.02435	0.0432989	5.44737e-05	-0.044217	0.985356	-0.00123234
61	2.51383e-09	-0.797299	0.674974	0.00202463	-0.632519	-0.743411	-0.00117349
62	2.51383e-09	-0.864233	0.560689	0.00195563	-0.535951	-0.826937	-0.00049426
63	2.51383e-09	-0.799142	-0.634817	-0.000326579	0.613941	-0.778212	-0.000654233
64	2.51383e-09	1.01041	-0.194661	0.000931922	0.188957	0.966462	-0.00154834
65	2.51383e-09	-0.488797	-0.913592	-0.00131106	0.867477	-0.462208	0.00105549
66	2.51383e-09	0.436445	-0.927628	0.00290489	0.892726	0.425905	0.00102957
67	2.51383e-09	0.916027	0.471091	0.00108593	-0.4522	0.877782	0.00039408
68	2.51383e-09	-0.0192865	-1.02758	0.000113985	0.985994	-0.015451	-0.001526
69	2.51383e-09	-0.964789	-0.355181	-0.00170809	0.339838	-0.926136	-0.00060648
70	2.51383e-09	-0.220821	-1.00429	-0.00201947	0.964436	-0.210169	-0.00170623
71	2.51383e-09	-0.964168	-0.372209	3.17804e-05	0.354273	-0.918396	-1.55097e-05
72	2.51383e-09	-0.406383	-0.971676	0.000376332	0.896318	-0.374845	-0.000474129
73	2.51383e-09	-0.603396	0.841206	-0.00285377	-0.79808	-0.575587	0.000934363
74	2.51383e-09	-1.02016	-0.235347	-5.37851e-07	0.225028	-0.950225	0.0015166
75	2.51383e-09	-0.135029	-1.02541	-0.000356261	0.975224	-0.131247	7.0115e-05
76	2.51383e-09	-0.433712	-0.952959	-0.00112616	0.890238	-0.405212	-0.00185476
77	2.51383e-09	1.00184	0.331221	0.00102931	-0.30315	0.924886	0.000917747
78	2.51383e-09	-0.743996	-0.730907	-0.00123676	0.69146	-0.692969	-0.000752686
79	2.51383e-09	-0.988451	0.300613	0.00155124	-0.29077	-0.939331	0.0023058
80	2.51383e-09	0.690183	-0.787687	-8.46377e-05	0.734792	0.643259	0.000819559
81	2.51383e-09	-0.430863	-0.952615	-0.000905049	0.891204	-0.401616	-7.71398e-05
82	2.51383e-09	-0.794731	-0.684245	0.000325742	0.632441	-0.744304	-0.000163401
83	2.51383e-09	-0.854196	0.586017	-0.00243301	-0.55755	-0.811751	0.000692079
84	2.51383e-09	-0.474918	0.932051	0.000207749	-0.872853	-0.44183	-0.000192525
85	2.51383e-09	-0.155405	1.0144	0.000922597	-0.976775	-0.152085	-0.000843257
86	2.51383e-09	0.178345	1.02641	-0.000551889	-0.966054	0.168445	0.000588665
87	2.51383e-09	0.445768	-0.938346	-0.000999662	0.882586	0.42628	-0.00081213
88	2.51383e-09	-0.263514	0.999952	0.00103672	-0.951413	-0.249366	-0.0019344
89	2.51383e-09	0.60713	-0.872649	0.000808354	0.797434	0.551141	6.14369e-05
90	2.51383e-09	0.838333	0.626201	0.00123276	-0.586858	0.781146	-0.001111
91	2.51383e-09	0.922332	-0.46047	0.00269734	0.441687	0.882086	-0.00136823
92	2.51383e-09	-0.743184	0.745717	0.00155116	-0.68789	-0.688185	-6.75815e-05
93	2.51383e-09	-0.667321	-0.824309	0.000815016	0.751614	-0.611003	-0.000189647
94	2.51383e-09	-0.903629	-0.533497	0.00128783	0.493633	-0.839859	-0.00114475
95	2.51383e-09	0.933348	-0.467052	0.00143861	0.438902	0.872862	-0.000520567
96	2.51383e-09	0.879811	-0.576783	0.00113332	0.530487	0.817417	-0.000119541
97	2.51383e-09	-0.241195	1.02816	-0.00433115	-0.945053	-0.228275	-0.00132029
98	2.51383e-09	-0.453706	-0.954974	-0.000206299	0.881613	-0.415332	-0.00222243
99	2.51383e-09	1.05602	0.13291	-5.95755e-07	-0.117445	0.960886	-0.00122774
100	2.51383e-09	0.717294	0.764876	0.00196788	-0.715724	0.666545	1.62529e-05
101	2.51383e-09	-0.857412	0.583372	-0.000555261	-0.551554	-0.811724	0.00185919
102	2.51383e-09	-0.882505	0.550693	-0.00160282	-0.516617	-0.830622	0.00131882
103	2.51383e-09	0.639852	0.836285	8.73913e-05	-0.774866	0.589311	-0.00166029
104	2.51383e-09	0.172033	-1.04151	6.52882e-05	0.959182	0.15809	-0.00135505
105	2.51383e-09	0.469801	0.951884	-0.000647185	-0.867177	0.426979	0.000151614
106	2.51383e-09	0.632625	-0.83708	-0.00180479	0.778784	0.588546	-0.000135154
107	2.51383e-09	0.509049	-0.920286	-0.00157258	0.856589	0.46932	-0.00114435
108	2.51383e-09	-0.784172	-0.72018	-0.00190025	0.654601	-0.713788	0.000335533
109	2.51383e-09	-0.794635	0.696948	0.00153549	-0.643218	-0.729476	-0.00152037
110	2.51383e-09	-1.03875	0.185382	0.00160922	-0.174572	-0.957178	0.000374974
111	2.51383e-09	-0.562246	0.908807	-0.000481256	-0.822704	-0.509264	-0.000148631
112	2.51383e-09	-0.898599	-0.549246	0.000803384	0.508506	-0.833628	0.000506834
113	2.51383e-09	-0.641415	-0.840616	-0.00233089	0.772362	-0.591566	0.00129346
114	2.51383e-09	-0.830011	0.649119	0.00111815	-0.599792	-0.766818	-0.00121618
115	2.51383e-09	-0.802968	0.691439	0.00224022	-0.633349	-0.739196	0.00025835
116	2.51383e-09	-0.546648	-0.897117	0.000958753	0.835542	-0.505811	-0.000593775
117	2.51383e-09	0.840537	0.657496	0.000315978	-0.595018	0.762021	-0.00126779
118	2.51383e-09	1.06588	-0.100881	0.000953538	0.0911712	0.961141	-0.000844038
119	2.51383e-09	-0.0855329	-1.04868	0.00205676	0.97003	-0.0785456	0.000651016
120	2.51383e-09	-1.03075	0.196321	-0.000431992	-0.179981	-0.960358	-0.00223594
121	2.51383e-09	0.832091	0.656453	-0.000854482	-0.601025	0.764184	0.000231975
122	2.51383e-09	-1.02312	0.311637	0.00152219	-0.278034	-0.925955	0.000768668
123	2.51383e-09	0.762343	-0.724831	-0.00119537	0.673635	0.702562	0.000936272
124	2.51383e-09	0.710917	0.809228	0.000137739	-0.729467	0.631354	-0.00267187
125	2.51383e-09	0.832895	0.649843	0.00123548	-0.599538	0.766702	-9.36915e-05
126	2.51383e-09	-0.789357	0.71473	0.000829764	-0.653737	-0.712733	0.00105229
127	2.51383e-09	1.04859	-0.115104	-0.00224563	0.105197	0.969147	-0.000651357
128	2.51383e-09	1.05158	-0.184346	0.00152691	0.171116	0.952112	0.00110393
129	2.51383e-09	1.03923	0.155057	0.00195893	-0.141674	0.968643	0.00126137
130	2.51383e-09	0.548201	-0.904421	0.000329299	0.829467	0.50716	0.000528558
131	2.51383e-09	0.222002	-1.06115	-0.00191472	0.937593	0.195058	-0.00158821
132	2.51383e-09	-0.651108	0.865122	0.0017505	-0.765514	-0.576343	-0.000574401
133	2.51383e-09	1.06574	-0.0135238	-0.00360447	0.00960323	0.968747	-0.00034253
134	2.51383e-09	-0.91044	-0.554902	0.00173105	0.506806	-0.824126	0.00151227
135	2.51383e-09	1.02461	-0.299128	0.00282922	0.27485	0.929025	-0.00080975
136	2.51383e-09	1.06475	0.169818	0.00280621	-0.151858	0.95064	-3.4366e-06
137	2.51383e-09	0.625421	0.861307	-0.00273111	-0.783773	0.569024	-0.000821131
138	2.51383e-09	-0.517043	0.937856	-0.000269341	-0.845452	-0.46696	-0.002181
139	2.51383e-09	-0.939318	0.514198	-0.000341531	-0.465016	-0.84652	0.00158309
140	2.51383e-09	1.08259	-0.0583801	-7.21754e-05	0.0521299	0.959101	-0.0011708
141	2.51383e-09	-0.197993	1.05122	0.000588825	-0.950656	-0.174319	0.00273456
142	2.51383e-09	-0.786283	0.732809	0.000684012	-0.652669	-0.709197	0.00186939
143	2.51383e-09	-0.879556	-0.600734	0.000273632	0.546523	-0.800928	-0.000930253
144	2.51383e-09	-0.725351	-0.812897	0.00197126	0.715284	-0.635226	0.000484728
145	2.51383e-09	-1.06264	0.144537	-0.00111219	-0.12977	-0.956072	0.00110166
146	2.51383e-09	-1.08698	0.124855	0.00141197	-0.105788	-0.949649	0.000446047
147	2.51383e-09	1.03527	0.319527	-0.000735525	-0.289275	0.915972	0.00159057
148	2.51383e-09	-0.763414	0.775268	0.000639681	-0.682383	-0.670495	-0.000260894
149	2.51383e-09	-0.562368	-0.897076	-0.00064753	0.82181	-0.525804	-0.000799719
150	2.51383e-09	0.965273	0.474798	0.00170331	-0.427314	0.863935	0.00231604
151	2.51383e-09	-0.603544	0.895685	0.000165182	-0.798533	-0.536421	0.000560631
152	2.51383e-09	-0.498954	-0.941068	0.000794893	0.855565	-0.455584	-0.00177452
153	2.51383e-09	-0.520094	-0.956638	-0.00105187	0.840648	-0.457277	-0.000389554
154	2.51383e-09	0.525723	0.953069	0.00133148	-0.839178	0.466015	-0.00212899
155	2.51383e-09	0.995722	-0.406662	0.00148414	0.360624	0.893359	6.32696e-05
156	2.51383e-09	-1.06312	-0.181573	0.00081333	0.158778	-0.948517	0.00194981
157	2.51383e-09	-0.805821	0.708143	0.000342317	-0.637427	-0.726798	0.00136643
158	2.51383e-09	0.391947	1.01991	0.00177761	-0.893871	0.339754	-0.000626923
159	2.51383e-09	-0.930585	0.539575	0.000522392	-0.483685	-0.834652	-0.00268522
160	2.51383e-09	0.232716	-1.04765	-0.00246012	0.941846	0.207628	0.00102603
161	2.51383e-09	0.771034	0.765912	-0.00124624	-0.678342	0.678577	-0.000388293
162	2.51383e-09	-0.644162	0.882919	-0.00092989	-0.774083	-0.562735	0.000898244
163	2.51383e-09	0.503211	0.948484	-0.00269046	-0.853442	0.451014	0.000498471
164	2.51383e-09	-0.000552061	-1.06013	0.000680243	0.971784	0.00213842	5.17333e-05
165	2.51383e-09	-1.00676	0.434723	0.00105914	-0.380914	-0.875303	-9.56759e-05
166	2.51383e-09	-0.978411	-0.47432	-0.00131061	0.421629	-0.861023	0.00196416
167	2.51383e-09	1.08808	0.0493353	-0.00104215	-0.038698	0.955412	-0.00306962
168	2.51383e-09	-1.06637	0.123978	-0.000975061	-0.111924	-0.961938	-0.00140138
169	2.51383e-09	-1.05735	0.241728	0.00017979	-0.209392	-0.93518	0.00109607
170	2.51383e-09	-1.08891	0.092408	0.00209878	-0.0749371	-0.954131	0.000657535
171	2.51383e-09	-0.495854	-0.965555	0.000273824	0.85408	-0.43947	0.00276593
172	2.51383e-09	-0.932423	-0.583313	0.00139293	0.508988	-0.806422	0.000216308
173	2.51383e-09	0.689055	-0.852957	-0.00242874	0.743291	0.601871	-2.56681e-05
174	2.51383e-09	-1.062	-0.297324	-0.000850102	0.25847	-0.91525	0.000613671
175	2.51383e-09	-0.896417	0.629449	0.000323252	-0.543666	-0.783671	0.000125079
176	2.51383e-09	0.99604	0.418128	-0.00156947	-0.372499	0.885285	-0.000939108
177	2.51383e-09	-0.16644	1.09057	-0.00102318	-0.94052	-0.146004	-0.00189269
178	2.51383e-09	0.375498	1.02363	0.00149772	-0.898247	0.328986	-0.00065245
179	2.51383e-09	1.09442	-0.00720026	-0.000244565	0.00276272	0.95506	-0.000619389
180	2.51383e-09	-0.988014	0.457547	-0.00144977	-0.406166	-0.86673	-0.000648537
181	2.51383e-09	0.994113	-0.472272	-0.000907362	0.405684	0.862314	-0.000262204
182	2.51383e-09	1.08378	0.0388341	-0.00093367	-0.0353278	0.960683	0.00224771
183	2.51383e-09	0.208019	-1.08074	0.000765582	0.936163	0.180344	-0.00134842
184	2.51383e-09	0.91231	-0.626155	0.00033518	0.539342	0.783301	-0.000326429
185	2.51383e-09	0.451214	-0.9866	-0.000954237	0.872403	0.400001	1.31435e-05
186	2.51383e-09	-0.646516	-0.875014	-0.000602057	0.765296	-0.573158	-0.000410735
187	2.51383e-09	-0.860632	-0.659332	0.000860258	0.583728	-0.762244	-0.000326343
188	2.51383e-09	-0.925827	-0.581838	0.000356486	0.5072	-0.810841	-0.00111957
189	2.51383e-09	-0.956753	0.537927	0.00113425	-0.469152	-0.831651	0.00131655
190	2.51383e-09	0.829658	0.731775	-0.00165566	-0.634146	0.709296	-0.00011761
191	2.51383e-09	-0.0626878	-1.09179	0.00206212	0.954725	-0.057827	0.000487291
192	2.51383e-09	1.09019	0.122698	0.00301767	-0.104138	0.950469	0.00122644
193	2.51383e-09	0.982792	-0.504811	-0.00218232	0.430821	0.847901	-0.000734288
194	2.51383e-09	0.539063	0.968571	0.000846864	-0.83331	0.457742	-0.000578358
195	2.51383e-09	-0.434914	0.994681	-0.00158241	-0.882302	-0.379797	-0.00131532
196	2.51383e-09	-0.995389	-0.465081	2.28582e-05	0.405778	-0.861144	-0.000954412
197	2.51383e-09	-0.566669	0.938672	0.000353682	-0.814975	-0.497427	0.000599709
198	2.51383e-09	-0.923639	-0.617138	-0.00188917	0.523158	-0.790383	0.000116797
199	2.51383e-09	0.340041	-1.05198	-0.000560776	0.904378	0.289529	0.000369405
200	2.51383e-09	1.0448	0.380165	0.0020346	-0.322759	0.889808	-0.000871027
201	2.51383e-09	0.684323	-0.866605	0.00138787	0.747811	0.587602	-0.00208533
202	2.51383e-09	-0.0138916	-1.10276	-0.000199571	0.949891	-0.0120418	0.00265659
203	2.51383e-09	-1.0468	0.264739	0.000315329	-0.235523	-0.932825	0.000296785
204	2.51383e-09	-0.659985	0.892482	0.00183104	-0.7631	-0.561429	-0.000803582
205	2.51383e-09	0.889159	-0.675239	-0.000205925	0.573508	0.755148	0.00119134
206	2.51383e-09	-1.05318	0.322239	0.000707044	-0.275631	-0.913527	-0.00234162
207	2.51383e-09	0.471259	1.00862	-0.000632495	-0.85858	0.399607	-0.000366186
208	2.51383e-09	-1.06639	-0.231684	0.00135075	0.199755	-0.935847	-0.000446428
209	2.51383e-09	1.01542	0.40949	0.00152605	-0.359515	0.886716	0.00137381
210	2.51383e-09	-0.218305	-1.09308	-0.000902257	0.927706	-0.183273	-0.000153551
211	2.51383e-09	-1.07743	0.213539	0.000115382	-0.183696	-0.937613	-0.000406284
212	2.51383e-09	0.912777	0.655896	-0.00152596	-0.550577	0.766397	-0.000874628
213	2.51383e-09	-0.863699	-0.675214	-0.000964936	0.585572	-0.753417	-0.00121171
214	2.51383e-09	-1.04355	0.366384	-0.00110553	-0.309529	-0.898035	0.000150177
215	2.51383e-09	1.07479	-0.298595	-0.00299059	0.246663	0.913262	-0.000373413
216	2.51383e-09	0.524986	0.989246	-0.00101391	-0.833166	0.440075	-0.00188259
217	2.51383e-09	-0.450714	-1.02352	0.000146644	0.865814	-0.376869	-0.000449143
218	2.51383e-09	0.944068	-0.532823	0.00131283	0.475145	0.836316	0.000466912
219	2.51383e-09	-0.963073	-0.561785	0.000523488	0.474863	-0.81935	0.00137405
220	2.51383e-09	0.0414828	1.11057	0.00249113	-0.9482	0.0341831	0.00155898
221	2.51383e-09	-0.927666	0.587323	0.00104145	-0.512078	-0.807754	-0.000751261
222	2.51383e-09	-1.0034	0.495745	-0.00132119	-0.417061	-0.846673	0.00140023
223	2.51383e-09	0.456801	1.02174	-0.00163467	-0.861016	0.389431	-0.000655307
224	2.51383e-09	-0.835028	0.713484	0.00067865	-0.623112	-0.724983	0.00117451
225	2.51383e-09	0.00185841	-1.11221	0.0024689	0.948861	0.00845015	0.000145099
226	2.51383e-09	0.00510665	-1.12798	0.00162857	0.942117	0.00713755	-0.00111609
227	2.51383e-09	-0.839471	0.720592	0.00177629	-0.623262	-0.719862	0.000670199
228	2.51383e-09	-0.239533	1.08764	0.000242129	-0.925226	-0.204703	0.000655828
229	2.51383e-09	-0.0953818	1.12291	0.00106893	-0.93874	-0.0836781	-0.00237149
230	2.51383e-09	0.817452	0.7867	-0.000167934	-0.651169	0.675436	-0.00204182
231	2.51383e-09	0.801237	0.790105	-0.0015271	-0.662062	0.674195	0.000859547
232	2.51383e-09	-0.184302	1.0979	0.00232799	-0.931787	-0.158961	0.00160637
233	2.51383e-09	-0.639228	0.913048	0.00153343	-0.774221	-0.548481	-0.000698058
234	2.51383e-09	-1.10047	0.189356	-7.9971e-05	-0.161477	-0.933739	0.000451888
235	2.51383e-09	-0.784703	-0.791017	0.000989301	0.670358	-0.670164	-0.0044949
236	2.51383e-09	-1.117	0.178496	0.00109243	-0.143667	-0.929123	-0.00130262
237	2.51383e-09	-1.01392	-0.478349	-7.76766e-05	0.40237	-0.853965	-0.000490781
238	2.51383e-09	-0.050517	1.13308	0.000267714	-0.93592	-0.0412029	-0.00180065
239	2.51383e-09	-0.286855	1.06988	0.00144742	-0.916808	-0.246595	-0.00156005
240	2.51383e-09	-1.13497	0.0675256	0.00204147	-0.0538163	-0.934559	0.00119906
241	2.51383e-09	0.170881	-1.11646	0.00151582	0.926477	0.147052	0.000603221
242	2.51383e-09	0.52478	1.01843	0.00240489	-0.830192	0.42958	-0.00190284
243	2.51383e-09	0.520215	-0.998705	-0.000549383	0.836942	0.4308	0.00194648
244	2.51383e-09	0.596663	-0.964178	-0.000541952	0.795526	0.496234	-0.000269614
245	2.51383e-09	0.425722	1.04025	-0.000551708	-0.872456	0.360047	-0.00154973
246	2.51383e-09	-1.08961	-0.276964	7.54101e-05	0.234978	-0.910347	0.00236432
247	2.51383e-09	-0.639247	-0.910772	0.000599956	0.775353	-0.542848	0.00158931
248	2.51383e-09	0.354538	1.06483	0.000902663	-0.893341	0.300241	-0.000601397
249	2.51383e-09	1.06199	0.360765	0.000370631	-0.302884	0.896088	-0.000473714
250	2.51383e-09	-1.09663	-0.267228	-0.000243049	0.223294	-0.914826	0.000810294
251	2.51383e-09	0.962844	-0.599185	-0.000702628	0.495379	0.797565	-0.000886303
252	2.51383e-09	0.813375	0.780031	-0.00102819	-0.655185	0.677334	0.00216371
253	2.51383e-09	1.12301	0.177524	0.000421554	-0.145177	0.924864	-0.000402168
254	2.51383e-09	-0.77779	-0.802114	0.00144643	0.676901	-0.663162	-5.8179e-05
255	2.51383e-09	-1.12569	-0.00360841	0.00244767	0.00448749	-0.945127	0.00201664
256	2.51383e-09	1.12223	0.177634	0.00165821	-0.144926	0.926881	0.001155
257	2.51383e-09	-1.12405	0.147798	5.5933e-05	-0.121404	-0.932212	0.00182094
258	2.51383e-09	0.797414	0.819258	-0.001152	-0.667568	0.651509	-0.00262652
259	2.51383e-09	0.90218	-0.675371	0.00235645	0.566491	0.754121	-0.00137984
260	2.51383e-09	-0.997045	-0.536813	-0.000325547	0.445476	-0.829137	-0.00348716
261	2.51383e-09	0.3447	1.09638	0.00087324	-0.887578	0.28045	-0.000786567
262	2.51383e-09	0.283964	1.08355	0.00373824	-0.911666	0.244161	0.00211901
263	2.51383e-09	-0.202935	-1.11615	0.00132606	0.923925	-0.16679	0.00137497
264	2.51383e-09	-1.0888	-0.307439	0.000735331	0.255357	-0.902626	-0.000191068
265	2.51383e-09	-0.331469	1.09858	-5.09404e-05	-0.892663	-0.267975	0.000949517
266	2.51383e-09	-1.02757	0.492729	0.00128867	-0.405338	-0.843745	-0.00123324
267	2.51383e-09	0.172114	-1.11593	0.00347951	0.930466	0.139606	0.00130617
268	2.51383e-09	-1.128	-0.0651261	0.000361269	0.0533298	-0.938745	-0.000395324
269	2.51383e-09	-0.176465	-1.12782	-0.00102695	0.924211	-0.142756	0.00102838
270	2.51383e-09	1.13448	-0.0323576	7.26584e-05	0.0273525	0.938155	-0.0011354
271	2.51383e-09	-1.09625	-0.333504	-0.00149261	0.269968	-0.895077	-0.00104958
272	2.51383e-09	-0.36526	1.07978	-0.00351168	-0.88868	-0.299507	0.00041606
273	2.51383e-09	-0.613486	-0.963316	0.00113571	0.787226	-0.505421	7.90714e-05
274	2.51383e-09	0.863776	-0.722436	0.000433485	0.601834	0.722833	0.00127515
275	2.51383e-09	0.675296	0.911091	0.00173894	-0.752118	0.563995	0.00130072
276	2.51383e-09	-0.305326	-1.08508	-0.000491809	0.907115	-0.253473	0.000950195
277	2.51383e-09	-1.06858	-0.415168	0.000490372	0.341721	-0.867767	-0.000512834
278	2.51383e-09	0.383833	1.08658	-0.00117145	-0.877618	0.307293	-1.9023e-05
279	2.51383e-09	1.13741	0.0623243	0.000447037	-0.0468743	0.93745	-0.000300702
280	2.51383e-09	0.415869	-1.08667	0.000444984	0.865844	0.328555	0.00167053
281	2.51383e-09	0.315841	-1.10133	0.000719393	0.896774	0.252887	-0.000913541
282	2.51383e-09	-1.13675	-0.078939	-0.0015684	0.0636523	-0.935582	-0.00251442
283	2.51383e-09	0.792435	0.819902	0.00167295	-0.673848	0.64902	0.000392533
284	2.51383e-09	-1.0597	-0.459065	-0.000298629	0.369879	-0.854623	0.00127874
285	2.51383e-09	-0.659508	0.944981	0.000427682	-0.767344	-0.532201	0.000615738
286	2.51383e-09	-1.0151	-0.496894	0.00180875	0.413508	-0.845583	0.00211469
287	2.51383e-09	-0.204525	-1.12099	0.000314912	0.923334	-0.164727	-0.000536799
288	2.51383e-09	-1.05068	-0.476123	-0.00108459	0.385288	-0.847005	0.00140589
289	2.51383e-09	0.335194	1.1071	-0.00360653	-0.890381	0.266545	0.000297474
290	2.51383e-09	-1.07086	-0.397356	0.00176727	0.325238	-0.877203	0.00218636
291	2.51383e-09	-0.940232	0.654756	0.000158037	-0.53152	-0.768313	-0.0015365
292	2.51383e-09	-1.01274	0.57755	0.00101774	-0.46008	-0.800177	-0.00106258
293	2.51383e-09	-0.288967	-1.1118	0.00233475	0.902616	-0.232206	0.00123406
294	2.51383e-09	0.952696	-0.660654	-0.00276878	0.529303	0.763039	-0.00105824
295	2.51383e-09	-0.464479	1.04849	0.00369109	-0.851619	-0.379832	-1.24649e-05
296	2.51383e-09	-1.06768	-0.438864	-0.00049341	0.350451	-0.862889	-0.000106795
297	2.51383e-09	-1.12184	-0.237892	-0.000382214	0.193541	-0.912403	0.000127579
298	2.51383e-09	1.14713	0.109812	-0.000672018	-0.0855534	0.927806	-0.000400316
299	2.51383e-09	0.947966	0.689418	-0.00138592	-0.544708	0.74141	-0.00224133
300	2.51383e-09	0.793525	-0.85502	-0.00108517	0.682648	0.62484	0.000893597
301	2.51383e-09	0.637325	-0.957819	-0.00167126	0.7813	0.513112	-0.00165475
302	2.51383e-09	-1.01029	-0.573813	0.00197285	0.461288	-0.804365	-0.000778334
303	2.51383e-09	-0.511573	-1.02972	-2.10033e-05	0.837921	-0.414507	-0.00104495
304	2.51383e-09	-1.08001	0.434677	0.00187735	-0.344466	-0.85913	0.002014
305	2.51383e-09	-0.929732	-0.665905	-0.00133032	0.542696	-0.760923	-0.00206396
306	2.51383e-09	-0.496969	-1.04452	-0.00167415	0.838227	-0.402361	0.000118224
307	2.51383e-09	-0.122757	1.14346	0.00100464	-0.928191	-0.10065	0.000561414
308	2.51383e-09	-0.845742	0.794249	0.000116641	-0.634138	-0.679329	-0.00179059
309	2.51383e-09	-0.0879598	1.14449	0.00132192	-0.930606	-0.0752542	-0.000652626
310	2.51383e-09	-0.941759	0.656142	-0.000148973	-0.539541	-0.76215	0.00136725
311	2.51383e-09	0.444985	-1.06785	0.00154985	0.856835	0.359527	-0.000946965
312	2.51383e-09	-0.457037	1.07092	-0.00207667	-0.851208	-0.363656	0.00194969
313	2.51383e-09	-0.0903979	1.14962	-2.20096e-05	-0.927784	-0.0738609	-0.00200533
314	2.51383e-09	-0.32063	-1.10797	-0.00221242	0.8952	-0.258204	-0.00109708
315	2.51383e-09	0.00650666	-1.17221	-0.00235302	0.92192	0.00684497	-0.00265996
316	2.51383e-09	1.03962	0.531611	0.00060686	-0.419388	0.824361	-0.0019434
317	2.51383e-09	-0.916131	-0.70476	-0.00179553	0.564776	-0.737613	-0.00087126
318	2.51383e-09	0.651487	-0.961973	-0.00181526	0.765647	0.520696	-0.00246564
319	2.51383e-09	0.332672	-1.11866	0.00225251	0.887033	0.26376	0.000730988
320	2.51383e-09	1.00347	-0.626982	-0.000921398	0.485298	0.778542	-0.000489933
321	2.51383e-09	0.880147	0.770896	0.000220099	-0.607056	0.696859	-0.00103346
322	2.51383e-09	0.756092	0.89615	0.00050098	-0.706318	0.591216	-6.67342e-05
323	2.51383e-09	-0.45978	-1.08174	-0.00189428	0.846849	-0.362661	0.00196435
324	2.51383e-09	-0.265637	-1.14772	-0.00176566	0.896375	-0.20846	0.00268461
325	2.51383e-09	-0.197979	1.15429	0.000141297	-0.910921	-0.154378	-0.000631802
326	2.51383e-09	1.14437	0.272564	0.00170181	-0.217293	0.894615	-0.000901706
327	2.51383e-09	0.234569	1.15162	-0.00170375	-0.90414	0.186456	-0.00114181
328	2.51383e-09	1.0821	0.393781	0.000722452	-0.317952	0.877755	-0.00140072
329	2.51383e-09	-1.18268	0.0713723	0.00021443	-0.0601311	-0.916893	0.00241752
330	2.51383e-09	0.264906	-1.12431	0.00031536	0.907143	0.214356	-0.00136458
331	2.51383e-09	-1.12279	0.304949	0.000168046	-0.237166	-0.895856	-0.000491189
332	2.51383e-09	0.855737	0.776079	0.00017517	-0.625945	0.690111	0.000578913
333	2.51383e-09	1.12659	0.35928	0.00106318	-0.277516	0.875523	0.000435669
334	2.51383e-09	-1.02104	-0.585011	-0.00109349	0.457164	-0.799165	-0.000335422
335	2.51383e-09	-0.944795	0.70297	-0.000696233	-0.552459	-0.737748	0.00102563
336	2.51383e-09	-0.514075	-1.05482	-0.000700122	0.830935	-0.402649	-0.000274554
337	2.51383e-09	0.270747	-1.14115	0.00126566	0.899305	0.213451	-0.00117409
338	2.51383e-09	-1.07069	0.456965	0.0019895	-0.366273	-0.852394	0.000374397
339	2.51383e-09	-0.451164	1.09943	7.41009e-05	-0.850214	-0.346877	0.00200457
340	2.51383e-09	-0.828663	-0.842197	-0.00109111	0.656477	-0.644978	-0.00131126
341	2.51383e-09	0.419903	1.1005	-0.000987445	-0.863565	0.322013	-0.00073747
342	2.51383e-09	0.390167	-1.10255	0.00131958	0.87186	0.306867	-0.000885437
343	2.51383e-09	-0.956338	0.664875	0.00275993	-0.526493	-0.763573	-0.000980262
344	2.51383e-09	0.157237	-1.1704	-0.000508444	0.910088	0.122877	0.000368975
345	2.51383e-09	1.05123	0.500926	0.00160349	-0.399834	0.837538	0.00160952
346	2.51383e-09	-1.09213	0.390328	-0.00110363	-0.313726	-0.873141	-0.0010042
347	2.51383e-09	0.678077	0.949875	0.0013205	-0.756397	0.536585	0.000138704
348	2.51383e-09	0.970502	-0.671857	0.00075196	0.526452	0.756713	0.000426844
349	2.51383e-09	-0.131944	1.16773	0.00143187	-0.917187	-0.0969072	0.000873914
350	2.51383e-09	-0.0452371	-1.16373	-8.59734e-05	0.927397	-0.0321485	0.000800024
351	2.51383e-09	-0.0421722	1.17849	0.000294346	-0.922006	-0.029284	0.00112744
352	2.51383e-09	-0.390485	-1.12096	-0.00134709	0.866357	-0.301484	-0.00229411
353	2.51383e-09	1.12118	0.40267	0.00119097	-0.309093	0.861233	-5.78107e-05
354	2.51383e-09	-0.814236	0.868852	-0.000124469	-0.669641	-0.625727	-0.00135682
355	2.51383e-09	0.449071	1.07197	4.50641e-05	-0.857687	0.356934	0.000307258
356	2.51383e-09	0.703231	-0.959744	-4.73636e-05	0.739545	0.54208	-0.0001639
357	2.51383e-09	1.1708	0.184494	-0.00115832	-0.140202	0.907466	0.00178375
358	2.51383e-09	-0.18324	-1.17805	0.00120838	0.905474	-0.139611	-0.000674429
359	2.51383e-09	0.326213	-1.14478	-0.00066862	0.884054	0.248236	-0.000386881
360	2.51383e-09	-0.670076	-0.955487	-0.000352785	0.757103	-0.530355	0.00151939
361	2.51383e-09	-0.869452	0.810464	-0.000176122	-0.622014	-0.671293	0.000349715
362	2.51383e-09	-0.997629	0.623151	0.000716454	-0.48985	-0.783039	0.00153884
363	2.51383e-09	-0.172324	1.17002	-0.00315395	-0.908504	-0.133888	0.000580509
364	2.51383e-09	-0.699607	-0.942569	-0.0016659	0.739343	-0.553315	0.00124578
365	2.51383e-09	1.18878	0.0313753	0.000420506	-0.0274426	0.91626	-0.00131437
366	2.51383e-09	-0.740611	-0.926433	0.00198342	0.718819	-0.572622	-0.00174174
367	2.51383e-09	-0.181764	1.18412	0.00080581	-0.902593	-0.13476	-1.73754e-05
368	2.51383e-09	0.157806	-1.18459	0.00123832	0.904948	0.122474	0.00135286
369	2.51383e-09	0.953848	-0.72656	-0.00251113	0.553506	0.724362	-0.000339746
370	2.51383e-09	-0.961428	0.698075	-0.000766808	-0.536385	-0.743551	0.00142894
371	2.51383e-09	-0.391388	-1.13003	0.00160631	0.863988	-0.302606	-0.000919981
372	2.51383e-09	1.13252	-0.340518	0.00148241	0.265748	0.880178	-0.000331349
373	2.51383e-09	-1.1345	-0.369109	0.000780589	0.281396	-0.87048	-0.000498683
374	2.51383e-09	-0.396082	1.13659	0.00138568	-0.861786	-0.296663	-0.000225613
375	2.51383e-09	-0.553333	1.06294	-0.00042383	-0.809095	-0.421285	-0.00072572
376	2.51383e-09	1.04908	0.564793	0.00179984	-0.431666	0.806078	-0.00154802
377	2.51383e-09	-0.901485	-0.789365	0.00286579	0.599785	-0.687001	-0.000116565
378	2.51383e-09	0.975328	0.704135	-0.00143955	-0.532796	0.739506	0.000866052
379	2.51383e-09	0.839091	0.839641	-0.000856109	-0.643233	0.652784	-0.000479773
380	2.51383e-09	0.404153	1.11566	-0.0020999	-0.862553	0.31216	-0.00178994
381	2.51383e-09	0.221095	-1.1633	-0.00118081	0.903733	0.171895	0.000688983
382	2.51383e-09	0.120288	1.18325	0.000943129	-0.913302	0.0932505	-0.00137221
383	2.51383e-09	-1.05478	0.517737	-0.000285226	-0.409534	-0.827828	0.00217595
384	2.51383e-09	1.07049	0.546822	-0.00148844	-0.418744	0.811777	-0.00220814
385	2.51383e-09	1.04146	0.56748	0.00122935	-0.440594	0.805203	0.000546429
386	2.51383e-09	-0.450032	1.11723	-0.00110157	-0.84802	-0.336519	0.000391163
387	2.51383e-09	0.364056	-1.14082	0.000495441	0.87086	0.279844	0.000934519
388	2.51383e-09	0.0916601	-1.20568	-0.00165288	0.903199	0.0677217	-0.000532827
389	2.51383e-09	1.15874	0.326106	0.000462817	-0.244375	0.876524	0.000213284
390	2.51383e-09	-0.306137	-1.14449	0.000492287	0.888415	-0.238027	0.00011748
391	2.51383e-09	0.275594	-1.17581	-0.00146529	0.8864	0.20482	-0.000632585
392	2.51383e-09	1.09264	-0.502046	9.50404e-05	0.3806	0.829845	-0.00124346
393	2.51383e-09	-0.955284	-0.732017	0.00196692	0.556434	-0.723744	0.000937902
394	2.51383e-09	-1.14352	-0.357328	0.00175966	0.27659	-0.870331	-0.0002125
395	2.51383e-09	1.12893	0.428485	-0.00108339	-0.320521	0.850544	-0.00107164
396	2.51383e-09	1.11399	0.454817	-0.000514763	-0.349171	0.84188	-0.00178693
397	2.51383e-09	0.446386	1.11713	0.000263276	-0.846103	0.341004	-0.00141071
398	2.51383e-09	1.09376	-0.515439	-0.000786095	0.392681	0.820698	0.00157698
399	2.51383e-09	-1.20073	0.0338395	-0.00163686	-0.0274183	-0.91161	-0.00196959
400	2.51383e-09	0.661206	-0.992551	-0.00227091	0.764911	0.50381	0.00112934
