4.350000e+03
401
0	1	0.000201001	0.000124715	-1.83525e-07	1.51446e-08	-1.87015e-08	-6.75153e-11
1	2.51383e-09	-0.142897	0.996012	-0.00083758	-0.984241	-0.143162	-0.000720345
2	2.51383e-09	-1.0076	0.0441563	0.00159507	-0.0419148	-0.995637	-8.88946e-05
3	2.51383e-09	0.896668	0.433471	0.000761764	-0.433794	0.90357	-0.000646961
4	2.51383e-09	-0.816504	-0.583294	0.000839724	0.58014	-0.813329	-0.00113298
5	2.51383e-09	0.996551	-0.109156	-0.000594064	0.107703	0.992553	0.000468849
6	2.51383e-09	0.341428	-0.956801	-0.00248712	0.935754	0.327234	-0.000225008
7	2.51383e-09	0.641234	-0.776295	-0.00305142	0.766977	0.634325	-0.000376763
8	2.51383e-09	0.278099	0.961318	0.000538232	-0.959596	0.278056	-0.000292245
9	2.51383e-09	0.341182	0.940196	-0.000491364	-0.940232	0.344614	-0.000602499
10	2.51383e-09	0.359008	0.938284	-0.000577164	-0.930995	0.354052	0.000705937
11	2.51383e-09	-0.570869	0.822253	0.000467551	-0.821163	-0.569613	0.000312204
12	2.51383e-09	0.720381	0.722583	-0.000529333	-0.698237	0.699475	0.00168882
13	2.51383e-09	-0.890802	-0.464807	-0.00175288	0.460594	-0.885261	-0.00101895
14	2.51383e-09	0.966301	-0.294205	-8.265e-05	0.294043	0.950563	0.00249034
15	2.51383e-09	-0.223473	0.982301	0.00175737	-0.967291	-0.222901	0.00162169
16	2.51383e-09	0.932313	0.357329	-0.00120009	-0.36114	0.934283	-0.00145621
17	2.51383e-09	-0.429615	0.905957	-0.000719845	-0.902875	-0.431356	-0.0011561
18	2.51383e-09	-0.964601	0.284959	-0.00110225	-0.28287	-0.959625	0.000479573
19	2.51383e-09	-1.00683	0.153611	-0.000191606	-0.155439	-0.97622	-0.00141268
20	2.51383e-09	-0.913898	0.472182	-0.000348675	-0.453254	-0.874007	-0.00214778
21	2.51383e-09	-0.97757	0.26469	-0.00252118	-0.26355	-0.955818	-0.000742245
22	2.51383e-09	1.018	0.0147954	-0.0015163	-0.0181024	0.989913	-0.000536455
23	2.51383e-09	0.748086	0.695707	0.000308006	-0.669277	0.726652	0.00239841
24	2.51383e-09	0.712473	0.716195	-0.00121773	-0.708494	0.703312	0.000786117
25	2.51383e-09	0.738137	-0.708665	-0.00269856	0.683315	0.713251	0.000209525
26	2.51383e-09	0.523207	-0.867549	0.0022704	0.848602	0.516765	-0.000351099
27	2.51383e-09	0.970052	0.286799	-0.00216515	-0.287557	0.950952	-0.000105227
28	2.51383e-09	0.45489	-0.908632	0.000134967	0.88941	0.439269	0.000403105
29	2.51383e-09	0.176421	-0.994798	-0.000618368	0.980571	0.173722	0.00172886
30	2.51383e-09	-0.977355	0.233552	0.000609574	-0.232483	-0.970417	0.000850047
31	2.51383e-09	-0.254358	0.978585	-0.00104646	-0.960948	-0.249209	-0.00196356
32	2.51383e-09	-0.892802	-0.466452	0.000872283	0.459922	-0.882939	0.000303976
33	2.51383e-09	-0.944622	0.369981	-0.000283151	-0.358306	-0.928861	-0.000776136
34	2.51383e-09	-0.945522	0.414918	0.000950096	-0.394066	-0.901314	0.000520312
35	2.51383e-09	0.815113	0.617017	-0.000247332	-0.594575	0.789131	-0.00163837
36	2.51383e-09	-0.99851	-0.17155	-0.000561109	0.171165	-0.979145	0.00239714
37	2.51383e-09	-0.657625	-0.781957	-0.00360245	0.755584	-0.63702	-0.00166971
38	2.51383e-09	0.629865	-0.780041	-0.000788386	0.776345	0.627258	6.99235e-05
39	2.51383e-09	-0.669711	-0.756111	0.00118072	0.745271	-0.65729	-0.000900655
40	2.51383e-09	-0.74098	0.686054	-0.000461585	-0.674658	-0.730569	0.00345307
41	2.51383e-09	0.9076	-0.457197	0.00245411	0.444855	0.886197	9.97106e-06
42	2.51383e-09	0.990034	0.291	0.00154309	-0.276786	0.944263	0.000984061
43	2.51383e-09	0.379608	0.936876	-0.00249815	-0.923614	0.373378	0.000579027
44	2.51383e-09	0.0712961	-1.02054	0.000794345	0.989243	0.0700705	-0.00180139
45	2.51383e-09	-0.863097	0.57043	0.00164774	-0.54136	-0.81997	0.000978305
46	2.51383e-09	0.784112	0.6581	-0.000390242	-0.63324	0.758249	-0.0029457
47	2.51383e-09	-0.798747	-0.646455	0.00134642	0.619639	-0.764319	0.000708926
48	2.51383e-09	0.822666	-0.604154	0.00121684	0.588396	0.798517	-0.000141862
49	2.51383e-09	0.619897	-0.812621	-0.000603866	0.788169	0.599493	0.000425638
50	2.51383e-09	-0.554819	0.869389	0.00210809	-0.830061	-0.527561	0.00191924
51	2.51383e-09	-0.251933	-0.988358	0.0010422	0.960464	-0.242104	0.000704977
52	2.51383e-09	0.777116	0.675441	0.000924012	-0.646499	0.743785	0.00046654
53	2.51383e-09	-0.657462	-0.783468	-0.000771513	0.756454	-0.637708	-0.000710602
54	2.51383e-09	-1.01172	0.0673979	0.000959222	-0.0640179	-0.993631	0.00089983
55	2.51383e-09	1.01986	0.114485	-0.00103871	-0.114259	0.98212	0.000744814
56	2.51383e-09	0.212126	1.00391	0.00122005	-0.967042	0.201365	-0.00149497
57	2.51383e-09	0.691928	0.7783	0.00129814	-0.735535	0.650412	0.002089
58	2.51383e-09	-0.560496	-0.874701	-0.00161564	0.826539	-0.530575	0.000239006
59	2.51383e-09	-0.994884	0.254731	-0.00218649	-0.252105	-0.954381	0.000984686
60	2.51383e-09	-0.996034	-0.221287	-0.000600568	0.216182	-0.966407	0.000465625
61	2.51383e-09	-0.387576	-0.960986	-0.0037067	0.91165	-0.363742	-4.12789e-05
62	2.51383e-09	-0.333636	-0.975383	-0.000970053	0.931485	-0.320535	-0.000469729
63	2.51383e-09	0.887286	0.514172	0.00106386	-0.496453	0.851853	-8.75924e-05
64	2.51383e-09	-0.725288	-0.721391	0.00085913	0.697086	-0.704432	0.00130055
65	2.51383e-09	0.992745	0.296091	0.00183493	-0.2786	0.943282	-0.000859847
66	2.51383e-09	-1.02492	-0.133948	-0.000912958	0.127695	-0.97179	0.00286542
67	2.51383e-09	0.36967	-0.970667	2.60185e-05	0.91349	0.353921	0.0020236
68	2.51383e-09	-0.794333	0.654853	0.00186733	-0.629237	-0.758226	0.000766401
69	2.51383e-09	0.563768	-0.863987	0.00291608	0.824733	0.538527	-0.00178808
70	2.51383e-09	0.781941	-0.669014	-0.00244147	0.642665	0.749607	0.00174988
71	2.51383e-09	-0.709455	0.750855	-0.00030723	-0.712593	-0.67888	-1.20142e-05
72	2.51383e-09	0.613342	-0.854018	-0.000444489	0.788757	0.571042	-0.00043303
73	2.51383e-09	0.274888	-1.00349	0.0009382	0.944589	0.256423	-0.000303056
74	2.51383e-09	0.635135	-0.826766	-0.000299558	0.778798	0.598432	-0.00106908
75	2.51383e-09	0.562752	0.874535	0.000569099	-0.825312	0.52901	-0.000190096
76	2.51383e-09	0.0217909	-1.04505	-0.00188318	0.979053	0.0187204	-0.000494948
77	2.51383e-09	-0.222356	1.03668	0.000521625	-0.948183	-0.202516	-0.000516268
78	2.51383e-09	0.364983	0.982366	0.00116999	-0.912618	0.34592	-0.000382431
79	2.51383e-09	-0.834627	0.609189	0.00184422	-0.583519	-0.792314	0.00155697
80	2.51383e-09	-0.0488561	1.05016	0.00200874	-0.973756	-0.0461778	0.000213427
81	2.51383e-09	-0.537057	0.89459	0.000183782	-0.83968	-0.503153	-0.000857098
82	2.51383e-09	-1.02612	0.202538	0.0018882	-0.191334	-0.960971	0.00105002
83	2.51383e-09	-0.322828	0.987857	-0.0023197	-0.932831	-0.308506	-3.8965e-05
84	2.51383e-09	0.00635164	1.04946	-0.000251844	-0.976766	0.00539201	0.000631406
85	2.51383e-09	0.171742	-1.01815	0.00110118	0.9688	0.161949	0.000208574
86	2.51383e-09	0.565527	-0.8802	-0.000226672	0.821851	0.528262	-0.000677491
87	2.51383e-09	-0.965724	0.382439	0.00181203	-0.365744	-0.908728	-0.000259742
88	2.51383e-09	0.36738	0.964085	0.00161035	-0.920715	0.350719	-0.00189546
89	2.51383e-09	-0.803556	0.694361	-0.00166842	-0.631852	-0.734803	0.00040879
90	2.51383e-09	-0.548298	-0.884355	-0.000466696	0.832817	-0.519059	-7.98966e-05
91	2.51383e-09	-0.667555	-0.789631	0.00138094	0.75342	-0.633044	0.00240426
92	2.51383e-09	1.0134	0.274235	0.000988187	-0.253496	0.943676	0.00158911
93	2.51383e-09	0.728245	-0.765488	-0.000247035	0.702053	0.672072	-0.000481574
94	2.51383e-09	-0.374179	0.967806	0.00180303	-0.919334	-0.350945	0.0012178
95	2.51383e-09	0.414548	0.953203	-0.00151039	-0.900612	0.386241	-0.000858104
96	2.51383e-09	-0.639889	-0.838134	0.000589642	0.771792	-0.592217	0.000721282
97	2.51383e-09	0.145016	-1.04172	0.00400689	0.967539	0.127014	-7.28676e-05
98	2.51383e-09	-0.0169144	1.06613	0.00205007	-0.965854	-0.0147902	0.000870468
99	2.51383e-09	-0.33288	-0.999825	0.00121194	0.92696	-0.309202	-0.000214508
100	2.51383e-09	0.437096	-0.962706	8.9581e-05	0.882741	0.402777	0.00212739
101	2.51383e-09	1.03494	0.00890286	-0.00101637	-0.00702838	0.983947	-0.00119131
102	2.51383e-09	0.761496	0.701175	-0.00169191	-0.662869	0.725865	-0.00107749
103	2.51383e-09	1.00243	0.305192	0.00082007	-0.284987	0.934715	-0.00278092
104	2.51383e-09	-1.04453	0.0862492	0.000566812	-0.085154	-0.973661	-0.000472296
105	2.51383e-09	1.0246	0.253211	-0.000475477	-0.227822	0.94409	0.000291968
106	2.51383e-09	0.703268	-0.779603	-0.00165085	0.724861	0.653445	0.00112458
107	2.51383e-09	0.898644	0.558609	-4.99107e-05	-0.510071	0.826042	0.00169145
108	2.51383e-09	1.04238	-0.196523	0.00218938	0.17936	0.955398	0.000412044
109	2.51383e-09	0.166689	1.04414	0.00298349	-0.962054	0.151997	-0.00106413
110	2.51383e-09	0.486291	-0.941662	-0.00211306	0.86026	0.448528	-0.00106975
111	2.51383e-09	1.06019	0.141868	0.000246364	-0.12963	0.958856	-0.00104183
112	2.51383e-09	-0.964301	-0.424636	0.000993635	0.392081	-0.893533	0.000507092
113	2.51383e-09	-0.951785	-0.456328	-0.00218156	0.419854	-0.879176	0.001731
114	2.51383e-09	-1.01248	0.294765	-0.00255789	-0.274942	-0.932679	0.000275983
115	2.51383e-09	-0.629252	-0.854711	-0.000918303	0.779951	-0.579712	-0.00153784
116	2.51383e-09	-0.323272	1.00425	0.000507166	-0.9248	-0.300335	0.001037
117	2.51383e-09	-0.658615	0.834182	-0.00101421	-0.761245	-0.603808	0.0001055
118	2.51383e-09	-0.207265	1.04088	-0.000963454	-0.951848	-0.191292	5.20721e-05
119	2.51383e-09	0.956086	-0.431373	-8.07798e-05	0.400593	0.889067	-0.00220172
120	2.51383e-09	-0.117995	1.04206	-0.000388143	-0.96907	-0.112337	-0.00203842
121	2.51383e-09	-0.248133	-1.0312	0.000439552	0.943896	-0.225006	-0.00111721
122	2.51383e-09	0.762779	0.754937	-0.000291019	-0.676442	0.686402	0.00091736
123	2.51383e-09	1.05437	-0.0136135	0.000769951	0.0129938	0.97105	0.00141073
124	2.51383e-09	1.01701	-0.364267	0.00168322	0.318755	0.905766	-0.0024191
125	2.51383e-09	-1.05526	-0.0492705	-0.00188981	0.0437142	-0.970765	0.000534397
126	2.51383e-09	0.866854	0.599141	-0.00135733	-0.553304	0.805825	0.00131689
127	2.51383e-09	1.03674	0.193477	-0.00275659	-0.177651	0.959007	0.0010176
128	2.51383e-09	0.490043	-0.947086	0.000490126	0.862268	0.44249	0.0014197
129	2.51383e-09	0.915083	0.520326	0.00225493	-0.479492	0.851633	-0.000187617
130	2.51383e-09	-0.787344	-0.718394	0.000543171	0.651669	-0.713239	0.00123485
131	2.51383e-09	-1.05581	-0.206221	0.000416341	0.179547	-0.947872	-0.00207402
132	2.51383e-09	-0.562479	0.923834	0.00116572	-0.819764	-0.496691	-0.00117345
133	2.51383e-09	1.01903	0.318076	-0.00261972	-0.292433	0.923223	0.00200972
134	2.51383e-09	0.529848	-0.918199	0.000852965	0.841561	0.488698	-0.00212881
135	2.51383e-09	-0.284376	-1.02585	0.00165931	0.935834	-0.257562	0.00214371
136	2.51383e-09	0.691623	-0.826694	0.00241811	0.738157	0.617947	0.00145857
137	2.51383e-09	0.0532777	-1.05659	0.00236646	0.972056	0.0468755	-0.00175773
138	2.51383e-09	0.816305	-0.692381	0.00178583	0.626243	0.736692	0.00155245
139	2.51383e-09	1.00318	0.368977	-0.00126949	-0.333713	0.9084	-0.000987841
140	2.51383e-09	0.868833	-0.65488	-0.000525516	0.577277	0.764892	-0.00272965
141	2.51383e-09	0.999609	0.358414	-0.00203602	-0.326118	0.917103	0.00171354
142	2.51383e-09	-0.744509	-0.763178	0.00200281	0.695626	-0.678623	-0.00173987
143	2.51383e-09	-1.06803	0.0226604	0.000550873	-0.0198714	-0.967316	-0.000594753
144	2.51383e-09	-0.590643	0.915489	-1.31773e-05	-0.806294	-0.515611	0.00237881
145	2.51383e-09	0.634657	0.85467	-0.00156252	-0.777662	0.580141	-0.000950919
146	2.51383e-09	0.512708	0.973188	0.00224118	-0.842542	0.445518	0.00124629
147	2.51383e-09	0.131027	1.06919	0.00134456	-0.958661	0.114052	-0.000224499
148	2.51383e-09	-1.0674	0.213236	-0.00084401	-0.185244	-0.938114	-0.000769246
149	2.51383e-09	0.70326	-0.800673	-0.00103983	0.733393	0.631705	0.000549144
150	2.51383e-09	1.07998	0.0274631	0.00260024	-0.0229295	0.961373	0.00248615
151	2.51383e-09	-0.0253367	1.07303	-0.000965829	-0.965874	-0.024904	0.000980514
152	2.51383e-09	-0.710248	-0.794473	0.000857606	0.721832	-0.647003	-0.00156425
153	2.51383e-09	-1.03043	0.344964	-2.52035e-05	-0.304377	-0.910045	-0.00201414
154	2.51383e-09	-0.909829	0.609578	-0.00265498	-0.5345	-0.790611	-0.000772478
155	2.51383e-09	1.04294	-0.288324	0.00182251	0.252802	0.925152	0.000451283
156	2.51383e-09	0.583633	-0.910235	0.00111569	0.810775	0.52327	-0.00194346
157	2.51383e-09	-0.35383	1.01493	1.36047e-05	-0.910742	-0.319787	0.00151437
158	2.51383e-09	-1.00659	0.411237	-0.00305004	-0.361184	-0.889599	-0.00129085
159	2.51383e-09	-0.758517	0.758599	0.000276069	-0.68343	-0.683382	-0.00259117
160	2.51383e-09	0.542439	0.927697	0.00277527	-0.833233	0.484502	-2.18633e-05
161	2.51383e-09	0.566116	-0.931575	-0.000601172	0.817803	0.496549	-5.6631e-05
162	2.51383e-09	-1.08716	0.0606181	0.00254872	-0.0546163	-0.957257	0.00144178
163	2.51383e-09	1.06551	0.177487	-0.00202532	-0.159003	0.948771	0.000366805
164	2.51383e-09	1.05544	0.146597	-0.000513573	-0.129979	0.960353	3.78268e-05
165	2.51383e-09	0.790541	0.758209	-0.000574171	-0.664816	0.689339	-0.00103969
166	2.51383e-09	0.148454	1.08148	-0.00183485	-0.946434	0.131882	-0.00124337
167	2.51383e-09	-0.967416	-0.443364	0.00346194	0.39991	-0.8869	0.00168141
168	2.51383e-09	-0.501821	-0.954645	-0.00214836	0.850802	-0.454414	0.00110787
169	2.51383e-09	1.04815	-0.240026	-0.00180214	0.215635	0.941323	0.000647377
170	2.51383e-09	-1.08301	-0.182306	0.00107621	0.159975	-0.938944	-0.00172826
171	2.51383e-09	-1.0578	0.23514	-0.000764388	-0.205876	-0.938997	0.00207795
172	2.51383e-09	0.285307	-1.05767	0.00032426	0.923975	0.250773	-0.00142346
173	2.51383e-09	0.63168	0.902686	-0.000458185	-0.77883	0.548442	0.000989535
174	2.51383e-09	-0.360375	-1.03883	0.00102875	0.902561	-0.310516	0.000326561
175	2.51383e-09	0.900451	-0.600574	-0.0013997	0.540453	0.798104	-0.000896519
176	2.51383e-09	1.07856	0.0466983	-0.00163352	-0.0408983	0.96006	-0.00088972
177	2.51383e-09	-0.783909	0.773843	-0.00247999	-0.668254	-0.679741	-3.51332e-05
178	2.51383e-09	1.03064	-0.34367	0.00109679	0.304655	0.909557	0.000443585
179	2.51383e-09	0.51406	0.959625	-0.000727432	-0.847914	0.449839	-1.47351e-05
180	2.51383e-09	0.858203	0.659089	0.000492917	-0.587319	0.765083	-0.00136273
181	2.51383e-09	-0.219439	1.07329	0.00088694	-0.93768	-0.189949	0.00074458
182	2.51383e-09	0.108569	-1.08165	-0.00264758	0.953878	0.0976099	0.000131661
183	2.51383e-09	-0.10173	-1.10244	-0.00190228	0.946379	-0.0894939	-0.00103769
184	2.51383e-09	-1.0804	-0.231893	1.79816e-06	0.200943	-0.930485	0.000599417
185	2.51383e-09	0.966731	-0.491178	7.39535e-05	0.434242	0.85642	0.00110351
186	2.51383e-09	0.059273	-1.09147	-0.000546219	0.951015	0.0523461	0.000263453
187	2.51383e-09	0.989172	0.426688	-0.00101234	-0.381782	0.88446	-0.00123576
188	2.51383e-09	0.051218	1.08903	6.84358e-05	-0.958331	0.0483815	-8.37705e-05
189	2.51383e-09	0.257349	-1.07079	-0.000556896	0.925744	0.223417	-0.00163753
190	2.51383e-09	-0.535763	-0.97731	0.00111789	0.825803	-0.458127	-0.00152986
191	2.51383e-09	-0.473782	-0.987121	0.00250558	0.859557	-0.416276	0.000672244
192	2.51383e-09	-0.670839	0.878219	-0.00094845	-0.75628	-0.573819	-0.00264432
193	2.51383e-09	0.322819	-1.06201	-0.000308307	0.905577	0.277134	-0.000395908
194	2.51383e-09	0.202864	1.09004	-0.000212743	-0.936455	0.170359	-0.000479402
195	2.51383e-09	1.04279	0.282902	0.00109884	-0.255363	0.930559	-0.00160294
196	2.51383e-09	-1.05938	-0.261908	0.00189758	0.235358	-0.928523	0.000497171
197	2.51383e-09	0.864346	0.683506	-0.000452707	-0.588594	0.746362	0.000628798
198	2.51383e-09	1.10847	0.0286638	-0.00202215	-0.0290901	0.949187	0.000765352
199	2.51383e-09	0.312182	1.05251	0.00210317	-0.91551	0.269083	0.000418755
200	2.51383e-09	-0.207743	-1.0851	0.0017299	0.934496	-0.182569	0.00191354
201	2.51383e-09	0.900864	-0.636006	-0.000963129	0.552366	0.775385	-0.00186959
202	2.51383e-09	-0.132732	1.08632	-0.00170064	-0.951214	-0.116553	-0.00252455
203	2.51383e-09	-0.608282	-0.894087	0.000433546	0.794595	-0.543199	0.000301606
204	2.51383e-09	0.985063	0.494389	0.00113391	-0.426484	0.853417	0.00129779
205	2.51383e-09	1.03737	0.425982	0.0015722	-0.355892	0.875518	6.73227e-05
206	2.51383e-09	-1.05766	0.298524	-0.00019835	-0.255915	-0.920107	-0.00241951
207	2.51383e-09	-0.206742	1.09355	-0.00141403	-0.931074	-0.177553	-0.000651939
208	2.51383e-09	0.568163	-0.933422	-0.00238288	0.815663	0.49793	3.64192e-05
209	2.51383e-09	1.00873	-0.423162	0.000695905	0.366219	0.881597	0.00197528
210	2.51383e-09	0.839087	-0.727423	-0.000507656	0.618869	0.719102	0.00116792
211	2.51383e-09	-0.759285	-0.792778	-0.000410171	0.689095	-0.662761	-0.000136859
212	2.51383e-09	1.11617	-0.130309	-0.000890846	0.108356	0.937254	-0.000668589
213	2.51383e-09	-0.237799	-1.07326	-0.00199144	0.930066	-0.205969	0.000547915
214	2.51383e-09	-0.333793	1.06065	-0.000373268	-0.900567	-0.287223	-0.000773819
215	2.51383e-09	1.1083	-0.100866	0.00100313	0.0801806	0.944395	0.000715295
216	2.51383e-09	1.10347	-0.182634	8.30259e-05	0.159667	0.93086	-0.0015823
217	2.51383e-09	-0.934689	0.618755	0.000746903	-0.523949	-0.78335	-6.21752e-05
218	2.51383e-09	-0.973161	-0.483905	1.73646e-05	0.430527	-0.857295	0.000674447
219	2.51383e-09	0.316398	1.06545	0.000354822	-0.910548	0.271426	-0.000226753
220	2.51383e-09	-1.02417	0.424918	0.00125546	-0.364554	-0.877656	-0.00188736
221	2.51383e-09	-0.939402	0.567273	0.000821333	-0.494688	-0.818861	-0.00097528
222	2.51383e-09	0.397684	1.047	-0.00202441	-0.881077	0.337017	0.000879566
223	2.51383e-09	-0.967696	-0.56579	0.00117276	0.478896	-0.813554	0.00144551
224	2.51383e-09	-0.903583	0.623907	0.00100132	-0.546426	-0.784901	0.000834759
225	2.51383e-09	-0.646329	-0.911318	0.00206325	0.773343	-0.540603	0.00046385
226	2.51383e-09	0.465541	1.0276	-0.0012596	-0.858087	0.387876	-0.000386685
227	2.51383e-09	0.0396592	-1.11076	0.000643737	0.945368	0.0350745	-0.00210335
228	2.51383e-09	1.11366	-0.0999224	-0.000355227	0.0846824	0.941023	0.00145482
229	2.51383e-09	0.0835516	-1.12682	6.17636e-05	0.937516	0.0654476	0.00247974
230	2.51383e-09	0.879724	0.724447	-0.00214796	-0.594244	0.722473	-0.00223649
231	2.51383e-09	-0.784534	0.817303	0.00130777	-0.679929	-0.646787	0.00103079
232	2.51383e-09	1.00602	-0.455921	-0.00228915	0.399233	0.864755	0.00153718
233	2.51383e-09	0.915473	-0.644556	0.000493805	0.54806	0.767035	0.000829335
234	2.51383e-09	-0.294935	-1.08489	0.000349502	0.908949	-0.248884	-0.000600767
235	2.51383e-09	-0.31277	1.06895	0.00496047	-0.909597	-0.269354	0.00204648
236	2.51383e-09	-0.987621	-0.547415	-0.00116015	0.46078	-0.822319	-0.000438785
237	2.51383e-09	-0.281968	-1.09054	-0.000211433	0.910431	-0.236569	-0.000830658
238	2.51383e-09	-1.06593	0.398809	-0.00168947	-0.323696	-0.877388	0.000357146
239	2.51383e-09	1.06151	-0.313634	0.00138298	0.270827	0.911386	0.00123773
240	2.51383e-09	-1.13367	0.0765778	0.00242092	-0.0616356	-0.93405	0.000436037
241	2.51383e-09	1.00585	-0.494335	0.00197681	0.412963	0.849485	-0.00228502
242	2.51383e-09	-0.806129	0.822519	-0.00223017	-0.667844	-0.650956	0.000615321
243	2.51383e-09	-0.0468107	-1.12162	-0.000503017	0.943181	-0.0448276	0.00186717
244	2.51383e-09	-0.0738301	-1.13619	0.000799173	0.933866	-0.0607509	-0.000457992
245	2.51383e-09	1.03512	0.428079	0.000510818	-0.360395	0.874403	-0.00154683
246	2.51383e-09	0.771868	0.80092	-0.00195607	-0.679821	0.663355	-0.00138417
247	2.51383e-09	1.10561	0.0672414	0.000163317	-0.0594449	0.949465	-0.00221264
248	2.51383e-09	0.188218	-1.09513	-2.5668e-05	0.937187	0.160954	0.00161077
249	2.51383e-09	0.567486	-0.967335	0.000509552	0.814504	0.480365	-1.31127e-05
250	2.51383e-09	-0.497202	-1.01287	0.00238616	0.845335	-0.416245	0.000868116
251	2.51383e-09	0.857785	0.731966	8.08061e-05	-0.612102	0.716821	0.00257673
252	2.51383e-09	-0.385174	-1.06091	-0.00135548	0.881533	-0.324643	-0.00141938
253	2.51383e-09	1.1146	0.213976	0.000321814	-0.178233	0.921202	0.00161764
254	2.51383e-09	-0.0794753	-1.12071	0.000385223	0.940546	-0.0714273	-0.001688
255	2.51383e-09	-0.951439	-0.603435	0.00364061	0.503912	-0.798336	-0.00065965
256	2.51383e-09	-1.03273	0.483197	-0.00204803	-0.393563	-0.850255	-0.000761458
257	2.51383e-09	0.870366	0.728078	-0.000853074	-0.60245	0.719137	-3.48462e-05
258	2.51383e-09	0.322886	-1.08926	0.00281357	0.90164	0.261511	-0.00129168
259	2.51383e-09	0.388586	1.06499	-0.00238668	-0.88014	0.324125	-0.00117037
260	2.51383e-09	0.0274235	1.13604	0.0040176	-0.937824	0.0186587	-0.000164263
261	2.51383e-09	0.925295	0.680043	0.00175129	-0.548563	0.752943	0.000350579
262	2.51383e-09	0.419579	-1.02842	-0.00438599	0.879466	0.362459	0.00103287
263	2.51383e-09	-0.950139	-0.622805	0.000169279	0.514423	-0.783136	0.000519981
264	2.51383e-09	0.641237	0.924724	0.000797761	-0.773282	0.541263	4.02953e-05
265	2.51383e-09	0.374874	1.08239	0.000452343	-0.881487	0.308897	0.000956522
266	2.51383e-09	1.13189	0.0373329	0.00131341	-0.0296338	0.940382	2.35032e-06
267	2.51383e-09	0.183156	1.11323	-0.00392142	-0.929259	0.149047	-0.000721952
268	2.51383e-09	0.531804	-0.998068	-0.000546148	0.828654	0.442686	0.000162389
269	2.51383e-09	1.0932	0.305072	0.00131331	-0.252911	0.905926	-0.000551351
270	2.51383e-09	0.679427	-0.905164	-7.00359e-05	0.752094	0.565276	-0.00155986
271	2.51383e-09	1.14674	-0.0975208	0.00113824	0.0766941	0.928599	-0.000503522
272	2.51383e-09	-0.37704	1.07669	-0.00333241	-0.884832	-0.309111	0.00099429
273	2.51383e-09	-0.735081	-0.872361	0.000637462	0.713611	-0.607407	-0.000106637
274	2.51383e-09	0.993637	-0.537799	0.00104089	0.44433	0.826372	0.000113854
275	2.51383e-09	0.629711	-0.938236	-0.00112136	0.7813	0.528238	0.00223864
276	2.51383e-09	1.01908	0.487488	-0.000394523	-0.405176	0.849882	-0.00132286
277	2.51383e-09	-1.04682	-0.467158	-0.000744325	0.383573	-0.850202	0.000480573
278	2.51383e-09	1.14112	0.119291	0.000797952	-0.0930232	0.927434	-0.00014826
279	2.51383e-09	1.11363	-0.246206	-7.01682e-05	0.205684	0.915479	0.000128722
280	2.51383e-09	1.15519	0.140838	0.00180409	-0.112225	0.919907	-0.000953326
281	2.51383e-09	1.04917	0.458786	-0.00080402	-0.378364	0.85277	-3.20162e-05
282	2.51383e-09	-1.14045	-0.0618146	-0.00236218	0.0481314	-0.935161	-0.00146941
283	2.51383e-09	0.748256	-0.84746	0.00112267	0.708142	0.620843	0.000922944
284	2.51383e-09	-0.400447	1.08367	0.00095919	-0.872452	-0.324355	0.00124009
285	2.51383e-09	1.15871	0.0335382	-0.00182598	-0.0326638	0.92804	0.000519123
286	2.51383e-09	0.603501	-0.957485	0.000759064	0.794724	0.500164	-0.00126685
287	2.51383e-09	-0.263229	-1.11106	3.11062e-05	0.911953	-0.212267	-0.000517496
288	2.51383e-09	-0.0404521	-1.14949	-0.00130779	0.931947	-0.0315267	0.000614072
289	2.51383e-09	0.982269	0.610015	-0.00333893	-0.489711	0.789228	-0.000458924
290	2.51383e-09	-0.834305	-0.781686	0.00293594	0.638947	-0.682593	-0.000265974
291	2.51383e-09	0.280752	1.11208	0.0017143	-0.904888	0.226854	-0.000884356
292	2.51383e-09	1.14161	0.158805	0.00241967	-0.127921	0.924945	0.00112039
293	2.51383e-09	-1.11801	0.25398	0.0012276	-0.207692	-0.909197	0.00222559
294	2.51383e-09	-0.467837	1.063	0.00285934	-0.848348	-0.378294	-0.000156306
295	2.51383e-09	-1.05963	-0.408435	-0.00158677	0.340747	-0.875549	-0.00199089
296	2.51383e-09	0.168563	1.13976	0.000929894	-0.923861	0.133954	3.92211e-05
297	2.51383e-09	-1.0063	0.556894	-4.72521e-05	-0.451326	-0.814177	-0.000718437
298	2.51383e-09	1.06949	0.434377	-0.000449391	-0.347484	0.863815	-0.000635149
299	2.51383e-09	-0.611185	0.98	-0.00258871	-0.787188	-0.500868	0.00216936
300	2.51383e-09	0.437361	-1.07911	-5.64738e-05	0.86048	0.343259	0.00082232
301	2.51383e-09	-0.461487	-1.04965	0.000250936	0.857969	-0.377411	-0.00230343
302	2.51383e-09	0.00553758	-1.16023	-0.00327154	0.930682	0.00521323	-0.00220497
303	2.51383e-09	-1.15303	-0.0655589	0.00336473	0.0575489	-0.927347	-0.000764577
304	2.51383e-09	-0.710045	-0.920946	0.00274729	0.735539	-0.564332	-0.00169324
305	2.51383e-09	-0.745042	-0.866503	-0.002715	0.707608	-0.61116	-0.00107962
306	2.51383e-09	-0.508304	1.03398	-0.000163155	-0.836708	-0.413919	-0.00237417
307	2.51383e-09	-0.858187	-0.764845	-0.00165571	0.621226	-0.696165	0.000220093
308	2.51383e-09	-1.14641	0.183106	-0.00192655	-0.145156	-0.91808	-0.000553858
309	2.51383e-09	-0.279006	-1.11388	-0.00086486	0.904614	-0.229978	0.00112465
310	2.51383e-09	0.379705	-1.08905	0.000524151	0.876019	0.311256	-0.000951141
311	2.51383e-09	-0.55231	-1.01828	0.00228897	0.816582	-0.440189	-0.000717822
312	2.51383e-09	-1.16519	-0.0449353	0.00191649	0.0366132	-0.924856	0.00162399
313	2.51383e-09	0.0413109	1.15536	-0.00142511	-0.928886	0.0323691	-0.00184136
314	2.51383e-09	-0.869254	-0.755792	0.000451527	0.612393	-0.703023	0.000513541
315	2.51383e-09	-1.05752	0.49904	0.000419414	-0.397498	-0.834396	-0.00177351
316	2.51383e-09	1.15974	-0.108284	0.000114499	0.0880973	0.922415	-0.00139782
317	2.51383e-09	-0.917984	-0.705179	-0.00189795	0.563552	-0.73706	4.71235e-05
318	2.51383e-09	-0.681545	0.932707	0.00284681	-0.753842	-0.548236	0.00122161
319	2.51383e-09	-1.14661	-0.190125	0.00140902	0.152884	-0.915247	0.00224611
320	2.51383e-09	-0.243749	-1.16007	-0.000188147	0.89596	-0.191221	-0.000406455
321	2.51383e-09	0.821897	-0.819932	0.00119084	0.657543	0.657712	-6.36982e-05
322	2.51383e-09	0.873539	0.778896	0.000781192	-0.616182	0.685203	0.000443475
323	2.51383e-09	1.16482	0.124166	0.00304657	-0.102766	0.918635	-0.000343764
324	2.51383e-09	-1.17333	-0.0767053	-0.00233228	0.0578784	-0.921181	0.00090921
325	2.51383e-09	-0.163569	-1.15969	-0.00172413	0.913817	-0.127967	-6.21655e-05
326	2.51383e-09	-0.174836	1.15689	-0.00215569	-0.91467	-0.142561	-0.00174066
327	2.51383e-09	1.17515	-0.0866641	-0.000181413	0.0661176	0.919515	-0.00252742
328	2.51383e-09	1.11206	0.291848	-0.000594647	-0.236653	0.904149	-0.000503674
329	2.51383e-09	-1.18629	-0.0529797	0.00171818	0.0351521	-0.917619	0.00250065
330	2.51383e-09	-0.312577	1.11949	-0.000966478	-0.892359	-0.248727	0.000315248
331	2.51383e-09	0.123635	-1.1467	-0.000558967	0.92829	0.100335	0.0006201
332	2.51383e-09	-0.870556	-0.771174	-0.000464142	0.613603	-0.6931	-0.000397495
333	2.51383e-09	0.107673	-1.17106	-0.000423091	0.919304	0.0825153	0.000874615
334	2.51383e-09	-0.305501	-1.1362	-0.000965423	0.889403	-0.238705	0.00059808
335	2.51383e-09	1.16703	0.152197	-0.0008809	-0.122468	0.915046	-0.001026
336	2.51383e-09	0.537424	-1.04157	-0.000469629	0.822253	0.423633	0.00106021
337	2.51383e-09	0.813323	-0.840631	-0.00172151	0.666036	0.643528	-0.00110797
338	2.51383e-09	0.745819	0.904169	0.000358222	-0.714653	0.584375	0.00128996
339	2.51383e-09	1.14914	-0.313969	-0.00233496	0.239032	0.884685	-0.000882734
340	2.51383e-09	0.103505	-1.17972	-0.00085928	0.916104	0.0814304	-8.7481e-05
341	2.51383e-09	1.17976	-0.138351	0.000185706	0.105785	0.907766	-0.000964952
342	2.51383e-09	-1.165	0.0634984	-0.000480234	-0.0507908	-0.925475	0.00108706
343	2.51383e-09	-0.129865	1.16124	0.00271198	-0.917953	-0.10617	0.000182966
344	2.51383e-09	-0.289996	-1.14687	-0.000635518	0.889726	-0.224287	0.000984249
345	2.51383e-09	-0.400702	-1.0996	-0.00122279	0.868725	-0.315463	0.00178467
346	2.51383e-09	1.1198	0.27737	0.00176434	-0.225603	0.904905	-0.00097186
347	2.51383e-09	-1.15717	-0.185039	-0.0015589	0.142144	-0.912384	-0.000395811
348	2.51383e-09	0.966676	0.686199	0.00126716	-0.52888	0.751337	-0.000286248
349	2.51383e-09	-0.428389	1.09717	0.00268449	-0.858475	-0.330381	-0.00077519
350	2.51383e-09	-0.575305	1.02353	-0.00138516	-0.803636	-0.45074	0.000377848
351	2.51383e-09	-1.07533	-0.508007	0.000533089	0.389098	-0.827522	-0.000773443
352	2.51383e-09	1.1772	-0.100866	-0.000642839	0.0783081	0.916748	0.00356838
353	2.51383e-09	0.449204	-1.10487	0.00114258	0.848934	0.342325	0.00030164
354	2.51383e-09	1.16812	0.217873	0.00177689	-0.169031	0.902359	0.000352177
355	2.51383e-09	0.693005	0.928199	-0.000979673	-0.746168	0.556248	0.000832229
356	2.51383e-09	-0.554459	-1.04487	0.000633413	0.811702	-0.433048	-0.000754155
357	2.51383e-09	-1.17296	-0.144876	-0.000855735	0.113625	-0.911878	-0.00102046
358	2.51383e-09	1.18727	-0.159172	-0.00216715	0.12331	0.906002	-0.00104543
359	2.51383e-09	1.15273	-0.332296	-4.12538e-05	0.259105	0.874791	-0.000195918
360	2.51383e-09	-0.0421339	-1.1656	0.00285198	0.924071	-0.0321014	0.000938973
361	2.51383e-09	-0.401074	1.10277	0.000908812	-0.867614	-0.314959	0.000580924
362	2.51383e-09	0.740976	0.916671	-0.00178495	-0.717545	0.577489	0.000890585
363	2.51383e-09	0.720923	-0.925133	0.000214751	0.731429	0.569361	-0.000925088
364	2.51383e-09	0.189656	-1.15408	0.00142122	0.913368	0.144147	0.00133944
365	2.51383e-09	0.795811	-0.889037	0.000825956	0.680313	0.610462	-0.000972824
366	2.51383e-09	-1.17683	-0.162626	0.00269072	0.127323	-0.907854	-0.000854235
367	2.51383e-09	-0.729925	-0.945081	-0.00103902	0.725989	-0.556306	-0.000242861
368	2.51383e-09	-1.0627	0.537989	-0.00222748	-0.417138	-0.81572	0.00070516
369	2.51383e-09	1.18491	0.197256	-0.000872346	-0.151201	0.898246	0.000876615
370	2.51383e-09	0.777282	0.909255	-0.00201576	-0.694388	0.592413	-0.000301486
371	2.51383e-09	-1.1488	0.333697	0.00313111	-0.256071	-0.880003	0.000611337
372	2.51383e-09	-0.796658	0.872102	-0.000203526	-0.678491	-0.622037	-0.000373115
373	2.51383e-09	0.518604	1.06978	0.000203182	-0.826194	0.400009	0.000702943
374	2.51383e-09	1.02722	-0.618779	-0.000743881	0.470788	0.784017	0.000888938
375	2.51383e-09	-0.614225	-1.02029	-0.000587536	0.78686	-0.471506	0.000980126
376	2.51383e-09	0.983662	-0.66615	0.000956069	0.520645	0.755428	-2.04879e-05
377	2.51383e-09	0.355675	1.12941	-0.000871821	-0.878811	0.276899	0.00106952
378	2.51383e-09	1.19826	0.0794126	-0.00228293	-0.0590432	0.910237	0.00129847
379	2.51383e-09	-1.09455	0.465276	0.000390531	-0.352143	-0.843962	0.000515462
380	2.51383e-09	-0.811749	0.864496	-0.00278539	-0.668812	-0.628592	0.00116656
381	2.51383e-09	0.649847	-0.986745	-0.000375212	0.769519	0.507411	0.00142693
382	2.51383e-09	0.888934	-0.793126	0.00152677	0.607743	0.685312	0.000910226
383	2.51383e-09	-0.669717	0.959163	-0.000746173	-0.758974	-0.531227	0.00261116
384	2.51383e-09	-1.20207	0.0943166	0.000438375	-0.0753324	-0.907366	0.00249702
385	2.51383e-09	-0.219825	1.16453	-0.000593973	-0.902477	-0.168798	-0.00120165
386	2.51383e-09	-0.995444	-0.694305	-0.000826943	0.518329	-0.741744	0.000103104
387	2.51383e-09	-0.70606	-0.971318	-0.000473964	0.739303	-0.534531	0.00164952
388	2.51383e-09	-0.216399	-1.18887	-0.00189708	0.891366	-0.164788	9.24258e-05
389	2.51383e-09	1.09664	0.485767	0.000781016	-0.367945	0.834966	-0.000200809
390	2.51383e-09	-1.1958	0.0303886	0.000373173	-0.0221627	-0.912661	-0.000395753
391	2.51383e-09	1.18274	-0.271644	-0.00122081	0.20462	0.882647	0.000685419
392	2.51383e-09	-1.05121	0.59438	-0.00139469	-0.445945	-0.791832	0.00193209
393	2.51383e-09	0.65565	-1.01095	0.00130058	0.766643	0.493885	-0.00148094
394	2.51383e-09	-0.428906	-1.1144	0.000210966	0.856544	-0.324351	-0.000699848
395	2.51383e-09	-1.0643	-0.555091	0.00149322	0.423747	-0.809865	6.59468e-05
396	2.51383e-09	-0.472845	-1.11156	0.0017912	0.833679	-0.358834	-0.000875799
397	2.51383e-09	-0.501889	-1.09658	0.00246316	0.827196	-0.378644	0.00227008
398	2.51383e-09	1.20049	-0.158591	0.000405753	0.123509	0.899908	0.00177176
399	2.51383e-09	-0.1306	1.19152	0.00216842	-0.909291	-0.0990364	-0.00167975
400	2.51383e-09	-0.136414	1.18884	0.00189186	-0.90609	-0.108673	-0.000451702
