8.623999e+03
401
0	1	0.000398005	0.000246961	-3.63265e-07	1.42466e-08	-4.27729e-08	-6.84462e-12
1	2.51383e-09	0.779086	-0.643487	0.00137827	0.638761	0.764017	-0.00181006
2	2.51383e-09	0.817318	0.589392	-0.00109612	-0.583025	0.803924	-0.000257049
3	2.51383e-09	0.931803	0.344732	0.000693323	-0.343787	0.943829	0.00123592
4	2.51383e-09	-0.602892	0.807286	-0.00136615	-0.795893	-0.596869	-0.00192005
5	2.51383e-09	0.609052	-0.782312	-0.00121017	0.795939	0.615781	0.000371228
6	2.51383e-09	-0.531762	0.862045	-0.00314203	-0.845374	-0.520403	-0.000432917
7	2.51383e-09	0.677594	0.739101	-0.00116294	-0.733664	0.674376	-0.00244298
8	2.51383e-09	0.325429	-0.937464	-0.00074346	0.950169	0.328222	-0.000582931
9	2.51383e-09	0.287097	-0.959132	-0.000245828	0.959473	0.286625	-0.000505752
10	2.51383e-09	0.349784	-0.954757	-0.000594691	0.930956	0.340437	0.000242143
11	2.51383e-09	0.485858	0.875642	-0.000619637	-0.873309	0.486047	0.000339504
12	2.51383e-09	0.390507	-0.945762	0.0018512	0.911416	0.377992	0.00070059
13	2.51383e-09	0.182039	0.987052	-0.000878354	-0.981964	0.183251	0.000496193
14	2.51383e-09	0.835929	-0.575999	0.00369921	0.563026	0.815997	-0.0010128
15	2.51383e-09	0.417997	-0.903797	0.0016517	0.913947	0.420857	-0.000445362
16	2.51383e-09	0.0421987	-1.00432	-0.0012788	0.99322	0.041768	-0.00113335
17	2.51383e-09	0.809767	0.610327	-0.0014965	-0.603114	0.787582	0.000689534
18	2.51383e-09	-0.943915	-0.366535	0.00168266	0.361878	-0.928613	-0.000412377
19	2.51383e-09	0.00633131	1.01104	-0.0014155	-0.998176	0.0128014	0.0029462
20	2.51383e-09	0.900356	-0.498702	-0.00100129	0.477292	0.86148	-0.00341762
21	2.51383e-09	-0.722504	-0.701081	0.00293898	0.693546	-0.71391	-0.00119423
22	2.51383e-09	-0.108264	1.02154	-0.00272617	-0.983184	-0.100643	-0.000750469
23	2.51383e-09	0.569505	0.839348	-0.00232786	-0.818508	0.559749	-0.000530313
24	2.51383e-09	0.442382	-0.909214	-0.000109165	0.892005	0.440081	-0.00181214
25	2.51383e-09	-0.0719857	-1.02062	0.00183914	0.98257	-0.0733328	-0.00193095
26	2.51383e-09	1.00385	0.152271	-0.000734529	-0.147376	0.983647	0.000891811
27	2.51383e-09	-0.91374	-0.396932	-6.44152e-05	0.400864	-0.920716	0.00305282
28	2.51383e-09	-0.361018	0.937061	0.0008786	-0.930394	-0.363541	0.00301373
29	2.51383e-09	1.01188	-0.0692706	-0.000747761	0.0671038	0.989936	0.00194086
30	2.51383e-09	0.707633	0.723137	0.00223853	-0.711231	0.695653	-0.000175924
31	2.51383e-09	-0.978167	-0.243974	0.00370517	0.24025	-0.966572	-0.000868342
32	2.51383e-09	-0.0030621	1.00469	0.0042504	-0.999168	-0.00218154	-0.000107609
33	2.51383e-09	0.69518	-0.751801	0.00102102	0.734059	0.664676	-0.000361316
34	2.51383e-09	1.00254	0.257687	0.00166056	-0.246654	0.952249	-0.00256433
35	2.51383e-09	0.956942	0.339294	-0.00066352	-0.334881	0.93602	0.00308768
36	2.51383e-09	1.00148	-0.0155794	0.000462662	0.0192413	1.00408	0.00228781
37	2.51383e-09	-0.134259	-1.00729	0.00158835	0.984419	-0.13079	-0.00150914
38	2.51383e-09	1.00951	0.00977274	0.00187632	-0.0119274	0.993609	0.00193522
39	2.51383e-09	0.685573	-0.759577	2.26851e-05	0.72916	0.661164	0.00118734
40	2.51383e-09	0.75334	0.679778	0.00146906	-0.667874	0.73288	-0.00126147
41	2.51383e-09	-1.01242	0.0449393	0.00345023	-0.0440792	-0.99272	-0.00124491
42	2.51383e-09	0.682427	-0.78099	-0.00176632	0.741954	0.642269	0.00189543
43	2.51383e-09	0.79742	-0.633502	-0.000368901	0.615037	0.77275	0.00290138
44	2.51383e-09	0.954868	0.409204	0.00176447	-0.383886	0.901729	-0.000606236
45	2.51383e-09	1.02593	-0.00484299	-0.000963987	0.00558237	0.986584	-0.00241096
46	2.51383e-09	0.660037	0.773242	-0.00093971	-0.752316	0.647457	0.000150369
47	2.51383e-09	0.856696	-0.555325	0.00100904	0.537714	0.829451	0.00143865
48	2.51383e-09	0.596417	0.839065	0.00161698	-0.803317	0.571944	-0.000356657
49	2.51383e-09	-0.194527	-0.988548	-0.00175877	0.976653	-0.193602	0.00265876
50	2.51383e-09	0.317826	0.99517	-0.00297755	-0.932421	0.297513	-0.00130346
51	2.51383e-09	0.221075	0.985965	0.000314201	-0.970161	0.217748	-0.00221687
52	2.51383e-09	0.179972	1.0209	0.000816607	-0.964727	0.170474	0.00158495
53	2.51383e-09	1.02999	-0.0222405	-0.000497342	0.0207835	0.984148	-0.00280943
54	2.51383e-09	-1.02981	0.0412224	-0.000861695	-0.0399047	-0.981734	0.00108509
55	2.51383e-09	-0.487394	-0.918118	0.000233874	0.863571	-0.462108	-0.000204647
56	2.51383e-09	0.24806	0.991313	0.000402047	-0.96211	0.23826	0.000183407
57	2.51383e-09	0.95093	0.439039	-0.000737425	-0.412416	0.887236	-0.000752791
58	2.51383e-09	-0.921857	-0.490176	0.00253737	0.456707	-0.864286	0.000974033
59	2.51383e-09	1.02892	-0.0675407	-0.00306045	0.0604216	0.982568	0.00127831
60	2.51383e-09	0.954668	-0.401867	-0.000120817	0.381392	0.903168	-0.00167636
61	2.51383e-09	0.898641	-0.498865	0.000138404	0.481591	0.864576	-0.00341381
62	2.51383e-09	0.194477	-1.01889	0.000221213	0.964987	0.182999	-0.00105107
63	2.51383e-09	-0.399293	-0.944318	-0.00039149	0.909643	-0.386853	-0.00122754
64	2.51383e-09	-0.937107	-0.410692	-0.000340403	0.397444	-0.909052	-0.00116224
65	2.51383e-09	-0.834946	-0.593897	-0.0004431	0.568825	-0.806772	-3.04916e-05
66	2.51383e-09	-0.45935	0.931497	0.00170649	-0.877623	-0.428614	-0.00140607
67	2.51383e-09	0.760865	-0.718679	-0.000425406	0.669025	0.71321	-0.00181829
68	2.51383e-09	0.82971	-0.617024	0.00260526	0.587132	0.788743	0.000706023
69	2.51383e-09	0.500909	-0.907113	-0.00291633	0.859633	0.479026	0.00183682
70	2.51383e-09	0.0445517	-1.02459	0.000254986	0.986551	0.043604	-0.000630272
71	2.51383e-09	-1.02363	-0.173865	-0.00542202	0.16765	-0.966688	-0.00108136
72	2.51383e-09	1.04151	-0.192608	0.00095923	0.171223	0.957237	-0.0022305
73	2.51383e-09	-0.453118	-0.935414	-0.000573577	0.880803	-0.428865	0.00272549
74	2.51383e-09	-0.822057	-0.674024	0.00251714	0.615024	-0.745983	-0.000677909
75	2.51383e-09	-0.939341	-0.463376	-0.000411856	0.431187	-0.875376	-0.000410157
76	2.51383e-09	0.964064	0.434857	-0.00119308	-0.399057	0.882849	-0.00313118
77	2.51383e-09	0.880647	-0.595215	-0.0014389	0.546107	0.800263	0.000179765
78	2.51383e-09	-0.380386	-0.9723	-0.00325828	0.913446	-0.349561	-0.00237769
79	2.51383e-09	0.429015	-0.942683	-0.00062369	0.891025	0.41113	0.00503744
80	2.51383e-09	-0.243607	-1.01048	-0.000532573	0.954555	-0.224989	0.000564347
81	2.51383e-09	0.522996	0.883709	7.75087e-05	-0.846603	0.506386	0.00012034
82	2.51383e-09	-0.957072	-0.433164	0.00163383	0.401065	-0.891379	0.000815459
83	2.51383e-09	-0.657632	-0.784857	-0.00192376	0.759544	-0.63524	-0.000991179
84	2.51383e-09	-1.02914	0.159267	0.000134063	-0.154583	-0.967435	0.00034532
85	2.51383e-09	-1.02549	-0.0272207	0.0001788	0.026115	-0.985775	-0.00164271
86	2.51383e-09	0.72002	0.7745	-0.000660372	-0.706288	0.665755	-0.000439623
87	2.51383e-09	-0.574367	-0.880901	-0.000899322	0.813525	-0.531867	0.000187196
88	2.51383e-09	-0.599738	-0.845348	0.00170372	0.799632	-0.56852	0.00166783
89	2.51383e-09	-0.988234	-0.365586	0.00264413	0.341873	-0.911675	-0.00162536
90	2.51383e-09	0.957682	-0.419236	-0.0015228	0.396155	0.895614	-0.00336519
91	2.51383e-09	0.472887	0.916017	0.00382638	-0.877057	0.44519	0.00211366
92	2.51383e-09	1.04579	-0.129415	-0.00113145	0.122277	0.966078	0.000873248
93	2.51383e-09	-0.202489	1.04056	-0.00173846	-0.955177	-0.184156	-0.000523922
94	2.51383e-09	-0.996992	-0.280143	-0.00218911	0.267339	-0.945769	0.0024215
95	2.51383e-09	0.22735	-1.00228	-0.000246945	0.963172	0.213379	-0.00065204
96	2.51383e-09	0.615792	0.852054	0.00152522	-0.788718	0.576593	-0.00273379
97	2.51383e-09	0.884693	0.577393	0.00190503	-0.527551	0.814562	0.000827889
98	2.51383e-09	-0.698802	0.786484	-0.00214239	-0.729634	-0.645866	-0.000871982
99	2.51383e-09	-1.05199	-0.130802	0.00187419	0.125514	-0.96616	-0.000991355
100	2.51383e-09	0.207803	-1.04477	0.000638391	0.946112	0.18602	-0.000244209
101	2.51383e-09	1.00799	-0.225028	-0.000535399	0.213936	0.96053	-0.000825887
102	2.51383e-09	-0.845149	-0.584652	-0.000646906	0.564191	-0.810632	-0.00132092
103	2.51383e-09	0.535558	0.90011	0.00292497	-0.841258	0.496918	0.000139423
104	2.51383e-09	-1.03862	0.118519	0.000904891	-0.116735	-0.970552	0.000469173
105	2.51383e-09	0.144397	1.03092	-0.00195665	-0.968883	0.136065	-0.000607958
106	2.51383e-09	0.675748	-0.802357	7.07922e-05	0.746652	0.627313	0.00253988
107	2.51383e-09	0.128224	-1.04861	-0.00177666	0.966604	0.114356	0.00016434
108	2.51383e-09	0.3288	1.01201	0.000624308	-0.921742	0.304687	0.000569293
109	2.51383e-09	1.05817	0.118695	-0.00104281	-0.115119	0.961736	0.00174753
110	2.51383e-09	-0.853423	0.614486	0.00176384	-0.57424	-0.789931	-0.00274254
111	2.51383e-09	-1.03958	0.185847	0.000611521	-0.169739	-0.95978	-0.00352093
112	2.51383e-09	-1.00101	0.361773	0.00169785	-0.324543	-0.914667	0.000786185
113	2.51383e-09	0.691326	-0.796923	-0.00105308	0.738907	0.636949	0.00102432
114	2.51383e-09	-0.914253	-0.521181	-0.000607132	0.481644	-0.847191	-0.00112019
115	2.51383e-09	-0.104726	1.06318	-0.00287031	-0.96593	-0.0950652	-0.00229399
116	2.51383e-09	-0.539908	0.898056	0.00298229	-0.841027	-0.501023	0.00156896
117	2.51383e-09	1.01063	0.318773	-0.00113646	-0.289313	0.927348	-0.000709246
118	2.51383e-09	0.99352	0.362433	0.000161665	-0.335588	0.914776	0.00086882
119	2.51383e-09	-0.00386815	-1.05405	-0.000335925	0.971216	-0.00577325	0.00415658
120	2.51383e-09	0.713182	-0.777101	-0.000940133	0.716067	0.655968	-0.0011838
121	2.51383e-09	-0.455697	-0.95817	-8.05722e-05	0.879794	-0.416877	-0.00316876
122	2.51383e-09	-0.594826	0.895474	0.000660326	-0.806194	-0.529394	0.00217648
123	2.51383e-09	0.514236	-0.902176	0.00178903	0.856022	0.482961	-0.00220219
124	2.51383e-09	1.06632	0.146796	-0.00211758	-0.132389	0.955054	0.00202428
125	2.51383e-09	0.632028	0.826985	0.00211894	-0.781243	0.5965	-0.000853158
126	2.51383e-09	-0.422832	0.971266	0.00087862	-0.893658	-0.38339	0.0022894
127	2.51383e-09	1.04697	0.0391038	0.000198366	-0.0329322	0.978948	-0.00164182
128	2.51383e-09	-1.05709	-0.157126	0.00293046	0.145585	-0.956881	0.00186119
129	2.51383e-09	0.427164	-0.96869	0.00180601	0.88782	0.394336	-0.00316545
130	2.51383e-09	1.0348	-0.225784	0.00290004	0.208202	0.952114	-0.0012569
131	2.51383e-09	-1.06064	-0.251839	-0.00168781	0.21867	-0.932083	-0.000512313
132	2.51383e-09	-1.06392	-0.139551	-0.00108471	0.127078	-0.954254	-0.000583933
133	2.51383e-09	0.571172	0.898659	-0.000356357	-0.820203	0.519549	-0.0014209
134	2.51383e-09	0.917589	-0.51891	0.00109978	0.483014	0.84769	0.000255684
135	2.51383e-09	-0.438798	0.956203	-0.00228089	-0.887591	-0.405827	0.00237929
136	2.51383e-09	-0.0551179	-1.07872	-0.00165653	0.962688	-0.0531607	-0.00201212
137	2.51383e-09	-0.459217	0.965359	0.00143427	-0.870855	-0.41573	-0.00135111
138	2.51383e-09	-1.04463	0.159053	-0.00125562	-0.147908	-0.963274	0.00112755
139	2.51383e-09	0.134777	-1.05671	-0.00271821	0.960011	0.121167	0.00291681
140	2.51383e-09	1.05353	-0.279984	0.000380734	0.239632	0.926474	0.000137416
141	2.51383e-09	-1.07231	-0.0340217	0.000171675	0.0306571	-0.963548	0.00221583
142	2.51383e-09	0.938354	-0.51319	0.00175008	0.471785	0.847421	-0.00133414
143	2.51383e-09	-0.0848761	1.07944	0.000615968	-0.954405	-0.0770831	0.00157861
144	2.51383e-09	-0.671056	0.852453	-0.000917571	-0.755955	-0.591668	-0.00207071
145	2.51383e-09	0.802577	-0.685249	-0.00013688	0.631108	0.741914	-0.00102437
146	2.51383e-09	-1.04872	-0.356525	-0.00375755	0.301858	-0.897733	-0.00057923
147	2.51383e-09	-0.799701	0.727976	-7.59368e-05	-0.650167	-0.709139	0.00262873
148	2.51383e-09	-0.215229	1.06391	0.00132186	-0.940998	-0.186463	0.000464965
149	2.51383e-09	-0.957642	-0.422084	0.00269061	0.398627	-0.897775	0.000695377
150	2.51383e-09	-0.930819	0.523363	0.0011721	-0.470742	-0.849578	0.000719449
151	2.51383e-09	-0.860811	-0.652072	-0.0015372	0.583165	-0.765082	0.000515224
152	2.51383e-09	-0.690808	-0.804875	-0.000980166	0.741107	-0.636533	-0.000525172
153	2.51383e-09	-0.7158	-0.815722	-0.000966146	0.720045	-0.633609	0.000619654
154	2.51383e-09	-1.02907	0.411226	-0.000292242	-0.354185	-0.880014	-0.00278442
155	2.51383e-09	0.590536	0.90143	-0.000123964	-0.809665	0.522347	-0.00250071
156	2.51383e-09	-0.043135	-1.08415	-0.00239044	0.961893	-0.0349667	0.00118087
157	2.51383e-09	-1.04355	0.205215	0.000363692	-0.18168	-0.952772	-0.000490763
158	2.51383e-09	-1.06965	0.233057	0.00439161	-0.199023	-0.934558	0.00234807
159	2.51383e-09	0.320806	1.02373	0.00040723	-0.922778	0.285116	0.000984416
160	2.51383e-09	0.663886	0.851355	-0.000833009	-0.758964	0.590995	-0.00275201
161	2.51383e-09	0.992844	0.440214	-0.00300483	-0.389349	0.877774	0.000568543
162	2.51383e-09	-0.14292	-1.06975	-0.00285407	0.953838	-0.127577	0.0027278
163	2.51383e-09	0.811644	-0.720549	-0.000860869	0.636897	0.716309	-0.000369836
164	2.51383e-09	0.735474	0.779922	-0.000339068	-0.700747	0.66596	0.00220897
165	2.51383e-09	1.08742	-0.1596	0.0014678	0.139666	0.945321	0.00227932
166	2.51383e-09	1.08226	-0.153468	0.00100326	0.131435	0.94397	0.00122037
167	2.51383e-09	0.443891	-0.972048	-0.0022564	0.882709	0.393211	0.00310111
168	2.51383e-09	-0.00550064	-1.08476	0.00168547	0.961744	-0.00603721	-0.000644901
169	2.51383e-09	-0.701184	-0.832889	0.00131988	0.732176	-0.614805	-0.000965062
170	2.51383e-09	-1.0912	0.0280792	-0.0031543	-0.0242395	-0.955033	0.00184344
171	2.51383e-09	1.02388	0.380224	0.00261049	-0.336395	0.895326	0.0019937
172	2.51383e-09	0.995646	0.504312	0.00168065	-0.430045	0.842536	-0.000241734
173	2.51383e-09	1.10699	0.0181888	0.00284867	-0.0142216	0.949485	-0.00195326
174	2.51383e-09	1.00963	0.455899	-0.00227114	-0.392233	0.862947	0.00013357
175	2.51383e-09	-1.07335	-0.144845	0.00140464	0.131136	-0.95473	0.00150169
176	2.51383e-09	-0.730478	-0.790223	0.00138133	0.709753	-0.653412	-0.00101843
177	2.51383e-09	-0.402905	-1.04231	0.00184379	0.883582	-0.339248	-0.00175116
178	2.51383e-09	0.832285	0.682991	-0.00066946	-0.61163	0.745715	-0.000553754
179	2.51383e-09	-0.534527	-0.963841	0.000701068	0.829737	-0.46467	0.003612
180	2.51383e-09	1.06733	0.174984	0.000884771	-0.157999	0.948724	0.002793
181	2.51383e-09	0.789687	0.761304	0.00029846	-0.66298	0.689316	-0.00216867
182	2.51383e-09	0.733735	-0.81187	0.00150776	0.710165	0.640045	-0.000410628
183	2.51383e-09	-0.95758	-0.53723	0.000860548	0.463089	-0.832652	-0.000685393
184	2.51383e-09	0.875826	-0.685336	-0.00283095	0.584686	0.745895	-0.0013547
185	2.51383e-09	0.227222	1.06869	0.00116505	-0.935988	0.194956	-5.26793e-05
186	2.51383e-09	-0.24946	-1.06298	0.00168776	0.928631	-0.222608	0.000592041
187	2.51383e-09	-1.03587	0.249904	0.00186392	-0.230607	-0.940106	-0.00347045
188	2.51383e-09	-1.1008	-0.135721	0.000393978	0.115046	-0.940707	-0.00304191
189	2.51383e-09	0.866539	-0.666643	-0.00012337	0.582821	0.757412	0.00266618
190	2.51383e-09	0.470812	-1.00469	0.00216835	0.855134	0.403236	0.00070166
191	2.51383e-09	0.21657	1.06586	0.0023717	-0.941892	0.189816	-0.00260315
192	2.51383e-09	1.08923	0.13356	-0.000478134	-0.117496	0.948626	0.00203297
193	2.51383e-09	-1.02254	0.417266	-0.000422709	-0.362585	-0.88027	-0.00185427
194	2.51383e-09	1.01319	-0.474788	-0.00128191	0.400137	0.856284	0.000265494
195	2.51383e-09	-0.488514	-0.967931	-0.000110464	0.856628	-0.433991	0.00108129
196	2.51383e-09	0.272462	-1.04908	-0.000574214	0.934443	0.235606	0.00323187
197	2.51383e-09	1.01323	0.385521	-0.00280541	-0.340592	0.898289	-0.00106991
198	2.51383e-09	-0.967463	-0.550348	-4.53639e-05	0.470083	-0.821366	0.00200464
199	2.51383e-09	-0.337276	-1.0442	-0.000413678	0.909855	-0.293028	-0.00308849
200	2.51383e-09	0.940725	0.59795	2.69991e-05	-0.504769	0.802348	0.000773729
201	2.51383e-09	-0.263314	-1.06857	0.00191695	0.926331	-0.227301	0.00143231
202	2.51383e-09	0.338706	1.0348	0.00131173	-0.914552	0.295924	0.00181017
203	2.51383e-09	-1.01151	-0.393837	-0.000347049	0.347812	-0.894793	0.00212177
204	2.51383e-09	-0.402127	1.01649	0.000262479	-0.892316	-0.354332	0.000227555
205	2.51383e-09	-0.727488	0.849055	0.00159792	-0.720987	-0.615404	0.000834412
206	2.51383e-09	0.743299	0.804523	-0.00207473	-0.701029	0.650138	0.000740426
207	2.51383e-09	-0.746076	-0.828603	0.00148219	0.701246	-0.63676	-9.17236e-05
208	2.51383e-09	1.08938	-0.0968777	-0.00135714	0.0840807	0.954645	-0.00198704
209	2.51383e-09	0.38951	1.02873	-0.00201022	-0.893888	0.334943	0.000987466
210	2.51383e-09	-0.322238	1.05549	-0.000984279	-0.911384	-0.278854	-0.000494153
211	2.51383e-09	0.22808	1.07283	-0.00229531	-0.933805	0.203721	0.00145102
212	2.51383e-09	-0.350673	1.06906	-0.000366575	-0.896448	-0.291885	-0.0031966
213	2.51383e-09	0.774556	-0.790468	-0.00150903	0.677808	0.667045	0.000659086
214	2.51383e-09	0.0863684	1.10502	-1.74802e-05	-0.942877	0.0752296	0.00133341
215	2.51383e-09	-1.06043	-0.336265	0.0038675	0.281619	-0.906169	0.000578249
216	2.51383e-09	0.671646	-0.893075	-0.000430448	0.760218	0.564677	0.000166768
217	2.51383e-09	-0.238343	1.09757	-0.00341999	-0.923074	-0.199476	-0.000468436
218	2.51383e-09	0.0416458	-1.0807	-0.00213358	0.959712	0.0424056	0.00118737
219	2.51383e-09	1.08511	-0.322292	-0.00165953	0.266274	0.902334	0.000419008
220	2.51383e-09	1.03706	0.403392	-0.0024594	-0.341115	0.885795	-0.00185236
221	2.51383e-09	-0.282855	1.04883	-0.00253596	-0.927505	-0.253034	0.000220434
222	2.51383e-09	-0.327406	-1.05823	-0.00288681	0.908681	-0.27873	0.00181932
223	2.51383e-09	-0.457619	-1.00491	0.00205926	0.867589	-0.39732	-0.000645591
224	2.51383e-09	-0.962087	0.506838	0.000510261	-0.446084	-0.852097	-0.000115172
225	2.51383e-09	0.525294	-0.98625	0.00166462	0.832882	0.445066	0.000624585
226	2.51383e-09	0.255005	1.09053	0.000470442	-0.91815	0.211984	0.00159436
227	2.51383e-09	-1.09067	0.181366	-0.000649559	-0.155683	-0.936279	0.000125064
228	2.51383e-09	0.161511	-1.10629	-0.00175907	0.935421	0.138199	-0.000887336
229	2.51383e-09	0.602372	-0.954206	-0.00308738	0.797916	0.499149	-0.00113279
230	2.51383e-09	-0.333459	1.10087	-0.00105468	-0.889664	-0.274084	-0.00145197
231	2.51383e-09	0.600248	0.957722	-0.00481085	-0.796104	0.502993	-0.00287306
232	2.51383e-09	0.472149	1.00378	0.00222168	-0.857851	0.40129	-0.00233869
233	2.51383e-09	0.775677	0.810071	0.00243344	-0.682596	0.648467	0.001004
234	2.51383e-09	0.684138	0.868158	-0.00362752	-0.75076	0.587514	0.00221549
235	2.51383e-09	-1.09227	0.189834	-0.00402648	-0.159452	-0.938424	0.000235016
236	2.51383e-09	1.11625	-0.0884457	-0.0011018	0.0750092	0.944731	4.37595e-05
237	2.51383e-09	-0.89539	0.658934	0.00141513	-0.56459	-0.758024	-0.00137384
238	2.51383e-09	-1.15098	0.100336	-0.0020041	-0.0755401	-0.925053	-0.000197396
239	2.51383e-09	-0.920898	-0.607914	0.00318177	0.527094	-0.79214	-0.00099369
240	2.51383e-09	0.492716	1.0176	0.000291283	-0.841429	0.416531	-0.00241576
241	2.51383e-09	1.06922	-0.344681	0.00178338	0.284534	0.896574	3.66944e-05
242	2.51383e-09	-0.449469	1.05917	7.05929e-05	-0.858993	-0.365105	0.00312306
243	2.51383e-09	0.254495	1.09114	-0.000313786	-0.92213	0.214278	0.00362529
244	2.51383e-09	-0.744486	0.862057	0.000529705	-0.710999	-0.609069	0.00198623
245	2.51383e-09	1.10444	-0.198332	-0.00450205	0.1693	0.929408	0.00219382
246	2.51383e-09	-1.1144	-0.181861	-0.00262317	0.154612	-0.927277	0.000971257
247	2.51383e-09	0.222675	-1.08637	-0.00199735	0.926889	0.188303	0.00177809
248	2.51383e-09	0.304367	-1.08484	-0.000425928	0.904674	0.259546	-0.000532228
249	2.51383e-09	0.0133315	1.12836	5.75223e-05	-0.939927	0.0137771	-3.64424e-05
250	2.51383e-09	0.808602	0.794961	0.00106119	-0.659468	0.66893	-0.000174712
251	2.51383e-09	0.527762	0.993122	9.17127e-05	-0.833065	0.445171	-0.000124327
252	2.51383e-09	-0.648956	0.915762	0.000202752	-0.769982	-0.546281	0.000775265
253	2.51383e-09	0.771725	0.825388	-0.000215643	-0.685336	0.645565	0.00429302
254	2.51383e-09	-0.555366	0.980532	-0.00106414	-0.817718	-0.466426	-0.00132857
255	2.51383e-09	1.06223	0.394504	-0.000789017	-0.328153	0.881019	-0.000135753
256	2.51383e-09	0.488279	-1.02646	0.000618519	0.844382	0.409667	0.000726831
257	2.51383e-09	1.00424	-0.504143	-0.00316163	0.425293	0.844239	-0.00167824
258	2.51383e-09	1.05898	0.393251	-0.000420239	-0.329603	0.880696	0.00382775
259	2.51383e-09	-1.09387	-0.278295	-0.00026678	0.233558	-0.91028	0.0013434
260	2.51383e-09	0.173044	-1.1175	0.00428355	0.928625	0.140268	-0.000383316
261	2.51383e-09	-0.981704	0.571071	0.000681016	-0.470239	-0.814492	0.000140371
262	2.51383e-09	-1.08551	-0.280371	-0.00293039	0.236219	-0.910974	0.00363977
263	2.51383e-09	1.09515	-0.291205	0.0015209	0.23761	0.910973	0.000971444
264	2.51383e-09	0.0893468	-1.11925	-0.00127735	0.940924	0.0745836	-0.00115838
265	2.51383e-09	0.364278	-1.07718	0.00022595	0.888058	0.307345	-0.000270986
266	2.51383e-09	-1.13435	0.00930511	0.00136698	-0.0070475	-0.938803	0.000137192
267	2.51383e-09	-1.11231	-0.0590983	0.00138106	0.0513299	-0.949246	-0.00157085
268	2.51383e-09	0.292521	-1.10252	-0.00152153	0.904373	0.230534	-0.0016989
269	2.51383e-09	0.24164	-1.12212	0.00372741	0.911578	0.201307	-3.59129e-05
270	2.51383e-09	-0.289214	1.08816	0.000216535	-0.912807	-0.241588	-0.0010219
271	2.51383e-09	-1.10163	0.30255	-6.50854e-05	-0.24876	-0.90138	-0.000554235
272	2.51383e-09	-1.13544	-0.0990401	-0.000460056	0.0839569	-0.933824	-0.00333454
273	2.51383e-09	-1.10219	0.302632	-0.00205842	-0.250377	-0.90065	0.00172147
274	2.51383e-09	-1.01092	-0.490954	0.000965038	0.404754	-0.850234	-0.00207093
275	2.51383e-09	-0.878666	0.722346	-0.00103298	-0.593167	-0.724019	0.00241492
276	2.51383e-09	0.938	0.65586	-0.000411759	-0.53136	0.768802	5.10348e-05
277	2.51383e-09	0.607685	0.973239	0.00414017	-0.785738	0.501302	-0.000217168
278	2.51383e-09	-0.812119	0.818915	3.17711e-05	-0.662113	-0.654318	-0.00147649
279	2.51383e-09	-1.14256	0.271126	0.00119989	-0.216603	-0.896241	-0.000137811
280	2.51383e-09	-0.181782	-1.15036	0.00209	0.912941	-0.149352	-0.00047401
281	2.51383e-09	-1.13407	-0.0684991	-0.0010862	0.0553318	-0.937205	-0.000571069
282	2.51383e-09	0.749053	0.863084	-0.000453589	-0.709092	0.612197	0.000504414
283	2.51383e-09	0.690236	-0.90583	-0.00160459	0.748674	0.560629	0.0017201
284	2.51383e-09	-1.14581	-0.00761598	0.000772726	0.00943221	-0.935929	0.00206433
285	2.51383e-09	-0.277985	1.10906	-0.00174367	-0.907116	-0.230497	0.00104701
286	2.51383e-09	0.0626679	1.13745	-0.00273583	-0.936044	0.0519184	0.000197174
287	2.51383e-09	0.243246	1.11294	0.00182423	-0.913791	0.196627	0.00039075
288	2.51383e-09	1.15077	-0.132358	-0.00211194	0.11135	0.921777	-0.000134399
289	2.51383e-09	1.13535	0.241045	0.00320415	-0.191999	0.905391	-0.00128655
290	2.51383e-09	1.14459	0.0352298	0.00320826	-0.025831	0.933827	0.00163131
291	2.51383e-09	1.01341	0.541905	-0.00226349	-0.441284	0.822882	0.000382392
292	2.51383e-09	1.10261	-0.321401	0.000473785	0.261913	0.895346	-0.00203674
293	2.51383e-09	0.725249	-0.873763	0.00065396	0.721004	0.602336	0.00231568
294	2.51383e-09	-0.00960502	1.16944	-0.00645472	-0.92495	-0.00658657	-0.00136297
295	2.51383e-09	-1.13771	-0.0804136	0.000226725	0.0681041	-0.934872	0.000542164
296	2.51383e-09	1.12417	-0.282093	-0.00444506	0.226161	0.900633	-0.00172739
297	2.51383e-09	-0.674815	0.924102	-0.00138116	-0.754392	-0.55289	0.00249989
298	2.51383e-09	0.997332	0.57751	0.00280716	-0.462538	0.807676	0.001466
299	2.51383e-09	0.738884	-0.913784	0.000398673	0.718606	0.572433	0.000663207
300	2.51383e-09	-1.11701	-0.329621	0.00133758	0.260932	-0.889747	-0.00210257
301	2.51383e-09	-0.249402	1.12955	-0.0018704	-0.908185	-0.210046	0.00105781
302	2.51383e-09	-0.652032	-0.959349	-0.00179487	0.773052	-0.518864	0.004332
303	2.51383e-09	-1.09683	0.356003	-0.00194072	-0.287298	-0.886053	0.00044729
304	2.51383e-09	-0.580288	1.00625	-0.00160298	-0.807039	-0.459244	0.000461516
305	2.51383e-09	0.906021	-0.704983	0.00277158	0.572987	0.737239	-0.00114077
306	2.51383e-09	0.87571	0.74932	-0.000764004	-0.602761	0.709974	-0.000580461
307	2.51383e-09	0.527181	-1.03421	0.00298016	0.825267	0.423542	-0.00213018
308	2.51383e-09	-0.904836	-0.730766	-0.00192911	0.585891	-0.722174	0.000915159
309	2.51383e-09	0.498357	1.03251	-0.00039318	-0.8386	0.407458	-0.000772549
310	2.51383e-09	0.970149	-0.629037	0.001123	0.506536	0.78203	-0.000283975
311	2.51383e-09	-0.104638	1.1529	0.000613773	-0.927079	-0.0823237	-0.00281707
312	2.51383e-09	-0.988438	-0.633588	-0.00153458	0.499795	-0.770312	0.00111083
313	2.51383e-09	-1.04869	-0.473461	-0.00262476	0.384308	-0.847588	-0.00155033
314	2.51383e-09	-1.13023	-0.137751	-0.000546609	0.113666	-0.931107	-0.00143485
315	2.51383e-09	-0.864005	0.785996	-0.00211924	-0.622764	-0.684244	0.00199711
316	2.51383e-09	0.849747	0.803853	0.00191247	-0.633527	0.67296	-0.00133925
317	2.51383e-09	-0.184214	-1.14333	-0.00206887	0.916176	-0.151399	-0.00244051
318	2.51383e-09	-1.1447	-0.154528	-0.00264669	0.120028	-0.923744	0.000624082
319	2.51383e-09	-0.753296	0.897599	0.00138147	-0.706356	-0.594674	-0.00244102
320	2.51383e-09	0.708323	0.93787	-0.000264049	-0.734781	0.557961	0.000101364
321	2.51383e-09	0.996249	-0.593759	-0.0014875	0.478026	0.79848	-0.000600216
322	2.51383e-09	0.949788	0.674648	0.00317083	-0.536546	0.752763	0.000865082
323	2.51383e-09	0.888658	-0.745629	-9.95395e-05	0.590412	0.714319	-0.000846344
324	2.51383e-09	0.326763	-1.1228	-0.00144498	0.889156	0.256741	-0.000892564
325	2.51383e-09	-0.382237	-1.09079	-0.00155879	0.878225	-0.304319	0.00118909
326	2.51383e-09	0.460846	-1.09122	-0.00341666	0.848697	0.347548	0.00243044
327	2.51383e-09	-0.910756	-0.751935	-0.00240555	0.584293	-0.709216	0.000522344
328	2.51383e-09	-1.02109	-0.508941	0.00255802	0.421512	-0.838094	-0.00171832
329	2.51383e-09	-0.562876	-1.02709	0.00112462	0.806324	-0.452109	-0.000319328
330	2.51383e-09	0.79163	0.843687	0.000629934	-0.680757	0.635704	-0.000140909
331	2.51383e-09	-0.373597	1.08988	0.00155189	-0.879917	-0.305488	-0.00140683
332	2.51383e-09	-1.10968	-0.396692	-0.00038895	0.309929	-0.867727	-0.00165484
333	2.51383e-09	0.70661	-0.95455	-0.00217489	0.737757	0.544468	0.000736536
334	2.51383e-09	0.351105	-1.11732	-0.00199873	0.88114	0.281376	-0.000691618
335	2.51383e-09	1.01868	-0.611238	-0.000690864	0.469751	0.785661	0.000523062
336	2.51383e-09	0.625404	-0.99365	-0.00273152	0.783108	0.488865	-0.00149614
337	2.51383e-09	-0.634294	-1.00096	0.000429494	0.77669	-0.487195	0.00203159
338	2.51383e-09	-0.418601	-1.08708	0.00294749	0.864915	-0.331962	0.00154247
339	2.51383e-09	1.17559	0.0745133	0.00363299	-0.0593529	0.922382	-0.00252851
340	2.51383e-09	0.95199	-0.716874	-0.00202398	0.54704	0.731029	0.000262636
341	2.51383e-09	0.216847	-1.1642	0.00110098	0.902967	0.170888	0.000670541
342	2.51383e-09	0.517015	1.04508	0.00101832	-0.829865	0.41023	-0.000160691
343	2.51383e-09	0.642369	-0.960164	0.00284666	0.776405	0.513684	-0.00028624
344	2.51383e-09	-1.0068	-0.62056	0.0010596	0.477077	-0.783541	-0.000353259
345	2.51383e-09	-0.0566657	-1.15873	-0.000191494	0.928955	-0.0476283	-0.00274486
346	2.51383e-09	-1.1706	-0.145858	0.00210639	0.11067	-0.911175	-0.000109022
347	2.51383e-09	-0.736423	0.912668	0.00125444	-0.714315	-0.585528	-0.0013167
348	2.51383e-09	1.15497	0.231032	0.00429374	-0.179774	0.904019	-0.000878977
349	2.51383e-09	0.926777	0.715953	-0.00241357	-0.571081	0.728435	-0.00151548
350	2.51383e-09	-1.0149	0.584592	-0.00195026	-0.45751	-0.801141	-0.000509321
351	2.51383e-09	1.018	-0.621111	0.00317979	0.478472	0.781518	-0.000284771
352	2.51383e-09	-1.00753	0.620322	-0.000441594	-0.479767	-0.781866	0.00151216
353	2.51383e-09	-0.888749	-0.79069	0.00304799	0.608015	-0.688184	-0.00321558
354	2.51383e-09	0.238573	-1.15275	-0.000301767	0.904324	0.189939	-0.00213126
355	2.51383e-09	-1.01319	-0.549084	0.00226838	0.444299	-0.818625	0.00165632
356	2.51383e-09	1.12128	-0.44195	-0.000161797	0.334233	0.845487	-0.00127012
357	2.51383e-09	0.299261	1.14159	0.000142007	-0.88919	0.23202	0.00110056
358	2.51383e-09	1.17885	0.216916	0.00279209	-0.167843	0.897415	0.00157139
359	2.51383e-09	1.11084	-0.470038	-0.00238869	0.357079	0.836048	0.00153091
360	2.51383e-09	0.0499768	-1.17418	-0.000731649	0.92052	0.0406837	0.000488909
361	2.51383e-09	-1.14373	0.273242	-0.0016056	-0.212056	-0.896757	-0.000387962
362	2.51383e-09	1.13214	-0.317882	0.0007999	0.251317	0.887373	0.000784187
363	2.51383e-09	1.16552	-0.183314	0.00201182	0.146916	0.91109	-0.000551115
364	2.51383e-09	0.779075	0.864223	-9.54679e-06	-0.690149	0.617554	0.0011509
365	2.51383e-09	-0.364575	-1.14637	9.60978e-05	0.867802	-0.277353	-0.00162527
366	2.51383e-09	0.418426	1.10947	-0.00115539	-0.860864	0.323426	-0.00185042
367	2.51383e-09	-0.810889	-0.869842	0.00230065	0.673434	-0.620508	-0.000520387
368	2.51383e-09	0.242007	1.17725	-0.000516698	-0.892984	0.187324	0.00015949
369	2.51383e-09	1.0071	-0.619834	-0.00110488	0.478793	0.784596	-0.000580611
370	2.51383e-09	0.927909	0.734232	-6.65525e-05	-0.572033	0.721892	-0.000931856
371	2.51383e-09	0.899548	-0.802431	-0.000618819	0.610181	0.676722	0.0010332
372	2.51383e-09	0.256841	-1.16959	-4.2304e-05	0.892339	0.200994	-0.00258005
373	2.51383e-09	0.747164	0.92726	-0.00199927	-0.713172	0.573257	-0.000634013
374	2.51383e-09	0.426091	1.12858	-0.00290671	-0.851639	0.325794	-0.00215812
375	2.51383e-09	-0.364353	-1.13273	0.00280047	0.873428	-0.281311	-0.00146522
376	2.51383e-09	-0.396436	1.11766	-0.00207855	-0.864661	-0.308609	-6.23299e-05
377	2.51383e-09	1.11199	0.431554	0.00176385	-0.335316	0.853003	-2.25712e-05
378	2.51383e-09	-0.691384	0.969377	0.00082402	-0.748227	-0.53218	0.000215926
379	2.51383e-09	1.14792	-0.235412	-9.90664e-05	0.18778	0.908162	-0.00155895
380	2.51383e-09	0.330897	-1.14087	0.000972348	0.878824	0.257759	-0.00151632
381	2.51383e-09	-0.989547	-0.658994	-4.62769e-07	0.50852	-0.763966	0.000362784
382	2.51383e-09	1.18813	-0.117594	-0.00129716	0.0958676	0.911998	0.000938068
383	2.51383e-09	1.03951	-0.562467	2.4422e-05	0.43958	0.805459	-1.01266e-05
384	2.51383e-09	1.1887	0.148885	-0.000322406	-0.115872	0.907905	0.00502542
385	2.51383e-09	0.333974	-1.138	-0.00172049	0.879083	0.260894	0.000901701
386	2.51383e-09	-0.245829	1.17408	0.00145335	-0.891982	-0.189382	-0.000739089
387	2.51383e-09	1.16617	-0.272481	-0.00391833	0.210186	0.890306	-0.00100647
388	2.51383e-09	-0.00764817	1.19579	0.00112279	-0.917125	-0.0108724	0.00054372
389	2.51383e-09	-0.922244	0.733965	0.0040262	-0.573785	-0.72322	-0.0018478
390	2.51383e-09	0.943913	0.711533	-0.00302767	-0.557032	0.733788	-0.00148847
391	2.51383e-09	0.025191	-1.20213	0.000180636	0.914009	0.0195134	0.00182875
392	2.51383e-09	-0.488639	1.09512	-0.00527085	-0.834693	-0.371872	-0.00252027
393	2.51383e-09	1.19445	-0.237313	-0.000457762	0.180362	0.885436	-0.000824277
394	2.51383e-09	0.750339	0.932382	-0.00198016	-0.711438	0.575613	0.000999705
395	2.51383e-09	-0.900139	-0.789988	-2.30698e-05	0.600312	-0.687852	0.0011589
396	2.51383e-09	-1.16724	0.321526	-0.000502152	-0.233533	-0.878956	-0.000499388
397	2.51383e-09	-1.15921	-0.325906	0.00309704	0.246453	-0.875968	0.000869169
398	2.51383e-09	0.831556	-0.870385	0.00115442	0.660114	0.628406	0.000104954
399	2.51383e-09	0.652147	-1.00828	0.00163383	0.765675	0.495225	-0.00174322
400	2.51383e-09	0.526876	1.09094	0.000954185	-0.813821	0.396271	0.000648642
