8.696999e+03
401
0	1	0.000401413	0.000249105	-3.66372e-07	-3.18836e-08	3.93152e-09	4.33551e-11
1	2.51383e-09	-0.240193	0.988893	-0.00205734	-0.960264	-0.236921	0.000765161
2	2.51383e-09	-0.244057	-0.966876	0.00102513	0.970619	-0.2519	-0.00056347
3	2.51383e-09	0.0634398	-0.988288	-0.0013751	1.00475	0.0673353	0.0003974
4	2.51383e-09	0.766765	-0.645928	0.00176653	0.646234	0.763101	0.00157028
5	2.51383e-09	-0.944504	-0.309903	5.17436e-05	0.317273	-0.951784	-0.00129303
6	2.51383e-09	0.117689	-1.00255	0.00273686	0.988819	0.117706	0.00155575
7	2.51383e-09	0.26931	-0.956544	0.00267177	0.968316	0.268825	0.000277943
8	2.51383e-09	-0.994997	-0.00614641	0.000777818	0.00965876	-1.00225	-0.000535456
9	2.51383e-09	-0.447858	0.903084	0.000165965	-0.890627	-0.442909	0.000300368
10	2.51383e-09	0.636069	0.792181	-0.000810082	-0.775405	0.620072	-0.00219552
11	2.51383e-09	0.132748	-0.991164	0.000281594	0.99134	0.133496	-0.000635879
12	2.51383e-09	0.803077	0.624284	0.000894696	-0.61078	0.782846	0.000850155
13	2.51383e-09	0.0602234	-1.00249	0.000727503	0.995737	0.0620596	-0.000778439
14	2.51383e-09	-0.411022	0.921714	-0.0035208	-0.909627	-0.406836	-0.000555639
15	2.51383e-09	-0.629773	0.792083	-0.00166655	-0.773052	-0.61908	0.000741325
16	2.51383e-09	-0.746868	0.657986	0.00163677	-0.666921	-0.750968	-0.000156577
17	2.51383e-09	-0.980235	-0.228379	0.00163675	0.221504	-0.974335	-0.000934089
18	2.51383e-09	0.591186	-0.831443	-0.00109561	0.810703	0.568002	-0.00137166
19	2.51383e-09	-0.963785	-0.354699	0.00335507	0.335267	-0.923077	0.00026078
20	2.51383e-09	0.93507	0.428688	-0.00320607	-0.411704	0.896007	-0.000715648
21	2.51383e-09	0.562661	0.830681	-0.00258432	-0.827123	0.561223	0.00177819
22	2.51383e-09	-0.734833	0.721993	-0.00259067	-0.693742	-0.699514	0.00111728
23	2.51383e-09	-0.865864	-0.518191	0.00188288	0.515466	-0.852078	0.00142258
24	2.51383e-09	-0.0590565	1.00841	-5.48464e-05	-0.993984	-0.0531465	0.00212955
25	2.51383e-09	0.933711	0.404629	-0.00236985	-0.400758	0.906875	-0.000561558
26	2.51383e-09	-0.424955	0.929112	0.0011064	-0.899739	-0.40846	0.000445303
27	2.51383e-09	0.581601	0.822174	-0.00156743	-0.812977	0.572533	-0.00261106
28	2.51383e-09	0.449285	-0.902894	-0.00119956	0.892424	0.439085	-0.00277206
29	2.51383e-09	-0.822988	0.584826	0.00165252	-0.57661	-0.812368	-0.00128742
30	2.51383e-09	-0.97762	-0.260994	-0.0020605	0.255256	-0.960009	-0.000938412
31	2.51383e-09	1.01017	0.00167981	-0.00381304	-0.00219275	0.994811	-1.44167e-05
32	2.51383e-09	-0.0408912	-1.00918	-0.00429005	0.992661	-0.0392952	3.48228e-05
33	2.51383e-09	1.02974	0.0982991	0.000116746	-0.0840671	0.97696	-0.00114013
34	2.51383e-09	0.958479	0.389698	0.00122496	-0.372253	0.910951	-0.00280276
35	2.51383e-09	-0.696691	0.739796	0.0031596	-0.725068	-0.678051	-0.000669991
36	2.51383e-09	-0.912	0.459223	0.000581963	-0.443653	-0.87896	-0.00207533
37	2.51383e-09	1.00741	0.155766	-0.00195655	-0.148737	0.979474	-0.00102623
38	2.51383e-09	-0.987673	-0.166966	-0.00215779	0.163918	-0.987048	-0.00161245
39	2.51383e-09	0.0268173	1.00473	0.000724398	-1.00164	0.0226233	-0.00103671
40	2.51383e-09	-0.975366	-0.241267	-0.00185572	0.237645	-0.971563	0.00129271
41	2.51383e-09	0.633126	-0.79433	-0.00325533	0.776047	0.617418	-0.00167872
42	2.51383e-09	0.791886	-0.67125	-0.00136948	0.637489	0.744964	0.00214752
43	2.51383e-09	-0.353372	0.942907	0.00148226	-0.93411	-0.355279	-0.00263746
44	2.51383e-09	0.879536	0.552999	0.00162999	-0.520165	0.830511	-0.000916518
45	2.51383e-09	0.224321	1.00056	-0.00263679	-0.963597	0.214085	0.000447903
46	2.51383e-09	-0.991463	0.245579	0.000599398	-0.236235	-0.958463	0.000719835
47	2.51383e-09	0.178067	1.00179	0.000795419	-0.977035	0.171498	-0.00166604
48	2.51383e-09	-0.131747	1.02206	0.000913668	-0.976971	-0.125305	-0.00134122
49	2.51383e-09	0.203273	0.985731	0.00175668	-0.977026	0.200115	-0.00266543
50	2.51383e-09	0.911074	0.511641	-0.00126919	-0.479252	0.853243	-0.00283905
51	2.51383e-09	-0.413531	-0.918367	-0.000740035	0.909095	-0.408918	0.00213876
52	2.51383e-09	-0.456815	0.929562	0.00178119	-0.878531	-0.434823	0.000842248
53	2.51383e-09	0.620576	0.820806	-0.00267567	-0.78763	0.592588	-0.00120221
54	2.51383e-09	-0.508378	-0.894295	0.000674489	0.857525	-0.483373	0.00120405
55	2.51383e-09	-0.539067	-0.889458	0.000253145	0.835561	-0.511078	-0.000608966
56	2.51383e-09	-0.85271	0.56259	0.000304395	-0.547541	-0.825794	-0.00030252
57	2.51383e-09	0.758	-0.726437	0.000533837	0.673685	0.70591	-0.000846066
58	2.51383e-09	-1.04178	0.04104	0.00177016	-0.0412838	-0.978007	0.00194149
59	2.51383e-09	0.790701	0.65633	-0.00122932	-0.634122	0.757422	0.002972
60	2.51383e-09	1.00098	0.264558	-0.00120168	-0.252553	0.947949	-0.00127817
61	2.51383e-09	1.01839	-0.146612	-0.00120386	0.144333	0.977799	-0.00364102
62	2.51383e-09	0.0744259	-1.03457	0.000336432	0.979741	0.069341	-0.0010097
63	2.51383e-09	0.520899	-0.886107	-0.00125982	0.851968	0.497106	-0.000430864
64	2.51383e-09	-0.584019	-0.843202	-0.00106781	0.811415	-0.567164	-0.000948219
65	2.51383e-09	0.409032	-0.942946	0.000162944	0.903076	0.391321	0.000302048
66	2.51383e-09	-0.991222	0.308922	6.67242e-05	-0.286694	-0.933591	-0.00213364
67	2.51383e-09	-0.173911	-1.03507	0.00134611	0.961544	-0.158939	-0.00138281
68	2.51383e-09	1.00154	-0.256395	0.00269456	0.244132	0.952755	-0.000331285
69	2.51383e-09	0.240133	-1.00938	-0.00328664	0.954929	0.231876	0.00115344
70	2.51383e-09	0.941564	-0.404536	-0.000503535	0.390838	0.908166	-0.000508215
71	2.51383e-09	-1.03843	-0.0225843	-0.00528352	0.0248851	-0.980494	-0.00166912
72	2.51383e-09	-0.800067	-0.704362	0.00136982	0.63566	-0.726854	0.00206431
73	2.51383e-09	-0.507739	-0.907795	-0.000302208	0.853153	-0.480913	0.00296969
74	2.51383e-09	-0.307108	1.01227	-4.80365e-05	-0.932216	-0.276496	0.00255681
75	2.51383e-09	-0.972629	0.385877	5.55268e-05	-0.362179	-0.907392	-0.000570849
76	2.51383e-09	0.781857	-0.707834	0.00254507	0.656928	0.715559	-0.00233697
77	2.51383e-09	-1.00511	-0.321027	0.000520001	0.297393	-0.929019	-0.00112104
78	2.51383e-09	-0.860973	-0.597324	-0.00141778	0.559737	-0.797347	-0.00367871
79	2.51383e-09	0.747234	-0.714793	0.00155146	0.675634	0.714344	0.00485827
80	2.51383e-09	-0.514238	-0.905705	-0.000687191	0.853611	-0.478933	0.000403514
81	2.51383e-09	-0.598487	0.839868	0.000205759	-0.8001	-0.56949	0.000121232
82	2.51383e-09	-0.208517	1.03317	-0.00105114	-0.954714	-0.197231	0.00166166
83	2.51383e-09	0.139552	-1.01541	-0.00191788	0.980652	0.131904	0.0012174
84	2.51383e-09	-0.866174	0.573328	-4.07434e-05	-0.545598	-0.816777	0.000378344
85	2.51383e-09	-0.229368	-0.998593	-0.0016229	0.96263	-0.219504	-0.000551391
86	2.51383e-09	0.792431	-0.682289	0.000337301	0.64401	0.740515	-0.000425778
87	2.51383e-09	-1.02924	-0.196428	-0.000831151	0.177622	-0.958918	-0.000294592
88	2.51383e-09	-0.357827	-0.970583	0.00191711	0.92195	-0.338504	0.000822512
89	2.51383e-09	-0.353084	0.997358	0.0014948	-0.914369	-0.323753	0.00201695
90	2.51383e-09	0.140807	-1.03294	0.00216826	0.972532	0.132308	-0.00302476
91	2.51383e-09	-0.498516	0.894539	0.00382364	-0.861413	-0.48746	-0.00236392
92	2.51383e-09	-0.041336	-1.04907	-0.00104334	0.976037	-0.0399025	-0.000928296
93	2.51383e-09	0.773892	-0.73007	0.00173382	0.66296	0.706865	-0.000517731
94	2.51383e-09	-0.987764	-0.310917	-0.00207925	0.296467	-0.937083	0.00250848
95	2.51383e-09	0.932269	-0.442349	-0.000709474	0.424119	0.886606	-0.000206684
96	2.51383e-09	0.784874	-0.69506	0.00290458	0.646886	0.735178	0.0014462
97	2.51383e-09	0.799164	-0.678738	-0.000270803	0.637608	0.740954	0.00194338
98	2.51383e-09	0.652995	0.821488	0.000476924	-0.764373	0.609361	-0.00191113
99	2.51383e-09	1.00936	0.372363	-0.000967716	-0.331214	0.901954	0.00164016
100	2.51383e-09	-1.05119	0.00856537	0.00012874	-0.0166276	-0.976871	0.000620838
101	2.51383e-09	0.993634	0.279599	-0.000861583	-0.267814	0.947496	-0.00059093
102	2.51383e-09	-0.37411	-0.956005	-0.00133368	0.92102	-0.359921	-0.00073008
103	2.51383e-09	1.04178	0.127948	0.00169973	-0.120126	0.96755	0.00222402
104	2.51383e-09	-0.640818	0.820987	0.000289654	-0.776583	-0.60044	0.000934595
105	2.51383e-09	0.0757393	1.03737	-0.00211908	-0.976362	0.071139	-0.000320943
106	2.51383e-09	-0.202878	-1.0268	-0.00190628	0.95787	-0.191958	0.00180594
107	2.51383e-09	-1.00131	0.328978	0.000666884	-0.301954	-0.927589	-0.00168431
108	2.51383e-09	-0.0341174	-1.06683	-0.000786731	0.966978	-0.0256014	-0.000370266
109	2.51383e-09	-0.752135	-0.755738	-0.000413124	0.680324	-0.686496	-0.00193704
110	2.51383e-09	0.759681	0.726771	0.00282	-0.678634	0.703373	0.00183485
111	2.51383e-09	0.850646	0.640151	0.00252818	-0.58305	0.77261	0.00271288
112	2.51383e-09	1.06296	-0.140952	-0.00186267	0.131636	0.954967	-0.000436374
113	2.51383e-09	-1.04969	-0.137348	-0.000359852	0.130739	-0.962911	-0.00137147
114	2.51383e-09	-0.564861	0.886535	0.000946998	-0.822789	-0.524903	-0.000718762
115	2.51383e-09	-0.376937	-1.01291	0.00161824	0.897887	-0.336409	0.00308505
116	2.51383e-09	0.859026	0.59978	-0.00144028	-0.56386	0.800991	0.00290684
117	2.51383e-09	-0.235088	-1.02863	0.00120528	0.950388	-0.216318	-0.000606475
118	2.51383e-09	-0.392668	-0.988915	-0.0010527	0.899764	-0.35609	-0.000115824
119	2.51383e-09	-0.930067	-0.483727	-0.0040703	0.445572	-0.868481	0.00175302
120	2.51383e-09	-0.421804	-0.961903	0.000699713	0.890631	-0.396231	-0.00133862
121	2.51383e-09	0.272051	1.03991	0.00076285	-0.930235	0.243659	0.00305338
122	2.51383e-09	0.0936678	-1.07359	0.000540961	0.957866	0.0881685	-0.00218447
123	2.51383e-09	0.0201531	-1.03723	0.00251305	0.983726	0.0168385	-0.00136332
124	2.51383e-09	-0.971249	0.461607	0.00301678	-0.41466	-0.870758	-0.000699319
125	2.51383e-09	1.04174	0.0526509	0.00208079	-0.0532321	0.979406	0.000949299
126	2.51383e-09	0.996163	-0.355749	-0.00246599	0.323068	0.918818	-0.000844086
127	2.51383e-09	0.0734164	-1.04644	0.00187308	0.975221	0.0726377	-0.000256334
128	2.51383e-09	1.07241	0.0231082	-0.00331285	-0.015817	0.965212	-0.00244149
129	2.51383e-09	-1.05975	0.0337508	0.00239776	-0.0325035	-0.969175	0.00279997
130	2.51383e-09	-1.03988	-0.250357	-0.00185346	0.228613	-0.936766	0.00229122
131	2.51383e-09	-0.0481536	-1.09211	-0.000957074	0.953959	-0.0427795	0.00129058
132	2.51383e-09	0.997662	0.367023	0.00138601	-0.331959	0.913834	0.000222929
133	2.51383e-09	-0.376493	-1.00359	-0.000478969	0.901619	-0.339864	-0.000793604
134	2.51383e-09	-0.834977	-0.645261	-0.000664321	0.598476	-0.768321	0.000853381
135	2.51383e-09	0.997544	0.33656	-0.00234003	-0.313871	0.923822	-0.00232466
136	2.51383e-09	1.08278	0.12754	-0.00188838	-0.108306	0.949689	0.00185259
137	2.51383e-09	0.874616	-0.600575	-0.000397132	0.553401	0.799732	0.00174403
138	2.51383e-09	0.775494	0.725068	-0.000441139	-0.665999	0.705248	-0.00154584
139	2.51383e-09	-0.720608	0.778445	0.000276127	-0.713354	-0.66007	-0.00380273
140	2.51383e-09	0.282658	1.04173	7.36695e-05	-0.933059	0.250017	-0.000409028
141	2.51383e-09	1.06696	-0.0478992	-0.000155615	0.0435625	0.968222	-0.00223734
142	2.51383e-09	-0.531195	0.946559	-0.00211368	-0.831677	-0.470518	0.000280258
143	2.51383e-09	-0.363542	-1.00178	5.92564e-05	0.914148	-0.330783	-0.00169994
144	2.51383e-09	-0.705411	-0.828001	-0.00185194	0.729208	-0.620042	0.00146118
145	2.51383e-09	-0.910938	-0.540062	0.00119933	0.49488	-0.834545	0.000183749
146	2.51383e-09	-0.891723	-0.658487	-0.00375355	0.561131	-0.762042	0.000554248
147	2.51383e-09	-0.373075	-1.02065	0.00276977	0.899057	-0.328364	-0.000953691
148	2.51383e-09	-0.972868	-0.48613	0.000120975	0.429757	-0.854753	-0.00125598
149	2.51383e-09	0.0574201	1.06422	-0.00189084	-0.96434	0.0438194	0.00200561
150	2.51383e-09	0.511583	-0.951029	-0.000719216	0.850323	0.447003	-0.00112159
151	2.51383e-09	1.03328	-0.307236	0.00139286	0.276791	0.923846	0.000748197
152	2.51383e-09	0.993574	0.442344	0.000666969	-0.383148	0.873182	0.00083442
153	2.51383e-09	0.953963	-0.518588	0.000925075	0.457327	0.843361	0.000675046
154	2.51383e-09	-1.04856	0.356729	-0.000656377	-0.308306	-0.89715	-0.00271797
155	2.51383e-09	-1.01613	-0.342809	-0.0015436	0.304496	-0.918274	0.00207248
156	2.51383e-09	1.00511	-0.410208	0.000517596	0.367321	0.88964	0.00238194
157	2.51383e-09	1.02778	0.292719	-0.000215357	-0.260079	0.930413	0.000546427
158	2.51383e-09	-0.867664	-0.662036	0.00482409	0.583577	-0.760341	-0.00166747
159	2.51383e-09	-0.594532	-0.891458	0.000535714	0.802518	-0.538813	0.00128746
160	2.51383e-09	-1.05332	-0.218232	-0.00129937	0.196267	-0.944426	0.00260865
161	2.51383e-09	-0.653881	0.865314	0.00129324	-0.765866	-0.578643	0.00225048
162	2.51383e-09	0.904611	0.58869	0.00417466	-0.525333	0.807023	0.000102135
163	2.51383e-09	0.289588	1.04202	0.000105262	-0.927998	0.254944	0.000909389
164	2.51383e-09	-0.948469	-0.506738	0.000994578	0.456718	-0.84775	-0.00201026
165	2.51383e-09	1.09602	0.0920065	0.00220659	-0.0784066	0.951983	0.00192615
166	2.51383e-09	-0.0684495	1.07932	0.00118306	-0.961175	-0.0674799	-0.00111761
167	2.51383e-09	-0.693836	0.803481	0.000816837	-0.730901	-0.641833	-0.00346403
168	2.51383e-09	1.0771	-0.170494	-0.000401628	0.153478	0.944894	-0.00151093
169	2.51383e-09	0.975588	-0.467659	-0.00140318	0.413013	0.869619	-0.000857411
170	2.51383e-09	-0.139109	-1.07899	0.00210664	0.951109	-0.119629	0.00280869
171	2.51383e-09	-0.0699067	1.08457	0.00285237	-0.958674	-0.0648233	-0.00173023
172	2.51383e-09	1.08502	-0.26593	0.00156829	0.223438	0.918076	0.000634859
173	2.51383e-09	1.10198	0.0968649	0.00246896	-0.0819857	0.946571	-0.00222809
174	2.51383e-09	0.838532	0.722415	-0.00213718	-0.622039	0.716437	0.000720943
175	2.51383e-09	-0.146308	-1.07614	0.00183383	0.951667	-0.135032	-0.000662451
176	2.51383e-09	1.07852	0.0293046	-0.00181322	-0.0231248	0.96266	-0.000102048
177	2.51383e-09	-1.12106	-0.0106318	0.00260316	0.0112218	-0.943304	0.000765725
178	2.51383e-09	-1.07801	-0.00118452	0.000118521	0.000989989	-0.962464	0.000798807
179	2.51383e-09	-0.0130385	-1.10404	0.0026639	0.949289	-0.0134895	0.00285233
180	2.51383e-09	-0.693295	0.825754	0.00204778	-0.739234	-0.619161	-0.00219981
181	2.51383e-09	0.32729	1.04744	-0.000990307	-0.911674	0.287111	-0.00197834
182	2.51383e-09	1.09023	0.109251	0.000480631	-0.0944481	0.95043	-0.00130134
183	2.51383e-09	-0.263203	-1.0679	-1.23516e-05	0.923593	-0.228311	-0.000928059
184	2.51383e-09	0.592453	-0.936118	-0.00236196	0.803577	0.50698	-0.000483182
185	2.51383e-09	-0.91874	0.577375	0.000420885	-0.510701	-0.815788	-0.00144562
186	2.51383e-09	1.04324	-0.325295	-1.87982e-05	0.281095	0.91228	-0.00124407
187	2.51383e-09	1.03411	0.243322	0.000244681	-0.225537	0.94518	0.00385119
188	2.51383e-09	-1.10641	-0.0760749	0.000304121	0.0642671	-0.945675	-0.00310861
189	2.51383e-09	0.940944	0.554817	0.00279784	-0.487324	0.823317	0.00101344
190	2.51383e-09	0.819864	-0.743789	0.00221857	0.632668	0.705625	-0.00021837
191	2.51383e-09	-0.925426	0.578941	-0.00225005	-0.508317	-0.810727	-0.00243185
192	2.51383e-09	0.892143	0.637971	0.000733489	-0.55632	0.777903	0.00196948
193	2.51383e-09	-0.940965	0.578811	6.83261e-05	-0.500594	-0.810022	-0.00190887
194	2.51383e-09	0.0707953	-1.11708	-0.000887731	0.942553	0.059629	-0.000829773
195	2.51383e-09	1.04914	-0.285662	0.00193755	0.251946	0.924578	-0.000348725
196	2.51383e-09	1.08921	-0.124752	0.00331643	0.117136	0.946018	0.00143142
197	2.51383e-09	-0.50112	0.965278	-0.000657564	-0.850651	-0.441671	0.00289139
198	2.51383e-09	-1.11183	-0.0714429	-0.00102138	0.0620412	-0.943531	0.00183548
199	2.51383e-09	-0.016008	-1.09919	-0.00189373	0.954938	-0.0141451	-0.00261738
200	2.51383e-09	1.05778	-0.340803	-0.000767038	0.294273	0.904009	0.000633948
201	2.51383e-09	0.0618646	-1.09629	0.00269339	0.953746	0.0541193	0.000650075
202	2.51383e-09	-0.615094	0.897467	0.00233361	-0.794521	-0.541653	9.82949e-05
203	2.51383e-09	0.41565	-1.00519	0.00242806	0.886103	0.36531	0.000227853
204	2.51383e-09	-0.71508	0.826823	0.000337333	-0.726865	-0.626976	0.000130414
205	2.51383e-09	0.826346	0.757639	-0.000909617	-0.642458	0.694095	0.00139113
206	2.51383e-09	-0.0731683	1.09392	-0.000778365	-0.952806	-0.0622947	0.00185617
207	2.51383e-09	-1.1064	0.108075	0.000999657	-0.0937189	-0.945384	0.000936145
208	2.51383e-09	0.944176	0.55261	-0.0024288	-0.482564	0.827994	-0.000796117
209	2.51383e-09	0.0759403	1.09629	-0.00158591	-0.953294	0.0634038	0.00146363
210	2.51383e-09	-0.24341	1.07632	-0.000949288	-0.929544	-0.211075	-0.000544098
211	2.51383e-09	-0.406962	1.02225	-0.000877191	-0.886736	-0.347919	0.00241065
212	2.51383e-09	1.09227	0.258774	0.00383962	-0.217938	0.919867	-0.000130216
213	2.51383e-09	0.50286	-0.991435	-0.0012959	0.844268	0.430599	-0.00130114
214	2.51383e-09	-0.558606	0.95496	0.00104264	-0.815726	-0.481162	0.00118871
215	2.51383e-09	-0.937332	0.592451	0.00222889	-0.510552	-0.8039	0.00280061
216	2.51383e-09	-0.605839	-0.93253	-0.00056322	0.797386	-0.518314	-0.000154474
217	2.51383e-09	1.11382	0.146807	0.000587603	-0.125451	0.936061	-0.0028987
218	2.51383e-09	0.809763	0.705314	0.00241996	-0.633944	0.731561	0.000810824
219	2.51383e-09	-0.924431	-0.65717	0.000551014	0.543477	-0.764228	-0.00155507
220	2.51383e-09	1.00752	-0.46784	-0.000219246	0.401155	0.861894	-0.00275932
221	2.51383e-09	-1.08601	0.00868607	-0.000392864	-0.0103378	-0.961041	0.00222259
222	2.51383e-09	-0.6729	-0.881714	-0.00337765	0.756157	-0.573815	0.000907724
223	2.51383e-09	-0.886665	-0.657358	0.00215516	0.569299	-0.766277	0.000233317
224	2.51383e-09	-0.974076	-0.484736	8.29816e-06	0.424775	-0.862292	-0.000711508
225	2.51383e-09	-0.244839	-1.09046	0.000993914	0.920822	-0.207866	0.00121704
226	2.51383e-09	0.909068	0.654498	-0.000768115	-0.549257	0.765829	0.00142987
227	2.51383e-09	-1.0955	-0.147326	-0.000432255	0.126736	-0.940801	0.000523406
228	2.51383e-09	-0.931075	-0.623077	0.00023225	0.524977	-0.784185	-0.0016805
229	2.51383e-09	-1.09108	-0.267347	0.00204491	0.22572	-0.917649	-0.00223766
230	2.51383e-09	0.184892	-1.12471	0.000881575	0.926955	0.148708	0.00144561
231	2.51383e-09	0.38801	-1.06116	0.00563443	0.883168	0.326412	-0.00148874
232	2.51383e-09	0.278217	1.07324	0.00164535	-0.917977	0.23487	-0.00266548
233	2.51383e-09	1.12326	0.0256957	0.00111901	-0.0192798	0.93993	0.00198504
234	2.51383e-09	0.950845	0.567011	-0.00430312	-0.491311	0.815251	0.00101649
235	2.51383e-09	-0.636037	0.913947	-0.00307306	-0.774637	-0.546649	-0.00223805
236	2.51383e-09	-0.236126	-1.10072	1.79411e-05	0.922237	-0.192724	-0.00133227
237	2.51383e-09	-0.931477	0.607319	0.00130283	-0.520437	-0.788646	-0.00145095
238	2.51383e-09	0.946466	-0.642262	0.00181173	0.528726	0.774654	0.00111555
239	2.51383e-09	-0.771574	-0.787346	0.00284633	0.682178	-0.664198	-0.00165333
240	2.51383e-09	0.911905	-0.642369	0.00280927	0.550055	0.776187	0.000566193
241	2.51383e-09	0.364483	-1.06407	0.00109549	0.889379	0.302174	0.00113356
242	2.51383e-09	-0.370947	-1.093	0.00242114	0.879933	-0.300665	-0.00240049
243	2.51383e-09	1.10297	-0.219509	-0.00459488	0.18148	0.925176	3.43036e-05
244	2.51383e-09	1.06061	-0.401046	-0.00168488	0.33033	0.880776	-0.00149369
245	2.51383e-09	-0.0768567	-1.11723	-0.00307921	0.943556	-0.0648061	-0.00306261
246	2.51383e-09	0.134115	1.12324	-0.000469563	-0.932067	0.11354	-0.00233491
247	2.51383e-09	0.625263	-0.915888	-0.00100908	0.78051	0.534474	0.00231335
248	2.51383e-09	-1.10105	-0.259536	0.000843206	0.213222	-0.912536	-0.000249499
249	2.51383e-09	1.11831	-0.0819916	4.05985e-05	0.0719937	0.943449	5.09116e-05
250	2.51383e-09	-0.00897299	-1.13471	-0.000606424	0.938104	-0.00861196	0.000561024
251	2.51383e-09	0.791503	-0.800992	-9.83308e-05	0.668495	0.665087	-0.000127791
252	2.51383e-09	0.855615	0.728143	-0.000899712	-0.611803	0.71838	0.000239809
253	2.51383e-09	0.271887	-1.09464	-0.00425304	0.914271	0.229805	-0.00240051
254	2.51383e-09	1.03619	0.446723	0.00168355	-0.370907	0.864332	-0.000773655
255	2.51383e-09	-0.50079	-1.01945	0.000678182	0.841187	-0.413464	-0.000401574
256	2.51383e-09	-0.891612	0.715668	-0.000971301	-0.588689	-0.723927	-0.000417127
257	2.51383e-09	-0.802498	-0.792255	0.0028846	0.664082	-0.667194	-0.00202644
258	2.51383e-09	0.092401	-1.12544	-0.00432966	0.937184	0.0746433	-0.00129022
259	2.51383e-09	-0.0968672	1.12373	-0.00150624	-0.937822	-0.0783488	-0.000252344
260	2.51383e-09	-1.10852	0.182594	-0.000511953	-0.154606	-0.932088	0.00354241
261	2.51383e-09	1.08205	-0.381623	-0.000750728	0.312024	0.877567	1.95875e-05
262	2.51383e-09	-0.995164	0.512821	-0.00522934	-0.43419	-0.836426	0.00120031
263	2.51383e-09	-1.13396	-0.157685	-0.00192149	0.124375	-0.923333	-0.000158147
264	2.51383e-09	-1.11883	-0.0967892	0.00120428	0.0820565	-0.940089	-0.0011242
265	2.51383e-09	-0.511402	1.02807	-0.000182558	-0.836056	-0.409212	0.000303855
266	2.51383e-09	0.895105	0.700565	-0.00114835	-0.577786	0.738543	0.000648715
267	2.51383e-09	-0.216427	1.10095	0.00203571	-0.925096	-0.189071	0.000695794
268	2.51383e-09	-0.988795	0.52805	0.00248424	-0.445336	-0.838399	6.04887e-05
269	2.51383e-09	0.168571	1.13445	-0.00350673	-0.923789	0.14206	-0.00104187
270	2.51383e-09	1.10456	-0.241924	0.00121832	0.198002	0.919074	0.000649909
271	2.51383e-09	1.13757	-0.0649648	0.000396079	0.0518285	0.93629	0.000788527
272	2.51383e-09	1.13611	0.153454	0.000858276	-0.122438	0.924911	0.00332576
273	2.51383e-09	1.10045	-0.30735	0.00174286	0.249981	0.902296	-0.00213102
274	2.51383e-09	-0.720787	0.848188	0.00261005	-0.727413	-0.612769	0.000245572
275	2.51383e-09	1.12743	0.111436	-0.00138611	-0.0892859	0.936038	-0.00229071
276	2.51383e-09	-0.924879	-0.669382	0.000427584	0.552927	-0.755351	-5.76652e-05
277	2.51383e-09	-0.559984	-0.989851	-0.00414141	0.821962	-0.454973	0.000626572
278	2.51383e-09	0.0771579	-1.15093	-0.00120172	0.928385	0.063607	0.00113546
279	2.51383e-09	-0.902536	-0.756352	7.34081e-05	0.589529	-0.70534	-0.00104259
280	2.51383e-09	1.16646	0.0234062	-0.00114251	-0.0218224	0.923811	-0.00169307
281	2.51383e-09	1.01369	0.51967	0.00109534	-0.428955	0.832991	0.00010189
282	2.51383e-09	-0.84385	-0.777192	0.000517445	0.629717	-0.687682	-0.000457949
283	2.51383e-09	-1.0956	0.256903	-0.000376047	-0.212249	-0.922296	-0.00215465
284	2.51383e-09	0.974281	-0.617437	0.000484456	0.502087	0.783237	-0.00202058
285	2.51383e-09	0.158145	-1.1356	0.00181233	0.924833	0.12533	-0.000912466
286	2.51383e-09	0.241466	-1.11523	0.00257573	0.91436	0.198487	-0.000912596
287	2.51383e-09	0.667174	-0.914198	-0.00136666	0.763218	0.549824	0.00120774
288	2.51383e-09	-0.544126	1.02398	0.00111512	-0.816574	-0.438933	0.00142102
289	2.51383e-09	-0.983252	0.592047	-0.00338987	-0.478791	-0.803641	-0.0007621
290	2.51383e-09	-1.14201	-0.0380253	-0.00328926	0.0342924	-0.934955	-0.00158516
291	2.51383e-09	-1.14956	0.0641972	0.00225945	-0.0532898	-0.929927	0.000552886
292	2.51383e-09	-0.967988	0.61391	-0.00107507	-0.499507	-0.789439	0.00187178
293	2.51383e-09	-1.03672	0.479022	-0.00185491	-0.3934	-0.84715	-0.00180653
294	2.51383e-09	-1.07644	0.460555	-0.00413776	-0.363764	-0.848819	0.00414195
295	2.51383e-09	1.14389	0.0825669	-0.000251168	-0.065251	0.930575	-0.000523394
296	2.51383e-09	-0.273827	1.12456	0.000234282	-0.90309	-0.220994	0.00394361
297	2.51383e-09	0.54579	-1.00813	0.00173194	0.821819	0.442853	-0.00232734
298	2.51383e-09	-1.14939	-0.027105	-0.00164023	0.0269707	-0.931949	-0.00235265
299	2.51383e-09	1.00081	0.615502	0.000943423	-0.487376	0.779248	-0.00038706
300	2.51383e-09	0.0855462	-1.16532	-0.00243771	0.922047	0.0656301	-0.00140095
301	2.51383e-09	-1.07214	-0.42101	0.00168842	0.336379	-0.873154	0.0012816
302	2.51383e-09	0.802015	-0.836644	0.00495018	0.67607	0.641861	0.0022802
303	2.51383e-09	0.480601	-1.05024	0.0017482	0.846213	0.386295	0.000827343
304	2.51383e-09	-0.952939	-0.677729	0.00092687	0.533284	-0.751907	0.00105
305	2.51383e-09	-0.5786	0.99246	-0.0031476	-0.806194	-0.469581	0.000314245
306	2.51383e-09	-1.14622	-0.121981	0.000241942	0.102087	-0.92483	0.000823349
307	2.51383e-09	0.779296	0.853806	-0.00358868	-0.688175	0.628256	-0.00144034
308	2.51383e-09	0.267127	-1.13411	0.000262564	0.904662	0.2083	0.00194636
309	2.51383e-09	-0.363844	-1.077	0.000550379	0.890932	-0.29873	0.000721937
310	2.51383e-09	0.326561	1.11415	-0.000799503	-0.889684	0.264202	-0.000795147
311	2.51383e-09	-1.08721	-0.413557	-0.00367713	0.327698	-0.8658	0.000341461
312	2.51383e-09	0.669	-0.942735	0.00134037	0.756137	0.546724	0.000998807
313	2.51383e-09	1.13551	0.139071	0.0019513	-0.113033	0.929888	0.00209784
314	2.51383e-09	1.09686	0.32835	0.00088647	-0.268332	0.894219	0.00128913
315	2.51383e-09	-0.996739	-0.609207	0.00187289	0.481972	-0.789111	0.00215056
316	2.51383e-09	-0.519313	1.05054	-0.00115132	-0.826657	-0.409061	-0.00179239
317	2.51383e-09	1.08051	0.423037	-0.00149218	-0.340323	0.862491	0.00268396
318	2.51383e-09	0.626934	-0.981437	0.00208268	0.779202	0.496744	0.00160701
319	2.51383e-09	-1.14036	-0.259	-0.00228296	0.206052	-0.901607	-0.00203615
320	2.51383e-09	-0.147641	1.16782	-3.50932e-05	-0.913899	-0.114153	0.000233874
321	2.51383e-09	0.557529	1.02337	-0.000556222	-0.811378	0.446182	0.00123721
322	2.51383e-09	-0.999127	0.57773	-0.000369368	-0.463207	-0.80912	-0.00268953
323	2.51383e-09	0.0588188	1.14489	-0.000749632	-0.936729	0.0492518	0.000578835
324	2.51383e-09	1.13162	-0.309519	-0.00178116	0.245458	0.889636	0.000436836
325	2.51383e-09	1.07333	0.416496	0.00211678	-0.336454	0.871193	0.00015946
326	2.51383e-09	0.823319	-0.858297	-0.00180352	0.664944	0.626553	0.00328614
327	2.51383e-09	-0.612571	-1.01032	-0.00168453	0.786754	-0.47607	0.0013602
328	2.51383e-09	1.09826	0.34286	-0.00271782	-0.273225	0.889627	0.00137355
329	2.51383e-09	0.464914	-1.08564	0.00032419	0.845562	0.355004	-0.000879888
330	2.51383e-09	-1.03092	0.528919	-0.000356783	-0.427237	-0.825631	-0.000437783
331	2.51383e-09	-0.392204	-1.0817	-0.00231169	0.876307	-0.3203	0.000555041
332	2.51383e-09	-0.853735	-0.812571	-0.00121853	0.634643	-0.667673	-0.00136491
333	2.51383e-09	0.699501	-0.959509	-0.00232288	0.741966	0.538926	0.000716402
334	2.51383e-09	1.08014	-0.446428	-0.00181286	0.35329	0.857394	0.000831925
335	2.51383e-09	1.12387	-0.384072	-0.000425012	0.293701	0.86733	0.000526101
336	2.51383e-09	1.14823	-0.25928	-0.00327095	0.205739	0.897735	0.000515729
337	2.51383e-09	-0.294406	-1.14591	0.00129247	0.890661	-0.223718	0.00182718
338	2.51383e-09	1.04361	-0.516062	0.00217312	0.411352	0.83124	-0.00222061
339	2.51383e-09	1.16582	0.165824	0.00327035	-0.130704	0.915232	-0.00280829
340	2.51383e-09	1.0331	-0.593302	-0.00196559	0.451498	0.794085	0.000444699
341	2.51383e-09	0.279889	-1.15054	0.00115552	0.8925	0.219714	0.000617765
342	2.51383e-09	-1.04716	0.497495	0.00147154	-0.396741	-0.840806	1.0497e-05
343	2.51383e-09	0.468965	1.06351	-0.00186935	-0.847486	0.372032	-0.00175542
344	2.51383e-09	-0.562325	-1.04439	0.000656544	0.804636	-0.435453	-0.000714715
345	2.51383e-09	1.15864	-0.140633	-0.00351828	0.115749	0.917844	0.000226795
346	2.51383e-09	-0.646201	-0.9879	0.00122551	0.768677	-0.500662	-0.00133675
347	2.51383e-09	-1.16597	0.0520025	-0.000519591	-0.0366033	-0.927416	-0.00162123
348	2.51383e-09	0.853708	0.812539	0.00297901	-0.634556	0.667869	-0.00259913
349	2.51383e-09	0.0818808	1.16306	-0.00302842	-0.927431	0.0626835	0.000427109
350	2.51383e-09	-0.849115	-0.797863	-0.00113275	0.637429	-0.673378	0.00135443
351	2.51383e-09	0.483935	-1.08985	0.00313587	0.837755	0.371484	0.000498576
352	2.51383e-09	-1.18059	0.0476011	0.000606236	-0.0339392	-0.91776	0.00148756
353	2.51383e-09	-1.17991	-0.141843	0.00492678	0.109313	-0.912841	-0.00162319
354	2.51383e-09	0.392318	-1.10974	-0.000723185	0.870711	0.310291	-0.00205806
355	2.51383e-09	1.11135	-0.309002	-0.000413791	0.249902	0.897215	-0.00250901
356	2.51383e-09	0.248795	-1.1753	0.000887105	0.892563	0.185203	-0.00035317
357	2.51383e-09	-0.532619	1.05068	0.00105882	-0.819427	-0.419147	0.000736896
358	2.51383e-09	0.99181	-0.676626	0.000556487	0.512865	0.753258	0.00261364
359	2.51383e-09	0.0266345	-1.19957	-0.00282848	0.913415	0.0161065	-0.00100213
360	2.51383e-09	0.976124	-0.649556	0.000150148	0.509824	0.770216	0.000709237
361	2.51383e-09	-1.01207	-0.594266	-0.00109059	0.469155	-0.795101	0.000860394
362	2.51383e-09	1.06093	0.510692	0.00130611	-0.398561	0.830539	5.26087e-05
363	2.51383e-09	1.17414	-0.123898	0.00177556	0.100681	0.916781	-0.000711792
364	2.51383e-09	-1.05	0.491706	-0.000329229	-0.393811	-0.841903	-0.00115582
365	2.51383e-09	-1.18968	-0.166859	0.00160297	0.124839	-0.90341	-0.000762522
366	2.51383e-09	0.622571	1.0094	-0.000694622	-0.783422	0.4814	-0.00198735
367	2.51383e-09	-0.740326	-0.927696	0.00196045	0.718584	-0.568645	-0.000877602
368	2.51383e-09	1.16967	0.256518	-0.000397191	-0.194811	0.894922	-0.000294179
369	2.51383e-09	1.15959	-0.219676	-0.0013946	0.168402	0.905335	-0.000145194
370	2.51383e-09	0.884947	0.78403	-0.000939325	-0.610918	0.688793	-0.00177766
371	2.51383e-09	-0.70849	-0.968799	-0.0020449	0.738559	-0.54012	3.29038e-05
372	2.51383e-09	-0.862189	-0.840731	0.00284568	0.637814	-0.648091	-0.00140807
373	2.51383e-09	0.795675	0.886322	-0.00195983	-0.681317	0.610472	-0.000704149
374	2.51383e-09	1.08326	-0.526299	0.00307505	0.396771	0.822557	-0.00202904
375	2.51383e-09	-0.874574	-0.806884	0.00336624	0.622723	-0.673849	-0.000276791
376	2.51383e-09	-0.431681	1.10441	-0.00208224	-0.854523	-0.335915	6.9034e-07
377	2.51383e-09	1.1596	-0.29205	0.00164359	0.219237	0.887508	0.000824643
378	2.51383e-09	0.083141	1.18774	0.000461805	-0.916285	0.0628302	0.00056476
379	2.51383e-09	1.15115	0.225318	-0.00101686	-0.173815	0.909965	-0.00114118
380	2.51383e-09	0.422442	-1.11042	0.000757314	0.855024	0.328529	-0.001614
381	2.51383e-09	-1.16892	-0.213552	-0.000221973	0.165511	-0.902945	0.000626469
382	2.51383e-09	0.657008	-0.992261	-0.00186577	0.767489	0.507143	-0.00016316
383	2.51383e-09	1.16201	0.226534	0.000100986	-0.175435	0.899489	2.63307e-05
384	2.51383e-09	0.659234	-1.0054	-0.00595004	0.760613	0.502375	0.00203142
385	2.51383e-09	0.58682	-1.02928	-0.00129565	0.795709	0.457214	0.00125467
386	2.51383e-09	0.602533	1.0388	0.0018969	-0.788117	0.456745	8.24737e-05
387	2.51383e-09	0.425748	-1.11749	-0.00117424	0.855712	0.326051	-0.00300999
388	2.51383e-09	1.11581	0.45762	-0.000234825	-0.351183	0.839074	0.000997551
389	2.51383e-09	-0.984922	0.647187	0.00378183	-0.506215	-0.772108	-0.00214416
390	2.51383e-09	1.01397	0.610602	-0.00224173	-0.478125	0.787373	-0.000695312
391	2.51383e-09	-1.20761	0.0665874	-0.0021022	-0.0447044	-0.907916	0.000182568
392	2.51383e-09	0.727394	0.95369	0.000177621	-0.727172	0.55378	-0.0046495
393	2.51383e-09	-0.405357	-1.13313	0.00114917	0.858753	-0.312466	-0.000221659
394	2.51383e-09	1.19465	-0.0419605	-0.00221715	0.0326155	0.915657	-0.000578926
395	2.51383e-09	-1.19317	0.0712462	-0.00106153	-0.0570442	-0.913141	0.000830973
396	2.51383e-09	0.674336	1.02178	0.000798469	-0.750529	0.496548	-0.000198698
397	2.51383e-09	-0.798428	0.899701	0.000326221	-0.682668	-0.603558	0.00248784
398	2.51383e-09	-0.540825	-1.07236	0.000790906	0.814734	-0.411766	0.000417789
399	2.51383e-09	-0.424598	-1.12251	0.00281856	0.852646	-0.323753	-7.9486e-05
400	2.51383e-09	1.20191	-0.00310899	-0.000303143	0.0101225	0.912241	0.000911068
