1.147200e+04
401
0	1	0.00052797	0.000327454	-4.81682e-07	8.9038e-08	4.69308e-08	-3.72682e-11
1	2.51383e-09	-0.843497	0.55953	0.00225471	-0.543975	-0.831561	0.00192046
2	2.51383e-09	-0.94118	0.312735	0.00159884	-0.311707	-0.957523	-0.00085715
3	2.51383e-09	-0.981572	0.185796	-0.00171583	-0.181914	-0.980993	-0.00128787
4	2.51383e-09	-0.523938	-0.8528	0.000915458	0.852325	-0.523294	0.00199152
5	2.51383e-09	0.910858	0.40442	0.00147865	-0.404048	0.916438	0.000435144
6	2.51383e-09	0.33703	0.953054	-0.00348502	-0.937468	0.331263	0.00103373
7	2.51383e-09	-0.934104	0.346498	0.000850122	-0.345094	-0.940657	0.00279719
8	2.51383e-09	0.939907	0.329825	0.000158279	-0.327248	0.947413	0.000139681
9	2.51383e-09	0.901764	0.449782	1.89572e-05	-0.448785	0.890542	0.000279304
10	2.51383e-09	-0.920683	0.425679	0.00200476	-0.414096	-0.902013	0.00275375
11	2.51383e-09	-0.856429	-0.509414	0.000663866	0.514686	-0.860289	-0.0020245
12	2.51383e-09	-0.913306	-0.468557	-0.000607459	0.447187	-0.876192	0.000801924
13	2.51383e-09	0.641509	0.774055	0.00137217	-0.771481	0.632693	0.00103122
14	2.51383e-09	-0.639455	0.778874	0.000433953	-0.769346	-0.635482	0.00323361
15	2.51383e-09	0.87541	0.493716	-0.00242901	-0.480176	0.87253	0.000739641
16	2.51383e-09	0.815834	0.569433	0.00176264	-0.578749	0.821908	0.000719046
17	2.51383e-09	-0.895144	-0.452684	-0.00147175	0.445196	-0.895903	0.00184481
18	2.51383e-09	-0.887886	0.476981	0.000819469	-0.467747	-0.882026	-0.00116099
19	2.51383e-09	0.789974	-0.631923	-0.00428436	0.616374	0.782542	0.00171769
20	2.51383e-09	-0.326459	-0.979163	-0.00283765	0.934003	-0.309668	-0.000414448
21	2.51383e-09	-0.884159	0.470198	0.000493958	-0.472133	-0.880863	-0.000523994
22	2.51383e-09	-0.939326	-0.438526	0.000526423	0.413358	-0.888022	-0.00192595
23	2.51383e-09	0.905657	-0.451755	-0.00390324	0.445673	0.890603	-0.000678709
24	2.51383e-09	-1.01469	-0.0486215	-0.00105178	0.0448948	-0.986091	-0.00208038
25	2.51383e-09	0.527278	-0.877543	-0.00156837	0.843333	0.508929	-0.00113293
26	2.51383e-09	0.194315	1.00669	0.000774818	-0.967165	0.188482	0.000976753
27	2.51383e-09	0.998906	-0.107713	-0.00267275	0.111155	0.991233	-0.00156374
28	2.51383e-09	0.189204	0.994741	0.00369029	-0.97797	0.18104	0.00143203
29	2.51383e-09	0.459353	-0.886464	0.00310744	0.890212	0.458204	0.000542726
30	2.51383e-09	-0.122911	-1.00895	-7.31237e-05	0.984457	-0.121611	0.00156396
31	2.51383e-09	-0.385271	-0.928227	-0.00212905	0.918671	-0.392222	0.00114433
32	2.51383e-09	-0.566737	-0.838487	-0.00275496	0.823494	-0.553569	0.00341767
33	2.51383e-09	-0.699914	-0.736389	-0.000136661	0.724127	-0.686847	-0.000193868
34	2.51383e-09	1.02426	0.17521	-0.00254407	-0.164941	0.967252	-0.00230251
35	2.51383e-09	-0.602093	-0.816928	-0.00266329	0.797518	-0.590896	0.000672154
36	2.51383e-09	-0.76785	-0.676079	-0.00022099	0.655695	-0.731815	0.00105858
37	2.51383e-09	-0.147774	1.01168	0.0018381	-0.977731	-0.140318	-0.000131904
38	2.51383e-09	-0.1112	-1.00343	0.000557308	0.985728	-0.115443	-0.0001048
39	2.51383e-09	-0.917317	-0.458931	0.000799775	0.437069	-0.882304	-0.000360227
40	2.51383e-09	-0.556377	0.837622	-0.000338308	-0.834122	-0.557497	0.00173567
41	2.51383e-09	0.835799	0.581335	0.00185674	-0.567704	0.812035	0.00120561
42	2.51383e-09	-0.789582	-0.64821	-0.000370436	0.627433	-0.766495	0.00154756
43	2.51383e-09	0.99508	-0.180769	0.00224139	0.177659	0.975948	0.000231398
44	2.51383e-09	0.456425	0.928852	-0.00312575	-0.883367	0.431648	0.000750059
45	2.51383e-09	-0.808028	0.637157	0.00306748	-0.608818	-0.773476	0.000706451
46	2.51383e-09	-0.746726	-0.679507	0.000439225	0.671775	-0.732988	-0.000327023
47	2.51383e-09	0.457994	0.906946	-0.000749491	-0.886297	0.446784	-0.000598629
48	2.51383e-09	0.833992	-0.607107	0.000258391	0.580261	0.796745	-0.00109602
49	2.51383e-09	0.958097	0.303207	-8.65859e-05	-0.300019	0.954338	-0.00313365
50	2.51383e-09	0.854639	0.606308	0.000229921	-0.564071	0.795026	0.00236469
51	2.51383e-09	0.975141	0.285185	0.000210548	-0.277717	0.954607	-0.00141193
52	2.51383e-09	-0.86198	-0.566834	-0.00125498	0.541869	-0.824273	0.00152346
53	2.51383e-09	0.965705	0.366308	6.87745e-05	-0.350953	0.917366	0.000101849
54	2.51383e-09	-0.368662	0.964982	0.00179201	-0.920406	-0.349437	0.00248704
55	2.51383e-09	-0.0922447	-1.0257	0.00102162	0.981939	-0.0905722	5.60302e-05
56	2.51383e-09	-1.01458	-0.146921	0.000131798	0.137613	-0.978192	-0.000514421
57	2.51383e-09	1.0348	0.148902	-0.00125672	-0.142438	0.968756	0.000210522
58	2.51383e-09	0.740281	0.720856	-0.000824716	-0.687574	0.706436	0.00168209
59	2.51383e-09	0.76596	0.688282	0.00337563	-0.663266	0.727672	0.000989963
60	2.51383e-09	0.422957	-0.949327	0.0017691	0.896053	0.396921	0.00232746
61	2.51383e-09	-0.0737046	-1.03282	-0.000876869	0.98193	-0.0670745	-0.00212519
62	2.51383e-09	1.03599	-0.0851753	-0.00113838	0.0795594	0.976245	0.00212984
63	2.51383e-09	1.00814	-0.18949	-0.00164872	0.185548	0.97063	0.000950405
64	2.51383e-09	1.03862	-0.00258346	0.000973613	0.00756969	0.977628	-0.00222187
65	2.51383e-09	-0.79681	0.651639	0.000253336	-0.626421	-0.759715	0.00124367
66	2.51383e-09	-1.03494	0.0333206	-0.0024006	-0.0217763	-0.978097	0.00147005
67	2.51383e-09	0.867076	0.575378	0.00132703	-0.539961	0.819824	0.000186345
68	2.51383e-09	0.746278	-0.719246	0.000611916	0.685306	0.705482	-0.00168059
69	2.51383e-09	0.891648	-0.532581	0.00171543	0.504363	0.845946	-0.00136494
70	2.51383e-09	-1.01345	0.169556	0.00326561	-0.164189	-0.971537	-0.000329015
71	2.51383e-09	-0.0547012	1.04631	-0.00556288	-0.97347	-0.0499323	-0.00229716
72	2.51383e-09	0.761391	0.742097	-0.000119063	-0.678339	0.69477	0.00201083
73	2.51383e-09	-1.01152	0.259025	0.00189878	-0.245012	-0.948357	0.00175855
74	2.51383e-09	1.02473	0.252614	0.00135812	-0.23231	0.947388	0.00341495
75	2.51383e-09	1.03385	-0.0512103	0.00100682	0.0435279	0.982774	-0.00352134
76	2.51383e-09	-0.855927	0.59634	-0.00132538	-0.557358	-0.809863	-0.00108035
77	2.51383e-09	-0.308999	-1.00631	-1.25274e-05	0.931188	-0.289203	0.00129681
78	2.51383e-09	0.158409	1.03121	0.00223279	-0.966265	0.1569	-0.00354236
79	2.51383e-09	-0.699331	-0.766491	0.00104353	0.7268	-0.655902	0.00550149
80	2.51383e-09	0.858902	0.597599	-0.00064357	-0.556743	0.805175	-3.61124e-05
81	2.51383e-09	-0.467402	-0.899325	-0.00227345	0.885138	-0.454195	0.00177483
82	2.51383e-09	0.657206	-0.824704	-0.00273118	0.761361	0.604967	0.00275073
83	2.51383e-09	-0.804454	-0.627953	0.00186621	0.6119	-0.78254	0.000475534
84	2.51383e-09	1.00641	0.315208	-0.000611373	-0.29459	0.925245	0.000639704
85	2.51383e-09	0.695359	0.753987	0.000572035	-0.725223	0.670428	-0.000967951
86	2.51383e-09	0.919917	0.52748	0.000631467	-0.477556	0.841703	0.00144564
87	2.51383e-09	0.973666	-0.376257	0.00279091	0.351786	0.914246	-0.00233286
88	2.51383e-09	0.427609	0.937982	0.000986956	-0.895665	0.407272	0.00153886
89	2.51383e-09	-0.470972	0.949662	-0.00238767	-0.868209	-0.428774	-0.0019385
90	2.51383e-09	0.21991	1.02793	0.00269244	-0.951789	0.206446	0.00135733
91	2.51383e-09	1.02292	0.156305	0.00300741	-0.150376	0.967305	-0.00135607
92	2.51383e-09	0.648411	0.828838	0.000382417	-0.7669	0.599908	4.3031e-05
93	2.51383e-09	-0.264235	-1.04582	0.000595003	0.929638	-0.240018	-0.00235536
94	2.51383e-09	0.847458	0.591621	0.000810513	-0.563086	0.806824	-0.000446011
95	2.51383e-09	-1.00984	0.205168	0.001603	-0.195617	-0.964014	0.000740784
96	2.51383e-09	0.706694	0.788588	0.000152509	-0.721008	0.656546	-8.88397e-05
97	2.51383e-09	-0.52295	-0.907643	0.00255152	0.847595	-0.486964	-0.000898293
98	2.51383e-09	0.476364	0.936245	0.000925206	-0.870303	0.440392	0.00411504
99	2.51383e-09	0.466652	0.962157	-0.000661708	-0.867677	0.419655	0.0023979
100	2.51383e-09	-0.684712	0.793231	0.0016269	-0.743188	-0.641821	0.000862285
101	2.51383e-09	0.518387	-0.896479	-0.00104785	0.849309	0.492385	0.00202219
102	2.51383e-09	0.799899	-0.655343	0.00261144	0.627456	0.755296	-0.000550549
103	2.51383e-09	-0.966291	0.400098	-0.0018832	-0.375063	-0.904477	0.00125265
104	2.51383e-09	0.331162	0.976269	-0.000249952	-0.937614	0.318425	-0.000907139
105	2.51383e-09	0.990509	-0.306365	0.000157809	0.288468	0.939529	-0.00140481
106	2.51383e-09	0.946959	0.429482	-0.000120907	-0.404578	0.895295	0.00172785
107	2.51383e-09	-1.02909	0.285882	0.00294335	-0.257215	-0.931666	0.000438819
108	2.51383e-09	-0.0089905	1.06748	-0.00185627	-0.968483	-0.00342904	-0.00046287
109	2.51383e-09	0.76407	0.725788	0.00093861	-0.674813	0.705905	-0.00211888
110	2.51383e-09	0.670452	0.809067	-0.0006983	-0.757691	0.62053	-0.00151212
111	2.51383e-09	-0.145494	1.05978	0.000819965	-0.956574	-0.137512	-0.00487212
112	2.51383e-09	0.339865	1.02641	-0.000318578	-0.91094	0.298881	-0.00227935
113	2.51383e-09	-0.992408	0.37996	-0.00151343	-0.34594	-0.904348	0.00160198
114	2.51383e-09	0.891607	-0.553464	-0.000206388	0.510902	0.829815	0.00088857
115	2.51383e-09	1.03149	-0.315574	-0.0018597	0.279637	0.920741	-0.00220902
116	2.51383e-09	-0.982261	-0.397884	-0.00486113	0.362813	-0.898157	-0.00161997
117	2.51383e-09	-0.388808	0.977406	0.000460774	-0.903471	-0.36371	0.000939926
118	2.51383e-09	0.62095	0.850474	-0.00036845	-0.790684	0.575173	0.000191566
119	2.51383e-09	-1.04545	0.0235784	-0.00036824	-0.0249681	-0.978741	0.00402951
120	2.51383e-09	-0.634346	0.84213	-0.000509332	-0.780958	-0.585452	-0.00207786
121	2.51383e-09	1.06619	0.0846251	0.00345778	-0.0723639	0.963285	0.000760257
122	2.51383e-09	-1.05087	-0.258944	-0.000535811	0.226311	-0.930727	-0.00213737
123	2.51383e-09	0.906206	0.514964	-0.00375213	-0.483472	0.85146	0.000719502
124	2.51383e-09	-0.551393	0.927727	-0.00105818	-0.828865	-0.489976	-0.0030894
125	2.51383e-09	1.03828	-0.157508	-0.000692066	0.141698	0.965373	-0.00143687
126	2.51383e-09	-0.32463	1.00367	0.000238957	-0.927083	-0.296239	-0.000359885
127	2.51383e-09	-1.00501	-0.329124	0.000887128	0.303055	-0.925046	-0.000330164
128	2.51383e-09	-0.329344	1.01774	0.00429879	-0.916956	-0.301448	0.00186092
129	2.51383e-09	-0.905571	-0.55751	0.000907194	0.504524	-0.825193	-0.00245356
130	2.51383e-09	-0.775711	-0.735089	0.00449539	0.666727	-0.69735	-0.000929685
131	2.51383e-09	-1.08754	0.119792	0.000300256	-0.10276	-0.950668	0.00136295
132	2.51383e-09	-0.428113	0.98892	-0.00142177	-0.884414	-0.376395	0.00270432
133	2.51383e-09	-0.946875	-0.49436	-0.00186912	0.443896	-0.859418	0.000373922
134	2.51383e-09	-1.05024	-0.0974219	0.000883433	0.096205	-0.969931	-0.000835484
135	2.51383e-09	-0.110677	-1.05754	-0.00226171	0.962124	-0.099971	-0.00187144
136	2.51383e-09	0.718035	-0.825315	0.000429297	0.720557	0.627068	-0.00140584
137	2.51383e-09	0.398858	0.984595	-0.000588848	-0.89676	0.368797	-0.00134702
138	2.51383e-09	-0.223563	1.03225	-0.00126109	-0.952926	-0.20908	0.00335356
139	2.51383e-09	-1.03957	-0.195662	-0.0012327	0.177319	-0.955568	0.00334656
140	2.51383e-09	-1.09391	-0.0409368	-6.9295e-05	0.0299326	-0.953816	0.000289831
141	2.51383e-09	1.05257	0.023526	-0.000837203	-0.0243798	0.976192	0.00167915
142	2.51383e-09	-0.790696	-0.730985	0.00273356	0.660606	-0.701179	-0.00112908
143	2.51383e-09	0.193678	-1.04559	-0.00227644	0.956216	0.183066	0.00255019
144	2.51383e-09	-1.07991	0.0674766	0.000729053	-0.0541211	-0.959325	0.00215177
145	2.51383e-09	-1.0452	-0.0695906	-0.00285342	0.0660607	-0.975294	-0.00100374
146	2.51383e-09	0.883226	-0.655626	0.00204142	0.563159	0.768451	-0.00243982
147	2.51383e-09	-1.02169	0.350019	0.000454444	-0.310554	-0.909921	-0.00381065
148	2.51383e-09	-0.355749	-1.02158	-0.00194022	0.909698	-0.315759	-0.000161008
149	2.51383e-09	-1.04721	0.0269197	0.00140643	-0.0173335	-0.980784	-0.00270201
150	2.51383e-09	-0.0527321	-1.06653	-0.000448348	0.968799	-0.0586895	0.00175946
151	2.51383e-09	0.604114	0.908101	-0.00231515	-0.794599	0.530212	0.000832397
152	2.51383e-09	-0.0115605	-1.06563	-0.000438757	0.972331	-0.0202644	0.000195849
153	2.51383e-09	0.924701	0.55988	-0.00406173	-0.503029	0.821025	7.51881e-05
154	2.51383e-09	-0.719161	0.837048	-0.00357747	-0.724308	-0.618285	-0.0016965
155	2.51383e-09	-0.907551	0.595596	-0.000591978	-0.52852	-0.80227	0.00177135
156	2.51383e-09	0.540677	0.958799	-0.0022442	-0.824899	0.472684	-0.00198674
157	2.51383e-09	0.669169	0.829265	0.000752426	-0.751858	0.610305	0.0015995
158	2.51383e-09	0.259441	-1.05403	-0.00360885	0.936586	0.226234	0.000807431
159	2.51383e-09	-0.909876	0.562218	0.000396504	-0.50905	-0.822873	-0.000758965
160	2.51383e-09	1.08055	-0.0467979	-0.00199004	0.0422094	0.958326	-0.000761048
161	2.51383e-09	-1.04395	-0.283921	-0.00256766	0.254798	-0.927517	-0.000671982
162	2.51383e-09	1.06158	-0.166204	0.000483541	0.145546	0.953792	-0.00293886
163	2.51383e-09	-0.352504	1.0134	0.000147979	-0.91452	-0.32221	-0.000914265
164	2.51383e-09	1.07187	-0.105391	-0.00166536	0.0896849	0.960009	0.00425692
165	2.51383e-09	-0.406987	1.02363	-0.00363499	-0.884916	-0.35131	0.00137224
166	2.51383e-09	-0.937268	-0.514127	0.00103508	0.463928	-0.849741	0.00134107
167	2.51383e-09	0.737078	-0.766999	0.00193371	0.704799	0.665187	0.00100336
168	2.51383e-09	0.48865	0.976086	0.000400629	-0.857944	0.421675	-0.000815945
169	2.51383e-09	-0.208919	1.06576	-0.00142118	-0.944362	-0.179221	0.00015749
170	2.51383e-09	-0.65025	-0.882785	0.00041016	0.769796	-0.56322	-0.00115075
171	2.51383e-09	0.134397	1.08146	0.000729166	-0.952364	0.117125	-0.000652383
172	2.51383e-09	0.705352	-0.867437	2.22487e-05	0.732032	0.596339	-0.00106601
173	2.51383e-09	-1.00276	0.442441	0.00259282	-0.386567	-0.874175	0.0012198
174	2.51383e-09	-0.840691	0.707221	0.000700985	-0.612361	-0.731713	-0.00248284
175	2.51383e-09	-0.748857	0.780468	0.00190731	-0.692886	-0.671827	-0.00012942
176	2.51383e-09	0.586535	-0.915309	-0.00133557	0.807374	0.51568	0.00217211
177	2.51383e-09	-1.08598	0.25206	0.0026815	-0.212363	-0.922452	-0.00202579
178	2.51383e-09	0.962923	-0.497014	-0.000701953	0.44362	0.853413	-0.00186517
179	2.51383e-09	-0.778526	0.771769	0.00148976	-0.676308	-0.675962	0.00251528
180	2.51383e-09	-0.0889583	1.07416	-0.00190702	-0.960429	-0.0774687	-0.00156897
181	2.51383e-09	-1.10734	0.0229727	-0.000386634	-0.0213188	-0.948005	-4.25054e-05
182	2.51383e-09	0.943023	-0.566766	-0.000618523	0.487682	0.820695	-0.00134135
183	2.51383e-09	-0.205211	1.07452	-0.000209976	-0.937049	-0.181075	0.000386805
184	2.51383e-09	-0.829807	-0.732145	-0.000591901	0.627872	-0.711041	-0.000581739
185	2.51383e-09	-0.414915	1.00288	-0.00217346	-0.886963	-0.370508	-0.000502484
186	2.51383e-09	-0.957662	-0.5184	-0.00183549	0.454703	-0.842731	-0.000812623
187	2.51383e-09	1.04465	0.19791	0.00255464	-0.183099	0.954628	-8.08426e-05
188	2.51383e-09	1.06714	-0.242019	0.00257129	0.21247	0.935684	-0.00141528
189	2.51383e-09	0.317544	1.04388	-0.00320346	-0.917836	0.276539	-0.000856276
190	2.51383e-09	0.700338	-0.859376	-0.000736131	0.729698	0.604121	0.000826156
191	2.51383e-09	-0.933044	0.539447	-0.000148614	-0.482303	-0.836073	0.000103562
192	2.51383e-09	0.905292	0.620634	-0.00157705	-0.539227	0.789317	0.0012138
193	2.51383e-09	0.128529	-1.10122	0.0028379	0.944774	0.105692	0.00254191
194	2.51383e-09	1.09671	-0.206602	0.00275958	0.17589	0.931395	6.43571e-05
195	2.51383e-09	-0.236323	1.05136	-0.00012563	-0.941915	-0.209702	0.00105979
196	2.51383e-09	-0.13789	1.09232	-0.00439351	-0.942908	-0.121672	0.000503143
197	2.51383e-09	1.02772	-0.353213	-0.0017884	0.313004	0.907437	0.00185758
198	2.51383e-09	-1.08378	-0.246546	0.000533811	0.210083	-0.923265	-0.000660431
199	2.51383e-09	-1.09774	-0.144398	-0.0025461	0.125005	-0.939876	-0.00335132
200	2.51383e-09	0.992545	-0.492017	5.63235e-05	0.42259	0.852968	-0.000625371
201	2.51383e-09	0.0259377	-1.09696	0.00126113	0.954715	0.0222734	0.000176631
202	2.51383e-09	-0.699132	-0.8393	-0.00183708	0.732576	-0.613113	0.000146358
203	2.51383e-09	-1.04816	0.245281	0.00176337	-0.221741	-0.939319	-0.00223614
204	2.51383e-09	1.10082	0.0788961	0.00136514	-0.0764279	0.94817	-0.00132769
205	2.51383e-09	-1.01007	0.482398	-0.000489019	-0.411407	-0.853895	0.000448507
206	2.51383e-09	-0.82787	-0.717502	-0.00139646	0.626979	-0.721306	-0.00132677
207	2.51383e-09	1.11399	0.116088	-0.00296262	-0.0975426	0.939248	0.00281552
208	2.51383e-09	0.742836	0.800444	0.00305453	-0.69975	0.657207	0.000318031
209	2.51383e-09	0.156027	-1.0994	-0.00366624	0.936953	0.129716	-0.000104473
210	2.51383e-09	0.58474	-0.948332	-0.000741799	0.803647	0.496272	-0.00119371
211	2.51383e-09	-1.10477	0.0447573	0.000867132	-0.0377981	-0.947143	-0.000388392
212	2.51383e-09	-0.506385	1.01178	-0.00207781	-0.844977	-0.41291	0.00164529
213	2.51383e-09	-0.984777	0.518318	0.00102619	-0.445494	-0.836254	-0.00324698
214	2.51383e-09	-0.901164	-0.611271	-0.0013786	0.539027	-0.795265	0.00199792
215	2.51383e-09	0.902463	-0.670788	-0.00115418	0.561924	0.756688	0.000826146
216	2.51383e-09	1.0239	0.446957	-0.00106527	-0.3745	0.866128	-0.00101245
217	2.51383e-09	-0.538142	0.975448	-0.000633427	-0.832557	-0.454909	0.00174111
218	2.51383e-09	1.07342	0.0423431	0.00141405	-0.0326078	0.964046	-0.00578907
219	2.51383e-09	-0.0534891	1.1324	0.00114591	-0.940121	-0.0432869	-0.00081203
220	2.51383e-09	-0.86009	-0.711705	0.00125988	0.605457	-0.726352	-0.00273241
221	2.51383e-09	-0.158797	-1.07279	-0.00237449	0.94865	-0.14294	-0.00158161
222	2.51383e-09	0.397635	-1.0327	0.0017369	0.887799	0.339285	0.000141581
223	2.51383e-09	1.02093	0.457723	-0.000342459	-0.384681	0.860894	0.00163488
224	2.51383e-09	-1.04708	0.280816	-0.00273651	-0.252775	-0.9297	-0.00152676
225	2.51383e-09	0.861292	0.70126	-0.00153914	-0.603289	0.73563	0.000191078
226	2.51383e-09	0.558954	-0.964797	-0.000698418	0.822779	0.470917	0.00303169
227	2.51383e-09	-1.05345	-0.348986	-0.00195189	0.299861	-0.899919	-0.000270151
228	2.51383e-09	-1.10233	-0.155402	0.001711	0.131062	-0.939728	0.000339158
229	2.51383e-09	-0.202075	-1.10914	-0.00474674	0.925599	-0.171304	8.96366e-05
230	2.51383e-09	-0.579567	0.994271	0.000357615	-0.802282	-0.474131	0.0016023
231	2.51383e-09	1.10348	0.227794	-0.00451886	-0.189197	0.925013	0.00192238
232	2.51383e-09	0.798369	0.770242	-0.00261877	-0.656251	0.680593	2.28294e-05
233	2.51383e-09	0.529316	0.990006	-0.00102891	-0.832219	0.438663	-0.0018846
234	2.51383e-09	-0.327739	-1.07142	-0.00525602	0.90257	-0.27502	-0.00295112
235	2.51383e-09	-0.0510287	-1.10765	0.00292649	0.950535	-0.0514834	-0.000440264
236	2.51383e-09	-1.02217	-0.493522	-0.00150132	0.402734	-0.843837	-0.000833095
237	2.51383e-09	-0.849186	-0.709743	-0.00305411	0.611286	-0.723446	0.00142636
238	2.51383e-09	0.919588	-0.683624	6.08889e-05	0.562772	0.750184	-0.0011368
239	2.51383e-09	1.04311	0.362129	0.000668933	-0.308205	0.901051	0.00239296
240	2.51383e-09	-0.936495	0.645175	-0.000300043	-0.525796	-0.770719	0.00285681
241	2.51383e-09	0.356225	1.05692	-0.00241984	-0.899255	0.298371	0.000598761
242	2.51383e-09	-0.335831	-1.11286	-0.00323872	0.885999	-0.267348	0.00053464
243	2.51383e-09	-1.08307	0.309582	0.00159012	-0.262518	-0.905462	-0.0032932
244	2.51383e-09	-0.97425	-0.598191	-0.00259218	0.491045	-0.793577	-4.18777e-05
245	2.51383e-09	1.06478	-0.351612	0.00176579	0.298519	0.898186	0.00332687
246	2.51383e-09	1.12598	0.0794178	0.000726679	-0.0639335	0.94226	-0.00269876
247	2.51383e-09	-0.5722	0.929455	-0.00317881	-0.816806	-0.506624	-0.00068806
248	2.51383e-09	-0.608984	-0.940849	-0.000484796	0.793963	-0.512499	7.26836e-05
249	2.51383e-09	0.974039	0.552121	-0.0011535	-0.471083	0.822164	0.0010697
250	2.51383e-09	1.07951	-0.352907	-0.00156069	0.292117	0.891905	-0.00132945
251	2.51383e-09	0.343393	1.07095	0.00161912	-0.895846	0.290403	-0.000870381
252	2.51383e-09	-0.961497	0.564336	-0.000359113	-0.474145	-0.81844	0.000261593
253	2.51383e-09	0.875069	-0.710298	-0.000215635	0.594714	0.732254	0.00379051
254	2.51383e-09	0.756511	0.855515	0.000225677	-0.697977	0.616334	0.00029889
255	2.51383e-09	-0.870049	0.731788	0.00130886	-0.598852	-0.721449	-0.00164279
256	2.51383e-09	-0.714785	-0.900287	-5.1653e-06	0.732407	-0.57338	0.00130324
257	2.51383e-09	-0.399981	1.04805	-0.000630605	-0.8821	-0.335533	-0.00217909
258	2.51383e-09	-0.141165	1.1132	0.000954584	-0.938428	-0.122981	-0.00290234
259	2.51383e-09	0.987827	0.537211	-0.000758725	-0.450314	0.830454	3.08104e-05
260	2.51383e-09	-1.11848	0.0654381	0.00560558	-0.054881	-0.9444	0.000287578
261	2.51383e-09	-0.105357	1.12746	0.00125508	-0.937294	-0.0910912	0.0019324
262	2.51383e-09	0.773576	-0.793633	4.49372e-06	0.678384	0.667939	-0.00466863
263	2.51383e-09	-1.0703	-0.413968	0.00240941	0.331293	-0.870003	0.00243605
264	2.51383e-09	0.332322	-1.07288	0.000551752	0.902043	0.275015	-0.00105515
265	2.51383e-09	0.583573	-0.984672	-0.00148246	0.802988	0.477897	-0.00275124
266	2.51383e-09	0.626245	-0.945169	-0.000971595	0.781123	0.520215	0.000510511
267	2.51383e-09	0.79023	-0.799423	-0.000640238	0.675088	0.657074	0.000461537
268	2.51383e-09	-0.820664	0.781627	-0.0023032	-0.647562	-0.681744	-0.000853375
269	2.51383e-09	0.914251	0.683199	-0.00139445	-0.55968	0.753564	0.00185894
270	2.51383e-09	-0.88347	0.689395	0.00229872	-0.583264	-0.74642	0.000107905
271	2.51383e-09	-0.186895	1.13641	-0.000805671	-0.91957	-0.149166	-0.00139653
272	2.51383e-09	-0.884456	0.729364	-0.00339855	-0.591105	-0.721109	-0.00220343
273	2.51383e-09	-0.847109	-0.777077	-0.000463034	0.628428	-0.685978	-0.00169267
274	2.51383e-09	0.447738	1.03045	-0.00334024	-0.869266	0.372016	0.000165309
275	2.51383e-09	-0.148107	-1.12344	-0.00236071	0.933272	-0.120554	-0.000340425
276	2.51383e-09	0.327307	-1.10336	0.00265844	0.89683	0.259513	-0.00116753
277	2.51383e-09	0.965124	-0.596279	0.0046636	0.501394	0.798737	-0.000600795
278	2.51383e-09	1.09498	0.322606	0.00242052	-0.26783	0.898014	-0.00258308
279	2.51383e-09	1.17075	0.163844	0.000571249	-0.134657	0.908236	-0.000699819
280	2.51383e-09	-0.649228	0.963526	-0.00309471	-0.771073	-0.515349	-0.000416601
281	2.51383e-09	-1.09401	0.303053	0.000830036	-0.257519	-0.901785	-0.0009081
282	2.51383e-09	0.416573	1.06374	-0.00264431	-0.872995	0.338484	0.000244376
283	2.51383e-09	1.13635	0.111186	0.000386975	-0.0886742	0.929271	-0.00328718
284	2.51383e-09	0.678016	-0.931323	-0.000395812	0.755797	0.543263	0.00152953
285	2.51383e-09	0.168669	-1.13805	-9.38993e-05	0.92143	0.136606	-0.0018108
286	2.51383e-09	-0.342461	-1.09354	-0.000579385	0.889281	-0.278845	-6.57706e-05
287	2.51383e-09	-1.09861	0.270769	-0.0020665	-0.217314	-0.915831	0.000556946
288	2.51383e-09	1.00787	-0.562403	0.00138106	0.458754	0.809812	0.00181084
289	2.51383e-09	1.08779	0.384071	-0.00103019	-0.305913	0.878563	-0.00346803
290	2.51383e-09	1.13603	-0.018211	0.00108161	0.0199853	0.938945	-0.00302295
291	2.51383e-09	0.87303	0.73908	0.00188082	-0.606738	0.713425	0.000201204
292	2.51383e-09	-0.860073	-0.76743	0.00119204	0.622512	-0.692891	-0.000999435
293	2.51383e-09	-0.957274	0.621592	0.0017425	-0.509884	-0.781556	0.000516208
294	2.51383e-09	-1.11738	0.351026	0.00501204	-0.274903	-0.879721	0.00363019
295	2.51383e-09	-0.063858	-1.1354	0.00248447	0.937477	-0.0560624	-0.00178342
296	2.51383e-09	-0.949701	0.663331	0.00239135	-0.53135	-0.761436	-0.00356854
297	2.51383e-09	-0.513861	1.01059	3.76642e-05	-0.838012	-0.427394	0.000894437
298	2.51383e-09	-0.930235	-0.674689	0.00023582	0.55122	-0.753752	0.00175912
299	2.51383e-09	0.578972	1.01514	0.000780732	-0.80803	0.449835	-0.00196195
300	2.51383e-09	-0.358873	1.1113	-0.0040682	-0.879338	-0.285459	-0.000666824
301	2.51383e-09	-1.01816	0.539411	0.00297849	-0.436448	-0.827678	-0.000492204
302	2.51383e-09	-0.0333634	1.1713	-0.00436278	-0.92163	-0.0214648	0.000592897
303	2.51383e-09	-0.858393	0.767021	-0.00132221	-0.617888	-0.699087	-0.000259226
304	2.51383e-09	1.16199	0.152278	-0.000760124	-0.121563	0.918108	0.000220393
305	2.51383e-09	-0.894465	0.724336	0.00257959	-0.586217	-0.724876	0.000296396
306	2.51383e-09	-0.304201	-1.10165	-0.00165277	0.902197	-0.24827	-0.00158547
307	2.51383e-09	-0.207202	-1.14092	-0.00206718	0.914659	-0.16574	-0.00169144
308	2.51383e-09	-0.955032	0.671278	0.000907247	-0.531145	-0.760167	0.00304106
309	2.51383e-09	1.101	0.266671	-0.00155895	-0.219008	0.916611	0.00221793
310	2.51383e-09	1.14924	0.108009	-0.000904914	-0.0857782	0.929652	-0.00222262
311	2.51383e-09	-0.873123	-0.754348	0.00507247	0.609442	-0.704614	4.49522e-05
312	2.51383e-09	0.943749	0.674705	-0.00191684	-0.537229	0.760692	-0.00159184
313	2.51383e-09	-0.934103	-0.681585	0.00286666	0.547236	-0.748672	0.00171597
314	2.51383e-09	-0.515914	1.01735	-0.00131569	-0.832606	-0.431231	-5.11974e-05
315	2.51383e-09	0.945659	0.686705	-0.00109757	-0.539246	0.749821	0.00248984
316	2.51383e-09	0.491507	-1.05738	0.00204372	0.842894	0.385852	-0.000111123
317	2.51383e-09	1.01861	-0.568994	0.00311066	0.449872	0.805592	0.00243201
318	2.51383e-09	1.1645	0.0593394	-0.00165376	-0.0458158	0.923921	-0.000688455
319	2.51383e-09	0.226566	1.15338	-0.00158268	-0.903695	0.176442	-0.00182889
320	2.51383e-09	-0.963989	0.673021	-0.000934184	-0.530148	-0.752817	0.000212032
321	2.51383e-09	1.15688	0.101802	0.00207879	-0.0781141	0.925556	0.000174923
322	2.51383e-09	-0.0803627	-1.15206	0.00382616	0.928867	-0.065923	-0.00152178
323	2.51383e-09	1.10325	0.332168	-0.000830833	-0.275288	0.891965	0.000789742
324	2.51383e-09	-0.941124	-0.720868	-0.000725585	0.555889	-0.728108	0.000369383
325	2.51383e-09	-1.06631	-0.471812	0.000396359	0.374946	-0.842701	0.00272226
326	2.51383e-09	-0.902158	-0.745706	-0.0051621	0.585258	-0.718815	0.00389257
327	2.51383e-09	1.08355	-0.454843	-0.00237291	0.357326	0.850532	0.000130707
328	2.51383e-09	-1.11158	0.214523	0.000427891	-0.174546	-0.925239	-0.00441623
329	2.51383e-09	0.296371	-1.14475	0.000918069	0.889782	0.222978	0.00115134
330	2.51383e-09	1.07917	0.404223	0.000795907	-0.330403	0.872478	0.00136861
331	2.51383e-09	-0.946393	-0.64809	0.00135233	0.529633	-0.771056	0.00239198
332	2.51383e-09	-0.244598	1.15035	-0.00383067	-0.902803	-0.194764	-0.00129488
333	2.51383e-09	-0.684538	-0.952475	-0.00204517	0.750634	-0.537903	0.000812043
334	2.51383e-09	-1.11205	-0.373998	-0.000945086	0.297596	-0.871845	0.00107206
335	2.51383e-09	-0.725465	0.93062	0.000165286	-0.727734	-0.566602	0.00136411
336	2.51383e-09	1.15175	-0.244256	0.00238988	0.196974	0.900729	0.000387911
337	2.51383e-09	0.894993	-0.760808	-0.00167374	0.599222	0.705334	-0.00104652
338	2.51383e-09	0.628268	0.977155	-0.00023194	-0.781535	0.500759	0.00022896
339	2.51383e-09	0.0375807	1.18329	-0.00448739	-0.918946	0.0324452	0.000953395
340	2.51383e-09	-1.14458	-0.278141	-0.00352107	0.209912	-0.898296	-0.000499301
341	2.51383e-09	-0.422126	-1.10821	0.000110355	0.860227	-0.321456	-0.00102027
342	2.51383e-09	-0.6814	-0.926546	-0.00149813	0.749485	-0.552705	0.000168589
343	2.51383e-09	-1.06059	-0.457415	-0.000227102	0.367701	-0.857498	-0.000337673
344	2.51383e-09	-1.14549	0.279464	-0.00161791	-0.216257	-0.893973	-5.96826e-05
345	2.51383e-09	-0.229554	1.13984	0.00222556	-0.907709	-0.182993	-0.00200314
346	2.51383e-09	-0.984379	-0.652817	-0.00295887	0.507221	-0.763483	-0.000701453
347	2.51383e-09	0.112426	1.17269	0.00027614	-0.917924	0.0861935	0.000588396
348	2.51383e-09	-0.421274	-1.09293	0.00166792	0.86332	-0.333313	-0.001398
349	2.51383e-09	0.437874	-1.10206	-0.000207063	0.852834	0.338462	0.000882801
350	2.51383e-09	0.648502	0.972532	-0.0025033	-0.767226	0.515723	-0.000578573
351	2.51383e-09	-0.780917	0.901952	-1.01443e-05	-0.691371	-0.602658	0.000634839
352	2.51383e-09	-1.10207	0.413784	0.000994862	-0.323632	-0.860329	-0.0019021
353	2.51383e-09	-1.14353	-0.345578	0.000626801	0.267108	-0.876413	-0.00268809
354	2.51383e-09	-0.324619	-1.12996	0.00153478	0.887205	-0.251458	-0.00065336
355	2.51383e-09	0.194509	1.14497	-0.000679555	-0.91387	0.15433	-0.00150614
356	2.51383e-09	-0.223886	1.17153	0.00126837	-0.901095	-0.17476	0.00264198
357	2.51383e-09	1.15915	0.189811	-0.00203707	-0.149539	0.909303	-0.00143933
358	2.51383e-09	0.599405	-1.03581	0.00237643	0.790405	0.456958	0.00161337
359	2.51383e-09	1.03553	-0.621463	0.00141973	0.471438	0.777627	0.0022832
360	2.51383e-09	-0.11245	1.16258	-4.38116e-05	-0.924106	-0.0911919	-0.000179061
361	2.51383e-09	-0.932759	-0.708735	-0.000681249	0.559934	-0.737219	-0.00161726
362	2.51383e-09	-0.0687058	-1.16437	0.00274199	0.926206	-0.05785	0.00086379
363	2.51383e-09	-0.15876	1.17484	-0.00116925	-0.911372	-0.116728	0.0016735
364	2.51383e-09	-1.16091	0.0227901	-0.00197736	-0.0165642	-0.929013	0.000457203
365	2.51383e-09	1.19242	0.0415287	-0.000332974	-0.0283579	0.917993	-0.00132951
366	2.51383e-09	-0.814631	0.864867	-0.000802184	-0.671297	-0.627691	0.00205573
367	2.51383e-09	-1.15949	-0.186066	0.00151316	0.139796	-0.912473	-0.00287926
368	2.51383e-09	0.601907	-1.03509	-0.00247233	0.789818	0.46066	-0.00178013
369	2.51383e-09	-0.149165	-1.19051	-0.00190651	0.902516	-0.10894	-0.00144945
370	2.51383e-09	1.13498	-0.333955	-0.00336816	0.261628	0.884305	-0.000793816
371	2.51383e-09	-1.15205	0.36253	-0.00204059	-0.270557	-0.869046	-0.000219249
372	2.51383e-09	-1.19857	-0.103763	0.00122471	0.0823941	-0.905769	-0.00211624
373	2.51383e-09	1.11323	-0.413243	0.00114472	0.317671	0.858483	0.000764555
374	2.51383e-09	0.182375	-1.19733	0.0041154	0.896877	0.141468	-0.000754972
375	2.51383e-09	-0.305553	-1.15237	-0.00297888	0.882963	-0.240698	-0.00229398
376	2.51383e-09	1.18728	-0.0347084	-0.000211517	0.0245564	0.915273	-0.000503204
377	2.51383e-09	-0.77473	0.899715	-0.000179	-0.697207	-0.5955	0.00125078
378	2.51383e-09	1.15774	-0.306284	0.000598551	0.232107	0.883336	0.000640989
379	2.51383e-09	0.452228	1.09854	0.00353416	-0.844688	0.355711	0.00231903
380	2.51383e-09	-1.15897	0.19687	0.00222223	-0.157158	-0.908703	-0.000719682
381	2.51383e-09	-0.0246424	1.19001	-0.00264267	-0.917575	-0.0210723	0.00147808
382	2.51383e-09	0.273599	-1.16288	-0.000412851	0.892018	0.213115	0.000730321
383	2.51383e-09	1.07354	-0.494686	0.000490177	0.388081	0.834068	0.00116022
384	2.51383e-09	0.742948	0.943455	0.00581764	-0.718321	0.566238	0.000306823
385	2.51383e-09	-0.500715	-1.06515	0.00123915	0.833119	-0.392945	0.00173805
386	2.51383e-09	1.19706	-0.0695247	0.00259344	0.0551773	0.90997	-0.00172701
387	2.51383e-09	-0.565811	-1.05389	-0.00173612	0.805938	-0.433807	-0.0022221
388	2.51383e-09	-0.069219	1.19369	-0.001067	-0.914527	-0.0571757	0.00197294
389	2.51383e-09	-1.01801	-0.600152	-0.00518929	0.466717	-0.793576	0.000646995
390	2.51383e-09	-1.1666	-0.188484	-6.66545e-05	0.14379	-0.90984	-0.000758472
391	2.51383e-09	0.765927	0.942975	-0.00182141	-0.7001	0.57472	-0.00147515
392	2.51383e-09	-1.17212	-0.254727	-0.000353141	0.192215	-0.891427	0.00500743
393	2.51383e-09	-1.11263	-0.451357	0.00216095	0.348511	-0.84584	-0.000767663
394	2.51383e-09	1.07685	0.527133	-0.00144709	-0.400422	0.823884	0.000993812
395	2.51383e-09	1.19851	-0.175094	-3.50334e-05	0.126561	0.896734	0.000440961
396	2.51383e-09	-1.2017	-0.0892565	-0.00249191	0.0753155	-0.911002	0.000437928
397	2.51383e-09	-0.0213514	1.2054	0.0022399	-0.909644	-0.0140061	0.00192099
398	2.51383e-09	-1.07988	0.523086	0.000627454	-0.398309	-0.823024	0.00130795
399	2.51383e-09	0.598077	-1.03815	-0.00143871	0.793002	0.456145	0.000122388
400	2.51383e-09	1.03664	0.618311	0.00233463	-0.461957	0.781584	-0.000964774
