3.691999e+03
401
0	1	0.000170715	0.000105865	-1.55716e-07	8.87824e-09	7.07182e-08	-9.28272e-11
1	2.51383e-09	-0.0989694	1.00121	0.000275456	-0.989287	-0.0991076	-0.000789995
2	2.51383e-09	0.721001	0.710502	-0.00131778	-0.697838	0.706995	0.000823622
3	2.51383e-09	-0.795497	0.603823	-0.000889936	-0.603291	-0.796591	-0.000474369
4	2.51383e-09	0.942664	-0.330933	-0.000658566	0.330084	0.944393	0.000626113
5	2.51383e-09	0.945974	0.330739	-0.000895483	-0.331291	0.942533	0.000411565
6	2.51383e-09	0.212375	-0.993684	-0.000832442	0.969488	0.201756	-0.00103076
7	2.51383e-09	-0.813135	0.586781	0.0032744	-0.584297	-0.810315	0.00115869
8	2.51383e-09	0.233382	0.974368	0.000545237	-0.97045	0.233826	-0.000109325
9	2.51383e-09	-0.889161	-0.467968	-0.00066116	0.463998	-0.881408	0.000286139
10	2.51383e-09	0.706764	0.712991	-0.000934124	-0.709617	0.699918	0.000109963
11	2.51383e-09	-0.815579	-0.585056	0.000766856	0.580667	-0.811266	0.000173713
12	2.51383e-09	0.550047	-0.854294	-0.000123046	0.835076	0.53783	9.72261e-05
13	2.51383e-09	0.958135	0.312146	0.000992633	-0.309006	0.945363	0.0022727
14	2.51383e-09	0.440298	0.914688	0.00180547	-0.89142	0.429123	0.00145564
15	2.51383e-09	-0.836931	0.555189	0.00151976	-0.543636	-0.834492	0.000906536
16	2.51383e-09	0.78684	0.613312	-0.000469262	-0.617097	0.790027	-0.00116992
17	2.51383e-09	1.00756	0.0181133	0.00122092	-0.019846	0.994642	0.000724182
18	2.51383e-09	-0.656076	-0.769484	-0.0015062	0.754517	-0.650019	8.36679e-05
19	2.51383e-09	-0.0582731	-1.0188	-0.000135345	0.986053	-0.0529202	0.00106374
20	2.51383e-09	0.472542	-0.917048	-0.00175206	0.872799	0.455257	0.00029976
21	2.51383e-09	-0.274841	-0.97637	-0.00144533	0.954002	-0.264535	0.00203471
22	2.51383e-09	-0.969027	0.297789	0.000322035	-0.293464	-0.950184	0.00154101
23	2.51383e-09	0.186777	-0.993616	-0.000442872	0.981003	0.182632	-0.0025815
24	2.51383e-09	-0.571535	0.833485	0.000268016	-0.825044	-0.559267	0.0010695
25	2.51383e-09	0.892243	0.498425	-0.00160476	-0.483255	0.862938	0.0021879
26	2.51383e-09	0.751531	-0.678419	0.00176152	0.66249	0.741555	0.000116132
27	2.51383e-09	-0.970348	0.261617	0.000830906	-0.264238	-0.963474	0.00217228
28	2.51383e-09	-0.477425	0.89805	-0.000234795	-0.87325	-0.46895	0.000323114
29	2.51383e-09	0.751527	-0.678461	-0.000269431	0.666231	0.73893	0.00189912
30	2.51383e-09	-1.00025	-0.117403	0.000666874	0.118267	-0.990523	0.00249825
31	2.51383e-09	-0.903959	0.449294	-5.11426e-05	-0.441428	-0.890756	-0.00147574
32	2.51383e-09	-0.206994	-0.986283	0.000845818	0.974461	-0.204191	0.000221142
33	2.51383e-09	-0.905224	-0.460299	-0.00139671	0.448275	-0.888095	-0.000818715
34	2.51383e-09	-0.0522455	-1.03653	0.000604147	0.979245	-0.0500497	-0.000736232
35	2.51383e-09	-0.788571	0.652927	-0.00132077	-0.624511	-0.764651	0.000862881
36	2.51383e-09	-0.601095	-0.813005	0.000415823	0.801943	-0.590375	0.00214816
37	2.51383e-09	-0.764393	-0.677219	-0.00201329	0.655541	-0.740189	-0.00332413
38	2.51383e-09	-0.622549	0.788007	0.000365105	-0.782207	-0.620533	0.00141614
39	2.51383e-09	0.305262	-0.959618	0.000354377	0.949464	0.304739	-0.00136681
40	2.51383e-09	-0.870724	-0.508851	0.00119331	0.501483	-0.860028	0.00135788
41	2.51383e-09	-0.0119531	1.01449	-0.000305508	-0.993199	-0.011874	-0.00253031
42	2.51383e-09	-1.00983	0.187201	-0.000214568	-0.178895	-0.971216	-0.00209179
43	2.51383e-09	-0.983206	0.251094	-0.000505864	-0.248863	-0.961401	0.00221524
44	2.51383e-09	0.752082	0.706823	-0.0020769	-0.669478	0.719426	-0.0012556
45	2.51383e-09	1.02782	-0.0511758	-0.00104429	0.0528664	0.985069	-0.00175434
46	2.51383e-09	-0.759435	-0.683138	-0.00076097	0.662898	-0.736162	0.00266674
47	2.51383e-09	0.561188	-0.851876	7.19591e-05	0.824412	0.548228	-0.00133507
48	2.51383e-09	-0.913065	-0.455271	-0.000510362	0.44242	-0.886793	-7.66608e-06
49	2.51383e-09	0.322869	-0.972687	0.000266899	0.938418	0.313609	0.00059645
50	2.51383e-09	-0.776713	0.67369	0.00189701	-0.646279	-0.743644	0.00202653
51	2.51383e-09	-0.645303	-0.791318	0.000185007	0.767854	-0.622112	0.000396596
52	2.51383e-09	-0.564021	-0.862495	-0.000860645	0.824915	-0.538877	-0.000647055
53	2.51383e-09	0.510312	0.88537	0.000851895	-0.856958	0.493327	0.000470244
54	2.51383e-09	-0.948735	0.356405	0.000156438	-0.345767	-0.933088	-0.00020398
55	2.51383e-09	-0.707441	-0.757352	0.000824055	0.717519	-0.668505	-0.000221756
56	2.51383e-09	0.839528	0.589578	0.000441935	-0.570924	0.805058	0.00292675
57	2.51383e-09	-0.321794	0.9856	0.0012454	-0.937096	-0.300014	0.000594894
58	2.51383e-09	0.654547	-0.809476	-0.00104503	0.763479	0.614433	0.00139529
59	2.51383e-09	-0.384124	-0.961675	-0.000389582	0.907949	-0.365989	0.0015639
60	2.51383e-09	-0.40293	-0.941628	0.00105365	0.90634	-0.391384	0.00187213
61	2.51383e-09	-1.01679	0.246021	0.00173956	-0.230224	-0.947375	-0.00148971
62	2.51383e-09	-0.116297	1.02392	0.00158219	-0.978876	-0.111591	0.00122439
63	2.51383e-09	-0.454314	0.9143	0.000460843	-0.886838	-0.442991	-6.23806e-05
64	2.51383e-09	0.00670049	-1.02548	0.0019328	0.988246	0.0043606	0.000618107
65	2.51383e-09	-0.429446	-0.943138	-0.00132472	0.895085	-0.405635	0.00106426
66	2.51383e-09	-0.762924	-0.694763	-0.000748606	0.663823	-0.723698	0.00312706
67	2.51383e-09	1.02819	0.0701462	0.000813015	-0.0692859	0.984487	0.000788648
68	2.51383e-09	-1.00283	-0.237093	0.00157134	0.227194	-0.956857	-0.000177577
69	2.51383e-09	-0.706222	0.746136	0.00016926	-0.715661	-0.680008	-0.00174116
70	2.51383e-09	-0.933249	-0.436883	0.000326998	0.420453	-0.890688	-0.00260653
71	2.51383e-09	-1.02284	-0.14768	2.9478e-05	0.140961	-0.974337	-3.8747e-06
72	2.51383e-09	0.972146	-0.394128	-0.00070311	0.362382	0.906898	0.000165587
73	2.51383e-09	-0.688947	0.77472	-0.00230749	-0.732651	-0.655746	0.00103216
74	2.51383e-09	-0.20585	-1.0197	0.0014081	0.964034	-0.190988	0.000775772
75	2.51383e-09	-0.257031	-1.00166	-0.000239028	0.952663	-0.24774	1.05494e-06
76	2.51383e-09	0.878893	-0.570072	-0.00195558	0.532407	0.819232	-5.47495e-05
77	2.51383e-09	-0.907589	0.539143	9.43999e-05	-0.494891	-0.837197	-0.0013085
78	2.51383e-09	-0.0141053	-1.0368	-0.00151232	0.984553	-0.00809872	0.000223777
79	2.51383e-09	-0.637496	0.807463	-0.000825485	-0.777599	-0.608701	0.00284454
80	2.51383e-09	1.00566	0.291725	0.000754346	-0.27303	0.937644	0.000474577
81	2.51383e-09	0.661149	-0.808681	-0.00104595	0.757404	0.620407	0.000703687
82	2.51383e-09	0.753567	-0.740756	0.00024096	0.680063	0.691123	7.0042e-06
83	2.51383e-09	-1.03735	0.056552	-0.00174231	-0.05634	-0.980679	0.000881562
84	2.51383e-09	-1.02993	-0.18885	0.000128872	0.17411	-0.960828	0.000609509
85	2.51383e-09	0.857488	0.569963	0.00121304	-0.54826	0.818608	0.000506133
86	2.51383e-09	-0.860278	0.597379	0.000351538	-0.556678	-0.802052	0.000854925
87	2.51383e-09	0.415166	-0.952236	-0.000699369	0.895861	0.397345	-0.00103871
88	2.51383e-09	0.119085	1.02664	0.00173817	-0.977441	0.11467	-0.00141196
89	2.51383e-09	-0.721639	0.776757	-0.000827462	-0.710201	-0.663499	1.97622e-05
90	2.51383e-09	-0.122706	1.03594	-0.000387463	-0.972824	-0.117857	-0.00157024
91	2.51383e-09	0.58381	-0.848548	0.00283421	0.813193	0.5593	0.000654889
92	2.51383e-09	-0.660923	-0.812652	-0.000148018	0.760526	-0.615008	-0.00153404
93	2.51383e-09	1.03242	0.207114	-0.000746604	-0.196281	0.956111	-0.000262756
94	2.51383e-09	0.0775284	-1.04617	-0.000436509	0.971726	0.0745515	-0.00156268
95	2.51383e-09	1.03821	-0.111326	0.0012069	0.104481	0.971099	-0.000915727
96	2.51383e-09	0.318278	0.996233	-0.000395889	-0.933725	0.298379	-0.000985236
97	2.51383e-09	-0.609403	-0.851939	0.00146764	0.795438	-0.572012	0.00396605
98	2.51383e-09	0.413819	0.980985	-0.000159357	-0.890012	0.379796	0.00218852
99	2.51383e-09	-1.02186	-0.276257	2.68722e-05	0.257268	-0.938823	0.00137973
100	2.51383e-09	-0.957263	0.42873	-0.000345089	-0.402373	-0.890441	-0.00149806
101	2.51383e-09	-0.686721	0.775606	-0.000895139	-0.73467	-0.651034	0.00119354
102	2.51383e-09	-0.774921	0.69531	-0.00183147	-0.652533	-0.727818	0.000829716
103	2.51383e-09	-0.972369	0.3881	-0.00189483	-0.361743	-0.910053	7.90769e-05
104	2.51383e-09	0.771115	0.715643	-0.00129748	-0.664956	0.713839	0.000642815
105	2.51383e-09	-1.0154	0.254437	-0.000538075	-0.231674	-0.950978	0.000468439
106	2.51383e-09	0.782507	0.698492	-0.000138232	-0.651176	0.728535	0.00161741
107	2.51383e-09	0.187652	1.04492	0.00038279	-0.952902	0.170308	0.00177031
108	2.51383e-09	0.499481	0.937202	0.00173548	-0.857378	0.456097	-0.000815602
109	2.51383e-09	0.336825	-1.00308	-0.00220019	0.920267	0.311285	0.000555615
110	2.51383e-09	0.543894	-0.906384	-0.000577931	0.831583	0.502093	-0.00142254
111	2.51383e-09	1.06599	0.0954172	0.000384596	-0.0863759	0.962717	-0.00032413
112	2.51383e-09	1.04692	0.182979	-0.000537469	-0.165757	0.953619	-0.000740419
113	2.51383e-09	0.871332	0.599859	0.00156001	-0.552946	0.800199	-0.00039151
114	2.51383e-09	-0.20393	-1.03193	-0.00166648	0.956768	-0.188073	-0.00040442
115	2.51383e-09	1.01864	-0.323802	-0.00221689	0.292698	0.919517	0.00049084
116	2.51383e-09	1.04647	0.108733	-0.000943617	-0.0972333	0.970762	-0.000803927
117	2.51383e-09	-0.451994	-0.95956	0.000286434	0.879439	-0.414967	0.00129228
118	2.51383e-09	-0.871882	-0.608431	0.000373525	0.555658	-0.796125	0.00204091
119	2.51383e-09	1.04415	-0.0913819	0.000755856	0.0821118	0.973726	-0.00189422
120	2.51383e-09	0.217249	-1.02732	-0.00225629	0.956133	0.199367	0.00113057
121	2.51383e-09	-0.810109	-0.687054	0.000898931	0.628408	-0.738291	-0.000196758
122	2.51383e-09	0.736194	0.780375	-0.00146639	-0.70009	0.662678	0.00085273
123	2.51383e-09	0.813857	0.667393	0.000832865	-0.619078	0.749964	0.00134135
124	2.51383e-09	1.08104	0.0655835	0.00229445	-0.064612	0.957135	-0.0017255
125	2.51383e-09	-1.05081	-0.101734	-0.000847378	0.0917256	-0.968984	-0.000676154
126	2.51383e-09	0.760012	-0.734304	-0.000721956	0.672694	0.705244	-0.00108391
127	2.51383e-09	-0.890427	0.572355	0.0016852	-0.526844	-0.815929	0.00152685
128	2.51383e-09	-0.959938	-0.455675	-0.00196703	0.418512	-0.876457	-7.99482e-05
129	2.51383e-09	-1.06538	0.0190306	-0.00126711	-0.0149675	-0.965994	-0.00199329
130	2.51383e-09	-0.10907	1.0495	-3.95852e-05	-0.969695	-0.0973086	-0.000614759
131	2.51383e-09	-0.721988	-0.804383	0.000375642	0.711516	-0.645207	-0.00230428
132	2.51383e-09	0.579222	0.907749	0.000878441	-0.809118	0.522964	0.00144058
133	2.51383e-09	-0.846214	-0.650977	0.00316316	0.587802	-0.767692	-0.00147141
134	2.51383e-09	0.539682	0.921219	-0.00119444	-0.831799	0.492247	-0.00112628
135	2.51383e-09	-0.800942	-0.70652	-0.00140887	0.642328	-0.723823	0.00199888
136	2.51383e-09	0.642996	-0.864627	0.00124448	0.773331	0.573986	0.00224046
137	2.51383e-09	-0.403923	-0.980983	0.00285402	0.898235	-0.37019	0.000266652
138	2.51383e-09	1.0681	0.0600825	0.00224682	-0.0531568	0.965444	0.000776619
139	2.51383e-09	0.831743	0.670489	-0.00143733	-0.60759	0.754162	-0.000928953
140	2.51383e-09	1.04114	-0.30254	0.000261144	0.268182	0.92222	-0.00116228
141	2.51383e-09	0.987788	-0.394636	-0.00282728	0.359269	0.903179	-0.00107892
142	2.51383e-09	0.642842	0.868971	-0.00133586	-0.770522	0.571002	-5.96721e-05
143	2.51383e-09	0.138002	1.05941	0.000548098	-0.959348	0.123207	0.000901621
144	2.51383e-09	-0.642369	-0.879386	0.00198958	0.774419	-0.5624	0.000366225
145	2.51383e-09	0.419841	0.985345	-0.000820559	-0.888751	0.379864	-0.00128757
146	2.51383e-09	-0.774034	-0.768825	0.00130327	0.677075	-0.678047	-0.000641545
147	2.51383e-09	1.08199	-0.0903816	-0.00149037	0.074109	0.955643	0.00122071
148	2.51383e-09	-0.515824	0.957595	0.00064464	-0.843718	-0.451625	0.000122089
149	2.51383e-09	-0.73257	0.768451	0.000994576	-0.701247	-0.677475	-0.000347159
150	2.51383e-09	0.738676	-0.785232	-0.00212253	0.700857	0.659296	0.00175662
151	2.51383e-09	0.221793	1.0568	-0.000361164	-0.941671	0.198009	0.00129738
152	2.51383e-09	-0.364799	1.00352	0.00123934	-0.908874	-0.333483	0.00172764
153	2.51383e-09	-0.497988	-0.96847	-0.00106344	0.850837	-0.437663	-0.000386364
154	2.51383e-09	-0.207711	1.07158	-8.22469e-05	-0.940582	-0.178044	-0.00262483
155	2.51383e-09	-0.318916	-1.03067	2.06474e-05	0.917161	-0.285183	0.00130545
156	2.51383e-09	-0.523818	0.936727	-0.00205351	-0.844245	-0.469502	0.0010183
157	2.51383e-09	0.427606	0.98674	-0.00136215	-0.885939	0.380984	0.000674582
158	2.51383e-09	-0.325931	1.04014	0.000973738	-0.913588	-0.289995	-0.00144783
159	2.51383e-09	0.0514532	1.07564	0.00292067	-0.96276	0.0449457	-0.000736602
160	2.51383e-09	-1.06911	0.000348839	-0.00039418	-0.0016029	-0.968073	-0.00241952
161	2.51383e-09	0.654664	0.866973	-0.00132749	-0.767717	0.576131	-0.000262918
162	2.51383e-09	-1.09158	-0.0853909	9.82766e-05	0.0726776	-0.952531	0.000952314
163	2.51383e-09	0.991296	-0.418339	-0.000638672	0.374514	0.887483	-0.00234551
164	2.51383e-09	-0.0990656	1.0583	-0.000650638	-0.965227	-0.0876518	-3.65753e-05
165	2.51383e-09	-0.910444	-0.613726	0.000526573	0.531997	-0.789494	-0.00128686
166	2.51383e-09	-0.902907	-0.604951	-0.000942032	0.537219	-0.794689	0.00143427
167	2.51383e-09	1.07453	-0.16954	-0.000178971	0.154095	0.944791	-0.00318665
168	2.51383e-09	-0.810465	0.704552	0.000158846	-0.632275	-0.73299	-0.00160531
169	2.51383e-09	-0.73178	0.803558	-0.000569392	-0.706143	-0.645356	0.000983325
170	2.51383e-09	-0.602313	-0.910775	0.00268517	0.800632	-0.52689	-0.00172884
171	2.51383e-09	-0.2922	-1.04613	0.000772011	0.924229	-0.259708	0.0027096
172	2.51383e-09	0.816563	-0.731756	-0.000120106	0.639496	0.712226	-0.00076624
173	2.51383e-09	0.773129	0.78135	9.0349e-05	-0.676389	0.673066	0.00223624
174	2.51383e-09	0.462467	-0.995616	0.000794906	0.865931	0.404224	0.000689073
175	2.51383e-09	-1.07383	-0.186456	0.00028747	0.169463	-0.943697	-0.000128257
176	2.51383e-09	0.659127	-0.852134	0.000716073	0.763358	0.586004	-0.00123012
177	2.51383e-09	-0.938424	-0.573948	-0.00172865	0.497925	-0.814071	0.00143826
178	2.51383e-09	0.234612	1.06389	0.000939618	-0.934741	0.205027	-0.000758234
179	2.51383e-09	0.805447	0.735826	-0.000616266	-0.648825	0.705015	-0.000317548
180	2.51383e-09	-1.03035	0.356406	-0.00149938	-0.316521	-0.902237	-0.000607556
181	2.51383e-09	0.369029	1.03095	-0.000109363	-0.902053	0.322164	0.00086383
182	2.51383e-09	1.07078	0.174305	-0.000715004	-0.155209	0.948564	0.00231498
183	2.51383e-09	0.999932	0.460887	-0.00170272	-0.398431	0.865925	-0.000345029
184	2.51383e-09	-0.38724	1.03924	-0.00018597	-0.88908	-0.331591	0.000116876
185	2.51383e-09	0.2343	-1.05965	-0.000926735	0.936595	0.20781	-0.000175885
186	2.51383e-09	-1.0753	-0.0540489	-9.24472e-05	0.0439141	-0.963405	-0.000698508
187	2.51383e-09	-0.995398	-0.429832	0.000952683	0.380643	-0.881386	-8.19061e-05
188	2.51383e-09	-0.0202974	-1.09321	-0.000705158	0.95615	-0.0196862	-0.000842594
189	2.51383e-09	-0.436841	-1.00709	0.00128688	0.875183	-0.382715	-6.10558e-05
190	2.51383e-09	-1.08942	-0.182135	0.00131539	0.151294	-0.940505	0.000882904
191	2.51383e-09	0.896713	-0.631471	0.0015781	0.550977	0.778665	-0.00125597
192	2.51383e-09	-0.245327	1.07653	0.00131298	-0.926769	-0.208608	-0.00273406
193	2.51383e-09	-0.145374	1.08992	-6.77036e-05	-0.947305	-0.125138	0.00197484
194	2.51383e-09	-0.756174	-0.813545	-0.000976841	0.690927	-0.649892	0.000370425
195	2.51383e-09	-0.609693	0.899371	-0.0017751	-0.797318	-0.534189	-0.00127832
196	2.51383e-09	-0.0339346	-1.0953	-0.000581606	0.955233	-0.0252804	-0.000291534
197	2.51383e-09	-1.07827	-0.166845	0.00101636	0.149259	-0.947452	0.000244665
198	2.51383e-09	1.09153	0.198493	0.00176118	-0.174058	0.933334	0.000544805
199	2.51383e-09	0.845223	0.709847	0.000600337	-0.614652	0.726209	0.000332157
200	2.51383e-09	-1.04439	0.357606	-0.00223065	-0.306034	-0.902351	-0.000499841
201	2.51383e-09	0.52324	0.972425	-0.00273944	-0.838431	0.448845	-0.000421771
202	2.51383e-09	1.08483	-0.171793	0.00295343	0.145244	0.942921	0.000596451
203	2.51383e-09	-0.511913	0.950564	-7.60861e-05	-0.846927	-0.456513	0.000414614
204	2.51383e-09	-0.153891	-1.09447	-0.001969	0.942691	-0.128387	-0.000757352
205	2.51383e-09	-0.9684	-0.574151	0.000825338	0.481542	-0.809168	-0.000721576
206	2.51383e-09	0.422307	-1.01839	-0.00320553	0.881926	0.361468	0.000697176
207	2.51383e-09	-0.455476	-1.01217	0.00148775	0.866306	-0.390667	9.32003e-05
208	2.51383e-09	-0.703004	-0.838602	0.000700623	0.730036	-0.615249	-0.000466752
209	2.51383e-09	-0.229456	1.07132	0.00170076	-0.935224	-0.199511	-0.0009605
210	2.51383e-09	0.317241	1.06199	0.000901547	-0.910994	0.274411	0.000287952
211	2.51383e-09	0.0972593	-1.09484	-0.00101681	0.951126	0.0813613	-0.000341925
212	2.51383e-09	0.439242	-1.03499	0.00139408	0.867873	0.369038	-0.0010229
213	2.51383e-09	0.0799811	-1.09456	-0.00129712	0.950531	0.0676195	-0.000347296
214	2.51383e-09	0.200677	-1.0794	0.000625889	0.940471	0.174381	0.000981123
215	2.51383e-09	-1.09818	0.1728	0.00300949	-0.154406	-0.93635	0.000210156
216	2.51383e-09	-0.607305	-0.923094	-0.000145961	0.795589	-0.526038	0.00216367
217	2.51383e-09	0.113022	1.10696	6.51113e-05	-0.943629	0.10065	0.000551714
218	2.51383e-09	1.00373	-0.410686	0.00135525	0.366876	0.88864	0.00033418
219	2.51383e-09	0.770762	0.804055	-0.00091786	-0.685642	0.654757	-0.00126762
220	2.51383e-09	-0.176073	-1.09721	-0.0020857	0.936408	-0.151127	-0.00186935
221	2.51383e-09	-0.0983378	-1.10131	-0.0012492	0.945664	-0.0880304	-0.000491825
222	2.51383e-09	1.11134	-0.0659497	0.000616018	0.0583338	0.947197	-0.00174689
223	2.51383e-09	0.261737	-1.08387	0.00171399	0.921391	0.225051	-0.000270626
224	2.51383e-09	-0.43804	-1.0143	0.000698513	0.870766	-0.378972	-0.000643853
225	2.51383e-09	-0.226304	1.0951	-0.00240657	-0.925899	-0.184553	0.00010469
226	2.51383e-09	-1.07121	-0.346629	0.000363446	0.29108	-0.896094	0.000838796
227	2.51383e-09	0.572362	-0.956837	-0.000730946	0.809446	0.487231	-0.00104212
228	2.51383e-09	0.38021	-1.04681	-0.000345627	0.890908	0.3224	-0.000509661
229	2.51383e-09	1.07933	0.344217	0.00299312	-0.286876	0.893093	0.000419147
230	2.51383e-09	1.12743	-0.125706	0.00188627	0.1051	0.932426	-0.00124993
231	2.51383e-09	1.03133	-0.453116	-0.00147322	0.376401	0.865464	-0.000988646
232	2.51383e-09	-0.529786	-0.963727	-0.000399887	0.838246	-0.459897	-0.00248229
233	2.51383e-09	1.08185	-0.309082	-0.000726652	0.260127	0.903335	0.00132024
234	2.51383e-09	0.884764	0.688946	-0.000339211	-0.581832	0.743225	-0.000354039
235	2.51383e-09	0.463889	1.01484	0.000762997	-0.862673	0.390131	0.00450962
236	2.51383e-09	-0.502763	1.01957	0.00190041	-0.83862	-0.416709	3.672e-05
237	2.51383e-09	0.288198	1.08148	0.000522203	-0.914002	0.243054	0.000311576
238	2.51383e-09	1.09846	0.259982	0.00223962	-0.212044	0.916577	-5.52655e-05
239	2.51383e-09	-0.471434	-0.999674	-0.00261241	0.861056	-0.40574	0.00022674
240	2.51383e-09	-0.726338	0.873003	-0.000275657	-0.721681	-0.598075	0.00241751
241	2.51383e-09	-1.09368	0.26414	-0.00121374	-0.227878	-0.913635	0.000945898
242	2.51383e-09	-0.128273	1.13915	0.00107634	-0.92825	-0.10327	-0.00283762
243	2.51383e-09	-1.10451	-0.169721	-0.00176687	0.143105	-0.937543	-0.0012337
244	2.51383e-09	-0.803092	-0.796945	-0.00173954	0.660425	-0.666628	3.57595e-05
245	2.51383e-09	0.942683	-0.607712	0.00194455	0.511301	0.795568	-9.57845e-05
246	2.51383e-09	0.690981	0.875569	-0.00150101	-0.740829	0.591737	-0.00178248
247	2.51383e-09	0.875368	0.678639	4.0238e-05	-0.583016	0.752032	-0.00163511
248	2.51383e-09	0.325828	-1.064	-0.000376165	0.908253	0.278464	0.000998614
249	2.51383e-09	0.193538	-1.10745	0.0004723	0.928966	0.165308	0.000397796
250	2.51383e-09	-0.663732	0.914848	-0.000466258	-0.760462	-0.553588	8.79851e-05
251	2.51383e-09	0.245147	-1.10766	0.000317654	0.916092	0.203274	-0.00105167
252	2.51383e-09	0.848826	-0.748222	-0.00264476	0.619909	0.704372	-0.000813368
253	2.51383e-09	1.01143	-0.517636	-0.000303924	0.428445	0.834252	0.000703605
254	2.51383e-09	-0.290894	1.08178	-0.00078775	-0.911816	-0.250868	0.00102043
255	2.51383e-09	-0.626297	0.940645	-0.00119828	-0.780736	-0.525941	0.00269069
256	2.51383e-09	0.902076	-0.686245	0.00117553	0.571322	0.745543	0.00115326
257	2.51383e-09	-0.888739	0.706706	-0.0012439	-0.582321	-0.736064	0.00121417
258	2.51383e-09	1.10747	0.276179	0.000858964	-0.222356	0.906907	-0.00268519
259	2.51383e-09	-0.318562	-1.08126	0.00234441	0.904831	-0.26501	0.00138625
260	2.51383e-09	-1.13231	-0.0147989	0.00173403	0.0132953	-0.941141	-0.00317517
261	2.51383e-09	-0.121478	1.14401	0.000679066	-0.924898	-0.0985905	-0.000545829
262	2.51383e-09	0.378599	-1.04652	-0.00438387	0.892721	0.326002	-0.000271538
263	2.51383e-09	-0.834592	-0.771242	0.00015185	0.637461	-0.687406	0.00173222
264	2.51383e-09	-0.3872	1.06318	3.66174e-05	-0.883408	-0.319052	0.000550201
265	2.51383e-09	-0.525501	1.01835	4.1511e-05	-0.828797	-0.427589	0.000991145
266	2.51383e-09	-0.768937	0.839463	0.00194827	-0.69103	-0.632131	-0.000676742
267	2.51383e-09	-1.04828	-0.405851	-0.00123124	0.339989	-0.881612	0.0031339
268	2.51383e-09	-0.367848	1.06226	0.000910292	-0.892978	-0.306511	0.000503214
269	2.51383e-09	-0.297862	-1.1015	-0.00138767	0.903379	-0.243127	0.000791652
270	2.51383e-09	0.827966	-0.77491	0.000975467	0.642225	0.685219	-0.000784728
271	2.51383e-09	-0.613955	-0.970618	-0.00210691	0.786918	-0.500401	-0.000160552
272	2.51383e-09	-0.665259	0.9274	-0.00329827	-0.762713	-0.544416	0.00101295
273	2.51383e-09	-0.51363	-1.02039	0.00115376	0.833859	-0.423443	5.7716e-06
274	2.51383e-09	-1.07188	-0.347747	-0.000183783	0.287066	-0.895831	-0.000127854
275	2.51383e-09	1.00604	0.518987	0.000669293	-0.428157	0.839171	0.0017733
276	2.51383e-09	-1.11459	0.185396	-0.00113024	-0.153768	-0.926907	-0.000328218
277	2.51383e-09	-0.884802	-0.72574	0.00031783	0.596061	-0.719676	-0.000470281
278	2.51383e-09	-0.394572	1.07909	-0.00158326	-0.874221	-0.323952	0.000432508
279	2.51383e-09	1.10462	0.281137	0.000325249	-0.226256	0.91021	-0.0003226
280	2.51383e-09	0.909414	0.704329	-0.00157553	-0.577239	0.73471	0.000768395
281	2.51383e-09	0.180518	-1.13025	0.000955793	0.921752	0.142284	-0.000877489
282	2.51383e-09	-1.11427	-0.239467	-0.00194258	0.195296	-0.917052	-0.00234807
283	2.51383e-09	0.960607	0.614741	0.00153027	-0.504982	0.787959	0.000670316
284	2.51383e-09	0.60388	-0.987999	0.00162556	0.793466	0.483124	0.000117104
285	2.51383e-09	-0.740383	-0.897684	0.000686084	0.711327	-0.591089	-0.000516647
286	2.51383e-09	-0.992446	0.541275	-0.00109739	-0.449583	-0.826795	0.00242483
287	2.51383e-09	0.0769616	-1.13755	0.00109088	0.935336	0.0673236	-0.00082738
288	2.51383e-09	0.117599	-1.14534	0.00123744	0.927403	0.0964114	0.00131399
289	2.51383e-09	-1.10015	0.34168	0.000255609	-0.275992	-0.891304	0.00292895
290	2.51383e-09	-1.00156	-0.547432	0.000116345	0.449689	-0.821028	0.000615663
291	2.51383e-09	-1.14154	0.0683224	-0.000358542	-0.0535954	-0.934406	-0.000993313
292	2.51383e-09	-0.270686	-1.12778	-0.00154752	0.903873	-0.210082	-0.000485305
293	2.51383e-09	0.348948	-1.09194	0.00216789	0.888801	0.286516	0.000566018
294	2.51383e-09	0.294542	1.12116	-0.000390194	-0.898472	0.235706	0.00244283
295	2.51383e-09	-0.751762	0.864735	0.00357416	-0.702493	-0.614537	-0.000796956
296	2.51383e-09	0.473958	-1.05968	-0.000114565	0.845897	0.376868	0.000473689
297	2.51383e-09	-0.945967	-0.650246	0.00181386	0.52771	-0.768109	0.00145257
298	2.51383e-09	0.285216	1.12063	-0.00070135	-0.899651	0.229952	0.00036115
299	2.51383e-09	-1.12351	0.239706	0.000161756	-0.198128	-0.913814	0.000400793
300	2.51383e-09	-0.198344	1.15157	0.0015989	-0.90978	-0.162452	-0.000117136
301	2.51383e-09	0.939184	0.686276	-0.00204452	-0.541793	0.749119	0.00135417
302	2.51383e-09	1.01669	-0.55137	-0.00184535	0.445511	0.818294	-0.000954207
303	2.51383e-09	1.02608	-0.526267	-0.000943565	0.429697	0.827309	-0.000176168
304	2.51383e-09	0.260172	-1.1293	0.00114045	0.906007	0.209947	-0.00232712
305	2.51383e-09	-0.766918	-0.848634	-0.0017201	0.691968	-0.628085	-0.00182635
306	2.51383e-09	1.10959	-0.343444	-0.000132735	0.274509	0.884746	0.00169163
307	2.51383e-09	-1.1291	0.239554	-0.000797112	-0.189995	-0.913898	0.00136823
308	2.51383e-09	-0.0357968	-1.16099	-0.0017788	0.927732	-0.0320768	0.00108549
309	2.51383e-09	-0.815022	0.803298	0.000681415	-0.655095	-0.66858	-0.00104625
310	2.51383e-09	-1.12475	-0.261487	0.000403531	0.205374	-0.905056	0.000955709
311	2.51383e-09	1.06664	0.437326	-0.00113062	-0.354819	0.862558	-0.00127809
312	2.51383e-09	-0.658123	-0.954072	0.00312914	0.765862	-0.526654	0.000440414
313	2.51383e-09	-1.10696	0.320088	-0.00234389	-0.257347	-0.89525	-0.000799014
314	2.51383e-09	1.09392	-0.367341	-0.00134227	0.296757	0.882944	0.00150737
315	2.51383e-09	0.308875	1.12359	0.000918302	-0.894471	0.246939	0.00319573
316	2.51383e-09	-1.16525	0.0566437	-0.00183129	-0.0418214	-0.924548	0.000941736
317	2.51383e-09	0.476874	-1.05405	-0.0015378	0.845521	0.383864	0.00114093
318	2.51383e-09	0.58336	1.0127	0.000499624	-0.8009	0.459996	-0.000118447
319	2.51383e-09	0.178233	1.15226	-0.00153391	-0.915641	0.141583	-0.00148479
320	2.51383e-09	-1.16036	-0.186292	0.00119473	0.143176	-0.912316	0.000218857
321	2.51383e-09	-1.03498	-0.541862	-0.000578448	0.431538	-0.81849	0.000949511
322	2.51383e-09	-1.08167	-0.413417	-0.000323458	0.332221	-0.871098	-0.000358691
323	2.51383e-09	0.134622	1.16307	0.0017997	-0.91971	0.105505	-0.00207942
324	2.51383e-09	-0.307999	1.13221	5.62784e-05	-0.891844	-0.242937	-0.00303398
325	2.51383e-09	0.0627136	-1.168	-0.000644052	0.923255	0.0509329	0.000859576
326	2.51383e-09	-1.09177	-0.416647	-0.00147486	0.326171	-0.866977	0.000952544
327	2.51383e-09	0.423149	-1.0984	0.00221195	0.859158	0.333739	0.000264547
328	2.51383e-09	-0.348457	1.10295	-0.00170617	-0.887008	-0.277113	-0.000667555
329	2.51383e-09	0.244681	1.15377	-0.00309686	-0.903521	0.190201	-0.00021436
330	2.51383e-09	0.952174	0.66243	-0.00173623	-0.527614	0.763875	0.000188233
331	2.51383e-09	0.537915	-1.02262	-0.0018526	0.827762	0.430083	0.00037536
332	2.51383e-09	-0.961821	0.645556	0.000670513	-0.519782	-0.769894	-0.000242608
333	2.51383e-09	-0.510322	-1.05961	-0.00111435	0.831205	-0.401871	0.000162687
334	2.51383e-09	0.784325	0.870368	0.00116314	-0.687175	0.619322	6.61404e-05
335	2.51383e-09	1.17449	0.0617962	-0.00023467	-0.0511324	0.921612	-0.00114583
336	2.51383e-09	0.26648	1.14271	0.000490239	-0.899102	0.210935	-0.000208274
337	2.51383e-09	-0.69653	0.948306	-0.000680608	-0.741632	-0.546773	0.00148009
338	2.51383e-09	0.770401	-0.880777	-0.0012239	0.693953	0.608699	-0.00117313
339	2.51383e-09	0.870513	0.807662	-0.00242023	-0.62591	0.673014	0.000726509
340	2.51383e-09	-0.410366	1.10988	0.00189599	-0.861721	-0.319292	-0.000115626
341	2.51383e-09	0.399922	-1.11427	0.00147981	0.864256	0.304846	0.000258995
342	2.51383e-09	-0.131343	1.16152	-0.00150671	-0.91905	-0.104459	0.000571629
343	2.51383e-09	0.563776	-1.02255	-0.00216713	0.81155	0.444211	-0.000433051
344	2.51383e-09	-0.672513	0.960009	0.000151732	-0.758476	-0.529157	-0.000617918
345	2.51383e-09	-1.1652	-0.100593	-0.000347294	0.0774588	-0.920546	-0.00149838
346	2.51383e-09	-0.149106	-1.1493	-0.00109365	0.920791	-0.117585	0.00103055
347	2.51383e-09	-0.66444	-0.970027	-0.00133353	0.75766	-0.52239	-0.000151445
348	2.51383e-09	-0.960899	-0.688405	-0.00120464	0.538764	-0.745989	0.00013073
349	2.51383e-09	0.574397	-1.02121	-0.00155019	0.803532	0.45914	-0.000749345
350	2.51383e-09	0.432579	1.08641	0.000466843	-0.856545	0.346406	-0.000742392
351	2.51383e-09	1.10174	-0.423722	-0.00149085	0.326973	0.861593	-0.000277103
352	2.51383e-09	-1.07301	0.505827	0.00314507	-0.392352	-0.829851	-0.000754667
353	2.51383e-09	0.386781	-1.12116	1.1961e-05	0.86874	0.296349	0.000918932
354	2.51383e-09	0.546817	1.05532	0.00105231	-0.814821	0.422896	-0.000173009
355	2.51383e-09	-0.96319	-0.657131	0.000175432	0.518921	-0.766468	-0.000263421
356	2.51383e-09	-0.661776	-0.990732	-0.000338706	0.760857	-0.509855	0.000150562
357	2.51383e-09	-0.148589	-1.17079	-0.00169859	0.914659	-0.115432	-0.00146971
358	2.51383e-09	-0.893407	-0.793178	0.0015526	0.609371	-0.683917	-0.000284835
359	2.51383e-09	-0.59858	-1.02744	-3.55587e-05	0.794745	-0.462029	-0.000640577
360	2.51383e-09	1.13038	0.267194	0.00158923	-0.214682	0.90381	-0.000926917
361	2.51383e-09	1.03924	0.568738	-0.000410655	-0.436845	0.807855	-0.000154454
362	2.51383e-09	1.15297	0.250586	-0.002308	-0.19898	0.898221	-0.000727672
363	2.51383e-09	0.978629	-0.654941	0.00169202	0.514539	0.765604	-0.00217144
364	2.51383e-09	0.267705	1.1442	0.00104586	-0.898683	0.206367	-0.00170054
365	2.51383e-09	0.11561	-1.18573	0.00165272	0.91041	0.0878255	0.000480407
366	2.51383e-09	-1.02978	0.596558	0.00250841	-0.457406	-0.793584	0.00127429
367	2.51383e-09	0.708662	0.960666	0.000551724	-0.734553	0.547089	0.000452038
368	2.51383e-09	-1.06651	-0.532841	-0.00153278	0.406464	-0.819463	0.00133329
369	2.51383e-09	0.137681	-1.18925	-0.00123823	0.907336	0.102	-0.00173018
370	2.51383e-09	0.669357	0.985421	-0.00123924	-0.756357	0.514738	-0.000841279
371	2.51383e-09	-1.0137	-0.628565	0.00187674	0.481637	-0.779443	0.000540133
372	2.51383e-09	-0.833094	-0.835915	-0.00037054	0.652328	-0.650268	0.00117616
373	2.51383e-09	-0.817572	0.865127	0.000895581	-0.667624	-0.628656	0.000334042
374	2.51383e-09	-0.365153	1.14683	0.00138396	-0.869416	-0.273407	-0.000173416
375	2.51383e-09	0.392051	1.13132	0.000427556	-0.86216	0.300577	-0.000693476
376	2.51383e-09	0.4911	-1.07696	0.000655163	0.838807	0.379408	0.00167994
377	2.51383e-09	-1.18623	0.148458	0.00197954	-0.116322	-0.906649	0.00157162
378	2.51383e-09	1.07908	0.531581	-0.00168751	-0.401926	0.817988	0.000629504
379	2.51383e-09	0.449013	-1.08371	0.000930696	0.856676	0.354675	-0.000419953
380	2.51383e-09	0.990077	-0.648734	0.0027094	0.505457	0.768042	-0.00111957
381	2.51383e-09	-1.1583	-0.26896	-0.000643849	0.209029	-0.892109	-0.000971933
382	2.51383e-09	1.11127	0.425485	0.00200329	-0.329641	0.856322	6.30457e-05
383	2.51383e-09	1.09588	0.439704	-0.00130972	-0.345145	0.85327	-0.00177105
384	2.51383e-09	0.957183	0.725909	-0.00188852	-0.554782	0.726489	-0.0019606
385	2.51383e-09	0.453053	-1.09845	0.000251704	0.84818	0.347952	0.000538978
386	2.51383e-09	-0.858212	0.849501	-0.000842696	-0.644085	-0.642948	0.000675808
387	2.51383e-09	-0.0299598	-1.19792	4.81136e-05	0.913785	-0.0207008	0.00102363
388	2.51383e-09	-0.38873	-1.14248	-0.000794157	0.857891	-0.295012	-0.00102629
389	2.51383e-09	1.19612	-0.122578	0.000326278	0.096246	0.905863	0.000324643
390	2.51383e-09	-1.16288	0.238639	-0.000118184	-0.182372	-0.899624	0.000385073
391	2.51383e-09	0.668444	-1.00745	-0.00166051	0.758648	0.500346	-0.000226096
392	2.51383e-09	1.15617	-0.330228	-0.000118855	0.250509	0.878014	-0.00123455
393	2.51383e-09	-0.602702	-1.04105	0.00228156	0.790541	-0.457505	0.000311313
394	2.51383e-09	-1.16038	0.310745	0.00162958	-0.232406	-0.880677	0.000541602
395	2.51383e-09	1.09028	0.518636	-0.00122426	-0.388573	0.821888	-0.00106375
396	2.51383e-09	1.15853	0.328926	-0.000198854	-0.253485	0.874556	-0.00176843
397	2.51383e-09	0.379013	1.1421	0.000182058	-0.864746	0.289784	-0.00142022
398	2.51383e-09	1.19862	0.1864	0.000484754	-0.134648	0.896843	0.00164132
399	2.51383e-09	-1.14586	0.357385	-0.00084194	-0.273534	-0.870779	-0.00224393
400	2.51383e-09	-0.425685	-1.10811	-0.00254161	0.857935	-0.332108	-0.00108484
