4.424999e+03
401
0	1	0.000204485	0.000126814	-1.86723e-07	6.61734e-08	-1.33684e-08	-5.54158e-11
1	2.51383e-09	-0.228917	0.979738	-0.000559083	-0.968146	-0.228396	-0.000286171
2	2.51383e-09	-0.584926	0.824225	0.00106674	-0.809656	-0.57754	0.00112459
3	2.51383e-09	0.388385	0.919101	0.000142421	-0.920714	0.391378	-0.00099368
4	2.51383e-09	-0.967435	-0.268273	0.00109388	0.266097	-0.962596	-0.0006948
5	2.51383e-09	1.00237	-0.0189495	-0.000532851	0.0172747	0.998339	0.000483588
6	2.51383e-09	-0.856804	-0.532731	-0.000471277	0.524726	-0.849448	-0.00244949
7	2.51383e-09	0.756481	-0.656531	-0.00145991	0.653086	0.755702	0.000854093
8	2.51383e-09	-0.0695969	0.998361	0.000407483	-0.996538	-0.0695323	-0.000466218
9	2.51383e-09	0.378318	0.925963	-0.000500629	-0.925626	0.381796	-0.000600131
10	2.51383e-09	0.213315	0.981015	-0.000416856	-0.97453	0.208916	0.000764451
11	2.51383e-09	-0.710209	0.705172	0.000509052	-0.70451	-0.708906	0.00021422
12	2.51383e-09	0.729302	-0.706144	-0.00171386	0.693857	0.710704	-0.000450324
13	2.51383e-09	-0.982729	-0.202742	-0.0018372	0.200604	-0.9784	-0.00100393
14	2.51383e-09	0.434464	-0.907911	-0.00189556	0.901856	0.428001	0.00164326
15	2.51383e-09	-0.477267	0.88617	0.00217486	-0.872653	-0.475033	0.00108062
16	2.51383e-09	0.784664	0.616133	-0.00158301	-0.620996	0.786925	-0.00102695
17	2.51383e-09	0.0289598	1.00407	-0.000127522	-0.998631	0.0245127	-0.00135304
18	2.51383e-09	-0.0693627	1.00931	-0.000837001	-0.992398	-0.0748455	-0.000261527
19	2.51383e-09	-0.116791	1.00237	0.00104148	-0.991897	-0.109771	-0.00128157
20	2.51383e-09	1.02187	0.0543509	0.00147003	-0.0525354	0.98877	0.00167185
21	2.51383e-09	-0.58054	0.824808	-0.00192674	-0.817744	-0.568124	-0.00241289
22	2.51383e-09	0.116915	-1.01305	0.000380342	0.981894	0.111365	-0.00152902
23	2.51383e-09	0.544553	-0.853856	-0.00247384	0.841382	0.533674	-0.000124326
24	2.51383e-09	0.70792	-0.729252	-0.000819401	0.707254	0.695616	-0.00123324
25	2.51383e-09	-0.988237	-0.258224	0.000542315	0.247952	-0.957854	-0.00166468
26	2.51383e-09	-0.624133	-0.803228	0.00116472	0.782185	-0.605755	0.00193151
27	2.51383e-09	0.898772	-0.471311	-0.00151453	0.457428	0.87795	-0.0015222
28	2.51383e-09	-0.840776	-0.556421	-0.000274884	0.549973	-0.833676	0.000288565
29	2.51383e-09	-0.82008	-0.590702	-0.00172104	0.58356	-0.805892	0.000271986
30	2.51383e-09	-0.811551	0.592511	0.000239206	-0.588585	-0.80598	0.00101888
31	2.51383e-09	0.288218	0.968504	8.87067e-05	-0.9515	0.28554	-0.00223224
32	2.51383e-09	-1.00604	0.0587805	0.00112715	-0.0593334	-0.993927	0.000377949
33	2.51383e-09	0.722838	0.730278	0.000892994	-0.701002	0.689407	-1.17069e-05
34	2.51383e-09	0.919917	-0.465025	-0.000969301	0.445351	0.878957	-0.00059537
35	2.51383e-09	0.0869261	-1.01611	0.00248249	0.987791	0.083633	0.00139427
36	2.51383e-09	-0.256951	0.986253	-0.00301675	-0.957904	-0.248985	-6.67906e-05
37	2.51383e-09	-0.481825	0.89699	0.00277479	-0.874187	-0.468708	-0.00281667
38	2.51383e-09	0.406874	-0.921281	-0.00194085	0.911219	0.400449	-0.0014464
39	2.51383e-09	-0.981485	-0.239016	0.00157786	0.236337	-0.964887	-0.000172646
40	2.51383e-09	-0.134572	1.00142	-0.00254436	-0.985084	-0.132554	0.00241187
41	2.51383e-09	-0.318279	-0.965793	0.000366871	0.940612	-0.310894	0.00236722
42	2.51383e-09	-0.964652	-0.357338	-0.0016423	0.342944	-0.924873	-0.000802808
43	2.51383e-09	1.00947	-0.0933783	-0.00130492	0.0885822	0.989419	-0.00217534
44	2.51383e-09	-0.226111	1.01161	-0.000447208	-0.955562	-0.213278	0.00187424
45	2.51383e-09	0.699443	-0.759973	-0.00138119	0.724407	0.666552	-0.00134562
46	2.51383e-09	0.266537	-0.981496	0.00187373	0.958443	0.25987	0.000245624
47	2.51383e-09	-0.161858	1.00564	-0.000182612	-0.97904	-0.154145	0.000964423
48	2.51383e-09	-1.02951	0.0047689	-6.57578e-05	-0.00122166	-0.983573	0.000139022
49	2.51383e-09	-1.0069	0.190918	0.00015506	-0.181518	-0.970502	-0.000705717
50	2.51383e-09	0.720549	-0.731575	-0.00246554	0.703056	0.694337	-0.00139598
51	2.51383e-09	-0.737172	0.710027	-0.00116191	-0.685383	-0.710935	0.000575824
52	2.51383e-09	-0.613304	-0.826515	-0.00107946	0.791609	-0.586914	-0.000222884
53	2.51383e-09	0.0244965	1.02533	0.000605928	-0.987358	0.0204289	-0.000153341
54	2.51383e-09	0.420329	0.933601	-0.00114637	-0.901423	0.400826	0.000773042
55	2.51383e-09	-0.975475	-0.34046	0.000839229	0.32045	-0.927984	-0.000945009
56	2.51383e-09	0.252574	-0.99724	-0.00036269	0.955309	0.239715	0.00188938
57	2.51383e-09	-0.883077	0.554687	0.00193141	-0.524426	-0.827969	-0.00158792
58	2.51383e-09	1.01026	-0.268765	0.00101508	0.252495	0.944164	0.001325
59	2.51383e-09	1.02533	0.0512881	0.00174378	-0.0568775	0.986166	-0.00160788
60	2.51383e-09	0.295207	0.979475	-0.000120607	-0.946052	0.28483	-0.000758521
61	2.51383e-09	0.70315	0.755768	0.00345427	-0.71972	0.673516	0.00122709
62	2.51383e-09	0.378992	0.960516	0.000978344	-0.915803	0.359488	0.000463174
63	2.51383e-09	-0.0138671	-1.0217	-0.000434501	0.988888	-0.018162	0.000915428
64	2.51383e-09	0.487277	0.909421	-0.00119847	-0.868209	0.460776	-0.000913494
65	2.51383e-09	-0.960535	0.400729	-0.00200098	-0.375943	-0.903551	-0.000409322
66	2.51383e-09	0.845731	0.572279	-0.00060184	-0.553462	0.824004	-0.00293848
67	2.51383e-09	0.0515682	1.02874	0.000771372	-0.986493	0.0532709	-0.00189015
68	2.51383e-09	0.912528	-0.474944	-0.00197847	0.452835	0.876321	-0.000337614
69	2.51383e-09	-0.441516	0.932118	-0.00290647	-0.88994	-0.421361	0.00180844
70	2.51383e-09	-0.700359	0.763292	0.00263026	-0.72226	-0.663496	-0.00148328
71	2.51383e-09	0.501131	-0.90376	0.000306221	0.862459	0.473472	7.13986e-05
72	2.51383e-09	0.980897	0.369335	-0.00055327	-0.34815	0.91383	0.000309134
73	2.51383e-09	0.428727	0.945223	-0.00146474	-0.895399	0.402721	0.000198118
74	2.51383e-09	0.953482	0.426041	-0.000293395	-0.397046	0.896854	0.000144883
75	2.51383e-09	-1.01661	-0.204423	-0.000546456	0.19324	-0.963607	-0.000237432
76	2.51383e-09	1.04007	-0.138046	-0.000621252	0.131222	0.966902	0.00185716
77	2.51383e-09	-0.737919	0.760669	0.000138854	-0.695298	-0.676135	-0.000689323
78	2.51383e-09	-1.00097	0.326603	-0.000526537	-0.299196	-0.923967	-0.00105751
79	2.51383e-09	0.626067	-0.824213	-0.00134177	0.779836	0.597191	-0.00199687
80	2.51383e-09	-0.994169	0.337074	0.000911088	-0.312241	-0.924747	-0.0016776
81	2.51383e-09	-0.677177	-0.794295	-0.000949772	0.744823	-0.634256	0.000107784
82	2.51383e-09	-0.602143	-0.859794	0.00170527	0.796723	-0.563922	-0.00125561
83	2.51383e-09	-0.786157	-0.681673	0.000876406	0.639664	-0.743962	0.00203337
84	2.51383e-09	-0.960579	0.422911	0.000569347	-0.393918	-0.89337	0.00046179
85	2.51383e-09	-0.44456	0.925694	-0.00131984	-0.890575	-0.427789	-0.00027571
86	2.51383e-09	0.861699	0.595997	-0.000742157	-0.554905	0.803706	0.00200245
87	2.51383e-09	0.681683	-0.7781	-0.00168936	0.735784	0.652862	-0.000492368
88	2.51383e-09	-0.530354	-0.88741	-0.00192524	0.843485	-0.504518	0.00162296
89	2.51383e-09	-0.960869	0.450753	-0.00145384	-0.409157	-0.879146	0.00084441
90	2.51383e-09	1.04405	-0.0393072	-4.43699e-05	0.0387403	0.976123	0.000500379
91	2.51383e-09	0.939937	0.435723	-0.000274279	-0.41028	0.892621	-0.00272889
92	2.51383e-09	0.121109	1.04303	0.00204154	-0.969292	0.113732	-0.000383245
93	2.51383e-09	1.05339	-0.0465433	-0.000557459	0.0397827	0.973418	-0.00018078
94	2.51383e-09	-0.743326	-0.739213	0.000418873	0.684695	-0.692179	-0.00203185
95	2.51383e-09	-0.882085	-0.536215	0.000740291	0.509968	-0.844374	0.00151531
96	2.51383e-09	0.293633	-1.0141	0.0009894	0.933432	0.27015	-2.07634e-05
97	2.51383e-09	0.854336	-0.625448	0.00328694	0.577247	0.779374	-0.00306375
98	2.51383e-09	-0.170953	1.05247	0.00218206	-0.953463	-0.155115	0.000567482
99	2.51383e-09	-0.184294	-1.03777	0.00115628	0.961683	-0.172326	-0.000381653
100	2.51383e-09	1.03485	-0.198379	0.00182534	0.178324	0.957422	0.000902759
101	2.51383e-09	-0.874018	0.562005	0.000187827	-0.529702	-0.824297	0.00152298
102	2.51383e-09	-0.987436	-0.317363	0.00115848	0.303849	-0.932586	0.00152088
103	2.51383e-09	-0.141338	1.0378	-0.00282588	-0.968582	-0.131749	-0.00115586
104	2.51383e-09	-0.397827	-0.975835	-0.0010017	0.898574	-0.370178	-0.000391086
105	2.51383e-09	0.325241	1.00945	-8.43619e-05	-0.920703	0.296497	0.000649035
106	2.51383e-09	0.796942	0.676847	0.000829631	-0.634142	0.744379	-0.000311108
107	2.51383e-09	0.304785	1.01457	0.0011997	-0.928709	0.278901	0.00124197
108	2.51383e-09	1.02841	-0.259231	0.00217033	0.236702	0.942908	0.000469332
109	2.51383e-09	-0.0346115	1.0564	0.00270096	-0.973721	-0.0330514	-0.00159886
110	2.51383e-09	0.895531	-0.5618	-0.00240858	0.512888	0.826166	0.000168897
111	2.51383e-09	0.786784	-0.728325	0.00103259	0.65476	0.70955	-0.000571266
112	2.51383e-09	-0.699858	-0.78968	0.00113423	0.727485	-0.648629	4.13513e-05
113	2.51383e-09	-0.663992	-0.821779	-0.000968921	0.756006	-0.612942	0.00241835
114	2.51383e-09	-0.775915	-0.71698	-0.000994943	0.65884	-0.712608	0.00219577
115	2.51383e-09	-0.784501	-0.713779	-0.000668993	0.651514	-0.721962	-0.00165579
116	2.51383e-09	-1.01316	0.28008	0.00121483	-0.256364	-0.941375	0.00013795
117	2.51383e-09	-0.271012	1.02895	-0.000974056	-0.937663	-0.250476	-0.000247448
118	2.51383e-09	-0.261731	1.02857	-0.000956201	-0.940539	-0.241037	0.00011724
119	2.51383e-09	0.387369	0.970982	-0.00235754	-0.90991	0.359952	0.000216014
120	2.51383e-09	-1.0379	-0.109934	-0.00218425	0.105374	-0.974248	0.000412431
121	2.51383e-09	0.0243723	-1.05977	8.44706e-05	0.970682	0.0246766	-0.00118484
122	2.51383e-09	1.06609	0.112506	-0.000376307	-0.0968113	0.959879	0.00122461
123	2.51383e-09	0.216403	1.02679	0.00161245	-0.955852	0.195998	-0.000517839
124	2.51383e-09	-0.0901789	-1.07886	0.00303672	0.954433	-0.0820301	0.000563856
125	2.51383e-09	-0.739617	-0.755563	-0.000348006	0.694318	-0.678987	0.00165594
126	2.51383e-09	0.827866	0.654178	0.000310225	-0.604616	0.767675	0.000876597
127	2.51383e-09	0.855372	0.618582	-0.00200031	-0.569295	0.790926	0.00202885
128	2.51383e-09	-0.105381	-1.05935	-0.000370192	0.965693	-0.097873	0.00144311
129	2.51383e-09	0.54982	0.900627	0.000596857	-0.827237	0.514349	-0.000158148
130	2.51383e-09	-0.676827	-0.823281	0.000805748	0.747266	-0.612322	0.00116159
131	2.51383e-09	-0.282564	1.03359	0.00231796	-0.934285	-0.256612	0.000170242
132	2.51383e-09	0.653986	0.853231	0.00165037	-0.761597	0.591946	0.000534326
133	2.51383e-09	0.998576	-0.391265	-0.00341342	0.349211	0.899143	0.000325421
134	2.51383e-09	0.353854	-0.998962	0.000480434	0.916552	0.327179	-0.00198735
135	2.51383e-09	-0.788917	-0.716764	0.000180165	0.654196	-0.715274	0.00261891
136	2.51383e-09	-0.676721	-0.837952	-0.00104733	0.748599	-0.60596	0.00242628
137	2.51383e-09	0.255069	-1.02737	0.00191447	0.944626	0.231873	-0.00216597
138	2.51383e-09	0.0278905	-1.0683	0.000114892	0.967676	0.0250229	0.00227123
139	2.51383e-09	1.01916	-0.321538	-0.00106265	0.289645	0.923362	-0.00157846
140	2.51383e-09	-1.06699	-0.199776	0.00270598	0.17635	-0.943672	0.00119966
141	2.51383e-09	1.03728	-0.22613	-0.00195929	0.206916	0.951552	0.000568644
142	2.51383e-09	-0.995146	0.396652	0.00257565	-0.352416	-0.900988	0.000896818
143	2.51383e-09	-0.855891	0.640149	0.000829915	-0.578642	-0.774945	-0.000200036
144	2.51383e-09	1.05156	-0.257191	-0.00187402	0.227531	0.936079	-0.00171272
145	2.51383e-09	0.90881	0.552414	-0.00111874	-0.503313	0.830531	-0.00137017
146	2.51383e-09	-0.758328	-0.793725	-0.00178009	0.691387	-0.65825	-0.00170321
147	2.51383e-09	1.01794	-0.377609	-5.43718e-05	0.330655	0.898895	0.00120907
148	2.51383e-09	0.656745	0.861817	0.00114249	-0.761458	0.586113	-0.000338785
149	2.51383e-09	0.533441	-0.919958	-0.00110892	0.844017	0.478355	0.000408675
150	2.51383e-09	-0.00746789	-1.07707	-0.00283428	0.964239	-0.00796299	0.0022803
151	2.51383e-09	1.01281	0.365565	-0.00135976	-0.329107	0.905236	-0.000498431
152	2.51383e-09	-1.01059	-0.336131	0.0015706	0.306043	-0.920388	-0.00100746
153	2.51383e-09	0.997436	0.43621	0.00156121	-0.384293	0.877762	0.00145876
154	2.51383e-09	1.04147	-0.314518	0.0026339	0.274367	0.920682	4.47314e-06
155	2.51383e-09	-0.0556504	-1.08037	5.8895e-05	0.957651	-0.0534471	0.00178719
156	2.51383e-09	-1.02775	0.382183	0.000765858	-0.329756	-0.892427	0.00206055
157	2.51383e-09	0.913953	0.57203	-0.00164255	-0.512052	0.814843	0.000369437
158	2.51383e-09	1.08702	0.123204	0.00339504	-0.106911	0.948628	-0.000174563
159	2.51383e-09	0.472511	0.964822	0.00281011	-0.867819	0.422741	-0.00067016
160	2.51383e-09	1.07451	0.0401841	0.00112815	-0.0361931	0.962778	0.00136875
161	2.51383e-09	-1.04457	0.295073	0.00142808	-0.262512	-0.923947	-0.00108962
162	2.51383e-09	0.822503	0.714034	-0.00247922	-0.627406	0.722305	0.00101016
163	2.51383e-09	0.0507309	-1.08019	-0.000229418	0.959953	0.0448479	-0.00174481
164	2.51383e-09	1.05436	-0.119234	-0.000582396	0.113209	0.965257	-0.0002213
165	2.51383e-09	-1.01399	-0.433552	0.000180658	0.370204	-0.875747	0.00116799
166	2.51383e-09	0.595818	-0.904972	0.00229488	0.804434	0.528646	-0.000152708
167	2.51383e-09	-0.880579	0.595361	0.000297876	-0.542939	-0.808887	0.00356228
168	2.51383e-09	-0.703759	0.815849	-0.00051267	-0.727114	-0.635186	-0.00212803
169	2.51383e-09	-0.184648	-1.06238	-0.00110722	0.949181	-0.162306	-0.00154623
170	2.51383e-09	1.05286	0.28904	-0.000430397	-0.251	0.925139	0.00214111
171	2.51383e-09	0.98958	0.457913	-0.00121398	-0.40332	0.868635	-0.00256088
172	2.51383e-09	0.15106	1.09321	-0.000893827	-0.941157	0.133218	0.00123006
173	2.51383e-09	-0.964859	-0.528972	-0.000781502	0.460678	-0.833989	-0.0010101
174	2.51383e-09	0.839264	0.714072	-0.000775232	-0.614807	0.727703	-0.000730579
175	2.51383e-09	-1.08861	-0.0239846	0.00162402	0.0298076	-0.957712	0.000239791
176	2.51383e-09	0.386071	-1.0035	0.000375005	0.901332	0.342456	-0.00174501
177	2.51383e-09	0.212956	-1.0811	0.00202391	0.935196	0.182001	0.00111795
178	2.51383e-09	-0.901931	-0.601608	-0.0010725	0.533496	-0.799126	0.000504828
179	2.51383e-09	-0.100382	-1.09111	0.000678418	0.949065	-0.0899865	-0.000249127
180	2.51383e-09	-0.310652	-1.04895	0.000551095	0.915322	-0.267281	0.00134558
181	2.51383e-09	0.102082	-1.09165	-0.00121015	0.94932	0.0893548	0.000175369
182	2.51383e-09	-0.85962	0.667319	0.00166048	-0.588456	-0.755919	-0.00180888
183	2.51383e-09	1.03505	0.403336	-9.76747e-05	-0.344734	0.882823	0.00192578
184	2.51383e-09	0.781504	-0.783597	0.000578408	0.674515	0.67002	-0.00033787
185	2.51383e-09	-0.937219	-0.548659	-0.00114863	0.482584	-0.828631	-0.000691804
186	2.51383e-09	-0.980651	0.453502	-1.93319e-05	-0.411236	-0.871288	-0.000524764
187	2.51383e-09	0.614986	-0.884457	0.00113766	0.790989	0.549544	-0.00115067
188	2.51383e-09	-0.0610835	-1.10141	0.000491479	0.949089	-0.0486356	-0.000827998
189	2.51383e-09	0.489945	0.986299	0.000901325	-0.855721	0.422739	0.00135954
190	2.51383e-09	1.1082	-0.0804184	-0.00214073	0.0616025	0.945673	-0.000180219
191	2.51383e-09	0.316898	1.04502	-0.00254559	-0.917601	0.274592	-0.000179723
192	2.51383e-09	0.193371	-1.08141	-0.000508354	0.939359	0.172437	0.002842
193	2.51383e-09	0.242421	1.07094	-0.00153026	-0.93198	0.211417	0.00103975
194	2.51383e-09	-1.09247	0.187301	-0.000454491	-0.164582	-0.937478	0.000306927
195	2.51383e-09	-0.477183	-0.983195	0.00081671	0.858658	-0.414322	0.00134145
196	2.51383e-09	0.963515	0.523614	-0.00199549	-0.450743	0.840388	-5.98336e-05
197	2.51383e-09	-0.958042	-0.528217	0.0016201	0.4644	-0.837811	-0.000105608
198	2.51383e-09	-0.400124	1.03034	0.0013956	-0.888711	-0.344548	0.00120122
199	2.51383e-09	-0.430543	-1.00776	-0.00204	0.877841	-0.377584	-0.000608442
200	2.51383e-09	1.04039	0.392257	0.000779786	-0.334296	0.885751	-0.00237567
201	2.51383e-09	-0.450762	1.0061	-7.02662e-05	-0.866875	-0.392991	0.0022623
202	2.51383e-09	-0.266186	-1.07218	0.000619291	0.92074	-0.230423	0.00285621
203	2.51383e-09	-0.498158	0.961429	-0.000504768	-0.852355	-0.444848	0.000199289
204	2.51383e-09	-1.02707	0.417469	0.000327828	-0.357824	-0.877968	-0.00159127
205	2.51383e-09	0.490948	1.01164	0.00109566	-0.846827	0.41462	-0.000935288
206	2.51383e-09	0.732938	-0.823611	-0.00119416	0.714594	0.629593	0.00220196
207	2.51383e-09	-1.07769	-0.269975	-0.000555543	0.230763	-0.920852	0.00126685
208	2.51383e-09	-0.91141	0.596832	0.000624337	-0.526829	-0.800902	-0.000469831
209	2.51383e-09	-1.06645	-0.215253	-0.00187591	0.18654	-0.940686	-0.00112568
210	2.51383e-09	0.441486	1.01435	0.00146838	-0.873208	0.380653	2.97377e-05
211	2.51383e-09	1.07714	0.251655	-8.25035e-05	-0.215959	0.924274	-3.03359e-05
212	2.51383e-09	0.956068	0.589432	-0.00120223	-0.496252	0.803259	-1.55523e-05
213	2.51383e-09	0.354334	1.03579	0.00197467	-0.905392	0.309947	-0.0004779
214	2.51383e-09	-0.529579	-0.960553	-0.000333375	0.839748	-0.461295	0.000846392
215	2.51383e-09	-0.0167749	1.10562	0.000539309	-0.953973	-0.0145477	-0.000983101
216	2.51383e-09	0.41594	1.04328	-0.00179071	-0.87415	0.347082	-0.000236394
217	2.51383e-09	-0.841494	-0.743275	8.42297e-05	0.625137	-0.703061	-0.000711248
218	2.51383e-09	0.34389	1.03482	-0.000579916	-0.906829	0.303609	-0.000427506
219	2.51383e-09	-1.02901	0.430263	-0.000236769	-0.368067	-0.872021	-0.000316659
220	2.51383e-09	-0.154196	-1.10122	-0.00251643	0.938233	-0.132494	-0.000318807
221	2.51383e-09	0.460982	-1.00612	-0.00131763	0.863435	0.393025	0.000402626
222	2.51383e-09	-0.927436	0.626631	0.000577237	-0.526042	-0.783546	0.00183213
223	2.51383e-09	-0.0652114	-1.11579	0.00207672	0.945338	-0.0531465	-3.9795e-05
224	2.51383e-09	0.304841	-1.06701	-0.000246464	0.910213	0.259577	-0.00139583
225	2.51383e-09	0.958806	-0.550269	0.000248604	0.471384	0.829711	-0.00201326
226	2.51383e-09	0.22266	1.10831	-0.00140052	-0.922151	0.184175	-0.000235187
227	2.51383e-09	0.842664	0.708583	-0.00230064	-0.617264	0.729124	0.000939491
228	2.51383e-09	0.312847	1.07213	0.00166487	-0.908649	0.26346	0.000513922
229	2.51383e-09	0.485438	-1.01944	0.001924	0.850018	0.401116	0.00192164
230	2.51383e-09	1.05803	0.417878	-0.00136055	-0.342972	0.871713	-0.00260732
231	2.51383e-09	-0.872287	0.723739	0.00171452	-0.601819	-0.71958	0.000788506
232	2.51383e-09	-0.131214	1.10792	0.00292766	-0.936642	-0.112391	0.000616168
233	2.51383e-09	0.678048	0.892695	0.000955757	-0.752539	0.565586	-0.000442583
234	2.51383e-09	0.483741	-1.01721	-0.000679124	0.850813	0.403267	-0.000419637
235	2.51383e-09	-1.10978	-0.0722618	0.00327579	0.0604493	-0.9478	-0.00376018
236	2.51383e-09	-1.05388	-0.407913	-0.00108175	0.344442	-0.876735	-0.000560419
237	2.51383e-09	0.603916	-0.9488	-0.000908773	0.793668	0.506924	-0.000204102
238	2.51383e-09	-1.02169	0.503003	-0.00170442	-0.409468	-0.840192	0.000260319
239	2.51383e-09	-0.307787	1.06446	0.000283177	-0.911846	-0.26439	-0.00171841
240	2.51383e-09	-1.13468	0.0668881	0.00243947	-0.0535749	-0.934323	5.93218e-05
241	2.51383e-09	0.974987	0.544743	-0.00115223	-0.46439	0.826518	-0.00265221
242	2.51383e-09	0.973982	0.61321	-0.000291758	-0.49913	0.788769	-0.00189585
243	2.51383e-09	0.688705	-0.893434	0.00100733	0.746699	0.57015	0.00181612
244	2.51383e-09	-0.425965	-1.05681	0.000922275	0.867262	-0.350322	-0.000210542
245	2.51383e-09	0.311733	1.07673	-0.00116896	-0.906912	0.26396	-0.00120301
246	2.51383e-09	-0.618821	0.935889	-0.00199322	-0.787629	-0.515886	0.00133297
247	2.51383e-09	-0.50761	0.984073	-0.00225502	-0.846461	-0.433158	0.00093213
248	2.51383e-09	1.10941	-0.11286	0.00187773	0.100188	0.942462	0.000415689
249	2.51383e-09	1.04656	-0.400021	0.00102663	0.339375	0.883453	-8.41034e-05
250	2.51383e-09	-0.386451	-1.05922	0.00252973	0.885149	-0.324459	0.000596954
251	2.51383e-09	0.66106	0.913083	0.00093378	-0.763489	0.553005	0.00249194
252	2.51383e-09	0.294745	-1.09174	-0.0021016	0.905693	0.242782	-0.000470981
253	2.51383e-09	1.13282	0.0699583	0.000112592	-0.0590638	0.936326	0.00164415
254	2.51383e-09	0.630328	-0.934948	-0.00113027	0.78169	0.522856	-0.00143605
255	2.51383e-09	-0.943091	-0.615352	0.0035649	0.514188	-0.792105	-0.000877224
256	2.51383e-09	-0.404141	1.07014	-0.00113835	-0.872664	-0.332884	-0.00172409
257	2.51383e-09	0.920889	0.663397	-0.000841296	-0.54882	0.760624	-7.51105e-05
258	2.51383e-09	-0.221712	-1.11127	0.00321685	0.922135	-0.188306	-9.0281e-05
259	2.51383e-09	0.140635	1.12292	-0.0025866	-0.931276	0.11937	-0.000506243
260	2.51383e-09	0.401045	1.06482	0.00390886	-0.87795	0.327042	0.000743156
261	2.51383e-09	1.07564	-0.385309	0.000931186	0.320659	0.87941	0.00128528
262	2.51383e-09	1.10123	0.149523	0.000294497	-0.123803	0.942816	0.00401647
263	2.51383e-09	-1.03064	-0.479374	0.00015859	0.395214	-0.849112	0.000595311
264	2.51383e-09	0.286451	1.08995	0.000763308	-0.910332	0.243893	-0.000200564
265	2.51383e-09	1.1161	0.23849	-0.000717663	-0.193329	0.91738	0.000821409
266	2.51383e-09	1.10533	-0.244459	0.00128615	0.204205	0.918721	0.000258183
267	2.51383e-09	-0.268014	1.09441	-0.0039425	-0.914265	-0.228024	0.000695214
268	2.51383e-09	0.764962	-0.832447	-0.000642957	0.69075	0.637597	0.00037734
269	2.51383e-09	1.06899	-0.383905	0.00141557	0.315561	0.885533	9.06856e-05
270	2.51383e-09	0.483083	-1.02405	0.000254593	0.850407	0.402241	-0.00155278
271	2.51383e-09	0.0489703	-1.15192	0.00077807	0.929264	0.0386838	0.000825876
272	2.51383e-09	0.622092	0.956052	-0.00304386	-0.786366	0.510169	-0.00145189
273	2.51383e-09	-1.133	0.0943572	0.000791218	-0.0797836	-0.936931	0.000206468
274	2.51383e-09	1.10321	0.226406	0.000875886	-0.194507	0.921051	-0.000479242
275	2.51383e-09	0.280313	-1.09657	-0.00186375	0.91115	0.237628	0.00182838
276	2.51383e-09	0.995562	0.53779	-0.000410394	-0.445954	0.8279	-0.00135061
277	2.51383e-09	-0.98092	0.599932	-0.000667459	-0.485037	-0.79347	-0.00017965
278	2.51383e-09	0.776618	-0.836564	0.000660071	0.689894	0.633604	0.000424488
279	2.51383e-09	0.295476	-1.10105	-0.000166542	0.906063	0.245085	2.22978e-05
280	2.51383e-09	-0.819806	-0.823437	-0.000640607	0.657141	-0.654989	0.00164868
281	2.51383e-09	1.08945	-0.361868	-0.000791463	0.291899	0.88361	-0.000323772
282	2.51383e-09	-0.665885	0.925729	8.45036e-05	-0.76138	-0.547833	-0.00233702
283	2.51383e-09	0.635857	-0.935048	0.00143898	0.780421	0.526595	0.00094129
284	2.51383e-09	1.15756	-0.0342865	-0.00180257	0.0281303	0.928134	0.000282953
285	2.51383e-09	-0.564247	-1.01791	0.000344007	0.806885	-0.451315	-0.00151693
286	2.51383e-09	0.782234	-0.817983	-0.000448791	0.677709	0.649439	-0.00174879
287	2.51383e-09	-1.05636	-0.445645	0.000512112	0.365358	-0.857933	-0.000277749
288	2.51383e-09	-1.15157	-0.0240665	-0.000846129	0.0195369	-0.930845	-0.00100447
289	2.51383e-09	0.470568	-1.05138	0.000912943	0.851755	0.378698	-0.00262192
290	2.51383e-09	-1.12838	0.179671	0.0024743	-0.147322	-0.923825	0.00173883
291	2.51383e-09	1.1007	0.32365	0.00184355	-0.262394	0.895029	0.000721688
292	2.51383e-09	-0.450395	-1.06876	-0.00240035	0.856342	-0.356753	0.0011377
293	2.51383e-09	-0.429809	1.06003	-0.0013923	-0.867261	-0.349163	0.00240979
294	2.51383e-09	0.938201	-0.701426	-0.00164026	0.554416	0.736271	0.00110245
295	2.51383e-09	-1.12311	0.175687	-0.000811327	-0.141051	-0.927621	-0.00201619
296	2.51383e-09	0.950406	-0.669134	-0.000583514	0.531767	0.757641	0.00061059
297	2.51383e-09	0.14714	1.13769	0.000804582	-0.925428	0.122725	-0.000308903
298	2.51383e-09	0.113742	-1.14512	0.000812044	0.929023	0.0933697	-0.000215872
299	2.51383e-09	1.14457	-0.258598	-0.000320366	0.204454	0.895421	-0.00296672
300	2.51383e-09	-0.959328	0.650243	-0.000530461	-0.5187	-0.772563	-0.000698134
301	2.51383e-09	-0.819623	0.818881	0.00257159	-0.650972	-0.661093	0.000970132
302	2.51383e-09	-0.450444	1.08241	0.00417189	-0.849878	-0.355138	0.000831794
303	2.51383e-09	-0.011788	1.15787	0.000986606	-0.926993	-0.00653027	0.00236008
304	2.51383e-09	-0.0102721	1.16444	-0.000718868	-0.92615	-0.0066741	0.00272105
305	2.51383e-09	-1.13894	-0.0537691	-0.00129618	0.0435243	-0.935915	-0.00213693
306	2.51383e-09	1.16059	0.03246	0.00292164	-0.0282171	0.925919	0.000718477
307	2.51383e-09	-0.79127	0.835832	-0.000416274	-0.675942	-0.641487	-0.00134099
308	2.51383e-09	1.12272	0.327629	0.00184132	-0.260962	0.886128	-0.00175424
309	2.51383e-09	-1.13666	0.150394	-0.00143438	-0.121592	-0.927272	-0.000455091
310	2.51383e-09	-1.03332	-0.520283	0.00123878	0.414831	-0.828574	0.000291804
311	2.51383e-09	-0.787984	0.848533	0.000223345	-0.682581	-0.629247	0.00197719
312	2.51383e-09	1.02017	0.56276	-0.0026397	-0.446657	0.811975	-0.000752647
313	2.51383e-09	1.105	-0.337342	0.00239584	0.272918	0.889523	-0.000915816
314	2.51383e-09	-0.557455	1.01155	-0.00068583	-0.813963	-0.449828	0.000288904
315	2.51383e-09	1.13668	-0.261873	0.000122761	0.205008	0.903816	0.00179383
316	2.51383e-09	-1.06307	-0.472032	0.000764826	0.37793	-0.847094	0.001256
317	2.51383e-09	-0.433835	1.06583	0.000369138	-0.865666	-0.350262	-0.00154416
318	2.51383e-09	1.15934	-0.0390498	-0.00293191	0.0271186	0.92808	0.00117191
319	2.51383e-09	0.840567	0.807198	-0.0027749	-0.641015	0.667948	-0.00119816
320	2.51383e-09	0.883016	0.778938	-0.000134161	-0.613958	0.688598	0.000420561
321	2.51383e-09	-1.09387	0.413603	-0.00105765	-0.324246	-0.864333	0.00046171
322	2.51383e-09	-0.189665	-1.1446	-0.000924387	0.915602	-0.158551	0.000105509
323	2.51383e-09	-1.16977	-0.0796923	-0.00306919	0.0579178	-0.921363	0.000253713
324	2.51383e-09	1.06461	-0.512737	0.00248309	0.397065	0.828173	-3.86471e-05
325	2.51383e-09	-0.127843	1.15843	0.00168048	-0.922022	-0.100138	-0.000292773
326	2.51383e-09	0.0459671	-1.17426	0.00195711	0.920997	0.0315567	0.00190842
327	2.51383e-09	-0.912358	0.74793	-0.00112183	-0.584682	-0.710987	0.00244752
328	2.51383e-09	0.021712	-1.15394	0.000725012	0.930374	0.0210613	-0.000355877
329	2.51383e-09	0.282663	-1.1636	0.00275773	0.885095	0.214684	-0.00181961
330	2.51383e-09	1.10208	-0.343849	-0.000210115	0.279368	0.889017	-0.000149985
331	2.51383e-09	-0.9961	0.599337	-0.000307195	-0.474408	-0.79521	-0.000815903
332	2.51383e-09	-0.0713692	1.1547	0.000647933	-0.929205	-0.0552776	-6.66477e-05
333	2.51383e-09	0.51408	1.06482	0.000937329	-0.827289	0.398403	-0.000579309
334	2.51383e-09	0.399672	1.09703	0.00142503	-0.870384	0.320314	-0.000543235
335	2.51383e-09	-1.0207	0.592079	-3.89363e-05	-0.465296	-0.794307	0.00122719
336	2.51383e-09	-0.19068	1.16308	0.000832546	-0.907865	-0.148453	-0.000906654
337	2.51383e-09	-0.672245	0.966276	0.00153949	-0.755436	-0.525512	0.00128162
338	2.51383e-09	-0.651221	-0.970686	-0.000563619	0.766198	-0.518594	-0.00126492
339	2.51383e-09	0.251691	1.16109	-0.000931954	-0.898119	0.197028	-2.63454e-05
340	2.51383e-09	1.03667	0.577654	0.000289078	-0.445248	0.803011	0.000646412
341	2.51383e-09	-0.934924	0.701687	-0.00127994	-0.555197	-0.744104	0.000564939
342	2.51383e-09	1.17148	0.05003	0.000289884	-0.0401535	0.921811	-0.00107837
343	2.51383e-09	0.661367	-0.958914	-0.00239694	0.764799	0.522944	0.000952972
344	2.51383e-09	0.959486	0.68756	0.00113317	-0.538533	0.746807	-0.000540541
345	2.51383e-09	0.305487	1.12889	0.000707719	-0.892744	0.242163	-0.00186707
346	2.51383e-09	-0.264168	-1.1297	0.000283992	0.903087	-0.209396	0.00170051
347	2.51383e-09	1.14425	0.244368	0.00166589	-0.19412	0.903686	0.00186701
348	2.51383e-09	-1.04334	0.573203	-0.000906894	-0.439233	-0.802419	-0.000751138
349	2.51383e-09	0.27381	-1.13747	-0.00266582	0.898623	0.221465	0.000702872
350	2.51383e-09	0.645976	-0.970887	0.00138079	0.772456	0.513675	-0.000593661
351	2.51383e-09	1.05893	-0.522147	-0.00110571	0.402934	0.828389	0.00021012
352	2.51383e-09	-0.765625	0.900089	0.003605	-0.700722	-0.59598	-0.00228497
353	2.51383e-09	1.09383	0.480221	0.000297705	-0.367799	0.836702	-0.000877512
354	2.51383e-09	-0.442701	1.10394	4.3563e-05	-0.851534	-0.340505	-0.00142149
355	2.51383e-09	0.112686	-1.15915	1.2391e-05	0.920888	0.0906936	-0.00113956
356	2.51383e-09	1.18449	0.0857893	-0.00117525	-0.0660131	0.914261	-3.99819e-06
357	2.51383e-09	1.00478	-0.61521	2.85465e-05	0.482027	0.786355	0.00128948
358	2.51383e-09	0.707232	0.970735	-0.00217958	-0.736027	0.538459	0.00102517
359	2.51383e-09	0.76044	0.936173	-0.000176475	-0.703968	0.572581	-6.58802e-05
360	2.51383e-09	-0.639081	0.970286	-0.00299056	-0.776693	-0.508417	0.000664801
361	2.51383e-09	0.166817	-1.16121	-0.000827306	0.914101	0.13193	-0.000865936
362	2.51383e-09	-1.09535	-0.429341	0.00211875	0.335316	-0.859329	-0.000100708
363	2.51383e-09	0.134181	1.18098	-0.0008059	-0.907998	0.105689	0.00242316
364	2.51383e-09	-0.262484	1.14019	-0.00156984	-0.899799	-0.21319	-0.00115679
365	2.51383e-09	0.707666	0.953086	-0.00142411	-0.739419	0.545721	-0.000355991
366	2.51383e-09	0.620085	-1.00852	-0.00214808	0.783607	0.482327	-0.00150413
367	2.51383e-09	0.891252	-0.78195	-0.000379616	0.606104	0.693135	0.000819424
368	2.51383e-09	-0.46744	-1.10095	0.0011367	0.839897	-0.356447	0.0016559
369	2.51383e-09	0.199397	1.17943	0.000812166	-0.902525	0.148736	0.000907229
370	2.51383e-09	-0.938239	0.732195	-0.000288355	-0.561577	-0.725076	0.00155738
371	2.51383e-09	-1.00985	-0.646342	0.00249386	0.489381	-0.772375	-0.00145101
372	2.51383e-09	-0.288482	-1.14859	0.000185041	0.89139	-0.223337	0.00120862
373	2.51383e-09	-1.13095	0.370876	0.000876542	-0.286959	-0.87055	-0.000255648
374	2.51383e-09	1.14246	0.360611	0.000439466	-0.27464	0.873121	0.000990173
375	2.51383e-09	0.944728	-0.725902	0.000644237	0.559663	0.72627	-9.01294e-05
376	2.51383e-09	0.344899	1.14636	-0.000391416	-0.872626	0.260195	-0.000701187
377	2.51383e-09	-1.18143	0.150059	0.00152442	-0.120005	-0.90795	0.000472083
378	2.51383e-09	0.526701	1.07987	0.000372142	-0.819562	0.399314	0.00214618
379	2.51383e-09	0.35231	-1.11781	0.000355	0.885049	0.278347	-0.000547903
380	2.51383e-09	-0.112079	-1.17553	0.00232818	0.916371	-0.0893602	2.00743e-05
381	2.51383e-09	0.595878	1.02828	0.00207763	-0.791785	0.461966	-0.000621389
382	2.51383e-09	0.664629	0.982698	0.000539365	-0.76145	0.516083	-0.00114947
383	2.51383e-09	0.421517	-1.10093	0.00137961	0.858981	0.327386	-0.00238648
384	2.51383e-09	-1.04331	-0.610518	0.00240242	0.456122	-0.785285	0.00189466
385	2.51383e-09	-0.815678	-0.858872	-0.000902881	0.667106	-0.63115	0.00108065
386	2.51383e-09	-0.50274	-1.10243	-0.000617863	0.826262	-0.372587	0.000448475
387	2.51383e-09	0.386373	-1.13515	0.00156692	0.864731	0.295795	0.00131593
388	2.51383e-09	0.86607	-0.845755	-0.00088339	0.630701	0.650028	0.00122585
389	2.51383e-09	-0.0732837	1.19755	2.766e-05	-0.910241	-0.0566043	-0.000623923
390	2.51383e-09	-0.113067	-1.18754	-0.000495122	0.911781	-0.0843835	-0.000269536
391	2.51383e-09	1.20103	0.18523	-0.000813774	-0.137435	0.894603	0.00100106
392	2.51383e-09	-1.18929	-0.19782	0.000533042	0.151955	-0.897416	0.00216125
393	2.51383e-09	1.04929	-0.596399	0.000243112	0.452902	0.789923	-0.00176713
394	2.51383e-09	0.944852	-0.722333	-0.000264307	0.559751	0.730223	0.000280487
395	2.51383e-09	-0.446621	-1.1147	0.00116197	0.84772	-0.341115	-0.000726763
396	2.51383e-09	0.513864	-1.09512	0.000300481	0.820371	0.385359	-0.00159051
397	2.51383e-09	0.337612	-1.15711	0.00378006	0.873515	0.255991	0.000381793
398	2.51383e-09	1.18669	0.250164	0.00118465	-0.183208	0.888264	0.00156077
399	2.51383e-09	-1.00078	0.663083	-0.000335868	-0.506141	-0.760017	-0.00233468
400	2.51383e-09	-1.17767	-0.141926	-0.000595825	0.113431	-0.913325	-0.0014504
