7.459993e+02
401
0	1	3.4342e-05	2.12182e-05	-3.13567e-08	7.15598e-08	4.23205e-09	-3.45398e-11
1	2.51383e-09	0.644186	0.76606	0.000583129	-0.765345	0.642444	0.0010552
2	2.51383e-09	-1.00353	-0.05817	0.000498345	0.058914	-0.995896	0.000459967
3	2.51383e-09	-0.962538	0.277695	0.000733312	-0.276367	-0.961037	0.00137153
4	2.51383e-09	-0.628248	0.780196	-0.000222816	-0.778117	-0.626836	0.00120732
5	2.51383e-09	0.555437	0.832853	-0.00102458	-0.830077	0.555781	0.0012055
6	2.51383e-09	0.0860248	1.00266	0.000628501	-0.992465	0.0876593	0.000817658
7	2.51383e-09	-0.943666	0.336322	0.000876721	-0.334512	-0.942191	0.000214334
8	2.51383e-09	0.935014	-0.35076	-7.12253e-05	0.3538	0.93691	-0.000114299
9	2.51383e-09	-0.425836	-0.907075	-0.000175139	0.903684	-0.424752	7.35336e-05
10	2.51383e-09	0.910918	-0.425738	-7.90007e-05	0.42144	0.902952	0.00157475
11	2.51383e-09	-0.81194	-0.593798	0.00116383	0.58714	-0.805785	0.000341931
12	2.51383e-09	0.999649	0.140164	0.000741145	-0.137749	0.985635	-0.000514137
13	2.51383e-09	-1.00152	0.0297764	-0.000348766	-0.0291748	-1.00041	0.000277044
14	2.51383e-09	0.571937	-0.831149	-0.000339354	0.822614	0.563166	-0.0019902
15	2.51383e-09	-0.0438852	-0.998459	0.00109995	1.00172	-0.046447	0.00115066
16	2.51383e-09	-0.701242	-0.714416	-6.09517e-05	0.711447	-0.70125	0.00107436
17	2.51383e-09	-0.966439	-0.271152	-0.00143933	0.270288	-0.959826	-0.000534924
18	2.51383e-09	0.515408	-0.86663	-0.00122025	0.858186	0.50801	0.000861028
19	2.51383e-09	0.603103	-0.814082	-0.00107661	0.796472	0.592884	9.96451e-05
20	2.51383e-09	1.01105	-0.0908913	1.51128e-05	0.087218	0.988976	-0.000600146
21	2.51383e-09	-0.860565	0.532234	-0.00148362	-0.52346	-0.845115	0.000143012
22	2.51383e-09	0.9665	-0.307116	-0.0011032	0.29812	0.946484	0.000499615
23	2.51383e-09	1.00716	0.0867901	0.00063201	-0.083477	0.991365	0.000788681
24	2.51383e-09	0.937058	-0.38807	0.000717857	0.379102	0.916503	-0.00025888
25	2.51383e-09	-0.38592	0.937423	0.000668191	-0.919862	-0.376342	0.00090445
26	2.51383e-09	-0.720798	0.70058	-0.0003761	-0.698476	-0.712282	0.00125833
27	2.51383e-09	0.543816	0.852592	-0.000310331	-0.838112	0.53489	-0.00104845
28	2.51383e-09	-1.0152	-0.101976	-2.14018e-05	0.0992607	-0.983703	0.00116284
29	2.51383e-09	1.01421	0.107904	-0.00244142	-0.10372	0.982753	-0.000878196
30	2.51383e-09	-0.943012	0.369156	0.0002553	-0.363282	-0.924294	-0.00121922
31	2.51383e-09	0.375466	0.940034	4.77449e-05	-0.923567	0.368137	-0.000495782
32	2.51383e-09	-1.01199	-0.0776928	-0.000452191	0.0756795	-0.989938	-0.000831224
33	2.51383e-09	-0.725299	-0.717708	-0.000199506	0.696475	-0.703172	0.000839606
34	2.51383e-09	-0.687196	0.766412	0.0018336	-0.731449	-0.657994	0.000178839
35	2.51383e-09	-0.402774	0.935173	0.00142512	-0.910086	-0.392357	0.000662961
36	2.51383e-09	-0.60108	0.823201	-0.000827606	-0.801545	-0.58317	-0.000377672
37	2.51383e-09	-0.847011	0.556375	-0.00132578	-0.549277	-0.827763	0.00134168
38	2.51383e-09	0.891257	0.494697	0.0013298	-0.48164	0.86496	-0.000897122
39	2.51383e-09	-0.170986	-0.997087	0.00137867	0.981689	-0.167471	-5.3745e-05
40	2.51383e-09	0.106115	-1.0112	-0.000593547	0.986506	0.106733	0.00100344
41	2.51383e-09	0.581769	0.830318	-0.00190014	-0.814142	0.570851	0.000486937
42	2.51383e-09	0.780105	-0.667803	0.001544	0.641543	0.748055	-0.000546895
43	2.51383e-09	0.65888	0.787461	0.00128808	-0.758739	0.630447	-2.21901e-05
44	2.51383e-09	-1.00908	-0.154348	-0.00101764	0.149846	-0.977207	-0.000564694
45	2.51383e-09	-0.891582	-0.520628	-0.000341236	0.495347	-0.849607	0.0012724
46	2.51383e-09	-0.731143	0.711311	0.000359733	-0.690158	-0.710757	-0.000808499
47	2.51383e-09	0.270413	-0.981676	-0.000618973	0.95567	0.261289	-0.000604088
48	2.51383e-09	-0.490231	-0.899181	0.000477471	0.868025	-0.472198	-0.0010752
49	2.51383e-09	-0.642064	0.802102	0.000553795	-0.770347	-0.614439	0.00164307
50	2.51383e-09	0.394972	-0.949508	0.0013035	0.909918	0.379364	0.00167793
51	2.51383e-09	-0.802566	-0.638191	-0.000354648	0.611509	-0.774853	9.44887e-05
52	2.51383e-09	0.209531	-1.00365	-0.00108996	0.9671	0.202736	-6.28245e-05
53	2.51383e-09	0.980968	0.289868	-0.00144277	-0.281874	0.948746	-0.000701434
54	2.51383e-09	0.596062	0.835028	-0.00042128	-0.803237	0.573463	-0.00112409
55	2.51383e-09	0.209448	-1.01132	0.000609455	0.964022	0.199312	0.000225532
56	2.51383e-09	1.02344	-0.125639	0.000994447	0.119735	0.976962	0.000242083
57	2.51383e-09	-0.135751	-1.02577	0.00086415	0.974439	-0.12679	0.0007727
58	2.51383e-09	-0.859881	0.562341	-0.000340467	-0.538339	-0.8262	9.20565e-05
59	2.51383e-09	1.03156	-0.0100195	-0.000895431	0.00906188	0.984012	-0.0012123
60	2.51383e-09	0.962272	-0.362781	-0.000890627	0.348572	0.920393	0.000110708
61	2.51383e-09	-0.772734	0.704358	7.34763e-06	-0.656476	-0.723406	-0.000711923
62	2.51383e-09	0.936246	0.442114	0.000436629	-0.420622	0.888125	0.00185016
63	2.51383e-09	1.01164	0.204023	0.00122466	-0.195065	0.964133	-0.00072434
64	2.51383e-09	0.938215	-0.423596	0.000724487	0.407563	0.896918	-0.00108017
65	2.51383e-09	-0.65473	0.800423	0.00146588	-0.760667	-0.622254	-0.00023562
66	2.51383e-09	-0.40139	-0.946496	0.000223093	0.907107	-0.386798	0.000863091
67	2.51383e-09	1.03118	-3.53854e-05	0.00104499	-0.00146893	0.985376	-0.000810107
68	2.51383e-09	-0.830956	0.614109	-0.00049337	-0.584986	-0.791699	-0.00115701
69	2.51383e-09	-0.922613	0.466175	-0.000889062	-0.443906	-0.878012	0.000999909
70	2.51383e-09	-1.02569	0.16542	-0.00106111	-0.155882	-0.968519	-0.000838666
71	2.51383e-09	0.792174	-0.659718	-0.000998731	0.630827	0.758654	-4.75379e-05
72	2.51383e-09	0.633566	-0.815616	-0.0010976	0.776921	0.603391	-0.00067939
73	2.51383e-09	0.956691	-0.396173	-0.00174952	0.376784	0.906335	0.00124627
74	2.51383e-09	1.0372	0.068765	-0.00054953	-0.0625939	0.978435	-0.000916472
75	2.51383e-09	0.266839	0.999172	2.77766e-06	-0.949578	0.254189	0.000272581
76	2.51383e-09	-0.899178	-0.527087	-0.000228917	0.495167	-0.845498	0.000341729
77	2.51383e-09	0.554833	0.878289	0.00270599	-0.82948	0.52171	3.40264e-05
78	2.51383e-09	0.0819421	1.03904	0.000219244	-0.975317	0.0779639	-0.000915395
79	2.51383e-09	0.677486	0.784896	0.000912883	-0.743033	0.64263	0.00105809
80	2.51383e-09	0.95297	0.421985	-0.000415411	-0.399525	0.895136	0.000686778
81	2.51383e-09	0.990799	0.315946	-0.000654022	-0.295576	0.935969	0.00126284
82	2.51383e-09	-0.980016	-0.350306	-0.000632973	0.326186	-0.922503	-0.000503615
83	2.51383e-09	0.960039	0.415794	0.000836304	-0.391291	0.896351	0.00115913
84	2.51383e-09	0.0559257	-1.04521	-0.00052104	0.97493	0.0528264	-0.000816305
85	2.51383e-09	0.196474	1.02116	-0.00207605	-0.964404	0.181869	-0.0002582
86	2.51383e-09	-0.771344	-0.699322	0.00142971	0.658036	-0.726777	-0.00137723
87	2.51383e-09	0.504591	0.915789	-0.000303495	-0.855569	0.47328	-0.000692392
88	2.51383e-09	-0.598861	-0.853369	-0.000802097	0.80301	-0.5621	0.000668538
89	2.51383e-09	-1.03964	0.175586	-0.000698819	-0.162324	-0.958931	-0.000350084
90	2.51383e-09	-1.03265	-0.143687	5.33172e-05	0.13562	-0.970169	-0.00129212
91	2.51383e-09	0.732303	-0.736506	7.79168e-05	0.696347	0.692834	-0.000828993
92	2.51383e-09	1.03788	0.142121	0.000134872	-0.130664	0.970216	0.00124965
93	2.51383e-09	-0.51044	-0.923479	-0.00158872	0.850533	-0.471534	0.000155453
94	2.51383e-09	-0.245637	1.01905	0.00171179	-0.949815	-0.230965	0.000440217
95	2.51383e-09	-0.53029	0.895543	0.000407674	-0.846531	-0.497482	-0.000882331
96	2.51383e-09	0.370802	0.98495	-0.000824462	-0.913683	0.341865	-0.000867752
97	2.51383e-09	-1.04235	-0.0484645	0.00143478	0.0443646	-0.979566	-0.00173812
98	2.51383e-09	-0.338525	-1.00146	3.17964e-06	0.922179	-0.311022	-0.000197338
99	2.51383e-09	-1.03737	0.191738	0.000898407	-0.178334	-0.957397	-0.00104848
100	2.51383e-09	0.992779	-0.334555	0.000884946	0.315222	0.925507	-1.56104e-05
101	2.51383e-09	-1.04279	0.0166952	-0.00094222	-0.0134716	-0.979506	0.000122675
102	2.51383e-09	-0.678274	-0.810266	0.000838129	0.744351	-0.624499	-0.00103815
103	2.51383e-09	-0.619658	-0.842025	-0.0013062	0.785532	-0.582389	0.000444479
104	2.51383e-09	-1.0245	-0.25635	0.000666519	0.237675	-0.94362	-0.00109252
105	2.51383e-09	1.01385	-0.284418	-0.00108809	0.263454	0.937219	0.000459688
106	2.51383e-09	-0.7516	-0.74859	0.000389648	0.683547	-0.688124	0.00174378
107	2.51383e-09	0.674976	0.800491	-0.00111706	-0.747696	0.629055	-0.00141812
108	2.51383e-09	0.122052	1.05234	-0.000343699	-0.964633	0.111935	0.000383839
109	2.51383e-09	-0.771788	-0.731976	-0.000207706	0.667601	-0.701376	0.000835808
110	2.51383e-09	-0.222986	1.03676	0.00029306	-0.947675	-0.204037	-0.000461746
111	2.51383e-09	1.00721	-0.340619	-0.000488599	0.310562	0.916902	0.000193486
112	2.51383e-09	-0.135733	1.0432	0.00113962	-0.967146	-0.126383	0.000428737
113	2.51383e-09	0.542497	-0.900328	-0.000965075	0.83572	0.5035	-0.000871857
114	2.51383e-09	-0.759387	-0.740635	0.00190795	0.677079	-0.694841	0.00120805
115	2.51383e-09	0.793528	0.705417	-0.000783292	-0.64499	0.724747	-0.00122058
116	2.51383e-09	0.036359	1.05934	-0.000959556	-0.970044	0.0321364	9.62272e-05
117	2.51383e-09	-0.885771	-0.58732	0.00123673	0.53667	-0.807809	0.00167858
118	2.51383e-09	0.379106	0.996895	0.000423313	-0.904788	0.343507	1.21828e-05
119	2.51383e-09	0.924521	-0.510823	0.00148	0.471038	0.850582	-0.000688346
120	2.51383e-09	1.03491	-0.22956	-0.000508931	0.212001	0.947091	-0.00142993
121	2.51383e-09	0.558278	-0.90692	0.000336719	0.82551	0.507771	-0.00100277
122	2.51383e-09	1.05894	-0.0269247	0.000248834	0.0240457	0.97024	-0.000441936
123	2.51383e-09	0.501434	-0.934674	-0.00145131	0.854798	0.461054	-0.000293521
124	2.51383e-09	0.749058	0.749931	-0.000385852	-0.686828	0.687854	-0.00148499
125	2.51383e-09	0.710574	0.791145	-0.00120859	-0.72163	0.6476	0.000436278
126	2.51383e-09	0.252485	1.03746	-0.000273585	-0.939485	0.2303	0.00167399
127	2.51383e-09	0.610648	0.87537	-0.000259029	-0.792897	0.554053	0.000971248
128	2.51383e-09	1.01797	-0.324747	-0.001289	0.294934	0.922025	-0.000821605
129	2.51383e-09	-0.669122	-0.832749	0.000679916	0.754525	-0.605225	-0.000526348
130	2.51383e-09	0.421826	-0.966367	0.0003312	0.891581	0.392536	-0.00169763
131	2.51383e-09	0.665866	-0.836535	0.000464793	0.755667	0.602726	0.000665349
132	2.51383e-09	0.603075	-0.878087	0.000267271	0.798303	0.548631	-0.00122502
133	2.51383e-09	0.260113	-1.03541	0.00102985	0.937984	0.235107	0.00161783
134	2.51383e-09	-0.538444	0.920387	0.0017144	-0.836873	-0.489564	-0.000274448
135	2.51383e-09	0.81728	-0.672271	-0.000752259	0.617261	0.753544	0.000116196
136	2.51383e-09	0.233537	1.04092	0.000413542	-0.945314	0.213346	0.000878232
137	2.51383e-09	1.03102	-0.29367	0.000575628	0.264126	0.928104	0.00142007
138	2.51383e-09	-0.0945853	-1.06717	0.000419794	0.963195	-0.0838104	-0.00204107
139	2.51383e-09	0.980738	-0.422291	0.00023515	0.3843	0.888739	0.000232485
140	2.51383e-09	-0.863469	-0.637303	0.000712973	0.571906	-0.779478	0.000684429
141	2.51383e-09	-0.943772	0.497722	0.000410395	-0.45164	-0.854767	-0.000502648
142	2.51383e-09	0.734823	-0.784582	-0.00106317	0.704618	0.659046	0.000494015
143	2.51383e-09	1.03878	0.270113	-0.000742229	-0.244506	0.933394	1.36998e-05
144	2.51383e-09	-0.692373	-0.816584	-0.000852077	0.735601	-0.627535	0.000215409
145	2.51383e-09	-0.278955	-1.05021	0.00161864	0.926464	-0.245524	-0.00120306
146	2.51383e-09	0.875908	-0.632215	0.000747339	0.563932	0.779387	-0.000981209
147	2.51383e-09	0.95752	0.493568	0.00184904	-0.445243	0.854014	0.000428224
148	2.51383e-09	-0.87197	0.626401	-0.00197492	-0.564395	-0.783644	-0.00126717
149	2.51383e-09	0.632173	-0.872054	-0.0018852	0.781151	0.561473	0.000141602
150	2.51383e-09	-0.149665	1.06236	-0.00110786	-0.956958	-0.132739	0.000700296
151	2.51383e-09	-0.648682	0.864697	0.0004053	-0.769997	-0.574995	-0.000922985
152	2.51383e-09	0.80702	0.707296	-0.000775512	-0.636269	0.725682	-0.00296411
153	2.51383e-09	-0.694661	0.830147	-0.0012756	-0.736375	-0.616696	0.000500608
154	2.51383e-09	1.08141	0.0789435	-0.000418605	-0.0726535	0.956995	-0.00163092
155	2.51383e-09	-0.978122	-0.462282	-6.00858e-06	0.409621	-0.867787	-0.00211111
156	2.51383e-09	-1.06265	0.232108	-3.4595e-05	-0.208687	-0.935127	-0.00216933
157	2.51383e-09	0.935908	-0.537427	-0.000552685	0.4795	0.83505	-0.00064051
158	2.51383e-09	-0.783248	0.742112	-0.000816321	-0.66298	-0.697527	0.000593914
159	2.51383e-09	-0.11688	1.07144	-0.000170693	-0.957174	-0.10455	0.000316806
160	2.51383e-09	0.0178366	1.08229	-0.000545326	-0.960538	0.0185949	0.000841156
161	2.51383e-09	-0.049695	1.08626	0.000221954	-0.959202	-0.0461826	-0.000249894
162	2.51383e-09	-0.0937174	-1.07961	-0.00133078	0.957654	-0.0835506	-0.000695599
163	2.51383e-09	1.03657	0.286807	-0.000891754	-0.255955	0.930401	0.000408784
164	2.51383e-09	-0.803119	-0.713273	-5.31728e-05	0.639145	-0.723206	0.000668084
165	2.51383e-09	-0.0484481	1.08425	-0.00131901	-0.958761	-0.0444922	-8.00952e-05
166	2.51383e-09	0.901561	0.600006	0.000878867	-0.531573	0.802495	-0.000220841
167	2.51383e-09	-1.05369	0.285235	-0.000936761	-0.244592	-0.925367	-0.000847629
168	2.51383e-09	0.919572	-0.580952	3.80654e-05	0.512949	0.808304	0.000705318
169	2.51383e-09	-1.07554	-0.144529	-0.000528666	0.12935	-0.951343	-0.000739749
170	2.51383e-09	-0.948698	0.52938	-0.00106044	-0.465353	-0.839961	-0.000314918
171	2.51383e-09	-0.182012	-1.07042	-0.000715976	0.947363	-0.163559	-0.000770833
172	2.51383e-09	1.08708	-0.0760044	-0.00098962	0.0663008	0.955802	0.000420317
173	2.51383e-09	-0.41267	1.0141	0.00104684	-0.885404	-0.360945	0.000141531
174	2.51383e-09	-1.04081	0.328347	-0.00156617	-0.285862	-0.914345	0.000135134
175	2.51383e-09	-1.0836	-0.137594	0.000366374	0.122126	-0.947921	0.000325065
176	2.51383e-09	1.07822	-0.0324762	0.000316709	0.0244923	0.962102	-1.72758e-05
177	2.51383e-09	0.977525	-0.482035	0.000972266	0.425168	0.85993	-0.000333922
178	2.51383e-09	-0.899377	-0.605536	-0.000853657	0.539823	-0.795951	-0.000246509
179	2.51383e-09	1.04698	-0.297555	-0.000758929	0.262107	0.921815	0.0011934
180	2.51383e-09	0.692048	-0.832591	-8.22456e-05	0.739866	0.614591	-0.000895606
181	2.51383e-09	1.09475	-0.0312346	-0.000484049	0.0260516	0.95459	0.00111933
182	2.51383e-09	-0.525366	-0.947514	-0.000248647	0.838958	-0.466874	0.00189664
183	2.51383e-09	0.540303	0.960238	-3.62856e-05	-0.83133	0.464674	-0.000772547
184	2.51383e-09	-1.05133	0.317027	0.000645107	-0.274376	-0.914579	-0.000437931
185	2.51383e-09	-0.945265	0.554632	0.00174349	-0.484861	-0.824122	0.00117083
186	2.51383e-09	0.921311	-0.592116	0.00112986	0.516808	0.804064	-0.00181757
187	2.51383e-09	0.181697	-1.07443	-0.000347376	0.94478	0.159749	0.00140867
188	2.51383e-09	-0.55738	-0.938243	0.000134669	0.822881	-0.490566	-0.000938586
189	2.51383e-09	-1.06571	-0.272341	0.000501928	0.235042	-0.922944	-0.000309825
190	2.51383e-09	-0.81534	0.75083	0.000458559	-0.642352	-0.697444	-0.000429094
191	2.51383e-09	0.503763	0.974468	0.00177633	-0.847808	0.438615	0.000294594
192	2.51383e-09	-0.073129	-1.10194	-0.000360865	0.948681	-0.0625552	0.000550511
193	2.51383e-09	0.420787	1.01614	-0.000247493	-0.881722	0.366109	-0.000307719
194	2.51383e-09	0.917454	-0.600871	-0.000552606	0.521337	0.80094	-0.00134123
195	2.51383e-09	1.07607	-0.200363	-0.00286503	0.173086	0.940225	0.000756186
196	2.51383e-09	0.937183	-0.572091	0.000319623	0.497402	0.814741	0.000962331
197	2.51383e-09	-0.976239	-0.502262	0.00101026	0.436163	-0.84953	0.000246611
198	2.51383e-09	1.07825	0.223991	-0.000766634	-0.192938	0.934407	-0.000514919
199	2.51383e-09	0.642312	-0.896851	-0.00125749	0.774088	0.552954	0.000410341
200	2.51383e-09	-0.479335	-0.996497	-0.000278726	0.858547	-0.411253	6.30638e-05
201	2.51383e-09	-0.46166	-1.00449	-0.000662335	0.865936	-0.396187	-0.000989534
202	2.51383e-09	0.735867	0.826199	0.00145952	-0.711271	0.630759	0.0017681
203	2.51383e-09	0.415307	1.01845	0.00108252	-0.882499	0.359528	-0.00110659
204	2.51383e-09	-1.08917	0.195332	0.000740218	-0.16751	-0.934533	0.000586877
205	2.51383e-09	-1.08373	-0.212203	0.00153223	0.182735	-0.934395	0.000202674
206	2.51383e-09	-1.04216	-0.358311	0.000238454	0.30916	-0.899968	0.00203188
207	2.51383e-09	-0.808628	0.748337	-0.000118792	-0.646502	-0.701104	0.00045228
208	2.51383e-09	-0.533046	0.972268	-1.17717e-05	-0.833718	-0.457574	-0.0010642
209	2.51383e-09	-0.950326	-0.538636	-0.000465118	0.469656	-0.834188	0.000574474
210	2.51383e-09	-0.992943	-0.492874	0.000192441	0.421288	-0.852194	0.00121532
211	2.51383e-09	-0.62527	-0.91108	-0.00109225	0.784533	-0.537592	-0.000441489
212	2.51383e-09	0.678543	-0.874972	0.00102652	0.752143	0.583356	-0.00103944
213	2.51383e-09	-1.10038	0.0446599	6.63454e-05	-0.0394985	-0.953608	-0.000270757
214	2.51383e-09	-0.10491	-1.10686	0.00129524	0.943631	-0.0897091	0.0005308
215	2.51383e-09	-0.199287	-1.0851	0.0010098	0.937247	-0.171358	-6.06863e-06
216	2.51383e-09	1.01806	-0.440296	-0.000855896	0.374378	0.873362	-0.000796602
217	2.51383e-09	0.914807	-0.629961	0.000553847	0.537281	0.781631	-0.00110802
218	2.51383e-09	0.648238	-0.893606	-0.00108853	0.769936	0.559381	0.000488283
219	2.51383e-09	0.748998	-0.826612	-0.00106552	0.70026	0.63809	0.00124691
220	2.51383e-09	1.11513	-0.0409815	8.68762e-05	0.0367847	0.944028	0.00115089
221	2.51383e-09	-0.85547	0.710514	-0.00142447	-0.607895	-0.728168	-0.000173292
222	2.51383e-09	-0.995837	-0.491854	-0.000125977	0.421765	-0.851156	-0.0019352
223	2.51383e-09	0.873355	0.695805	-0.000572487	-0.589578	0.739991	-0.000988645
224	2.51383e-09	1.08527	-0.253478	-0.0015716	0.215965	0.922553	0.000265212
225	2.51383e-09	-1.11603	-0.00373276	0.000218024	0.00187648	-0.946861	-0.000893041
226	2.51383e-09	-0.183865	1.10182	0.000541883	-0.933051	-0.158426	0.000217664
227	2.51383e-09	-1.05008	-0.378099	-0.000572602	0.31959	-0.890508	8.34784e-05
228	2.51383e-09	-1.06291	0.34233	0.000358206	-0.289844	-0.900432	-0.000896049
229	2.51383e-09	0.978889	-0.536569	0.000844674	0.454474	0.8299	-0.000124575
230	2.51383e-09	0.221924	-1.09872	-0.0002308	0.925466	0.18598	-0.00101067
231	2.51383e-09	-1.04113	-0.445174	-0.00142973	0.369215	-0.86303	0.000255761
232	2.51383e-09	1.09176	0.216733	-4.23458e-05	-0.184285	0.929628	-0.00178473
233	2.51383e-09	-0.219612	1.09986	-0.000926073	-0.924756	-0.187577	0.00126639
234	2.51383e-09	1.01633	-0.467189	0.000545556	0.394995	0.858612	0.000951133
235	2.51383e-09	0.849149	0.740076	0.00110262	-0.616877	0.713062	0.000625673
236	2.51383e-09	0.841409	-0.742783	0.000873886	0.624904	0.707484	-0.000510177
237	2.51383e-09	-0.704485	0.875166	-0.000244305	-0.733905	-0.59378	-0.000476579
238	2.51383e-09	0.634126	0.931039	-0.000316785	-0.77855	0.529759	-0.0008856
239	2.51383e-09	0.404727	1.04204	-0.000833204	-0.881527	0.343205	-0.00147579
240	2.51383e-09	-0.155479	1.12081	0.000157357	-0.931091	-0.129092	-0.000343049
241	2.51383e-09	1.04717	0.406368	-0.00153381	-0.344072	0.879973	-0.000564238
242	2.51383e-09	-0.255343	1.10741	-0.000938182	-0.914088	-0.212303	0.00191245
243	2.51383e-09	-0.983102	0.540891	0.000123989	-0.456483	-0.827314	0.00149827
244	2.51383e-09	-0.726405	0.855434	0.00115753	-0.71844	-0.611806	0.000419726
245	2.51383e-09	-0.788227	0.804999	-0.00132663	-0.672066	-0.659618	1.45661e-05
246	2.51383e-09	-1.12282	-0.0478649	2.58189e-05	0.0412856	-0.942577	-0.00110995
247	2.51383e-09	-0.0328806	1.12469	0.000544668	-0.942436	-0.0281478	0.000762147
248	2.51383e-09	-0.541619	-0.981414	0.000234414	0.82777	-0.452111	0.00112669
249	2.51383e-09	-1.08778	0.278851	0.00205812	-0.23431	-0.91274	-0.000736704
250	2.51383e-09	0.188476	1.10881	0.000356082	-0.929206	0.159353	0.0013517
251	2.51383e-09	-0.476998	1.03156	0.000140962	-0.849116	-0.394295	-0.000124648
252	2.51383e-09	1.13238	-0.0626107	0.00161532	0.0527651	0.936527	0.000463563
253	2.51383e-09	0.284552	-1.08767	0.0020496	0.911803	0.241853	0.000796323
254	2.51383e-09	1.11371	-0.17078	-0.000676377	0.142141	0.931428	0.00070335
255	2.51383e-09	1.13324	-0.100759	-4.19201e-05	0.0846875	0.93416	-0.000684122
256	2.51383e-09	-0.585639	-0.962833	0.00139374	0.803545	-0.491471	-0.000217399
257	2.51383e-09	1.10577	-0.2386	0.000466689	0.198396	0.919808	-0.00104405
258	2.51383e-09	-0.656457	0.918124	0.000821885	-0.764066	-0.550017	-0.000491017
259	2.51383e-09	1.00595	0.496281	0.000723832	-0.417563	0.846206	4.95631e-05
260	2.51383e-09	-0.814826	-0.78013	0.000965037	0.648923	-0.684516	0.00107645
261	2.51383e-09	-0.700157	0.904358	-0.000629968	-0.737866	-0.572744	0.000667111
262	2.51383e-09	-0.280077	-1.09743	0.000988555	0.910919	-0.232742	0.000706741
263	2.51383e-09	-0.373316	1.0737	-0.000123264	-0.885967	-0.309314	-4.27229e-05
264	2.51383e-09	-0.977988	0.575077	-0.000520106	-0.476181	-0.809162	-0.000879215
265	2.51383e-09	-0.559028	-0.991492	-0.000987611	0.817918	-0.460133	-0.000268494
266	2.51383e-09	1.12547	0.188249	0.000504743	-0.156394	0.921588	-0.00169862
267	2.51383e-09	-1.01943	0.504345	-0.00143365	-0.414426	-0.839886	-0.000925149
268	2.51383e-09	-1.01127	0.509058	0.00064913	-0.422814	-0.83895	-0.000487026
269	2.51383e-09	0.113639	1.12792	-0.00100332	-0.934894	0.0948439	-0.000727636
270	2.51383e-09	-0.446745	1.04033	-0.000568718	-0.863486	-0.37023	-0.000365215
271	2.51383e-09	-0.878534	0.72316	0.000760306	-0.597854	-0.723014	-0.000112503
272	2.51383e-09	0.984654	-0.56753	0.00165416	0.465799	0.814847	0.0015171
273	2.51383e-09	0.641964	0.945893	0.000283358	-0.773488	0.526776	-0.000660227
274	2.51383e-09	-0.907334	0.689244	0.00132497	-0.568426	-0.744803	7.01701e-06
275	2.51383e-09	-1.02941	-0.493273	0.000186039	0.406284	-0.842154	0.00159665
276	2.51383e-09	1.07424	-0.370267	-0.000406903	0.305125	0.887483	-0.00053109
277	2.51383e-09	-0.169727	-1.12914	0.000927526	0.92552	-0.138104	-0.000668798
278	2.51383e-09	-1.11847	0.239082	0.000164482	-0.192752	-0.914871	-0.00193948
279	2.51383e-09	0.79881	-0.815654	0.000833773	0.669837	0.655222	-1.89718e-05
280	2.51383e-09	-0.36716	1.08244	0.00111228	-0.88579	-0.300752	-0.00114387
281	2.51383e-09	0.845242	-0.767405	-0.000269712	0.628378	0.694415	-0.000884786
282	2.51383e-09	1.14019	-0.0449851	-0.000343156	0.0373074	0.936262	-0.00077175
283	2.51383e-09	0.989009	-0.583782	0.000545709	0.474839	0.804301	-0.000439284
284	2.51383e-09	-0.495281	-1.04048	-0.000491372	0.840793	-0.399048	-0.000736787
285	2.51383e-09	-0.680518	0.921729	-0.00112636	-0.752363	-0.554649	-0.000557651
286	2.51383e-09	-1.1092	-0.285423	-0.0011473	0.232484	-0.90549	-0.000682544
287	2.51383e-09	-1.13271	0.11096	0.00169573	-0.0914158	-0.933525	-0.000857821
288	2.51383e-09	-0.455954	-1.05387	0.00139795	0.856912	-0.369827	-0.000221966
289	2.51383e-09	-0.994685	-0.56717	-0.00117357	0.463857	-0.811148	1.60367e-05
290	2.51383e-09	0.329776	1.09431	-0.000315809	-0.895876	0.270072	0.000591362
291	2.51383e-09	1.1085	0.31123	0.00231814	-0.252977	0.896367	0.000953805
292	2.51383e-09	1.1429	-0.0698269	0.000371528	0.0571514	0.933039	-0.000763028
293	2.51383e-09	1.06675	-0.423322	-6.5974e-05	0.341979	0.868491	-0.00114837
294	2.51383e-09	1.14965	-0.0896301	0.0019595	0.0719946	0.927042	-0.000508811
295	2.51383e-09	0.478191	1.04896	0.000149806	-0.846732	0.387774	0.00116148
296	2.51383e-09	0.700659	0.914191	0.000273046	-0.740758	0.565432	-0.000958521
297	2.51383e-09	1.09564	0.358171	0.000607251	-0.290339	0.886091	0.000589365
298	2.51383e-09	-1.09499	0.371226	0.00127004	-0.299596	-0.881491	0.000773878
299	2.51383e-09	-1.0355	0.50239	-0.00021209	-0.410202	-0.837677	-0.0016812
300	2.51383e-09	-0.434982	1.07029	-0.000263378	-0.862914	-0.348592	0.000741597
301	2.51383e-09	-0.615066	-0.971392	0.000329321	0.789414	-0.499531	0.0011402
302	2.51383e-09	1.10122	-0.366449	-0.0014703	0.292971	0.880864	-0.00165297
303	2.51383e-09	-1.14975	-0.0506469	0.000478399	0.0426846	-0.932151	-0.000175771
304	2.51383e-09	0.495734	-1.04948	-0.000864572	0.837208	0.399821	0.00134541
305	2.51383e-09	1.02198	-0.547045	0.000629999	0.438688	0.818063	-0.00105497
306	2.51383e-09	-0.528209	1.0327	-0.000315204	-0.825549	-0.423209	0.000895267
307	2.51383e-09	0.462052	1.06398	0.000580651	-0.850704	0.367636	-0.000120478
308	2.51383e-09	0.96706	0.641272	-0.00169918	-0.511192	0.775484	0.00126235
309	2.51383e-09	-0.159182	-1.13618	0.00202994	0.924928	-0.134236	0.00102407
310	2.51383e-09	1.12349	-0.266119	0.000398695	0.214242	0.904846	0.00053556
311	2.51383e-09	-0.799241	-0.839592	-0.000526358	0.672433	-0.639837	-0.000875817
312	2.51383e-09	0.047395	-1.15954	0.000574433	0.928051	0.0369906	0.000202636
313	2.51383e-09	0.0687163	1.15819	0.000356392	-0.926328	0.0535074	0.000725909
314	2.51383e-09	1.15015	-0.151587	-0.000346515	0.124031	0.920902	-0.000891441
315	2.51383e-09	0.393336	1.08727	-0.000237818	-0.874693	0.317211	4.45952e-05
316	2.51383e-09	-1.02213	0.556925	0.0014558	-0.443612	-0.812517	-0.000762855
317	2.51383e-09	0.404552	1.08955	0.000754426	-0.870021	0.322934	-0.000912229
318	2.51383e-09	0.180289	1.14301	-0.00117682	-0.918297	0.14315	0.000177333
319	2.51383e-09	-1.10807	-0.342948	7.64334e-05	0.273586	-0.887973	8.37809e-05
320	2.51383e-09	0.629386	-0.989305	-0.00108366	0.776375	0.495916	0.000141591
321	2.51383e-09	0.116836	-1.15924	0.000923507	0.921238	0.0932997	0.000547479
322	2.51383e-09	-0.382379	1.10442	-0.00134878	-0.874432	-0.301039	-8.43308e-06
323	2.51383e-09	0.829833	-0.820314	0.00115348	0.649487	0.658771	0.000682028
324	2.51383e-09	0.752923	0.89528	-0.00163278	-0.710227	0.593733	0.00101524
325	2.51383e-09	-0.979132	0.634431	-0.00137221	-0.505134	-0.775851	0.000297061
326	2.51383e-09	-1.13261	0.264455	-0.00170694	-0.212063	-0.90368	0.000394757
327	2.51383e-09	-0.96022	0.660427	0.000858354	-0.523282	-0.764129	-0.000688047
328	2.51383e-09	1.14259	-0.231133	0.00132313	0.180751	0.908837	-0.000665788
329	2.51383e-09	1.15795	0.236084	-0.000837569	-0.182662	0.901184	-0.000629304
330	2.51383e-09	-0.511204	1.05616	-0.000609256	-0.829203	-0.40364	0.000263444
331	2.51383e-09	-0.985968	-0.629031	0.000524117	0.499204	-0.779921	-0.000271335
332	2.51383e-09	-1.16128	-0.112992	0.000991836	0.0877751	-0.921449	0.00103004
333	2.51383e-09	-0.0256238	-1.17183	-0.00128231	0.924073	-0.0216089	0.000186785
334	2.51383e-09	-0.00507921	1.1682	0.00100475	-0.925589	-0.00345998	0.000735947
335	2.51383e-09	-0.92924	-0.708012	-0.000234159	0.561917	-0.735209	-0.00130607
336	2.51383e-09	-0.405068	1.10039	-0.0024854	-0.866477	-0.320057	0.00120349
337	2.51383e-09	1.16921	-0.116278	0.00117695	0.0917745	0.918135	0.000990254
338	2.51383e-09	1.16976	0.0619234	-0.00132786	-0.0500879	0.922098	0.00013884
339	2.51383e-09	0.212236	-1.16219	0.00153395	0.905358	0.164714	-0.00108993
340	2.51383e-09	1.16929	-0.164511	0.000269335	0.130276	0.912971	-0.000180298
341	2.51383e-09	-0.327131	-1.13232	-6.7855e-05	0.885926	-0.25793	-0.000277349
342	2.51383e-09	1.03425	-0.543551	-0.00170189	0.430882	0.819339	0.000105325
343	2.51383e-09	-0.184484	1.17012	0.000631055	-0.905792	-0.141926	-8.76395e-05
344	2.51383e-09	0.37583	-1.10842	-0.000437678	0.875595	0.294876	0.000345507
345	2.51383e-09	-1.12552	0.335211	-0.00106679	-0.262539	-0.885417	-0.000171625
346	2.51383e-09	0.796078	0.861714	0.00145612	-0.678072	0.626226	-0.000301909
347	2.51383e-09	-0.402373	1.10265	-0.00154723	-0.868545	-0.316511	-0.000355769
348	2.51383e-09	0.418564	1.10466	0.00052599	-0.859932	0.324716	0.000630764
349	2.51383e-09	0.353119	1.11682	-0.000108337	-0.882018	0.280221	0.000747396
350	2.51383e-09	-0.322594	1.13613	5.34435e-05	-0.884244	-0.250017	0.000526821
351	2.51383e-09	0.183495	-1.16297	-0.000256132	0.90981	0.144976	0.000607778
352	2.51383e-09	-1.15712	-0.214407	-3.26832e-05	0.170335	-0.906355	0.00125428
353	2.51383e-09	-1.13231	0.314041	0.000404837	-0.2503	-0.88809	-0.000397617
354	2.51383e-09	0.471021	-1.0907	-0.000133379	0.841306	0.363197	0.00100894
355	2.51383e-09	1.04691	-0.538949	-0.000593512	0.419752	0.820595	-0.000682093
356	2.51383e-09	0.377279	-1.12404	-0.00150234	0.870362	0.290884	0.000257097
357	2.51383e-09	-0.967594	0.681426	-0.00110859	-0.530619	-0.751344	0.000673708
358	2.51383e-09	0.722945	-0.95104	0.00111192	0.727591	0.552574	0.00145995
359	2.51383e-09	-1.17229	-0.183611	-0.00209928	0.141509	-0.90734	0.000238033
360	2.51383e-09	0.743442	0.923591	-0.00121894	-0.714969	0.575251	-0.000688962
361	2.51383e-09	-1.11472	0.395746	0.00150328	-0.307788	-0.866691	0.00160493
362	2.51383e-09	0.935846	0.711848	0.00132184	-0.560341	0.733792	-0.000296917
363	2.51383e-09	-0.631367	0.989368	0.00119195	-0.778052	-0.497056	0.00121433
364	2.51383e-09	-0.639164	-0.996777	-0.000438501	0.772388	-0.498797	-0.000238505
365	2.51383e-09	1.13815	0.329875	-0.00107753	-0.254818	0.883635	0.000723055
366	2.51383e-09	0.130967	-1.17717	-0.000755666	0.913352	0.102	0.00169743
367	2.51383e-09	-0.625155	1.01033	-0.000225253	-0.7794	-0.483854	-0.000276391
368	2.51383e-09	0.483785	1.08638	-0.00190205	-0.836968	0.376015	0.00114321
369	2.51383e-09	0.219497	1.17516	-0.000765238	-0.898829	0.165983	0.000350417
370	2.51383e-09	1.11949	0.390313	-0.000987258	-0.303058	0.867128	-0.000271296
371	2.51383e-09	-1.16504	0.27024	-0.00275041	-0.206398	-0.890658	-0.000588379
372	2.51383e-09	-0.429946	-1.1086	0.00045644	0.854892	-0.332601	-0.00107598
373	2.51383e-09	-0.348777	1.13922	-0.00105361	-0.875078	-0.266716	-0.000485503
374	2.51383e-09	0.595553	-1.03773	-0.00132198	0.793179	0.456501	0.000309284
375	2.51383e-09	0.192865	-1.18222	-6.74775e-05	0.901487	0.148627	0.000494186
376	2.51383e-09	-0.420932	1.11374	0.000965071	-0.857669	-0.323529	0.000788059
377	2.51383e-09	0.161652	-1.18385	-0.00184614	0.906505	0.121292	-0.000566622
378	2.51383e-09	1.05183	0.566414	-0.00120787	-0.432589	0.805534	-0.000675887
379	2.51383e-09	-0.72958	0.951326	0.000459277	-0.721236	-0.556143	-0.000834697
380	2.51383e-09	-0.59345	1.03665	0.00142772	-0.794471	-0.455784	0.000922957
381	2.51383e-09	1.15498	-0.302924	0.00143587	0.233075	0.884673	-0.000922033
382	2.51383e-09	0.757844	0.921478	0.000960362	-0.705222	0.583838	-4.05764e-05
383	2.51383e-09	0.869763	-0.809903	0.00126555	0.625321	0.670219	0.000277839
384	2.51383e-09	0.516072	1.07818	0.00132547	-0.825403	0.394582	-0.000230845
385	2.51383e-09	1.09892	0.470655	-0.00128015	-0.361768	0.840848	0.000454083
386	2.51383e-09	1.16291	-0.297383	-0.00108637	0.224945	0.884798	0.00019676
387	2.51383e-09	1.18016	-0.227313	-0.00140376	0.172386	0.895701	-8.21636e-05
388	2.51383e-09	-1.01325	-0.631555	0.00166551	0.483962	-0.777435	0.000960728
389	2.51383e-09	-0.354859	-1.14146	0.000698651	0.874921	-0.272182	0.000301075
390	2.51383e-09	-1.01473	-0.637882	0.000952587	0.487159	-0.772771	-0.000746244
391	2.51383e-09	-0.332693	1.15332	-8.18665e-05	-0.877012	-0.254743	0.00106716
392	2.51383e-09	0.333813	1.15319	-0.0008865	-0.877334	0.253951	-0.000928021
393	2.51383e-09	1.04332	-0.610861	-0.0002287	0.463551	0.782729	0.000439052
394	2.51383e-09	-1.03115	-0.613277	0.000690679	0.466446	-0.78468	0.0011078
395	2.51383e-09	-0.869257	0.828796	-0.00155029	-0.628193	-0.661644	-0.000451122
396	2.51383e-09	1.18689	0.146145	0.000366464	-0.115599	0.90735	0.000180477
397	2.51383e-09	0.681159	0.995261	0.000131162	-0.749735	0.515187	0.000965703
398	2.51383e-09	1.20357	-0.019092	-0.000275396	0.0164513	0.911362	-0.0013638
399	2.51383e-09	-1.04328	0.601432	0.00145036	-0.456097	-0.789201	0.000288733
400	2.51383e-09	-1.17984	0.255446	-0.000781285	-0.191043	-0.889124	0.000835447
