1.167400e+04
401
0	1	0.000537127	0.000333209	-4.90185e-07	3.4954e-08	2.09371e-08	-8.57176e-11
1	2.51383e-09	-0.721874	-0.696917	0.00166044	0.695629	-0.720215	-0.00224031
2	2.51383e-09	-0.482634	0.87268	0.00170013	-0.871777	-0.492544	0.000238395
3	2.51383e-09	-0.988423	-0.134786	-0.00220908	0.139678	-0.988927	-0.000616485
4	2.51383e-09	-0.139161	0.995035	-0.00215571	-0.987382	-0.138786	-0.000764235
5	2.51383e-09	0.698278	0.711573	0.00154438	-0.713421	0.701097	-2.56341e-05
6	2.51383e-09	-1.00172	0.118807	0.00245596	-0.115559	-0.989079	0.0031321
7	2.51383e-09	-0.144299	0.9906	-0.00171213	-0.987621	-0.146576	0.00239573
8	2.51383e-09	0.990772	0.0887482	0.000149834	-0.0849303	1.00028	0.000283214
9	2.51383e-09	-0.834517	0.56045	0.000535125	-0.558875	-0.828247	-0.000482333
10	2.51383e-09	-0.993372	-0.195884	0.00353893	0.19583	-0.974396	0.0010585
11	2.51383e-09	-0.718784	0.696582	0.00241065	-0.692242	-0.719534	-0.000198371
12	2.51383e-09	-0.661827	0.775768	-0.000981563	-0.757461	-0.638555	-0.0004045
13	2.51383e-09	-0.499126	-0.873135	-0.0014001	0.862521	-0.49835	-0.000560626
14	2.51383e-09	-0.907709	-0.438061	0.0033142	0.430733	-0.899526	0.000200152
15	2.51383e-09	0.241438	-0.960074	-0.000376143	0.979992	0.24572	-0.00237891
16	2.51383e-09	0.490067	-0.876899	-0.000548632	0.866807	0.490143	0.00173959
17	2.51383e-09	0.730958	-0.709203	0.00246679	0.689947	0.705636	0.000225405
18	2.51383e-09	-1.00776	0.0199538	-0.000141267	-0.0168531	-0.998827	-0.00106773
19	2.51383e-09	0.918249	-0.420916	-0.00366783	0.410194	0.909568	0.00292213
20	2.51383e-09	0.998841	-0.254362	0.000192814	0.24385	0.955673	0.00271972
21	2.51383e-09	0.970685	0.255221	0.000461081	-0.253812	0.966679	-0.000284986
22	2.51383e-09	0.0445959	-1.03387	-0.000718856	0.982513	0.0457725	-0.000302981
23	2.51383e-09	0.990337	-0.21022	-0.00394116	0.208854	0.973422	0.000503584
24	2.51383e-09	0.92039	-0.390011	0.000305642	0.386363	0.92666	0.00211707
25	2.51383e-09	0.242877	-0.99578	-0.00146863	0.955848	0.232854	-0.00134328
26	2.51383e-09	1.01052	0.143715	-0.000272602	-0.133986	0.98135	0.00132974
27	2.51383e-09	-0.911607	-0.411517	0.00302315	0.414307	-0.911128	-0.000170433
28	2.51383e-09	-0.738093	0.690348	0.00356896	-0.677501	-0.729027	-0.00381239
29	2.51383e-09	-0.840872	-0.536204	-6.79712e-05	0.538881	-0.844905	0.00312744
30	2.51383e-09	-0.440917	-0.915281	-0.000554578	0.89328	-0.431829	0.0014652
31	2.51383e-09	1.02081	-0.012533	0.00247336	0.0126281	0.984785	0.00116269
32	2.51383e-09	0.964888	-0.284851	0.00435924	0.2813	0.958855	0.000950906
33	2.51383e-09	1.01869	0.214362	0.000124645	-0.193229	0.956023	-0.000979913
34	2.51383e-09	1.03655	0.0799894	-0.00279312	-0.0746331	0.978037	-0.0019374
35	2.51383e-09	-0.569289	-0.840004	-0.00255448	0.819871	-0.559463	0.000943433
36	2.51383e-09	0.329966	-0.952026	0.000912121	0.938613	0.339541	0.000473301
37	2.51383e-09	0.832445	0.586499	4.01631e-05	-0.570559	0.812389	0.00027147
38	2.51383e-09	-0.0656885	0.996786	-0.000443099	-1.00119	-0.071331	0.000125606
39	2.51383e-09	-0.387758	0.941197	0.000375275	-0.919815	-0.374595	0.000697371
40	2.51383e-09	-0.0685135	1.00661	-0.00118204	-0.997344	-0.076435	0.00153266
41	2.51383e-09	0.875407	0.518904	0.00160304	-0.507545	0.851553	0.000985711
42	2.51383e-09	0.0879165	1.02241	-0.00124779	-0.983095	0.0814298	-0.0014082
43	2.51383e-09	-0.986168	0.16235	-0.00231766	-0.162111	-0.989201	-6.08747e-05
44	2.51383e-09	-0.645358	0.806832	-0.00057379	-0.767263	-0.615956	0.0027401
45	2.51383e-09	0.964331	-0.341976	-0.00236771	0.333841	0.931732	0.000584147
46	2.51383e-09	0.914381	0.40356	-0.000974743	-0.406061	0.916765	0.00220382
47	2.51383e-09	0.18995	0.994893	-0.000763146	-0.977271	0.185684	-0.000265434
48	2.51383e-09	0.744348	0.717389	-0.000949561	-0.68165	0.709518	-0.000311241
49	2.51383e-09	-0.636687	0.787819	-0.00290906	-0.773537	-0.620864	0.00133567
50	2.51383e-09	1.04352	-0.0438709	-0.00058135	0.0454395	0.976341	0.00231879
51	2.51383e-09	0.839295	-0.572884	0.00120799	0.558947	0.821635	-0.000868719
52	2.51383e-09	-0.480604	-0.914092	-0.000203236	0.87124	-0.46048	0.00194773
53	2.51383e-09	-0.999592	-0.21497	-0.000429115	0.20645	-0.969134	-0.00027832
54	2.51383e-09	-1.03526	-0.0265042	0.0030528	0.0233297	-0.981134	-0.000865331
55	2.51383e-09	1.02445	0.14034	-0.000319384	-0.13191	0.973498	-0.00111104
56	2.51383e-09	0.99555	0.253915	-0.000200958	-0.247132	0.955425	0.000129496
57	2.51383e-09	-0.504167	-0.922743	0.000267674	0.853063	-0.467493	-0.00102415
58	2.51383e-09	0.0306172	1.03483	0.00156892	-0.982837	0.0309694	0.00156757
59	2.51383e-09	-0.617114	-0.818326	-0.00350311	0.784391	-0.600741	-0.000303388
60	2.51383e-09	0.650886	-0.811105	0.00247248	0.764747	0.61208	0.00178395
61	2.51383e-09	0.337172	-0.977599	-0.00297106	0.928504	0.323769	-0.00205203
62	2.51383e-09	0.855086	0.587383	0.000505226	-0.559329	0.806792	0.0010663
63	2.51383e-09	-1.0275	0.00574939	0.00136716	-0.00227898	-0.985517	-0.00137704
64	2.51383e-09	-0.699361	0.752731	-0.0021946	-0.717625	-0.679172	0.00130741
65	2.51383e-09	0.741166	-0.709156	-0.000529018	0.680568	0.716254	-0.00111146
66	2.51383e-09	1.01191	-0.121216	0.00216087	0.127583	0.986978	-0.00217141
67	2.51383e-09	0.95166	-0.413488	0.00137325	0.391754	0.902545	0.000880165
68	2.51383e-09	0.700039	-0.764398	0.00113894	0.727884	0.661571	-0.00251751
69	2.51383e-09	-0.844407	-0.618937	0.000781386	0.582408	-0.783737	0.00104046
70	2.51383e-09	1.00412	0.200319	-0.00282076	-0.194358	0.970497	0.0018376
71	2.51383e-09	0.87809	0.565164	-0.00104285	-0.525537	0.825081	-0.00558145
72	2.51383e-09	1.0655	0.0367064	-0.00146138	-0.0351383	0.967915	0.0012796
73	2.51383e-09	0.772297	0.70675	-0.00201156	-0.662157	0.719195	0.000610395
74	2.51383e-09	0.539082	0.910062	0.00351874	-0.835192	0.500659	0.00115809
75	2.51383e-09	0.770899	0.684887	-0.00272859	-0.65814	0.736363	-0.00283353
76	2.51383e-09	0.444161	-0.960017	0.000821725	0.883567	0.399447	0.00118154
77	2.51383e-09	1.03302	0.230769	0.000944033	-0.211834	0.947153	-0.000622798
78	2.51383e-09	0.856087	0.580525	0.00384848	-0.549452	0.819487	-0.00144986
79	2.51383e-09	0.698876	-0.75364	0.00559558	0.721521	0.676152	-0.00138439
80	2.51383e-09	-0.40143	-0.968032	0.000525448	0.903197	-0.370707	-0.000311015
81	2.51383e-09	-0.883246	-0.505111	-0.00287976	0.497584	-0.857203	0.000417536
82	2.51383e-09	-0.496778	0.920524	0.0027233	-0.860833	-0.467599	-0.00235265
83	2.51383e-09	1.02961	0.134872	-0.00123548	-0.122483	0.97061	-0.000662421
84	2.51383e-09	-0.442937	-0.946467	-0.00141584	0.882644	-0.422142	-0.0010604
85	2.51383e-09	-0.126885	-1.01575	0.000221548	0.981074	-0.122099	0.00104943
86	2.51383e-09	-1.04618	0.0206135	-3.82969e-05	-0.0115521	-0.979765	-0.00138594
87	2.51383e-09	-0.473052	-0.933443	0.00266755	0.871178	-0.440767	0.0025548
88	2.51383e-09	-0.558221	-0.859082	-0.000815341	0.828899	-0.539408	-0.00165527
89	2.51383e-09	-0.330459	-0.996856	0.000649462	0.9287	-0.302604	0.00280513
90	2.51383e-09	0.533978	-0.895782	-0.00283158	0.843509	0.501306	0.00120512
91	2.51383e-09	-0.785603	-0.648359	-0.00130967	0.626875	-0.770789	0.00266747
92	2.51383e-09	0.616861	-0.842075	-0.00124016	0.791249	0.577476	2.60116e-05
93	2.51383e-09	0.0641035	1.06636	7.3954e-05	-0.968799	0.054557	0.00227349
94	2.51383e-09	-0.473746	0.91784	-0.00097841	-0.874722	-0.451217	-0.000382522
95	2.51383e-09	0.776507	-0.674723	-0.00165374	0.645485	0.746668	-0.0016578
96	2.51383e-09	1.0199	0.270999	0.000649577	-0.247628	0.94641	-0.00033467
97	2.51383e-09	0.410868	0.968872	-0.00238361	-0.896451	0.381211	0.0012401
98	2.51383e-09	-0.455997	-0.942945	-0.00165075	0.880014	-0.429414	-0.00319442
99	2.51383e-09	0.35435	1.01085	8.74716e-05	-0.908827	0.317145	0.00258684
100	2.51383e-09	-1.05046	0.0164534	0.00166445	-0.0227552	-0.978508	-0.000342963
101	2.51383e-09	0.983147	0.315431	0.00201741	-0.302825	0.937594	0.00120492
102	2.51383e-09	0.130644	1.02775	-0.00137122	-0.973232	0.11727	-0.00126046
103	2.51383e-09	1.01728	-0.276423	0.00147109	0.254047	0.938703	-0.00148639
104	2.51383e-09	0.947653	0.415453	0.000593638	-0.402245	0.901463	-0.000918173
105	2.51383e-09	1.03213	0.0657844	-0.000734558	-0.0632914	0.982679	-0.00130904
106	2.51383e-09	0.468446	-0.931487	-0.00129765	0.873425	0.442892	-0.000136428
107	2.51383e-09	-0.245934	1.04023	0.00150939	-0.940516	-0.221894	0.00248175
108	2.51383e-09	1.05853	0.0922861	8.83956e-05	-0.0857816	0.969358	-0.00164553
109	2.51383e-09	-0.215836	1.0313	-0.0018163	-0.956315	-0.197984	-0.0010756
110	2.51383e-09	-0.310374	1.00366	-0.00122991	-0.936354	-0.287464	0.000264848
111	2.51383e-09	1.05497	0.204147	0.00543091	-0.181944	0.944685	7.27442e-05
112	2.51383e-09	-0.05028	-1.06593	0.00110568	0.969369	-0.0500229	0.00208627
113	2.51383e-09	-1.01142	-0.32661	0.00012013	0.299878	-0.920581	0.00218341
114	2.51383e-09	-1.02576	-0.224299	-0.00126457	0.202759	-0.953576	0.00076925
115	2.51383e-09	-0.710314	0.807852	0.000490862	-0.725458	-0.636435	0.00301872
116	2.51383e-09	0.70352	-0.784982	0.000205719	0.722724	0.65343	0.00478683
117	2.51383e-09	0.621327	-0.842436	-0.0012474	0.790151	0.577198	-0.00060669
118	2.51383e-09	-0.630163	0.844375	-0.000137485	-0.785331	-0.579143	0.000361471
119	2.51383e-09	1.04106	0.15067	-0.00102814	-0.143806	0.963948	-0.00417867
120	2.51383e-09	-1.05453	0.0867385	-0.00200264	-0.0848851	-0.968526	-0.000692225
121	2.51383e-09	0.578815	-0.89257	0.00106476	0.816936	0.524388	0.00311238
122	2.51383e-09	1.05122	-0.212682	-0.000412263	0.187491	0.949757	0.00222123
123	2.51383e-09	1.00046	-0.297794	-0.00357238	0.279318	0.937504	-0.00151171
124	2.51383e-09	-0.567602	-0.919937	-0.00242193	0.817739	-0.503541	0.00270599
125	2.51383e-09	-0.83214	-0.640045	0.00127865	0.589687	-0.77455	-0.0012401
126	2.51383e-09	-0.568927	-0.888031	-0.00063679	0.820635	-0.522381	0.000109291
127	2.51383e-09	-0.446778	-0.952731	0.0019149	0.885337	-0.412971	-0.00198813
128	2.51383e-09	0.541498	0.925218	0.00165925	-0.831258	0.486518	0.00403244
129	2.51383e-09	-0.253499	-1.03425	-0.001467	0.938318	-0.229745	-0.00210094
130	2.51383e-09	-1.0199	-0.323517	0.00469052	0.293726	-0.917481	0.00048243
131	2.51383e-09	0.483168	0.986093	-0.00153268	-0.856581	0.419089	2.35946e-05
132	2.51383e-09	0.659357	-0.839053	-0.000182095	0.760397	0.604077	-0.00282376
133	2.51383e-09	-0.451484	0.963242	-0.000509025	-0.87963	-0.413142	-0.00170792
134	2.51383e-09	-0.682561	-0.803086	-0.00169477	0.743799	-0.632433	-0.000871394
135	2.51383e-09	0.753735	-0.746214	-0.00284046	0.67997	0.692181	0.000742777
136	2.51383e-09	-0.453064	-0.995039	0.00155861	0.86865	-0.397419	-0.000332953
137	2.51383e-09	-0.182682	1.04952	-0.0015579	-0.952956	-0.163091	-0.000749703
138	2.51383e-09	-0.450599	0.954406	1.4476e-05	-0.88222	-0.417963	0.00366013
139	2.51383e-09	-0.305402	-1.01561	0.00283706	0.927959	-0.280477	0.00243117
140	2.51383e-09	-0.481859	0.977451	0.000977918	-0.862267	-0.420552	-0.000430587
141	2.51383e-09	-0.307957	1.0071	0.00203482	-0.933828	-0.282618	-0.000172579
142	2.51383e-09	1.06664	0.104885	-0.00291229	-0.0871743	0.965024	-0.000373632
143	2.51383e-09	-0.779009	0.75308	0.00013105	-0.663996	-0.687079	-0.00337692
144	2.51383e-09	-0.277642	-1.0414	0.00234947	0.932039	-0.249045	-0.00135689
145	2.51383e-09	0.982783	0.374407	0.00302299	-0.345854	0.910976	-3.74136e-05
146	2.51383e-09	-1.05565	-0.307521	0.0013728	0.261725	-0.915013	0.00270908
147	2.51383e-09	-0.130157	-1.07082	-0.00395187	0.956532	-0.114042	0.0017469
148	2.51383e-09	-0.037025	-1.08147	-0.00183494	0.962325	-0.0331983	0.000497895
149	2.51383e-09	-0.445712	-0.949282	-0.0026834	0.884747	-0.422449	-0.00151573
150	2.51383e-09	0.294554	1.04518	0.000613628	-0.922125	0.250382	-0.00175181
151	2.51383e-09	-0.215321	1.06869	-0.000468911	-0.935883	-0.192034	0.0017184
152	2.51383e-09	0.104932	1.07938	0.000322119	-0.952568	0.083724	-0.000197828
153	2.51383e-09	-0.224538	1.05332	-0.00086562	-0.945191	-0.201672	0.00347953
154	2.51383e-09	-0.327843	-1.05936	0.000841055	0.905278	-0.27901	0.00364239
155	2.51383e-09	-0.763901	0.767481	-0.000232367	-0.681517	-0.680258	0.00152508
156	2.51383e-09	0.888198	-0.625098	0.00239216	0.558496	0.784981	-0.00198547
157	2.51383e-09	0.929721	0.517697	0.000344105	-0.468835	0.84895	0.00180021
158	2.51383e-09	-1.04489	-0.304463	-0.00195908	0.275248	-0.920047	-0.00274295
159	2.51383e-09	1.06393	0.146215	0.000138723	-0.133889	0.955605	0.000819539
160	2.51383e-09	-1.05887	0.145518	0.00149666	-0.130704	-0.96075	0.000636942
161	2.51383e-09	-0.55761	-0.925089	-0.00210595	0.825586	-0.49669	0.00131267
162	2.51383e-09	-1.06565	-0.131628	0.00108401	0.114755	-0.957563	0.00309944
163	2.51383e-09	-1.06147	0.176868	-0.0011836	-0.165228	-0.952854	0.00049569
164	2.51383e-09	-0.802533	0.712179	0.00360272	-0.644466	-0.720585	-0.00291458
165	2.51383e-09	0.578158	-0.932753	0.00288669	0.812535	0.503157	-0.00211014
166	2.51383e-09	0.553593	0.920773	-0.00172221	-0.828146	0.494319	-0.000587922
167	2.51383e-09	0.626438	-0.858706	0.00172051	0.788961	0.565321	0.00100571
168	2.51383e-09	0.754943	0.79267	0.000484277	-0.694618	0.653773	-0.000512588
169	2.51383e-09	0.308111	1.03984	-0.00145735	-0.921428	0.278908	-0.000289767
170	2.51383e-09	-0.673008	0.868765	0.00116093	-0.75341	-0.582503	-3.94195e-05
171	2.51383e-09	1.04278	0.322808	0.00137351	-0.284729	0.914537	-1.57327e-05
172	2.51383e-09	0.7615	-0.818023	-0.00017957	0.689961	0.644689	-0.000860622
173	2.51383e-09	1.1004	0.016085	-0.00307285	-0.0150506	0.952975	5.09657e-06
174	2.51383e-09	1.04128	-0.354974	0.000299039	0.309098	0.901534	0.00256718
175	2.51383e-09	-0.251376	1.05437	0.00176171	-0.935108	-0.230572	0.000329573
176	2.51383e-09	1.02741	-0.355075	0.000631077	0.312437	0.905903	0.00233801
177	2.51383e-09	-1.08416	0.246512	0.00239447	-0.208037	-0.925375	-0.00230949
178	2.51383e-09	1.04499	0.288036	-0.00238572	-0.251924	0.927293	-0.000908457
179	2.51383e-09	0.851318	-0.703372	-0.00266014	0.603772	0.734766	-0.00218915
180	2.51383e-09	-0.749776	-0.776974	0.000249838	0.692277	-0.666841	0.00224804
181	2.51383e-09	0.918031	-0.606681	0.000526198	0.521929	0.798077	4.50236e-05
182	2.51383e-09	-0.612458	0.916074	-4.93169e-05	-0.795169	-0.525023	0.00143873
183	2.51383e-09	0.6331	0.893446	-0.000732505	-0.778454	0.553215	-3.63093e-05
184	2.51383e-09	1.09768	0.0652952	0.000218946	-0.0584734	0.953874	0.000992876
185	2.51383e-09	-0.198533	1.06704	-0.00225383	-0.94411	-0.179567	-0.000700739
186	2.51383e-09	-1.05822	-0.26538	-0.00166517	0.231538	-0.928061	-0.00113716
187	2.51383e-09	0.619182	-0.868829	0.00118404	0.785783	0.564512	0.00216362
188	2.51383e-09	-1.02189	0.429381	-0.00263686	-0.367787	-0.871983	0.00121775
189	2.51383e-09	1.08917	-0.111572	-6.96474e-05	0.0948631	0.950521	-0.00287533
190	2.51383e-09	0.0987506	1.09002	0.00126474	-0.956366	0.0879298	-0.000711501
191	2.51383e-09	-0.868916	-0.640579	7.14527e-05	0.568969	-0.777247	-0.000173819
192	2.51383e-09	-0.765027	-0.792282	0.00122157	0.686061	-0.659611	-0.00148666
193	2.51383e-09	0.679121	-0.880462	0.00370725	0.75431	0.574824	0.000586199
194	2.51383e-09	0.417944	-1.03496	0.00234322	0.878692	0.35493	0.00202107
195	2.51383e-09	-1.0453	-0.285408	0.00122694	0.249741	-0.925823	-0.000250817
196	2.51383e-09	1.08068	-0.185822	0.000246855	0.167471	0.940002	-0.00381377
197	2.51383e-09	0.959388	-0.513121	-0.00169559	0.453428	0.845337	0.00206051
198	2.51383e-09	-0.259986	-1.08074	-0.000886988	0.921616	-0.22052	-0.000706223
199	2.51383e-09	1.02566	-0.392759	0.00141506	0.341636	0.893159	0.00377861
200	2.51383e-09	1.0825	0.240063	-0.000545214	-0.204101	0.929201	-0.000339924
201	2.51383e-09	-0.575462	0.935454	-0.00124595	-0.812788	-0.4993	0.00141083
202	2.51383e-09	-1.0154	-0.388768	-0.00166673	0.339812	-0.896434	-0.000610218
203	2.51383e-09	0.21338	-1.06044	-0.00342885	0.941647	0.186991	-0.000520482
204	2.51383e-09	-1.09266	0.0923304	-0.00128341	-0.0888566	-0.952575	0.00138218
205	2.51383e-09	1.13033	-0.0155301	-0.000152328	0.00715129	0.939162	-0.000615975
206	2.51383e-09	-0.0912491	1.09464	0.00142504	-0.950539	-0.0785013	-0.00114798
207	2.51383e-09	0.944745	-0.599249	-0.00420899	0.507881	0.796808	0.000917926
208	2.51383e-09	-0.0794631	-1.09583	-0.00264778	0.951389	-0.0620323	0.00167895
209	2.51383e-09	0.58232	0.934529	0.00289784	-0.812841	0.500176	0.00152332
210	2.51383e-09	0.917611	0.6162	-0.00152019	-0.536434	0.786576	0.00146827
211	2.51383e-09	0.884015	0.643862	-0.000101861	-0.56213	0.775428	0.00058448
212	2.51383e-09	-0.518829	-1.01709	0.00282207	0.832218	-0.418612	-0.000202717
213	2.51383e-09	-1.1145	0.00392495	-0.00138786	-0.0072089	-0.945615	-0.0030677
214	2.51383e-09	0.0411935	1.10002	-0.00139568	-0.951235	0.0311022	-0.00162046
215	2.51383e-09	-0.769593	-0.813938	-0.00124092	0.68496	-0.650174	-0.00105782
216	2.51383e-09	0.00685072	1.11587	-0.000912975	-0.943724	0.000744932	0.000844357
217	2.51383e-09	0.183791	1.09672	-0.00172148	-0.937688	0.158183	0.00109764
218	2.51383e-09	-0.944767	-0.49886	0.00185811	0.456121	-0.85475	0.00560666
219	2.51383e-09	-1.00048	0.539253	-0.000255451	-0.447806	-0.824328	-0.000962221
220	2.51383e-09	-1.06695	-0.334392	0.00246954	0.285094	-0.90011	-0.00249676
221	2.51383e-09	0.778389	-0.756778	-0.00339348	0.668848	0.687132	0.00053313
222	2.51383e-09	0.94694	0.578763	-0.000389316	-0.495058	0.809163	-0.00155732
223	2.51383e-09	0.594467	0.947658	0.000867826	-0.799538	0.49997	0.00040992
224	2.51383e-09	-0.312589	1.03759	-0.000461624	-0.921942	-0.281972	-0.00284747
225	2.51383e-09	1.04559	0.379777	-0.00175968	-0.328415	0.891493	4.9496e-06
226	2.51383e-09	-0.298917	-1.07127	-0.00285552	0.914559	-0.257237	0.00194636
227	2.51383e-09	-0.0762248	-1.10377	-0.000886863	0.949041	-0.0648018	0.00146171
228	2.51383e-09	-1.01379	0.457718	0.00170744	-0.391175	-0.865243	0.00106755
229	2.51383e-09	-0.196614	1.10884	0.00435289	-0.928178	-0.165358	-0.0022148
230	2.51383e-09	1.02029	0.545405	-0.00298553	-0.435843	0.819355	-0.000235817
231	2.51383e-09	-1.04753	0.43825	0.00506248	-0.362388	-0.863432	0.000121299
232	2.51383e-09	-0.457635	-0.987929	0.00235881	0.872015	-0.407052	-0.000982287
233	2.51383e-09	0.686955	0.889412	-0.00197046	-0.748314	0.569235	-0.0017392
234	2.51383e-09	-1.07814	-0.304407	-0.000459463	0.255703	-0.908356	-0.00513034
235	2.51383e-09	-0.290483	-1.06868	0.00255384	0.918063	-0.256402	-0.000483316
236	2.51383e-09	0.976771	0.549723	0.00172112	-0.468123	0.824359	0.000632359
237	2.51383e-09	0.700503	0.840737	0.00232257	-0.732845	0.618632	-0.00258488
238	2.51383e-09	-1.15744	-0.0101224	0.00134684	0.0147789	-0.927166	0.000325718
239	2.51383e-09	-0.772331	0.796526	0.00194316	-0.679058	-0.660763	-0.00185918
240	2.51383e-09	1.09043	-0.246504	-0.00135195	0.21674	0.924753	-0.00256068
241	2.51383e-09	0.668175	0.89558	-0.00193524	-0.75892	0.564254	0.000300012
242	2.51383e-09	0.578666	0.999511	0.00350632	-0.807177	0.466665	-0.00039757
243	2.51383e-09	1.06643	-0.377314	-0.00120217	0.310642	0.886462	0.00336788
244	2.51383e-09	-0.504609	-1.02448	-0.00180894	0.840601	-0.408612	0.00119269
245	2.51383e-09	-1.12139	-0.155	-0.00367297	0.130261	-0.928668	-0.00178578
246	2.51383e-09	-0.115519	1.13249	-0.00345599	-0.931592	-0.0898239	0.000107284
247	2.51383e-09	0.584382	-0.943794	0.00340932	0.805442	0.494381	0.000379603
248	2.51383e-09	-0.481717	1.01847	0.000358851	-0.85011	-0.403844	0.000102054
249	2.51383e-09	-0.372093	-1.06863	6.4469e-05	0.884112	-0.309349	-0.00141733
250	2.51383e-09	0.544072	0.99945	-0.0015065	-0.823753	0.447611	0.00187963
251	2.51383e-09	1.00545	-0.488479	0.000985287	0.416283	0.851553	0.00151925
252	2.51383e-09	-1.06376	0.340715	-0.000661972	-0.28327	-0.90126	0.000501059
253	2.51383e-09	-0.49632	1.01852	0.00179198	-0.843783	-0.410205	-0.00352732
254	2.51383e-09	-0.923307	-0.629812	-0.000569048	0.535679	-0.784688	-0.000808741
255	2.51383e-09	-0.841303	-0.752124	-0.00204326	0.62954	-0.703049	-0.00101153
256	2.51383e-09	-1.03009	-0.512005	-0.000130888	0.418219	-0.830324	0.00157738
257	2.51383e-09	1.02343	0.453527	0.00257347	-0.382331	0.865485	-0.0009059
258	2.51383e-09	0.348056	-1.07812	0.00010066	0.892883	0.28442	0.00299243
259	2.51383e-09	-0.915889	-0.663362	0.00141246	0.552381	-0.758812	-0.000289759
260	2.51383e-09	0.802014	0.792184	-0.0038578	-0.663044	0.667788	0.00348021
261	2.51383e-09	-1.12837	0.0348571	0.00251061	-0.0304082	-0.942153	-0.000982928
262	2.51383e-09	0.983417	-0.50908	-0.00230575	0.435022	0.847863	-0.00449557
263	2.51383e-09	-1.08404	-0.376958	0.00271155	0.299867	-0.881821	0.00185637
264	2.51383e-09	-1.11309	-0.0918327	0.00129981	0.0776823	-0.944653	0.000681229
265	2.51383e-09	0.189113	-1.13008	-0.000585326	0.920496	0.155717	-0.00285082
266	2.51383e-09	0.387402	1.06148	0.00103343	-0.885235	0.32346	0.000211619
267	2.51383e-09	-0.852095	-0.71565	-0.000468439	0.611185	-0.728639	-0.000362511
268	2.51383e-09	-0.924975	-0.65643	-0.00163192	0.54173	-0.767319	0.00205016
269	2.51383e-09	1.10062	-0.301436	-0.00256325	0.246481	0.905995	0.000518544
270	2.51383e-09	0.995084	-0.545648	-0.00216489	0.448743	0.821427	0.000392734
271	2.51383e-09	1.14525	-0.113592	0.00167194	0.0918435	0.928679	-0.000807663
272	2.51383e-09	-0.775756	0.844906	-0.00315284	-0.685007	-0.632103	-0.00244231
273	2.51383e-09	-1.09863	0.339045	0.000804831	-0.278602	-0.889074	-0.00190277
274	2.51383e-09	-0.300491	-1.09202	0.00329475	0.902309	-0.253237	-0.000691063
275	2.51383e-09	0.850416	-0.749	-0.0015337	0.623509	0.705326	0.00153792
276	2.51383e-09	-0.785406	0.846874	-0.00152888	-0.677465	-0.637785	0.00214486
277	2.51383e-09	0.657709	-0.9217	0.00457557	0.770671	0.546459	0.000689124
278	2.51383e-09	1.1276	-0.195688	0.00384535	0.157752	0.921777	-0.00163011
279	2.51383e-09	1.17906	0.0693309	-3.14863e-05	-0.05817	0.915575	-0.000318648
280	2.51383e-09	-0.182043	-1.15117	0.00233674	0.91366	-0.141536	0.00154308
281	2.51383e-09	-0.228356	-1.12012	-0.00144822	0.912846	-0.184555	-0.000273329
282	2.51383e-09	0.503178	1.02564	-0.00232155	-0.841941	0.409052	-9.03697e-05
283	2.51383e-09	-0.159678	1.12572	-0.00396463	-0.927226	-0.137038	0.000148523
284	2.51383e-09	-0.770096	-0.843284	-0.00174905	0.690782	-0.634759	0.000506736
285	2.51383e-09	-1.12256	-0.256599	0.00167622	0.205231	-0.908034	-0.000263475
286	2.51383e-09	-0.0548535	-1.14448	-0.000451082	0.931011	-0.0445478	2.05777e-05
287	2.51383e-09	-0.0719057	-1.12284	0.00118612	0.943917	-0.0644722	0.00102891
288	2.51383e-09	-1.05955	-0.43686	-0.00281443	0.359591	-0.864591	0.000110594
289	2.51383e-09	0.599772	-0.976448	0.00363047	0.798868	0.486354	-0.00219701
290	2.51383e-09	0.390974	1.06963	-0.00399223	-0.877824	0.324418	-0.00168527
291	2.51383e-09	1.137	-0.153296	0.00126477	0.121565	0.925697	0.00133576
292	2.51383e-09	-0.11002	1.15077	0.000584014	-0.924671	-0.0882925	0.00104393
293	2.51383e-09	-0.674625	-0.917529	0.00057752	0.7563	-0.550482	-0.00161164
294	2.51383e-09	-0.537248	-1.03327	0.00502191	0.823972	-0.423786	-0.003759
295	2.51383e-09	0.354085	-1.08088	0.00124637	0.893505	0.287809	-0.00290569
296	2.51383e-09	0.952792	-0.656184	-0.00181057	0.527605	0.766105	0.00376915
297	2.51383e-09	-1.13288	0.0755554	0.000954781	-0.0633097	-0.936996	0.000245658
298	2.51383e-09	0.0365377	1.15721	-0.00242592	-0.927138	0.0290969	-0.000666154
299	2.51383e-09	-0.689442	0.92824	-0.00239829	-0.746996	-0.56088	-0.00131244
300	2.51383e-09	-1.13754	-0.245498	-0.00103134	0.197806	-0.905874	0.0031756
301	2.51383e-09	-0.0722683	-1.1623	-0.00201568	0.923392	-0.0658793	-0.00174495
302	2.51383e-09	-1.09486	0.428184	-0.000501105	-0.332754	-0.856136	0.00325869
303	2.51383e-09	1.15584	-0.0964524	0.00115131	0.0797179	0.923097	-0.000736576
304	2.51383e-09	0.00550083	-1.18751	2.38951e-05	0.915062	0.00907236	9.19101e-05
305	2.51383e-09	0.983786	0.601251	6.60595e-05	-0.4858	0.79373	0.00259454
306	2.51383e-09	-0.727861	-0.881632	-0.00128111	0.722293	-0.593868	-0.0019909
307	2.51383e-09	1.02968	0.538572	1.47514e-05	-0.428053	0.82327	0.00233616
308	2.51383e-09	-1.03796	0.529731	0.0022187	-0.421851	-0.827388	0.00262664
309	2.51383e-09	0.626658	0.949084	0.00134615	-0.780644	0.521694	0.00203911
310	2.51383e-09	-1.0477	0.512563	2.41549e-05	-0.407336	-0.828357	0.00216014
311	2.51383e-09	0.905908	0.725195	-0.00509599	-0.579068	0.724799	1.94985e-05
312	2.51383e-09	-0.44822	1.0829	-0.00228082	-0.853633	-0.347043	0.00130925
313	2.51383e-09	-0.652763	0.947866	-0.00184405	-0.770013	-0.524472	0.00239211
314	2.51383e-09	-0.298423	1.10226	-0.00139823	-0.902058	-0.252327	-0.00025646
315	2.51383e-09	-0.882649	0.763556	0.00306722	-0.60068	-0.702243	-0.000297679
316	2.51383e-09	1.07865	-0.459067	0.00148993	0.36672	0.846858	-0.00156684
317	2.51383e-09	-0.845642	0.779374	-0.00264327	-0.633278	-0.688917	-0.0028435
318	2.51383e-09	-0.594147	0.999569	7.6133e-05	-0.79554	-0.47672	0.00135113
319	2.51383e-09	-0.293197	1.13807	-0.0029144	-0.891052	-0.232303	-0.00102664
320	2.51383e-09	-0.99097	0.636395	-0.00131171	-0.498517	-0.772514	0.000244029
321	2.51383e-09	-0.747964	0.895455	-0.00139806	-0.708119	-0.593539	-0.00133413
322	2.51383e-09	0.0418605	1.15847	-0.0036373	-0.927687	0.0326008	0.00178568
323	2.51383e-09	-0.80104	-0.841374	0.000128421	0.666533	-0.640633	-0.00101839
324	2.51383e-09	-0.371443	1.12059	-0.00127724	-0.874556	-0.288972	1.32577e-05
325	2.51383e-09	1.11817	0.271428	-0.000146154	-0.219576	0.909922	-0.00267718
326	2.51383e-09	-1.14235	0.229952	-0.00738531	-0.182503	-0.912557	-0.000283783
327	2.51383e-09	0.796673	-0.864299	-0.00227389	0.678429	0.624806	-0.000460663
328	2.51383e-09	-0.650543	-0.925691	-0.00520305	0.769524	-0.543433	-0.00166531
329	2.51383e-09	-0.62364	-0.993306	-0.000263513	0.778113	-0.498652	0.00134063
330	2.51383e-09	-0.665576	-0.948605	-0.00178698	0.757457	-0.533942	-0.000643216
331	2.51383e-09	0.205907	1.14133	-0.00326829	-0.912369	0.162095	-0.000660029
332	2.51383e-09	1.06096	0.52098	0.000369546	-0.407389	0.824043	-0.00331948
333	2.51383e-09	-0.994266	-0.625302	-0.00181986	0.491177	-0.781057	0.000630288
334	2.51383e-09	-0.733298	-0.913338	2.77388e-05	0.723603	-0.572579	0.000829266
335	2.51383e-09	1.14672	-0.316763	-0.00124738	0.241101	0.883102	-0.00086154
336	2.51383e-09	0.508484	-1.05507	0.00156813	0.836068	0.398937	0.00130822
337	2.51383e-09	-0.967602	-0.682043	0.00145511	0.532445	-0.747631	-0.00114031
338	2.51383e-09	-1.14906	-0.156418	0.000273254	0.12467	-0.920497	0.000186435
339	2.51383e-09	0.704191	-0.950922	0.00232543	0.73781	0.550304	-0.00355197
340	2.51383e-09	0.0443456	1.17119	0.00163693	-0.927209	0.0294025	-0.0029186
341	2.51383e-09	0.0903626	1.18651	0.000361739	-0.912886	0.075463	0.00107296
342	2.51383e-09	-1.05039	-0.455079	-0.000117849	0.370758	-0.856479	4.26546e-05
343	2.51383e-09	0.970918	-0.647747	-0.000306131	0.515665	0.766124	0.000765371
344	2.51383e-09	-0.452034	1.09076	-0.00120789	-0.849608	-0.35188	-0.00110424
345	2.51383e-09	-0.121978	-1.14896	-0.00272063	0.926243	-0.0973319	0.00169031
346	2.51383e-09	-1.0881	-0.461698	-0.00305343	0.35818	-0.843195	-0.000879612
347	2.51383e-09	1.13147	0.336935	-0.000501874	-0.263925	0.881313	0.0002856
348	2.51383e-09	-0.964842	-0.665608	0.0023259	0.527455	-0.759792	-0.000562042
349	2.51383e-09	-1.12893	0.351633	-0.00084086	-0.275172	-0.877847	-0.000510249
350	2.51383e-09	-0.706442	0.935264	-0.000867077	-0.735216	-0.555574	0.00186601
351	2.51383e-09	-0.913349	-0.77242	0.00268554	0.587164	-0.701055	0.000875015
352	2.51383e-09	-1.16975	0.135487	0.000109819	-0.10556	-0.912672	-0.00177815
353	2.51383e-09	-0.155898	-1.18472	-0.00317807	0.907955	-0.121699	-0.00125519
354	2.51383e-09	-0.93765	-0.709851	0.00118083	0.55797	-0.733132	-0.000263819
355	2.51383e-09	-0.131908	-1.14502	0.000802031	0.926392	-0.107808	0.00185679
356	2.51383e-09	-1.18059	0.173236	0.00331604	-0.135595	-0.907237	-0.00033651
357	2.51383e-09	0.997871	0.620017	-0.00252837	-0.488204	0.781554	-0.000559647
358	2.51383e-09	0.534055	1.06642	-0.00011481	-0.820183	0.408818	-0.00230616
359	2.51383e-09	0.9612	-0.730837	0.00120068	0.553822	0.721583	0.00233211
360	2.51383e-09	0.540059	1.03808	5.35459e-05	-0.824452	0.423731	-0.00019724
361	2.51383e-09	-1.04068	0.546009	0.00172762	-0.426094	-0.819394	-0.00146736
362	2.51383e-09	0.0237498	-1.16658	0.00280719	0.927595	0.0157595	0.000576274
363	2.51383e-09	0.872821	-0.792409	-0.000397124	0.616942	0.686497	-0.00116888
364	2.51383e-09	0.204676	-1.14189	0.00172837	0.915623	0.160191	0.00178437
365	2.51383e-09	0.546487	1.06919	-0.00188275	-0.809637	0.420712	-0.000127419
366	2.51383e-09	-0.0714737	-1.19743	0.00247025	0.90859	-0.0546076	-0.00101092
367	2.51383e-09	-1.07648	0.456031	0.00314578	-0.364776	-0.852255	-0.00213547
368	2.51383e-09	1.15449	0.315412	-0.00277815	-0.240578	0.882928	0.00152837
369	2.51383e-09	0.571717	1.03257	0.00119008	-0.808676	0.449346	0.00195607
370	2.51383e-09	-0.997686	0.660669	0.00334624	-0.50296	-0.760252	0.00105683
371	2.51383e-09	-0.521003	1.09336	-0.00121007	-0.818538	-0.393372	-0.00125813
372	2.51383e-09	-0.404942	-1.12609	-0.00207059	0.862347	-0.305157	-0.00161048
373	2.51383e-09	-0.416524	-1.10634	-0.000877838	0.857958	-0.3289	0.000959068
374	2.51383e-09	-0.859879	-0.860663	0.003313	0.640954	-0.637178	0.00176741
375	2.51383e-09	0.49639	1.0783	0.00402446	-0.83705	0.379836	0.00274969
376	2.51383e-09	-0.222624	-1.16214	0.000447572	0.900985	-0.177547	-0.000153918
377	2.51383e-09	1.16559	-0.189109	-0.000941571	0.145065	0.910894	-0.000986614
378	2.51383e-09	-0.0668997	1.19046	0.000581726	-0.915573	-0.0522546	-0.000698494
379	2.51383e-09	0.45705	-1.08237	-0.0045778	0.851833	0.363334	0.000476362
380	2.51383e-09	-0.773938	0.881608	0.00253456	-0.695878	-0.608475	0.000189753
381	2.51383e-09	-0.792832	-0.887214	0.00143257	0.683227	-0.611879	-0.000444302
382	2.51383e-09	1.0319	-0.599672	0.000393282	0.462713	0.793499	0.000724999
383	2.51383e-09	-0.744132	-0.914169	-0.00155931	0.715778	-0.581447	0.000150771
384	2.51383e-09	0.612398	1.03191	0.00585137	-0.786651	0.467034	-0.000472122
385	2.51383e-09	-1.0887	-0.447116	6.56907e-05	0.348506	-0.852741	0.00168444
386	2.51383e-09	-0.642287	1.00504	-0.00349547	-0.769269	-0.497037	-0.000303082
387	2.51383e-09	0.682317	-0.986054	-0.00308464	0.752951	0.516857	0.000269919
388	2.51383e-09	-1.05023	0.56584	0.00165966	-0.435635	-0.80788	0.00172392
389	2.51383e-09	0.314624	1.14347	0.00230144	-0.885722	0.241059	-0.00334067
390	2.51383e-09	0.980861	0.671491	0.000479907	-0.521149	0.754309	0.00062848
391	2.51383e-09	1.2068	0.0605228	-8.09394e-05	-0.0396733	0.909728	-0.00202324
392	2.51383e-09	0.0368576	-1.19908	0.00664104	0.911578	0.0290867	0.000832067
393	2.51383e-09	-1.20207	-0.0473763	0.00239217	0.0424133	-0.911783	-0.000225133
394	2.51383e-09	1.10339	0.468211	-0.00118533	-0.356255	0.844347	0.00102535
395	2.51383e-09	1.11195	0.471139	0.000345869	-0.360847	0.833832	0.000293284
396	2.51383e-09	0.0638872	1.22408	-0.000311488	-0.898254	0.041207	-0.00189697
397	2.51383e-09	-0.617487	1.03684	0.00322079	-0.781019	-0.46441	0.000776703
398	2.51383e-09	-1.15088	0.336534	0.00103259	-0.257572	-0.87774	0.00135026
399	2.51383e-09	1.08289	-0.514813	-0.00114033	0.394109	0.825311	0.000746676
400	2.51383e-09	0.135836	1.20109	0.000167957	-0.901172	0.100649	-0.00200798
