1.080300e+04
401
0	1	0.000497603	0.000308657	-4.54115e-07	5.30917e-08	4.35996e-08	-1.21059e-10
1	2.51383e-09	-0.324941	0.962664	-0.00101039	-0.93723	-0.320823	0.00268667
2	2.51383e-09	0.378914	0.930218	6.57634e-05	-0.924265	0.369203	0.00144511
3	2.51383e-09	-0.090432	-0.987644	-0.00171186	1.00186	-0.0880782	0.00162341
4	2.51383e-09	-0.506477	0.869255	-0.00218271	-0.859714	-0.502886	-0.000523519
5	2.51383e-09	-0.809231	0.583773	-6.00432e-05	-0.582414	-0.812832	-0.00177504
6	2.51383e-09	-0.339476	-0.949686	0.00335555	0.937988	-0.334816	-0.000169391
7	2.51383e-09	0.947191	0.322831	-0.00217045	-0.320118	0.946134	-0.00218917
8	2.51383e-09	-0.568401	0.822648	0.000186696	-0.819735	-0.568771	-0.000524357
9	2.51383e-09	-0.965017	-0.297485	-0.000101282	0.289229	-0.951401	-0.000894641
10	2.51383e-09	0.0829628	-1.00969	0.00212752	0.99104	0.0798637	-0.00261243
11	2.51383e-09	-0.998205	-0.0150421	0.00142892	0.0181724	-1.00057	-0.000696993
12	2.51383e-09	-0.262133	-0.990354	0.000482403	0.953716	-0.247671	0.000982936
13	2.51383e-09	0.980498	-0.224131	-0.00124659	0.221383	0.972258	0.000690465
14	2.51383e-09	0.459146	0.902201	-0.00331308	-0.887989	0.446849	4.812e-05
15	2.51383e-09	0.0299495	1.01159	-0.00122111	-0.988399	0.0313034	0.0023653
16	2.51383e-09	0.926789	0.368359	0.000731733	-0.375172	0.930097	0.00182182
17	2.51383e-09	1.00857	-0.116659	9.86711e-05	0.1079	0.984299	0.0023229
18	2.51383e-09	-0.552301	-0.843292	-0.000638498	0.833094	-0.550927	-0.00118126
19	2.51383e-09	0.527736	0.855857	0.000569051	-0.850957	0.52932	0.0042371
20	2.51383e-09	-0.706528	-0.752799	-0.00110626	0.719027	-0.671108	-0.00242842
21	2.51383e-09	0.0396688	-1.00444	-0.000885635	0.994366	0.0398261	-6.14527e-05
22	2.51383e-09	-0.712262	0.743575	0.00191838	-0.714407	-0.678401	0.00077897
23	2.51383e-09	0.490815	0.889193	-0.00202552	-0.867352	0.481785	0.00332812
24	2.51383e-09	-0.757345	-0.675219	-0.00179317	0.660327	-0.735253	-0.00141426
25	2.51383e-09	-0.961938	-0.331125	0.000880273	0.317062	-0.938731	-0.00102256
26	2.51383e-09	0.146417	1.01247	7.5676e-05	-0.977197	0.142374	0.000728701
27	2.51383e-09	-1.00084	0.0178805	0.00241676	-0.0140028	-0.999932	0.0019653
28	2.51383e-09	-0.807162	0.610412	0.00413061	-0.598714	-0.794704	-0.000493654
29	2.51383e-09	0.824498	-0.56981	0.00239291	0.570091	0.820081	4.82712e-05
30	2.51383e-09	-1.01555	-0.0395179	-0.00139421	0.0396048	-0.991488	0.000328451
31	2.51383e-09	0.865036	-0.529497	-0.000674518	0.51896	0.842113	0.00158413
32	2.51383e-09	0.893249	0.461553	0.00420515	-0.458665	0.887533	4.79195e-05
33	2.51383e-09	0.0173874	1.04016	0.000186333	-0.975942	0.00872002	0.000417641
34	2.51383e-09	0.616544	-0.835024	0.00201353	0.790078	0.582674	-0.00296614
35	2.51383e-09	0.997309	-0.199767	0.000707604	0.193425	0.971588	0.00231793
36	2.51383e-09	0.10315	-1.01086	2.74079e-05	0.9842	0.113314	0.000978822
37	2.51383e-09	-0.204616	1.00239	0.00131534	-0.967912	-0.195117	0.000588446
38	2.51383e-09	-0.977455	0.197451	-0.00130307	-0.200631	-0.984451	0.00136674
39	2.51383e-09	-0.405094	-0.943553	0.000195564	0.902408	-0.39003	-0.000120135
40	2.51383e-09	0.836862	0.586052	-0.000861969	-0.575586	0.803035	-0.000916664
41	2.51383e-09	-0.81504	-0.604376	-0.00200998	0.590849	-0.797966	-0.00209327
42	2.51383e-09	-0.390092	-0.948194	0.000196591	0.91407	-0.379605	0.00277675
43	2.51383e-09	0.28227	0.971944	0.00143966	-0.955893	0.271129	-0.00284323
44	2.51383e-09	-0.347893	0.972765	-0.00284751	-0.925999	-0.332622	0.0010543
45	2.51383e-09	-0.984398	0.301825	0.00295551	-0.287727	-0.94093	0.0012185
46	2.51383e-09	-0.293562	0.97343	-8.1933e-05	-0.947684	-0.284838	-0.000393593
47	2.51383e-09	0.818362	-0.607895	0.000973584	0.590333	0.794969	-0.000123477
48	2.51383e-09	-0.982101	-0.309216	-0.000210609	0.297527	-0.938822	0.00139602
49	2.51383e-09	0.09597	1.00293	-0.00328773	-0.991116	0.0974358	-0.00244828
50	2.51383e-09	-0.967101	0.379169	0.00221157	-0.353145	-0.916444	-0.000623924
51	2.51383e-09	0.6401	0.781558	-0.000440545	-0.769063	0.63162	-0.00240868
52	2.51383e-09	0.950107	0.427005	0.00162122	-0.399068	0.892101	-0.000310219
53	2.51383e-09	-0.47224	0.908546	0.000676297	-0.875915	-0.460843	0.000292236
54	2.51383e-09	-1.01788	0.193534	0.00259226	-0.183469	-0.964591	0.00196346
55	2.51383e-09	-0.587923	-0.84636	0.00076627	0.809655	-0.562298	0.00105301
56	2.51383e-09	-0.305962	-0.983716	0.000575331	0.937378	-0.296893	7.53895e-05
57	2.51383e-09	0.791264	-0.685389	-0.000365464	0.637471	0.740823	-0.00156422
58	2.51383e-09	0.801993	-0.662531	-0.00160484	0.622529	0.757347	-0.00114541
59	2.51383e-09	-0.58252	0.840606	0.00295066	-0.81397	-0.566266	-0.00227042
60	2.51383e-09	-0.988142	0.297802	-0.00058419	-0.283601	-0.944494	-0.00242941
61	2.51383e-09	-0.962639	0.393751	0.00297282	-0.366607	-0.906325	0.00040059
62	2.51383e-09	-0.92231	-0.470749	0.00112651	0.44442	-0.876888	-0.00184007
63	2.51383e-09	1.01989	-0.0996715	-0.00201881	0.100014	0.983452	-7.83357e-05
64	2.51383e-09	-0.12667	-1.01953	8.49313e-05	0.979574	-0.12935	0.00177325
65	2.51383e-09	-0.338667	-0.972372	0.00083026	0.929774	-0.321591	-0.000609871
66	2.51383e-09	0.284273	-0.97693	0.00151653	0.955794	0.283328	0.00273097
67	2.51383e-09	-0.60935	0.849757	0.000756703	-0.793035	-0.568562	-0.00133316
68	2.51383e-09	0.253433	-1.00333	0.00212517	0.955995	0.238284	0.000217243
69	2.51383e-09	-0.572588	0.872387	-0.00300709	-0.820068	-0.532428	-0.00257959
70	2.51383e-09	0.709508	0.732753	-0.00266821	-0.713473	0.689618	0.00223787
71	2.51383e-09	-0.640963	-0.817332	0.000356252	0.775779	-0.60272	0.00493836
72	2.51383e-09	-1.06349	-0.028677	0.00284106	0.0231499	-0.968524	-0.000388408
73	2.51383e-09	-0.572248	0.868101	-0.000814513	-0.820024	-0.542201	0.00208014
74	2.51383e-09	-0.11787	-1.05257	-0.00391845	0.965839	-0.104886	-0.00108319
75	2.51383e-09	-1.0102	-0.248129	-0.00146399	0.22753	-0.951887	0.00333933
76	2.51383e-09	0.300577	1.0104	0.00101497	-0.935303	0.268643	0.000911879
77	2.51383e-09	0.747707	-0.747144	0.000439297	0.688385	0.686927	0.000904567
78	2.51383e-09	-0.62485	-0.839887	-0.00430451	0.787115	-0.576058	0.00101043
79	2.51383e-09	-0.987653	-0.316428	-0.00320388	0.300328	-0.93115	0.00463623
80	2.51383e-09	0.474375	0.933857	-0.000557566	-0.869998	0.445724	-8.38534e-05
81	2.51383e-09	-0.908558	0.469974	-0.00058976	-0.449218	-0.877483	-0.00259105
82	2.51383e-09	-0.948857	-0.448398	-0.000649252	0.415048	-0.884315	-0.00368139
83	2.51383e-09	0.46721	0.929052	-0.00108352	-0.873811	0.438061	-0.000633108
84	2.51383e-09	0.786331	0.698098	0.000492341	-0.650962	0.724902	-0.000311337
85	2.51383e-09	1.02556	-0.0242022	0.00134647	0.0221527	0.987388	-0.000396677
86	2.51383e-09	0.428635	-0.953962	-0.00152633	0.897565	0.395407	-0.00064693
87	2.51383e-09	0.337308	-0.993268	0.00275	0.923262	0.315586	0.000402168
88	2.51383e-09	-0.0905299	1.0213	0.000963088	-0.984174	-0.0879064	0.00204859
89	2.51383e-09	0.524623	0.915944	0.0019657	-0.840754	0.487261	-0.00150902
90	2.51383e-09	-0.660704	0.821299	0.00365328	-0.756016	-0.609776	0.00071266
91	2.51383e-09	1.0243	0.138086	0.00419542	-0.133222	0.971428	0.000810262
92	2.51383e-09	-0.113935	1.04288	5.32079e-05	-0.969923	-0.107399	-0.000149836
93	2.51383e-09	-0.791223	0.717982	0.000904187	-0.653745	-0.715798	0.00145509
94	2.51383e-09	0.989953	0.290243	0.000577563	-0.276956	0.945872	0.000939892
95	2.51383e-09	0.978214	0.315499	-0.00204317	-0.302621	0.9404	-0.000588513
96	2.51383e-09	0.638116	0.842428	-0.000273597	-0.772599	0.594925	0.000439579
97	2.51383e-09	1.03727	0.16407	-0.00067242	-0.149261	0.964201	-0.00227844
98	2.51383e-09	-0.971922	0.3856	0.00326797	-0.359131	-0.91072	-5.05173e-05
99	2.51383e-09	1.02985	-0.248767	-0.00198791	0.236292	0.943042	-0.00201717
100	2.51383e-09	1.05812	0.130448	-0.00100406	-0.126631	0.95724	0.00042166
101	2.51383e-09	-0.143352	-1.02347	-0.00148981	0.973301	-0.137342	-0.000802086
102	2.51383e-09	-0.793898	-0.646005	-0.000837735	0.624109	-0.768185	0.000813406
103	2.51383e-09	0.572442	-0.880896	0.00179381	0.818008	0.530927	0.000640889
104	2.51383e-09	-0.70405	0.760957	-0.000387538	-0.728128	-0.661946	-0.00134883
105	2.51383e-09	-0.966124	0.365562	-0.00122316	-0.35067	-0.920638	0.000747126
106	2.51383e-09	-1.02726	0.197848	0.00233463	-0.186071	-0.958243	-5.16806e-06
107	2.51383e-09	0.460897	0.965558	-0.00186055	-0.871108	0.417742	0.0024245
108	2.51383e-09	0.546752	0.913335	3.72189e-05	-0.831533	0.502029	-0.00117836
109	2.51383e-09	-0.994268	-0.366538	-0.00150038	0.330579	-0.911418	0.00113525
110	2.51383e-09	-0.696785	-0.806764	-0.000620818	0.726536	-0.634738	0.00212485
111	2.51383e-09	-0.308584	1.02401	0.00141479	-0.924445	-0.284847	-0.00510412
112	2.51383e-09	0.11667	-1.06054	0.000683965	0.965094	0.101718	0.00209692
113	2.51383e-09	0.771876	0.724419	0.000309296	-0.662476	0.711915	-0.00248376
114	2.51383e-09	1.0071	0.303503	0.00117193	-0.285393	0.930878	-0.000251226
115	2.51383e-09	-0.961931	-0.478071	0.00312888	0.42522	-0.864765	0.00194485
116	2.51383e-09	-0.728552	-0.769993	-0.00485061	0.703486	-0.66456	-0.00118716
117	2.51383e-09	0.400292	-0.969495	0.00062484	0.903914	0.371628	-0.000806486
118	2.51383e-09	1.01246	-0.315896	0.000862946	0.284891	0.928604	-0.000258333
119	2.51383e-09	0.83436	-0.643752	0.00410697	0.593674	0.769959	-0.00214483
120	2.51383e-09	0.510932	-0.928322	-0.00172077	0.849661	0.467082	0.00251382
121	2.51383e-09	-1.02319	-0.293087	-0.00299608	0.272087	-0.93065	-0.00122429
122	2.51383e-09	-1.07558	0.102017	0.00230033	-0.0948154	-0.954987	-0.00232404
123	2.51383e-09	0.0328413	1.04263	-0.00218229	-0.97821	0.0302187	0.00288672
124	2.51383e-09	-0.0950577	-1.07262	-0.00398029	0.960314	-0.0830593	0.0021136
125	2.51383e-09	-0.815821	0.6531	-0.000549352	-0.616036	-0.762491	0.00112365
126	2.51383e-09	-0.0402682	1.0516	0.000225699	-0.974899	-0.0334425	0.000378521
127	2.51383e-09	0.305333	1.0122	0.000390936	-0.930932	0.280122	0.000275047
128	2.51383e-09	0.991426	0.408158	-0.00323792	-0.363774	0.89352	0.00307782
129	2.51383e-09	-0.562498	0.894464	0.00233477	-0.826563	-0.515735	0.00138967
130	2.51383e-09	1.04917	-0.139596	-0.00206047	0.128495	0.96657	-0.00354402
131	2.51383e-09	-0.0270508	-1.09187	0.00143045	0.956377	-0.0246939	0.000264867
132	2.51383e-09	-0.801049	-0.715328	0.00257675	0.64495	-0.714288	0.00136415
133	2.51383e-09	-0.857852	-0.636433	-0.00151439	0.57287	-0.779734	-0.000305699
134	2.51383e-09	1.01127	-0.309356	-0.001591	0.289957	0.928322	-0.000650944
135	2.51383e-09	-0.585584	0.8775	0.00249925	-0.813141	-0.538114	0.000337814
136	2.51383e-09	0.613597	-0.904665	0.00122679	0.791704	0.5364	-0.00105685
137	2.51383e-09	0.838748	0.649804	0.00218075	-0.592778	0.769228	-0.000929559
138	2.51383e-09	-0.453175	0.953375	-0.00163282	-0.880858	-0.421287	0.00338766
139	2.51383e-09	0.473553	0.946385	-0.00102652	-0.870858	0.43417	-0.00332816
140	2.51383e-09	-0.590709	0.91038	-0.000510702	-0.809314	-0.518549	-0.00130434
141	2.51383e-09	-1.03471	-0.258702	0.00118438	0.230964	-0.937948	-0.000692747
142	2.51383e-09	-1.07204	0.140556	0.00198917	-0.117121	-0.951053	0.0022618
143	2.51383e-09	0.403113	0.996587	0.00214127	-0.88917	0.368938	0.000404883
144	2.51383e-09	-1.0038	0.412723	-0.00105734	-0.35986	-0.888726	0.00221885
145	2.51383e-09	1.04295	0.13853	0.00183666	-0.128513	0.96641	0.00197077
146	2.51383e-09	-0.895055	-0.647791	-1.53741e-06	0.55425	-0.769278	0.00334556
147	2.51383e-09	0.963968	-0.489096	-0.00283607	0.434273	0.858175	0.00212595
148	2.51383e-09	0.879399	-0.631943	-0.000202122	0.56436	0.779561	0.000420434
149	2.51383e-09	0.694808	-0.794749	-0.00252298	0.739962	0.632957	-0.000497877
150	2.51383e-09	-0.963895	0.453116	0.000550706	-0.404637	-0.884442	-0.001718
151	2.51383e-09	0.0589697	1.08932	-0.00271729	-0.953389	0.050484	0.000885162
152	2.51383e-09	-0.0487922	-1.06807	-0.000543083	0.969049	-0.054115	-9.70652e-05
153	2.51383e-09	0.821412	-0.715808	0.000449867	0.625982	0.722274	-0.00297777
154	2.51383e-09	1.0926	-0.155342	0.00395962	0.130845	0.94391	0.000352726
155	2.51383e-09	-0.882975	0.620322	-0.00129109	-0.554866	-0.789267	0.000226364
156	2.51383e-09	-0.841838	-0.699005	-5.1576e-05	0.617449	-0.730434	0.0025834
157	2.51383e-09	-0.617084	-0.864189	0.000590876	0.793125	-0.561749	-0.00145949
158	2.51383e-09	1.04907	0.316141	-0.00180635	-0.269948	0.915662	0.0037196
159	2.51383e-09	0.344017	-1.01694	-0.000420368	0.913151	0.309303	7.27569e-05
160	2.51383e-09	0.742886	-0.782764	0.000333806	0.700142	0.658551	-0.00186265
161	2.51383e-09	-0.209463	-1.06478	-0.00288389	0.942064	-0.185288	0.000774834
162	2.51383e-09	0.964651	0.481596	0.000834088	-0.433704	0.860064	-0.00126243
163	2.51383e-09	1.03628	-0.331078	0.00128057	0.286089	0.912404	3.90034e-05
164	2.51383e-09	0.789676	0.727104	0.00112708	-0.65762	0.709969	0.00428804
165	2.51383e-09	0.669649	0.864733	-0.000840265	-0.75686	0.587115	-0.001671
166	2.51383e-09	0.488882	0.957884	-0.00107985	-0.861221	0.433953	-0.00116772
167	2.51383e-09	0.983573	0.428819	0.00174883	-0.381506	0.882878	-0.000372101
168	2.51383e-09	-0.851803	-0.663514	-0.00137406	0.589125	-0.764577	-0.00110163
169	2.51383e-09	-0.496407	-0.971921	0.00105766	0.851415	-0.432296	0.000687945
170	2.51383e-09	0.801884	-0.7419	0.000748061	0.647745	0.704438	-0.00226543
171	2.51383e-09	-0.894877	0.621098	6.33541e-05	-0.550443	-0.787438	-0.000641787
172	2.51383e-09	-0.91402	-0.631284	0.00136734	0.536411	-0.783354	0.000909983
173	2.51383e-09	-0.230614	1.07305	-0.00105386	-0.934135	-0.20184	0.00257965
174	2.51383e-09	0.147226	1.08946	0.00277227	-0.945104	0.126266	0.000638608
175	2.51383e-09	0.913606	0.604864	-0.00159902	-0.526718	0.793193	0.00144293
176	2.51383e-09	0.648546	-0.868181	-0.00253898	0.77039	0.573071	0.00214203
177	2.51383e-09	0.584325	0.949884	0.000402954	-0.806196	0.496255	0.00321468
178	2.51383e-09	0.625295	0.891682	-0.00172552	-0.783011	0.550852	-0.000606683
179	2.51383e-09	-0.435529	1.0047	-0.00271963	-0.879632	-0.380704	0.00242004
180	2.51383e-09	-1.08007	0.0213231	-0.0025036	-0.0204246	-0.9605	0.000578833
181	2.51383e-09	0.0562948	-1.10145	0.00158499	0.949408	0.0513819	-0.00131778
182	2.51383e-09	0.285654	-1.05967	0.000151653	0.920889	0.249441	-0.00173821
183	2.51383e-09	0.999989	0.433807	0.000689745	-0.378615	0.880784	-0.000848333
184	2.51383e-09	0.199247	-1.09329	-0.00167741	0.932807	0.169661	0.00113633
185	2.51383e-09	0.148467	-1.07963	0.00125975	0.948684	0.125755	0.00267426
186	2.51383e-09	0.000961432	1.08748	0.0023994	-0.960954	-0.000358845	0.000177321
187	2.51383e-09	0.124126	-1.06368	-0.00190085	0.957595	0.11508	0.00247136
188	2.51383e-09	0.646856	0.887733	0.00192329	-0.768032	0.567885	-0.00192104
189	2.51383e-09	0.00905318	1.09007	-0.00308579	-0.958879	0.0068153	-0.00105298
190	2.51383e-09	0.851987	0.685888	9.1745e-05	-0.606259	0.744316	0.000296322
191	2.51383e-09	0.502487	-0.968472	0.00181876	0.849144	0.438595	-0.00112394
192	2.51383e-09	0.690864	0.847407	-0.00181609	-0.743015	0.607853	-0.00104535
193	2.51383e-09	0.361265	1.0554	8.17747e-05	-0.895827	0.302958	-0.00332098
194	2.51383e-09	0.5902	0.947758	0.00144071	-0.803035	0.501993	-0.000895842
195	2.51383e-09	0.722243	-0.807611	-0.00115323	0.71466	0.64033	-0.00199524
196	2.51383e-09	-0.988571	-0.455963	0.000428207	0.406888	-0.868967	0.00336932
197	2.51383e-09	-0.606375	0.905882	0.00294345	-0.795432	-0.53209	0.000125437
198	2.51383e-09	-0.733265	-0.834034	0.00089816	0.711828	-0.625658	-0.00108429
199	2.51383e-09	1.07792	0.219551	0.00145113	-0.18809	0.936336	0.00375024
200	2.51383e-09	-0.324144	1.06542	0.000446831	-0.906346	-0.273191	0.000502743
201	2.51383e-09	-0.939092	-0.565293	-0.00109953	0.494209	-0.817568	0.00152222
202	2.51383e-09	-1.00145	0.425047	-0.000392862	-0.377571	-0.882367	-0.00167322
203	2.51383e-09	1.03908	-0.310681	-0.00284013	0.272824	0.919112	0.00144342
204	2.51383e-09	0.291598	1.05587	0.000854236	-0.925638	0.248755	-0.00239032
205	2.51383e-09	0.180772	-1.11999	0.000451331	0.924338	0.14739	-0.000217586
206	2.51383e-09	-0.202566	1.0806	0.00196463	-0.936324	-0.175306	0.000666961
207	2.51383e-09	0.263057	1.0869	0.000608421	-0.91956	0.220806	0.00384551
208	2.51383e-09	1.01997	-0.386129	-0.00129472	0.339027	0.899301	0.00169737
209	2.51383e-09	-0.227522	1.07382	0.00249041	-0.93626	-0.199927	0.00141177
210	2.51383e-09	-0.200982	-1.09337	0.00101765	0.929709	-0.174375	-0.00101112
211	2.51383e-09	-1.01236	0.445218	0.00134045	-0.382815	-0.867399	-0.00166758
212	2.51383e-09	0.947391	0.5964	-0.000717802	-0.505789	0.804495	-0.00194024
213	2.51383e-09	1.10773	-0.0563366	-0.000674122	0.0447856	0.950286	0.00291492
214	2.51383e-09	0.223917	1.08239	0.000370819	-0.929502	0.190067	-0.00179617
215	2.51383e-09	-1.00183	-0.506837	-0.000218218	0.423923	-0.84243	-0.00150651
216	2.51383e-09	0.135328	1.10877	-8.85838e-05	-0.936761	0.10909	0.000382532
217	2.51383e-09	-0.901641	0.659255	-0.000842706	-0.562045	-0.761219	0.0016838
218	2.51383e-09	-0.807799	-0.700553	0.0015174	0.636532	-0.730195	0.00592435
219	2.51383e-09	-0.829957	-0.78141	-0.00139083	0.640756	-0.680717	-0.00038238
220	2.51383e-09	-0.482638	-1.00658	0.0013723	0.854777	-0.406547	-0.00271007
221	2.51383e-09	0.728553	-0.811144	-0.00115648	0.712194	0.637996	-0.00026308
222	2.51383e-09	-0.648789	-0.893911	0.000351588	0.770216	-0.560208	0.00218887
223	2.51383e-09	-1.00865	-0.449392	0.00132775	0.389208	-0.871511	-0.00153858
224	2.51383e-09	-0.856323	-0.675495	-0.0019186	0.589086	-0.75604	-0.000547442
225	2.51383e-09	1.01261	-0.469969	3.68058e-05	0.393843	0.859765	-0.000927396
226	2.51383e-09	-0.0636325	1.12432	0.00254146	-0.938173	-0.0567675	-0.000379709
227	2.51383e-09	1.00637	0.447848	0.000400282	-0.38481	0.873505	0.000493281
228	2.51383e-09	-0.792318	-0.789114	0.00213714	0.665529	-0.671124	0.000390672
229	2.51383e-09	1.09023	0.300952	0.00115707	-0.251789	0.904953	0.00383246
230	2.51383e-09	1.04479	-0.470489	4.4709e-05	0.387945	0.849297	-0.00228887
231	2.51383e-09	-0.679027	-0.904942	0.00390814	0.752592	-0.56077	-0.00279489
232	2.51383e-09	0.20116	1.09261	-0.00326064	-0.930581	0.16671	8.26522e-05
233	2.51383e-09	1.11017	0.185733	0.00222686	-0.153802	0.925768	-0.00139698
234	2.51383e-09	1.03288	-0.426079	-0.0053322	0.358957	0.876289	0.00278861
235	2.51383e-09	-0.851357	-0.704684	0.00189956	0.608826	-0.736435	0.00192165
236	2.51383e-09	1.07805	-0.324434	-0.000421826	0.266923	0.90578	0.000778268
237	2.51383e-09	-0.918762	-0.619114	-0.00447269	0.531111	-0.782784	-0.000229928
238	2.51383e-09	0.927247	0.686963	-0.00205844	-0.547975	0.751889	-0.000613171
239	2.51383e-09	-0.911241	-0.621405	0.000101514	0.53976	-0.784252	-0.00321677
240	2.51383e-09	-0.632747	-0.927593	0.00281736	0.785405	-0.52551	0.00130175
241	2.51383e-09	1.01279	0.478747	-0.00132388	-0.40707	0.851019	-0.00184968
242	2.51383e-09	-0.91698	0.701003	0.00258272	-0.567641	-0.738836	-0.0020047
243	2.51383e-09	0.818835	-0.781013	-0.00396686	0.646454	0.680896	0.00165259
244	2.51383e-09	0.558504	0.989148	0.00305072	-0.816784	0.464381	0.000455925
245	2.51383e-09	1.05186	0.39796	0.00337066	-0.331652	0.883776	0.00244418
246	2.51383e-09	0.141874	1.12939	-0.00225871	-0.928244	0.122521	-0.00179398
247	2.51383e-09	-1.07777	0.180631	-0.00324168	-0.16181	-0.945998	0.000533798
248	2.51383e-09	-1.0843	0.300924	9.76192e-05	-0.251999	-0.907483	-0.000725
249	2.51383e-09	1.06684	0.343948	-0.00181103	-0.295759	0.899058	0.000429848
250	2.51383e-09	0.757022	0.846553	-0.0019023	-0.699666	0.625018	-0.000313838
251	2.51383e-09	-0.378391	-1.05111	-0.00234277	0.892249	-0.318381	0.000148171
252	2.51383e-09	0.997459	0.503192	0.00150838	-0.423131	0.846231	0.00033072
253	2.51383e-09	-1.06118	-0.396755	-0.00229091	0.331332	-0.877699	-0.00354586
254	2.51383e-09	0.151856	-1.11169	0.000937095	0.939474	0.123554	-0.000614681
255	2.51383e-09	0.611269	-0.960019	-0.000422626	0.792492	0.500944	-0.000992711
256	2.51383e-09	-0.618458	-0.96685	0.000125084	0.78696	-0.496779	0.000783066
257	2.51383e-09	0.85891	-0.718648	0.000882507	0.607081	0.725204	0.00242038
258	2.51383e-09	-1.00839	-0.493615	-0.00127049	0.410428	-0.850926	-0.00104277
259	2.51383e-09	-1.0624	0.389889	1.70227e-05	-0.321703	-0.881877	0.000414058
260	2.51383e-09	-1.1104	-0.164553	0.00427693	0.137064	-0.935133	0.0016723
261	2.51383e-09	0.117067	-1.13543	-0.000398863	0.929382	0.0934005	-0.0018052
262	2.51383e-09	-1.1163	0.0896626	0.0011443	-0.077174	-0.938478	0.00443789
263	2.51383e-09	-0.986101	-0.588095	0.00237516	0.47388	-0.800506	0.00282562
264	2.51383e-09	0.641317	0.920598	-0.00108254	-0.773914	0.539045	-0.00050121
265	2.51383e-09	0.834704	0.782959	-0.00371727	-0.640258	0.682447	0.00105054
266	2.51383e-09	1.10732	-0.243822	0.000393175	0.201865	0.91776	0.000482778
267	2.51383e-09	-1.04439	0.38594	-0.000539828	-0.324141	-0.893968	-0.00161603
268	2.51383e-09	-1.10569	-0.218783	-0.00304719	0.182918	-0.926381	-0.00154942
269	2.51383e-09	-1.06376	-0.439289	0.00233321	0.356827	-0.858712	-0.000718158
270	2.51383e-09	-0.909524	-0.662989	0.00165207	0.551537	-0.763715	-0.00168158
271	2.51383e-09	0.826223	0.795962	0.00156477	-0.646927	0.674474	-0.000705025
272	2.51383e-09	-0.782803	0.835545	-0.00201718	-0.679431	-0.639716	-0.00335996
273	2.51383e-09	0.0556985	-1.14383	-0.000302891	0.93146	0.0482864	-0.000642442
274	2.51383e-09	-1.11224	-0.14339	0.000243182	0.115723	-0.938428	0.000670811
275	2.51383e-09	-0.283975	1.10613	0.00248484	-0.905464	-0.230782	0.00071204
276	2.51383e-09	0.845551	0.794969	-0.0015068	-0.63268	0.675184	-0.00229034
277	2.51383e-09	1.05701	0.432013	0.00398267	-0.344622	0.870617	-0.00265879
278	2.51383e-09	0.127973	1.13431	-0.000761415	-0.931418	0.106813	-0.00301777
279	2.51383e-09	1.08964	-0.469023	0.00121527	0.356026	0.843684	-0.000373127
280	2.51383e-09	-1.14997	0.146355	-0.000873282	-0.119148	-0.9221	0.00103752
281	2.51383e-09	-0.413631	-1.06652	0.000232685	0.868357	-0.337556	-0.00163144
282	2.51383e-09	-0.0222998	1.14203	-0.00260642	-0.935976	-0.0209105	9.59472e-05
283	2.51383e-09	0.0537248	1.13795	-0.00354484	-0.93492	0.0378972	-0.00229249
284	2.51383e-09	-0.330489	-1.09463	-0.0022485	0.896607	-0.271946	0.000927979
285	2.51383e-09	-1.06859	-0.425627	0.00230941	0.34329	-0.865937	0.000262271
286	2.51383e-09	-0.852209	-0.762031	-0.000293333	0.622418	-0.696736	-0.00166122
287	2.51383e-09	-0.782804	-0.806804	-0.00170698	0.679923	-0.658271	0.00159842
288	2.51383e-09	0.695515	0.929505	0.00111808	-0.739947	0.556945	0.000658862
289	2.51383e-09	0.841653	0.799061	-0.00157145	-0.636051	0.671353	-0.00243496
290	2.51383e-09	-1.05312	0.441161	-0.00235989	-0.357002	-0.862775	0.00171945
291	2.51383e-09	-0.804917	-0.81918	-0.00131348	0.663923	-0.654709	-0.000784359
292	2.51383e-09	0.301402	-1.10868	0.000177379	0.901136	0.246221	-0.00183274
293	2.51383e-09	-0.659716	-0.932824	0.00105042	0.764486	-0.534684	-0.000862614
294	2.51383e-09	1.1574	-0.104338	-0.00434713	0.0863145	0.925474	-0.00401992
295	2.51383e-09	-0.222824	1.13079	-0.00135251	-0.912444	-0.185411	0.000240039
296	2.51383e-09	0.994727	-0.586693	-0.00423062	0.471499	0.801936	0.00234059
297	2.51383e-09	0.220098	-1.11957	0.000448042	0.917906	0.178217	-0.000257079
298	2.51383e-09	0.0548842	-1.14514	0.00133228	0.934873	0.0461754	0.00186247
299	2.51383e-09	0.891447	-0.771614	0.00153124	0.603159	0.690079	0.00140409
300	2.51383e-09	1.03474	-0.544799	0.00260524	0.429414	0.817525	0.000333121
301	2.51383e-09	-0.394517	-1.0948	0.000274791	0.86826	-0.32127	-0.00189213
302	2.51383e-09	0.9707	-0.632574	0.00331841	0.511463	0.779548	-0.0027121
303	2.51383e-09	-0.455295	-1.0532	-0.000890657	0.857624	-0.374706	0.00102394
304	2.51383e-09	-0.883999	-0.780975	0.00130192	0.608788	-0.687358	-0.000774483
305	2.51383e-09	-1.02659	0.519065	0.00286246	-0.420918	-0.832182	0.000958973
306	2.51383e-09	1.13242	-0.161301	-0.00241421	0.132019	0.926102	0.000645779
307	2.51383e-09	0.97196	-0.634531	-0.00307661	0.508709	0.776637	-0.000825521
308	2.51383e-09	-1.11927	-0.316819	0.00144822	0.251915	-0.894355	0.00164357
309	2.51383e-09	-1.01005	-0.529618	0.00146662	0.437479	-0.825914	-0.00217571
310	2.51383e-09	0.927205	0.693835	-0.00117609	-0.555182	0.747652	-0.00205432
311	2.51383e-09	-1.15556	0.153829	-0.00257442	-0.122788	-0.916078	0.00307279
312	2.51383e-09	0.657847	-0.952177	0.0027414	0.765042	0.534985	-0.000578425
313	2.51383e-09	-1.14975	-0.104764	0.000208883	0.0841532	-0.924706	0.00321851
314	2.51383e-09	-1.137	0.0494315	-0.0017575	-0.0391989	-0.93894	0.000475501
315	2.51383e-09	-1.10118	-0.374801	0.00296552	0.303588	-0.876518	-0.00106642
316	2.51383e-09	1.1018	-0.407662	0.00244717	0.324821	0.863325	-0.00071041
317	2.51383e-09	0.398723	-1.09461	-0.00140396	0.869659	0.312475	0.00269905
318	2.51383e-09	0.837116	0.811388	-0.00214309	-0.644269	0.663322	-0.000161397
319	2.51383e-09	-0.253607	1.14558	-0.00195961	-0.899606	-0.201343	-0.00158352
320	2.51383e-09	0.961823	0.673774	4.09296e-06	-0.531599	0.756751	-0.00159775
321	2.51383e-09	-0.916085	0.723337	-5.06867e-05	-0.572521	-0.726084	-0.00120829
322	2.51383e-09	-1.06002	0.453558	-0.000523852	-0.366816	-0.857082	0.00375078
323	2.51383e-09	-1.03101	-0.533562	0.00114863	0.421063	-0.824546	-0.000751018
324	2.51383e-09	0.74217	0.915242	0.00151799	-0.718692	0.578607	-0.000778571
325	2.51383e-09	0.900837	0.715342	7.43655e-05	-0.579395	0.733929	-0.00242605
326	2.51383e-09	-0.953628	-0.678325	-0.00619417	0.532802	-0.759164	0.00210863
327	2.51383e-09	-1.12319	0.34267	0.00247694	-0.268367	-0.882809	0.000369842
328	2.51383e-09	0.916685	-0.678363	-0.00353834	0.559176	0.74978	0.00298732
329	2.51383e-09	-1.12754	0.298464	-0.000954465	-0.238915	-0.898538	-0.00037657
330	2.51383e-09	-0.938234	-0.679407	-0.00118356	0.542966	-0.752137	-0.00154909
331	2.51383e-09	-1.14211	0.0760302	-0.00162789	-0.0601602	-0.934269	0.0023847
332	2.51383e-09	-0.489075	1.0683	-0.00289617	-0.839248	-0.386888	-0.00147519
333	2.51383e-09	0.926679	0.722975	0.00152702	-0.566002	0.728035	-0.00013043
334	2.51383e-09	-0.498182	-1.05989	-0.000433856	0.838402	-0.388476	0.000990031
335	2.51383e-09	0.963648	-0.697816	0.000225901	0.536368	0.741255	-0.0010076
336	2.51383e-09	0.102613	-1.16567	-0.000767936	0.922658	0.0801546	0.00198524
337	2.51383e-09	0.335536	1.13429	-0.00125302	-0.879958	0.26662	0.0012882
338	2.51383e-09	-0.688379	0.934719	2.16484e-05	-0.747125	-0.551086	0.000508128
339	2.51383e-09	0.431326	-1.10128	0.00421023	0.855688	0.338515	-0.00157475
340	2.51383e-09	0.163203	-1.17916	-0.00174091	0.904728	0.120742	0.0015901
341	2.51383e-09	-1.19231	0.0199543	0.000688967	-0.011649	-0.912934	-0.000101275
342	2.51383e-09	1.07267	-0.44521	0.00269062	0.356647	0.855022	0.000469351
343	2.51383e-09	0.403565	-1.09179	-0.000876605	0.870404	0.316525	-0.001514
344	2.51383e-09	0.256467	1.1499	0.00200742	-0.899753	0.198911	0.000700549
345	2.51383e-09	1.15559	0.123142	0.000227586	-0.0959269	0.922141	0.00313719
346	2.51383e-09	1.14283	0.229023	0.000514903	-0.182702	0.911556	0.00218121
347	2.51383e-09	0.687953	0.956315	-0.000288569	-0.74937	0.537027	0.000519016
348	2.51383e-09	-1.11834	0.35641	0.000948883	-0.277886	-0.880406	0.00185055
349	2.51383e-09	0.548901	1.03194	-0.000900059	-0.820964	0.432501	0.00277589
350	2.51383e-09	0.816393	-0.829305	0.0025735	0.662692	0.650223	-0.000961177
351	2.51383e-09	0.20838	1.17944	-0.00257957	-0.900645	0.154845	0.00174778
352	2.51383e-09	-0.710491	-0.929534	-0.000363771	0.737641	-0.556875	-0.000932949
353	2.51383e-09	0.562707	1.05752	0.00209785	-0.807826	0.424058	0.00276728
354	2.51383e-09	-1.18049	0.053465	0.000291855	-0.0424907	-0.916803	0.00129471
355	2.51383e-09	-0.0693597	-1.15066	-0.00138742	0.92911	-0.0564112	-0.000618029
356	2.51383e-09	-1.10962	-0.457063	0.00208321	0.344598	-0.845502	0.000190166
357	2.51383e-09	0.852959	0.80626	-0.00200129	-0.632643	0.671008	-0.00216785
358	2.51383e-09	-0.780928	0.901519	-0.00247085	-0.692796	-0.599416	-0.00171477
359	2.51383e-09	-1.1546	-0.324252	-0.00279749	0.248045	-0.880474	-0.00114904
360	2.51383e-09	1.17797	-0.00236679	0.000518112	-0.00293584	0.92106	0.00031484
361	2.51383e-09	-1.16397	-0.183877	0.00178782	0.146974	-0.90978	-0.000544364
362	2.51383e-09	-0.122338	-1.15364	0.000774035	0.926183	-0.0999985	0.00181938
363	2.51383e-09	1.05134	-0.524391	0.000666934	0.412625	0.828921	-0.000892665
364	2.51383e-09	1.16824	-0.0148572	0.0020257	0.0131033	0.923994	0.000266893
365	2.51383e-09	0.387327	1.13955	-0.00172222	-0.860397	0.298544	-0.000374652
366	2.51383e-09	0.578156	-1.05104	0.00195048	0.796591	0.44111	-0.00157571
367	2.51383e-09	-0.0668739	1.17696	0.00148457	-0.920428	-0.0522829	-0.00121747
368	2.51383e-09	0.747626	0.935204	-0.000494819	-0.712298	0.575174	0.00132123
369	2.51383e-09	1.11369	-0.418527	-0.00360442	0.315531	0.861034	0.000918257
370	2.51383e-09	0.976825	0.674626	-0.00333541	-0.520798	0.758496	0.000877262
371	2.51383e-09	-1.12373	-0.436575	-0.00213473	0.333142	-0.84938	0.000207284
372	2.51383e-09	-1.15038	-0.357694	0.00295735	0.272965	-0.866568	-0.00195316
373	2.51383e-09	0.73192	0.932836	0.000571748	-0.723128	0.56571	-0.000576543
374	2.51383e-09	0.842222	-0.864469	0.00311233	0.649636	0.639269	-0.00191796
375	2.51383e-09	-0.736403	0.941227	0.00352999	-0.719142	-0.565836	0.00080056
376	2.51383e-09	-1.01816	0.589805	-0.00045086	-0.461739	-0.800314	0.000387202
377	2.51383e-09	0.549515	1.04948	-0.00258664	-0.815963	0.428426	0.000261626
378	2.51383e-09	-1.11814	-0.411566	0.00103461	0.313325	-0.861704	-0.000297615
379	2.51383e-09	-0.23513	-1.15487	-0.00337379	0.905707	-0.177462	-0.00223441
380	2.51383e-09	-0.509618	1.05755	0.00158344	-0.833676	-0.400226	0.000862039
381	2.51383e-09	-1.17642	-0.181071	0.000185748	0.137094	-0.905651	0.00218331
382	2.51383e-09	0.92823	0.762892	0.00120957	-0.575491	0.708745	-0.000405364
383	2.51383e-09	1.14278	0.304883	0.000339972	-0.234814	0.887488	0.000867882
384	2.51383e-09	-0.226636	-1.18687	-0.00574698	0.891872	-0.16949	0.00118436
385	2.51383e-09	-0.498872	1.06269	-0.00156831	-0.836034	-0.392909	-0.00103911
386	2.51383e-09	-0.759382	-0.915034	-0.00117969	0.705731	-0.588448	0.00219811
387	2.51383e-09	0.435589	-1.11755	-0.00312831	0.851959	0.32947	-0.000890573
388	2.51383e-09	0.00625728	1.19284	0.00113363	-0.918312	-0.000513185	0.000551313
389	2.51383e-09	0.231981	1.16503	0.00365233	-0.899539	0.177312	-0.0027858
390	2.51383e-09	1.07645	-0.503587	-0.0021183	0.384704	0.830831	0.00054003
391	2.51383e-09	0.0726439	1.21617	-0.00165851	-0.901329	0.0552953	-0.00102718
392	2.51383e-09	-1.03031	-0.621424	9.05449e-05	0.469419	-0.779765	0.0046273
393	2.51383e-09	-0.804014	-0.891547	0.00128726	0.680184	-0.613587	-0.0013561
394	2.51383e-09	-0.901177	-0.800158	0.000398393	0.606423	-0.677514	-0.00104891
395	2.51383e-09	0.867858	0.822223	-0.00162102	-0.631108	0.66131	0.000307244
396	2.51383e-09	1.21575	0.135434	0.00178462	-0.0919475	0.896668	-0.000128471
397	2.51383e-09	-0.725907	-0.960253	0.000588842	0.728335	-0.546847	-0.0026043
398	2.51383e-09	1.0141	-0.65383	0.000277435	0.49216	0.764036	-0.000958933
399	2.51383e-09	-1.13965	-0.361708	0.00268139	0.277348	-0.87128	-0.000779225
400	2.51383e-09	0.343905	1.15872	0.00130199	-0.86935	0.25705	-0.00167442
