1.961001e+03
401
0	1	9.05082e-05	5.61723e-05	-8.26155e-08	-1.22782e-10	-2.35361e-08	-7.00972e-11
1	2.51383e-09	0.971502	0.246529	0.000359743	-0.24524	0.968505	0.000367202
2	2.51383e-09	-0.31304	-0.949097	-0.0017012	0.951359	-0.313096	-0.000233735
3	2.51383e-09	0.560513	0.827164	0.000437791	-0.829015	0.560659	0.000857482
4	2.51383e-09	-0.833146	0.551723	0.00108264	-0.553328	-0.834105	1.24584e-05
5	2.51383e-09	-0.690225	-0.725203	0.00173742	0.723832	-0.690975	-0.000411332
6	2.51383e-09	0.998951	-0.1134	-0.000425051	0.115927	0.991387	-7.521e-06
7	2.51383e-09	-0.109198	-0.99125	0.00027599	0.996203	-0.107281	-0.00064445
8	2.51383e-09	-0.755357	0.658976	0.000943137	-0.653399	-0.753434	-3.98361e-05
9	2.51383e-09	0.976866	0.206068	0.000141652	-0.206942	0.979889	0.000189521
10	2.51383e-09	-0.198963	0.979455	-0.000473315	-0.980349	-0.203248	0.000108323
11	2.51383e-09	0.854512	0.528698	-0.00132387	-0.526018	0.84841	0.000318688
12	2.51383e-09	-0.457388	0.90496	-0.00110164	-0.884649	-0.448815	-1.02757e-05
13	2.51383e-09	-0.396052	-0.92739	0.00142064	0.914023	-0.396391	-0.00242823
14	2.51383e-09	0.660861	-0.760083	-0.00149234	0.755289	0.652743	-0.000962297
15	2.51383e-09	0.246862	-0.970057	0.00166176	0.971535	0.242439	-0.000839166
16	2.51383e-09	0.348615	-0.936753	0.0010453	0.936896	0.349975	1.03927e-05
17	2.51383e-09	0.242573	0.973334	0.000351685	-0.967883	0.2445	-0.00211415
18	2.51383e-09	-0.618942	-0.796419	-0.00157119	0.788299	-0.611611	0.000823367
19	2.51383e-09	1.00993	0.0940653	-0.00154335	-0.0949428	0.990073	-0.000548296
20	2.51383e-09	0.809306	0.62185	-0.000209667	-0.602932	0.785037	-0.000308289
21	2.51383e-09	-0.871787	0.517663	0.000599481	-0.512079	-0.851185	-0.000864858
22	2.51383e-09	-1.00027	0.148619	-0.000850497	-0.150489	-0.983989	0.000821086
23	2.51383e-09	0.873393	0.507919	0.000645042	-0.498584	0.860909	-0.000800149
24	2.51383e-09	-0.859529	-0.547138	0.000301705	0.52998	-0.834639	-0.000248333
25	2.51383e-09	0.906639	-0.46285	0.00101276	0.450785	0.882439	-0.000508609
26	2.51383e-09	0.86788	0.503382	1.60556e-05	-0.503175	0.864069	0.000925184
27	2.51383e-09	0.876756	-0.508407	0.00143225	0.493327	0.85899	-0.000622138
28	2.51383e-09	0.57182	0.834966	-0.00165557	-0.821058	0.562929	-0.00110536
29	2.51383e-09	0.584965	-0.829162	-0.00213285	0.814092	0.568373	-0.00107716
30	2.51383e-09	0.108239	1.00754	-0.00144228	-0.986907	0.105469	-0.00180102
31	2.51383e-09	0.757539	0.67258	-0.00100356	-0.658204	0.743755	-0.000777759
32	2.51383e-09	-0.949782	-0.344664	-7.26685e-05	0.338591	-0.935808	0.00102735
33	2.51383e-09	0.35156	0.959225	-0.000736203	-0.927549	0.341058	-0.000770941
34	2.51383e-09	0.97127	0.337182	-0.000686654	-0.325346	0.930765	-0.00155417
35	2.51383e-09	0.773722	-0.661599	-0.000129554	0.647097	0.751104	0.00122049
36	2.51383e-09	-0.917575	0.444759	-0.000380996	-0.430955	-0.890469	-0.00113273
37	2.51383e-09	-0.829096	0.599712	0.00030147	-0.581495	-0.797692	-0.000404743
38	2.51383e-09	0.0250939	-1.01316	0.000304879	0.992542	0.0236642	-0.000784616
39	2.51383e-09	0.972342	-0.291142	-0.00100713	0.287987	0.950938	-7.93454e-05
40	2.51383e-09	-0.984718	0.221445	-0.000733336	-0.219537	-0.97187	-0.000683019
41	2.51383e-09	0.835129	-0.572962	-0.00208539	0.561269	0.821362	-0.000309306
42	2.51383e-09	1.01225	0.181807	-0.00153686	-0.172996	0.971001	-0.000441927
43	2.51383e-09	0.336725	0.967263	-0.000973918	-0.934299	0.32194	-0.00151862
44	2.51383e-09	0.819078	-0.625115	-0.000460008	0.598909	0.781529	0.000971828
45	2.51383e-09	-0.550977	-0.861577	0.000960655	0.834715	-0.531524	-0.000646487
46	2.51383e-09	-0.788649	0.661462	3.03029e-05	-0.634306	-0.755361	-0.00127147
47	2.51383e-09	0.749455	0.688959	0.00115771	-0.671787	0.728112	0.000435442
48	2.51383e-09	0.174163	-1.0068	0.00103786	0.975981	0.165685	2.75018e-05
49	2.51383e-09	0.0868686	1.02743	0.00103486	-0.98011	0.0837136	-0.000243501
50	2.51383e-09	0.67431	-0.773973	0.0018	0.742624	0.649497	-0.000498762
51	2.51383e-09	-0.659524	0.784476	-6.79466e-05	-0.757475	-0.632737	5.08622e-05
52	2.51383e-09	0.969068	0.352333	-0.000460666	-0.337353	0.925823	-0.000605682
53	2.51383e-09	-0.957755	0.359269	0.000459315	-0.351593	-0.925031	-0.000385797
54	2.51383e-09	-0.707194	0.73514	0.000359824	-0.714234	-0.688287	-3.35066e-05
55	2.51383e-09	-0.762387	-0.698229	0.000319661	0.66527	-0.724743	0.000418845
56	2.51383e-09	-0.616515	-0.819089	0.0017468	0.786481	-0.598316	-0.00125095
57	2.51383e-09	-1.00958	-0.231493	0.000757164	0.217909	-0.957219	0.00118649
58	2.51383e-09	0.990052	-0.293075	-0.00107093	0.279048	0.944947	-0.00107158
59	2.51383e-09	-0.874749	0.527445	-0.000309401	-0.513483	-0.846267	0.00115197
60	2.51383e-09	0.89081	-0.504788	0.00122731	0.487222	0.858349	0.00248898
61	2.51383e-09	-0.784861	-0.693207	3.71912e-05	0.64794	-0.729875	0.000487033
62	2.51383e-09	0.715647	0.742201	0.00087701	-0.70844	0.685722	-0.00013642
63	2.51383e-09	0.504977	0.893391	-0.00117389	-0.860326	0.485667	8.36042e-05
64	2.51383e-09	-1.02564	-0.0459239	-0.000515748	0.0477879	-0.984153	-0.00152006
65	2.51383e-09	-0.577035	-0.856314	-0.00209415	0.81776	-0.548904	0.00065138
66	2.51383e-09	1.01587	-0.138941	-0.00125852	0.134031	0.980032	0.0025561
67	2.51383e-09	0.768807	0.68294	0.000485197	-0.657088	0.73767	0.00088495
68	2.51383e-09	-0.315565	-0.984352	0.00109079	0.936088	-0.298173	0.00213465
69	2.51383e-09	0.645179	0.809628	-0.000302894	-0.770347	0.610093	0.00113832
70	2.51383e-09	0.39527	-0.954088	0.000566522	0.908939	0.375921	0.000206114
71	2.51383e-09	-0.936676	-0.448526	-0.00114515	0.424905	-0.88435	0.000221257
72	2.51383e-09	0.892228	-0.561679	8.32943e-05	0.515921	0.821853	0.000886305
73	2.51383e-09	0.759223	0.709238	0.000756719	-0.669449	0.714161	-2.46462e-05
74	2.51383e-09	-0.930176	-0.44471	-4.8992e-05	0.428394	-0.88832	-0.00189113
75	2.51383e-09	-0.454947	-0.929703	-0.000168694	0.881679	-0.433852	0.00107807
76	2.51383e-09	-0.515945	-0.90424	0.000442031	0.854884	-0.483261	0.000648389
77	2.51383e-09	0.998947	-0.316134	-0.000714669	0.295997	0.931409	0.000846178
78	2.51383e-09	1.02333	0.169	-0.000437949	-0.157603	0.97063	-0.000250468
79	2.51383e-09	-0.836483	-0.592104	0.00036542	0.569907	-0.807482	0.000870336
80	2.51383e-09	-0.777328	-0.699411	-0.000997206	0.650605	-0.727861	-0.00105387
81	2.51383e-09	0.829415	0.629439	0.000247477	-0.591231	0.782344	-0.00145024
82	2.51383e-09	-0.806078	-0.666417	-0.000311638	0.618349	-0.757221	-6.45711e-05
83	2.51383e-09	0.888977	0.549473	0.00220229	-0.51585	0.830435	0.000669554
84	2.51383e-09	0.883266	-0.554278	0.00124994	0.520377	0.828079	0.00120482
85	2.51383e-09	0.94953	0.421975	-0.00186748	-0.395955	0.896338	1.2473e-05
86	2.51383e-09	1.03791	-0.0468216	0.00175339	0.044629	0.981387	-0.000994906
87	2.51383e-09	-0.398243	0.955682	0.000808165	-0.907702	-0.378321	0.000221438
88	2.51383e-09	-0.15923	1.03126	0.000254505	-0.966979	-0.146268	0.00107946
89	2.51383e-09	-0.338227	0.998021	0.000206129	-0.922559	-0.31168	0.000412255
90	2.51383e-09	1.02817	0.173499	0.000622806	-0.161827	0.966031	0.0014241
91	2.51383e-09	-0.933248	-0.472867	0.000597749	0.443139	-0.869474	-0.000482361
92	2.51383e-09	1.03325	-0.191494	0.00119447	0.1784	0.960374	-0.000218199
93	2.51383e-09	-0.62618	-0.850966	0.00161197	0.780742	-0.578897	0.000501324
94	2.51383e-09	-0.26967	1.01293	-0.000470832	-0.945929	-0.249411	-0.00093469
95	2.51383e-09	-0.110519	1.03631	8.88363e-05	-0.975935	-0.102854	-0.000903812
96	2.51383e-09	-0.435593	-0.959821	0.0013562	0.886058	-0.403864	-0.00135529
97	2.51383e-09	0.993399	-0.35836	0.00236142	0.333395	0.91181	0.0027343
98	2.51383e-09	0.617388	0.86192	0.00134015	-0.787418	0.568009	-0.000156631
99	2.51383e-09	1.05451	0.0901442	0.000113665	-0.08193	0.968837	0.000640055
100	2.51383e-09	0.0548143	1.04881	0.000440497	-0.975698	0.0535956	0.000135603
101	2.51383e-09	1.0271	-0.0822391	-0.00104702	0.0785094	0.984193	0.000397918
102	2.51383e-09	-1.03635	-0.0540635	-0.000236566	0.0534027	-0.982148	-0.00132962
103	2.51383e-09	0.910744	-0.533126	-7.20274e-05	0.493033	0.838274	-8.38696e-05
104	2.51383e-09	-0.975874	0.397526	0.000569242	-0.370703	-0.901942	-0.000142439
105	2.51383e-09	0.952707	-0.441632	6.59839e-05	0.416432	0.881967	-0.000259616
106	2.51383e-09	1.0511	-0.0735609	-0.00139021	0.0669579	0.971543	-0.00196377
107	2.51383e-09	-0.212719	1.02358	0.000561293	-0.957845	-0.204456	0.000794844
108	2.51383e-09	0.844832	-0.649838	-0.000637996	0.588741	0.768167	-0.000735517
109	2.51383e-09	0.195617	-1.03913	0.000443374	0.955494	0.182213	0.000261761
110	2.51383e-09	-0.958094	0.446923	-0.000336113	-0.410669	-0.880779	0.00250757
111	2.51383e-09	-0.521195	0.932864	0.000264923	-0.847493	-0.467481	0.00053374
112	2.51383e-09	0.712664	0.777269	0.000177853	-0.717576	0.658754	0.000721952
113	2.51383e-09	0.185572	-1.04145	-0.000962958	0.955561	0.17121	-0.000322209
114	2.51383e-09	0.660401	-0.832237	-0.000512277	0.759062	0.601525	-0.00190711
115	2.51383e-09	0.59707	0.880099	-0.00305678	-0.803232	0.541381	0.00010887
116	2.51383e-09	-0.866118	0.601517	0.000568433	-0.553219	-0.801362	6.66694e-05
117	2.51383e-09	-0.832942	-0.650083	0.000291641	0.598809	-0.76751	-0.00152087
118	2.51383e-09	0.880753	-0.60482	0.000678395	0.549258	0.79624	0.00241605
119	2.51383e-09	-0.760321	0.734435	-0.00025772	-0.675453	-0.699928	-0.000803152
120	2.51383e-09	0.104287	1.05707	-0.000361238	-0.965488	0.0993813	0.000665
121	2.51383e-09	-0.716847	0.78222	-0.00125761	-0.717953	-0.657683	0.000977664
122	2.51383e-09	-1.0614	0.0406217	6.04613e-05	-0.0350238	-0.967574	-0.000182981
123	2.51383e-09	-0.850427	-0.613361	0.000461373	0.57464	-0.791957	-0.000180581
124	2.51383e-09	-0.647932	0.846522	0.00171996	-0.772105	-0.587255	-0.00121512
125	2.51383e-09	0.806151	-0.692532	-0.00162158	0.633354	0.733604	0.00105595
126	2.51383e-09	0.967246	-0.438128	0.00120077	0.402039	0.885319	0.000216061
127	2.51383e-09	-0.884504	-0.580232	-0.000579606	0.5344	-0.812054	0.00229899
128	2.51383e-09	-0.737434	-0.763717	0.00103605	0.699972	-0.67449	0.000293654
129	2.51383e-09	-0.856678	-0.637633	0.000261492	0.57971	-0.775839	-0.000801235
130	2.51383e-09	0.988274	0.36136	3.24442e-05	-0.333967	0.916052	0.0013098
131	2.51383e-09	0.797852	-0.725304	0.000331596	0.644284	0.714401	-6.95987e-05
132	2.51383e-09	0.912338	-0.561446	-0.00120576	0.507955	0.823447	-0.000520749
133	2.51383e-09	0.670342	-0.824705	0.00259797	0.751573	0.613263	-0.00225683
134	2.51383e-09	1.06198	0.0371335	-0.00137585	-0.0336439	0.969634	0.00231896
135	2.51383e-09	0.0455449	-1.06539	-0.00102113	0.96725	0.039842	0.00126497
136	2.51383e-09	-1.00275	0.373812	0.00297245	-0.339478	-0.906797	-0.000636353
137	2.51383e-09	1.06342	0.106626	0.00158384	-0.0948955	0.961867	6.81828e-05
138	2.51383e-09	-1.06338	0.170574	0.00240244	-0.151087	-0.950259	-0.000809195
139	2.51383e-09	1.03948	-0.223544	0.000717716	0.204629	0.94813	0.000438407
140	2.51383e-09	-1.06893	-0.101734	0.0016229	0.0917755	-0.961827	0.000386
141	2.51383e-09	-0.962527	0.4594	-0.000665745	-0.417706	-0.871526	0.00223197
142	2.51383e-09	-0.744641	-0.774095	-0.00118051	0.694112	-0.669495	-0.000459289
143	2.51383e-09	0.805047	-0.704273	-1.29934e-06	0.636513	0.728067	-0.00193671
144	2.51383e-09	-0.821646	-0.701188	5.29505e-05	0.624671	-0.730939	-0.000152637
145	2.51383e-09	-0.548987	-0.925615	-0.00105028	0.828544	-0.493164	0.000442521
146	2.51383e-09	0.464509	0.979802	-0.000884239	-0.868161	0.412335	0.000469486
147	2.51383e-09	0.721329	-0.812267	0.000897071	0.715091	0.635918	-0.000878484
148	2.51383e-09	0.207097	1.05592	-0.00137554	-0.946471	0.188443	-0.00136737
149	2.51383e-09	-0.943558	0.494422	-0.000405621	-0.446438	-0.863346	0.000523627
150	2.51383e-09	0.347618	-1.01517	-0.000847615	0.912758	0.313378	-0.00165235
151	2.51383e-09	-0.956366	-0.494795	-0.000791974	0.446089	-0.855679	0.000931545
152	2.51383e-09	0.647613	0.856911	-0.00347968	-0.769711	0.581075	-0.000910522
153	2.51383e-09	1.06371	0.170873	0.000494654	-0.152426	0.952632	-0.000446146
154	2.51383e-09	-1.0676	-0.238933	0.000744107	0.20828	-0.931236	-0.000522565
155	2.51383e-09	-1.07745	-0.0263499	-0.00177276	0.0196983	-0.962733	-0.00206167
156	2.51383e-09	-0.906216	0.589344	-0.0016601	-0.528109	-0.803948	-0.000922808
157	2.51383e-09	1.078	0.0862208	0.000667162	-0.0760381	0.958236	-0.000300178
158	2.51383e-09	1.07533	-0.0681905	-0.000463248	0.0609888	0.961572	-0.000909064
159	2.51383e-09	1.06529	-0.163824	-0.00318007	0.146273	0.952392	9.61202e-05
160	2.51383e-09	1.0571	-0.217032	-0.000391624	0.19769	0.943332	0.000138656
161	2.51383e-09	0.613149	-0.902595	-0.000395055	0.79292	0.53724	0.000969281
162	2.51383e-09	0.5298	-0.947914	-0.000494261	0.835526	0.469179	0.00111833
163	2.51383e-09	0.274338	-1.04265	0.000508356	0.930871	0.244613	0.00205753
164	2.51383e-09	0.751152	0.763465	0.000529436	-0.688641	0.678107	0.000944039
165	2.51383e-09	1.03305	0.326075	-0.0023033	-0.290985	0.916689	-0.00101478
166	2.51383e-09	0.579081	-0.917474	1.72269e-05	0.811286	0.513851	0.000118348
167	2.51383e-09	0.746943	-0.782266	0.00255007	0.698877	0.662619	0.00143075
168	2.51383e-09	-0.629989	-0.870817	0.000755917	0.779379	-0.569561	-0.00155204
169	2.51383e-09	-0.783483	0.752219	-0.000222134	-0.662502	-0.692366	-0.000759556
170	2.51383e-09	-0.900857	-0.61727	0.00176054	0.544079	-0.78805	0.00255137
171	2.51383e-09	1.09052	-0.0649458	0.00328073	0.0570672	0.953459	0.00131073
172	2.51383e-09	-0.174362	1.08754	-0.0011256	-0.940228	-0.150574	0.00102181
173	2.51383e-09	0.41573	-1.02095	-0.000797792	0.881349	0.359392	0.001002
174	2.51383e-09	-0.8611	0.686187	0.00196336	-0.597178	-0.741975	-0.000369356
175	2.51383e-09	1.07536	0.19012	-0.000346965	-0.163022	0.943096	0.00118032
176	2.51383e-09	0.870511	0.622073	0.000490324	-0.563311	0.785482	-0.000784591
177	2.51383e-09	-0.10496	-1.09051	0.000735428	0.951055	-0.0909267	-0.000174568
178	2.51383e-09	1.0465	-0.328268	-0.000519289	0.28362	0.911663	0.000313783
179	2.51383e-09	-0.0757443	-1.08768	-0.00189842	0.954958	-0.0674379	-0.000290454
180	2.51383e-09	-0.566063	-0.926376	-0.000229896	0.819439	-0.498825	-0.00210224
181	2.51383e-09	0.339235	-1.04098	-0.000725282	0.908958	0.293535	3.70556e-05
182	2.51383e-09	-0.574046	-0.924464	0.00235761	0.811802	-0.507433	0.000473089
183	2.51383e-09	-0.249692	-1.07638	0.000507132	0.927464	-0.214117	0.00170894
184	2.51383e-09	1.07558	0.233697	0.000377465	-0.20019	0.931371	0.000643122
185	2.51383e-09	0.656058	-0.871069	-0.00103726	0.766177	0.573754	-0.00076615
186	2.51383e-09	1.0113	0.409994	-0.000640506	-0.356058	0.886553	0.00078383
187	2.51383e-09	-0.84345	-0.690154	9.89635e-05	0.608136	-0.740267	0.000904211
188	2.51383e-09	-0.876729	0.651745	-0.00048707	-0.569793	-0.769074	0.000793639
189	2.51383e-09	0.980159	0.483334	0.00235936	-0.427064	0.855478	-0.000684224
190	2.51383e-09	-0.932141	0.580341	-0.000708409	-0.505605	-0.810134	-0.000876042
191	2.51383e-09	1.05962	0.292315	0.00250483	-0.256106	0.917565	-0.000542624
192	2.51383e-09	-1.09963	0.0549077	-0.000670241	-0.0508306	-0.95198	3.11045e-05
193	2.51383e-09	0.897678	0.635443	-0.000443749	-0.552668	0.778045	-0.000730899
194	2.51383e-09	1.0328	0.39828	-0.000459266	-0.342445	0.886343	0.00143419
195	2.51383e-09	-0.118454	-1.08966	-0.00331627	0.948997	-0.0990533	0.000267365
196	2.51383e-09	-0.622501	-0.911918	0.000475729	0.786984	-0.533711	-0.0011187
197	2.51383e-09	-0.967363	0.499056	0.000510715	-0.437865	-0.85414	-0.000816181
198	2.51383e-09	-0.49065	-1.00316	-0.00095297	0.850976	-0.411159	-0.00107899
199	2.51383e-09	0.455066	0.999472	-2.70677e-06	-0.869831	0.393387	-3.76325e-05
200	2.51383e-09	-0.707517	-0.853647	-0.00297482	0.730533	-0.608146	-0.000377324
201	2.51383e-09	0.829435	0.738633	0.000629527	-0.625428	0.710367	0.000134198
202	2.51383e-09	0.828336	0.725692	-0.000575526	-0.630458	0.7167	0.000196736
203	2.51383e-09	1.00057	0.433672	0.000296822	-0.379332	0.88006	-0.00155179
204	2.51383e-09	-1.0543	0.333704	0.00184177	-0.287567	-0.904999	0.000925593
205	2.51383e-09	1.11001	0.0288547	0.00117201	-0.0232627	0.949305	-8.09984e-05
206	2.51383e-09	-0.677248	0.86768	0.00103215	-0.750131	-0.58786	0.00267289
207	2.51383e-09	1.09225	-0.175813	0.000435056	0.153166	0.93715	-0.000830378
208	2.51383e-09	-0.683272	-0.86511	-0.000604487	0.747498	-0.591481	-0.000504225
209	2.51383e-09	-0.719002	0.820684	0.000872309	-0.721004	-0.632369	0.00111367
210	2.51383e-09	0.287885	-1.07525	0.000846404	0.915273	0.245612	-7.21362e-05
211	2.51383e-09	-0.00698178	-1.10957	0.000340874	0.947893	-0.0099165	-0.00120546
212	2.51383e-09	-0.836477	-0.735653	0.0011812	0.629492	-0.709924	-0.000421376
213	2.51383e-09	-1.09378	-0.0716283	0.000217252	0.0606441	-0.95439	-0.000591925
214	2.51383e-09	-0.858303	-0.689874	0.00041807	0.599411	-0.741775	-0.00135423
215	2.51383e-09	-1.10324	-0.165465	0.00221908	0.139541	-0.935946	-0.000323745
216	2.51383e-09	-0.776029	-0.794186	0.000136757	0.676474	-0.664794	0.000603934
217	2.51383e-09	0.246031	-1.0871	0.00066148	0.922521	0.214026	0.000203988
218	2.51383e-09	-0.364978	-1.03605	-2.65956e-05	0.899581	-0.316106	0.000316022
219	2.51383e-09	-1.10118	0.221847	-0.0020543	-0.186315	-0.923689	8.27223e-05
220	2.51383e-09	-1.09157	0.19287	0.000259554	-0.165719	-0.937024	0.00094697
221	2.51383e-09	0.725843	-0.83829	5.06348e-05	0.715128	0.624273	-0.000938464
222	2.51383e-09	0.631499	0.928657	0.00176062	-0.779451	0.529956	-0.00115415
223	2.51383e-09	0.255033	-1.08732	0.000249531	0.920194	0.21882	0.000837378
224	2.51383e-09	-0.846728	0.719982	-0.000984398	-0.613389	-0.724109	-0.000555106
225	2.51383e-09	-0.339	-1.05432	-0.00135786	0.905721	-0.291152	0.000810361
226	2.51383e-09	-0.716162	-0.868044	-0.00144613	0.726344	-0.60031	-0.000320212
227	2.51383e-09	1.10286	0.118094	0.000974371	-0.10299	0.944508	-0.000590908
228	2.51383e-09	0.32436	1.0685	0.00125537	-0.90543	0.275891	-0.000364948
229	2.51383e-09	-1.12835	0.0774577	0.00092728	-0.0627395	-0.939293	-0.00155907
230	2.51383e-09	-0.272379	-1.0921	-0.000972043	0.915443	-0.228912	0.00101022
231	2.51383e-09	-0.990288	-0.558967	0.00107957	0.462659	-0.81469	0.00211352
232	2.51383e-09	0.925099	0.616794	-0.00216183	-0.524917	0.788061	0.000571736
233	2.51383e-09	0.565894	-0.971943	-0.00122484	0.814106	0.47113	-0.000776194
234	2.51383e-09	-0.840691	-0.729697	0.00204835	0.619724	-0.716663	-0.000916877
235	2.51383e-09	-0.225275	1.10239	-0.00130819	-0.923145	-0.18926	0.0018483
236	2.51383e-09	-0.689751	-0.890924	0.00199207	0.743825	-0.578805	0.00083778
237	2.51383e-09	-0.767699	-0.811758	0.000523176	0.686419	-0.652767	0.00116228
238	2.51383e-09	0.451743	1.03089	-9.79895e-05	-0.861513	0.378779	0.00155863
239	2.51383e-09	0.964628	0.557227	-0.00167234	-0.471277	0.822463	-0.00115021
240	2.51383e-09	0.674351	-0.906442	0.00231627	0.753303	0.564793	-0.000505979
241	2.51383e-09	1.10991	0.133368	-0.00105323	-0.114229	0.941104	0.00138087
242	2.51383e-09	1.05317	-0.440584	-0.0023683	0.362269	0.862584	0.0014447
243	2.51383e-09	0.124155	1.11685	-0.000722762	-0.938967	0.101593	0.000239913
244	2.51383e-09	0.904197	0.665609	0.000152752	-0.561875	0.758947	-0.000144147
245	2.51383e-09	1.06582	-0.35845	0.000675953	0.303081	0.894602	-0.0010402
246	2.51383e-09	-1.11998	0.103598	-0.00169486	-0.082332	-0.938931	-0.000693351
247	2.51383e-09	0.589905	-0.939199	-0.00138742	0.805847	0.503931	0.00121446
248	2.51383e-09	-1.11273	-0.161555	0.00230087	0.133665	-0.929625	0.000558635
249	2.51383e-09	-0.817009	-0.767316	-0.00117367	0.646865	-0.68678	-0.000719829
250	2.51383e-09	0.329439	1.07427	0.000880417	-0.901565	0.276876	-5.06361e-05
251	2.51383e-09	1.06235	-0.391474	0.00282425	0.32657	0.883136	-0.00145054
252	2.51383e-09	-0.644594	-0.92157	0.00304992	0.770544	-0.545052	-0.000254482
253	2.51383e-09	-1.0265	-0.471464	0.000750634	0.393431	-0.853072	0.00166013
254	2.51383e-09	-0.983908	0.51881	-0.000404057	-0.440461	-0.841915	-0.00111887
255	2.51383e-09	-0.915687	-0.6582	-0.000517902	0.549829	-0.766672	0.0013886
256	2.51383e-09	0.647739	-0.931283	-0.00202994	0.771094	0.534112	-0.000420253
257	2.51383e-09	-0.275512	1.09762	0.000118624	-0.912235	-0.229236	-0.000846583
258	2.51383e-09	1.07453	0.362673	0.000998608	-0.299485	0.888299	0.000207781
259	2.51383e-09	0.68464	0.890894	0.000437942	-0.746872	0.576188	-0.00083551
260	2.51383e-09	1.1001	-0.293018	-0.00179594	0.240874	0.902769	-0.000270067
261	2.51383e-09	-1.07001	0.407912	0.000478535	-0.330263	-0.8728	0.00024411
262	2.51383e-09	1.07833	-0.335557	-2.8618e-05	0.277563	0.898908	0.00025235
263	2.51383e-09	0.381662	1.07141	0.00100788	-0.883118	0.316125	-0.000382768
264	2.51383e-09	1.12417	0.0624699	0.000472435	-0.0491895	0.941531	0.000431607
265	2.51383e-09	-0.682114	-0.907835	0.0011027	0.752638	-0.564614	0.000968594
266	2.51383e-09	0.743152	0.863476	-0.00169673	-0.71203	0.609467	0.00106703
267	2.51383e-09	-0.292199	1.0905	0.000939948	-0.908006	-0.246992	-0.00186068
268	2.51383e-09	0.194082	-1.11676	0.000661368	0.923435	0.164641	-0.000177477
269	2.51383e-09	0.970762	-0.591792	-0.000128797	0.488136	0.801043	-0.00131104
270	2.51383e-09	-0.339776	1.08083	-0.000308677	-0.895492	-0.281957	-0.000595888
271	2.51383e-09	0.676777	-0.926988	-0.000215737	0.752505	0.550192	-0.00112452
272	2.51383e-09	-1.1416	0.0791227	-0.00135746	-0.0694484	-0.930828	0.000536868
273	2.51383e-09	-0.244718	1.11392	-0.000182533	-0.913804	-0.203912	4.50868e-05
274	2.51383e-09	-0.532789	-1.00738	-0.00111861	0.826838	-0.436336	-0.000793316
275	2.51383e-09	-0.612712	-0.95967	0.00313592	0.792452	-0.500857	0.000117698
276	2.51383e-09	1.10165	0.281287	-0.000482936	-0.233849	0.908804	0.000114631
277	2.51383e-09	0.194016	1.12306	0.000619298	-0.92292	0.156065	-0.000297492
278	2.51383e-09	-0.798724	0.816774	-0.00197659	-0.666454	-0.657296	-0.000530425
279	2.51383e-09	-0.192463	-1.12309	-0.000186279	0.924999	-0.155443	-3.62917e-06
280	2.51383e-09	1.02257	-0.529085	0.00149712	0.426304	0.827654	0.000221625
281	2.51383e-09	0.924523	-0.673937	-0.000469733	0.548405	0.755923	0.000163283
282	2.51383e-09	0.924222	-0.665694	-0.000911112	0.546805	0.763023	-0.000358033
283	2.51383e-09	-1.02453	-0.509869	0.000103135	0.41641	-0.837953	0.00117795
284	2.51383e-09	-0.120724	1.13664	0.00143351	-0.931315	-0.0977009	-0.000995968
285	2.51383e-09	-1.0155	0.536657	-0.0010754	-0.438213	-0.825266	0.00109194
286	2.51383e-09	-0.792277	0.818837	-0.00217151	-0.674591	-0.651551	-0.000949873
287	2.51383e-09	0.42018	-1.06487	0.000510362	0.870106	0.344652	0.000554838
288	2.51383e-09	1.08631	-0.360803	-0.000622766	0.291735	0.890253	0.000966305
289	2.51383e-09	-0.823493	-0.812469	-0.000941075	0.652014	-0.661937	0.00273349
290	2.51383e-09	1.09678	-0.323968	-0.000658236	0.268372	0.896042	0.000258459
291	2.51383e-09	1.15129	-0.0544773	-0.00216224	0.0399007	0.930532	-0.00132006
292	2.51383e-09	1.10879	-0.291621	-0.000954714	0.238002	0.905469	-0.000139872
293	2.51383e-09	0.883033	0.726973	0.00174743	-0.595158	0.722227	0.000101232
294	2.51383e-09	-0.698786	0.916207	-0.00229696	-0.740052	-0.565549	0.00108885
295	2.51383e-09	0.879609	0.729838	-0.00125432	-0.59771	0.719888	0.000337207
296	2.51383e-09	-1.12295	0.255183	-0.000246204	-0.208295	-0.908442	-0.000221638
297	2.51383e-09	-0.677131	-0.927746	-0.00102846	0.752903	-0.550534	0.00275621
298	2.51383e-09	-0.438923	-1.06994	-0.000473611	0.860184	-0.351927	-0.000767524
299	2.51383e-09	-1.14568	0.071423	-0.00174197	-0.060681	-0.932519	0.000146506
300	2.51383e-09	1.09823	0.398168	-0.000472557	-0.313735	0.868998	-0.000180484
301	2.51383e-09	0.533878	-1.02352	-0.000924425	0.828895	0.428143	-0.000380567
302	2.51383e-09	0.700894	0.92735	-4.63607e-05	-0.738073	0.560828	0.00121237
303	2.51383e-09	0.821392	0.819731	-0.000589168	-0.655168	0.655496	-0.000955412
304	2.51383e-09	-0.604756	-0.991223	0.000149043	0.793411	-0.480365	0.00207612
305	2.51383e-09	-0.147082	1.14476	0.00182746	-0.922866	-0.121772	0.000997875
306	2.51383e-09	1.05481	0.463085	-0.000754012	-0.375582	0.85237	0.000153361
307	2.51383e-09	0.996716	-0.589757	0.000404562	0.478579	0.796251	0.000993315
308	2.51383e-09	-0.885937	0.752596	0.002555	-0.599314	-0.707088	-0.000371868
309	2.51383e-09	-1.07091	-0.414087	0.000502954	0.33662	-0.870731	-0.000515193
310	2.51383e-09	-0.13742	1.14448	0.00166605	-0.924249	-0.112174	-0.000752543
311	2.51383e-09	-0.0313824	-1.15897	-0.00116941	0.926741	-0.0226386	0.00145815
312	2.51383e-09	-1.03115	-0.534947	-0.00070257	0.430316	-0.823789	0.000147371
313	2.51383e-09	-0.48862	-1.04545	-0.000903168	0.843866	-0.394896	-0.00254566
314	2.51383e-09	-0.221668	1.13787	-0.000386858	-0.911079	-0.177012	0.00124192
315	2.51383e-09	-1.07914	0.43563	-0.000357538	-0.349275	-0.857939	0.000926347
316	2.51383e-09	-0.485924	-1.05597	-0.00154354	0.84359	-0.384365	0.000436766
317	2.51383e-09	0.971893	0.631336	-0.000730203	-0.507597	0.78033	-0.00128084
318	2.51383e-09	1.14314	-0.231296	-0.00133739	0.186163	0.906873	0.000395935
319	2.51383e-09	-1.15059	0.137082	-0.000713913	-0.110469	-0.924423	0.000712481
320	2.51383e-09	1.13525	-0.274551	0.000171177	0.213745	0.900098	0.000527472
321	2.51383e-09	-1.03441	-0.531163	0.00110473	0.42431	-0.824555	-0.000508577
322	2.51383e-09	-0.895474	0.74679	0.000762389	-0.59476	-0.710156	0.0015674
323	2.51383e-09	1.16413	0.165144	-0.00155712	-0.132194	0.91237	0.00140051
324	2.51383e-09	0.244487	1.14324	0.00111586	-0.907349	0.193978	0.000163871
325	2.51383e-09	0.758728	-0.881384	-0.000571961	0.701779	0.60619	-0.00155192
326	2.51383e-09	0.941682	-0.690974	0.00107616	0.547832	0.74437	-0.00141113
327	2.51383e-09	-1.1577	-0.191158	-0.00228191	0.14822	-0.910129	-0.000405799
328	2.51383e-09	0.597435	0.990387	-0.00103776	-0.796798	0.483477	8.29879e-05
329	2.51383e-09	-1.11356	-0.424564	-0.000239722	0.327306	-0.854199	0.000385052
330	2.51383e-09	-0.555284	-1.02421	0.000786536	0.814847	-0.441844	0.00089149
331	2.51383e-09	-0.146614	-1.15459	-0.000120984	0.921243	-0.121817	0.000170023
332	2.51383e-09	0.995077	-0.61424	-0.00140952	0.485125	0.786025	-0.00189098
333	2.51383e-09	-0.555875	1.04002	0.00144883	-0.811244	-0.43587	-0.000389741
334	2.51383e-09	0.886454	-0.765976	0.000947997	0.604066	0.69841	0.0010219
335	2.51383e-09	0.497704	-1.06299	-0.000320318	0.836299	0.39438	0.0018515
336	2.51383e-09	1.08194	0.457957	-0.000992859	-0.360114	0.847688	-0.000586976
337	2.51383e-09	-1.14516	-0.252736	-0.00111222	0.199156	-0.90245	0.000214474
338	2.51383e-09	-0.425997	-1.07944	-0.000566829	0.863076	-0.343171	0.000901398
339	2.51383e-09	1.04187	-0.576964	5.97113e-06	0.444253	0.800465	-0.000845464
340	2.51383e-09	-1.13589	-0.337629	-8.92177e-05	0.261527	-0.880847	-1.74783e-05
341	2.51383e-09	1.16985	-0.194764	0.00033371	0.153023	0.903313	0.000249397
342	2.51383e-09	-1.11296	-0.365099	-0.000771888	0.287157	-0.877968	0.00110541
343	2.51383e-09	-1.13735	-0.275242	0.000884138	0.215735	-0.898634	-0.00129577
344	2.51383e-09	0.932093	-0.715146	0.000523805	0.559711	0.734067	0.00108285
345	2.51383e-09	-1.0811	-0.462002	0.0013701	0.3623	-0.848323	-0.00073418
346	2.51383e-09	1.05536	0.473882	-6.92666e-05	-0.38126	0.848622	0.000874215
347	2.51383e-09	1.13474	0.290137	-0.00165545	-0.233238	0.894203	-9.80478e-06
348	2.51383e-09	1.10976	-0.39795	-0.000403336	0.31322	0.86622	0.000722185
349	2.51383e-09	1.11998	-0.340927	0.00075321	0.269071	0.887529	-0.000789553
350	2.51383e-09	-0.882709	0.784982	0.00183626	-0.608121	-0.686764	-1.51436e-05
351	2.51383e-09	-0.979213	0.658289	-0.00210627	-0.517976	-0.762289	0.000632643
352	2.51383e-09	-0.317732	1.13762	-0.00215442	-0.88632	-0.248881	0.00158532
353	2.51383e-09	-1.13728	-0.31532	-0.00124146	0.244787	-0.888414	-8.31466e-05
354	2.51383e-09	-0.544479	1.05906	-0.000146272	-0.815513	-0.41656	0.00149088
355	2.51383e-09	1.17329	-0.0240904	0.000815326	0.0198368	0.922232	0.000555119
356	2.51383e-09	-0.557395	1.04415	5.47086e-05	-0.810442	-0.432493	-0.000615213
357	2.51383e-09	0.642938	0.992946	-0.0022597	-0.771913	0.499603	6.63097e-06
358	2.51383e-09	-1.05147	0.546662	-0.00149365	-0.422122	-0.817567	0.000576602
359	2.51383e-09	0.199444	-1.17374	0.000563919	0.902504	0.152395	-0.000392179
360	2.51383e-09	-1.06881	-0.478928	0.000213706	0.379078	-0.845175	0.000514037
361	2.51383e-09	-0.521194	1.06371	0.00153829	-0.82481	-0.404596	0.00141018
362	2.51383e-09	0.597914	-1.02111	0.00147791	0.792198	0.464351	0.000704586
363	2.51383e-09	0.968448	0.668499	0.00125043	-0.521455	0.759454	0.000583893
364	2.51383e-09	1.15923	0.192878	0.000701911	-0.153696	0.908981	-0.00123777
365	2.51383e-09	1.0841	-0.476434	-0.00117894	0.369574	0.843435	-0.000123883
366	2.51383e-09	1.05636	0.543015	0.000267855	-0.418937	0.816809	-0.00100719
367	2.51383e-09	-1.17811	-0.174639	0.000569396	0.135981	-0.904932	0.00140493
368	2.51383e-09	0.874431	0.811679	-0.000238981	-0.624193	0.67106	0.00176558
369	2.51383e-09	1.19726	-0.0330771	-0.0016266	0.0239249	0.912804	-0.00126514
370	2.51383e-09	1.16424	0.231709	0.000876994	-0.177509	0.899364	7.00139e-05
371	2.51383e-09	0.275937	1.16156	-0.000409545	-0.89069	0.211835	-0.00225608
372	2.51383e-09	1.04271	-0.575243	-0.00175726	0.444334	0.802721	0.0010857
373	2.51383e-09	-0.647662	1.00099	-0.00107991	-0.767344	-0.498202	0.000102781
374	2.51383e-09	-1.17437	-0.256	-0.000657686	0.195609	-0.88955	-0.000344433
375	2.51383e-09	-1.07718	0.524609	8.22261e-05	-0.396701	-0.821579	0.000164684
376	2.51383e-09	1.16517	-0.240961	-0.00121454	0.18631	0.897262	0.000315783
377	2.51383e-09	-0.996988	0.637015	-0.000273115	-0.491783	-0.779471	-0.00094235
378	2.51383e-09	-0.0514418	-1.19745	0.00128324	0.912911	-0.0411626	-0.000723507
379	2.51383e-09	1.18225	0.0492697	0.000296367	-0.0348259	0.920148	-0.000276391
380	2.51383e-09	1.19576	0.012121	-9.78382e-06	-0.00859508	0.91443	0.00099851
381	2.51383e-09	-1.13512	-0.350117	0.00080789	0.270841	-0.875757	0.000825112
382	2.51383e-09	-0.398895	-1.11722	0.000687564	0.865565	-0.307465	-0.000165476
383	2.51383e-09	-0.784496	-0.885726	-0.00206368	0.689547	-0.609268	-0.000440583
384	2.51383e-09	0.00255668	1.19607	-0.00223036	-0.916861	0.00431699	-0.00202426
385	2.51383e-09	-1.03764	-0.600672	-8.85836e-05	0.456977	-0.789291	-0.00130173
386	2.51383e-09	-0.886403	0.81683	-3.29206e-06	-0.619359	-0.666935	0.000301007
387	2.51383e-09	0.117489	-1.19387	-0.000328855	0.908227	0.0888333	0.0011153
388	2.51383e-09	-1.10916	0.458219	0.00120493	-0.349038	-0.843799	-0.000141824
389	2.51383e-09	1.19374	-0.0816075	-0.00174529	0.0632554	0.911991	0.000511167
390	2.51383e-09	0.118619	1.18865	0.000687443	-0.910706	0.0884803	0.000249026
391	2.51383e-09	-1.0487	-0.586375	0.00140062	0.445276	-0.797013	-0.000859908
392	2.51383e-09	-1.19875	0.1245	-0.000557268	-0.0951519	-0.905206	0.00113979
393	2.51383e-09	1.20852	-0.0398658	0.000476277	0.0333141	0.908066	-0.00156178
394	2.51383e-09	-0.514971	1.0837	-0.000806133	-0.824607	-0.39175	0.000946417
395	2.51383e-09	0.486242	1.10229	-0.00228329	-0.832241	0.36691	-0.000639508
396	2.51383e-09	-0.36034	1.13534	-0.000275018	-0.874973	-0.279358	-0.000744608
397	2.51383e-09	1.03631	-0.62167	-0.00108014	0.470788	0.778715	0.00113206
398	2.51383e-09	-0.0621657	-1.20312	0.000800166	0.910125	-0.0490222	-0.00130079
399	2.51383e-09	0.164321	-1.19128	-0.00152265	0.902563	0.126639	-0.000609469
400	2.51383e-09	1.20336	0.103609	0.000217501	-0.0763376	0.906447	0.00118017
