1.811000e+03
401
0	1	8.35894e-05	5.17885e-05	-7.64335e-08	6.60685e-08	3.12626e-09	-6.14208e-11
1	2.51383e-09	0.778854	0.630509	0.000465151	-0.628712	0.776641	0.00021816
2	2.51383e-09	-0.63989	-0.764623	0.00101789	0.770746	-0.639323	-0.000805164
3	2.51383e-09	0.566457	0.82834	-0.000716411	-0.82282	0.563622	0.000755755
4	2.51383e-09	-0.8404	0.540723	0.00108855	-0.54209	-0.841403	1.80582e-05
5	2.51383e-09	0.139929	-0.996965	-0.000324732	0.986789	0.134906	-0.000636319
6	2.51383e-09	0.339084	0.945456	0.0010591	-0.939365	0.337869	0.000263998
7	2.51383e-09	0.112006	-0.992974	-0.000503691	0.995654	0.111139	0.000125892
8	2.51383e-09	-0.584945	0.814758	0.000927593	-0.808515	-0.58291	0.000189046
9	2.51383e-09	0.998057	-0.0211514	9.67038e-05	0.0207845	1.00133	0.000217738
10	2.51383e-09	-0.363435	0.930122	-0.000446322	-0.932052	-0.367923	0.000180954
11	2.51383e-09	-0.263379	0.970787	-0.000147887	-0.962657	-0.260442	0.00130586
12	2.51383e-09	-0.168287	-0.994717	0.000860231	0.982968	-0.166305	0.000663611
13	2.51383e-09	1.01394	-0.0313644	-0.00282666	0.0295715	0.989889	-0.000563622
14	2.51383e-09	0.0814648	1.01336	0.000257305	-0.986083	0.0796704	0.00168675
15	2.51383e-09	0.928334	-0.387727	0.00044064	0.389322	0.91697	-0.00181121
16	2.51383e-09	0.155956	-0.987825	0.000997901	0.98736	0.1569	0.000239676
17	2.51383e-09	-0.247689	0.973465	-0.000639571	-0.966781	-0.243298	-0.00205037
18	2.51383e-09	0.861266	0.53951	0.00207402	-0.523468	0.840677	0.000102063
19	2.51383e-09	-0.747637	-0.696646	0.00156245	0.672974	-0.722153	-0.000292861
20	2.51383e-09	0.387209	-0.944108	0.000372447	0.915909	0.375965	-7.38702e-05
21	2.51383e-09	1.0064	-0.0671635	-0.000386536	0.0671604	0.996498	-0.00056363
22	2.51383e-09	0.999376	-0.185532	0.000870497	0.176775	0.975485	-0.000271425
23	2.51383e-09	-0.931883	0.394325	-0.00103678	-0.386123	-0.915167	-8.10299e-05
24	2.51383e-09	0.807059	0.609298	-0.000601141	-0.601473	0.794377	4.86279e-05
25	2.51383e-09	-1.01374	-0.0772094	-0.000709321	0.0753841	-0.989112	0.000946205
26	2.51383e-09	-0.0907627	0.999052	0.000835996	-0.995651	-0.0884319	0.000396297
27	2.51383e-09	0.44543	0.898838	-0.000611675	-0.898913	0.439921	-0.00137742
28	2.51383e-09	-0.543462	-0.860329	0.00155442	0.836504	-0.529172	0.00160051
29	2.51383e-09	-0.646153	0.782158	0.00221291	-0.762518	-0.636226	0.000997554
30	2.51383e-09	-0.710508	-0.717486	-0.000266813	0.708575	-0.699955	0.0021428
31	2.51383e-09	-0.999014	-0.164532	0.000333651	0.163635	-0.98021	0.00119192
32	2.51383e-09	0.909362	-0.443706	0.000727381	0.436554	0.892543	-0.000511628
33	2.51383e-09	0.63034	-0.799303	0.00105148	0.779661	0.613061	-0.000162473
34	2.51383e-09	1.02737	0.0682093	-0.000610421	-0.0676555	0.982948	-0.000397665
35	2.51383e-09	-1.01465	-0.0474318	-0.000702104	0.0485566	-0.992055	-0.00105914
36	2.51383e-09	0.73469	0.709962	0.00117729	-0.688855	0.710442	0.00035961
37	2.51383e-09	0.869436	-0.524664	-0.000487677	0.507048	0.852746	0.000893674
38	2.51383e-09	0.430499	0.915942	-0.000649077	-0.900331	0.421889	0.000561626
39	2.51383e-09	-1.00276	-0.167372	0.000983227	0.166701	-0.977504	-0.000319756
40	2.51383e-09	0.574261	-0.833352	8.99141e-05	0.818524	0.563118	0.00118792
41	2.51383e-09	-0.913571	0.449146	0.0021037	-0.437529	-0.887731	0.000183742
42	2.51383e-09	1.01558	-0.150831	-0.000560761	0.146512	0.976007	-0.00208722
43	2.51383e-09	1.01409	0.167462	0.00110783	-0.161552	0.971722	-0.000313463
44	2.51383e-09	0.808648	-0.637615	-0.000535903	0.611422	0.772443	0.000918532
45	2.51383e-09	-1.01935	0.108165	0.00164094	-0.10328	-0.981487	0.000867546
46	2.51383e-09	-0.950803	0.394238	-0.000335043	-0.378699	-0.910637	-0.00124617
47	2.51383e-09	-0.381357	-0.941855	-0.000967533	0.919105	-0.373708	-0.000427912
48	2.51383e-09	-0.92208	-0.434847	0.000193113	0.423862	-0.897042	0.00097237
49	2.51383e-09	0.370883	0.957516	0.00116727	-0.919047	0.358232	0.00080008
50	2.51383e-09	-0.154864	-1.01504	0.00160471	0.974656	-0.148906	0.00133244
51	2.51383e-09	0.487953	0.895948	-0.00141231	-0.87075	0.473877	-0.000563346
52	2.51383e-09	0.593731	0.842497	-0.000746821	-0.805723	0.567979	-0.000259205
53	2.51383e-09	-0.265694	0.984809	0.000589917	-0.958479	-0.257397	0.000148248
54	2.51383e-09	0.380608	0.951307	-0.000526282	-0.9186	0.363818	0.000131863
55	2.51383e-09	0.250167	-1.00224	0.000825534	0.955528	0.23869	2.49444e-05
56	2.51383e-09	-0.929915	-0.42558	0.00211695	0.40913	-0.902385	7.07045e-05
57	2.51383e-09	-0.321242	-0.985436	0.00145643	0.933047	-0.303387	2.57906e-05
58	2.51383e-09	0.635969	0.814867	-0.0014811	-0.774793	0.607023	0.000462551
59	2.51383e-09	0.397559	0.94465	0.000648208	-0.91044	0.38418	-0.000916724
60	2.51383e-09	-0.505074	-0.888204	-0.00258631	0.858732	-0.491135	0.000552861
61	2.51383e-09	0.531534	0.900862	-0.000121744	-0.840965	0.499194	-0.000592116
62	2.51383e-09	-0.237928	1.00853	0.000525796	-0.955769	-0.223294	-0.000732176
63	2.51383e-09	0.748798	0.70227	-0.00144479	-0.676579	0.719667	-0.00123603
64	2.51383e-09	-0.436291	0.931361	0.00128218	-0.891466	-0.416145	-0.00100847
65	2.51383e-09	0.506561	-0.898927	-0.000417346	0.859241	0.482999	0.00202465
66	2.51383e-09	0.975694	-0.315554	-0.0018101	0.304211	0.941027	0.00223041
67	2.51383e-09	0.280143	0.990013	0.000980519	-0.950013	0.269764	0.000963559
68	2.51383e-09	0.164585	-1.01888	0.00144604	0.970576	0.159612	0.00219042
69	2.51383e-09	-0.495419	0.905997	0.000922968	-0.863612	-0.474263	0.000763249
70	2.51383e-09	0.834834	-0.608643	0.000648249	0.579204	0.794657	-7.95383e-05
71	2.51383e-09	0.803091	-0.658278	0.000716511	0.622856	0.758851	0.00104506
72	2.51383e-09	-0.663127	0.799472	0.000789972	-0.756597	-0.625526	-0.00130077
73	2.51383e-09	0.0978652	1.02703	0.000897353	-0.980652	0.0887443	-0.000133122
74	2.51383e-09	-0.159175	-1.01688	-0.0016127	0.97577	-0.153425	-0.00110046
75	2.51383e-09	0.720375	-0.746603	0.000748429	0.705773	0.681266	4.39693e-05
76	2.51383e-09	0.288366	1.01083	-0.000556717	-0.934811	0.269428	-0.000544658
77	2.51383e-09	-0.85174	-0.617129	-0.000102225	0.571979	-0.78979	-0.000918279
78	2.51383e-09	-0.899524	0.536002	-0.00020348	-0.498664	-0.838291	0.00138593
79	2.51383e-09	-1.02112	0.0789035	-0.000764367	-0.0753044	-0.98623	0.000351266
80	2.51383e-09	0.998197	0.294578	0.000304261	-0.281452	0.939836	0.00137102
81	2.51383e-09	-0.965505	-0.399923	-0.000982182	0.375941	-0.902401	0.0016015
82	2.51383e-09	0.725974	0.750096	0.000150993	-0.707975	0.676691	0.000506423
83	2.51383e-09	-1.01621	-0.224714	-0.00147895	0.209569	-0.958177	-0.00167765
84	2.51383e-09	-0.0821938	1.03513	0.000644198	-0.978748	-0.0801954	-0.00155526
85	2.51383e-09	-0.81482	0.641681	-0.000218224	-0.607196	-0.774237	0.00197571
86	2.51383e-09	-0.698404	0.77232	-0.0010315	-0.726818	-0.655814	-0.00131311
87	2.51383e-09	-0.979282	-0.339156	0.000302914	0.320663	-0.928514	-0.00071252
88	2.51383e-09	-0.36247	-0.976757	0.000669003	0.919648	-0.3378	-0.00100586
89	2.51383e-09	0.945801	0.460469	-0.000414482	-0.426156	0.8775	0.000229368
90	2.51383e-09	-1.03934	0.0907763	-0.000209116	-0.08376	-0.975362	-0.00128794
91	2.51383e-09	1.03754	-0.0388308	-0.000849123	0.0372951	0.98232	-7.75753e-05
92	2.51383e-09	0.0129606	-1.05192	0.000402796	0.975279	0.0145778	0.00105136
93	2.51383e-09	-1.03045	0.204711	-0.00116962	-0.193321	-0.957771	0.0016669
94	2.51383e-09	1.04341	0.115453	0.00107413	-0.110319	0.97077	-0.000274887
95	2.51383e-09	0.27427	-1.01196	-0.000273903	0.940691	0.257097	0.00106135
96	2.51383e-09	-1.03229	0.200261	0.00168753	-0.186715	-0.958008	0.00103852
97	2.51383e-09	-0.71437	-0.761559	-0.00400231	0.71383	-0.673241	0.000221065
98	2.51383e-09	0.774127	0.72355	0.00126306	-0.660573	0.71208	0.000123686
99	2.51383e-09	1.03093	-0.238391	-0.000162199	0.219025	0.947504	0.00067476
100	2.51383e-09	1.04919	0.0196072	-0.000161581	-0.0201856	0.977481	0.000429519
101	2.51383e-09	0.368063	0.965904	-0.000491718	-0.91881	0.353445	0.000888761
102	2.51383e-09	0.945127	-0.446337	-0.000675975	0.420115	0.881691	0.00115742
103	2.51383e-09	-0.386183	-0.976945	0.000154765	0.907693	-0.36056	5.68356e-05
104	2.51383e-09	-0.401534	0.982185	0.000120245	-0.900376	-0.363658	0.000771605
105	2.51383e-09	-0.950945	-0.426263	0.000174946	0.40505	-0.895103	0.000221595
106	2.51383e-09	0.0569541	-1.05331	0.00201163	0.971457	0.0518951	-0.001462
107	2.51383e-09	0.94539	-0.467517	-0.000901694	0.432135	0.869893	-0.000282769
108	2.51383e-09	1.05957	0.0911737	-0.000955067	-0.0849977	0.966205	-0.000221878
109	2.51383e-09	-0.279973	-1.02101	0.000270114	0.937678	-0.254309	0.000451372
110	2.51383e-09	-0.211304	1.03533	-0.00194442	-0.953286	-0.195708	-7.66174e-05
111	2.51383e-09	-0.832882	-0.67932	0.00107301	0.607691	-0.745622	-0.000646536
112	2.51383e-09	1.02434	-0.248884	-0.000641612	0.228535	0.946981	0.00064802
113	2.51383e-09	-0.854163	-0.617152	1.26348e-06	0.569119	-0.789335	-0.000975389
114	2.51383e-09	0.393422	-0.986778	0.000338396	0.900218	0.357483	-0.00188481
115	2.51383e-09	0.421902	0.97597	-0.00301894	-0.890749	0.381638	0.000450982
116	2.51383e-09	0.167425	1.04389	0.000135099	-0.959215	0.153075	0.000492902
117	2.51383e-09	-1.00389	-0.331388	0.00093424	0.306054	-0.92387	-0.00135542
118	2.51383e-09	0.404425	0.992728	0.00204942	-0.894699	0.362139	-0.000465532
119	2.51383e-09	-0.215123	1.03509	-0.000136687	-0.951643	-0.196332	0.000485432
120	2.51383e-09	-0.364959	0.989926	0.000349479	-0.914635	-0.336437	0.000339583
121	2.51383e-09	-0.890779	-0.587219	8.97283e-05	0.528682	-0.811203	0.00170458
122	2.51383e-09	-0.933874	0.506902	0.000175387	-0.461884	-0.850602	-0.000139778
123	2.51383e-09	-0.572698	0.886169	-0.000217256	-0.814949	-0.529893	0.000273181
124	2.51383e-09	-0.756946	-0.761122	-0.00100125	0.680919	-0.681115	-0.00155438
125	2.51383e-09	0.882218	-0.592355	-0.00170566	0.542186	0.803473	0.0008935
126	2.51383e-09	0.993849	0.374124	0.00181566	-0.342047	0.90854	0.00047439
127	2.51383e-09	-1.0557	-0.0905084	-0.000555125	0.0839239	-0.96698	0.00122514
128	2.51383e-09	0.23493	-1.0365	0.000897271	0.947688	0.212324	-0.000323345
129	2.51383e-09	0.872385	-0.618101	-0.000965815	0.561206	0.788124	-2.48082e-05
130	2.51383e-09	0.386754	-0.978	-0.00139287	0.906992	0.358648	1.29236e-05
131	2.51383e-09	-0.673213	0.834866	-0.000239449	-0.754684	-0.604692	-0.000105312
132	2.51383e-09	-0.581696	0.906782	0.000562952	-0.810048	-0.518996	0.00105204
133	2.51383e-09	0.985303	-0.39699	0.0014368	0.360979	0.900989	-0.00287775
134	2.51383e-09	0.904585	0.557969	-0.000286671	-0.509508	0.825532	0.00266116
135	2.51383e-09	0.973008	-0.440112	0.000706394	0.398887	0.880682	0.00146189
136	2.51383e-09	0.695596	-0.82276	-0.00302357	0.734501	0.621049	-0.00097303
137	2.51383e-09	0.204273	1.04878	0.00065835	-0.949138	0.183339	-0.00128553
138	2.51383e-09	0.805147	-0.704923	-0.00245763	0.637755	0.728472	-0.000566742
139	2.51383e-09	0.821045	0.679895	0.000356874	-0.614346	0.749099	-0.000635065
140	2.51383e-09	1.07165	0.133986	-0.00160447	-0.119126	0.953596	-0.000425538
141	2.51383e-09	-1.0582	-0.140192	0.000432562	0.128161	-0.957474	0.0019553
142	2.51383e-09	1.05628	0.189567	0.000605734	-0.171878	0.950069	0.00102357
143	2.51383e-09	0.52156	0.938676	-0.00103968	-0.843535	0.467668	0.000362938
144	2.51383e-09	0.504597	0.951916	-0.000605559	-0.852118	0.449218	-0.000709164
145	2.51383e-09	0.468644	0.971696	0.0017313	-0.866991	0.419628	0.000437107
146	2.51383e-09	1.04645	-0.288207	-0.000637367	0.253528	0.926106	-0.000753372
147	2.51383e-09	-1.03135	0.30085	-0.00113049	-0.274224	-0.92716	0.000658016
148	2.51383e-09	0.0487027	-1.07775	0.0015405	0.961057	0.0468153	0.00108191
149	2.51383e-09	0.332847	-1.02053	0.000937316	0.919511	0.291637	0.000286944
150	2.51383e-09	0.656694	0.838103	-0.00121453	-0.761918	0.600271	0.000740391
151	2.51383e-09	0.486385	0.968498	0.000309935	-0.856301	0.431381	-0.00101512
152	2.51383e-09	-1.04635	-0.230235	0.0018245	0.207447	-0.944227	0.00294444
153	2.51383e-09	-0.674781	-0.847902	-0.000318436	0.753533	-0.594758	0.000515397
154	2.51383e-09	-1.05108	0.299608	0.00092045	-0.263142	-0.918583	-7.59309e-06
155	2.51383e-09	1.07457	0.0521336	0.00133962	-0.0501667	0.96309	0.00209001
156	2.51383e-09	1.03097	0.317801	0.00159673	-0.28755	0.92025	0.000419152
157	2.51383e-09	-0.734535	-0.789968	-0.000386334	0.705426	-0.656481	-0.000643163
158	2.51383e-09	-1.06938	-0.13459	0.000595057	0.120052	-0.955565	0.000847319
159	2.51383e-09	-1.07775	-0.0148334	0.002359	0.0124527	-0.962844	-1.10148e-05
160	2.51383e-09	-0.720068	-0.802668	0.000524621	0.719381	-0.641874	0.000103101
161	2.51383e-09	0.271622	-1.05799	-0.000398687	0.92694	0.235337	2.67441e-05
162	2.51383e-09	-1.07601	-0.13363	-0.000805797	0.114965	-0.952824	-0.000870804
163	2.51383e-09	-0.348481	1.01811	-0.000569303	-0.912431	-0.312504	-0.00210153
164	2.51383e-09	-1.04738	0.228965	0.000697092	-0.206132	-0.943052	-0.000911228
165	2.51383e-09	0.446838	-0.991023	0.00113149	0.872964	0.395683	-0.00199254
166	2.51383e-09	-0.744054	-0.793748	0.000562808	0.699952	-0.6541	-0.000301221
167	2.51383e-09	-0.714791	-0.811289	-0.00157303	0.724892	-0.634858	0.00227326
168	2.51383e-09	0.654877	0.858413	-0.00194151	-0.76777	0.578612	0.00109116
169	2.51383e-09	0.966262	0.488507	0.00102047	-0.430554	0.859532	-0.000661171
170	2.51383e-09	-0.811491	-0.729789	0.00189279	0.643512	-0.710201	0.00276497
171	2.51383e-09	0.60654	-0.905817	0.000471922	0.796634	0.530308	0.00310953
172	2.51383e-09	-1.06648	0.275751	0.000533955	-0.236997	-0.922364	0.00129737
173	2.51383e-09	1.08991	0.151156	0.000635163	-0.132928	0.944288	0.000923571
174	2.51383e-09	-1.00161	-0.466583	0.000524599	0.399761	-0.860723	-0.00167973
175	2.51383e-09	1.08897	-0.0294134	0.000572691	0.0265883	0.959244	0.000725272
176	2.51383e-09	-0.792102	0.715624	-0.000920994	-0.649278	-0.71895	-0.000295476
177	2.51383e-09	0.361258	-1.03018	0.000255463	0.904208	0.317028	-0.000548896
178	2.51383e-09	1.09347	0.0534266	-0.00171306	-0.0457822	0.95432	0.000576335
179	2.51383e-09	-0.765047	-0.775438	-0.00142093	0.681626	-0.673496	-0.000795402
180	2.51383e-09	-0.995731	0.43696	0.00245665	-0.384849	-0.877544	-0.000351336
181	2.51383e-09	-0.111302	-1.08142	-0.000185234	0.954848	-0.0997524	0.000634377
182	2.51383e-09	-0.896688	0.605454	-0.0007596	-0.540845	-0.796379	0.00202277
183	2.51383e-09	0.976317	0.52233	0.00148772	-0.446631	0.838692	-0.0013788
184	2.51383e-09	0.35861	1.04249	0.000651932	-0.899214	0.309595	0.000143992
185	2.51383e-09	0.386309	-1.02571	-0.00185193	0.893724	0.336394	-0.00107482
186	2.51383e-09	0.716627	-0.815333	-0.000915483	0.725086	0.630098	-0.000397395
187	2.51383e-09	-1.09029	0.0351559	-0.000530442	-0.0298406	-0.956363	0.000680671
188	2.51383e-09	-0.887519	0.634516	-0.00104215	-0.557022	-0.780372	7.9056e-05
189	2.51383e-09	1.08534	0.141205	0.0024411	-0.127268	0.946286	9.77455e-05
190	2.51383e-09	-0.937611	-0.576622	-0.00124669	0.498072	-0.812105	8.67166e-05
191	2.51383e-09	0.71912	0.828827	0.00167395	-0.722921	0.623492	-0.00106365
192	2.51383e-09	-0.107929	-1.10126	-4.76642e-05	0.944137	-0.093574	0.000567009
193	2.51383e-09	-0.532385	0.962137	-0.000889143	-0.835682	-0.461262	0.000233327
194	2.51383e-09	-0.949559	0.566049	0.00165636	-0.487192	-0.817161	-0.000451591
195	2.51383e-09	-0.222819	-1.07269	-0.00339127	0.934977	-0.190269	-0.000792184
196	2.51383e-09	0.400526	-1.02364	0.000595261	0.886694	0.35014	-0.000860701
197	2.51383e-09	-0.655705	0.870902	0.00116044	-0.762922	-0.579315	0.000294088
198	2.51383e-09	-0.00241449	1.11278	0.00105265	-0.948461	0.00316695	0.00101566
199	2.51383e-09	-0.542684	0.952562	-3.72581e-05	-0.830258	-0.474377	-3.53714e-05
200	2.51383e-09	0.716559	0.851345	0.0025706	-0.724879	0.60994	0.000701481
201	2.51383e-09	-1.06417	0.319296	0.000227212	-0.26593	-0.908841	-0.000517729
202	2.51383e-09	-0.981744	0.503696	0.000475689	-0.437374	-0.845816	3.12439e-05
203	2.51383e-09	1.09029	0.0539609	0.00106549	-0.0457896	0.956716	-0.00100102
204	2.51383e-09	-0.266153	-1.07132	0.00100622	0.923853	-0.22664	-0.00162128
205	2.51383e-09	-1.09201	0.193241	-0.00117268	-0.163957	-0.935487	-0.000255106
206	2.51383e-09	-1.04291	-0.344942	0.00325353	0.300782	-0.906308	0.000137602
207	2.51383e-09	0.0232071	1.10425	-0.00119539	-0.951053	0.0162382	-0.000848851
208	2.51383e-09	0.427882	1.02778	0.000108528	-0.876771	0.363048	-0.000575587
209	2.51383e-09	-0.851127	0.678958	0.000981812	-0.599529	-0.750296	0.00096825
210	2.51383e-09	-0.141674	1.09824	-0.000530678	-0.942674	-0.120566	0.00036276
211	2.51383e-09	0.843567	0.718518	-0.00105829	-0.61893	0.720089	0.000419965
212	2.51383e-09	0.0296616	1.12003	-0.000707431	-0.942505	0.0249298	0.000980524
213	2.51383e-09	-0.738133	-0.813134	-0.000359486	0.704943	-0.642795	-0.000932309
214	2.51383e-09	0.814102	-0.741212	-0.00157574	0.644077	0.703705	-0.000287633
215	2.51383e-09	0.951059	0.571775	-0.00279521	-0.489881	0.813772	0.000158407
216	2.51383e-09	1.06269	-0.312258	-0.000547441	0.26795	0.910316	0.000547097
217	2.51383e-09	-0.629254	0.921525	-0.000681106	-0.783802	-0.529082	-1.29447e-05
218	2.51383e-09	0.809664	-0.74498	-0.000386426	0.645395	0.702549	0.000744541
219	2.51383e-09	0.213127	1.10028	0.000749844	-0.926554	0.181352	-0.00141083
220	2.51383e-09	1.11746	0.0487197	0.0012025	-0.0406027	0.942134	-0.000874114
221	2.51383e-09	-0.681523	0.878155	-0.000938943	-0.751821	-0.579728	0.000461988
222	2.51383e-09	0.904508	-0.661695	0.00107936	0.560205	0.760537	0.00167298
223	2.51383e-09	-0.97761	0.541105	-0.000814461	-0.459966	-0.826033	-0.000444721
224	2.51383e-09	0.990213	-0.510065	0.00109322	0.435057	0.841181	0.000405902
225	2.51383e-09	0.544115	0.971288	0.00154564	-0.825542	0.462851	-0.000450926
226	2.51383e-09	-1.12291	-0.0597383	-0.000631721	0.0493211	-0.941817	-0.00110867
227	2.51383e-09	-1.10821	-0.114822	-0.00117843	0.0960759	-0.941368	0.000328137
228	2.51383e-09	0.657939	-0.901861	-0.000448477	0.764364	0.558166	0.000889102
229	2.51383e-09	-0.989554	-0.544516	-5.14839e-05	0.454512	-0.825584	-0.00157024
230	2.51383e-09	-0.534168	-0.990927	-0.00123847	0.830584	-0.44769	0.00073143
231	2.51383e-09	-0.274154	-1.10062	0.00216333	0.911752	-0.224245	0.00126485
232	2.51383e-09	-1.10393	-0.0558766	0.00229494	0.0503062	-0.951137	0.00123768
233	2.51383e-09	-1.11323	-0.00233524	0.00146214	-0.000129826	-0.949464	-0.000196476
234	2.51383e-09	0.881599	0.680713	-0.00211304	-0.579492	0.749834	0.000939576
235	2.51383e-09	0.742234	0.843803	-0.00232949	-0.70848	0.623403	-0.000823624
236	2.51383e-09	-0.996387	-0.521385	0.00133912	0.436036	-0.837158	0.00151873
237	2.51383e-09	-0.861183	0.714895	-0.0013428	-0.60197	-0.729892	0.00025188
238	2.51383e-09	1.10391	-0.200754	-0.00224611	0.172037	0.928601	-0.000301805
239	2.51383e-09	-0.55768	-0.96331	0.00207513	0.822127	-0.472644	0.000334863
240	2.51383e-09	0.965821	-0.585159	0.00200909	0.486327	0.807291	-0.00109842
241	2.51383e-09	0.578505	-0.962338	-0.00189314	0.806769	0.489736	-0.000393203
242	2.51383e-09	0.135197	1.13498	0.00196552	-0.928278	0.110004	0.00181191
243	2.51383e-09	0.742846	0.848145	-0.00096019	-0.710057	0.617832	0.000836367
244	2.51383e-09	1.05564	-0.387859	0.000398671	0.322631	0.885814	5.27648e-05
245	2.51383e-09	0.902523	-0.669303	0.00107289	0.564069	0.758271	-0.000794026
246	2.51383e-09	-0.5399	0.991711	-0.000166032	-0.823708	-0.450637	-0.00157453
247	2.51383e-09	-0.788252	0.78598	0.00148168	-0.667361	-0.672691	-0.00135501
248	2.51383e-09	0.801089	0.762451	-0.00132967	-0.656119	0.693032	0.000132311
249	2.51383e-09	-0.461157	1.0197	0.00121242	-0.861984	-0.387401	-0.000663713
250	2.51383e-09	1.112	0.157808	0.000394452	-0.131429	0.934541	0.000629552
251	2.51383e-09	0.893727	0.703071	0.000545116	-0.577416	0.738963	-0.00194504
252	2.51383e-09	-0.844981	-0.74427	0.000877591	0.620667	-0.710696	0.000936294
253	2.51383e-09	-1.09654	0.265233	-0.000790181	-0.222377	-0.913651	0.00171023
254	2.51383e-09	0.981452	0.540029	-0.000194979	-0.457209	0.825368	0.000983069
255	2.51383e-09	-0.66503	-0.910654	0.00243865	0.760172	-0.558231	0.000383449
256	2.51383e-09	0.892462	-0.701058	-0.00149633	0.579465	0.736919	-0.000968871
257	2.51383e-09	-0.44568	1.03805	0.000110632	-0.865133	-0.370211	-0.000889649
258	2.51383e-09	1.04467	0.439186	0.00104755	-0.36363	0.864885	0.000223374
259	2.51383e-09	1.10058	-0.210155	0.00148915	0.178593	0.928497	0.000446544
260	2.51383e-09	1.13208	0.130405	-0.00243096	-0.10903	0.927483	-0.000194242
261	2.51383e-09	0.0859671	-1.13448	0.000112483	0.936463	0.0719202	-0.000505564
262	2.51383e-09	0.987457	-0.548566	-0.000105157	0.455037	0.823063	0.000239292
263	2.51383e-09	-0.943764	0.632665	-3.94151e-05	-0.523119	-0.779315	-0.000581695
264	2.51383e-09	1.00985	-0.492765	0.000178951	0.416472	0.848013	0.00066548
265	2.51383e-09	1.14401	-0.0777339	0.00150573	0.0666556	0.930791	-0.000559718
266	2.51383e-09	-0.845458	0.757219	0.00112001	-0.627741	-0.699906	0.00149743
267	2.51383e-09	-0.0479972	1.12835	0.00149049	-0.939677	-0.0433212	-0.00157924
268	2.51383e-09	0.317209	-1.08694	0.000677653	0.8999	0.267769	-0.00016591
269	2.51383e-09	0.944345	0.627419	-0.000890072	-0.519925	0.783019	-0.00123871
270	2.51383e-09	-0.926006	0.659065	-0.000870233	-0.542388	-0.764304	-0.000651726
271	2.51383e-09	0.183598	1.12534	-0.000918963	-0.925701	0.149824	0.000883935
272	2.51383e-09	0.340881	-1.09368	0.00066804	0.889267	0.281833	0.00079932
273	2.51383e-09	-1.06377	-0.39986	7.0787e-05	0.330507	-0.879456	0.00015049
274	2.51383e-09	0.509839	-1.01746	-0.00153981	0.835836	0.42232	7.02879e-05
275	2.51383e-09	0.92465	-0.655315	-6.57568e-05	0.544738	0.767792	-0.00158402
276	2.51383e-09	-0.0332691	1.13515	-9.27067e-08	-0.938926	-0.0270606	0.000402547
277	2.51383e-09	-1.06486	0.392859	9.52321e-05	-0.324345	-0.882577	-0.000660848
278	2.51383e-09	-0.0917152	-1.13696	0.000741836	0.934185	-0.0789367	0.00161109
279	2.51383e-09	1.04914	0.449253	-0.000516892	-0.366166	0.862378	-1.5858e-05
280	2.51383e-09	-0.988232	0.579207	-0.00150988	-0.474006	-0.806634	-0.000484577
281	2.51383e-09	0.0971794	1.13884	-0.000214137	-0.932548	0.0795841	0.000584033
282	2.51383e-09	-0.0984363	1.13961	0.000312352	-0.931894	-0.0762601	0.000532531
283	2.51383e-09	1.14101	0.142859	-0.000460573	-0.116537	0.924367	4.4165e-05
284	2.51383e-09	-0.502322	-1.03281	-0.00187039	0.837952	-0.407675	0.000185038
285	2.51383e-09	1.15169	-0.0286532	0.000499996	0.0210997	0.930882	-0.00135493
286	2.51383e-09	-0.458216	-1.048	-0.000314088	0.855262	-0.375669	0.00198305
287	2.51383e-09	-0.063484	1.14399	0.000498253	-0.932897	-0.0509936	-0.000995147
288	2.51383e-09	-1.13339	0.203356	-0.000129541	-0.16507	-0.915405	-0.000542936
289	2.51383e-09	-0.289609	1.11737	-0.00238661	-0.901653	-0.233407	-0.00210598
290	2.51383e-09	-0.530592	1.01792	0.000600319	-0.825587	-0.432109	0.000367932
291	2.51383e-09	-1.01275	-0.553944	0.00263571	0.44269	-0.817755	0.00034716
292	2.51383e-09	-1.11562	-0.307643	0.000938922	0.248882	-0.893625	-0.000241792
293	2.51383e-09	-1.12989	0.207696	0.000804132	-0.169814	-0.915824	-0.000542507
294	2.51383e-09	1.01937	-0.536346	0.00176721	0.434298	0.824289	-0.00174486
295	2.51383e-09	-1.12758	-0.205709	-0.000447822	0.16642	-0.918933	-0.000278959
296	2.51383e-09	1.12334	0.250453	-3.19152e-06	-0.202166	0.909863	-0.000424979
297	2.51383e-09	0.856757	0.76314	0.00244137	-0.621412	0.696859	-0.002468
298	2.51383e-09	-0.766464	0.867023	0.000786694	-0.697332	-0.614123	0.000390602
299	2.51383e-09	1.10156	0.342243	0.0015024	-0.279922	0.887651	-0.000526751
300	2.51383e-09	0.976975	-0.629637	0.000152418	0.504432	0.778755	-0.000284386
301	2.51383e-09	-0.944875	-0.664057	0.000427897	0.539239	-0.760752	-0.000817289
302	2.51383e-09	1.08852	-0.394644	-0.00168381	0.318858	0.874279	6.07324e-05
303	2.51383e-09	0.444271	-1.06721	0.0012983	0.859873	0.354832	-1.64691e-05
304	2.51383e-09	-1.04423	0.509286	-0.00350042	-0.407739	-0.832063	-0.000696555
305	2.51383e-09	0.949228	-0.661921	-0.00217172	0.532862	0.760092	0.00033016
306	2.51383e-09	-0.82966	-0.79758	0.000660808	0.644982	-0.673042	-0.000308981
307	2.51383e-09	-0.824941	-0.800107	-0.00128102	0.652857	-0.670843	-7.57746e-05
308	2.51383e-09	0.486137	1.05566	0.00105499	-0.841782	0.388299	0.00190281
309	2.51383e-09	1.11691	0.273828	-0.000776126	-0.221716	0.904866	-0.000607503
310	2.51383e-09	0.573402	-0.998134	-0.00127845	0.808851	0.463343	0.00114451
311	2.51383e-09	-0.973538	0.628739	0.00038963	-0.505095	-0.778869	-0.00101936
312	2.51383e-09	-1.15274	-0.180984	-0.000455253	0.146507	-0.914058	0.000248348
313	2.51383e-09	-0.656363	0.95149	0.00311327	-0.764433	-0.529497	0.000790381
314	2.51383e-09	1.15599	-0.0243876	-0.00143212	0.0208698	0.930355	-0.000623752
315	2.51383e-09	-0.114683	1.15372	-0.00118829	-0.925439	-0.0896108	0.000147184
316	2.51383e-09	-1.16579	0.00223392	-0.00111993	-0.000151845	-0.924395	-0.00116455
317	2.51383e-09	1.14901	-0.179446	0.00137393	0.141131	0.917386	-0.00127426
318	2.51383e-09	0.613131	-0.983134	-0.00141191	0.789835	0.489934	-0.000602229
319	2.51383e-09	-0.695266	0.928461	-0.00113507	-0.742858	-0.559575	6.71436e-05
320	2.51383e-09	1.03541	-0.542936	-9.77218e-05	0.426044	0.820296	0.000736289
321	2.51383e-09	-0.975704	0.630219	0.000565817	-0.503571	-0.778882	0.000725457
322	2.51383e-09	-0.559047	1.02232	-0.000100938	-0.814113	-0.443318	0.00169205
323	2.51383e-09	0.934995	0.701353	-0.00111119	-0.557067	0.739553	0.000995105
324	2.51383e-09	-0.930612	0.71391	0.000712038	-0.567108	-0.730345	-0.00071207
325	2.51383e-09	-0.246335	-1.13865	0.00112699	0.904949	-0.195094	-0.000583025
326	2.51383e-09	0.412111	-1.09207	0.0020054	0.865743	0.325202	-0.000567638
327	2.51383e-09	-1.12136	-0.327064	-0.00165439	0.258707	-0.88842	-0.000716434
328	2.51383e-09	1.15441	-0.078503	-0.000539429	0.0605132	0.929759	-0.000707645
329	2.51383e-09	1.17087	0.202012	0.000387874	-0.153029	0.905085	-0.0001506
330	2.51383e-09	-0.905761	-0.732688	0.000215256	0.583241	-0.720577	0.00107918
331	2.51383e-09	-0.00729339	-1.16435	-0.000106197	0.928715	-0.0111493	-0.000480665
332	2.51383e-09	0.67461	-0.955104	-0.000157284	0.754788	0.532263	-0.0021784
333	2.51383e-09	-1.16311	-0.151298	0.00102792	0.1185	-0.916471	-0.00150544
334	2.51383e-09	1.00373	-0.605622	0.000828197	0.477229	0.789947	0.000954942
335	2.51383e-09	1.14578	0.255389	0.00218535	-0.198452	0.903083	0.00073508
336	2.51383e-09	0.609347	1.00378	-0.00128157	-0.79145	0.474818	2.59549e-05
337	2.51383e-09	-0.593709	-1.01247	-0.000512537	0.796275	-0.467339	0.000685076
338	2.51383e-09	-1.14763	-0.182013	-0.00197318	0.14364	-0.917194	0.000134838
339	2.51383e-09	-0.839427	0.8376	-0.000498057	-0.648582	-0.651416	0.000384924
340	2.51383e-09	1.10042	-0.441123	-0.000294448	0.34283	0.852032	-0.000239117
341	2.51383e-09	0.0397234	1.18222	0.000298379	-0.918045	0.0263328	-0.000283683
342	2.51383e-09	-1.0217	-0.568986	-0.00105379	0.449495	-0.808382	0.00121807
343	2.51383e-09	-1.07243	-0.470338	0.000843368	0.369006	-0.846933	-0.00130747
344	2.51383e-09	1.07064	0.477642	0.0014537	-0.377317	0.844699	0.00021083
345	2.51383e-09	-0.107881	-1.17099	-8.72327e-05	0.918258	-0.0851739	-0.00131312
346	2.51383e-09	0.825638	-0.820584	-0.000850402	0.654005	0.657469	-0.000106128
347	2.51383e-09	0.925883	0.719712	-0.0023022	-0.567076	0.728386	-0.000285001
348	2.51383e-09	0.531668	1.05584	0.000836893	-0.82038	0.413272	0.000589521
349	2.51383e-09	0.434762	1.09363	-0.000824193	-0.855007	0.346635	-0.000656124
350	2.51383e-09	-1.16115	-0.192643	0.000690302	0.156613	-0.908189	-0.00034176
351	2.51383e-09	-0.145354	-1.17986	0.0016633	0.907934	-0.111564	0.00120766
352	2.51383e-09	-0.910818	-0.75173	0.00267571	0.584763	-0.711017	0.000974151
353	2.51383e-09	0.821947	-0.854394	0.000407921	0.661752	0.63514	0.000864748
354	2.51383e-09	0.304986	-1.14617	0.00076162	0.887468	0.238819	-0.00136811
355	2.51383e-09	1.13334	0.296938	0.000556278	-0.234092	0.893263	0.000670037
356	2.51383e-09	-0.363686	-1.12779	-0.00136697	0.874931	-0.279513	0.000374133
357	2.51383e-09	-1.18169	0.0599456	0.00107283	-0.0463702	-0.918051	0.00155277
358	2.51383e-09	0.991019	-0.664306	0.00161737	0.511685	0.757508	-0.000390964
359	2.51383e-09	0.260941	1.15621	-0.000758	-0.897289	0.200725	0.000169399
360	2.51383e-09	0.190316	-1.16045	0.00067918	0.911248	0.145294	-1.41991e-05
361	2.51383e-09	-0.548176	-1.04845	0.000627708	0.814983	-0.425721	-0.00176447
362	2.51383e-09	0.905158	0.756644	0.000712445	-0.592389	0.705304	-0.00122164
363	2.51383e-09	0.0732618	1.17677	0.0013699	-0.917787	0.0571209	-0.000367202
364	2.51383e-09	0.83062	0.825884	0.00120259	-0.655223	0.652632	-0.000128943
365	2.51383e-09	-1.08952	0.487163	0.000937608	-0.373575	-0.834005	9.87268e-05
366	2.51383e-09	-1.14875	-0.309353	-0.000574276	0.238576	-0.884769	0.000878776
367	2.51383e-09	1.15294	-0.266639	0.00058933	0.207106	0.896977	-0.00121457
368	2.51383e-09	-0.0480517	-1.19689	-0.0014208	0.912016	-0.0359277	-0.00138589
369	2.51383e-09	-0.806802	-0.883432	0.00232748	0.67386	-0.617595	-5.11961e-05
370	2.51383e-09	-0.733198	0.925878	0.000392509	-0.720877	-0.572376	0.000183846
371	2.51383e-09	0.489169	-1.08985	0.00204362	0.834508	0.374999	0.00162489
372	2.51383e-09	-1.19703	0.0376621	0.00171126	-0.0276009	-0.912081	-0.00123999
373	2.51383e-09	0.586189	-1.032	0.00107888	0.799681	0.45273	-4.20839e-05
374	2.51383e-09	0.0963422	1.19672	0.000677533	-0.909002	0.0763101	-0.000384849
375	2.51383e-09	1.15576	0.289962	-0.000255096	-0.220983	0.890033	-0.00030297
376	2.51383e-09	-1.09171	0.468009	0.00126638	-0.360839	-0.84402	-0.000106777
377	2.51383e-09	0.92234	-0.758859	0.000120171	0.584484	0.701385	0.000941058
378	2.51383e-09	-1.15927	0.296475	0.000625734	-0.225471	-0.886781	0.00111688
379	2.51383e-09	-1.16202	0.272047	-0.00168391	-0.202747	-0.890569	-0.000341923
380	2.51383e-09	-0.762902	-0.920132	-0.000961291	0.704672	-0.583671	-0.000667841
381	2.51383e-09	1.16451	-0.222143	-0.000172237	0.172342	0.903043	-0.00104031
382	2.51383e-09	0.761123	0.912252	-0.000717482	-0.703529	0.588788	-7.51087e-05
383	2.51383e-09	1.16764	0.211561	0.00122084	-0.16183	0.903273	0.00139408
384	2.51383e-09	1.19156	0.126282	0.00264332	-0.100438	0.90925	-0.00196268
385	2.51383e-09	0.23938	1.16875	0.00124828	-0.897519	0.185386	0.00089244
386	2.51383e-09	0.440089	1.11592	-0.000354198	-0.849906	0.337795	9.47177e-05
387	2.51383e-09	-1.1664	0.274553	-0.00123117	-0.209853	-0.889412	-0.000644383
388	2.51383e-09	0.446486	1.11464	0.000152828	-0.847523	0.3389	0.000932447
389	2.51383e-09	-0.864153	-0.823889	0.000751296	0.632057	-0.6625	-0.00133783
390	2.51383e-09	0.68874	-0.980752	-0.000794328	0.747966	0.522559	8.18974e-05
391	2.51383e-09	-0.916195	0.778919	0.00153616	-0.589902	-0.695825	0.000703682
392	2.51383e-09	-0.308905	1.1624	-0.00160282	-0.881885	-0.232921	-3.37332e-05
393	2.51383e-09	0.909215	-0.792323	0.00169059	0.601202	0.684485	-0.00095168
394	2.51383e-09	1.15172	0.336857	-0.00108721	-0.256165	0.876228	-0.000778416
395	2.51383e-09	1.06299	-0.557301	0.00103538	0.426375	0.807202	-0.0016591
396	2.51383e-09	1.19086	-0.166663	0.000747263	0.122051	0.90226	0.000161612
397	2.51383e-09	0.715435	-0.972326	-0.00159551	0.735327	0.537663	0.000717055
398	2.51383e-09	-0.957125	-0.729225	0.00183706	0.552398	-0.726361	-0.000338249
399	2.51383e-09	-1.1774	-0.252832	0.000723521	0.19024	-0.89002	-0.00119057
400	2.51383e-09	0.975586	-0.709531	-0.00088817	0.537059	0.735534	0.000994969
