2.623000e+03
401
0	1	0.000121203	7.51646e-05	-1.10718e-07	3.56432e-08	-1.39125e-09	-3.9202e-12
1	2.51383e-09	-0.990917	0.154128	-0.000354783	-0.149136	-0.986478	-0.00100513
2	2.51383e-09	0.273959	0.970605	0.000160848	-0.957983	0.268575	-0.000439056
3	2.51383e-09	0.0521437	0.99787	0.00117642	-0.999222	0.0519915	-0.000633686
4	2.51383e-09	-0.747441	-0.663378	-2.55679e-05	0.66217	-0.748792	-0.000846978
5	2.51383e-09	0.195265	0.982794	-0.000780471	-0.980005	0.194009	0.0019988
6	2.51383e-09	0.976303	-0.251784	-9.00566e-05	0.250155	0.963336	-0.00101308
7	2.51383e-09	0.901909	-0.425562	-0.000527577	0.427974	0.906389	-0.000393793
8	2.51383e-09	-0.712846	0.706954	0.000455699	-0.699435	-0.709241	-0.00046857
9	2.51383e-09	0.717912	0.693031	0.000671419	-0.696517	0.721637	0.000211723
10	2.51383e-09	-0.115273	0.991715	-0.000633961	-0.994243	-0.119461	0.000593316
11	2.51383e-09	-1.00238	-0.0402038	0.00103356	0.0389765	-0.997666	-0.000428909
12	2.51383e-09	-1.00542	-0.143229	0.000240215	0.142386	-0.982353	-0.000168006
13	2.51383e-09	0.745776	0.686714	-0.00107963	-0.675682	0.725811	0.00170073
14	2.51383e-09	-0.524886	0.86787	0.00105256	-0.844888	-0.517082	-0.000687591
15	2.51383e-09	0.95447	-0.327882	-0.0011122	0.329808	0.937963	-0.000860199
16	2.51383e-09	0.826252	-0.566846	0.000985761	0.563841	0.824988	-0.00114914
17	2.51383e-09	0.997061	0.0200784	0.001703	-0.0201374	1.00204	-0.000586919
18	2.51383e-09	0.355606	-0.944636	-0.000263884	0.934165	0.344376	-0.000796773
19	2.51383e-09	-0.894985	0.474174	0.00208343	-0.468942	-0.876701	1.73288e-05
20	2.51383e-09	-0.95864	0.373784	0.00168335	-0.362907	-0.916138	0.00107752
21	2.51383e-09	-0.341807	0.949136	0.000686479	-0.940273	-0.333646	-0.00162258
22	2.51383e-09	-0.700741	0.732529	-0.00118751	-0.720163	-0.684148	-0.000423627
23	2.51383e-09	0.894806	-0.47125	0.00133082	0.467343	0.879751	-0.00067986
24	2.51383e-09	1.01558	-0.00264086	-0.000424634	-0.00100416	0.994153	-0.00125335
25	2.51383e-09	-0.0781503	1.01586	-0.00137917	-0.988006	-0.0763777	0.00272174
26	2.51383e-09	0.945257	0.34442	0.000315808	-0.343816	0.937062	0.000913229
27	2.51383e-09	-0.397152	-0.932229	0.00150417	0.910161	-0.39174	0.000969979
28	2.51383e-09	0.984459	-0.238908	-0.000259441	0.231745	0.967034	-0.00188025
29	2.51383e-09	0.99416	0.237875	0.00060804	-0.227814	0.962876	0.00189511
30	2.51383e-09	-1.00534	0.0888836	-0.00111583	-0.0854105	-0.992484	0.00205612
31	2.51383e-09	-0.116211	-1.00206	-0.00047126	0.988899	-0.113416	-0.00114585
32	2.51383e-09	0.948468	-0.348324	0.000903793	0.34293	0.933814	0.000410477
33	2.51383e-09	0.962862	-0.347501	-0.0013183	0.33541	0.929072	0.000511556
34	2.51383e-09	0.559103	-0.865547	0.00105429	0.827124	0.5346	-0.00145469
35	2.51383e-09	0.078087	1.0179	0.00088152	-0.984745	0.0724593	-0.00137971
36	2.51383e-09	-0.261215	-0.98316	-0.000863003	0.958619	-0.25421	0.000864443
37	2.51383e-09	-0.701902	0.743493	-0.000262163	-0.721761	-0.673948	0.000774404
38	2.51383e-09	0.910699	0.433531	-0.00119006	-0.429773	0.899239	-2.59776e-05
39	2.51383e-09	-0.991648	-0.192864	0.00153423	0.195073	-0.976158	0.00089597
40	2.51383e-09	0.712902	-0.71951	0.00149951	0.705364	0.697998	-0.000368065
41	2.51383e-09	-0.262251	0.985891	0.00093137	-0.956084	-0.252978	-0.00207805
42	2.51383e-09	-0.538271	-0.873385	0.000142584	0.840841	-0.519026	-0.00124742
43	2.51383e-09	1.02442	-0.0174463	0.000421949	0.0173607	0.985373	-0.00050192
44	2.51383e-09	-1.02365	0.104451	-0.00143568	-0.0943492	-0.981627	0.00105027
45	2.51383e-09	0.419068	-0.931771	-0.000928114	0.904271	0.404946	-0.00105089
46	2.51383e-09	1.00439	-0.232323	0.0010813	0.221532	0.958069	0.000743317
47	2.51383e-09	-0.976517	-0.287434	0.000161682	0.278633	-0.950285	0.000955468
48	2.51383e-09	-0.328194	0.97027	0.000704935	-0.934861	-0.319074	3.64625e-05
49	2.51383e-09	0.822575	-0.612872	0.000231967	0.591344	0.79229	0.000956926
50	2.51383e-09	0.948826	-0.389452	0.000408801	0.373854	0.914118	-0.0022425
51	2.51383e-09	0.752328	0.675757	-5.18464e-06	-0.665668	0.741691	0.000356393
52	2.51383e-09	0.96913	-0.360809	0.000238874	0.344307	0.921184	0.000542903
53	2.51383e-09	-0.96077	-0.343401	0.00115524	0.331984	-0.933662	0.00057453
54	2.51383e-09	0.25672	0.9859	-1.35748e-05	-0.95976	0.245496	-0.000209398
55	2.51383e-09	-0.830228	0.625912	-0.000340192	-0.588871	-0.781505	0.000623937
56	2.51383e-09	-0.891355	-0.502889	0.00158796	0.481798	-0.864439	-0.00131221
57	2.51383e-09	0.0910296	1.02748	-0.000502858	-0.982296	0.0869801	0.0011609
58	2.51383e-09	-0.145006	-1.02562	-0.000256108	0.972428	-0.135444	-0.00151211
59	2.51383e-09	0.915201	0.444846	0.00106284	-0.436412	0.892744	-0.00035498
60	2.51383e-09	-1.00756	-0.15367	-0.00277563	0.147583	-0.980778	-4.99078e-05
61	2.51383e-09	-0.512844	0.908597	0.000984537	-0.852958	-0.47695	0.00100058
62	2.51383e-09	-1.02553	0.0644667	0.00154079	-0.0594963	-0.984359	-0.000142953
63	2.51383e-09	0.994819	-0.264861	-0.00100699	0.250997	0.951727	-0.000518435
64	2.51383e-09	-0.532149	-0.879107	-0.0014623	0.845959	-0.508228	0.000832427
65	2.51383e-09	-1.02297	0.167619	-0.00176856	-0.156749	-0.968578	-0.00100783
66	2.51383e-09	-0.762175	-0.695602	-0.00164808	0.665355	-0.722485	-0.000907351
67	2.51383e-09	-1.00976	-0.249305	-0.00175203	0.233804	-0.951926	-0.00107298
68	2.51383e-09	0.957919	0.376607	0.000359307	-0.361279	0.918092	-0.00234461
69	2.51383e-09	0.676353	0.781258	0.000970622	-0.745418	0.641583	0.0014234
70	2.51383e-09	0.84836	0.585893	-0.00240079	-0.557449	0.811247	2.29551e-05
71	2.51383e-09	0.25944	-1.00555	0.000414752	0.950333	0.245802	0.000917419
72	2.51383e-09	-0.288815	-1.01408	0.000794858	0.932466	-0.270889	0.000953815
73	2.51383e-09	0.939074	0.441756	0.000643828	-0.418429	0.886212	-0.00126783
74	2.51383e-09	-0.197798	1.02068	0.000732314	-0.961114	-0.187951	-0.00118869
75	2.51383e-09	-1.02437	0.132334	-0.000296122	-0.126458	-0.976811	-0.000364455
76	2.51383e-09	0.324304	-0.996315	-0.00145979	0.929513	0.301855	-0.000772223
77	2.51383e-09	0.678903	-0.796901	5.17337e-05	0.744759	0.632837	0.000253461
78	2.51383e-09	0.407309	0.956171	0.00247999	-0.901101	0.387733	0.000192554
79	2.51383e-09	-0.731179	0.723584	-0.00274082	-0.696414	-0.699882	0.00031786
80	2.51383e-09	0.998225	0.305517	-0.000177548	-0.289255	0.935812	0.00148562
81	2.51383e-09	0.30847	-0.993745	0.00133247	0.935747	0.294082	-0.000151985
82	2.51383e-09	-0.276474	-1.01126	0.00115051	0.940195	-0.261854	-0.000683351
83	2.51383e-09	-0.815041	-0.646434	-0.00254933	0.607748	-0.770771	0.000681481
84	2.51383e-09	0.782506	-0.691485	0.00232094	0.647553	0.731108	0.000504835
85	2.51383e-09	0.591969	-0.846606	-0.00214077	0.808024	0.561638	-0.000533527
86	2.51383e-09	-1.04721	-0.00176268	-0.000503362	0.00290584	-0.97575	0.000107514
87	2.51383e-09	0.339764	-0.981692	0.000349339	0.925045	0.323609	3.80165e-06
88	2.51383e-09	0.0817081	1.03756	0.00131728	-0.977679	0.0791333	0.0006725
89	2.51383e-09	0.918717	-0.528938	-0.000289879	0.48706	0.839544	0.000349044
90	2.51383e-09	-0.864796	0.584969	-0.000642257	-0.548423	-0.810938	-0.00107782
91	2.51383e-09	0.674388	-0.794125	-0.0010142	0.747057	0.636309	0.00025233
92	2.51383e-09	0.860094	0.604693	-0.000959017	-0.559657	0.799455	-0.000267428
93	2.51383e-09	-1.04149	-0.172881	0.00191567	0.15538	-0.960854	0.00097819
94	2.51383e-09	-0.511751	-0.917785	0.00107755	0.851562	-0.473847	0.0013993
95	2.51383e-09	-1.04253	-0.0756678	-0.000467059	0.068482	-0.9753	-2.82414e-05
96	2.51383e-09	-0.552773	-0.899129	-0.00106493	0.828645	-0.50915	-0.000858037
97	2.51383e-09	-0.567859	0.884353	-0.00215694	-0.817857	-0.531997	-0.00285731
98	2.51383e-09	-0.937147	0.499225	-0.00119799	-0.455307	-0.855069	0.000685586
99	2.51383e-09	-0.925321	0.516322	-0.000385808	-0.472065	-0.848838	0.000378928
100	2.51383e-09	-1.04371	-0.159625	4.30382e-05	0.143981	-0.960486	-0.000464759
101	2.51383e-09	-0.0911011	-1.03226	-0.000885457	0.977855	-0.082584	-0.000562813
102	2.51383e-09	-0.370052	0.976643	8.08354e-06	-0.912643	-0.348778	-0.00154991
103	2.51383e-09	0.925587	0.508824	0.00103231	-0.468438	0.850819	0.00197031
104	2.51383e-09	0.553763	0.8928	0.000729553	-0.832431	0.513387	-0.00134337
105	2.51383e-09	-0.740953	-0.733964	-0.000277261	0.692245	-0.696908	-9.0496e-05
106	2.51383e-09	-0.116896	1.04223	-0.000773117	-0.971492	-0.10993	0.00175128
107	2.51383e-09	-0.337904	-0.994263	0.00132013	0.923889	-0.317026	-0.000765003
108	2.51383e-09	-0.835041	-0.659838	-0.000167971	0.599905	-0.760689	-0.0013465
109	2.51383e-09	1.03879	0.204256	-0.00109222	-0.189587	0.955166	-0.000782544
110	2.51383e-09	0.971272	0.406241	-0.00117841	-0.378148	0.899693	0.00085676
111	2.51383e-09	-0.955703	0.477538	0.00107877	-0.435672	-0.863004	-0.000322093
112	2.51383e-09	0.4084	-0.977637	-0.00132881	0.896404	0.373666	8.06423e-05
113	2.51383e-09	0.747062	0.753103	0.00184478	-0.689967	0.682413	0.0014821
114	2.51383e-09	0.60391	-0.856102	-0.000387028	0.798797	0.563613	-0.00189497
115	2.51383e-09	0.89221	0.585367	-0.00271485	-0.532083	0.806778	0.000316699
116	2.51383e-09	0.290825	-1.00714	0.000127796	0.939171	0.273857	0.00106689
117	2.51383e-09	0.983996	0.395057	0.000571152	-0.36052	0.902094	8.4152e-05
118	2.51383e-09	0.297046	1.02305	0.00159566	-0.930581	0.268474	-0.00222802
119	2.51383e-09	0.639841	-0.840478	0.000301295	0.77563	0.587803	0.000398111
120	2.51383e-09	-0.835011	0.645032	0.00169912	-0.593233	-0.771688	0.000630849
121	2.51383e-09	-0.983325	0.406724	0.000207615	-0.373501	-0.896437	0.0013148
122	2.51383e-09	1.0555	-0.0659577	-0.000421088	0.0633365	0.97166	-0.000393147
123	2.51383e-09	0.98858	-0.369336	-0.00196272	0.34232	0.90842	-3.72801e-06
124	2.51383e-09	1.02546	0.31719	0.00155459	-0.289861	0.920627	0.00047514
125	2.51383e-09	-0.617811	-0.862391	-0.00183023	0.789373	-0.567608	-6.69135e-05
126	2.51383e-09	-1.06131	-0.0837867	-0.000121938	0.0792806	-0.965104	0.00150489
127	2.51383e-09	0.926328	-0.516631	0.000587157	0.473298	0.847995	-0.00152715
128	2.51383e-09	1.00018	-0.372529	-0.00026302	0.339288	0.906106	-0.00128491
129	2.51383e-09	-0.975214	-0.432938	-0.000677814	0.395464	-0.884091	-0.00153262
130	2.51383e-09	-1.04966	0.0749593	-0.000781391	-0.0707248	-0.971111	-0.00115293
131	2.51383e-09	0.332595	1.02184	-0.00184206	-0.917649	0.298555	0.000136867
132	2.51383e-09	0.71722	-0.79648	-0.001286	0.719387	0.64773	-0.00145889
133	2.51383e-09	-0.850521	-0.642036	0.00322781	0.583615	-0.771656	0.00102588
134	2.51383e-09	0.99186	0.373668	-8.65189e-05	-0.340681	0.909365	0.000148758
135	2.51383e-09	1.0609	0.131071	0.00194659	-0.116033	0.959949	0.000829303
136	2.51383e-09	0.293124	-1.03761	-0.0032006	0.925951	0.259632	0.00103228
137	2.51383e-09	0.0564563	1.06575	-0.00136028	-0.966261	0.0496214	-0.00229534
138	2.51383e-09	-0.00875181	-1.07189	-0.00264233	0.966689	-0.00806189	-0.000294928
139	2.51383e-09	0.17447	-1.04668	0.000723124	0.957607	0.163193	0.000516959
140	2.51383e-09	0.816941	0.711249	0.000634736	-0.629084	0.724943	0.000815851
141	2.51383e-09	-0.153477	1.05224	-0.00136925	-0.960247	-0.136318	0.00262089
142	2.51383e-09	0.306728	-1.02786	0.00131465	0.92654	0.273516	0.000446187
143	2.51383e-09	-0.483146	-0.954412	0.00169518	0.862793	-0.436362	-0.000914115
144	2.51383e-09	0.348862	1.02681	-0.000281709	-0.907174	0.311077	0.000316087
145	2.51383e-09	0.976833	0.43845	0.00107474	-0.39773	0.881581	-0.000447603
146	2.51383e-09	-0.030421	-1.08763	-0.000755023	0.959389	-0.0261946	-0.000744591
147	2.51383e-09	0.0587445	1.07328	-0.00145963	-0.96605	0.0505679	0.00149158
148	2.51383e-09	-0.771651	-0.764598	0.00114494	0.676737	-0.677604	0.00016138
149	2.51383e-09	1.04976	0.254288	-0.000732857	-0.227834	0.930032	-4.33591e-05
150	2.51383e-09	0.409169	-0.998179	-0.00234359	0.889598	0.366016	-0.000701845
151	2.51383e-09	1.07952	-0.0201688	-0.000724304	0.0191802	0.962815	-0.000898976
152	2.51383e-09	-0.0837209	-1.0662	0.00167721	0.964433	-0.077485	-0.0022331
153	2.51383e-09	-0.809286	0.712564	0.000309906	-0.639489	-0.721575	0.000356017
154	2.51383e-09	0.718111	-0.81579	-0.000182925	0.71614	0.639201	-5.89406e-05
155	2.51383e-09	-0.00386155	1.07405	0.00103	-0.966682	-0.00299336	-0.00270749
156	2.51383e-09	0.869156	0.626353	0.000829889	-0.568701	0.783895	-0.00199653
157	2.51383e-09	1.04277	-0.275344	-7.93237e-05	0.245323	0.929931	-0.00102897
158	2.51383e-09	-1.03267	0.340978	0.000814916	-0.299287	-0.911785	-0.00127804
159	2.51383e-09	-0.718468	0.794144	0.00284927	-0.716331	-0.648558	-0.000867643
160	2.51383e-09	-1.04165	0.266702	0.00120603	-0.238299	-0.93597	-0.000396553
161	2.51383e-09	-1.07391	0.182995	2.77018e-05	-0.16037	-0.945607	2.32192e-05
162	2.51383e-09	0.703166	-0.828498	0.000600742	0.729991	0.620878	0.00115222
163	2.51383e-09	-0.152563	-1.06404	0.0022599	0.954969	-0.136806	0.000886859
164	2.51383e-09	-0.130785	1.05868	0.000227711	-0.960935	-0.115684	-0.000656581
165	2.51383e-09	0.654109	-0.86587	0.000974991	0.766286	0.581105	-0.00146846
166	2.51383e-09	-0.839118	-0.691934	-0.000158212	0.609952	-0.738356	0.000939821
167	2.51383e-09	-0.628078	-0.875783	0.00111084	0.785224	-0.563793	0.00221302
168	2.51383e-09	-0.578718	0.909644	0.00149965	-0.811121	-0.522663	-0.000140941
169	2.51383e-09	-0.906576	0.596549	-0.000812569	-0.524897	-0.802678	8.33617e-05
170	2.51383e-09	-0.422072	1.01184	-0.0026041	-0.87933	-0.368703	0.00186876
171	2.51383e-09	-0.791044	-0.742727	-0.00265925	0.655895	-0.701528	0.00186845
172	2.51383e-09	0.906406	0.628034	-0.00052321	-0.538666	0.785215	1.42545e-05
173	2.51383e-09	-1.04337	0.365474	0.000423916	-0.313398	-0.89679	0.00111579
174	2.51383e-09	-0.971611	0.522096	-0.00189924	-0.45254	-0.835727	-0.000380098
175	2.51383e-09	1.06194	-0.238185	0.00117555	0.214506	0.935442	0.000745294
176	2.51383e-09	-0.993379	0.402238	-0.00101611	-0.362191	-0.896777	0.0010702
177	2.51383e-09	0.629666	-0.90084	-0.00196364	0.783248	0.546116	-0.0004789
178	2.51383e-09	0.213761	-1.06809	-0.000871276	0.940763	0.186214	0.000379217
179	2.51383e-09	1.06342	0.239716	0.00113681	-0.211979	0.933641	0.00103836
180	2.51383e-09	-0.9176	0.58247	0.00201647	-0.515531	-0.808336	-0.0007025
181	2.51383e-09	-0.280729	1.06184	-5.15916e-05	-0.922584	-0.248917	0.000433789
182	2.51383e-09	-0.705292	0.824798	0.000663288	-0.730816	-0.623092	0.00191632
183	2.51383e-09	-1.05748	-0.320845	-0.000582001	0.274855	-0.911031	0.00115663
184	2.51383e-09	1.08798	-0.102096	0.00188855	0.0879122	0.952851	-0.000556018
185	2.51383e-09	0.933805	0.567102	-0.00028443	-0.496375	0.816611	0.000633696
186	2.51383e-09	-1.06135	0.155909	0.000763898	-0.142976	-0.95573	0.000453593
187	2.51383e-09	0.749295	-0.782584	-0.000163576	0.692471	0.665265	-0.000234634
188	2.51383e-09	0.524629	0.962112	-0.00119776	-0.83811	0.455603	5.18397e-05
189	2.51383e-09	1.05768	-0.306454	0.00113284	0.265669	0.91373	-0.000277602
190	2.51383e-09	0.627001	0.901731	-0.00106387	-0.785147	0.545227	-0.000517629
191	2.51383e-09	-1.08305	-0.14696	-0.00095715	0.127072	-0.948818	0.00128996
192	2.51383e-09	-0.734518	0.826049	0.00378267	-0.709973	-0.631376	-0.00169605
193	2.51383e-09	0.927877	-0.599549	-0.000563269	0.514756	0.798652	-0.000606016
194	2.51383e-09	0.359046	-1.05705	-0.00194168	0.894764	0.302124	0.000819514
195	2.51383e-09	-0.956323	0.53771	-0.000950404	-0.469853	-0.828908	-0.00267996
196	2.51383e-09	-0.291276	1.06446	0.00107944	-0.918351	-0.247622	0.000725365
197	2.51383e-09	-1.07524	0.193186	-0.00118897	-0.168616	-0.942093	-0.00073111
198	2.51383e-09	-0.214549	-1.09811	-0.00144659	0.927282	-0.176938	0.000341257
199	2.51383e-09	0.604946	0.918704	5.12158e-05	-0.798948	0.520619	0.000988597
200	2.51383e-09	-1.08988	0.150399	-0.00216464	-0.129011	-0.946735	-0.00241815
201	2.51383e-09	-0.753018	0.804467	-0.00221832	-0.694643	-0.651571	0.000542964
202	2.51383e-09	-0.170423	-1.09232	-0.00268642	0.937146	-0.147911	0.000834652
203	2.51383e-09	1.06638	-0.209645	0.000390835	0.187067	0.9432	-0.00106868
204	2.51383e-09	0.681102	-0.867062	-0.00212128	0.748934	0.590094	-0.000419018
205	2.51383e-09	0.859695	-0.714472	0.00177488	0.603029	0.731042	-0.0013091
206	2.51383e-09	-0.100016	1.09768	0.000523057	-0.947352	-0.0886227	0.00277946
207	2.51383e-09	-1.09184	0.184266	0.00100301	-0.157095	-0.936114	0.00224173
208	2.51383e-09	-0.47688	0.984436	-0.000273391	-0.860406	-0.418916	-2.50072e-05
209	2.51383e-09	0.713465	0.8261	0.000559949	-0.726397	0.624435	0.00100479
210	2.51383e-09	-0.217678	1.08733	0.000312119	-0.931847	-0.186052	0.000759153
211	2.51383e-09	1.06302	0.313857	-0.00101007	-0.271383	0.908455	0.000534771
212	2.51383e-09	-1.00241	-0.517291	-0.0006289	0.431729	-0.835922	0.000509981
213	2.51383e-09	-0.493918	-0.979993	-3.49064e-05	0.850237	-0.433458	-0.000653585
214	2.51383e-09	0.674617	-0.872227	-0.000922037	0.755997	0.58185	0.00115578
215	2.51383e-09	-0.642118	-0.920227	0.00101678	0.770158	-0.54013	-0.000759557
216	2.51383e-09	1.05773	0.357731	-0.00015798	-0.303837	0.894089	0.000532031
217	2.51383e-09	1.10622	-0.0890359	-8.70375e-06	0.0752553	0.948851	-0.000314581
218	2.51383e-09	1.02633	0.373303	0.000577499	-0.329828	0.900063	-0.000741453
219	2.51383e-09	1.07769	0.289652	0.00118167	-0.244898	0.915136	-0.000873894
220	2.51383e-09	1.10985	-0.00397572	-0.00327063	0.00265918	0.949239	0.00061105
221	2.51383e-09	1.04255	-0.3681	-0.00165158	0.31361	0.897746	-0.000805671
222	2.51383e-09	0.750146	-0.824987	0.00159802	0.703347	0.63529	0.000988096
223	2.51383e-09	0.457557	-1.01565	0.0010892	0.863343	0.390693	0.000522938
224	2.51383e-09	0.422441	-1.02788	0.000905957	0.878516	0.358601	0.000308329
225	2.51383e-09	-0.348817	1.06582	-0.00181408	-0.896911	-0.289635	-0.00100234
226	2.51383e-09	-1.10596	0.209592	-0.00113683	-0.174798	-0.926119	-0.000906041
227	2.51383e-09	-1.05149	-0.359325	0.000418207	0.302897	-0.898043	0.00116153
228	2.51383e-09	0.294396	1.07471	0.000768754	-0.913426	0.251431	-0.00110791
229	2.51383e-09	-0.313393	1.09268	0.0019823	-0.900423	-0.260734	-0.000242978
230	2.51383e-09	-0.7	-0.895515	-0.000990885	0.738813	-0.578479	0.00158825
231	2.51383e-09	-0.350326	1.08143	-0.00260046	-0.892405	-0.286999	0.000986197
232	2.51383e-09	1.07002	0.298076	-0.00122055	-0.24958	0.914448	-0.000455777
233	2.51383e-09	-0.92203	0.622908	0.00212498	-0.530008	-0.788675	-0.000215399
234	2.51383e-09	0.994587	-0.512482	-0.00090216	0.431582	0.839098	9.24561e-05
235	2.51383e-09	-0.821824	-0.760075	0.00450298	0.640061	-0.694549	-0.00245448
236	2.51383e-09	-0.00299363	1.12733	0.00128654	-0.941629	-0.00186767	5.1039e-05
237	2.51383e-09	1.11683	-0.115241	0.000207265	0.0960156	0.938045	-0.000290383
238	2.51383e-09	0.269015	1.0963	0.00197973	-0.912433	0.224911	-0.000289132
239	2.51383e-09	-1.06583	-0.31357	0.00178355	0.269736	-0.909308	-0.00151628
240	2.51383e-09	-0.364731	-1.07313	0.00318728	0.890085	-0.300205	0.000401458
241	2.51383e-09	-1.10975	0.187872	-0.00280655	-0.160366	-0.926961	-0.000504389
242	2.51383e-09	-0.667447	-0.929917	-0.00294013	0.758766	-0.544601	-0.00225994
243	2.51383e-09	1.12537	-0.104976	-0.00123358	0.0859651	0.934484	0.000460832
244	2.51383e-09	0.109471	-1.12593	-6.87725e-05	0.934746	0.09136	-0.000238852
245	2.51383e-09	-1.11746	-0.169174	0.000680338	0.141954	-0.927792	0.000827539
246	2.51383e-09	-0.234218	1.10854	-0.00122349	-0.916898	-0.193465	-0.00206873
247	2.51383e-09	-1.10565	-0.129971	-0.00219916	0.113113	-0.940208	-0.000277903
248	2.51383e-09	-0.0366977	-1.11107	-0.00170277	0.948987	-0.0254458	-0.0023637
249	2.51383e-09	0.28448	1.08216	1.62817e-05	-0.914382	0.241966	-0.000176312
250	2.51383e-09	-0.0212035	1.12574	-0.000879159	-0.941675	-0.0192183	-0.000682853
251	2.51383e-09	0.802649	-0.800424	0.0024543	0.661184	0.666808	-0.000570829
252	2.51383e-09	0.387369	1.05958	-0.00161307	-0.885972	0.319557	0.00256235
253	2.51383e-09	-1.05875	0.386838	0.00030097	-0.321807	-0.883543	0.00102066
254	2.51383e-09	0.746474	0.839608	0.000638473	-0.707457	0.621112	-0.00123349
255	2.51383e-09	-0.897097	-0.683076	0.000559811	0.570327	-0.751699	0.00172502
256	2.51383e-09	1.06436	0.396085	0.000673689	-0.327667	0.876972	0.000935927
257	2.51383e-09	0.0885286	1.12816	0.000256072	-0.937275	0.0735222	-0.000830783
258	2.51383e-09	0.366815	-1.07113	0.000554438	0.892183	0.299787	0.000980597
259	2.51383e-09	0.433553	1.03791	-7.93467e-05	-0.86921	0.365491	-0.000980476
260	2.51383e-09	1.08594	-0.335061	-0.00319712	0.275504	0.894723	0.000146639
261	2.51383e-09	-0.392557	1.0779	0.000784504	-0.875375	-0.319469	4.31848e-05
262	2.51383e-09	1.04534	0.410738	-0.000771028	-0.341613	0.878846	0.00132934
263	2.51383e-09	1.12967	0.057017	0.00220519	-0.0502648	0.939189	-0.000182066
264	2.51383e-09	0.0846383	-1.11828	-0.000385632	0.943256	0.0723743	0.000488193
265	2.51383e-09	-1.06101	-0.41046	-0.000299947	0.343063	-0.874493	0.000291482
266	2.51383e-09	0.0117898	1.13732	0.000600249	-0.938341	0.00905084	0.00170974
267	2.51383e-09	0.649164	-0.926187	0.00195742	0.771266	0.536016	0.00141566
268	2.51383e-09	0.0866526	1.121	-0.000833298	-0.942246	0.0750677	-0.000338721
269	2.51383e-09	0.25297	1.10548	0.000821725	-0.916671	0.211354	0.00130152
270	2.51383e-09	-0.0220516	1.13466	-4.89533e-05	-0.938579	-0.0189312	-0.000670706
271	2.51383e-09	-1.0241	0.50727	0.00124959	-0.417737	-0.837839	0.000111877
272	2.51383e-09	-1.1401	-0.093549	-0.000689194	0.0722651	-0.930869	0.000871869
273	2.51383e-09	-1.06685	0.394854	0.000266898	-0.324259	-0.880694	0.000137482
274	2.51383e-09	-0.403669	1.05986	-0.000577353	-0.878232	-0.332847	9.16701e-05
275	2.51383e-09	-1.00231	-0.549698	0.00187276	0.452186	-0.817687	-0.000684146
276	2.51383e-09	-0.9759	-0.580928	0.000361994	0.477532	-0.807434	-0.000266857
277	2.51383e-09	0.819965	0.80231	0.000751831	-0.650183	0.668114	0.000268663
278	2.51383e-09	1.00283	0.56517	0.000204722	-0.455877	0.810052	-0.00091585
279	2.51383e-09	0.837458	-0.761976	0.00126287	0.634504	0.696865	-0.000912578
280	2.51383e-09	-1.09429	0.365722	6.60734e-05	-0.300908	-0.881979	0.00165551
281	2.51383e-09	1.03813	0.473931	-0.00227135	-0.388851	0.850634	5.74099e-05
282	2.51383e-09	-0.836774	-0.782691	-5.57795e-05	0.6392	-0.679516	-0.000987604
283	2.51383e-09	0.994719	-0.573297	0.000407299	0.466971	0.807623	-0.000718109
284	2.51383e-09	1.05021	0.483503	0.00148608	-0.387595	0.844195	0.000321852
285	2.51383e-09	0.900478	0.719575	0.00118177	-0.583979	0.72684	-0.000793003
286	2.51383e-09	-0.0523264	-1.13465	0.00344943	0.936855	-0.0442765	0.000910676
287	2.51383e-09	0.634503	0.956775	-0.00146293	-0.775856	0.51731	-0.00118057
288	2.51383e-09	0.830278	-0.793138	-0.00121255	0.644682	0.676051	0.000351464
289	2.51383e-09	1.09889	-0.364884	0.00231522	0.293321	0.881646	-0.00187974
290	2.51383e-09	-0.153315	-1.13018	-0.00213189	0.928601	-0.126981	0.000782812
291	2.51383e-09	0.880835	0.7356	-0.00123284	-0.59773	0.71682	0.000813598
292	2.51383e-09	1.13236	-0.1663	3.89028e-05	0.134054	0.927918	0.000537724
293	2.51383e-09	-1.14345	0.104342	-0.00222338	-0.0855904	-0.929006	0.000624264
294	2.51383e-09	1.13704	0.203796	-0.00230238	-0.164808	0.915849	-0.00121651
295	2.51383e-09	0.0748783	-1.14272	-6.55406e-05	0.932573	0.0630128	-0.00107235
296	2.51383e-09	1.02961	0.523643	0.000265955	-0.426388	0.827611	-6.34113e-05
297	2.51383e-09	1.08192	-0.380481	0.00334103	0.309277	0.880846	-0.000785756
298	2.51383e-09	1.09056	0.380082	0.000428996	-0.307978	0.87895	0.00104651
299	2.51383e-09	-0.923204	0.679138	-0.000196769	-0.555686	-0.753034	-0.000617492
300	2.51383e-09	-1.16244	0.052422	0.00214733	-0.0394454	-0.926127	-0.000859583
301	2.51383e-09	-0.277194	-1.11641	0.00125798	0.908684	-0.224126	0.00081707
302	2.51383e-09	-0.695396	-0.932736	-0.000774219	0.74602	-0.551287	-0.000909302
303	2.51383e-09	-1.02572	0.532533	-0.000179098	-0.423725	-0.828302	0.000484665
304	2.51383e-09	-0.714069	0.920465	-0.00252781	-0.730107	-0.568541	-0.000471665
305	2.51383e-09	0.434399	1.05872	0.000471967	-0.865474	0.35516	0.00209089
306	2.51383e-09	-0.602637	-0.986011	-0.00128102	0.792418	-0.488098	-0.00123201
307	2.51383e-09	0.920237	-0.713455	0.00160773	0.571424	0.728134	0.000600492
308	2.51383e-09	-0.048412	1.15885	0.00274214	-0.927607	-0.0418644	4.45804e-05
309	2.51383e-09	-0.780028	-0.840008	-0.000187076	0.685402	-0.636412	-0.000655908
310	2.51383e-09	0.915267	-0.689378	0.000973721	0.558317	0.747224	0.000918576
311	2.51383e-09	0.753976	0.864641	-0.000180851	-0.706609	0.613584	-0.00151848
312	2.51383e-09	1.15326	0.105791	0.00104693	-0.0819011	0.926483	-0.00192842
313	2.51383e-09	0.661302	0.944465	0.00265211	-0.76168	0.53453	-0.00027135
314	2.51383e-09	-1.15928	-0.0509675	0.00158659	0.0421947	-0.926063	-5.76297e-05
315	2.51383e-09	0.0827332	-1.16783	0.0013869	0.920608	0.0650692	-0.00339552
316	2.51383e-09	-0.99393	0.601588	-0.000911871	-0.480468	-0.792781	-0.000202948
317	2.51383e-09	-1.10225	-0.385701	0.000560934	0.303086	-0.872577	0.00124668
318	2.51383e-09	0.207696	1.15059	0.00112561	-0.909053	0.163434	0.00133973
319	2.51383e-09	0.305626	-1.12598	0.000385454	0.892583	0.243091	0.00142638
320	2.51383e-09	0.0915575	-1.17568	0.000899647	0.916483	0.0699346	-0.00063319
321	2.51383e-09	1.1642	0.0601483	-0.000898308	-0.0469304	0.924764	0.000685228
322	2.51383e-09	-0.981213	-0.635059	0.00194052	0.501213	-0.775878	-0.000835001
323	2.51383e-09	0.42059	1.09532	0.00258	-0.863767	0.329599	0.000490633
324	2.51383e-09	-0.511339	1.05293	0.00211828	-0.834221	-0.402978	-0.00101809
325	2.51383e-09	-1.12103	-0.312022	0.00219013	0.248236	-0.892088	-0.00042794
326	2.51383e-09	1.11759	0.344339	-0.00129352	-0.270902	0.883338	-0.000274253
327	2.51383e-09	1.03513	-0.556999	0.00220919	0.437054	0.813231	0.000902579
328	2.51383e-09	1.14362	0.154405	-0.000109472	-0.121695	0.924599	0.000521049
329	2.51383e-09	-0.76608	-0.911399	0.000495359	0.699324	-0.589393	0.0031721
330	2.51383e-09	1.15415	0.125388	0.000112645	-0.100562	0.924123	-0.0013986
331	2.51383e-09	-0.980856	-0.618211	0.000610765	0.497766	-0.787966	0.000355028
332	2.51383e-09	-1.14467	0.175313	0.000380189	-0.14008	-0.919619	-0.000952677
333	2.51383e-09	0.457621	1.08754	0.00121514	-0.848946	0.354648	0.000257003
334	2.51383e-09	-1.16989	0.0620025	1.5001e-05	-0.0500259	-0.922531	0.000601346
335	2.51383e-09	1.14852	0.220699	0.00284081	-0.175772	0.909805	-0.000160899
336	2.51383e-09	0.334411	-1.12163	0.000502332	0.886291	0.261696	-0.00102433
337	2.51383e-09	-1.14746	0.264623	-0.000791646	-0.205536	-0.898831	0.000571721
338	2.51383e-09	0.591756	1.0034	-0.0019583	-0.800134	0.467981	5.56334e-05
339	2.51383e-09	-0.728723	-0.941747	0.00100033	0.723362	-0.562349	-0.000107997
340	2.51383e-09	-1.17855	-0.109193	-0.00101524	0.0870928	-0.915589	0.000163179
341	2.51383e-09	0.629339	-0.999831	0.000438552	0.777752	0.48735	0.00111537
342	2.51383e-09	-0.026531	1.17046	-0.00158837	-0.924127	-0.0217984	-0.000476509
343	2.51383e-09	-1.04157	-0.529286	-0.00104201	0.416304	-0.826482	-0.000823859
344	2.51383e-09	0.997556	0.619678	0.00108498	-0.487909	0.784262	-0.000959354
345	2.51383e-09	0.709672	-0.933953	-0.00153748	0.733601	0.560099	0.000675802
346	2.51383e-09	-0.687823	0.925879	0.00103421	-0.748682	-0.554787	-6.11904e-05
347	2.51383e-09	-0.275268	-1.14322	-0.00143167	0.894095	-0.216434	-0.000656728
348	2.51383e-09	-0.654987	-0.979285	-0.00090232	0.766937	-0.512477	-0.000231422
349	2.51383e-09	1.05093	-0.514051	0.000514807	0.405742	0.833821	-0.000152985
350	2.51383e-09	0.371845	-1.10325	-0.00198058	0.880291	0.298677	8.78811e-05
351	2.51383e-09	-0.79441	-0.889701	0.000613868	0.680345	-0.609594	0.000835146
352	2.51383e-09	0.922961	-0.734088	-0.00160148	0.573631	0.720866	-0.0022838
353	2.51383e-09	-1.11385	-0.409332	-0.000228725	0.318563	-0.861243	-0.00107778
354	2.51383e-09	0.760601	-0.914268	-0.000807807	0.704823	0.589213	-0.00097018
355	2.51383e-09	-0.338588	-1.12172	0.000313843	0.883335	-0.271119	0.00123265
356	2.51383e-09	1.0445	-0.545482	0.000739863	0.426798	0.817683	6.2496e-05
357	2.51383e-09	-1.18169	0.110704	0.00302576	-0.0834542	-0.91436	0.00120483
358	2.51383e-09	-1.13128	0.351013	0.000235969	-0.270317	-0.879292	0.000840529
359	2.51383e-09	-0.548317	-1.05306	0.00132559	0.813958	-0.424684	-0.000753246
360	2.51383e-09	0.607079	-1.00234	0.000486634	0.792597	0.475722	0.00038519
361	2.51383e-09	0.292154	1.15502	0.000897709	-0.88702	0.225128	-0.000489845
362	2.51383e-09	-1.14444	-0.280301	0.00078873	0.214249	-0.896715	0.0015726
363	2.51383e-09	-0.366141	1.12097	-0.00150908	-0.87387	-0.288174	-0.00104525
364	2.51383e-09	-1.03215	-0.548331	0.000434696	0.43446	-0.81738	-3.91771e-05
365	2.51383e-09	-0.823411	0.866341	0.00270306	-0.662343	-0.629764	-0.000253936
366	2.51383e-09	-0.67599	-0.980402	0.00164569	0.753027	-0.523105	-0.000351175
367	2.51383e-09	-0.698649	0.964717	-0.00048848	-0.742734	-0.535358	0.00157151
368	2.51383e-09	-0.459338	-1.10064	-0.00152533	0.844129	-0.351255	-0.000388418
369	2.51383e-09	1.20009	0.01673	-0.00213702	-0.0138561	0.911396	-0.000767705
370	2.51383e-09	0.284226	1.15572	-0.000226896	-0.889338	0.217157	-0.000528011
371	2.51383e-09	-1.19114	0.0508361	-0.000903693	-0.0400408	-0.915452	0.0017755
372	2.51383e-09	-1.18088	0.143835	-0.00120274	-0.111769	-0.910015	-0.000790498
373	2.51383e-09	0.267972	-1.16068	0.00123802	0.893371	0.207647	-0.00146494
374	2.51383e-09	-0.735605	0.951675	-0.000336099	-0.721731	-0.554662	-0.000627561
375	2.51383e-09	0.990239	0.663202	0.000438395	-0.508062	0.761699	0.000238029
376	2.51383e-09	0.486514	-1.08201	-0.00107437	0.838631	0.375537	0.000547109
377	2.51383e-09	1.19072	0.132891	0.00207978	-0.10011	0.905145	-0.00142489
378	2.51383e-09	-0.495964	1.09333	-0.000326199	-0.83091	-0.377923	0.00169598
379	2.51383e-09	0.815005	0.859554	7.32417e-05	-0.663176	0.63608	-1.9433e-05
380	2.51383e-09	0.647831	1.00306	-0.00134787	-0.767795	0.49761	-0.000260834
381	2.51383e-09	1.03124	0.575043	-0.00120057	-0.446751	0.805011	0.00169574
382	2.51383e-09	-0.363568	-1.12759	-0.000829204	0.87562	-0.278118	-0.000152383
383	2.51383e-09	1.03891	-0.563767	0.00179417	0.439279	0.808001	0.000179425
384	2.51383e-09	-0.511195	-1.09524	0.00187319	0.822023	-0.38318	0.00253217
385	2.51383e-09	1.04078	-0.583312	-0.000692154	0.447298	0.798437	0.00111961
386	2.51383e-09	-1.20399	0.126688	-0.000533284	-0.0976491	-0.901733	0.000583658
387	2.51383e-09	-0.979092	-0.695033	-0.000419494	0.527489	-0.743518	0.00118182
388	2.51383e-09	0.11361	1.18977	0.000853827	-0.91165	0.08583	0.000428924
389	2.51383e-09	1.18133	-0.193332	-0.000554828	0.150633	0.901569	0.000983581
390	2.51383e-09	0.434997	-1.11006	0.000747826	0.852381	0.332881	0.000260031
391	2.51383e-09	0.680751	-0.995103	-0.00153193	0.752222	0.512563	-0.000792891
392	2.51383e-09	-0.464898	-1.11409	0.00196855	0.839474	-0.3491	0.000488711
393	2.51383e-09	1.07283	-0.552767	0.000938308	0.420832	0.807553	-0.00141275
394	2.51383e-09	1.1883	0.162613	-0.00135273	-0.120375	0.905224	0.000469003
395	2.51383e-09	-0.371162	-1.13915	0.000364104	0.869719	-0.285018	-0.000827941
396	2.51383e-09	0.91378	0.779453	4.43996e-06	-0.595721	0.690977	-0.00121916
397	2.51383e-09	0.853182	-0.853088	-0.000202089	0.643183	0.643534	-0.000183517
398	2.51383e-09	-0.868941	-0.833444	-9.8679e-06	0.633054	-0.658518	-0.00164387
399	2.51383e-09	-1.15905	0.310938	0.000461231	-0.237887	-0.881147	-0.00239908
400	2.51383e-09	1.18365	-0.235459	-9.19998e-05	0.180021	0.892603	0.00117532
