5.022999e+03
401
0	1	0.000232066	0.000143996	-2.11868e-07	2.37398e-08	-3.87623e-08	-1.53164e-10
1	2.51383e-09	-0.329005	-0.942223	-0.000294912	0.945288	-0.332067	-0.000715044
2	2.51383e-09	-0.958926	-0.313202	0.000873079	0.308372	-0.946561	-0.00129563
3	2.51383e-09	-0.0504934	0.996704	-0.000718255	-0.998354	-0.0501301	0.000416496
4	2.51383e-09	-0.10578	1.00153	0.000955454	-0.989848	-0.106304	0.000851278
5	2.51383e-09	-0.0356316	0.999932	0.000662892	-0.999788	-0.0371659	0.000756535
6	2.51383e-09	-0.554011	0.843511	0.00139666	-0.832096	-0.546796	-0.000935932
7	2.51383e-09	0.327582	0.944377	0.00153753	-0.94655	0.32718	0.000669753
8	2.51383e-09	-0.668102	-0.739541	0.000253976	0.745865	-0.671022	0.00107009
9	2.51383e-09	-0.639332	0.772733	-0.00116832	-0.771035	-0.63364	0.000576719
10	2.51383e-09	-0.865655	-0.492539	0.000322122	0.497006	-0.872779	-0.00055543
11	2.51383e-09	0.430215	-0.903846	0.000168834	0.901028	0.431523	0.000485152
12	2.51383e-09	0.408499	0.927749	0.00137992	-0.910428	0.397772	0.000516166
13	2.51383e-09	0.793961	0.620152	0.00170543	-0.614615	0.784237	-0.000988346
14	2.51383e-09	0.995288	0.170455	0.00191849	-0.164204	0.98065	0.00177336
15	2.51383e-09	0.19823	-0.972112	-0.00178203	0.987824	0.199356	-0.00139317
16	2.51383e-09	-0.827551	-0.565759	0.00177246	0.560888	-0.824178	0.000857222
17	2.51383e-09	-0.984545	0.196774	-0.00167106	-0.195858	-0.980722	0.000745293
18	2.51383e-09	0.259884	-0.985794	8.58245e-05	0.957783	0.248834	0.000555949
19	2.51383e-09	0.161309	-1.00503	-0.000364784	0.975523	0.161792	0.00192894
20	2.51383e-09	0.70849	-0.740189	0.000511397	0.712958	0.684602	0.00324616
21	2.51383e-09	-0.64786	-0.77875	-0.00107108	0.763331	-0.631648	0.00279572
22	2.51383e-09	0.908184	0.461598	-0.00114668	-0.451916	0.880739	0.00151323
23	2.51383e-09	-0.0490495	-1.01189	-0.0027398	0.995494	-0.0489059	0.000135984
24	2.51383e-09	0.057336	1.00795	-0.000419444	-0.99451	0.0635774	-0.00101998
25	2.51383e-09	0.997638	0.21741	0.00020091	-0.2127	0.966545	0.00128524
26	2.51383e-09	1.01362	0.0348274	-0.000256609	-0.0356767	0.994051	-0.000953342
27	2.51383e-09	0.988417	0.194309	-0.00221401	-0.197006	0.976493	0.000835972
28	2.51383e-09	0.589271	0.832084	-0.000151103	-0.808216	0.567564	-0.00053878
29	2.51383e-09	-0.100333	1.00782	-0.001228	-0.988887	-0.100726	-0.000266719
30	2.51383e-09	0.574668	-0.828437	5.4851e-05	0.817479	0.568949	-0.000233275
31	2.51383e-09	-0.731756	0.702155	-0.00236399	-0.685354	-0.716208	-0.000273343
32	2.51383e-09	0.985711	0.206118	-0.00108669	-0.204399	0.976105	0.000118111
33	2.51383e-09	-1.01834	-0.0243932	0.000303328	0.0285428	-0.992836	0.000999013
34	2.51383e-09	0.246977	1.00422	0.000325802	-0.953462	0.234142	0.00052945
35	2.51383e-09	0.602163	0.826668	-0.00182609	-0.799033	0.582382	-0.00183917
36	2.51383e-09	-0.278794	0.979233	-0.00264962	-0.953312	-0.26984	0.00104757
37	2.51383e-09	0.919662	-0.437601	0.00150375	0.423598	0.896662	0.00371862
38	2.51383e-09	-0.912775	-0.414628	0.000889493	0.411576	-0.911049	-0.00240424
39	2.51383e-09	1.00576	-0.00225972	-0.00170783	0.0056175	0.998562	0.000607966
40	2.51383e-09	1.01948	0.00798065	-0.00295094	-0.00536196	0.988157	-0.00133377
41	2.51383e-09	-0.455757	0.901596	-0.00258628	-0.889822	-0.448834	-0.000532952
42	2.51383e-09	1.02512	0.103945	0.00131198	-0.100357	0.979012	0.000501374
43	2.51383e-09	-1.00881	0.00464582	0.00204332	-0.00720099	-0.997402	0.00142023
44	2.51383e-09	-0.976708	0.353545	0.00153464	-0.330041	-0.920982	0.000929519
45	2.51383e-09	-0.122763	-1.02436	-0.00108545	0.978329	-0.115605	-0.00153055
46	2.51383e-09	0.169467	1.01173	-0.00170153	-0.971679	0.165615	-0.000890244
47	2.51383e-09	0.974086	-0.295991	-0.00115882	0.287558	0.949842	-0.00025083
48	2.51383e-09	-1.00924	0.21061	0.000530442	-0.196711	-0.962172	0.000142823
49	2.51383e-09	0.661087	-0.774415	-0.000215036	0.75365	0.640711	-0.000915191
50	2.51383e-09	1.00424	0.228395	-0.000719594	-0.217328	0.961902	0.00206407
51	2.51383e-09	0.820587	0.600363	-0.000677426	-0.58258	0.803385	-0.000722449
52	2.51383e-09	0.106614	1.02231	-0.000290252	-0.980644	0.105543	0.000319949
53	2.51383e-09	0.492561	0.901295	0.000795997	-0.866643	0.470862	2.37549e-05
54	2.51383e-09	-0.31362	-0.968419	-0.000202822	0.943072	-0.309003	-0.00162329
55	2.51383e-09	0.833411	-0.607075	-0.00053851	0.575297	0.798227	0.000790518
56	2.51383e-09	-1.01312	-0.148773	-0.00198273	0.141503	-0.979197	0.000479105
57	2.51383e-09	0.491023	-0.92535	-0.00222442	0.860309	0.459521	0.0014688
58	2.51383e-09	-0.435322	-0.943944	-0.000887353	0.891588	-0.410936	0.00144509
59	2.51383e-09	-0.683431	-0.775669	0.00147063	0.732793	-0.651069	0.00239023
60	2.51383e-09	0.736432	-0.705451	-0.000540061	0.686186	0.714	0.000105533
61	2.51383e-09	0.63844	-0.808584	-0.000227732	0.77296	0.61439	0.00356568
62	2.51383e-09	-0.129903	1.0227	0.000526414	-0.97783	-0.126194	-0.000644059
63	2.51383e-09	0.976649	0.321724	0.00141136	-0.307841	0.934113	-0.000524603
64	2.51383e-09	0.265878	-0.995223	0.00188692	0.952792	0.249131	-0.00102245
65	2.51383e-09	0.693817	-0.765017	0.0019433	0.729448	0.663214	0.000514646
66	2.51383e-09	0.200793	-1.0061	0.00220976	0.9673	0.201301	-0.0020768
67	2.51383e-09	-0.673979	-0.799578	-0.000279767	0.743006	-0.631023	0.00142182
68	2.51383e-09	-0.533719	0.879146	0.00228217	-0.843927	-0.510939	0.000911043
69	2.51383e-09	0.995935	-0.272077	-0.00147465	0.260154	0.951088	-0.00308856
70	2.51383e-09	-0.322937	0.984147	0.00234391	-0.932543	-0.305829	-0.00116796
71	2.51383e-09	-0.830314	-0.60916	7.55562e-05	0.584797	-0.796116	3.6948e-05
72	2.51383e-09	-0.131738	-1.04621	-0.000431144	0.964342	-0.122359	-0.000887519
73	2.51383e-09	-0.990462	0.300639	0.000980515	-0.286188	-0.94125	0.00122233
74	2.51383e-09	0.66111	-0.814323	-0.000647067	0.756828	0.618749	-0.000835335
75	2.51383e-09	-0.890146	0.535217	-0.00058604	-0.506974	-0.84156	-0.000347445
76	2.51383e-09	0.745539	-0.73758	-0.000467868	0.690355	0.692664	0.00253322
77	2.51383e-09	0.815878	-0.673571	0.000921147	0.621586	0.748932	0.000311003
78	2.51383e-09	0.963194	-0.37876	0.0011707	0.361882	0.91791	0.000479465
79	2.51383e-09	-0.202654	-1.01871	-0.00153191	0.960131	-0.188668	-0.00239501
80	2.51383e-09	0.817645	0.662539	0.00182502	-0.612638	0.757628	3.02266e-05
81	2.51383e-09	-0.574804	-0.864552	-0.00176064	0.817326	-0.543383	0.00150581
82	2.51383e-09	0.629134	0.845026	-0.000673834	-0.784619	0.577398	0.00173103
83	2.51383e-09	0.299199	1.00017	-0.00255333	-0.938869	0.277073	-0.000220327
84	2.51383e-09	0.955173	0.444814	-0.000395592	-0.41009	0.882694	-0.000332843
85	2.51383e-09	0.476236	-0.915113	0.00139833	0.871844	0.452419	-9.1749e-05
86	2.51383e-09	-0.335893	0.992444	0.00219274	-0.924565	-0.313529	0.000527259
87	2.51383e-09	-0.12889	1.02896	0.00153821	-0.975086	-0.11791	0.00112821
88	2.51383e-09	-0.671685	-0.783984	-0.00108635	0.747071	-0.640067	0.00174697
89	2.51383e-09	-0.999029	-0.33675	-0.000290898	0.315806	-0.92038	0.000337548
90	2.51383e-09	0.589446	-0.862599	0.00182963	0.810769	0.549936	0.00235235
91	2.51383e-09	-0.613059	-0.829504	0.00279564	0.794305	-0.584116	0.00155956
92	2.51383e-09	1.04769	0.0267198	0.000536361	-0.0258873	0.976481	0.000912671
93	2.51383e-09	-1.01805	0.261449	0.00105621	-0.245564	-0.944074	-0.000734016
94	2.51383e-09	-0.00370395	1.03718	0.00237409	-0.984879	-0.00114068	0.000886299
95	2.51383e-09	0.787496	-0.682741	-9.78776e-05	0.642238	0.736666	-0.00218733
96	2.51383e-09	0.497192	0.926882	-0.000626608	-0.861764	0.458327	-0.000591454
97	2.51383e-09	0.316976	1.00785	-0.0041425	-0.927137	0.289991	-0.000607998
98	2.51383e-09	-1.06175	0.0348762	-0.000113143	-0.0273304	-0.969114	-0.00213876
99	2.51383e-09	1.03858	-0.254103	0.00128333	0.232725	0.937465	-0.00123708
100	2.51383e-09	1.05347	-0.0396221	0.00121521	0.0300567	0.974198	-0.00171527
101	2.51383e-09	-1.03893	0.103435	0.000896205	-0.0973367	-0.972729	-0.000188111
102	2.51383e-09	-0.00570153	-1.02636	0.00152741	0.988503	-0.00615489	-0.000320647
103	2.51383e-09	0.165094	1.03284	-0.00348561	-0.966227	0.152928	0.000433767
104	2.51383e-09	-0.929354	0.475722	0.000392213	-0.448453	-0.8726	-0.000849221
105	2.51383e-09	0.653757	-0.814065	-0.00169897	0.763599	0.611531	-0.000942554
106	2.51383e-09	-0.846964	0.612025	0.000312452	-0.570895	-0.794895	-5.87096e-05
107	2.51383e-09	-0.0505964	1.05768	0.00171485	-0.969346	-0.0489589	0.000133896
108	2.51383e-09	0.937917	0.494812	0.00161504	-0.453646	0.860068	-0.00169262
109	2.51383e-09	-0.879965	-0.595377	-0.00216256	0.540562	-0.804498	0.000205694
110	2.51383e-09	0.447092	-0.960217	-0.00225323	0.877633	0.41325	-0.000514956
111	2.51383e-09	-1.01601	0.301675	0.000254119	-0.277221	-0.933226	0.000814564
112	2.51383e-09	1.04673	-0.202813	-0.000511257	0.186199	0.948739	-0.00039078
113	2.51383e-09	-0.422173	-0.965945	0.00119567	0.892691	-0.390169	0.0020572
114	2.51383e-09	-0.41839	0.961775	-0.00210609	-0.897302	-0.385632	-0.000400166
115	2.51383e-09	-0.0995386	-1.07411	-0.000963305	0.957197	-0.0914565	-0.00143452
116	2.51383e-09	1.04501	-0.126481	-0.000734229	0.117341	0.966355	0.00139793
117	2.51383e-09	1.01905	0.317805	-0.00205637	-0.287338	0.922495	0.000734636
118	2.51383e-09	-0.11117	-1.05399	0.00111771	0.965575	-0.103877	-0.000603989
119	2.51383e-09	0.799847	0.680411	-0.00228129	-0.635583	0.740347	0.00121555
120	2.51383e-09	-0.213585	-1.02243	0.00138771	0.958187	-0.202115	0.00189663
121	2.51383e-09	0.513816	0.928203	-0.000773127	-0.849095	0.472564	0.000102469
122	2.51383e-09	-0.921106	0.545971	0.000562965	-0.48876	-0.831424	-0.00111546
123	2.51383e-09	-1.03806	0.0197587	-0.00203176	-0.0163644	-0.983929	-0.000643973
124	2.51383e-09	-0.678674	0.825427	-0.00130319	-0.750771	-0.614281	0.00247952
125	2.51383e-09	-0.87328	0.597349	-0.00237909	-0.551721	-0.800224	-0.000163073
126	2.51383e-09	-1.06265	0.108774	-0.000204147	-0.10332	-0.9589	-0.000375875
127	2.51383e-09	0.407124	-0.97434	-0.00344669	0.897981	0.377401	-0.000480165
128	2.51383e-09	0.921721	-0.546804	0.00282051	0.494107	0.8291	3.54203e-06
129	2.51383e-09	1.04621	0.0895296	0.000440926	-0.0787257	0.976784	-3.05098e-05
130	2.51383e-09	1.02069	-0.288441	-0.00083136	0.260707	0.935986	-0.00171133
131	2.51383e-09	-1.07237	-0.10135	-0.000969017	0.0844627	-0.959719	-0.000862284
132	2.51383e-09	-0.190864	-1.05538	-0.0016078	0.952261	-0.172244	0.00200928
133	2.51383e-09	-0.0633439	1.06327	0.00251925	-0.968919	-0.0604071	0.00221262
134	2.51383e-09	0.413783	0.976664	-0.000835815	-0.892897	0.381978	0.00231186
135	2.51383e-09	-1.04831	-0.188074	0.000672588	0.169763	-0.951296	0.000609653
136	2.51383e-09	0.941909	-0.531752	0.00109714	0.472671	0.835904	-4.19338e-05
137	2.51383e-09	0.467741	0.955551	-0.00268498	-0.868856	0.426107	0.00167752
138	2.51383e-09	1.05637	0.168659	0.00160017	-0.15024	0.955189	-0.00070629
139	2.51383e-09	-0.33845	1.01408	0.000243746	-0.918414	-0.304892	0.00208925
140	2.51383e-09	0.574198	-0.922113	-0.000601967	0.814882	0.506643	-0.00247353
141	2.51383e-09	-0.428795	0.984494	0.00204486	-0.884952	-0.380467	-0.000327045
142	2.51383e-09	0.973337	0.470345	-0.00168123	-0.413852	0.866144	0.00176957
143	2.51383e-09	0.0853426	-1.06388	0.0018971	0.965255	0.076593	-0.000371862
144	2.51383e-09	0.222257	1.06264	-0.00134026	-0.939681	0.199754	0.00218184
145	2.51383e-09	0.36819	0.995256	0.000463186	-0.90949	0.337891	0.000726808
146	2.51383e-09	-0.908977	-0.61183	-0.00285849	0.5371	-0.790462	-0.000892774
147	2.51383e-09	0.598776	-0.903804	0.000811368	0.798804	0.530611	0.0012924
148	2.51383e-09	-0.951127	0.53909	-0.000686683	-0.468725	-0.830853	-0.000168482
149	2.51383e-09	0.0627508	-1.0556	-0.000846406	0.974078	0.0485475	0.00102597
150	2.51383e-09	0.567365	-0.917103	0.000776821	0.820538	0.504774	0.003124
151	2.51383e-09	-1.0048	-0.382642	0.00123668	0.341795	-0.90223	-0.000837527
152	2.51383e-09	-0.700966	-0.803747	0.000483754	0.73321	-0.638826	0.000398132
153	2.51383e-09	0.932223	-0.569862	0.00141698	0.497179	0.81662	0.00196882
154	2.51383e-09	-0.940231	0.56671	-0.00219829	-0.49397	-0.815662	0.000355599
155	2.51383e-09	-1.02017	-0.330806	-0.00222639	0.295697	-0.920699	-0.00282731
156	2.51383e-09	-1.07955	-0.167126	0.00230926	0.153751	-0.942358	0.000111633
157	2.51383e-09	0.432893	0.979341	0.000549305	-0.88291	0.391075	0.000712943
158	2.51383e-09	0.855417	-0.677287	0.00450249	0.595777	0.749004	0.000169265
159	2.51383e-09	0.118221	-1.07048	-0.000326437	0.955851	0.109967	0.00299427
160	2.51383e-09	-0.242228	-1.04733	-0.000772975	0.939007	-0.220483	0.00151406
161	2.51383e-09	-1.04616	-0.300259	-0.00101075	0.262974	-0.920906	-0.00046154
162	2.51383e-09	-0.976865	-0.46973	0.0023174	0.417844	-0.866448	-0.00124319
163	2.51383e-09	0.79771	0.722925	-0.00135681	-0.649415	0.712247	0.00134553
164	2.51383e-09	-0.450512	-0.966912	0.00280602	0.87997	-0.404564	0.000520608
165	2.51383e-09	0.0363342	1.09616	-0.00128863	-0.95598	0.036191	0.000458654
166	2.51383e-09	1.06393	-0.247769	-3.76538e-06	0.216174	0.930099	0.0002567
167	2.51383e-09	-0.971588	-0.426583	0.00427161	0.38928	-0.893511	-0.000785576
168	2.51383e-09	-0.0496109	1.08277	-0.000457265	-0.958145	-0.050739	-0.00161626
169	2.51383e-09	0.996879	-0.405597	-0.00120493	0.362329	0.894539	0.00128954
170	2.51383e-09	-0.908016	0.613361	0.0015562	-0.53534	-0.789619	-0.00286968
171	2.51383e-09	-0.236179	1.06018	-0.00228131	-0.93717	-0.209157	0.00188163
172	2.51383e-09	0.875793	-0.670661	-0.00107453	0.580747	0.754932	-0.00142249
173	2.51383e-09	0.0203757	1.1007	-0.000442432	-0.952863	0.0160202	-0.000994255
174	2.51383e-09	0.0351466	-1.09804	0.00083628	0.954373	0.0329715	-0.00051773
175	2.51383e-09	-0.823881	0.721516	0.00201596	-0.623317	-0.721243	-8.20064e-05
176	2.51383e-09	0.570596	0.91867	-0.00173783	-0.816423	0.505557	0.00123229
177	2.51383e-09	-0.229711	1.07275	-0.00220012	-0.934981	-0.200104	0.000297034
178	2.51383e-09	1.00231	0.418377	0.00108073	-0.370114	0.884766	-0.000679543
179	2.51383e-09	0.813674	0.73464	-0.000755878	-0.642719	0.706056	0.000313271
180	2.51383e-09	-1.00008	0.422427	-0.00158106	-0.377834	-0.87947	0.00145794
181	2.51383e-09	-0.349524	1.03277	0.000782	-0.908546	-0.308074	-0.000861851
182	2.51383e-09	-0.938572	0.554284	0.00114311	-0.489878	-0.823293	-0.00241933
183	2.51383e-09	0.441352	1.01354	0.00180641	-0.872638	0.378196	-0.000715747
184	2.51383e-09	1.10577	0.0113364	0.000135764	-0.00762498	0.950838	-0.00155796
185	2.51383e-09	1.07153	0.154345	-0.000326946	-0.136676	0.951635	-0.000254362
186	2.51383e-09	0.471022	0.967918	0.000443322	-0.872886	0.416624	0.00119231
187	2.51383e-09	-1.07065	-0.0865789	-4.44397e-05	0.0760227	-0.962356	0.00162939
188	2.51383e-09	0.706174	0.848448	0.00102698	-0.733331	0.608323	0.00184457
189	2.51383e-09	-0.473043	-0.99817	-0.00212138	0.857384	-0.408905	0.000148339
190	2.51383e-09	0.977294	-0.517204	-0.00270471	0.438688	0.84208	0.000866525
191	2.51383e-09	-0.629802	-0.896021	0.00240824	0.780365	-0.551012	-0.000883972
192	2.51383e-09	-0.646686	0.896184	-0.00248547	-0.771202	-0.554406	-0.000850576
193	2.51383e-09	0.969957	-0.519108	-0.00131696	0.447686	0.841924	-0.00137948
194	2.51383e-09	-1.09816	0.21599	0.00202832	-0.18441	-0.927222	-0.000954295
195	2.51383e-09	-0.581459	-0.927268	0.0012695	0.808416	-0.505697	0.000669306
196	2.51383e-09	-0.989447	-0.461136	0.00178041	0.409075	-0.86627	-0.000687399
197	2.51383e-09	-0.963088	-0.520041	0.0014614	0.457715	-0.840359	-0.000279448
198	2.51383e-09	1.03795	0.389863	-0.00126058	-0.336349	0.888063	0.00257145
199	2.51383e-09	0.111784	-1.09017	-0.0019791	0.950537	0.0937007	0.00123639
200	2.51383e-09	0.25026	-1.08441	-0.000248924	0.923313	0.21079	3.34391e-05
201	2.51383e-09	0.890643	0.654658	-0.0015534	-0.561766	0.764439	0.00155394
202	2.51383e-09	-0.788308	-0.767269	0.000881348	0.661332	-0.684882	0.00283622
203	2.51383e-09	1.08335	0.0964559	0.000347199	-0.0846379	0.954197	-0.000249021
204	2.51383e-09	-0.998432	-0.480175	-0.000992013	0.413901	-0.853825	-0.000762358
205	2.51383e-09	-0.285114	-1.09168	-0.000562048	0.91219	-0.236118	9.78823e-05
206	2.51383e-09	-0.523166	0.968824	-0.00112229	-0.837562	-0.455359	-0.00185172
207	2.51383e-09	0.755191	-0.818036	0.00126434	0.696669	0.641892	-0.000718762
208	2.51383e-09	-0.260327	1.05513	0.000468734	-0.932699	-0.229587	-0.000327759
209	2.51383e-09	-1.02521	-0.362701	-0.00230399	0.318356	-0.90484	8.30417e-05
210	2.51383e-09	-0.668209	-0.891251	-0.000668597	0.756375	-0.567798	0.000300753
211	2.51383e-09	-0.877858	0.668845	0.00130969	-0.576357	-0.758038	0.000839264
212	2.51383e-09	-0.0718459	1.12015	-0.000185796	-0.941687	-0.0608502	0.00100998
213	2.51383e-09	0.458919	0.995017	0.00103076	-0.86878	0.400683	-0.00099787
214	2.51383e-09	0.770877	-0.784829	0.00102978	0.685639	0.665673	1.11561e-07
215	2.51383e-09	0.0910201	-1.11369	2.57973e-06	0.94002	0.0762854	0.00145845
216	2.51383e-09	0.11729	1.11656	-0.00102309	-0.936718	0.0961559	0.00110259
217	2.51383e-09	-0.963278	-0.57965	-0.000711003	0.485791	-0.804107	-0.000639347
218	2.51383e-09	-0.65848	-0.862575	0.000995733	0.762953	-0.579684	-0.000636674
219	2.51383e-09	-1.11448	-0.0742382	-0.000871769	0.0626679	-0.943368	0.000903708
220	2.51383e-09	-0.414304	1.02529	0.00237208	-0.883239	-0.356381	-0.00130165
221	2.51383e-09	-0.746604	0.805554	0.00255346	-0.700724	-0.649541	-0.0018816
222	2.51383e-09	0.0520341	1.12355	-0.000557303	-0.939263	0.0447627	0.00180163
223	2.51383e-09	0.267508	1.08357	-0.000177715	-0.918504	0.232109	0.000970536
224	2.51383e-09	-0.339819	1.0389	0.00160068	-0.912131	-0.298875	0.000573417
225	2.51383e-09	1.09194	0.195898	-0.00104137	-0.169468	0.937107	-0.000532055
226	2.51383e-09	0.57445	0.96863	-0.00212222	-0.810412	0.481427	-0.00117133
227	2.51383e-09	0.211074	1.08017	5.57229e-05	-0.938084	0.184783	0.00208363
228	2.51383e-09	-0.133715	1.10867	0.00135909	-0.938876	-0.116025	-0.000572034
229	2.51383e-09	0.65033	-0.922999	0.00384048	0.769965	0.538075	-0.000224056
230	2.51383e-09	1.10309	0.292042	-0.00267884	-0.238966	0.903073	-0.00175819
231	2.51383e-09	-0.0853851	-1.13226	-0.00195649	0.935186	-0.0645963	0.000330125
232	2.51383e-09	0.0468742	1.11354	0.00372028	-0.942563	0.0385966	-0.000284593
233	2.51383e-09	0.537136	0.987108	-0.00233923	-0.829	0.443784	-0.0021679
234	2.51383e-09	0.130817	1.11361	-0.00135286	-0.937642	0.10662	-0.00078628
235	2.51383e-09	-0.928837	-0.601792	-0.00137362	0.515694	-0.801236	-0.00355976
236	2.51383e-09	-0.716635	-0.872525	0.000513136	0.729156	-0.596456	0.00141892
237	2.51383e-09	0.841147	0.739189	0.00181637	-0.625938	0.709178	0.00133254
238	2.51383e-09	-1.12175	0.19861	-0.00100825	-0.157439	-0.922679	-0.000328575
239	2.51383e-09	0.0942193	1.10945	-0.000608602	-0.942543	0.081363	-0.00173975
240	2.51383e-09	0.373086	-1.06299	-0.00131373	0.889301	0.315821	-0.00134216
241	2.51383e-09	-0.0830072	-1.1203	0.00368752	0.939073	-0.0670252	-0.00052868
242	2.51383e-09	1.06889	0.433026	-0.000347819	-0.353057	0.862775	-0.00188483
243	2.51383e-09	0.0804133	1.11776	-0.000603092	-0.942243	0.062228	-0.00253034
244	2.51383e-09	-0.453651	-1.04437	0.000230723	0.859254	-0.369233	0.00253191
245	2.51383e-09	-0.0649755	-1.11676	0.00306946	0.944227	-0.0520677	0.000504852
246	2.51383e-09	1.10171	-0.215941	-0.0013011	0.183046	0.92699	-0.00316336
247	2.51383e-09	-0.0656873	1.10261	-0.00244907	-0.951154	-0.0542113	0.000802447
248	2.51383e-09	0.91347	-0.633988	0.00179176	0.543904	0.778988	0.000888043
249	2.51383e-09	0.694435	-0.884644	0.00204873	0.741793	0.583874	-0.00192585
250	2.51383e-09	0.664501	0.915174	-0.000484428	-0.760666	0.55211	0.00165158
251	2.51383e-09	-0.22012	-1.10912	-0.0030802	0.921465	-0.181666	-0.000967452
252	2.51383e-09	-0.109596	-1.12395	-0.0029764	0.934742	-0.0932375	0.000342624
253	2.51383e-09	1.09871	-0.289126	0.00100273	0.237515	0.907883	0.0010393
254	2.51383e-09	0.878428	0.702559	-0.000416389	-0.590315	0.733416	0.00118084
255	2.51383e-09	0.746525	-0.854738	-0.00215456	0.708879	0.613886	-0.00219479
256	2.51383e-09	-0.515627	-1.01151	0.000719748	0.837626	-0.428441	0.00162053
257	2.51383e-09	-0.85901	0.735367	0.000255962	-0.610196	-0.715902	0.000549443
258	2.51383e-09	-1.08181	-0.325855	0.00329619	0.273685	-0.902214	0.00154134
259	2.51383e-09	1.1163	-0.128444	-0.0011846	0.111082	0.937217	-0.00166608
260	2.51383e-09	0.54439	0.99647	0.00453794	-0.823751	0.446809	-0.000254675
261	2.51383e-09	0.858371	0.753064	0.00198369	-0.614901	0.703798	-0.000478571
262	2.51383e-09	0.915677	0.630047	0.00315311	-0.533668	0.786302	0.00213599
263	2.51383e-09	-1.026	0.488362	0.00118527	-0.404798	-0.846558	0.00127372
264	2.51383e-09	0.0882179	-1.12721	0.000813559	0.937315	0.0760574	0.00106304
265	2.51383e-09	0.797861	-0.819866	-0.000783356	0.670158	0.653853	0.00141833
266	2.51383e-09	1.07619	-0.347953	0.00129714	0.290573	0.895816	-0.00117144
267	2.51383e-09	1.13257	0.0617401	-0.00186922	-0.051771	0.934911	-0.00229294
268	2.51383e-09	0.760817	0.839081	0.000312015	-0.697952	0.629627	0.000391478
269	2.51383e-09	0.914984	0.674883	-7.35902e-05	-0.558697	0.75633	-0.00136903
270	2.51383e-09	-0.0520929	-1.13151	0.000417776	0.939679	-0.0408592	-0.00195715
271	2.51383e-09	0.354756	1.09245	-0.000228058	-0.888519	0.287352	-0.000239891
272	2.51383e-09	0.296211	1.10349	-0.00317886	-0.904305	0.242731	0.000359493
273	2.51383e-09	-0.842167	-0.769605	0.000335529	0.628992	-0.694004	-0.000391361
274	2.51383e-09	0.50863	0.997869	-0.00121488	-0.845945	0.425155	-0.00101862
275	2.51383e-09	-0.0937626	-1.12916	-0.00194647	0.935947	-0.0741719	0.00267479
276	2.51383e-09	-0.673897	0.908627	-0.000992667	-0.755491	-0.559123	0.00106715
277	2.51383e-09	-1.09811	-0.337537	-0.000161406	0.277541	-0.887718	0.00139038
278	2.51383e-09	0.882731	-0.72713	0.00105596	0.598734	0.720061	-0.00013501
279	2.51383e-09	-0.672674	-0.925783	6.28002e-05	0.759545	-0.545913	7.47451e-06
280	2.51383e-09	0.134452	-1.15415	0.00165689	0.920967	0.108483	0.00018648
281	2.51383e-09	-0.363866	-1.07858	-6.71362e-05	0.885811	-0.303767	-0.0006563
282	2.51383e-09	-0.912814	0.684929	-0.00230219	-0.561827	-0.750035	-0.00229534
283	2.51383e-09	1.12622	0.155855	0.00143468	-0.12492	0.927885	-0.00114645
284	2.51383e-09	1.09712	-0.368253	-0.000987801	0.297921	0.878884	0.000853389
285	2.51383e-09	-0.3538	1.09389	0.00150381	-0.89054	-0.28659	0.000804556
286	2.51383e-09	-0.34961	1.07396	0.00226527	-0.895324	-0.293019	0.00188735
287	2.51383e-09	-0.533446	-1.00984	-0.000490303	0.829028	-0.433524	-0.00138668
288	2.51383e-09	0.999338	-0.562682	0.000823708	0.45798	0.815204	0.000648858
289	2.51383e-09	0.938697	-0.668272	-0.00244819	0.541823	0.757558	-0.00163401
290	2.51383e-09	-1.13967	-0.0925487	0.0035657	0.0753669	-0.932034	0.000379402
291	2.51383e-09	1.11513	-0.269325	0.00173047	0.221172	0.906376	0.00121233
292	2.51383e-09	-0.435462	1.0748	-0.00089292	-0.861823	-0.344349	-0.00150967
293	2.51383e-09	-0.774081	0.843351	0.00159482	-0.689255	-0.630467	0.00222456
294	2.51383e-09	-1.1605	-0.116127	-0.00190488	0.0910439	-0.922303	-0.0026258
295	2.51383e-09	1.03193	0.496095	0.00154166	-0.40145	0.841951	0.00046744
296	2.51383e-09	-1.15525	-0.0389961	-0.000587291	0.0273961	-0.930651	-0.000449141
297	2.51383e-09	1.14295	0.0501058	0.00115459	-0.0401193	0.935957	0.000253107
298	2.51383e-09	0.355444	-1.0918	-4.28829e-05	0.889192	0.289298	-0.000136132
299	2.51383e-09	-0.184787	1.14262	-0.00231773	-0.917565	-0.157588	0.0023785
300	2.51383e-09	-0.96979	-0.630052	-0.000854714	0.506084	-0.782848	0.000913502
301	2.51383e-09	-0.83779	0.793687	-0.000564604	-0.634865	-0.679449	-0.000913595
302	2.51383e-09	0.470979	1.07224	0.00316276	-0.843367	0.371951	0.0016906
303	2.51383e-09	-1.09887	-0.35116	0.00176529	0.28767	-0.883969	-0.00212888
304	2.51383e-09	-1.06535	0.464838	0.00173481	-0.368911	-0.84979	0.00136778
305	2.51383e-09	0.191048	-1.12724	-0.00175457	0.921574	0.155029	0.00196779
306	2.51383e-09	0.133932	-1.15277	0.00127742	0.921538	0.102671	0.00235386
307	2.51383e-09	0.233087	-1.12348	-0.00050606	0.914401	0.190709	0.00195592
308	2.51383e-09	0.677956	-0.954392	0.00220456	0.752828	0.532954	9.25468e-05
309	2.51383e-09	1.13367	-0.205418	0.00138088	0.166911	0.915652	-0.000705276
310	2.51383e-09	1.139	-0.133397	-0.00163207	0.103431	0.929601	-0.000345798
311	2.51383e-09	0.880347	0.744329	-0.00181883	-0.602107	0.712617	0.00159265
312	2.51383e-09	0.822711	-0.825389	-0.000767157	0.657189	0.654317	-0.0019687
313	2.51383e-09	-0.0328239	-1.15482	0.00282912	0.930041	-0.0252176	2.38503e-06
314	2.51383e-09	-0.180518	1.14244	-0.00166858	-0.917747	-0.145855	0.0016006
315	2.51383e-09	-0.865954	0.790078	0.000903551	-0.624365	-0.680133	-0.00166303
316	2.51383e-09	-0.684337	-0.937491	0.00244764	0.751105	-0.546512	0.000242982
317	2.51383e-09	-0.0107178	1.14978	-2.39708e-05	-0.934575	-0.00679711	-0.00150426
318	2.51383e-09	-1.00546	0.580327	0.00286296	-0.467274	-0.801924	-0.0011993
319	2.51383e-09	0.579237	1.01264	-0.00313627	-0.803383	0.458692	0.000137107
320	2.51383e-09	-0.713149	-0.945533	-0.000836066	0.730152	-0.554881	-0.00036177
321	2.51383e-09	-0.56232	1.02732	-0.00107148	-0.808644	-0.441981	-1.47002e-05
322	2.51383e-09	1.16825	0.0823249	0.000838148	-0.0657514	0.917751	0.000890937
323	2.51383e-09	-0.594515	-1.01679	-0.000728105	0.792185	-0.466747	0.00254381
324	2.51383e-09	-1.17536	-0.0648585	-0.00214538	0.0501516	-0.921675	0.00232433
325	2.51383e-09	1.05275	-0.495946	-0.000640581	0.392683	0.840089	-0.000450257
326	2.51383e-09	-0.117859	-1.16841	0.00203322	0.917326	-0.0985077	0.00113758
327	2.51383e-09	1.02355	-0.572912	-0.00201126	0.450581	0.807387	-0.00180534
328	2.51383e-09	0.341603	-1.09719	-0.000527185	0.891265	0.278706	-0.000619261
329	2.51383e-09	-0.700061	0.953033	-0.000382703	-0.743733	-0.545731	0.00237852
330	2.51383e-09	-0.867349	-0.766141	0.000731963	0.616412	-0.695589	0.000363965
331	2.51383e-09	0.811217	-0.822142	-0.00014805	0.665343	0.652964	0.0022524
332	2.51383e-09	0.720262	-0.907667	0.000514567	0.724624	0.58114	0.000624251
333	2.51383e-09	0.931148	-0.725248	0.00156652	0.565904	0.725296	-0.000260658
334	2.51383e-09	0.81444	0.845563	0.00106692	-0.664967	0.64259	-0.000731561
335	2.51383e-09	0.809679	-0.861547	0.000804838	0.666944	0.632411	-0.000739248
336	2.51383e-09	-0.48523	1.07148	2.61812e-05	-0.838909	-0.379667	-0.000841158
337	2.51383e-09	-1.03093	0.569383	0.00185362	-0.441997	-0.80655	-0.000624863
338	2.51383e-09	1.17545	0.0413381	0.000338485	-0.0338747	0.919959	0.00142869
339	2.51383e-09	-0.135561	-1.18623	0.00102449	0.907774	-0.100177	-3.70935e-06
340	2.51383e-09	1.15677	0.257836	0.00171136	-0.19885	0.896783	-0.000896285
341	2.51383e-09	1.09773	0.448232	-0.00045693	-0.350738	0.845744	-0.000450586
342	2.51383e-09	-1.16784	0.0275862	0.000647826	-0.0215749	-0.925549	0.00100623
343	2.51383e-09	0.237296	-1.14006	-0.00163579	0.908487	0.183226	0.0009853
344	2.51383e-09	-1.13246	-0.315729	-0.00142688	0.244415	-0.889918	0.00037068
345	2.51383e-09	-0.676752	-0.954667	-0.000777862	0.754566	-0.533298	0.00176102
346	2.51383e-09	-0.724308	0.905001	-0.00174092	-0.727431	-0.577174	-0.000412743
347	2.51383e-09	-1.05885	-0.487683	-0.0014578	0.384204	-0.84434	0.000211385
348	2.51383e-09	-0.610729	1.02088	-0.000517971	-0.78606	-0.468884	-0.00082735
349	2.51383e-09	1.15421	0.155177	0.00171479	-0.122733	0.921419	0.00206182
350	2.51383e-09	0.529302	1.04805	-0.00245354	-0.82176	0.417602	0.000416706
351	2.51383e-09	1.14894	-0.280393	-0.000163799	0.213033	0.896164	0.000839265
352	2.51383e-09	-0.553817	-1.04619	-0.00386055	0.812146	-0.428816	-0.00069036
353	2.51383e-09	-0.896262	0.782191	-0.000318137	-0.601261	-0.693636	0.000679901
354	2.51383e-09	1.09949	0.4421	0.0016963	-0.340208	0.853513	-0.000712426
355	2.51383e-09	1.05354	-0.49716	-0.000860999	0.393661	0.838569	0.00145433
356	2.51383e-09	1.18731	-0.0941278	-0.000513448	0.0721816	0.912245	0.000545031
357	2.51383e-09	-1.16613	0.180618	-0.0011882	-0.140046	-0.908848	-0.0007945
358	2.51383e-09	0.440689	-1.11946	-0.000913533	0.84828	0.333837	-0.000258675
359	2.51383e-09	0.482912	-1.09333	0.000836731	0.840429	0.365103	-0.000483014
360	2.51383e-09	-0.143886	1.1532	-0.000906602	-0.922184	-0.11506	0.00166043
361	2.51383e-09	1.04764	-0.525757	-0.000908059	0.415911	0.825045	0.000120677
362	2.51383e-09	0.448371	1.09183	-0.000506619	-0.852219	0.347023	0.00178541
363	2.51383e-09	-0.499688	-1.06208	0.000712982	0.839214	-0.390573	-0.00228193
364	2.51383e-09	-0.335727	-1.11799	0.00168546	0.885772	-0.272527	0.00136634
365	2.51383e-09	-1.18362	-0.149617	0.00096763	0.112357	-0.90836	0.000874165
366	2.51383e-09	-1.19225	0.0665841	0.00226015	-0.0495698	-0.911895	-0.00125526
367	2.51383e-09	-1.13952	0.371785	-0.00140398	-0.28199	-0.86533	-0.000837004
368	2.51383e-09	1.03144	0.593643	-0.000782201	-0.459791	0.794213	-0.00192773
369	2.51383e-09	1.13219	0.399358	0.000259905	-0.305664	0.85902	0.00138228
370	2.51383e-09	0.0596242	-1.18789	0.0012664	0.916982	0.0436332	-0.00107889
371	2.51383e-09	0.60373	-1.04934	-0.00368707	0.789882	0.447518	-0.00143114
372	2.51383e-09	0.0631599	-1.18334	0.00171873	0.916923	0.0495678	0.000991509
373	2.51383e-09	0.963014	0.692107	0.00114399	-0.536836	0.7447	0.000253562
374	2.51383e-09	-1.08401	0.53013	-0.000510225	-0.400736	-0.81584	-0.00201667
375	2.51383e-09	0.97645	0.687852	1.6833e-05	-0.525083	0.749102	0.000239887
376	2.51383e-09	1.18488	0.132442	-0.00161183	-0.0995307	0.909228	0.000978698
377	2.51383e-09	1.17005	-0.219099	-0.00257917	0.163956	0.902399	9.4253e-05
378	2.51383e-09	1.18777	0.158517	-0.000440308	-0.120413	0.905095	0.0024064
379	2.51383e-09	1.00057	0.631703	0.00041133	-0.48311	0.781118	-2.92878e-05
380	2.51383e-09	1.08314	0.474076	-0.00173659	-0.367635	0.842103	-0.000733917
381	2.51383e-09	1.15728	-0.260752	0.00150268	0.20544	0.895888	0.000465945
382	2.51383e-09	-0.876839	-0.814987	-0.000825725	0.62016	-0.668152	0.000746971
383	2.51383e-09	0.653311	-0.980088	-0.0015685	0.766718	0.508174	-0.00264158
384	2.51383e-09	-0.110769	-1.20242	0.00286305	0.904851	-0.0838333	-0.00110401
385	2.51383e-09	0.0223872	-1.18147	0.00180349	0.920598	0.0179384	0.000124694
386	2.51383e-09	0.222039	-1.18211	-0.000217683	0.895577	0.173766	-0.000285251
387	2.51383e-09	-0.889031	0.80685	-0.00407684	-0.615337	-0.672953	0.000440804
388	2.51383e-09	1.01656	0.653284	0.000683729	-0.497349	0.761035	0.000810245
389	2.51383e-09	1.09301	0.482756	-0.00145	-0.369513	0.83754	-0.00191911
390	2.51383e-09	0.901302	0.773284	0.0011016	-0.594929	0.700516	0.00065648
391	2.51383e-09	0.916589	-0.785975	-0.00179311	0.594896	0.688564	0.00131087
392	2.51383e-09	-0.140994	-1.19368	0.00225139	0.906901	-0.10547	-0.00062929
393	2.51383e-09	0.634108	-1.0251	0.000521899	0.776987	0.477878	-0.00129724
394	2.51383e-09	-0.635866	-1.01293	0.0013405	0.777633	-0.482372	-0.000727725
395	2.51383e-09	1.12562	0.421491	-0.000476018	-0.322259	0.852134	-0.000754064
396	2.51383e-09	-1.06921	0.533705	0.00193034	-0.412053	-0.818559	0.0008069
397	2.51383e-09	1.15123	0.349221	-0.000645749	-0.265519	0.873823	-0.00319666
398	2.51383e-09	0.743287	-0.952035	-0.000397602	0.721584	0.555492	0.00137898
399	2.51383e-09	0.772268	-0.924906	0.00201443	0.696849	0.585093	0.00153434
400	2.51383e-09	0.0849937	-1.18454	-0.00171736	0.917474	0.0613495	0.000757242
