3.266999e+03
401
0	1	0.000150999	9.36618e-05	-1.37887e-07	2.77674e-08	-4.18505e-09	8.95047e-12
1	2.51383e-09	-0.77591	0.635953	-0.000228327	-0.628765	-0.773336	-0.000659211
2	2.51383e-09	0.0226539	1.00748	-0.000959825	-0.995582	0.0242492	0.000358904
3	2.51383e-09	-0.258266	0.965474	0.000582587	-0.966525	-0.259428	-0.00102104
4	2.51383e-09	0.932871	-0.358039	-0.00066019	0.356711	0.93451	0.000486901
5	2.51383e-09	0.758068	0.648764	-0.000770909	-0.651282	0.761507	0.000384519
6	2.51383e-09	0.95608	-0.3228	-0.00156668	0.319047	0.942462	-0.000315764
7	2.51383e-09	0.820581	-0.581795	-0.00252867	0.577112	0.811812	-0.00232725
8	2.51383e-09	-0.563245	0.830118	0.000259011	-0.824539	-0.560333	-0.000412307
9	2.51383e-09	0.818596	-0.575761	0.000429987	0.573966	0.819402	0.000607658
10	2.51383e-09	-0.462202	0.885882	-0.000220109	-0.885507	-0.466895	0.000911021
11	2.51383e-09	0.813123	0.589597	0.000656713	-0.585724	0.808012	-0.000172544
12	2.51383e-09	0.578492	-0.836632	2.19349e-05	0.816396	0.564785	-9.89916e-05
13	2.51383e-09	0.609227	-0.805838	-0.00226063	0.794256	0.596589	0.00136411
14	2.51383e-09	0.862218	0.531508	0.00118112	-0.515724	0.846307	0.000521434
15	2.51383e-09	0.66002	-0.75736	-0.00114422	0.757702	0.650151	-0.00101559
16	2.51383e-09	-1.00281	0.0365825	-0.000655519	-0.0378975	-0.997235	0.000614799
17	2.51383e-09	0.156796	0.985005	-0.000546456	-0.989199	0.15896	-0.00152173
18	2.51383e-09	0.946135	0.373427	0.00111893	-0.365325	0.919792	0.00135714
19	2.51383e-09	-0.900305	0.461297	0.00177912	-0.457868	-0.883209	-0.000673105
20	2.51383e-09	0.966595	0.347468	-0.0020625	-0.337007	0.928951	0.00193679
21	2.51383e-09	-0.416917	-0.925791	-0.00183245	0.902631	-0.404161	0.000339325
22	2.51383e-09	0.37601	0.942115	-0.00190443	-0.924098	0.36597	-0.000707247
23	2.51383e-09	-0.741294	-0.688815	0.00226454	0.681467	-0.727052	-0.000597292
24	2.51383e-09	0.442765	-0.918092	0.00060215	0.88769	0.432198	-0.00106328
25	2.51383e-09	-0.224598	0.993302	0.00121696	-0.966963	-0.219885	0.00241746
26	2.51383e-09	-0.46963	0.895621	0.000382236	-0.882987	-0.459159	-0.00168149
27	2.51383e-09	-0.925972	0.38946	0.000256006	-0.391711	-0.91962	0.00231436
28	2.51383e-09	0.314977	0.973468	0.000520248	-0.939012	0.302641	-0.00013195
29	2.51383e-09	-0.0500965	-1.01824	-0.00152509	0.9901	-0.0471518	0.000740741
30	2.51383e-09	0.0515495	-1.0086	0.00245046	0.994716	0.0482239	0.000201982
31	2.51383e-09	-0.434277	0.913404	0.0010433	-0.897125	-0.428596	-0.000346294
32	2.51383e-09	-0.702904	-0.720504	-0.000386571	0.713504	-0.696989	0.00114328
33	2.51383e-09	-0.11533	-1.01573	-0.00155653	0.981966	-0.114151	-0.000404478
34	2.51383e-09	0.0857077	1.02941	-0.00172271	-0.981437	0.0807112	-3.32216e-05
35	2.51383e-09	-1.00667	-0.124089	-0.00099714	0.126042	-0.987268	0.000952558
36	2.51383e-09	0.149925	1.00725	-0.000755115	-0.978463	0.145259	-0.00166136
37	2.51383e-09	-0.821629	-0.611183	0.000170966	0.589347	-0.789739	-0.00297905
38	2.51383e-09	0.995197	0.146012	-0.00129742	-0.144408	0.98656	0.000370112
39	2.51383e-09	0.461665	-0.895574	0.000635361	0.885973	0.457779	-0.00119113
40	2.51383e-09	-1.00512	-0.066972	0.000336534	0.0650853	-0.994282	0.0017859
41	2.51383e-09	0.830424	-0.584293	0.00194495	0.5712	0.811502	0.00153994
42	2.51383e-09	-0.827919	0.606321	0.00141459	-0.582454	-0.797992	-0.00132101
43	2.51383e-09	-0.342208	0.956168	-0.00266121	-0.935859	-0.333064	0.000623335
44	2.51383e-09	0.948397	0.400205	-0.000551291	-0.376431	0.910235	-0.00204219
45	2.51383e-09	0.989122	0.2893	-0.000511524	-0.273985	0.945937	-0.00207379
46	2.51383e-09	0.287093	0.986662	0.000464509	-0.946704	0.273964	-0.00200367
47	2.51383e-09	0.838004	-0.577075	0.000134609	0.559394	0.819276	-0.00138372
48	2.51383e-09	0.974587	-0.310359	-7.9789e-05	0.302187	0.941148	0.000409825
49	2.51383e-09	-0.116179	-1.01989	-0.00127746	0.981841	-0.109477	0.000822888
50	2.51383e-09	0.984431	0.286008	-0.00218103	-0.275313	0.94952	-0.00059454
51	2.51383e-09	-0.942838	-0.394458	-0.000476042	0.382306	-0.90969	0.000573298
52	2.51383e-09	0.917085	-0.474839	-0.000425675	0.45201	0.874526	0.000152466
53	2.51383e-09	-0.392245	0.943599	0.00103739	-0.912677	-0.381011	0.000599309
54	2.51383e-09	1.00844	0.138982	-0.000917362	-0.13582	0.97936	-0.00017925
55	2.51383e-09	0.772034	0.690325	-0.00065449	-0.653096	0.735469	-0.000287845
56	2.51383e-09	-0.257461	-0.996738	-0.00178712	0.952034	-0.248958	-0.00230656
57	2.51383e-09	0.950619	0.404136	-0.00110939	-0.387374	0.906044	0.000658754
58	2.51383e-09	-0.763523	-0.703138	-0.000232873	0.664292	-0.721642	-0.00216969
59	2.51383e-09	-1.02415	-0.0879901	-0.00129215	0.0759111	-0.98268	-0.000546749
60	2.51383e-09	0.900111	0.490688	0.00103802	-0.475629	0.864712	-0.00269537
61	2.51383e-09	-1.03886	-0.108478	0.00166425	0.102171	-0.970998	-0.00142271
62	2.51383e-09	-0.699153	0.756604	0.00175321	-0.722703	-0.668946	0.000398449
63	2.51383e-09	0.549398	-0.868761	-6.99004e-05	0.83407	0.522908	-0.000347489
64	2.51383e-09	-0.851542	-0.571725	7.41952e-05	0.551414	-0.820016	0.00156461
65	2.51383e-09	0.461895	0.926904	0.00175407	-0.878069	0.437901	-0.0010828
66	2.51383e-09	-1.00273	0.254698	-0.0019086	-0.241819	-0.950248	-0.00101647
67	2.51383e-09	0.391863	-0.963434	-0.000102432	0.907843	0.369571	0.00227933
68	2.51383e-09	-0.995765	0.274352	0.000226404	-0.263289	-0.945373	0.0016618
69	2.51383e-09	-0.797862	0.649776	0.000760663	-0.622634	-0.765566	-0.00159577
70	2.51383e-09	-0.0416447	-1.02532	0.000276135	0.987796	-0.0411282	-0.00266154
71	2.51383e-09	0.363618	0.972729	-0.000688182	-0.919392	0.342506	-0.00171649
72	2.51383e-09	-0.242435	-1.02612	0.00166122	0.944243	-0.225417	-0.00083052
73	2.51383e-09	0.929881	0.457842	-7.73832e-05	-0.433979	0.879612	-0.00184368
74	2.51383e-09	0.641459	0.817284	0.000489134	-0.768305	0.609538	-0.00222306
75	2.51383e-09	-0.795152	0.657414	-0.000552282	-0.627365	-0.760844	-0.000598031
76	2.51383e-09	-0.302454	-1.00375	0.000195922	0.935163	-0.283268	0.000127822
77	2.51383e-09	0.00438589	-1.05635	-0.000105545	0.972788	0.00401936	0.000214716
78	2.51383e-09	0.940343	0.447863	0.000409355	-0.417029	0.887782	-0.0011549
79	2.51383e-09	-0.658862	-0.800636	0.00259556	0.75483	-0.625095	0.00161995
80	2.51383e-09	-1.04132	0.00209654	-0.000601469	-0.00291167	-0.981047	-0.00124324
81	2.51383e-09	-0.523152	0.905137	5.08915e-05	-0.847485	-0.487644	0.000125214
82	2.51383e-09	-0.0144919	-1.05238	-0.000472874	0.973141	-0.0174252	0.000142767
83	2.51383e-09	-0.994872	-0.287143	-0.00192102	0.271173	-0.946224	0.000848572
84	2.51383e-09	1.04285	0.0366538	0.00152181	-0.0370319	0.976901	-0.00171615
85	2.51383e-09	0.962964	0.376732	0.000275553	-0.357877	0.91524	0.00205084
86	2.51383e-09	0.897606	-0.5324	-0.000183554	0.500557	0.842704	-0.000975107
87	2.51383e-09	-1.04165	0.0123028	0.00121722	-0.0159697	-0.977025	0.000205391
88	2.51383e-09	-0.384853	-0.961289	-0.00232189	0.91209	-0.364003	0.000546244
89	2.51383e-09	-0.290573	1.01939	-0.000857235	-0.933732	-0.268562	-0.000709162
90	2.51383e-09	0.401323	-0.96855	-0.000454306	0.90129	0.373338	0.0021042
91	2.51383e-09	-0.767514	-0.710466	-0.000528082	0.665659	-0.713788	0.000234268
92	2.51383e-09	-0.950974	-0.450352	0.00152759	0.420248	-0.879339	-0.0007776
93	2.51383e-09	-1.03152	0.219342	0.00256985	-0.205504	-0.952254	0.000835465
94	2.51383e-09	0.480553	0.92334	-0.00132055	-0.870209	0.454319	0.00127433
95	2.51383e-09	1.02035	0.225337	0.000698765	-0.212681	0.954452	0.000302338
96	2.51383e-09	0.819646	0.65101	0.000997444	-0.611476	0.765652	0.000312123
97	2.51383e-09	0.466074	-0.943311	0.0033773	0.876731	0.426675	0.00194986
98	2.51383e-09	1.05638	0.0269293	-0.00142805	-0.0223087	0.97348	-0.00148089
99	2.51383e-09	-1.01625	-0.302753	-0.000314581	0.279954	-0.930931	0.000887246
100	2.51383e-09	-0.670538	0.807163	0.000732824	-0.7538	-0.620889	-0.00118394
101	2.51383e-09	0.0967636	-1.02841	0.000403254	0.979887	0.0944686	-0.000372555
102	2.51383e-09	0.593809	0.862366	0.000141202	-0.800727	0.556954	-0.00130906
103	2.51383e-09	-1.03249	-0.173026	-0.00151272	0.161986	-0.9663	-0.00147246
104	2.51383e-09	-0.600871	0.860592	-0.00149726	-0.803204	-0.557841	-3.35607e-05
105	2.51383e-09	-0.773836	0.711087	-0.000396448	-0.654864	-0.722491	-0.00014424
106	2.51383e-09	1.0172	-0.26164	-0.0020942	0.242313	0.944459	-0.000347464
107	2.51383e-09	-0.638097	-0.833479	0.000970526	0.777867	-0.593867	-0.00151306
108	2.51383e-09	-0.96487	0.449751	-0.000294517	-0.410647	-0.878322	-0.00174689
109	2.51383e-09	-1.03126	0.255975	0.00158536	-0.235518	-0.939616	-0.000520796
110	2.51383e-09	0.781545	0.702151	-0.000425163	-0.654827	0.7258	0.0012454
111	2.51383e-09	-0.379556	-1.00277	0.000265576	0.902324	-0.342371	0.000475304
112	2.51383e-09	-0.755733	-0.733614	0.000725092	0.679207	-0.701166	0.00134798
113	2.51383e-09	0.0581225	-1.05621	-0.00192759	0.970875	0.0514337	0.00120948
114	2.51383e-09	0.391695	-0.971874	-0.00203452	0.905185	0.367653	-0.000594323
115	2.51383e-09	1.00345	0.36695	-0.0019146	-0.334378	0.905587	0.00141487
116	2.51383e-09	0.38115	0.983735	-0.00124021	-0.906166	0.353887	-0.000499242
117	2.51383e-09	-0.535719	-0.91523	-0.00174263	0.838734	-0.490947	0.000599711
118	2.51383e-09	0.608471	-0.875522	0.00196734	0.796641	0.550743	0.00178603
119	2.51383e-09	0.536575	-0.907742	0.00210743	0.837699	0.494667	0.000178907
120	2.51383e-09	0.581131	-0.87655	-0.00297259	0.813652	0.538209	0.000722091
121	2.51383e-09	0.94064	-0.508629	-0.0011864	0.45769	0.850357	-0.000996658
122	2.51383e-09	0.049364	-1.06455	0.00102666	0.968818	0.0432404	-0.001557
123	2.51383e-09	0.451283	-0.947224	-0.00186723	0.883281	0.414427	-0.000135403
124	2.51383e-09	-0.935597	0.521203	-0.00245258	-0.473557	-0.844927	-0.000525894
125	2.51383e-09	1.04148	-0.180712	0.000408706	0.164525	0.958115	0.000962874
126	2.51383e-09	0.137457	-1.05211	0.000346305	0.961373	0.132643	-0.0011412
127	2.51383e-09	0.526879	0.921763	-0.00102949	-0.841455	0.483947	0.00241481
128	2.51383e-09	0.567907	-0.896458	2.41184e-05	0.822162	0.517466	-0.00104714
129	2.51383e-09	-0.530773	0.924732	0.00141627	-0.839201	-0.478398	-0.00173293
130	2.51383e-09	-0.104005	-1.04999	-0.000581454	0.969044	-0.0932006	0.000496448
131	2.51383e-09	0.259562	-1.04347	0.000210872	0.934932	0.234492	-0.00202539
132	2.51383e-09	0.21422	1.05692	0.00100648	-0.941542	0.194828	0.00121149
133	2.51383e-09	-0.891202	-0.580888	0.00331191	0.530234	-0.810621	0.000111195
134	2.51383e-09	0.652107	0.841493	-0.000202706	-0.76255	0.596586	-0.0013942
135	2.51383e-09	0.205594	1.05294	0.000491663	-0.945684	0.18734	-0.0021005
136	2.51383e-09	1.05586	-0.20504	0.0018571	0.183791	0.946154	0.00166222
137	2.51383e-09	0.686018	-0.81267	0.00244646	0.742235	0.62528	-0.00142507
138	2.51383e-09	-0.654123	-0.84646	-0.00174639	0.765552	-0.590257	0.000323512
139	2.51383e-09	-0.637112	-0.856404	0.000896075	0.777067	-0.576354	0.000810978
140	2.51383e-09	0.147151	-1.06981	-0.000764056	0.954558	0.130495	0.000269966
141	2.51383e-09	-0.432994	-0.987969	0.000825737	0.879104	-0.384839	-0.00234142
142	2.51383e-09	0.254668	1.05065	-0.00160487	-0.932431	0.223967	0.000112599
143	2.51383e-09	0.17304	-1.05377	-0.000532051	0.955623	0.157289	-0.000960881
144	2.51383e-09	-0.456037	-0.98758	0.00202181	0.87114	-0.398432	0.000231806
145	2.51383e-09	0.986885	-0.4159	0.00146672	0.374431	0.891095	3.23189e-05
146	2.51383e-09	0.770008	0.777051	0.000150638	-0.676844	0.674614	0.000896517
147	2.51383e-09	-0.294312	-1.04681	0.000265065	0.919478	-0.263677	-0.00172815
148	2.51383e-09	0.65513	0.85817	-0.000943703	-0.76338	0.588568	0.000510586
149	2.51383e-09	0.113552	1.06469	0.000137766	-0.962396	0.0926831	0.000798938
150	2.51383e-09	0.834312	0.681763	0.000818685	-0.610883	0.744928	0.00261992
151	2.51383e-09	-0.0205957	-1.07738	0.00067672	0.963695	-0.0183882	-0.00122454
152	2.51383e-09	0.524878	-0.932156	-0.00105778	0.843271	0.471448	-0.00179271
153	2.51383e-09	-0.380155	-1.02028	-0.00100737	0.896866	-0.333531	-0.000650601
154	2.51383e-09	-1.08188	-0.180436	-0.00151453	0.155825	-0.938814	2.05364e-05
155	2.51383e-09	-0.0837198	-1.07462	-0.00111328	0.958422	-0.0759734	0.00210802
156	2.51383e-09	-0.912129	0.568125	-0.00215072	-0.514963	-0.816556	0.0006781
157	2.51383e-09	-0.339933	1.01762	-0.000849345	-0.915894	-0.308299	0.00110443
158	2.51383e-09	0.397582	-1.01817	-0.00125688	0.891765	0.344416	0.00115462
159	2.51383e-09	-0.392572	0.996084	0.00276956	-0.899089	-0.355385	-0.000689558
160	2.51383e-09	-0.989624	0.414466	0.000260025	-0.373876	-0.892334	-0.0011749
161	2.51383e-09	-0.304782	1.04132	-0.00104004	-0.922088	-0.272148	0.000582581
162	2.51383e-09	0.848922	0.673323	0.00121158	-0.599235	0.752009	-0.000962696
163	2.51383e-09	1.04199	0.274275	-0.00108888	-0.244704	0.931239	-0.00189023
164	2.51383e-09	0.486428	0.94299	-0.000323587	-0.861174	0.448408	-0.000577776
165	2.51383e-09	0.152575	1.08349	-0.00136283	-0.946696	0.136668	0.00139285
166	2.51383e-09	-0.748688	-0.784789	-0.000405652	0.696102	-0.661793	0.000298262
167	2.51383e-09	0.490201	-0.963136	0.00275712	0.861277	0.432017	-0.000826812
168	2.51383e-09	1.01972	-0.381654	-0.000318656	0.335827	0.893774	0.0013539
169	2.51383e-09	1.07029	-0.149941	0.000516435	0.137254	0.952937	-0.000430375
170	2.51383e-09	-1.05715	0.285772	0.00154579	-0.24512	-0.923231	0.00254983
171	2.51383e-09	-0.120404	-1.07971	0.000485807	0.952858	-0.106968	0.00280656
172	2.51383e-09	0.496488	0.985761	-0.00103728	-0.847712	0.430677	-0.000174584
173	2.51383e-09	-0.810552	0.752152	0.00311109	-0.645283	-0.696807	0.000771095
174	2.51383e-09	0.843388	-0.698031	0.00288863	0.608509	0.739051	0.000709661
175	2.51383e-09	0.623187	0.909185	0.000649298	-0.780944	0.539681	-0.00111096
176	2.51383e-09	0.947195	-0.513183	0.000717163	0.460573	0.844849	-0.00132434
177	2.51383e-09	1.07559	-0.250122	0.00131258	0.218286	0.925576	0.00100119
178	2.51383e-09	-0.451932	0.990337	0.000526977	-0.870623	-0.399606	-0.00102909
179	2.51383e-09	-0.832867	-0.707366	0.000415518	0.616404	-0.73056	0.00068327
180	2.51383e-09	-1.08632	-0.0812367	-0.000961062	0.0675342	-0.953789	-0.00139345
181	2.51383e-09	-1.04267	0.352409	0.000412244	-0.309538	-0.901985	0.000359861
182	2.51383e-09	0.547755	0.940138	0.000809252	-0.828657	0.482971	0.00255943
183	2.51383e-09	-0.00253394	1.10404	-0.0015809	-0.952415	-0.00258755	0.000732146
184	2.51383e-09	1.00307	-0.44007	0.000572854	0.381037	0.876555	-0.000970575
185	2.51383e-09	0.538695	-0.943831	-0.000498389	0.833424	0.475188	-0.000545355
186	2.51383e-09	0.803961	-0.725379	-0.0010498	0.641486	0.712783	5.07508e-05
187	2.51383e-09	-0.920957	0.57199	0.000532247	-0.506203	-0.815591	0.000885973
188	2.51383e-09	-0.904502	0.608022	0.00191397	-0.533142	-0.797412	0.000234315
189	2.51383e-09	-0.903379	-0.617218	0.000142799	0.538959	-0.790763	0.00083322
190	2.51383e-09	0.0429831	1.09685	-0.00110308	-0.955524	0.0382139	0.000287362
191	2.51383e-09	-1.08861	0.0723949	-0.00114269	-0.0631468	-0.956061	0.00159223
192	2.51383e-09	-1.07372	0.260349	-0.00161323	-0.221547	-0.923135	-0.00258433
193	2.51383e-09	-0.0235641	-1.10896	0.000553285	0.947161	-0.0189013	-0.00200966
194	2.51383e-09	-0.684769	-0.878976	-0.0019313	0.742725	-0.586478	0.000212483
195	2.51383e-09	0.0685744	-1.09026	-0.000696448	0.954125	0.0646197	0.00308169
196	2.51383e-09	-0.0988184	-1.09452	-0.00094495	0.949902	-0.0823475	-0.000676004
197	2.51383e-09	-0.635186	0.887392	0.000466642	-0.779775	-0.55884	0.000268471
198	2.51383e-09	0.341401	1.05666	0.000675624	-0.904102	0.294878	-0.000763774
199	2.51383e-09	-0.952279	0.543225	0.000348934	-0.474395	-0.831133	-0.000262545
200	2.51383e-09	0.741379	0.82763	0.00201408	-0.70684	0.62972	-0.0010035
201	2.51383e-09	-1.0628	0.281533	-0.000259618	-0.244051	-0.922473	0.00214361
202	2.51383e-09	1.09396	-0.155489	0.00245903	0.127971	0.941431	0.00127607
203	2.51383e-09	0.356743	-1.01928	-2.14254e-05	0.908718	0.3183	-0.000550141
204	2.51383e-09	-0.825341	0.74111	0.0020377	-0.635103	-0.704391	-0.000435332
205	2.51383e-09	-1.08591	-0.297194	0.00109771	0.249011	-0.906946	0.000403794
206	2.51383e-09	-0.179216	1.09226	0.00251354	-0.935619	-0.158441	0.00160732
207	2.51383e-09	0.0557706	-1.10949	0.000778468	0.947758	0.0453921	0.000278969
208	2.51383e-09	-0.0532944	1.09606	-0.000676422	-0.952041	-0.0478847	0.000749313
209	2.51383e-09	0.351739	1.03541	0.00192571	-0.906736	0.307402	0.000697314
210	2.51383e-09	-0.251191	1.08016	0.000221352	-0.925999	-0.21392	0.000521597
211	2.51383e-09	1.08141	0.235204	-0.000535865	-0.201814	0.926792	0.000870883
212	2.51383e-09	0.970727	-0.563479	0.00109136	0.47444	0.817172	-0.00236696
213	2.51383e-09	-1.07325	0.204852	0.00173625	-0.181621	-0.940474	-0.000972363
214	2.51383e-09	-0.750296	0.818807	0.000393546	-0.697091	-0.641383	-0.00121457
215	2.51383e-09	-0.94797	-0.584218	0.00272555	0.492217	-0.807898	-0.000829448
216	2.51383e-09	0.641658	-0.912403	0.000738305	0.776844	0.540899	0.00105537
217	2.51383e-09	-1.0771	-0.31102	-9.19258e-06	0.263136	-0.90465	-0.000128706
218	2.51383e-09	0.674958	0.855691	-0.000989275	-0.751982	0.594563	-0.00138768
219	2.51383e-09	-1.01827	0.452244	-0.00198987	-0.38542	-0.865347	0.00072979
220	2.51383e-09	0.678469	-0.882557	-0.00278905	0.751403	0.577386	-0.000681236
221	2.51383e-09	1.09814	-0.109901	-0.00119517	0.092181	0.946231	0.00106344
222	2.51383e-09	-0.842377	0.737723	-0.00295165	-0.621872	-0.709377	0.00052429
223	2.51383e-09	0.989496	0.528035	0.000259495	-0.442686	0.831945	0.000225917
224	2.51383e-09	1.07463	0.269103	-0.000225268	-0.229155	0.921854	-0.000580378
225	2.51383e-09	-0.997339	-0.510515	-0.000173729	0.433477	-0.836548	0.00184332
226	2.51383e-09	-0.0945207	-1.12225	-0.000145869	0.938542	-0.0790465	0.00139708
227	2.51383e-09	-0.145662	-1.10493	0.00178972	0.936535	-0.123701	-0.00122225
228	2.51383e-09	0.999674	0.479825	-0.000140607	-0.412763	0.855797	-0.000382742
229	2.51383e-09	-1.11866	-0.14426	-0.00241317	0.121197	-0.934763	-0.00140615
230	2.51383e-09	0.20043	-1.11689	0.00167432	0.924164	0.164339	0.00153463
231	2.51383e-09	-1.11563	-0.218557	0.00181452	0.179157	-0.918741	0.000706821
232	2.51383e-09	-1.02969	0.413994	0.00125538	-0.348587	-0.881714	0.000604997
233	2.51383e-09	-0.979735	-0.527557	0.00015022	0.448488	-0.837559	-0.00156681
234	2.51383e-09	-1.07616	-0.269632	-0.000113969	0.229238	-0.923045	-0.0011933
235	2.51383e-09	0.0790619	-1.11816	-0.000972956	0.941069	0.0651856	-0.00457057
236	2.51383e-09	1.1063	0.262575	-0.00142585	-0.212658	0.912036	0.000931711
237	2.51383e-09	1.04492	-0.40412	-0.00048312	0.34067	0.880948	0.000281137
238	2.51383e-09	-0.5926	0.965378	-6.54833e-05	-0.79768	-0.492699	-0.00151092
239	2.51383e-09	-1.08022	-0.25364	-0.000470029	0.220189	-0.923651	-0.00290037
240	2.51383e-09	0.985243	0.553105	-0.00230276	-0.460357	0.821807	-0.00111675
241	2.51383e-09	-0.235265	1.09202	-0.00127012	-0.927535	-0.19454	-0.000487703
242	2.51383e-09	1.13176	-0.17211	0.00165867	0.140251	0.924219	0.00272557
243	2.51383e-09	-1.1035	-0.168873	-0.00138065	0.141498	-0.938619	-0.00142699
244	2.51383e-09	0.349207	-1.07011	-0.00113655	0.895068	0.294586	0.000749303
245	2.51383e-09	1.11768	-0.0717027	0.00198889	0.0614767	0.944762	-0.000392836
246	2.51383e-09	0.631422	-0.921084	0.00248415	0.780568	0.538124	0.000356293
247	2.51383e-09	0.24361	1.08469	-0.000365838	-0.92576	0.21101	-0.00120347
248	2.51383e-09	-0.301977	1.07704	0.00288322	-0.910481	-0.250362	0.000759598
249	2.51383e-09	0.888618	-0.684935	0.000540675	0.576694	0.749066	7.32734e-05
250	2.51383e-09	-0.656407	-0.911527	0.000130934	0.76639	-0.551637	0.000772817
251	2.51383e-09	-1.13233	-0.0548512	0.0016813	0.042426	-0.937647	0.00132264
252	2.51383e-09	0.708273	0.875649	-0.00127555	-0.735281	0.59009	0.00213443
253	2.51383e-09	-0.259384	-1.10338	-0.00072023	0.913895	-0.217242	-0.000298569
254	2.51383e-09	0.594464	0.954896	-0.00143649	-0.80226	0.49306	8.36634e-05
255	2.51383e-09	1.0312	0.485682	-0.00216918	-0.398411	0.84477	-0.00216748
256	2.51383e-09	-0.269712	-1.09987	-0.00128471	0.912438	-0.227461	0.00116186
257	2.51383e-09	-0.720751	0.87755	-0.00218806	-0.724599	-0.596786	0.000515051
258	2.51383e-09	1.07658	-0.37041	0.00242639	0.309468	0.883669	-0.00103159
259	2.51383e-09	0.644611	0.928032	-0.00117149	-0.771471	0.537997	-0.0020542
260	2.51383e-09	-1.02387	0.484624	0.00352028	-0.40004	-0.851305	-0.00183891
261	2.51383e-09	-0.310058	-1.09526	-0.000388088	0.903331	-0.25544	-0.00036107
262	2.51383e-09	-0.6926	-0.880747	-0.000825309	0.745644	-0.581968	-0.00105347
263	2.51383e-09	-1.13474	-0.0670246	-0.00175311	0.0554467	-0.935329	0.000823107
264	2.51383e-09	0.0589824	-1.12803	0.000404533	0.9398	0.0525066	-0.0005413
265	2.51383e-09	0.803053	-0.809943	0.000546795	0.667823	0.65927	-0.000809822
266	2.51383e-09	-0.351434	1.08005	0.00208584	-0.892599	-0.289287	0.000554466
267	2.51383e-09	0.859368	-0.736895	0.00367763	0.612581	0.709943	0.000401069
268	2.51383e-09	-1.12855	0.0158798	0.000951382	-0.015631	-0.939817	-0.00045834
269	2.51383e-09	0.988824	-0.564629	-0.000541138	0.463029	0.815035	0.00108777
270	2.51383e-09	-0.601674	-0.960457	0.000891857	0.796462	-0.498068	0.00085058
271	2.51383e-09	-0.841732	0.77089	0.00126965	-0.634216	-0.690594	-0.000393064
272	2.51383e-09	0.703737	-0.903543	0.00356793	0.735258	0.576015	2.32884e-05
273	2.51383e-09	0.991434	0.569571	-0.000534212	-0.468617	0.808867	-0.000494254
274	2.51383e-09	0.205214	-1.11129	-0.000277568	0.924077	0.170246	-0.000762394
275	2.51383e-09	0.847024	0.756515	0.00018302	-0.621698	0.704826	0.00188915
276	2.51383e-09	0.103043	-1.12112	-0.000733501	0.939446	0.086556	0.000707145
277	2.51383e-09	0.563539	1.00089	-0.000665883	-0.81031	0.459859	0.000889693
278	2.51383e-09	0.974129	0.618477	-0.000593493	-0.497517	0.784193	-0.00123775
279	2.51383e-09	-1.13483	0.17932	-0.000459622	-0.141469	-0.919581	0.000506429
280	2.51383e-09	-0.998019	0.572362	0.00066302	-0.469655	-0.807588	0.00122125
281	2.51383e-09	1.00496	-0.549434	0.000218199	0.447523	0.817316	-0.000855478
282	2.51383e-09	0.978565	-0.593154	-0.000995396	0.483954	0.799145	0.00233688
283	2.51383e-09	0.357724	1.08071	0.00190539	-0.890119	0.293922	0.000549536
284	2.51383e-09	0.0603615	1.15452	-0.001131	-0.928947	0.0465635	-0.000910855
285	2.51383e-09	0.671959	0.932214	6.78333e-06	-0.760627	0.544346	-0.000971506
286	2.51383e-09	0.893249	0.699969	-0.00201954	-0.579152	0.738134	-0.00239601
287	2.51383e-09	0.39441	1.07765	-0.00201619	-0.87451	0.323295	-0.000440196
288	2.51383e-09	1.11759	0.281104	0.00170167	-0.226668	0.904632	-0.000868262
289	2.51383e-09	0.596653	-0.992363	0.00278719	0.797016	0.476438	-0.00156159
290	2.51383e-09	1.10034	-0.303872	0.00129094	0.250332	0.902641	-0.000428239
291	2.51383e-09	0.578741	0.989809	0.000903016	-0.805196	0.471873	0.000709208
292	2.51383e-09	0.390733	1.08806	0.000753997	-0.873649	0.32035	0.000330102
293	2.51383e-09	-1.11414	0.279322	-0.001895	-0.228238	-0.903485	0.00103763
294	2.51383e-09	0.299565	-1.11927	-0.000283287	0.897506	0.239585	-0.00222782
295	2.51383e-09	0.892885	-0.71294	-0.00349421	0.586541	0.729643	0.000950085
296	2.51383e-09	1.05433	0.470155	-0.00060567	-0.382582	0.848481	0.000467649
297	2.51383e-09	1.04948	0.448132	-0.000296431	-0.368331	0.861359	-0.00257852
298	2.51383e-09	-0.384078	1.08801	0.00115246	-0.877124	-0.309288	-0.000703965
299	2.51383e-09	-0.217969	-1.13818	0.000401624	0.909643	-0.178634	0.000323536
300	2.51383e-09	-0.941102	0.685642	0.00146179	-0.541482	-0.753069	-0.000309162
301	2.51383e-09	-1.15566	0.024206	0.00186231	-0.0122574	-0.930111	0.0004502
302	2.51383e-09	-0.538414	-1.02784	0.00143301	0.824818	-0.427694	-0.00120851
303	2.51383e-09	-0.018345	1.16074	-0.000192086	-0.925596	-0.0165514	0.000473748
304	2.51383e-09	-0.903201	-0.731486	0.00213344	0.585308	-0.71986	0.000620016
305	2.51383e-09	0.235756	1.1187	0.00159974	-0.916167	0.19357	0.00168606
306	2.51383e-09	-1.06482	0.444827	0.000875353	-0.357677	-0.860751	-0.00163094
307	2.51383e-09	0.259858	1.13651	-0.00133274	-0.902281	0.201211	-0.00125595
308	2.51383e-09	-0.913939	-0.712997	-0.0020988	0.570544	-0.734533	-0.000667405
309	2.51383e-09	0.232743	1.12763	0.00151941	-0.911858	0.186979	0.00136647
310	2.51383e-09	0.130034	1.12824	-0.00114496	-0.935505	0.108983	-0.000996594
311	2.51383e-09	-0.746912	0.877979	-0.00211809	-0.711503	-0.601821	0.000653176
312	2.51383e-09	-0.857896	0.790109	-0.0022902	-0.625446	-0.680093	0.00165296
313	2.51383e-09	-1.01208	-0.546066	-0.00262592	0.444436	-0.820642	0.000247902
314	2.51383e-09	-0.255024	1.12876	0.00223778	-0.906566	-0.203795	0.000677594
315	2.51383e-09	-0.864653	0.784142	0.00387605	-0.623832	-0.683678	0.00174887
316	2.51383e-09	-1.00591	-0.587169	-0.00118829	0.469899	-0.798936	0.00139771
317	2.51383e-09	0.284977	1.11791	0.00143182	-0.903822	0.229772	0.000949156
318	2.51383e-09	0.71617	0.923276	0.000617336	-0.730304	0.565622	4.33145e-05
319	2.51383e-09	-1.13906	0.259985	-0.00241763	-0.207146	-0.901479	1.29608e-05
320	2.51383e-09	-1.12682	0.329987	0.000756122	-0.262315	-0.886424	0.000686276
321	2.51383e-09	-0.27173	-1.13466	-0.00112694	0.900223	-0.217145	-0.000116556
322	2.51383e-09	-0.786367	-0.853835	-0.000878117	0.682837	-0.631807	-0.00110498
323	2.51383e-09	1.04523	-0.542393	0.00140973	0.42143	0.818449	0.00222024
324	2.51383e-09	1.1652	0.149513	0.00340203	-0.12132	0.914579	0.00134769
325	2.51383e-09	0.878511	0.770987	0.00156572	-0.609794	0.696421	0.000659335
326	2.51383e-09	1.14268	-0.238959	-0.00124068	0.19151	0.904808	3.58245e-05
327	2.51383e-09	-0.922928	-0.732378	-0.000353061	0.573351	-0.720058	0.00196194
328	2.51383e-09	-0.0818224	-1.15179	0.00066948	0.929791	-0.0620923	0.000920685
329	2.51383e-09	-1.04208	-0.568111	0.00139719	0.434638	-0.807184	0.00215281
330	2.51383e-09	1.15556	0.12265	-0.000469425	-0.096836	0.923713	-0.00147941
331	2.51383e-09	-0.605216	-0.98518	-0.000643673	0.795689	-0.485872	-0.0013465
332	2.51383e-09	1.08646	-0.398594	-0.00164566	0.319154	0.873876	-0.000209205
333	2.51383e-09	-0.373773	-1.11628	-0.000943097	0.874324	-0.294228	8.39247e-05
334	2.51383e-09	-0.272987	-1.14089	0.000368836	0.897323	-0.215222	-4.86845e-05
335	2.51383e-09	1.02086	-0.592243	0.00105078	0.459687	0.796654	-0.000952947
336	2.51383e-09	0.703963	-0.940021	0.000358789	0.73738	0.554171	-0.000207449
337	2.51383e-09	1.05689	0.522893	0.000530467	-0.40731	0.824424	-0.000451377
338	2.51383e-09	1.15058	0.20685	-0.00140249	-0.166081	0.909151	-0.000280404
339	2.51383e-09	0.961356	-0.703701	-0.00105038	0.539246	0.740696	-0.00211002
340	2.51383e-09	-1.17421	-0.135729	0.000784181	0.10636	-0.91387	-0.00128066
341	2.51383e-09	-0.953441	-0.682045	-0.000552059	0.532676	-0.755791	0.000896694
342	2.51383e-09	-1.10056	-0.400872	0.000841702	0.315639	-0.867892	0.00122052
343	2.51383e-09	1.16205	-0.173318	-0.000165789	0.133616	0.911819	-0.000245567
344	2.51383e-09	1.06806	0.486085	0.000679527	-0.384815	0.840052	0.000182759
345	2.51383e-09	-1.08104	-0.442454	0.000952062	0.348163	-0.855214	-0.000828989
346	2.51383e-09	0.614111	0.979699	0.00134514	-0.78878	0.493309	0.000791512
347	2.51383e-09	0.951667	0.677213	0.00110418	-0.54054	0.752726	0.000896148
348	2.51383e-09	0.69563	-0.951558	-0.000277079	0.746514	0.542176	0.000810435
349	2.51383e-09	-0.691845	-0.956743	0.00106535	0.747497	-0.533824	-0.00136658
350	2.51383e-09	-0.826712	0.833497	-0.000403764	-0.654027	-0.647481	-0.00147916
351	2.51383e-09	-0.289197	1.147	-0.000124974	-0.893635	-0.221415	0.00191785
352	2.51383e-09	1.12776	-0.35816	-0.00336775	0.279031	0.8769	0.000304515
353	2.51383e-09	0.489695	1.08178	0.000704891	-0.836214	0.376191	-0.000288912
354	2.51383e-09	1.10706	0.430709	-0.000884524	-0.331621	0.856028	0.00088533
355	2.51383e-09	1.16707	0.140218	0.000872837	-0.111913	0.913307	-0.00160371
356	2.51383e-09	0.500613	1.06472	0.000322661	-0.834849	0.395195	-0.00101007
357	2.51383e-09	0.878356	0.800732	-0.00109007	-0.615688	0.678499	0.00175601
358	2.51383e-09	-0.980942	-0.667189	0.000886025	0.518202	-0.761514	0.000439985
359	2.51383e-09	-0.420351	-1.11298	-0.000369877	0.859788	-0.323205	-0.00164364
360	2.51383e-09	-0.368229	-1.10012	-0.000539082	0.879574	-0.295621	0.000516884
361	2.51383e-09	-0.23207	-1.16508	-0.000290011	0.900164	-0.180093	0.000632317
362	2.51383e-09	1.16079	-0.238386	-0.000801934	0.181008	0.898256	-0.00152986
363	2.51383e-09	1.14052	-0.298242	0.00174106	0.23484	0.8911	-0.00221857
364	2.51383e-09	0.231254	-1.14792	-0.00193369	0.906887	0.180981	0.00187038
365	2.51383e-09	-1.05952	0.54296	0.000305832	-0.419478	-0.815586	0.000752229
366	2.51383e-09	1.13909	-0.33962	-0.000624728	0.262578	0.879453	-0.000462917
367	2.51383e-09	1.02601	-0.593315	-0.00178912	0.461485	0.795428	-0.000598258
368	2.51383e-09	0.576711	1.03697	0.00107553	-0.802996	0.446597	-0.00155345
369	2.51383e-09	0.414271	-1.12375	-0.00142635	0.857137	0.313459	-0.00159239
370	2.51383e-09	-0.194075	-1.16892	0.000795784	0.907421	-0.151355	0.000594559
371	2.51383e-09	-1.04903	-0.564289	0.00160847	0.433215	-0.807843	0.000921642
372	2.51383e-09	1.18691	-0.0551148	0.00159376	0.0412704	0.916542	-0.000197826
373	2.51383e-09	0.62891	1.01135	-0.000753719	-0.779537	0.481946	0.000645737
374	2.51383e-09	0.268229	-1.16881	6.88157e-05	0.890241	0.207007	0.000666498
375	2.51383e-09	0.275115	1.16492	0.000711687	-0.888324	0.212091	-0.000362299
376	2.51383e-09	-0.573775	1.04127	0.000848603	-0.801854	-0.444597	-0.000749308
377	2.51383e-09	-0.812686	0.865953	-0.00285778	-0.669808	-0.629065	0.000651165
378	2.51383e-09	-1.14748	-0.353736	0.00233914	0.270062	-0.872062	0.000224162
379	2.51383e-09	1.10209	0.427187	0.00108283	-0.326443	0.860996	-0.00151715
380	2.51383e-09	-0.814752	0.870245	-0.000367737	-0.664517	-0.629111	0.000343715
381	2.51383e-09	0.968757	0.686321	0.000684391	-0.529762	0.749925	0.00121185
382	2.51383e-09	-1.17052	-0.209173	-0.00139105	0.162738	-0.901159	-0.000488522
383	2.51383e-09	0.465097	1.08618	-0.00206546	-0.845758	0.362622	-0.00132905
384	2.51383e-09	0.443227	-1.12609	0.0031891	0.843064	0.334917	-0.000406171
385	2.51383e-09	-0.452179	1.09271	-0.00110316	-0.850463	-0.353602	-0.000886103
386	2.51383e-09	0.173267	1.18956	-0.00115023	-0.904247	0.135082	-0.00019693
387	2.51383e-09	0.998409	0.662822	0.00113278	-0.503782	0.762769	-0.000559694
388	2.51383e-09	1.0287	-0.622637	-0.00210768	0.467508	0.780723	-0.000285897
389	2.51383e-09	-0.866713	0.836307	8.61155e-05	-0.629214	-0.657113	-0.000856311
390	2.51383e-09	1.02537	0.605387	0.00104044	-0.465868	0.789833	2.2722e-05
391	2.51383e-09	-0.633648	-1.02484	-0.00029533	0.774369	-0.481279	-0.00129639
392	2.51383e-09	-1.00519	-0.668079	0.000964279	0.50271	-0.75763	0.00128474
393	2.51383e-09	-1.14751	-0.365623	0.00125631	0.279527	-0.868701	0.00150757
394	2.51383e-09	-0.533162	-1.07063	0.00102157	0.820715	-0.404467	-0.000676798
395	2.51383e-09	-0.138575	-1.19145	0.00178821	0.908963	-0.106088	0.000393381
396	2.51383e-09	-1.18604	0.148615	-0.00072294	-0.116828	-0.908867	0.00111726
397	2.51383e-09	0.460417	-1.11192	-0.000921451	0.841138	0.35179	0.000388943
398	2.51383e-09	1.20125	0.177108	-0.000437457	-0.128463	0.896985	0.00159434
399	2.51383e-09	0.780075	-0.91445	-0.0013185	0.69283	0.592592	0.00210375
400	2.51383e-09	0.911769	-0.777506	-0.00183503	0.595018	0.693503	0.000531949
