1.119600e+04
401
0	1	0.000515461	0.000319774	-4.70277e-07	8.26985e-09	5.91334e-08	7.88004e-11
1	2.51383e-09	0.71047	-0.718052	-0.00156521	0.711629	0.696631	-0.00240508
2	2.51383e-09	0.992448	0.170609	-0.00109922	-0.166406	0.978545	0.000921347
3	2.51383e-09	0.595491	-0.790296	4.70319e-05	0.804861	0.607	0.00226857
4	2.51383e-09	-0.712832	-0.704812	0.000249565	0.703618	-0.709344	0.00231104
5	2.51383e-09	-0.979877	0.177334	-0.000926005	-0.175547	-0.986076	-0.00120463
6	2.51383e-09	-1.00873	-0.0299649	0.00174291	0.030742	-0.994623	0.00279809
7	2.51383e-09	0.982181	-0.183096	-0.00105061	0.18664	0.982471	-0.00273494
8	2.51383e-09	-0.958835	0.274715	-3.36443e-05	-0.271153	-0.962259	-0.0001906
9	2.51383e-09	-0.701736	0.722042	0.000709476	-0.716809	-0.694106	-0.000526284
10	2.51383e-09	0.902147	0.470546	-0.00335728	-0.456523	0.879218	-0.000627075
11	2.51383e-09	0.0358197	1.00236	0.00111996	-0.996467	0.0354049	0.00166437
12	2.51383e-09	-0.95588	-0.370416	-0.00104447	0.356603	-0.917871	0.000642999
13	2.51383e-09	0.426554	0.909298	0.00168825	-0.906144	0.419955	0.000823278
14	2.51383e-09	0.385731	-0.937612	0.00122577	0.918439	0.374547	-0.00311894
15	2.51383e-09	0.534667	-0.833525	-0.000656615	0.852956	0.541078	-0.00260136
16	2.51383e-09	0.142901	-0.994929	-0.00173058	0.98424	0.14235	0.000592819
17	2.51383e-09	0.330881	-0.960467	-0.00155208	0.936067	0.319401	0.00161579
18	2.51383e-09	1.01447	0.119476	-0.000239161	-0.113033	0.97995	0.00132742
19	2.51383e-09	-0.989948	-0.261134	0.00206815	0.248095	-0.951395	-0.00378958
20	2.51383e-09	-0.93167	0.449527	0.00133602	-0.42709	-0.884225	-0.00225836
21	2.51383e-09	-0.154692	0.98797	0.00102779	-0.989577	-0.153361	3.64126e-07
22	2.51383e-09	-0.291829	0.987704	0.00179528	-0.947286	-0.275556	0.0010298
23	2.51383e-09	-0.920419	-0.428224	0.00361787	0.421021	-0.897586	-0.00222277
24	2.51383e-09	-0.613692	-0.808237	-0.00215969	0.790151	-0.593503	-0.000750108
25	2.51383e-09	-0.706678	-0.738889	0.000102302	0.709643	-0.685389	-0.00151507
26	2.51383e-09	0.494058	0.894025	0.000425921	-0.864183	0.480257	0.000898704
27	2.51383e-09	0.80386	-0.598381	-0.00102309	0.600393	0.79927	-0.00292743
28	2.51383e-09	0.242587	-0.98629	-0.00361871	0.963146	0.232844	-0.00103579
29	2.51383e-09	-0.995209	-0.0208171	-0.00202046	0.0227885	-1.00345	0.00238492
30	2.51383e-09	-0.941343	-0.382585	-0.00152792	0.373312	-0.919481	0.000582453
31	2.51383e-09	1.01308	0.0798639	0.000851137	-0.0790838	0.984966	0.00162904
32	2.51383e-09	0.982982	-0.214125	0.00404802	0.211423	0.976496	0.00165231
33	2.51383e-09	0.118719	1.03456	0.000269183	-0.969419	0.103555	1.50824e-05
34	2.51383e-09	0.720907	0.749125	-0.00349564	-0.706374	0.680585	-0.000724628
35	2.51383e-09	-0.411118	0.925516	0.00117653	-0.908404	-0.405681	-0.00219499
36	2.51383e-09	0.374837	0.933187	0.000109418	-0.925521	0.382985	-0.00105237
37	2.51383e-09	0.454945	0.91186	0.000876878	-0.884993	0.44597	0.00101171
38	2.51383e-09	-0.127956	-0.999158	0.00161964	0.985741	-0.13367	0.00113161
39	2.51383e-09	-1.00777	-0.174529	0.000270302	0.162921	-0.973303	0.000352306
40	2.51383e-09	0.386163	0.937146	-0.00146398	-0.924863	0.368974	0.000442714
41	2.51383e-09	0.5196	-0.87516	-0.00203379	0.852311	0.504338	0.00219094
42	2.51383e-09	0.935359	-0.427623	0.00151866	0.411577	0.895138	-4.36416e-05
43	2.51383e-09	1.01042	0.0900577	0.00311917	-0.0880141	0.986172	-0.000309514
44	2.51383e-09	1.03661	0.0211222	-0.00197196	-0.0206064	0.980915	-0.00235361
45	2.51383e-09	-0.0933853	-1.01938	-0.000187129	0.985279	-0.0881922	-0.00306722
46	2.51383e-09	0.888891	-0.470221	-0.000395134	0.467425	0.883401	-0.000370826
47	2.51383e-09	0.940845	-0.39153	0.000777304	0.379742	0.914821	-0.000637727
48	2.51383e-09	-0.858584	-0.568472	0.000908451	0.545894	-0.819997	0.00106675
49	2.51383e-09	-0.482891	0.888493	-0.00326487	-0.873858	-0.471275	0.00016093
50	2.51383e-09	-0.896034	0.528647	0.00239351	-0.494167	-0.847593	-0.000970489
51	2.51383e-09	0.586285	-0.82513	0.00277004	0.811512	0.574762	-0.000597995
52	2.51383e-09	-0.905224	-0.493618	-0.00175437	0.47272	-0.866277	0.00110906
53	2.51383e-09	-1.0048	-0.19696	0.000736111	0.188534	-0.971633	-0.00051253
54	2.51383e-09	0.742073	0.715936	-0.00204447	-0.684366	0.710385	0.0023826
55	2.51383e-09	-0.956375	0.384027	-0.000704182	-0.364747	-0.91525	0.00108065
56	2.51383e-09	1.00847	-0.218583	-0.000878261	0.204804	0.961282	-0.000289981
57	2.51383e-09	-1.01607	-0.252285	0.00172758	0.232851	-0.947724	-3.56157e-05
58	2.51383e-09	0.531126	0.888943	-0.000581744	-0.844984	0.505053	0.00176375
59	2.51383e-09	-0.981872	-0.28497	-0.00165297	0.270791	-0.953371	-0.00224988
60	2.51383e-09	0.855405	-0.593869	0.00265606	0.558851	0.803484	0.00156596
61	2.51383e-09	0.735252	-0.72718	-0.00236946	0.693596	0.700383	-0.00104251
62	2.51383e-09	0.969921	-0.37396	-0.0020072	0.35212	0.914104	0.00135624
63	2.51383e-09	-0.6057	0.832062	0.00179428	-0.794712	-0.580713	0.000636336
64	2.51383e-09	-0.734693	-0.710594	-0.00104767	0.687967	-0.715966	0.00162833
65	2.51383e-09	0.667868	-0.781606	-0.000360307	0.747856	0.643491	-0.000806869
66	2.51383e-09	0.912339	-0.447677	0.00270412	0.445045	0.893064	9.17024e-05
67	2.51383e-09	-0.808502	0.66431	-7.7092e-05	-0.619461	-0.753592	-0.00130694
68	2.51383e-09	1.04079	-0.0146135	0.000458946	0.0187188	0.979531	-0.00182864
69	2.51383e-09	-0.640421	0.82792	-0.00317696	-0.774851	-0.592639	-0.000932437
70	2.51383e-09	-0.321099	-0.975647	0.000847501	0.935401	-0.307376	-0.00333895
71	2.51383e-09	-0.87092	-0.570365	0.000113799	0.541292	-0.817351	0.00565364
72	2.51383e-09	-0.2482	-1.0387	-0.000229887	0.939332	-0.224924	-0.00260266
73	2.51383e-09	1.03551	0.16958	-0.00230102	-0.161223	0.961735	-0.00160652
74	2.51383e-09	-0.462935	0.955218	0.00344037	-0.873397	-0.420916	-0.00137137
75	2.51383e-09	0.97515	-0.354213	0.00259383	0.32981	0.924556	-0.002955
76	2.51383e-09	-0.557215	0.887233	-0.000264313	-0.825065	-0.528113	-0.00165192
77	2.51383e-09	-0.154755	-1.04273	-0.000139888	0.962926	-0.14512	0.00120394
78	2.51383e-09	-0.998099	-0.324901	-0.00476315	0.30499	-0.923109	-0.000865125
79	2.51383e-09	-0.872251	0.564435	-0.00563974	-0.534093	-0.819288	0.00149309
80	2.51383e-09	-0.133724	-1.03808	0.000561984	0.970069	-0.121689	-0.000334128
81	2.51383e-09	-1.02043	-0.0237084	-0.00257361	0.0284158	-0.987458	-0.0016624
82	2.51383e-09	-0.264623	-1.01832	-0.0039479	0.942248	-0.248229	-0.000981212
83	2.51383e-09	0.689917	0.775113	-0.00181297	-0.731292	0.649533	-0.000204754
84	2.51383e-09	-0.747284	-0.728536	-2.81701e-05	0.680272	-0.705423	-0.00086203
85	2.51383e-09	-0.832575	0.599392	-0.00195897	-0.575871	-0.801078	0.000256771
86	2.51383e-09	1.03713	-0.196522	-0.000706322	0.189488	0.953646	0.00186252
87	2.51383e-09	-0.763917	0.717885	-0.00162541	-0.668842	-0.709232	0.00132344
88	2.51383e-09	-0.71106	-0.735858	0.000491784	0.711144	-0.687609	-0.00227563
89	2.51383e-09	-0.335259	1.00559	-0.00135391	-0.919489	-0.304056	-0.0023112
90	2.51383e-09	0.444281	-0.943598	-0.00394615	0.888187	0.417875	-0.000612229
91	2.51383e-09	-0.615369	0.812588	-0.00215129	-0.788682	-0.604685	-0.00230077
92	2.51383e-09	0.407718	-0.962303	0.000110233	0.902198	0.379964	0.000313204
93	2.51383e-09	0.410005	-1.00003	-0.000496706	0.887157	0.363547	-0.00217308
94	2.51383e-09	0.563025	-0.864303	-0.000228294	0.825272	0.538003	0.000373652
95	2.51383e-09	0.962954	0.362753	-0.00132083	-0.346229	0.924234	5.15676e-05
96	2.51383e-09	-0.790906	-0.715724	-0.000299505	0.652329	-0.711467	1.12392e-05
97	2.51383e-09	-0.925299	0.497766	0.000830353	-0.460083	-0.859579	0.00244681
98	2.51383e-09	0.678146	-0.802167	-0.00317846	0.746698	0.627035	-0.000915422
99	2.51383e-09	-1.05278	-0.0897505	0.00329024	0.0905058	-0.96945	0.000356905
100	2.51383e-09	-0.742259	-0.75483	0.000399586	0.685391	-0.688242	-0.00108271
101	2.51383e-09	-0.920392	-0.469313	-0.0014561	0.444495	-0.87656	-0.00125099
102	2.51383e-09	-0.989698	-0.258824	-0.00150885	0.252824	-0.959368	0.00201869
103	2.51383e-09	0.423361	0.959436	-0.00100679	-0.895151	0.392366	-0.00203368
104	2.51383e-09	-0.997885	0.298533	-0.00145121	-0.28905	-0.935663	-0.000449311
105	2.51383e-09	0.938938	-0.440238	0.000649194	0.416099	0.889345	-0.00138161
106	2.51383e-09	-0.765771	0.708687	0.00214201	-0.666317	-0.716141	-0.000223025
107	2.51383e-09	0.566019	0.905633	-0.00148615	-0.819376	0.514636	0.00235981
108	2.51383e-09	1.0422	0.209171	0.000310765	-0.191208	0.953711	-0.00168264
109	2.51383e-09	-0.449585	0.952895	-0.00205755	-0.88349	-0.414588	-0.00202317
110	2.51383e-09	-0.57621	0.877268	-0.00207451	-0.82193	-0.533619	-0.00019655
111	2.51383e-09	0.947605	0.507749	0.00556192	-0.455172	0.847638	-0.000673916
112	2.51383e-09	-0.179654	1.06344	-0.00136669	-0.946495	-0.165534	-0.00193781
113	2.51383e-09	-0.0762825	-1.05591	0.00186651	0.969718	-0.0672145	0.0012197
114	2.51383e-09	-1.04212	-0.0594316	-0.000472629	0.0521844	-0.979086	-6.33143e-05
115	2.51383e-09	1.01816	0.333949	-0.00342568	-0.30505	0.918015	-0.00176585
116	2.51383e-09	-0.847709	-0.636096	-0.00511534	0.581405	-0.774498	-0.000889415
117	2.51383e-09	0.920571	0.512115	-0.00116763	-0.47076	0.852263	-3.56852e-05
118	2.51383e-09	-1.04457	0.180718	0.000198385	-0.169509	-0.955661	0.000129789
119	2.51383e-09	0.0478361	1.04528	-0.00421584	-0.97855	0.0420745	-0.00107441
120	2.51383e-09	-0.844414	-0.64094	-0.0025326	0.58315	-0.774883	6.30805e-05
121	2.51383e-09	-0.633118	-0.850627	-0.00311451	0.780784	-0.580193	0.00139305
122	2.51383e-09	-0.0312285	-1.08135	-0.002677	0.958304	-0.022505	-0.000566159
123	2.51383e-09	-0.318883	0.99225	-0.000638716	-0.931782	-0.300775	0.00349392
124	2.51383e-09	0.27755	-1.04516	-0.000649239	0.928704	0.248189	0.00318958
125	2.51383e-09	-0.045549	-1.05551	0.00150571	0.968688	-0.0431734	-0.000299511
126	2.51383e-09	-0.15324	1.04174	0.00052548	-0.965341	-0.138186	-0.00032643
127	2.51383e-09	0.981472	-0.40891	-0.000811642	0.374438	0.893856	-0.000193595
128	2.51383e-09	1.00396	-0.360449	-0.00451025	0.332488	0.909143	0.00137095
129	2.51383e-09	0.784996	-0.715344	-0.00275473	0.649409	0.719715	-0.000489765
130	2.51383e-09	0.484893	0.94476	-0.00430369	-0.862338	0.448277	0.00164535
131	2.51383e-09	-0.384337	-1.02224	0.00151765	0.895921	-0.337461	0.000416967
132	2.51383e-09	-0.33102	1.0245	-0.00204915	-0.916891	-0.290034	0.00268028
133	2.51383e-09	-0.838175	0.655757	-0.000966429	-0.59947	-0.764347	-0.00148742
134	2.51383e-09	-0.197246	-1.03103	4.9728e-05	0.961088	-0.185263	-0.00155241
135	2.51383e-09	1.05269	-0.0961224	-0.00213661	0.0843949	0.970083	0.00197716
136	2.51383e-09	0.903678	-0.616163	0.000261298	0.537708	0.789716	-0.00144675
137	2.51383e-09	-0.969526	-0.434105	-0.00162653	0.399555	-0.883001	0.00107326
138	2.51383e-09	-0.25786	-1.03367	0.00326192	0.936945	-0.238718	-0.00218248
139	2.51383e-09	0.119839	-1.05332	0.00332948	0.963958	0.109008	0.00192875
140	2.51383e-09	-1.00815	-0.42775	-0.000436537	0.368118	-0.879366	0.000395123
141	2.51383e-09	0.844359	0.627476	0.000173197	-0.583825	0.783774	0.0019481
142	2.51383e-09	0.654513	-0.840664	-0.000382556	0.767941	0.598767	-0.00302068
143	2.51383e-09	0.260135	-1.03014	-0.00248125	0.943314	0.243262	0.00211099
144	2.51383e-09	0.895352	0.618769	-0.00185321	-0.540803	0.789812	-0.00147238
145	2.51383e-09	-0.08164	1.04801	0.00179961	-0.972158	-0.0770062	-0.0021842
146	2.51383e-09	0.00826733	1.08994	-0.00364681	-0.961038	0.00971427	-0.000668085
147	2.51383e-09	0.33735	-1.02323	-0.00398384	0.915344	0.302005	0.00147297
148	2.51383e-09	-0.982971	0.46876	0.00116347	-0.41048	-0.863827	-0.00136225
149	2.51383e-09	-0.603254	-0.852683	-0.00105431	0.801381	-0.570165	-0.00275749
150	2.51383e-09	0.748591	-0.775879	0.000628878	0.70034	0.658688	0.00199021
151	2.51383e-09	0.610878	-0.890897	0.000635303	0.797715	0.541863	-0.00230679
152	2.51383e-09	1.00848	-0.397719	-0.000369501	0.360968	0.886701	0.000283402
153	2.51383e-09	-0.724445	-0.807015	0.00396612	0.710437	-0.643716	-0.000893425
154	2.51383e-09	0.994298	0.473919	0.00302944	-0.412552	0.861065	-0.0021214
155	2.51383e-09	1.0356	0.330655	0.000279928	-0.29409	0.911975	-0.00109577
156	2.51383e-09	-0.841607	0.715945	-0.00274835	-0.610373	-0.72404	0.000692514
157	2.51383e-09	-0.170178	-1.04734	-0.000440838	0.960257	-0.153653	-0.00138982
158	2.51383e-09	1.0979	0.00418685	-0.00045203	0.00515783	0.953337	0.00297211
159	2.51383e-09	-0.843409	0.657762	-0.000129935	-0.596042	-0.762502	-0.000459913
160	2.51383e-09	0.483343	0.963891	-0.00192944	-0.861989	0.427346	0.00144262
161	2.51383e-09	0.134177	1.07834	0.00185107	-0.951645	0.117405	-0.00140965
162	2.51383e-09	0.0485115	1.07362	-0.00174526	-0.965328	0.0415363	-0.00088127
163	2.51383e-09	0.539826	-0.947881	0.000139802	0.829348	0.470098	0.000724818
164	2.51383e-09	-0.0282662	1.07072	0.00460938	-0.96864	-0.0245256	0.00147749
165	2.51383e-09	0.153322	-1.08752	0.0039372	0.945079	0.134306	-0.000352339
166	2.51383e-09	-0.85303	-0.645049	0.000879714	0.581312	-0.773871	0.00137414
167	2.51383e-09	-0.56408	0.901562	-0.00105084	-0.816899	-0.521656	-0.00146558
168	2.51383e-09	1.09404	0.0740036	0.00104546	-0.06487	0.94923	0.000458044
169	2.51383e-09	0.713725	0.812853	-0.000953451	-0.724101	0.636781	-0.000797698
170	2.51383e-09	0.587951	-0.921817	0.000550691	0.805149	0.516263	-0.00219015
171	2.51383e-09	-0.412842	1.00773	0.00101528	-0.888216	-0.363626	-0.000447459
172	2.51383e-09	1.0447	0.395121	-0.00136284	-0.336689	0.88363	-0.001059
173	2.51383e-09	0.485432	-0.988448	-0.000624008	0.854681	0.41874	-0.00253402
174	2.51383e-09	0.453733	-1.00026	-0.00223001	0.87024	0.391958	0.0015161
175	2.51383e-09	-0.695757	0.831597	0.00196939	-0.734719	-0.623095	0.000428564
176	2.51383e-09	-1.07699	-0.115223	-0.00120645	0.100568	-0.95614	-0.00232576
177	2.51383e-09	-0.61291	-0.927678	-0.000755541	0.791677	-0.522567	-0.00306957
178	2.51383e-09	-0.676875	-0.845498	0.00222812	0.75221	-0.599253	3.69266e-06
179	2.51383e-09	0.203233	-1.08536	0.00106982	0.932198	0.176993	-0.00283914
180	2.51383e-09	-0.839246	-0.681112	-0.000835058	0.604616	-0.745737	0.00188355
181	2.51383e-09	0.674574	0.867377	0.000274067	-0.753828	0.588135	-0.000321554
182	2.51383e-09	-1.09689	0.0483029	0.00217089	-0.0422659	-0.952267	0.000344473
183	2.51383e-09	0.0921113	1.09124	-0.00119042	-0.950197	0.0815535	-0.000127064
184	2.51383e-09	-1.10906	-0.0646287	-0.0017322	0.0548931	-0.946329	-0.000962792
185	2.51383e-09	0.680576	0.850573	0.000851026	-0.75067	0.594763	-0.00235622
186	2.51383e-09	-1.03881	0.315244	-0.000260032	-0.279899	-0.918803	-0.00203577
187	2.51383e-09	-0.154784	-1.05938	-0.00218728	0.954435	-0.137329	0.00224395
188	2.51383e-09	-1.09723	-0.154715	-0.00203246	0.1341	-0.93729	0.00131714
189	2.51383e-09	-0.31802	1.04195	-0.00341765	-0.917461	-0.2806	0.000294478
190	2.51383e-09	-1.06554	0.284202	0.000453006	-0.253786	-0.917314	-0.000797538
191	2.51383e-09	0.215429	1.06352	-0.00136042	-0.942848	0.188418	0.000171785
192	2.51383e-09	-1.10336	-0.112077	0.000733754	0.0922795	-0.941858	0.00171582
193	2.51383e-09	0.434562	-1.02266	0.00289197	0.874913	0.367068	0.00228726
194	2.51383e-09	-0.774791	0.809457	-0.0019398	-0.682723	-0.651673	-0.00167646
195	2.51383e-09	0.146961	-1.07433	0.000177557	0.949767	0.131133	-0.00136341
196	2.51383e-09	-1.09146	0.0588413	-0.00087368	-0.0463578	-0.955533	0.00311318
197	2.51383e-09	0.0115983	-1.08546	-0.00249755	0.96003	0.0107664	-0.000987609
198	2.51383e-09	-1.09658	0.175803	0.000921268	-0.150808	-0.935963	-0.00019923
199	2.51383e-09	0.430672	1.01754	0.00457751	-0.875048	0.373968	0.000270148
200	2.51383e-09	1.07501	-0.262823	-0.00069072	0.226561	0.925457	-0.000343491
201	2.51383e-09	0.586093	0.931268	-0.000683507	-0.80646	0.508006	-0.000836397
202	2.51383e-09	-0.936431	-0.558296	-0.00187413	0.487886	-0.823377	-0.000642808
203	2.51383e-09	0.902284	-0.602368	-0.00292078	0.531757	0.797164	0.00119483
204	2.51383e-09	-1.06857	-0.262996	-0.0015006	0.220098	-0.927381	0.00133819
205	2.51383e-09	0.0809351	1.11901	-0.000279831	-0.944763	0.0648732	0.000138055
206	2.51383e-09	1.05651	-0.288823	-0.000944593	0.254605	0.92233	0.00171975
207	2.51383e-09	-0.885936	0.680133	0.00462955	-0.575927	-0.751103	0.000189911
208	2.51383e-09	-1.09538	-0.157527	-0.000626847	0.136557	-0.936617	-0.00188143
209	2.51383e-09	-1.03142	0.373713	0.00206979	-0.329405	-0.898829	-0.00261763
210	2.51383e-09	-0.470556	-1.00681	0.00103066	0.85529	-0.404879	-0.00103376
211	2.51383e-09	0.946652	-0.545165	-0.000325541	0.477791	0.832632	0.00137454
212	2.51383e-09	-0.706009	0.88601	-0.00195608	-0.739646	-0.5781	0.00141287
213	2.51383e-09	-1.05984	-0.355592	-0.00154109	0.297857	-0.894934	-0.00299577
214	2.51383e-09	0.750523	-0.800886	0.00233847	0.699902	0.64821	0.00118709
215	2.51383e-09	-1.11876	0.0705411	0.000422699	-0.060347	-0.942566	-0.00119911
216	2.51383e-09	1.09581	0.212673	-0.000569944	-0.175189	0.927653	-0.00110769
217	2.51383e-09	-0.660707	-0.907298	0.00228352	0.760699	-0.553966	0.00032715
218	2.51383e-09	0.973162	0.462086	-0.000588613	-0.409094	0.870842	-0.00604813
219	2.51383e-09	-1.107	-0.265533	-0.00104988	0.216146	-0.910718	-0.000880259
220	2.51383e-09	0.934076	-0.606262	-0.00345963	0.517667	0.795735	-0.000554358
221	2.51383e-09	-0.862388	0.655126	0.00170204	-0.581803	-0.765811	-0.000478906
222	2.51383e-09	-0.788163	-0.772715	0.000329518	0.666434	-0.680767	0.00138405
223	2.51383e-09	0.636414	0.921538	0.000440844	-0.776855	0.533433	0.00147865
224	2.51383e-09	-1.04379	-0.303123	-0.00299378	0.26228	-0.924682	-0.000459851
225	2.51383e-09	-0.683491	0.874822	-0.00016261	-0.751581	-0.582956	0.00113911
226	2.51383e-09	-0.383988	1.0545	0.00159522	-0.884244	-0.328438	-0.001366
227	2.51383e-09	-0.101287	1.10003	0.000960915	-0.947484	-0.0837244	-9.03794e-05
228	2.51383e-09	0.631613	-0.923952	-0.000162548	0.780479	0.531159	-0.00158529
229	2.51383e-09	-1.06371	-0.364359	-0.00197456	0.303745	-0.893736	-0.00368062
230	2.51383e-09	0.00331285	1.15505	-0.00136325	-0.928985	-0.00261298	0.00143824
231	2.51383e-09	1.12418	0.0690199	-0.00526026	-0.0583535	0.942634	0.000573808
232	2.51383e-09	-1.00743	-0.418824	0.00208886	0.372012	-0.886239	0.00170236
233	2.51383e-09	-0.803618	0.767103	-0.00163769	-0.650023	-0.693422	-3.99416e-05
234	2.51383e-09	0.943734	0.594901	0.00060507	-0.505834	0.802207	0.00526925
235	2.51383e-09	1.11466	-0.14791	0.000117325	0.130063	0.930446	-0.00282221
236	2.51383e-09	-1.0621	0.386055	-6.22629e-06	-0.327253	-0.880776	-0.00156617
237	2.51383e-09	0.965641	0.508311	0.00386299	-0.444613	0.852334	-0.000142403
238	2.51383e-09	1.11119	-0.284528	-0.000721401	0.237821	0.905665	-0.00128777
239	2.51383e-09	-0.0682175	-1.09768	-0.0028471	0.953467	-0.0574651	-0.000669543
240	2.51383e-09	0.174084	1.12263	-0.00352323	-0.922731	0.148815	0.000631103
241	2.51383e-09	-1.06385	0.319288	0.000608957	-0.273835	-0.910244	0.00208735
242	2.51383e-09	1.10159	-0.356585	-0.000432464	0.283129	0.885154	0.00282539
243	2.51383e-09	-0.613056	0.942786	0.00409493	-0.792869	-0.513577	-0.00119647
244	2.51383e-09	1.12208	-0.155643	0.00167094	0.128953	0.933039	0.00256828
245	2.51383e-09	-0.354969	-1.0662	-0.00401646	0.896329	-0.295432	0.00130938
246	2.51383e-09	0.201904	1.11875	-0.00288832	-0.921617	0.17199	-0.00141567
247	2.51383e-09	0.751078	-0.817288	0.00309596	0.697367	0.638361	0.000717736
248	2.51383e-09	-0.116951	1.11809	0.000434317	-0.937533	-0.0980891	-0.000196593
249	2.51383e-09	0.271349	-1.09896	-0.000761805	0.908919	0.227314	-0.00120669
250	2.51383e-09	0.554807	0.991724	-0.00213431	-0.818584	0.45815	0.000727743
251	2.51383e-09	-0.302464	-1.07441	-0.0019828	0.913158	-0.25431	0.000676638
252	2.51383e-09	-1.10991	-0.0246971	-0.000256738	0.0264012	-0.948846	0.000150036
253	2.51383e-09	0.632949	-0.931051	-0.00212252	0.780146	0.531755	0.00332824
254	2.51383e-09	0.998749	0.548338	-0.000921172	-0.445349	0.820325	-0.000149072
255	2.51383e-09	-0.745999	-0.854527	0.000376558	0.707917	-0.617961	-0.000671629
256	2.51383e-09	0.0216469	1.13844	-0.00102023	-0.93812	0.0251177	-0.000223361
257	2.51383e-09	0.583408	-0.955252	0.000836577	0.807259	0.493049	0.00210969
258	2.51383e-09	0.977046	0.565361	0.00343464	-0.476118	0.811597	-0.000135652
259	2.51383e-09	0.902774	-0.669398	-0.000575985	0.562338	0.759271	-0.000178496
260	2.51383e-09	0.414683	1.04645	-0.00301776	-0.877242	0.344897	0.00399453
261	2.51383e-09	-0.990104	-0.556013	0.00207474	0.454804	-0.821219	-0.00151006
262	2.51383e-09	1.10258	0.082595	-0.00303298	-0.071962	0.952032	-0.00373894
263	2.51383e-09	0.895384	0.699972	-0.00298577	-0.581837	0.739621	-0.00205231
264	2.51383e-09	-0.026125	1.12068	9.97535e-05	-0.943883	-0.0238764	-0.000359941
265	2.51383e-09	-1.12251	0.226737	0.00344429	-0.186065	-0.915158	0.00142389
266	2.51383e-09	1.07385	-0.361872	0.000225931	0.299616	0.891388	-5.25349e-05
267	2.51383e-09	-0.891924	0.671167	0.000681998	-0.5644	-0.762014	-0.000401997
268	2.51383e-09	-0.849811	-0.742254	-0.00356272	0.619734	-0.711593	0.000566074
269	2.51383e-09	0.512431	-1.02276	-0.00171086	0.834746	0.423166	-0.0016807
270	2.51383e-09	0.448828	1.02996	0.00061976	-0.868617	0.372524	0.00196825
271	2.51383e-09	0.425314	1.06785	0.000294902	-0.866218	0.347748	-0.00152445
272	2.51383e-09	1.05046	-0.443152	0.00390307	0.367739	0.862538	0.00170549
273	2.51383e-09	0.00491566	1.13921	0.000235603	-0.938926	0.00573183	0.000532177
274	2.51383e-09	1.01939	0.490679	-0.00147849	-0.41389	0.843311	-0.00120612
275	2.51383e-09	0.969412	0.597621	0.000970268	-0.488719	0.799972	0.00183128
276	2.51383e-09	0.959772	-0.640235	0.00135006	0.523245	0.770347	-0.00214527
277	2.51383e-09	-1.13875	-0.130383	-0.00359441	0.116067	-0.92529	0.00254631
278	2.51383e-09	-0.784177	-0.835865	-0.00115702	0.67902	-0.638955	0.00326294
279	2.51383e-09	0.735431	0.914471	-0.000370326	-0.726014	0.573725	-0.000757715
280	2.51383e-09	0.0355064	-1.16287	0.00212988	0.925587	0.0315506	0.00194013
281	2.51383e-09	-0.764371	-0.849305	0.000109404	0.69073	-0.62619	-0.00146738
282	2.51383e-09	0.121881	-1.13733	0.00254239	0.929287	0.0969453	-0.000721376
283	2.51383e-09	0.133094	1.13191	-0.00367036	-0.929367	0.103762	-0.00183045
284	2.51383e-09	-0.164979	-1.13529	-0.00138972	0.924108	-0.139201	0.0010722
285	2.51383e-09	-0.754431	-0.869872	0.00178342	0.702833	-0.61007	-0.00115764
286	2.51383e-09	0.371785	1.07624	0.00168463	-0.887006	0.306853	0.00114274
287	2.51383e-09	-0.483126	-1.01669	5.81527e-05	0.853871	-0.407753	0.00195349
288	2.51383e-09	1.14824	-0.145379	0.0018216	0.122148	0.92039	0.00152061
289	2.51383e-09	1.14877	-0.102075	0.00141651	0.0865788	0.927075	-0.00320051
290	2.51383e-09	-0.376277	1.07969	-0.00335462	-0.880673	-0.306976	-4.82459e-05
291	2.51383e-09	0.564715	-0.99944	-0.000934832	0.811221	0.459944	0.00138258
292	2.51383e-09	-0.719688	-0.899506	0.0018176	0.729325	-0.579653	-0.00138644
293	2.51383e-09	-0.834489	-0.778415	0.000835205	0.638911	-0.679314	-0.000743066
294	2.51383e-09	1.1145	0.329911	-0.00627583	-0.260252	0.891774	-0.0016178
295	2.51383e-09	-0.342954	1.09603	-0.00207057	-0.888314	-0.282608	0.000889416
296	2.51383e-09	-0.887016	-0.741733	-0.00279991	0.596666	-0.712389	-0.00310894
297	2.51383e-09	-0.756769	-0.849049	0.00061472	0.6981	-0.625542	5.23088e-05
298	2.51383e-09	-0.775628	-0.84647	-6.88939e-06	0.691846	-0.628253	0.00151379
299	2.51383e-09	0.514945	-1.05651	0.0011801	0.828963	0.396004	0.00158772
300	2.51383e-09	0.911995	-0.725039	0.00395994	0.57842	0.724167	-0.000852713
301	2.51383e-09	0.979429	-0.645614	-0.0032378	0.507606	0.766535	7.62465e-05
302	2.51383e-09	0.884414	-0.748008	0.00266686	0.602636	0.711801	-0.00280012
303	2.51383e-09	-1.09814	0.335439	-0.000929406	-0.269113	-0.895507	-0.000485839
304	2.51383e-09	1.1172	0.347017	-0.00161684	-0.275288	0.8853	0.000436638
305	2.51383e-09	-0.736833	0.88437	0.00285733	-0.715789	-0.596794	0.00155836
306	2.51383e-09	-0.640541	0.95072	0.00262648	-0.773644	-0.521935	0.000336405
307	2.51383e-09	0.40681	1.09222	0.00150192	-0.867104	0.323639	0.00206537
308	2.51383e-09	0.0635547	1.16944	-0.00239548	-0.92302	0.0451886	0.00131731
309	2.51383e-09	-0.880465	0.730859	0.0031419	-0.596761	-0.716109	-2.56512e-05
310	2.51383e-09	-0.890298	0.751977	-0.00197541	-0.598032	-0.704951	0.00161075
311	2.51383e-09	0.823894	-0.815013	0.000222853	0.654833	0.658301	-0.00383507
312	2.51383e-09	0.0867159	-1.15857	0.00270012	0.926454	0.0775578	6.67377e-05
313	2.51383e-09	-1.09766	-0.363083	0.00159487	0.291715	-0.880251	0.00294684
314	2.51383e-09	0.964175	-0.625538	0.00154838	0.510494	0.777896	-0.000205026
315	2.51383e-09	-0.795789	-0.84278	0.00120224	0.679017	-0.636011	-0.00255427
316	2.51383e-09	-0.982965	-0.625166	0.000256995	0.500088	-0.782224	0.00191053
317	2.51383e-09	0.316649	1.11344	0.0026942	-0.896577	0.248616	-0.00259353
318	2.51383e-09	-1.02935	0.532651	0.000745713	-0.424845	-0.82673	0.00138786
319	2.51383e-09	1.14947	0.236802	0.00167122	-0.183097	0.903842	-0.00170309
320	2.51383e-09	-0.909289	0.747344	-0.000392378	-0.588778	-0.708224	0.000957842
321	2.51383e-09	-1.15728	0.125822	-0.00181208	-0.0971729	-0.920855	-0.00071303
322	2.51383e-09	1.15638	-0.0976758	-0.00101215	0.078814	0.924373	-0.00340173
323	2.51383e-09	0.409115	1.07097	8.667e-05	-0.876861	0.332902	0.00103865
324	2.51383e-09	1.16317	-0.225839	0.00212348	0.173075	0.902648	0.000298367
325	2.51383e-09	0.0158903	-1.15587	0.00306809	0.929567	0.0179378	0.00142721
326	2.51383e-09	0.224275	-1.16059	0.00108476	0.903177	0.165584	0.00550967
327	2.51383e-09	1.00917	-0.601842	-0.00235665	0.472821	0.792038	-0.000346093
328	2.51383e-09	0.35916	-1.07853	-0.00485253	0.892006	0.290901	0.00125457
329	2.51383e-09	0.691216	-0.961444	0.00122616	0.746348	0.53037	0.000906096
330	2.51383e-09	0.306381	1.10896	0.00152638	-0.901022	0.248423	0.000473126
331	2.51383e-09	-1.12774	-0.202501	-0.000337292	0.167668	-0.920524	0.00256567
332	2.51383e-09	-1.16956	0.115305	-0.00292615	-0.0923979	-0.918888	0.00187536
333	2.51383e-09	-0.821601	-0.835752	-0.00204024	0.658601	-0.647917	1.42154e-06
334	2.51383e-09	-0.652469	0.978167	-0.00169037	-0.766309	-0.509147	-0.000496936
335	2.51383e-09	0.0677113	-1.18537	0.00109225	0.914845	0.0502193	-0.000815615
336	2.51383e-09	1.03441	0.572431	0.00240753	-0.440394	0.806021	-0.000597674
337	2.51383e-09	0.494218	1.07352	-0.0011001	-0.833765	0.388995	0.00134946
338	2.51383e-09	-0.988443	-0.612022	0.00020272	0.487185	-0.788451	0.000474999
339	2.51383e-09	-0.676042	-0.975468	0.0043611	0.754939	-0.519805	0.00143958
340	2.51383e-09	0.617434	-1.02133	0.000295101	0.77966	0.471024	0.00222256
341	2.51383e-09	0.266689	1.15907	0.000198624	-0.891582	0.210817	0.00100597
342	2.51383e-09	-0.950177	-0.656027	-0.00109378	0.527599	-0.765302	-0.000770597
343	2.51383e-09	1.16294	0.136646	-0.000428392	-0.107004	0.914853	0.000408277
344	2.51383e-09	-1.13045	-0.32645	-0.00147686	0.257603	-0.884575	0.000429045
345	2.51383e-09	-1.14433	-0.153315	-0.00147117	0.125069	-0.92253	-0.00242454
346	2.51383e-09	-1.11506	-0.391141	-0.00251807	0.302826	-0.864844	-0.00154685
347	2.51383e-09	-0.907048	0.748024	0.000640271	-0.587117	-0.712328	0.000284638
348	2.51383e-09	0.188782	-1.16042	0.00114569	0.91118	0.146854	-0.00191827
349	2.51383e-09	0.132809	1.17749	0.00126839	-0.913285	0.101646	-0.000543283
350	2.51383e-09	0.358084	-1.10594	0.00261389	0.883983	0.286098	-0.000586693
351	2.51383e-09	-0.452379	1.10635	0.00116903	-0.845543	-0.34992	0.00203687
352	2.51383e-09	-0.46295	1.08032	0.00266167	-0.848532	-0.358497	-0.000157248
353	2.51383e-09	-1.13794	0.337663	0.00263565	-0.259855	-0.882677	-0.00229197
354	2.51383e-09	0.258395	-1.14673	0.00124283	0.899881	0.205057	-0.00114021
355	2.51383e-09	-1.15042	0.112206	-0.00193853	-0.0873204	-0.926632	0.000470538
356	2.51383e-09	-0.710145	0.962737	0.000451591	-0.737677	-0.54397	0.00178908
357	2.51383e-09	0.558062	-1.03138	0.00141272	0.812818	0.436812	-0.00149703
358	2.51383e-09	-0.733004	-0.943497	-0.00149559	0.720827	-0.562061	0.00224426
359	2.51383e-09	0.398106	1.14177	0.00266132	-0.85836	0.296458	-0.0012911
360	2.51383e-09	-0.490903	1.05981	0.000114734	-0.842514	-0.390177	-0.00029116
361	2.51383e-09	-0.379104	-1.10884	-0.00113977	0.875218	-0.301187	-0.00173255
362	2.51383e-09	-1.08271	-0.424391	-0.00102392	0.343282	-0.863572	0.00203208
363	2.51383e-09	0.047577	-1.18769	0.00187295	0.915195	0.0431503	-0.00138062
364	2.51383e-09	1.10965	0.36707	0.00195613	-0.289656	0.877334	-0.000529985
365	2.51383e-09	1.05292	0.570767	-0.00128909	-0.430998	0.807698	-0.00101592
366	2.51383e-09	0.712405	0.951414	-0.00273665	-0.73805	0.548536	-0.000458341
367	2.51383e-09	-1.04382	-0.54235	0.000665219	0.419269	-0.820232	-0.00293466
368	2.51383e-09	1.19584	0.0877013	-0.00192097	-0.0667743	0.912647	0.00109157
369	2.51383e-09	-1.1023	0.455478	0.00228915	-0.357548	-0.842156	-0.000983143
370	2.51383e-09	-1.00959	-0.635985	0.00310573	0.491066	-0.770616	-0.0012681
371	2.51383e-09	0.959578	-0.735932	0.00178126	0.555927	0.719804	0.000782156
372	2.51383e-09	-1.1988	-0.098998	0.00162697	0.0788111	-0.906047	-0.00187079
373	2.51383e-09	0.246494	1.15391	0.000860612	-0.902017	0.18788	-0.00106306
374	2.51383e-09	0.10685	1.2022	-0.00417443	-0.90755	0.0851635	-0.000227785
375	2.51383e-09	-1.185	-0.136741	0.00264212	0.105566	-0.910432	-0.00206536
376	2.51383e-09	-0.709219	0.940057	-0.000525535	-0.735273	-0.558943	0.00033821
377	2.51383e-09	0.396994	-1.11532	0.00140785	0.865145	0.311136	-0.000841288
378	2.51383e-09	0.459488	-1.10464	-0.000484948	0.843233	0.350747	0.000212403
379	2.51383e-09	-0.960831	-0.695371	-0.00116445	0.54388	-0.738285	-0.00350102
380	2.51383e-09	-1.06143	-0.517047	0.00144911	0.399228	-0.82756	-0.00138466
381	2.51383e-09	1.19319	0.0335457	-0.00139346	-0.028757	0.914381	-0.002298
382	2.51383e-09	1.03558	-0.596076	0.00074932	0.459858	0.794352	0.00114648
383	2.51383e-09	0.293999	1.14843	0.00151788	-0.888555	0.226729	-0.000432232
384	2.51383e-09	-0.98277	0.69496	0.000366082	-0.529217	-0.742126	-0.00434731
385	2.51383e-09	-0.0724705	-1.1742	0.00189116	0.919492	-0.057929	0.00139995
386	2.51383e-09	0.659772	-0.998225	0.00278883	0.764898	0.499947	0.00126784
387	2.51383e-09	-0.22774	-1.17483	-0.00244288	0.897868	-0.175802	-0.00177276
388	2.51383e-09	-0.113741	1.18812	-0.00118632	-0.912631	-0.0910821	0.00167743
389	2.51383e-09	1.17587	0.17564	0.00492279	-0.134447	0.90624	0.00122736
390	2.51383e-09	0.98653	-0.66278	-0.00194491	0.508111	0.76105	0.000552458
391	2.51383e-09	-0.963235	-0.724718	0.00011938	0.552732	-0.72529	0.00160597
392	2.51383e-09	-1.1613	-0.30679	-0.000613156	0.231608	-0.881415	0.00495042
393	2.51383e-09	1.17826	-0.276571	-0.00227042	0.214705	0.882682	-0.000552867
394	2.51383e-09	-0.673293	1.00315	0.00154089	-0.756896	-0.502523	0.00101959
395	2.51383e-09	0.806377	0.891718	0.000335567	-0.682154	0.605941	0.000296578
396	2.51383e-09	0.756028	0.965663	0.00149674	-0.707624	0.5539	-0.00147237
397	2.51383e-09	-1.04021	0.611224	0.00363503	-0.459963	-0.783598	-0.000328279
398	2.51383e-09	-0.689452	-0.986137	0.00185969	0.745361	-0.524356	-0.000218008
399	2.51383e-09	0.0254239	-1.19338	-0.000552179	0.915601	0.0188883	-0.0021666
400	2.51383e-09	0.761927	0.937837	0.00181767	-0.702934	0.573121	-0.0014425
