3.666000e+03
401
0	1	0.000169488	0.000105056	-1.54682e-07	6.29646e-08	4.5919e-08	-1.11287e-10
1	2.51383e-09	0.709065	0.712258	0.000791	-0.702935	0.704764	-0.00028888
2	2.51383e-09	0.971181	0.286208	-0.00155699	-0.280719	0.952664	0.000110368
3	2.51383e-09	0.13483	0.989138	-1.00075e-05	-0.990418	0.136882	-0.00100364
4	2.51383e-09	0.273363	-0.961973	-0.000889048	0.961059	0.27358	-0.000178607
5	2.51383e-09	0.851945	-0.521708	-0.000609134	0.521683	0.854155	-0.000576993
6	2.51383e-09	-0.211942	-0.991341	-0.000322103	0.969281	-0.21369	-0.00128946
7	2.51383e-09	-0.177141	0.987488	0.00152045	-0.982775	-0.177351	0.00311413
8	2.51383e-09	0.908463	0.418802	0.000432563	-0.416462	0.909056	0.000362917
9	2.51383e-09	-0.947384	0.332392	-0.000661215	-0.331771	-0.940111	-0.000288291
10	2.51383e-09	1.00164	-0.0783819	-0.00068512	0.0783166	0.992816	-0.000633586
11	2.51383e-09	-0.989779	0.162576	0.000440082	-0.162982	-0.984969	0.000665368
12	2.51383e-09	0.367297	-0.947527	-0.000139544	0.925682	0.359503	7.30751e-05
13	2.51383e-09	0.942348	-0.368727	-0.000946312	0.362623	0.922879	0.00255454
14	2.51383e-09	0.8683	0.523272	0.000678188	-0.508177	0.85036	0.00218805
15	2.51383e-09	-0.121924	1.00229	0.00029835	-0.98343	-0.121593	0.001751
16	2.51383e-09	0.966558	-0.253747	0.000643517	0.251831	0.968519	-0.00108313
17	2.51383e-09	0.769937	-0.651024	0.000431367	0.642294	0.758848	0.00134101
18	2.51383e-09	-0.883865	-0.485387	-0.00158755	0.478113	-0.87648	-0.000569496
19	2.51383e-09	-0.362454	-0.954849	-0.000461397	0.923053	-0.348266	0.000973373
20	2.51383e-09	0.697569	-0.757764	-0.00162568	0.722245	0.671231	0.000725215
21	2.51383e-09	-0.753413	-0.682505	-0.00187837	0.662805	-0.732792	0.000742844
22	2.51383e-09	-0.852607	0.547828	-0.000113621	-0.538302	-0.836575	0.00157182
23	2.51383e-09	-0.038986	-1.00999	0.000159567	0.997328	-0.0386758	-0.00261694
24	2.51383e-09	-0.253283	0.976442	-0.000123068	-0.967403	-0.247594	0.00106879
25	2.51383e-09	0.935807	0.411008	-0.00182303	-0.398615	0.905075	0.00202452
26	2.51383e-09	0.445923	-0.912187	5.67248e-05	0.888923	0.439078	0.0015265
27	2.51383e-09	-0.66144	0.754238	-0.000525172	-0.753697	-0.65869	0.00226373
28	2.51383e-09	-0.20559	0.997064	-0.000307293	-0.969092	-0.203673	0.000242315
29	2.51383e-09	0.467282	-0.897598	0.000577134	0.881835	0.461813	0.00088034
30	2.51383e-09	-0.921575	0.409628	-0.00071705	-0.401915	-0.91158	0.00248488
31	2.51383e-09	-0.472665	0.892264	0.000835136	-0.878506	-0.465004	-0.00122466
32	2.51383e-09	-0.754858	-0.666162	9.34421e-05	0.659876	-0.746305	0.000883463
33	2.51383e-09	-0.954547	-0.344369	-0.001154	0.335516	-0.937109	-0.00121563
34	2.51383e-09	0.381338	-0.965275	0.00023478	0.911903	0.360396	-0.000910224
35	2.51383e-09	-0.731042	0.717333	-0.00140989	-0.68636	-0.708936	0.000710882
36	2.51383e-09	-0.852395	-0.545743	-0.00039944	0.538953	-0.836171	0.00216224
37	2.51383e-09	-0.852926	-0.563919	-0.00131754	0.544074	-0.824405	-0.00346479
38	2.51383e-09	0.0290103	1.00544	-0.000653858	-0.996651	0.0263901	0.00131142
39	2.51383e-09	-0.273134	-0.970766	0.00105204	0.959167	-0.266824	-0.000932955
40	2.51383e-09	-1.00644	0.0516957	0.000214825	-0.0520305	-0.994991	0.00178232
41	2.51383e-09	0.308958	0.966477	0.000528508	-0.946183	0.302034	-0.00249491
42	2.51383e-09	-1.02697	-0.00589829	-0.000614484	0.00642865	-0.987601	-0.0020218
43	2.51383e-09	-0.865377	0.528763	-0.00115233	-0.520618	-0.846595	0.00196743
44	2.51383e-09	0.628398	0.819771	-0.00225859	-0.776763	0.60074	-0.000923776
45	2.51383e-09	1.01393	0.181307	-0.00148637	-0.169207	0.970888	-0.00159145
46	2.51383e-09	-0.743687	-0.700656	-0.000834379	0.679422	-0.720964	0.00261394
47	2.51383e-09	0.434753	-0.923571	0.000272957	0.893367	0.425225	-0.00130696
48	2.51383e-09	-0.925595	-0.430513	-0.000563148	0.418334	-0.898131	-1.32209e-06
49	2.51383e-09	0.477556	-0.906419	0.000361162	0.875048	0.4626	0.000548239
50	2.51383e-09	-0.835428	0.600572	0.00199391	-0.575213	-0.799346	0.00191587
51	2.51383e-09	-0.78942	-0.64852	0.000220529	0.629013	-0.761241	0.000492877
52	2.51383e-09	-0.310139	-0.982659	-0.00100615	0.93981	-0.29639	-0.000404617
53	2.51383e-09	0.611862	0.818574	0.000787766	-0.792215	0.591655	0.000566294
54	2.51383e-09	-0.83111	0.581618	0.000210749	-0.565696	-0.817474	-0.000157042
55	2.51383e-09	-0.414113	-0.949406	0.000704206	0.900294	-0.390321	-0.000469027
56	2.51383e-09	0.823028	0.612478	0.000471264	-0.592822	0.788961	0.00291215
57	2.51383e-09	-0.82871	0.629749	0.00138473	-0.598338	-0.776142	-0.000176234
58	2.51383e-09	0.999284	-0.296004	-2.23741e-05	0.279669	0.938148	0.00170708
59	2.51383e-09	-0.237424	-1.00833	-0.000142198	0.952118	-0.226252	0.00159967
60	2.51383e-09	-0.442733	-0.923374	0.000964802	0.888896	-0.429972	0.00192859
61	2.51383e-09	-0.978661	-0.367451	0.000638531	0.344833	-0.912711	-0.00208797
62	2.51383e-09	-0.358525	0.966015	0.00184219	-0.923564	-0.34318	0.000829861
63	2.51383e-09	-0.46577	0.908482	0.000461585	-0.881184	-0.454168	-6.69681e-05
64	2.51383e-09	0.136085	-1.01682	0.00199024	0.979499	0.12887	0.00039389
65	2.51383e-09	0.0661004	-1.03342	-0.000647325	0.981454	0.0638331	0.00152869
66	2.51383e-09	-0.67338	-0.781039	-0.000365253	0.746834	-0.638611	0.00318803
67	2.51383e-09	0.931887	0.43894	0.000940775	-0.422092	0.892729	0.000397115
68	2.51383e-09	-0.963701	-0.363578	0.00146544	0.348358	-0.92011	-0.000151307
69	2.51383e-09	-0.827426	0.608489	0.000116444	-0.583777	-0.796249	-0.00157622
70	2.51383e-09	-0.802529	-0.645141	-0.000319052	0.619816	-0.766357	-0.0025939
71	2.51383e-09	-0.874257	-0.551436	3.08668e-05	0.524742	-0.83275	-1.34072e-05
72	2.51383e-09	0.904978	0.522465	-0.000296275	-0.492626	0.847675	0.000619934
73	2.51383e-09	-0.992246	0.29449	-0.00155724	-0.279632	-0.943885	0.00202891
74	2.51383e-09	0.571077	-0.868036	0.00158207	0.822578	0.540089	-0.000376187
75	2.51383e-09	0.210381	-1.0144	-0.000218027	0.962976	0.195657	9.35647e-05
76	2.51383e-09	1.01167	0.27446	-0.00135024	-0.255198	0.942587	0.00132046
77	2.51383e-09	-0.904151	-0.539229	-0.00119722	0.501377	-0.836295	-0.000747882
78	2.51383e-09	0.637509	-0.814716	-0.00103844	0.776787	0.608857	0.00106834
79	2.51383e-09	-0.849843	0.581713	-6.30212e-05	-0.561344	-0.811189	0.00278939
80	2.51383e-09	0.524073	0.905217	0.000898597	-0.847016	0.488125	-0.000133995
81	2.51383e-09	1.03972	-0.0989437	-0.000202208	0.0929494	0.974955	0.00119247
82	2.51383e-09	1.0455	0.136262	0.000156082	-0.130443	0.963078	-0.000170353
83	2.51383e-09	-0.866187	-0.577748	-0.000845935	0.540572	-0.817496	0.00168557
84	2.51383e-09	-0.599491	-0.859925	0.000551634	0.799837	-0.55824	0.000359292
85	2.51383e-09	0.744633	0.709922	0.00133505	-0.68295	0.711266	0.000295568
86	2.51383e-09	-1.03124	-0.179498	0.00089274	0.168683	-0.962091	0.000379126
87	2.51383e-09	0.789699	-0.670513	-0.00109692	0.631128	0.753437	-0.000644134
88	2.51383e-09	-0.268137	0.998626	0.00107234	-0.950369	-0.25362	-0.00192059
89	2.51383e-09	-0.918501	-0.52604	-0.000169519	0.4829	-0.845071	0.000735495
90	2.51383e-09	-0.797212	0.670216	-0.00141036	-0.630945	-0.751649	-0.000912285
91	2.51383e-09	0.837538	-0.599985	0.00289897	0.575685	0.801439	-0.000296135
92	2.51383e-09	0.26228	-1.0127	-0.00140382	0.948231	0.245384	-0.000808923
93	2.51383e-09	0.240562	1.02206	-0.000825573	-0.952949	0.223874	0.000576183
94	2.51383e-09	0.780712	-0.696214	-0.00147663	0.647487	0.732333	-0.000845281
95	2.51383e-09	0.93189	0.469237	0.000696298	-0.441041	0.872369	-0.00124568
96	2.51383e-09	-0.636353	0.832765	-0.00109254	-0.779338	-0.590867	-0.000266836
97	2.51383e-09	0.449571	-0.952007	0.00440182	0.884152	0.410651	0.000804178
98	2.51383e-09	-0.835101	0.663146	0.0022239	-0.599159	-0.757621	0.000778125
99	2.51383e-09	0.0534862	-1.05672	0.00149056	0.972881	0.0465847	0.000352058
100	2.51383e-09	-0.908143	-0.533791	-0.00156704	0.490459	-0.840195	-0.00075269
101	2.51383e-09	-0.912729	0.488685	-0.000372768	-0.462485	-0.866225	0.00145198
102	2.51383e-09	-0.997205	0.299356	-0.00117584	-0.278074	-0.937561	0.00142546
103	2.51383e-09	-0.858339	-0.601029	-0.000976559	0.558981	-0.80307	0.00151626
104	2.51383e-09	-0.223773	1.02657	-0.000114185	-0.954287	-0.208181	0.00136197
105	2.51383e-09	-0.80025	-0.668257	7.31822e-05	0.630861	-0.753416	0.000685339
106	2.51383e-09	-0.0969241	1.04448	0.00129409	-0.972835	-0.0898453	0.00107618
107	2.51383e-09	-0.857249	0.619511	0.00190613	-0.564814	-0.790434	0.000450856
108	2.51383e-09	-0.832884	0.659783	-0.000479099	-0.603431	-0.760198	-0.00176252
109	2.51383e-09	1.05133	-0.0886822	-0.000327755	0.0799562	0.971199	0.00207975
110	2.51383e-09	1.05195	0.050422	-0.00162988	-0.0500507	0.973865	-0.000205978
111	2.51383e-09	-0.127159	1.06209	-0.000368629	-0.960169	-0.115194	-0.000337652
112	2.51383e-09	0.213998	1.03915	-0.000707375	-0.950097	0.192917	0.000103624
113	2.51383e-09	-0.261011	1.02385	0.00021133	-0.943524	-0.240619	-0.00149506
114	2.51383e-09	0.76712	-0.718958	-0.00127166	0.667209	0.71203	0.00108659
115	2.51383e-09	0.508775	0.935114	9.16198e-05	-0.853278	0.458858	0.00208452
116	2.51383e-09	0.438695	0.960587	-0.00122697	-0.882992	0.406271	0.000340356
117	2.51383e-09	0.8801	-0.597881	0.00137883	0.547498	0.79979	7.29137e-05
118	2.51383e-09	0.517622	-0.93103	0.00224751	0.848139	0.4688	-0.000114473
119	2.51383e-09	0.727156	0.751717	-0.0010903	-0.704986	0.679792	-0.00174414
120	2.51383e-09	0.983869	-0.376482	-0.000207223	0.35073	0.908361	0.00236897
121	2.51383e-09	0.549271	-0.915691	-0.000924578	0.828441	0.498226	-0.000904615
122	2.51383e-09	-0.776835	0.737185	0.000944079	-0.662206	-0.702563	0.00132058
123	2.51383e-09	0.0594781	1.0465	0.001624	-0.975114	0.0495896	0.000340987
124	2.51383e-09	-0.421699	0.984435	-0.0025612	-0.891195	-0.382992	-0.00135491
125	2.51383e-09	-0.344223	-1.00069	-0.00102252	0.917826	-0.317089	0.000430667
126	2.51383e-09	0.89413	0.558057	-0.00136549	-0.515598	0.830488	0.000302209
127	2.51383e-09	-0.878867	-0.590765	0.00216738	0.541627	-0.805469	-0.000659401
128	2.51383e-09	0.353134	-1.00244	-0.000302526	0.916822	0.320397	0.00177983
129	2.51383e-09	-0.336004	-1.00448	-0.00246862	0.923429	-0.303114	0.000498882
130	2.51383e-09	-1.01355	0.309144	-0.000625215	-0.286	-0.927001	-0.00020448
131	2.51383e-09	0.976125	-0.467886	-0.00261467	0.411421	0.866675	0.000298354
132	2.51383e-09	-1.01192	0.382162	0.00141108	-0.336715	-0.89764	-0.00105263
133	2.51383e-09	0.460863	-0.955177	-3.26509e-05	0.874281	0.423665	-0.00303145
134	2.51383e-09	-0.822809	0.682944	-0.00143502	-0.614463	-0.743666	0.000882697
135	2.51383e-09	0.702934	-0.800754	0.00218292	0.729517	0.639656	0.00128735
136	2.51383e-09	0.680177	0.835174	0.00227369	-0.748226	0.607097	-0.00129669
137	2.51383e-09	0.880481	-0.59616	0.000961895	0.544835	0.802493	-0.00259891
138	2.51383e-09	-0.0786496	1.06796	0.000834474	-0.9632	-0.0713466	-0.00202893
139	2.51383e-09	-0.705023	0.805533	-0.000971296	-0.728163	-0.635249	0.00133233
140	2.51383e-09	-0.222008	1.06124	-0.00128247	-0.93999	-0.196842	0.000338077
141	2.51383e-09	0.396269	0.989978	-0.00140811	-0.898413	0.364635	0.00252938
142	2.51383e-09	-0.952746	0.495491	0.000123887	-0.440034	-0.858827	0.00119263
143	2.51383e-09	-1.0495	0.184638	0.00102039	-0.167214	-0.954872	-0.000448349
144	2.51383e-09	1.0812	-0.055624	-0.000706715	0.0490342	0.961679	-0.00167534
145	2.51383e-09	-1.01568	0.344512	-0.00135077	-0.310124	-0.913748	0.000816028
146	2.51383e-09	1.09291	0.00414056	-0.00144685	-0.000229975	0.956869	-0.000373458
147	2.51383e-09	-0.397113	0.999687	0.00187226	-0.899065	-0.357065	0.000650894
148	2.51383e-09	-0.623234	-0.887257	-0.000152553	0.788183	-0.547889	-0.000566852
149	2.51383e-09	-0.665799	-0.833159	-0.000471911	0.75215	-0.613644	-0.000841441
150	2.51383e-09	0.597707	0.894135	0.00238418	-0.80293	0.534615	0.00145769
151	2.51383e-09	-1.07036	-0.141257	0.00149134	0.126282	-0.953802	-0.000118657
152	2.51383e-09	-1.00398	-0.356357	0.00191662	0.323902	-0.91443	-0.00110736
153	2.51383e-09	1.0817	0.0807116	0.000174613	-0.0737757	0.958098	0.00100287
154	2.51383e-09	-0.674767	-0.862773	-0.00222247	0.752895	-0.585434	0.00176659
155	2.51383e-09	1.06379	-0.152758	0.00143571	0.132674	0.955335	-0.000221574
156	2.51383e-09	-0.8274	-0.69036	0.0014811	0.615378	-0.739221	0.00165085
157	2.51383e-09	-1.05213	0.207492	0.00100846	-0.18743	-0.948483	0.00106717
158	2.51383e-09	-0.551592	-0.939312	-0.00187245	0.82503	-0.488684	0.000320617
159	2.51383e-09	-1.05026	-0.233288	-0.00154687	0.208714	-0.941591	-0.00233549
160	2.51383e-09	0.091672	-1.06907	-0.00265728	0.96126	0.0805044	0.000472071
161	2.51383e-09	-1.08344	0.0546336	0.000470575	-0.0504032	-0.959669	0.00111915
162	2.51383e-09	0.84918	-0.691998	0.000683544	0.602025	0.741393	-0.000747354
163	2.51383e-09	0.243725	1.04679	-0.00224317	-0.939738	0.217003	0.000952571
164	2.51383e-09	-1.04994	0.178181	-0.000220638	-0.160623	-0.953943	0.000563648
165	2.51383e-09	1.06654	-0.2245	-0.0014214	0.194391	0.93952	0.0005652
166	2.51383e-09	1.00687	-0.400706	0.00186229	0.358187	0.893058	-9.39667e-05
167	2.51383e-09	-0.335758	1.0342	-0.00315101	-0.90918	-0.300649	0.00159354
168	2.51383e-09	-0.325756	-1.02944	-0.00170793	0.915668	-0.297259	0.000489202
169	2.51383e-09	-0.46204	-0.972779	0.00124679	0.873617	-0.410448	0.000120737
170	2.51383e-09	1.05302	0.306859	-0.00332979	-0.263473	0.917418	-0.000233196
171	2.51383e-09	1.03092	0.353883	0.00210047	-0.310557	0.905212	-0.00208545
172	2.51383e-09	-0.338209	1.05418	-0.000360667	-0.903325	-0.288216	0.000758102
173	2.51383e-09	-1.08152	-0.210974	0.00141437	0.184101	-0.933567	-0.00187614
174	2.51383e-09	0.126911	1.09458	-0.000240161	-0.945486	0.112514	-0.000976216
175	2.51383e-09	0.87486	-0.64792	-0.000439722	0.575814	0.76793	-0.00018734
176	2.51383e-09	0.722486	0.799759	-0.00153644	-0.715267	0.643297	-0.000694312
177	2.51383e-09	1.10352	0.0456184	0.00232007	-0.0382468	0.950006	-0.000502796
178	2.51383e-09	-1.01557	-0.379889	-0.00122943	0.33815	-0.899823	-0.000295693
179	2.51383e-09	-1.08774	0.0743824	0.000150169	-0.0685523	-0.955955	0.000613462
180	2.51383e-09	0.247672	-1.0605	0.000213754	0.931083	0.222253	0.00143732
181	2.51383e-09	-0.880936	-0.664256	0.000641322	0.569881	-0.760478	-0.000659501
182	2.51383e-09	-0.741921	0.794988	0.00257567	-0.702283	-0.652673	-0.000748521
183	2.51383e-09	-1.09364	0.130952	0.00123579	-0.112694	-0.945825	0.00107036
184	2.51383e-09	0.00213637	-1.10575	0.000221148	0.951604	0.0020326	-5.61197e-05
185	2.51383e-09	0.819987	0.707135	0.000263321	-0.62854	0.727987	0.000807097
186	2.51383e-09	0.373776	-1.01728	-0.000721146	0.899444	0.330265	0.000283035
187	2.51383e-09	0.84557	-0.678047	-0.000525148	0.600834	0.749598	-0.000711105
188	2.51383e-09	0.788208	0.76072	-0.00018268	-0.663924	0.686227	0.00102419
189	2.51383e-09	0.957111	0.54784	-0.000890522	-0.473716	0.823807	-0.000443426
190	2.51383e-09	1.09072	-0.220373	-0.000712112	0.182535	0.928223	-0.00118377
191	2.51383e-09	-0.199363	1.07445	-0.00211963	-0.940121	-0.176918	-0.000180722
192	2.51383e-09	-0.390443	-1.02701	-0.00291257	0.893861	-0.335099	0.00160963
193	2.51383e-09	-0.364148	-1.04618	0.00115155	0.895304	-0.312446	-0.00166909
194	2.51383e-09	0.95824	0.563506	0.00105287	-0.485196	0.814484	-0.000112687
195	2.51383e-09	-0.42378	-1.00717	-0.000287757	0.880295	-0.368084	0.00195635
196	2.51383e-09	0.701546	0.838933	0.000322545	-0.732382	0.617204	0.000538353
197	2.51383e-09	0.937774	-0.569921	-0.000589093	0.499376	0.812838	-0.000761583
198	2.51383e-09	-1.10121	0.116608	-0.00149964	-0.104108	-0.945191	-0.000966954
199	2.51383e-09	-1.07662	-0.220457	-0.000337331	0.189007	-0.9363	-0.000554221
200	2.51383e-09	0.851361	-0.70915	0.00187778	0.610301	0.727338	0.00116431
201	2.51383e-09	-0.919909	-0.602765	0.00215708	0.522327	-0.798956	0.00151628
202	2.51383e-09	-0.767896	0.779797	-0.00194798	-0.684111	-0.669628	-0.00203207
203	2.51383e-09	-0.737924	-0.785978	0.000464922	0.702604	-0.658951	-6.49764e-05
204	2.51383e-09	0.559055	0.953721	0.00142912	-0.818857	0.484651	0.00148896
205	2.51383e-09	0.869025	0.711077	-0.000686985	-0.596737	0.732017	0.000813827
206	2.51383e-09	0.0823683	1.10473	0.00321958	-0.946241	0.0676193	0.000650359
207	2.51383e-09	0.642066	0.912795	-0.0014455	-0.773479	0.543723	-0.000336397
208	2.51383e-09	1.09205	0.0301451	-0.000867223	-0.0296517	0.956194	-0.000149544
209	2.51383e-09	-0.476861	-0.990972	-0.00202304	0.858082	-0.41335	-0.000165562
210	2.51383e-09	-0.556862	-0.966747	-0.000824165	0.819489	-0.470389	-0.000443018
211	2.51383e-09	0.496631	0.986834	0.00066461	-0.849409	0.425492	0.000747135
212	2.51383e-09	-0.591331	0.956465	-0.00119545	-0.802328	-0.495412	0.00117538
213	2.51383e-09	0.708745	0.831931	0.000635781	-0.730767	0.61822	0.00104373
214	2.51383e-09	0.331327	1.05695	-2.32759e-05	-0.904346	0.285209	-0.00111264
215	2.51383e-09	1.04429	-0.394964	-0.00291141	0.328205	0.886343	-0.000704793
216	2.51383e-09	0.827276	0.751762	0.000819816	-0.634952	0.697369	-0.00204303
217	2.51383e-09	-0.279653	-1.08209	3.64606e-05	0.915517	-0.232511	-0.00054838
218	2.51383e-09	-0.202402	1.07289	-0.000410908	-0.938718	-0.177851	-0.00110984
219	2.51383e-09	-0.868484	-0.69993	0.000701993	0.592321	-0.738069	0.00135607
220	2.51383e-09	0.440151	1.02059	0.00144065	-0.871415	0.374573	0.00226898
221	2.51383e-09	0.604503	0.922079	0.000849403	-0.798903	0.518931	0.000814023
222	2.51383e-09	-1.10314	0.186215	-0.000842094	-0.155342	-0.931247	0.00166842
223	2.51383e-09	-0.252078	1.0934	-0.0017318	-0.91909	-0.209166	0.000227625
224	2.51383e-09	0.873789	0.669169	-0.00114748	-0.582837	0.75582	9.31992e-05
225	2.51383e-09	0.0356375	-1.11141	0.00239234	0.948552	0.0375577	0.000226468
226	2.51383e-09	0.999786	0.508194	0.000437553	-0.42809	0.843152	-0.0016077
227	2.51383e-09	-0.285797	1.06612	0.000359094	-0.922189	-0.245947	0.00118789
228	2.51383e-09	-0.195875	1.09616	0.000196132	-0.932717	-0.16785	0.000460156
229	2.51383e-09	-0.926085	-0.640485	-0.00296742	0.534447	-0.777597	0.000296935
230	2.51383e-09	-1.08743	-0.309775	-0.0011741	0.258305	-0.904992	0.00175245
231	2.51383e-09	-1.13078	0.0959439	0.00177388	-0.0814143	-0.933095	0.000554016
232	2.51383e-09	0.865612	0.6965	-0.000796393	-0.591141	0.739406	0.00240602
233	2.51383e-09	-1.05865	0.339894	0.000771096	-0.288738	-0.906144	-0.00131151
234	2.51383e-09	-0.862871	-0.71165	0.000365788	0.600167	-0.731288	0.000343746
235	2.51383e-09	-0.550559	-0.96994	-0.000262847	0.821645	-0.470797	-0.00456282
236	2.51383e-09	0.869351	-0.724032	-0.00174647	0.60513	0.720595	0.000582718
237	2.51383e-09	-0.258961	-1.09079	-0.000531596	0.918289	-0.218465	-0.000300095
238	2.51383e-09	-1.01334	-0.487905	-0.00216535	0.413408	-0.848543	0.000470241
239	2.51383e-09	0.793524	0.774542	0.0025373	-0.662312	0.679848	0.000596258
240	2.51383e-09	1.00172	-0.522744	-0.000846165	0.435351	0.835574	-0.00234984
241	2.51383e-09	1.10423	-0.185262	0.00112519	0.149807	0.934551	-0.00102893
242	2.51383e-09	0.88285	-0.729858	0.00143962	0.595126	0.720861	0.00277421
243	2.51383e-09	1.08741	0.305632	0.00194957	-0.255488	0.903137	0.00103176
244	2.51383e-09	0.585836	0.958851	0.00166273	-0.806557	0.492753	-0.000363824
245	2.51383e-09	-1.03564	0.448269	-0.00191712	-0.373997	-0.861937	0.000329025
246	2.51383e-09	-0.745774	-0.83687	0.00137288	0.707713	-0.623404	0.00183287
247	2.51383e-09	-1.02655	-0.430429	-0.000545905	0.365334	-0.873142	0.00156013
248	2.51383e-09	-0.279892	1.08709	0.000448738	-0.912275	-0.234266	-0.000971425
249	2.51383e-09	-0.39657	1.05509	-0.000540707	-0.881881	-0.328764	-0.000329182
250	2.51383e-09	0.925976	-0.650787	3.37601e-05	0.541104	0.768047	-0.00028435
251	2.51383e-09	-0.671517	0.910829	4.20473e-07	-0.758351	-0.556949	0.00134653
252	2.51383e-09	-0.992314	0.525944	0.00278232	-0.444016	-0.834447	0.000297533
253	2.51383e-09	-1.13337	0.0220898	-8.25069e-05	-0.0175528	-0.939533	-0.000750591
254	2.51383e-09	0.4075	-1.04838	0.000659434	0.879705	0.336221	-0.00107347
255	2.51383e-09	0.935971	-0.641233	0.000309153	0.533646	0.771109	-0.00278046
256	2.51383e-09	-1.09579	0.282194	-0.00159685	-0.23162	-0.911874	-0.00068723
257	2.51383e-09	1.1189	-0.205552	0.000438589	0.171324	0.921196	-0.00154333
258	2.51383e-09	-0.868664	-0.719143	0.000236163	0.603027	-0.726946	0.00269277
259	2.51383e-09	-0.028536	1.13252	-0.00274886	-0.938048	-0.0228928	-0.000729038
260	2.51383e-09	0.995557	0.555816	0.000238645	-0.456404	0.816087	0.0034411
261	2.51383e-09	0.852196	-0.758116	0.000135002	0.62588	0.698673	0.000675803
262	2.51383e-09	-0.379221	1.05866	0.00447428	-0.886481	-0.314437	0.000414933
263	2.51383e-09	0.391561	1.06535	-0.00103675	-0.880553	0.325769	-0.0015111
264	2.51383e-09	0.668867	-0.906472	-0.000216077	0.757983	0.561663	-0.000521556
265	2.51383e-09	1.02895	-0.487396	-0.000806325	0.40344	0.847336	-0.000790074
266	2.51383e-09	1.07597	-0.361916	-0.00143663	0.299639	0.890212	0.00130562
267	2.51383e-09	0.912005	0.67168	0.000227357	-0.558089	0.754033	-0.00328135
268	2.51383e-09	0.566355	-0.975252	-0.00100886	0.812289	0.47506	-0.00034501
269	2.51383e-09	-0.373795	1.07655	0.000607302	-0.885551	-0.305872	-0.0012934
270	2.51383e-09	-1.07491	0.360765	-0.000517758	-0.298335	-0.890527	0.00106904
271	2.51383e-09	-0.263622	1.11376	0.00164536	-0.910521	-0.216638	-0.00108371
272	2.51383e-09	1.10783	-0.285552	0.00189136	0.230235	0.906268	-0.00245446
273	2.51383e-09	-0.192501	1.12254	-0.000955344	-0.92439	-0.160786	0.000546473
274	2.51383e-09	0.999449	0.516869	-0.000704888	-0.435312	0.836599	0.000941243
275	2.51383e-09	-0.648229	-0.936381	-0.00159581	0.772882	-0.528156	-0.00128977
276	2.51383e-09	1.1219	0.0831387	0.00118534	-0.0688915	0.941453	0.000100677
277	2.51383e-09	0.179854	1.13342	9.96958e-05	-0.920066	0.149572	0.00054519
278	2.51383e-09	1.05855	-0.449916	0.0007022	0.367595	0.855824	-0.00119542
279	2.51383e-09	-0.707127	-0.895549	0.000361177	0.738614	-0.576099	0.00043613
280	2.51383e-09	0.128601	-1.15684	1.28597e-05	0.917578	0.101399	-0.00147161
281	2.51383e-09	-0.760216	0.841091	-3.326e-05	-0.696684	-0.633525	0.000894067
282	2.51383e-09	0.742897	0.868687	0.00327254	-0.712449	0.605805	0.000900216
283	2.51383e-09	-0.478519	-1.03236	-0.00172641	0.850268	-0.395425	0.000102398
284	2.51383e-09	-1.1538	-0.044459	-0.000989857	0.0358255	-0.930472	0.00110529
285	2.51383e-09	-0.467037	1.05373	0.000259124	-0.85468	-0.37641	0.000716055
286	2.51383e-09	1.12544	-0.140179	-3.59653e-05	0.116495	0.931024	-0.00258267
287	2.51383e-09	-0.796934	0.827289	-0.000206593	-0.671285	-0.64467	0.00119468
288	2.51383e-09	-1.00323	0.571499	-0.00204721	-0.460101	-0.807965	4.6019e-05
289	2.51383e-09	0.861077	0.775715	-0.00318811	-0.622961	0.687735	-0.00141426
290	2.51383e-09	0.460168	1.04637	-0.000549411	-0.855758	0.376743	-0.00043135
291	2.51383e-09	0.872942	0.747916	0.00110444	-0.605787	0.707477	0.000524256
292	2.51383e-09	-0.911872	0.72608	0.00122324	-0.578129	-0.719999	-0.000901939
293	2.51383e-09	-1.01525	0.53555	-0.00204191	-0.436771	-0.823974	0.000822132
294	2.51383e-09	0.883415	-0.750621	-0.00255101	0.601544	0.707556	-0.00135793
295	2.51383e-09	1.13387	-0.157166	-0.00207925	0.131506	0.925129	0.00249864
296	2.51383e-09	-1.13758	0.173536	-0.000796615	-0.144211	-0.922314	-0.000256113
297	2.51383e-09	0.267146	1.11057	-0.00253351	-0.910462	0.22058	-0.000107337
298	2.51383e-09	0.743429	-0.877068	2.95552e-05	0.713494	0.602455	-0.000663997
299	2.51383e-09	0.836948	0.794466	-0.000502026	-0.644807	0.671684	-0.000118841
300	2.51383e-09	1.16944	-0.0810256	-0.000320478	0.0672178	0.918865	0.00127949
301	2.51383e-09	0.118879	-1.14138	-0.00011532	0.932199	0.0952782	-0.00215324
302	2.51383e-09	-0.911719	-0.718836	0.00182879	0.577477	-0.726331	-0.000984874
303	2.51383e-09	-0.992573	-0.583944	0.00068652	0.476858	-0.802222	-0.000558281
304	2.51383e-09	-1.15073	0.173907	0.00224145	-0.136851	-0.915784	0.00173526
305	2.51383e-09	0.0695446	1.13861	0.00272676	-0.935632	0.055949	0.000550916
306	2.51383e-09	-0.817187	-0.816102	-0.00180109	0.656376	-0.660844	-0.000894449
307	2.51383e-09	0.660659	0.963346	-0.00125721	-0.76293	0.518794	-0.00110461
308	2.51383e-09	-1.07201	0.441062	-0.000643923	-0.351841	-0.86104	-0.00171692
309	2.51383e-09	1.15131	0.0372435	0.000441565	-0.0299873	0.929574	0.00111782
310	2.51383e-09	0.551908	0.998378	-0.00114196	-0.822286	0.454999	-0.000415489
311	2.51383e-09	-0.174662	-1.14507	0.00195665	0.917614	-0.138452	-0.000111825
312	2.51383e-09	-0.626942	0.979807	-0.00173975	-0.779744	-0.499957	0.0021292
313	2.51383e-09	0.914273	0.702763	0.0021204	-0.566359	0.738724	-0.000954039
314	2.51383e-09	-0.892748	-0.733509	-0.000866869	0.59113	-0.717972	-0.00171616
315	2.51383e-09	1.04434	-0.523593	-0.00412388	0.412143	0.828662	8.69823e-05
316	2.51383e-09	0.346274	1.11706	-0.000675823	-0.881671	0.274526	-0.00163307
317	2.51383e-09	-1.14776	0.129504	-5.75283e-05	-0.106104	-0.924553	-0.00175978
318	2.51383e-09	0.805023	-0.842191	-2.44247e-06	0.671901	0.637746	0.000415102
319	2.51383e-09	1.07641	-0.450659	0.00219948	0.356831	0.854186	-0.000808564
320	2.51383e-09	-0.241619	1.14886	-0.000218248	-0.904436	-0.192354	0.000948357
321	2.51383e-09	-0.347682	1.11948	-0.0010741	-0.880788	-0.273588	-0.000623641
322	2.51383e-09	-0.0945151	1.16339	0.000512153	-0.921501	-0.0812046	-0.000146853
323	2.51383e-09	1.16187	-0.181748	0.00253526	0.139505	0.911099	0.00150483
324	2.51383e-09	1.13477	0.310994	0.00386079	-0.245795	0.888522	3.60267e-05
325	2.51383e-09	-1.16568	0.119283	-0.000943105	-0.0938738	-0.918155	-0.000655342
326	2.51383e-09	-0.291589	1.13007	-0.00102076	-0.897558	-0.234835	-0.00127406
327	2.51383e-09	-1.0859	-0.463078	-0.00028342	0.360585	-0.845235	0.00173361
328	2.51383e-09	1.11493	-0.287272	0.00159351	0.23236	0.90428	-0.000806937
329	2.51383e-09	1.18516	0.0401468	-0.000449388	-0.0360473	0.917681	-0.00240292
330	2.51383e-09	0.1689	-1.14302	0.000242718	0.921504	0.136427	-0.00129108
331	2.51383e-09	-1.15408	-0.1072	0.000336763	0.0927004	-0.925516	-0.0015488
332	2.51383e-09	1.01574	0.54998	-4.33188e-05	-0.44447	0.818958	0.000591529
333	2.51383e-09	-1.09825	0.423602	-0.000289743	-0.329714	-0.861553	-0.00085914
334	2.51383e-09	0.834054	-0.826802	-0.000144305	0.648125	0.656856	0.000913574
335	2.51383e-09	0.130621	-1.1742	0.00145336	0.912828	0.103277	-0.000250096
336	2.51383e-09	1.12977	-0.322317	0.000107963	0.251648	0.887535	-0.000345246
337	2.51383e-09	0.954555	0.689631	-0.00188322	-0.538464	0.746998	-0.000549228
338	2.51383e-09	-1.03307	-0.543724	0.00172893	0.428161	-0.820012	-0.000659996
339	2.51383e-09	1.07373	-0.515215	-0.00176385	0.393965	0.827337	-0.00147538
340	2.51383e-09	1.02448	0.592268	0.000464388	-0.459506	0.795949	0.00143266
341	2.51383e-09	-1.08862	-0.432028	-0.000282159	0.336684	-0.86289	0.00116688
342	2.51383e-09	1.16663	-0.0862171	-0.000355045	0.0679693	0.921847	-0.0013114
343	2.51383e-09	-1.12363	-0.301363	0.0010657	0.240674	-0.89669	-0.00156373
344	2.51383e-09	0.982356	0.640667	0.000777937	-0.50698	0.77299	0.000141293
345	2.51383e-09	0.156872	1.15409	0.00191864	-0.919277	0.125965	7.06868e-05
346	2.51383e-09	-0.950141	0.66366	-0.000628018	-0.533014	-0.759977	-0.00125571
347	2.51383e-09	-0.876159	0.771309	0.000352855	-0.614985	-0.69381	-0.00102047
348	2.51383e-09	-0.869003	0.809643	-0.000403709	-0.623034	-0.67145	-0.000870419
349	2.51383e-09	-1.02809	-0.587534	0.00129534	0.457306	-0.793383	-0.00125248
350	2.51383e-09	0.941177	-0.67846	0.000783755	0.545052	0.754972	0.000553807
351	2.51383e-09	-0.212838	-1.16856	7.95603e-05	0.901308	-0.161327	-0.00118821
352	2.51383e-09	0.217459	1.1647	0.00173464	-0.903554	0.169211	0.0021717
353	2.51383e-09	-0.998293	-0.631794	-0.00114165	0.491462	-0.779324	0.000168183
354	2.51383e-09	1.1809	-0.137295	0.000581424	0.104976	0.911786	0.000698626
355	2.51383e-09	-0.35206	1.10648	0.000264376	-0.885859	-0.282216	0.000211297
356	2.51383e-09	-1.16549	0.239057	-0.000315963	-0.184969	-0.898364	-0.000182986
357	2.51383e-09	-1.18054	-0.0920761	0.00150894	0.0745525	-0.915794	-0.00159334
358	2.51383e-09	-1.14922	0.338688	0.00113535	-0.255322	-0.87707	0.000857397
359	2.51383e-09	-1.19223	0.051662	0.000719682	-0.0350295	-0.915353	-0.000323221
360	2.51383e-09	-0.103248	-1.16124	0.000582292	0.921763	-0.0805789	0.0014806
361	2.51383e-09	0.811235	-0.868374	0.000353952	0.671749	0.625045	4.38552e-05
362	2.51383e-09	0.321948	-1.13807	0.000805673	0.883312	0.248473	-0.00183445
363	2.51383e-09	-0.565108	-1.03277	0.00291085	0.809965	-0.441429	0.00112724
364	2.51383e-09	1.12882	-0.330427	0.00221056	0.261123	0.883265	0.00164984
365	2.51383e-09	-1.09425	-0.460424	-0.000111919	0.353003	-0.847081	0.00135796
366	2.51383e-09	0.235232	1.16794	-0.000774699	-0.896987	0.1812	0.00223424
367	2.51383e-09	1.17546	-0.18316	-0.000266773	0.142525	0.907925	0.000581983
368	2.51383e-09	-0.864976	0.813294	-0.00214688	-0.631274	-0.667273	-0.000669906
369	2.51383e-09	-0.982691	-0.675681	0.00143036	0.516976	-0.756805	-0.00163552
370	2.51383e-09	1.13556	-0.34743	0.0006819	0.271442	0.876644	-0.00115704
371	2.51383e-09	-1.02226	0.613565	0.000229768	-0.471203	-0.786351	0.00152952
372	2.51383e-09	-0.953817	0.697062	-0.00154503	-0.541841	-0.743757	-0.000111626
373	2.51383e-09	0.483125	1.0865	-5.46857e-05	-0.839042	0.372807	0.000766049
374	2.51383e-09	0.655032	1.00561	0.0010531	-0.764664	0.500858	0.000704604
375	2.51383e-09	1.18095	0.176174	0.00100168	-0.132621	0.905938	-2.88668e-05
376	2.51383e-09	-0.891136	-0.778112	-0.00189195	0.607306	-0.692476	0.000964791
377	2.51383e-09	-0.404314	1.12092	-0.000931043	-0.863487	-0.309317	0.00206361
378	2.51383e-09	1.07501	-0.53709	-0.00175864	0.408965	0.815327	-0.000706153
379	2.51383e-09	-0.999983	-0.629054	0.000327355	0.496494	-0.775059	0.000770158
380	2.51383e-09	-0.424743	-1.10296	0.00197706	0.859178	-0.330783	0.00182427
381	2.51383e-09	-0.601593	1.02696	0.00101586	-0.790329	-0.46226	-0.000759222
382	2.51383e-09	0.766653	-0.900612	0.000331986	0.700129	0.598218	0.00108421
383	2.51383e-09	0.580704	-1.03192	0.0020972	0.799574	0.450413	-0.00123307
384	2.51383e-09	1.18595	-0.216437	0.00063956	0.159205	0.896822	-0.0023773
385	2.51383e-09	-0.932328	-0.730624	-0.000589527	0.565901	-0.724697	0.000297678
386	2.51383e-09	-0.0215043	1.20239	-0.00122663	-0.913854	-0.0125434	3.85462e-05
387	2.51383e-09	-1.00498	-0.657727	-0.0010817	0.501046	-0.76176	0.000609194
388	2.51383e-09	-1.15804	-0.314331	0.000724613	0.23248	-0.88211	-0.00113124
389	2.51383e-09	0.568483	-1.05384	-0.000170807	0.806785	0.430886	0.000387069
390	2.51383e-09	-0.12167	1.18414	-0.000509835	-0.910692	-0.0946351	2.47566e-05
391	2.51383e-09	-0.234687	-1.18312	-0.000966875	0.892895	-0.179914	-0.00104273
392	2.51383e-09	0.526334	-1.08234	0.00113272	0.81951	0.40035	-0.000891644
393	2.51383e-09	-1.16174	-0.318367	0.00128986	0.243657	-0.879152	0.00149694
394	2.51383e-09	-0.347452	1.15164	0.000161555	-0.871188	-0.26179	0.00129657
395	2.51383e-09	1.10558	-0.476459	0.000335317	0.363675	0.836091	-0.0013333
396	2.51383e-09	0.981586	-0.705487	0.00169473	0.527972	0.737646	-0.000991578
397	2.51383e-09	1.11119	0.45563	0.00153843	-0.345515	0.846027	-0.000819345
398	2.51383e-09	1.01914	-0.648245	-0.00107437	0.493095	0.765593	0.00124681
399	2.51383e-09	-0.373902	1.13849	0.00199253	-0.868925	-0.28468	-0.00178154
400	2.51383e-09	-1.18585	-0.0659201	0.000235859	0.0541755	-0.917863	-0.00223744
