1.001600e+04
401
0	1	0.000461765	0.000286426	-4.21422e-07	4.61411e-08	4.15578e-08	2.7561e-11
1	2.51383e-09	0.232331	-0.982096	0.0023353	0.971095	0.225541	-0.00230558
2	2.51383e-09	0.815581	0.594446	-0.00167648	-0.584759	0.800698	0.000348911
3	2.51383e-09	0.912416	-0.38481	0.000509014	0.394634	0.927299	0.00230376
4	2.51383e-09	0.358883	0.940935	-0.000950855	-0.92964	0.355743	-0.00210603
5	2.51383e-09	-0.67645	-0.725175	-0.000851225	0.737796	-0.682407	-0.000781262
6	2.51383e-09	-0.318888	-0.958356	0.00289894	0.944647	-0.313851	0.000680489
7	2.51383e-09	0.408395	-0.909896	0.00262603	0.915885	0.406178	-0.0015435
8	2.51383e-09	-0.890688	-0.443104	0.000243535	0.449465	-0.895658	-0.000677647
9	2.51383e-09	-0.724285	0.69949	0.000736309	-0.69063	-0.717684	-0.000238303
10	2.51383e-09	-0.751344	-0.682166	0.00164335	0.666	-0.735456	0.00168911
11	2.51383e-09	-0.624143	0.782173	0.00148087	-0.77905	-0.624836	0.00105049
12	2.51383e-09	-0.108763	-1.01209	0.00118247	0.984064	-0.106756	0.00282779
13	2.51383e-09	0.78196	-0.630016	-0.00141118	0.624829	0.778215	-0.000318596
14	2.51383e-09	0.28424	0.970837	-0.00341308	-0.955384	0.275569	-0.000246581
15	2.51383e-09	0.334066	-0.935552	0.00146329	0.949978	0.336816	-0.00146399
16	2.51383e-09	0.946606	0.315677	9.10972e-05	-0.321507	0.949472	0.00158288
17	2.51383e-09	0.928393	0.412	-0.000208495	-0.408171	0.903181	0.00200181
18	2.51383e-09	-0.493039	-0.882898	0.000595319	0.868144	-0.489166	-0.00163979
19	2.51383e-09	0.755994	-0.674867	-0.00364699	0.65537	0.747936	-0.00128703
20	2.51383e-09	-0.996899	0.266692	0.00234675	-0.254875	-0.949948	-0.00127172
21	2.51383e-09	0.168037	0.985217	0.00110819	-0.988534	0.168289	9.37748e-06
22	2.51383e-09	-0.014276	-1.03407	0.000196992	0.981197	-0.00871574	-0.00143247
23	2.51383e-09	-0.74278	-0.685369	0.00268142	0.676996	-0.729012	-0.000150776
24	2.51383e-09	-0.932409	-0.403424	0.00045699	0.394835	-0.906456	-0.00195145
25	2.51383e-09	-0.335658	-0.964243	0.000494206	0.931545	-0.327407	-0.00130655
26	2.51383e-09	0.930284	-0.416029	-0.000868009	0.407318	0.903806	0.000481724
27	2.51383e-09	0.0233744	1.00302	-0.00290719	-0.997311	0.0200858	0.000713155
28	2.51383e-09	1.00635	-0.144842	-0.00413919	0.14167	0.980428	0.00153908
29	2.51383e-09	-0.984167	0.213748	-0.000868821	-0.212208	-0.97438	-0.00147768
30	2.51383e-09	-0.33765	0.95584	-0.000353778	-0.937577	-0.328795	-0.00164856
31	2.51383e-09	0.46862	-0.899204	-0.00359544	0.880494	0.454899	0.000262682
32	2.51383e-09	-0.520934	0.857676	0.00208975	-0.855049	-0.516512	-0.00355561
33	2.51383e-09	-0.0458951	1.03424	-0.000344559	-0.977567	-0.0521749	0.000547371
34	2.51383e-09	-0.989982	-0.302454	0.000851093	0.286017	-0.940648	0.0036115
35	2.51383e-09	0.000188552	-1.0186	-0.00298732	0.988906	0.000715442	8.80208e-05
36	2.51383e-09	-0.929792	-0.427417	-0.000830992	0.416686	-0.891111	-3.51894e-05
37	2.51383e-09	0.704652	0.744265	-7.44579e-05	-0.716109	0.679014	0.000921907
38	2.51383e-09	-0.254634	0.966826	-0.00111095	-0.968222	-0.26034	-0.00151667
39	2.51383e-09	-1.00129	-0.167673	-0.000306216	0.153157	-0.979355	0.000243433
40	2.51383e-09	0.802268	0.627456	-0.000696506	-0.616292	0.774178	-0.00110111
41	2.51383e-09	-0.955738	-0.343142	-0.000433455	0.334935	-0.933887	-0.00305537
42	2.51383e-09	0.579597	0.858321	0.00228767	-0.8132	0.548197	-0.00274562
43	2.51383e-09	-0.816516	0.585163	-0.00186187	-0.580738	-0.814455	-0.00280953
44	2.51383e-09	-0.629203	0.820169	-0.00281916	-0.779415	-0.600254	0.000847077
45	2.51383e-09	-0.377798	0.954889	-0.00093375	-0.917047	-0.363277	0.00264953
46	2.51383e-09	0.922946	-0.415025	-0.00104116	0.410534	0.908064	-0.000316769
47	2.51383e-09	-0.901467	0.469364	-0.000591028	-0.45852	-0.880953	2.05255e-05
48	2.51383e-09	0.666609	-0.7834	0.00153101	0.751322	0.638935	5.61521e-05
49	2.51383e-09	-0.896527	-0.461432	-0.00228921	0.455074	-0.884876	0.0032457
50	2.51383e-09	0.574023	-0.865146	-0.00108653	0.820839	0.540521	-0.00176479
51	2.51383e-09	0.526009	0.864242	-5.66221e-05	-0.848487	0.518479	-0.00238019
52	2.51383e-09	-0.589016	0.848969	0.000683721	-0.804458	-0.566093	-0.000357561
53	2.51383e-09	-0.193122	-1.01007	-0.00173966	0.967976	-0.188624	-0.000582757
54	2.51383e-09	1.03056	0.114582	-0.0022323	-0.108144	0.976876	-0.00257546
55	2.51383e-09	0.448996	-0.934775	-0.000137867	0.884935	0.424145	0.000313264
56	2.51383e-09	-1.02264	0.0384975	0.000176652	-0.0413043	-0.988153	-0.0001104
57	2.51383e-09	0.793869	0.674881	-0.00164177	-0.636271	0.74801	-0.000718037
58	2.51383e-09	-0.427943	0.947717	-0.000130087	-0.895466	-0.401803	0.00105103
59	2.51383e-09	-0.497887	0.893461	0.00368975	-0.865719	-0.482092	-0.000507232
60	2.51383e-09	0.29391	-0.994328	-0.000114825	0.941447	0.271987	-0.000443048
61	2.51383e-09	-0.634045	-0.814127	0.00210057	0.780459	-0.600906	-0.00139378
62	2.51383e-09	0.986347	0.31945	-0.00155282	-0.302518	0.934392	-0.000375756
63	2.51383e-09	-1.02398	-0.0429295	0.00103063	0.0456364	-0.986233	0.000890205
64	2.51383e-09	-0.9642	-0.344638	-0.00181028	0.334044	-0.933816	-0.000378504
65	2.51383e-09	-0.894161	0.502875	-0.000279564	-0.486352	-0.859187	0.000799569
66	2.51383e-09	0.661283	0.78856	0.00243403	-0.747547	0.642825	-0.0017637
67	2.51383e-09	0.948215	0.434039	0.000148353	-0.404371	0.89284	0.00154045
68	2.51383e-09	0.298329	-0.990087	0.00152855	0.942114	0.282965	0.00147442
69	2.51383e-09	-1.04453	-0.0533236	-0.00363429	0.0503445	-0.972914	-0.000736942
70	2.51383e-09	-0.640155	-0.802937	0.00345705	0.770104	-0.615023	-0.00149335
71	2.51383e-09	-0.180598	1.03271	-0.00285079	-0.959428	-0.167801	-0.00439054
72	2.51383e-09	-0.847029	0.636091	0.000267682	-0.586014	-0.775883	0.00122238
73	2.51383e-09	0.425419	0.951603	-0.00204313	-0.895971	0.397694	-0.000814695
74	2.51383e-09	-0.790992	-0.70151	0.00127244	0.646406	-0.723893	-0.00144155
75	2.51383e-09	-0.478853	-0.927254	-0.00083015	0.867379	-0.448203	0.00305024
76	2.51383e-09	0.284253	1.013	-0.000289876	-0.940853	0.253692	0.00154388
77	2.51383e-09	0.744136	-0.754486	-0.00034261	0.692261	0.680495	0.00118813
78	2.51383e-09	-0.352144	0.987555	0.00262893	-0.919699	-0.321479	-0.00258703
79	2.51383e-09	-0.66671	0.794789	-0.00464604	-0.75378	-0.625851	-0.00302371
80	2.51383e-09	-1.03287	-0.193945	-0.000729859	0.180483	-0.955557	0.00036211
81	2.51383e-09	1.01555	0.00907618	-0.00117843	-0.00526521	0.994304	0.00101607
82	2.51383e-09	0.849803	-0.628777	-0.00349869	0.578582	0.779723	0.000161819
83	2.51383e-09	-0.505277	-0.889768	0.000245299	0.860959	-0.490439	0.000462273
84	2.51383e-09	0.921127	-0.505836	0.000226038	0.468615	0.855076	-0.000715384
85	2.51383e-09	-0.963137	-0.350505	-0.00174644	0.338159	-0.927455	-0.000126125
86	2.51383e-09	1.03538	0.219168	-0.00133276	-0.193958	0.950252	-0.000194513
87	2.51383e-09	0.883012	-0.556367	0.00297074	0.520752	0.829424	0.000181451
88	2.51383e-09	-1.02724	0.0964268	0.00109709	-0.0901693	-0.979247	0.000301992
89	2.51383e-09	0.854553	0.613657	0.000905163	-0.565176	0.795403	0.00140696
90	2.51383e-09	0.974803	0.383051	-0.00329783	-0.353714	0.91175	0.00137723
91	2.51383e-09	0.634574	-0.812884	-0.000598672	0.778136	0.599374	0.00402647
92	2.51383e-09	1.03488	-0.202715	-0.00019618	0.18953	0.953979	0.000501805
93	2.51383e-09	0.702187	-0.815464	0.000384834	0.726832	0.630386	-0.00168486
94	2.51383e-09	0.743576	0.719055	0.000680282	-0.681847	0.709045	0.00171882
95	2.51383e-09	0.748646	-0.700167	-0.000295065	0.673443	0.722532	-0.00225157
96	2.51383e-09	-0.422492	-0.976095	0.000990088	0.890907	-0.376977	-0.000393593
97	2.51383e-09	0.794901	-0.682938	0.00109149	0.6404	0.738331	0.000371648
98	2.51383e-09	-0.979863	-0.39472	0.00156541	0.361736	-0.90272	0.000375243
99	2.51383e-09	-1.0547	0.0941393	-0.000488689	-0.081798	-0.970211	0.000367633
100	2.51383e-09	0.427311	0.963702	0.000244752	-0.896271	0.387666	0.000735141
101	2.51383e-09	0.756634	-0.711211	-0.00292783	0.671975	0.712793	-0.000139816
102	2.51383e-09	0.982896	-0.313132	0.0006217	0.303048	0.936378	0.001506
103	2.51383e-09	-0.646729	-0.822583	-0.00210908	0.768512	-0.604889	0.00133703
104	2.51383e-09	0.290868	-1.0102	-0.000523546	0.932303	0.27224	0.000832044
105	2.51383e-09	0.856353	-0.587545	0.00177074	0.557651	0.807566	-0.00124215
106	2.51383e-09	0.266776	1.00622	-0.0015267	-0.949194	0.251584	0.00127159
107	2.51383e-09	-0.577206	0.893587	-0.000768343	-0.811185	-0.52867	0.00200289
108	2.51383e-09	0.0304225	-1.06725	-0.000493818	0.966095	0.034227	-0.000578993
109	2.51383e-09	-0.62983	-0.858359	-0.00170451	0.775215	-0.575841	0.0005441
110	2.51383e-09	-0.239446	-1.034	-0.000394732	0.942326	-0.219587	0.0013346
111	2.51383e-09	-0.0619749	1.06799	0.00405117	-0.964591	-0.0627836	-0.00354228
112	2.51383e-09	0.877786	0.626813	0.00177384	-0.555912	0.782569	2.14975e-07
113	2.51383e-09	0.820084	0.662984	0.00327524	-0.610016	0.759923	-0.000661538
114	2.51383e-09	0.681926	-0.805784	-0.000363037	0.741316	0.626832	0.00178669
115	2.51383e-09	1.00434	0.374907	-0.00164505	-0.343456	0.904206	-0.00279656
116	2.51383e-09	1.02582	0.21869	0.00138324	-0.20666	0.95686	0.00417806
117	2.51383e-09	-0.834734	-0.628785	0.000788886	0.590395	-0.781323	0.000932722
118	2.51383e-09	-1.01604	0.304571	-0.000943639	-0.281786	-0.928701	-0.00116444
119	2.51383e-09	-0.421367	-0.962701	0.00175186	0.891408	-0.393571	0.00390601
120	2.51383e-09	-0.972359	0.398112	0.00201859	-0.373252	-0.9026	-0.000962031
121	2.51383e-09	0.558129	0.919149	0.00214972	-0.820083	0.501507	0.00166531
122	2.51383e-09	-1.05973	-0.217552	0.00290808	0.189649	-0.939416	-0.0021241
123	2.51383e-09	-0.105334	-1.03554	0.00347928	0.975763	-0.0994247	-0.00172724
124	2.51383e-09	1.08023	-0.0230547	0.000337613	0.0198844	0.961464	0.00365513
125	2.51383e-09	-0.105854	1.03806	-0.000795696	-0.976921	-0.100787	-0.000390888
126	2.51383e-09	-0.514056	-0.925407	-0.00149601	0.849903	-0.467577	-0.00205719
127	2.51383e-09	-0.0474153	1.05536	6.63209e-05	-0.972411	-0.0416723	0.000696812
128	2.51383e-09	0.836838	-0.660518	-0.00377665	0.604241	0.75799	-0.00250688
129	2.51383e-09	-1.04949	0.101264	0.0040568	-0.0944095	-0.969114	0.000942933
130	2.51383e-09	0.834223	0.657049	-0.00309018	-0.59855	0.766003	-0.00315139
131	2.51383e-09	1.09018	-0.055262	0.000402445	0.0456119	0.956003	-0.000393086
132	2.51383e-09	0.00135775	1.06845	-0.00187704	-0.966491	0.00818704	-0.000384636
133	2.51383e-09	-1.0647	0.0164721	0.000100829	-0.0188682	-0.96991	-0.00133794
134	2.51383e-09	0.292142	-1.01033	0.000286931	0.93985	0.268282	-0.00104702
135	2.51383e-09	-0.668977	0.81742	0.00260207	-0.755252	-0.614755	0.00206709
136	2.51383e-09	-0.780683	0.765289	-0.00109656	-0.667908	-0.683463	-0.00140365
137	2.51383e-09	-1.06259	-0.0041833	-0.00193565	0.00844965	-0.968615	1.8738e-05
138	2.51383e-09	0.922963	0.529741	-0.00311559	-0.486907	0.837857	-0.00183985
139	2.51383e-09	-0.467951	-0.952301	-0.00200153	0.870651	-0.428171	0.0029821
140	2.51383e-09	0.759916	0.772564	0.00145695	-0.688344	0.67376	-0.000271051
141	2.51383e-09	1.0426	-0.223817	-0.000531059	0.203187	0.948568	-0.000817747
142	2.51383e-09	0.332978	1.03098	-0.00261523	-0.908587	0.301564	-0.000139886
143	2.51383e-09	-0.392965	1.00568	0.00260599	-0.893473	-0.348988	-0.000364816
144	2.51383e-09	-0.754239	-0.77754	0.000221578	0.690713	-0.666241	0.0019925
145	2.51383e-09	-0.468426	-0.94761	0.000139418	0.869763	-0.431149	-0.000272761
146	2.51383e-09	1.02639	0.374821	0.0029109	-0.332212	0.900882	-0.00227562
147	2.51383e-09	0.544461	-0.937531	-0.00201955	0.82908	0.483604	-0.00189694
148	2.51383e-09	0.5389	0.941578	0.0026133	-0.833096	0.478559	0.000252385
149	2.51383e-09	0.434166	-0.962217	-0.00123916	0.892192	0.391092	-0.00211079
150	2.51383e-09	0.488303	0.969834	0.00141201	-0.856471	0.423089	0.00117441
151	2.51383e-09	0.0399744	1.08604	-0.0024686	-0.956457	0.0347685	-0.000878263
152	2.51383e-09	0.851277	-0.658145	0.000318484	0.599648	0.755028	8.96962e-05
153	2.51383e-09	0.762965	0.774027	0.000670386	-0.686657	0.669729	-0.00283324
154	2.51383e-09	-0.260794	1.07044	0.00117518	-0.927124	-0.223881	-0.0030792
155	2.51383e-09	-1.06828	-0.159289	-0.00152166	0.139346	-0.953134	0.00151158
156	2.51383e-09	0.543864	-0.941565	0.00164292	0.834911	0.480855	0.00185065
157	2.51383e-09	1.06196	-0.10057	0.000549826	0.096923	0.962894	1.49e-05
158	2.51383e-09	-0.754916	-0.784332	0.00162813	0.694253	-0.662853	-0.00346324
159	2.51383e-09	0.122959	1.06552	-0.00111983	-0.959443	0.107194	0.000709026
160	2.51383e-09	1.0682	0.18125	-0.000913136	-0.160094	0.945386	-0.00181525
161	2.51383e-09	0.930208	0.552675	-0.000513087	-0.490921	0.827547	0.00235605
162	2.51383e-09	-0.577551	-0.915367	0.000553443	0.810331	-0.517332	0.00138876
163	2.51383e-09	-0.400816	-1.00967	-0.00119581	0.887574	-0.357678	0.000403646
164	2.51383e-09	1.01493	0.341301	-0.0017518	-0.307368	0.918157	0.00300685
165	2.51383e-09	-0.99796	0.468731	-0.00231925	-0.404582	-0.860817	-0.000102069
166	2.51383e-09	0.893043	0.602781	0.00179776	-0.541416	0.796956	-0.00108945
167	2.51383e-09	-1.05987	-0.0667637	-0.000601826	0.0618802	-0.971299	-0.00164606
168	2.51383e-09	-1.0745	0.130689	0.000943078	-0.114394	-0.957428	-0.00088899
169	2.51383e-09	1.01833	0.353084	-0.000260534	-0.320966	0.911197	0.000148833
170	2.51383e-09	0.340113	1.03523	-0.00276764	-0.909972	0.301631	-0.000636197
171	2.51383e-09	1.07864	0.176513	-0.000609743	-0.160488	0.942756	0.000606522
172	2.51383e-09	0.432354	1.02588	-0.000613072	-0.875788	0.364355	-0.00104127
173	2.51383e-09	1.06395	0.287659	-0.0017437	-0.25175	0.918716	-0.0019572
174	2.51383e-09	-0.565506	-0.940883	-0.000647504	0.817904	-0.492679	-0.002053
175	2.51383e-09	0.918899	-0.593592	-0.00190466	0.52306	0.79765	-0.00151372
176	2.51383e-09	-0.704275	0.815229	0.00149677	-0.728228	-0.629368	-9.03107e-05
177	2.51383e-09	0.779463	-0.796178	-0.00329864	0.678231	0.662287	-0.00165544
178	2.51383e-09	-0.944139	-0.522011	0.000503399	0.468633	-0.841435	-0.00119426
179	2.51383e-09	0.60323	0.918129	-0.00269619	-0.801275	0.521679	-0.00268472
180	2.51383e-09	1.07708	-0.0276086	0.00256885	0.0223487	0.96434	0.000627856
181	2.51383e-09	-0.748612	0.805117	-0.00121525	-0.699651	-0.647641	0.00195256
182	2.51383e-09	1.04195	-0.341547	-0.000624588	0.298572	0.907853	-0.00110603
183	2.51383e-09	0.027834	1.09059	-0.000890761	-0.956953	0.0263539	-0.000756851
184	2.51383e-09	-0.539708	-0.968395	-0.00213523	0.828666	-0.462909	-0.00109236
185	2.51383e-09	-0.511515	-0.963206	-0.00243146	0.841927	-0.4541	0.00171504
186	2.51383e-09	-1.08994	0.00673382	0.00146693	-0.00844295	-0.957001	-0.000551905
187	2.51383e-09	-0.334056	1.01074	0.00218847	-0.922376	-0.301259	-0.00225688
188	2.51383e-09	0.991858	0.477584	0.00319673	-0.41151	0.861496	0.00124419
189	2.51383e-09	-1.0699	0.198455	-0.00307316	-0.176301	-0.942573	0.00115587
190	2.51383e-09	-0.686475	-0.866239	0.000699787	0.738674	-0.594252	0.00130621
191	2.51383e-09	-0.0698608	-1.08958	0.00161857	0.95349	-0.0631553	0.000871002
192	2.51383e-09	-0.334583	-1.05383	0.00010852	0.904971	-0.283119	0.00114166
193	2.51383e-09	-0.300965	1.06288	-0.000619822	-0.915956	-0.26289	-0.00251918
194	2.51383e-09	0.135653	1.107	0.00185705	-0.940472	0.1152	-0.000274838
195	2.51383e-09	-0.824391	-0.701802	0.00119391	0.620167	-0.734588	0.000598394
196	2.51383e-09	0.218322	1.07938	-0.00225243	-0.931299	0.188495	-0.00296607
197	2.51383e-09	-0.218094	1.06808	0.00163246	-0.938043	-0.19138	0.00202964
198	2.51383e-09	-1.05365	-0.358502	0.00257847	0.307335	-0.894856	0.000273864
199	2.51383e-09	1.09774	-0.0661728	-0.00145529	0.0602124	0.952999	0.00279959
200	2.51383e-09	1.06463	-0.315482	0.0011341	0.272899	0.911833	0.00095844
201	2.51383e-09	-0.193244	-1.07756	0.00149945	0.941554	-0.167844	0.000566177
202	2.51383e-09	-0.839676	-0.694445	-0.0024391	0.607186	-0.740624	-0.00171884
203	2.51383e-09	-0.245608	1.05853	5.15375e-05	-0.934097	-0.220325	0.0023694
204	2.51383e-09	0.891021	-0.660429	0.000136242	0.560447	0.761814	0.000782006
205	2.51383e-09	-0.286957	1.08136	-0.00026129	-0.916526	-0.244674	0.000410158
206	2.51383e-09	0.707689	0.834554	-0.000651309	-0.728999	0.618928	0.00163271
207	2.51383e-09	-1.11938	-0.00936895	0.00413801	0.00668666	-0.945505	-0.000330904
208	2.51383e-09	-0.634963	0.903058	0.00301458	-0.779804	-0.541934	-0.000293553
209	2.51383e-09	-0.800012	-0.765961	0.00158857	0.652015	-0.689239	-0.00234093
210	2.51383e-09	0.189513	1.08665	-0.00132084	-0.940524	0.160937	0.000306363
211	2.51383e-09	0.929087	-0.570944	-0.0019316	0.500576	0.820104	4.97136e-05
212	2.51383e-09	-0.517642	-1.00234	0.00201912	0.835474	-0.430411	0.0031961
213	2.51383e-09	0.104574	1.10181	0.00222424	-0.947815	0.0922671	0.00175535
214	2.51383e-09	-0.780412	-0.768563	-0.0020886	0.674491	-0.677864	-9.85302e-06
215	2.51383e-09	0.89318	0.675749	-0.00114997	-0.571656	0.752194	0.00199871
216	2.51383e-09	0.944578	-0.60608	6.13211e-05	0.512128	0.789979	-0.000572704
217	2.51383e-09	-0.901035	-0.670801	0.00182582	0.559891	-0.756429	0.00139568
218	2.51383e-09	-0.559592	0.921431	-0.00559662	-0.821828	-0.49946	-0.00250982
219	2.51383e-09	-0.35753	1.07456	0.000593185	-0.892379	-0.294816	-0.00020535
220	2.51383e-09	0.517136	-0.986412	-0.000333211	0.83969	0.441856	-0.00266034
221	2.51383e-09	-0.00259434	-1.09091	0.00221983	0.956813	-0.0064472	-0.000888293
222	2.51383e-09	-0.370624	1.04817	-0.00186755	-0.893157	-0.31566	-0.00189571
223	2.51383e-09	0.0246301	-1.10517	0.000768854	0.952851	0.0176382	-0.00209165
224	2.51383e-09	-1.07918	0.135039	-0.000255484	-0.118054	-0.954941	-0.000802515
225	2.51383e-09	0.042332	-1.11872	-0.000609306	0.942599	0.0362884	0.000202092
226	2.51383e-09	-0.674814	-0.881615	-0.000808008	0.756511	-0.578469	-0.00199352
227	2.51383e-09	-0.703651	0.855024	0.000945602	-0.733572	-0.602584	0.000305058
228	2.51383e-09	0.505572	1.00387	-0.000668666	-0.842352	0.424964	-0.00123555
229	2.51383e-09	-0.6063	-0.948694	-0.00385182	0.792938	-0.511321	-0.00165024
230	2.51383e-09	0.203068	-1.1255	0.00173792	0.921823	0.164048	0.000141162
231	2.51383e-09	-0.74521	0.85176	0.000175073	-0.708888	-0.61612	0.00471326
232	2.51383e-09	-0.00155644	1.11038	-0.00205503	-0.946095	-0.00523859	-0.00206203
233	2.51383e-09	-1.06742	-0.276386	-0.0023843	0.239982	-0.925582	0.00076745
234	2.51383e-09	-1.00353	0.489062	0.00423643	-0.4188	-0.848573	0.00031328
235	2.51383e-09	-1.09737	-0.153118	-0.00111202	0.135972	-0.943634	0.0026662
236	2.51383e-09	-0.654792	-0.929535	0.00044986	0.764956	-0.535965	-0.00194579
237	2.51383e-09	1.08713	0.0666641	0.00181353	-0.0601707	0.961028	0.00276846
238	2.51383e-09	0.0699206	-1.13926	0.00205483	0.937351	0.0596653	-0.000490702
239	2.51383e-09	-0.711224	-0.840774	0.000336146	0.730224	-0.612956	-0.00336588
240	2.51383e-09	0.228156	1.11244	-0.0020144	-0.915135	0.194261	-0.00119254
241	2.51383e-09	0.47206	-1.0193	0.00245425	0.854895	0.390895	-0.000744616
242	2.51383e-09	-0.0917176	-1.15542	-0.00301426	0.9249	-0.074101	-0.00173521
243	2.51383e-09	-1.08635	0.296427	0.00299069	-0.251593	-0.908532	-0.00243585
244	2.51383e-09	0.68885	0.905592	0.00119436	-0.745136	0.570088	0.00148383
245	2.51383e-09	-0.439296	1.03863	0.00512077	-0.867293	-0.364753	-0.00084091
246	2.51383e-09	-0.858624	-0.741181	-0.00120372	0.617795	-0.705659	0.00182989
247	2.51383e-09	0.171398	1.08402	0.000626673	-0.946059	0.142994	-0.00255914
248	2.51383e-09	-1.12822	0.0212353	0.000977112	-0.0137992	-0.940203	-0.00130267
249	2.51383e-09	0.679706	0.884974	-0.000176364	-0.751334	0.577632	-0.000707407
250	2.51383e-09	-0.984234	0.556361	-0.00158314	-0.462253	-0.819832	0.00096116
251	2.51383e-09	0.2751	1.09023	0.000119413	-0.912715	0.232723	0.000792004
252	2.51383e-09	1.11364	0.0758546	0.000706951	-0.0636551	0.944506	0.00182071
253	2.51383e-09	-0.453367	-1.03812	-0.00415776	0.862154	-0.372523	-0.0027491
254	2.51383e-09	-0.794196	0.798971	-0.00200189	-0.66313	-0.669124	0.000266295
255	2.51383e-09	-0.290324	-1.09842	0.000284264	0.906706	-0.241244	0.000867166
256	2.51383e-09	-0.293517	1.10876	-0.000436557	-0.902996	-0.232264	0.000517172
257	2.51383e-09	-0.437771	1.03241	0.00294777	-0.87021	-0.366433	-0.000195866
258	2.51383e-09	1.06316	-0.396058	-0.000327898	0.324527	0.877835	0.00198794
259	2.51383e-09	0.103629	1.12676	-0.000697427	-0.935603	0.0894448	0.000659817
260	2.51383e-09	0.586499	-0.964213	0.00217626	0.80412	0.486616	-0.00355245
261	2.51383e-09	-0.819797	-0.787695	-0.000119123	0.650166	-0.679305	-5.76318e-05
262	2.51383e-09	0.724329	-0.842367	0.00504112	0.717372	0.622405	-0.00204853
263	2.51383e-09	1.12167	0.180907	0.00132744	-0.154959	0.928278	-0.00210979
264	2.51383e-09	-0.958796	-0.589993	-0.000359811	0.495897	-0.799362	-0.000897614
265	2.51383e-09	1.14207	-0.0582289	-0.00258853	0.0474288	0.934709	-0.00232435
266	2.51383e-09	-0.941192	0.635213	0.00192793	-0.525929	-0.777371	-0.000270945
267	2.51383e-09	1.1089	0.218826	0.000871631	-0.181402	0.918882	0.00146787
268	2.51383e-09	1.10912	-0.274776	0.000724972	0.226773	0.905481	0.00297164
269	2.51383e-09	-0.652336	-0.94606	0.00437306	0.767861	-0.527004	-0.000194743
270	2.51383e-09	1.11849	-0.163304	-0.00262002	0.133124	0.930116	-0.000417826
271	2.51383e-09	0.193758	-1.12994	0.000325097	0.919049	0.157469	0.00091677
272	2.51383e-09	0.878345	-0.729954	0.000568891	0.601128	0.718152	0.00366198
273	2.51383e-09	-0.682618	0.918186	-0.00137686	-0.750732	-0.557118	0.00260322
274	2.51383e-09	-0.663543	-0.911973	0.00105864	0.755858	-0.557535	0.000273836
275	2.51383e-09	-0.0447061	1.13978	0.00144636	-0.934943	-0.0345698	0.00177538
276	2.51383e-09	-0.848663	-0.765113	-0.000559782	0.628666	-0.692052	0.000599737
277	2.51383e-09	-1.14743	0.0265859	-0.00438771	-0.0128396	-0.930475	-0.000967293
278	2.51383e-09	0.679399	0.919064	0.00150317	-0.75354	0.557065	-0.000981921
279	2.51383e-09	0.11141	1.16412	0.00124233	-0.924376	0.0858704	-0.000328919
280	2.51383e-09	-0.754772	0.878472	-0.00189131	-0.704619	-0.606375	0.000892052
281	2.51383e-09	-0.941474	0.628343	0.00067762	-0.5258	-0.780286	8.58738e-05
282	2.51383e-09	1.10719	0.294876	-0.000112756	-0.242641	0.90221	0.000352377
283	2.51383e-09	0.802308	-0.806404	0.00244547	0.66873	0.655123	0.000832336
284	2.51383e-09	1.11549	-0.278034	-0.000441374	0.228934	0.903525	0.00125487
285	2.51383e-09	0.051675	-1.14647	0.000393175	0.931309	0.0396271	-0.00108384
286	2.51383e-09	1.11711	-0.235888	-0.00192617	0.19124	0.916383	-0.0017387
287	2.51383e-09	1.08714	-0.329481	0.00196021	0.278089	0.895303	0.00146996
288	2.51383e-09	-0.860793	0.772382	0.00169035	-0.616431	-0.694752	-0.00119986
289	2.51383e-09	1.13294	-0.235858	0.00275605	0.195059	0.90675	-0.00149397
290	2.51383e-09	-0.268636	1.11098	-0.00284991	-0.907072	-0.218882	-0.00200502
291	2.51383e-09	0.271325	1.11957	7.66517e-05	-0.905365	0.221189	0.00159915
292	2.51383e-09	-0.771868	-0.854023	0.00223574	0.693556	-0.622331	-0.000109088
293	2.51383e-09	-0.48623	1.02867	-0.00153883	-0.849001	-0.394458	0.00128826
294	2.51383e-09	-1.13719	-0.272449	0.00386888	0.217742	-0.897114	0.00411699
295	2.51383e-09	0.524092	-1.02028	0.00164532	0.833201	0.42186	-0.000121907
296	2.51383e-09	1.15549	-0.0410228	-0.00363054	0.0319031	0.929307	0.00319932
297	2.51383e-09	-0.234432	1.11867	0.00071135	-0.915064	-0.19649	0.000895283
298	2.51383e-09	-0.941688	0.668579	-0.00260144	-0.53463	-0.759334	-0.0012229
299	2.51383e-09	-0.750157	-0.888662	-0.00217375	0.703212	-0.60655	-0.000221185
300	2.51383e-09	-1.02888	-0.549994	-0.00243625	0.432601	-0.817685	0.000665858
301	2.51383e-09	0.788241	-0.868878	-0.00114155	0.682011	0.616281	-0.00166845
302	2.51383e-09	-1.14732	0.226962	-0.00432216	-0.172994	-0.906087	0.00263509
303	2.51383e-09	0.388868	-1.08487	-0.000687433	0.879452	0.309637	0.000137272
304	2.51383e-09	1.14607	0.229459	-0.000704162	-0.183048	0.908031	-0.000989698
305	2.51383e-09	0.71924	-0.890558	0.000479519	0.726834	0.588598	-0.00315114
306	2.51383e-09	1.01882	-0.533842	-0.000646344	0.433727	0.825188	-0.00126803
307	2.51383e-09	1.10109	-0.365511	-0.00292002	0.292289	0.881655	-0.00113671
308	2.51383e-09	-1.11557	0.33639	-0.00348804	-0.264149	-0.889615	0.00243321
309	2.51383e-09	-0.707274	-0.890881	0.000628583	0.738781	-0.579039	0.00123331
310	2.51383e-09	1.10774	0.337137	-0.000181041	-0.268312	0.891577	-0.00103097
311	2.51383e-09	-1.14774	-0.189013	-0.0042881	0.14858	-0.913946	0.00274507
312	2.51383e-09	-1.15696	-0.214313	-0.00113952	0.170808	-0.901639	0.00165207
313	2.51383e-09	-0.101054	1.14844	-0.00170925	-0.928223	-0.078918	-0.00104303
314	2.51383e-09	0.937067	0.659268	0.0019153	-0.536975	0.763126	-0.0005474
315	2.51383e-09	1.12262	0.317993	-0.00327344	-0.248363	0.891771	-0.000109434
316	2.51383e-09	0.36255	1.11571	-0.00130448	-0.877166	0.284084	-0.00177509
317	2.51383e-09	-0.825626	0.802477	0.00102386	-0.650492	-0.670841	-0.00256487
318	2.51383e-09	1.10584	0.351488	-0.000144712	-0.284627	0.884054	-0.00233904
319	2.51383e-09	-0.657581	0.968446	-0.00174792	-0.763666	-0.520238	-0.0020055
320	2.51383e-09	0.673018	0.963696	0.000656824	-0.755721	0.529864	-0.000141466
321	2.51383e-09	1.12875	-0.290769	0.000182104	0.233446	0.897213	0.000864738
322	2.51383e-09	0.00230696	-1.15734	0.00446233	0.928892	0.000139885	0.000722864
323	2.51383e-09	1.14559	-0.169785	-0.0020836	0.128886	0.92035	-0.000738781
324	2.51383e-09	-1.16285	0.208555	0.00144485	-0.162291	-0.905284	-0.00231816
325	2.51383e-09	-1.0837	-0.418944	-0.00236437	0.33568	-0.862287	0.0013177
326	2.51383e-09	0.0961014	-1.17402	-0.00224224	0.918693	0.0654018	0.00466652
327	2.51383e-09	-1.17505	-0.0756191	0.00080501	0.0596245	-0.919526	0.00209101
328	2.51383e-09	0.449573	-1.04539	-0.0046738	0.862994	0.366375	-0.000456026
329	2.51383e-09	-0.265245	1.14209	0.00139898	-0.899191	-0.216801	-1.44325e-05
330	2.51383e-09	0.0277757	1.15683	0.00172037	-0.930622	0.0240498	0.00122555
331	2.51383e-09	1.14547	0.169908	0.00258879	-0.135195	0.91761	-0.00111635
332	2.51383e-09	-1.10605	0.385736	-0.00271144	-0.305963	-0.873985	-0.000739667
333	2.51383e-09	-0.0339071	1.17945	0.00348066	-0.921176	-0.0305913	-0.000232367
334	2.51383e-09	-0.544073	1.04674	0.000892556	-0.817148	-0.421317	-0.00100619
335	2.51383e-09	-0.387937	-1.12257	0.000424971	0.864524	-0.303717	0.000504554
336	2.51383e-09	-1.13955	0.277356	-0.00169134	-0.215367	-0.897958	-0.00285739
337	2.51383e-09	-1.15456	-0.256272	0.00115555	0.199493	-0.895305	0.00218333
338	2.51383e-09	0.6121	0.981221	-0.000425393	-0.789764	0.492325	0.000226744
339	2.51383e-09	-1.02625	-0.601055	0.00105131	0.464779	-0.788001	0.004042
340	2.51383e-09	0.714803	0.935239	0.00276784	-0.73803	0.555575	0.000382537
341	2.51383e-09	-1.17434	0.179123	0.00182317	-0.139589	-0.904298	0.000870564
342	2.51383e-09	-0.95695	0.642593	-0.00127925	-0.518508	-0.776163	-0.00110329
343	2.51383e-09	1.14069	-0.258443	-0.00195644	0.205706	0.89948	-0.00082244
344	2.51383e-09	-0.380102	1.11546	0.00135142	-0.873111	-0.298234	0.000769612
345	2.51383e-09	1.13934	-0.240412	-0.00238231	0.193767	0.905873	0.00260022
346	2.51383e-09	-1.15844	0.222349	0.00216463	-0.176781	-0.900715	-0.000849787
347	2.51383e-09	-0.884647	0.773235	0.0013799	-0.606677	-0.696108	0.000237832
348	2.51383e-09	1.15431	-0.213206	0.00219163	0.171584	0.907169	-0.0017039
349	2.51383e-09	1.17776	0.0109217	-0.00248205	-0.0163172	0.921085	-0.00115094
350	2.51383e-09	0.222094	1.14745	-0.00177769	-0.906084	0.176628	-0.00110333
351	2.51383e-09	-0.946103	-0.72497	0.00244754	0.557553	-0.728614	0.00162758
352	2.51383e-09	0.586333	-1.00877	-0.000940648	0.800803	0.468094	-0.00126071
353	2.51383e-09	0.223616	1.1752	0.00271264	-0.898928	0.165381	0.00265228
354	2.51383e-09	-0.662817	-0.97968	0.0015746	0.764027	-0.509836	6.67327e-05
355	2.51383e-09	-0.757153	0.868713	0.000996237	-0.701269	-0.611984	0.000993073
356	2.51383e-09	-0.894242	0.791822	0.000280492	-0.607818	-0.686878	0.00190217
357	2.51383e-09	-1.17027	0.00517002	-0.00144525	-0.000940372	-0.92522	-0.000318318
358	2.51383e-09	-1.19219	-0.00834479	-0.00348336	0.00405606	-0.916083	-0.00106146
359	2.51383e-09	0.582201	-1.05229	-0.00203594	0.800437	0.437902	0.00145022
360	2.51383e-09	-1.15513	-0.208153	0.000538492	0.161655	-0.907224	0.00125382
361	2.51383e-09	-0.46142	-1.07803	0.00218632	0.850965	-0.362632	0.000205428
362	2.51383e-09	-0.152313	-1.15151	-0.000133501	0.922878	-0.123567	0.00170306
363	2.51383e-09	-0.594676	-1.02387	0.00186462	0.797033	-0.457565	0.00129254
364	2.51383e-09	-1.00586	0.583695	0.000510711	-0.462152	-0.804581	-0.000852355
365	2.51383e-09	1.12376	-0.404765	-5.10327e-05	0.309476	0.862941	-8.56462e-05
366	2.51383e-09	0.412287	-1.1277	0.00219398	0.854406	0.313156	-0.00024023
367	2.51383e-09	1.17778	-0.0959775	-0.000470987	0.0732091	0.918501	0.000715259
368	2.51383e-09	1.00071	0.66066	0.000587973	-0.501837	0.764963	-0.000810398
369	2.51383e-09	-0.844811	0.827592	0.00171628	-0.648504	-0.653832	0.00108962
370	2.51383e-09	0.0901919	-1.18481	0.00179984	0.914914	0.0735869	-0.00245626
371	2.51383e-09	-1.19966	0.129697	-0.0018889	-0.0935447	-0.906461	-0.000812736
372	2.51383e-09	0.295858	1.16414	-0.000116109	-0.882803	0.230351	0.00240591
373	2.51383e-09	1.14411	-0.313021	0.000307975	0.242958	0.884735	0.000322154
374	2.51383e-09	-0.32494	-1.16821	0.0038136	0.87463	-0.239037	0.00141373
375	2.51383e-09	-1.04999	0.570653	0.00325913	-0.435146	-0.804158	0.00162497
376	2.51383e-09	1.18076	0.133276	-0.000945743	-0.103052	0.910495	0.00014568
377	2.51383e-09	0.750507	-0.926346	0.0015314	0.708908	0.579499	-0.00135205
378	2.51383e-09	0.779006	-0.914032	-0.000763444	0.693569	0.59024	-0.000982175
379	2.51383e-09	-1.15731	-0.282048	0.00223251	0.222217	-0.885723	-0.00180717
380	2.51383e-09	-1.17409	0.104187	0.000777442	-0.0852492	-0.917141	-0.000647525
381	2.51383e-09	0.98932	0.660023	-6.6405e-05	-0.510331	0.76236	-0.00158732
382	2.51383e-09	0.201555	-1.17113	-0.00151522	0.906549	0.159147	0.000245698
383	2.51383e-09	0.696616	0.958416	-0.000727346	-0.741589	0.538205	0.000763846
384	2.51383e-09	1.10063	-0.489344	-0.00113899	0.367167	0.833833	0.00475642
385	2.51383e-09	-0.129475	1.167	-8.4652e-05	-0.918832	-0.101477	-0.00153767
386	2.51383e-09	0.0634571	-1.18862	-0.00121715	0.9167	0.0457506	0.00229174
387	2.51383e-09	-1.17314	-0.25088	0.00337817	0.194143	-0.891799	-0.00246924
388	2.51383e-09	0.376435	1.13848	0.000500959	-0.871173	0.279752	-9.41344e-05
389	2.51383e-09	0.521047	1.0658	0.00489761	-0.825499	0.401648	-0.000538451
390	2.51383e-09	-0.359902	-1.13519	0.000727535	0.869766	-0.277946	-0.00153164
391	2.51383e-09	0.934654	0.775001	0.000826697	-0.574359	0.701307	-0.00179344
392	2.51383e-09	-1.19984	0.0933578	-0.00409174	-0.0726371	-0.90776	0.00338672
393	2.51383e-09	-0.682266	-0.987421	0.00098572	0.752127	-0.522635	-0.000770823
394	2.51383e-09	-0.782184	-0.914451	0.000694489	0.692677	-0.591144	-0.00109151
395	2.51383e-09	1.03128	0.608922	-0.00114205	-0.465592	0.784921	5.70365e-06
396	2.51383e-09	-0.165169	1.21085	0.000517506	-0.892279	-0.127037	-0.00053411
397	2.51383e-09	-0.724638	-0.961945	0.00171929	0.72846	-0.546382	-0.0024662
398	2.51383e-09	0.319668	-1.16224	0.00129035	0.876947	0.239671	-0.000228784
399	2.51383e-09	-0.161331	-1.18433	0.00125803	0.905701	-0.123969	-0.00216015
400	2.51383e-09	1.17845	0.257918	-1.4106e-06	-0.186711	0.890611	0.000304133
