2.505000e+03
401
0	1	0.000115742	7.17898e-05	-1.05773e-07	1.45876e-08	1.22906e-08	9.36508e-11
1	2.51383e-09	-0.865384	-0.500587	-0.000902704	0.504822	-0.864079	-0.000566393
2	2.51383e-09	-0.975828	0.239715	-0.000443129	-0.236474	-0.969858	-0.000231667
3	2.51383e-09	-0.288024	0.955888	0.00109242	-0.958721	-0.289072	-0.000914111
4	2.51383e-09	-0.649654	-0.759639	-0.000137628	0.758588	-0.650699	-0.000846023
5	2.51383e-09	-0.612504	0.793737	0.000694713	-0.790212	-0.610681	0.00199034
6	2.51383e-09	0.121649	1.00128	-0.00104307	-0.987871	0.118962	0.000168473
7	2.51383e-09	0.988114	-0.134371	-0.000646978	0.135691	0.993249	-0.000249345
8	2.51383e-09	-0.964468	0.272751	0.000175577	-0.267404	-0.961294	-0.000624507
9	2.51383e-09	0.102806	0.993761	0.000648807	-0.996196	0.105334	-0.000258552
10	2.51383e-09	-0.450706	0.889191	-0.000375623	-0.892861	-0.456397	0.000747536
11	2.51383e-09	-0.457268	-0.894569	0.000180918	0.887285	-0.454528	-0.00110193
12	2.51383e-09	0.921035	-0.417598	0.000164566	0.413312	0.904676	-0.00118276
13	2.51383e-09	-0.99692	0.116841	0.00201081	-0.117532	-0.994284	-0.000257222
14	2.51383e-09	-0.431727	-0.905222	-0.000873783	0.904772	-0.430056	-0.000401015
15	2.51383e-09	0.233463	0.986087	-0.00105814	-0.964219	0.225702	0.0011642
16	2.51383e-09	0.962255	0.270104	0.000429664	-0.270256	0.964455	-0.0031398
17	2.51383e-09	0.962123	0.270044	0.000875995	-0.271078	0.963111	0.00067957
18	2.51383e-09	0.560462	0.847273	-0.000509608	-0.827192	0.54287	0.000672984
19	2.51383e-09	0.898923	-0.474592	-0.001732	0.460003	0.878599	-0.000445766
20	2.51383e-09	-0.0638635	1.02076	-0.00150543	-0.987676	-0.0613249	-5.00046e-05
21	2.51383e-09	0.0373172	-1.01791	-0.00153822	0.987606	0.0392254	0.000907172
22	2.51383e-09	0.46243	-0.903579	0.000982148	0.881509	0.454729	0.000761849
23	2.51383e-09	-0.78585	0.647705	-0.00139663	-0.626305	-0.765475	0.00021745
24	2.51383e-09	-0.755885	-0.691198	0.000629155	0.665003	-0.727392	0.000743609
25	2.51383e-09	0.602421	-0.820532	0.000158259	0.798642	0.586632	-0.00295746
26	2.51383e-09	-0.622611	0.789922	0.000851734	-0.785486	-0.615579	-0.000538222
27	2.51383e-09	1.00844	-0.0630255	0.000502832	0.0561106	0.992282	-0.0016783
28	2.51383e-09	-0.958079	0.338077	1.02023e-05	-0.332805	-0.933863	0.00187973
29	2.51383e-09	-0.129518	-1.01217	-0.00208839	0.982841	-0.124373	-0.000408795
30	2.51383e-09	0.712423	-0.717577	0.00222163	0.707907	0.698598	-0.000764835
31	2.51383e-09	0.972114	0.263975	-0.000918801	-0.261038	0.96236	0.000849976
32	2.51383e-09	-0.314138	0.959539	-0.000173361	-0.945884	-0.31016	-0.000920624
33	2.51383e-09	-0.711767	-0.732028	0.000697909	0.709193	-0.690783	-0.00151934
34	2.51383e-09	-0.11632	-1.02418	0.00183522	0.977975	-0.111324	-0.000400844
35	2.51383e-09	0.0409286	-1.01102	-0.000860154	0.995348	0.037131	0.00136122
36	2.51383e-09	-0.200165	0.998995	0.000426245	-0.971081	-0.19438	-0.00115045
37	2.51383e-09	0.991188	-0.212329	-0.000335693	0.20626	0.974157	-0.000425334
38	2.51383e-09	-0.918511	0.420218	0.000738938	-0.415809	-0.903921	0.000928517
39	2.51383e-09	0.967112	0.314876	-0.00121555	-0.302365	0.943956	0.000431059
40	2.51383e-09	0.112028	1.00277	-0.00111708	-0.990393	0.107701	-0.000991323
41	2.51383e-09	0.64051	-0.789362	-0.00033136	0.770945	0.625769	0.00227913
42	2.51383e-09	-1.02607	0.0240369	0.00119868	-0.0221193	-0.987461	-0.000442385
43	2.51383e-09	-0.833803	-0.578551	-8.27283e-05	0.564763	-0.81869	0.000614915
44	2.51383e-09	-0.746251	0.714476	-0.00156762	-0.675807	-0.712835	-0.000150586
45	2.51383e-09	-0.913784	-0.460257	0.00105405	0.447602	-0.88229	-0.000914659
46	2.51383e-09	0.289222	-0.987456	-0.000219624	0.946135	0.274225	0.00127759
47	2.51383e-09	0.89876	0.471728	-0.000341762	-0.462252	0.879356	-0.000911132
48	2.51383e-09	1.019	0.111971	-0.00031288	-0.107662	0.980779	0.000788464
49	2.51383e-09	-0.000391454	-1.02656	-0.000849579	0.987978	0.000884514	0.000486991
50	2.51383e-09	-0.182257	-1.01034	0.00241934	0.970782	-0.174505	0.000402815
51	2.51383e-09	-0.703864	-0.73756	-4.13233e-05	0.716089	-0.681538	-0.000231161
52	2.51383e-09	0.971325	-0.355636	0.00022719	0.338937	0.922951	0.000539052
53	2.51383e-09	-0.197818	1.00321	0.000412692	-0.972465	-0.191287	0.00287025
54	2.51383e-09	0.300327	-0.975168	0.000336773	0.94652	0.28687	0.000506532
55	2.51383e-09	-0.93338	0.457822	-0.000235065	-0.430157	-0.879018	0.00065036
56	2.51383e-09	-0.725584	0.718074	0.00138012	-0.697443	-0.706144	0.00132511
57	2.51383e-09	-0.11019	1.02777	-0.000690708	-0.979104	-0.10373	0.00121433
58	2.51383e-09	-0.105812	-1.03018	-0.000259489	0.977133	-0.097887	-0.00158633
59	2.51383e-09	0.0654675	-1.02435	-9.10332e-05	0.982898	0.0661475	0.00109332
60	2.51383e-09	0.193007	1.00399	0.00141488	-0.972028	0.183462	-0.00247973
61	2.51383e-09	-1.0297	0.175196	0.00146479	-0.163749	-0.96214	8.13362e-05
62	2.51383e-09	-0.371017	0.960965	-0.00106373	-0.920865	-0.351528	0.000393287
63	2.51383e-09	0.0838983	-1.0265	0.000310425	0.980547	0.0784594	-0.000893234
64	2.51383e-09	-1.01417	-0.182395	-0.00162654	0.17738	-0.968146	-0.000529937
65	2.51383e-09	-1.02713	0.131646	-0.00176586	-0.12239	-0.974341	-0.0011787
66	2.51383e-09	-1.00573	0.240351	0.000614298	-0.228697	-0.953947	-0.0025698
67	2.51383e-09	-0.484223	-0.921453	-0.00198999	0.866552	-0.456003	0.000336636
68	2.51383e-09	1.01919	-0.145902	0.00155547	0.138566	0.976434	-0.00183556
69	2.51383e-09	0.844769	0.596191	0.000557351	-0.568965	0.801457	0.0016179
70	2.51383e-09	1.02741	-0.0705879	-0.00183204	0.0701729	0.983099	-0.00155999
71	2.51383e-09	0.888167	-0.536335	0.000898116	0.50826	0.840588	0.00054671
72	2.51383e-09	0.913483	0.517078	0.000642133	-0.487264	0.845635	-0.000473433
73	2.51383e-09	0.954134	0.406496	0.000742405	-0.38517	0.901636	-0.00111686
74	2.51383e-09	-0.592156	0.853429	0.000192426	-0.803739	-0.561007	-0.00136232
75	2.51383e-09	-1.0329	-0.00980958	-0.000831766	0.00883018	-0.984135	0.000539183
76	2.51383e-09	0.461997	0.943714	-0.000524079	-0.874149	0.430654	0.000280136
77	2.51383e-09	0.445017	0.949573	0.000597344	-0.883428	0.413723	-0.000120494
78	2.51383e-09	-0.328568	0.986961	0.00258126	-0.92996	-0.307885	-0.00148024
79	2.51383e-09	-0.300737	0.981289	-0.00104273	-0.943337	-0.291731	0.000118754
80	2.51383e-09	-0.545155	0.888794	0.00157725	-0.836864	-0.511007	-0.000185583
81	2.51383e-09	1.03688	-0.0336176	0.000360812	0.0316359	0.983288	-0.00122089
82	2.51383e-09	1.01879	0.253218	-0.00136774	-0.238322	0.945069	-0.00151859
83	2.51383e-09	0.571458	-0.876016	0.000312274	0.819168	0.531597	0.00246588
84	2.51383e-09	1.01026	0.261621	0.0019536	-0.247142	0.94565	-0.00122244
85	2.51383e-09	0.56031	-0.868456	-0.00193691	0.827998	0.531528	-0.000996113
86	2.51383e-09	0.193378	-1.02472	0.00044251	0.962776	0.184338	0.000377682
87	2.51383e-09	0.677753	-0.785393	0.000205978	0.740885	0.643543	3.95072e-05
88	2.51383e-09	-0.979754	0.360713	0.00107816	-0.338786	-0.917016	-0.000958231
89	2.51383e-09	-1.03069	-0.223705	-5.09186e-05	0.20813	-0.952855	-0.000471542
90	2.51383e-09	-0.445546	-0.945013	-0.00103705	0.88434	-0.417818	0.000773076
91	2.51383e-09	0.588443	0.862334	9.40374e-07	-0.807279	0.554574	0.000935104
92	2.51383e-09	-0.969127	-0.414475	0.000834363	0.384143	-0.894102	0.000477656
93	2.51383e-09	0.89163	0.563639	-0.00216175	-0.523893	0.821504	-0.000274143
94	2.51383e-09	0.998693	0.312958	0.000312939	-0.293477	0.93379	-0.00158507
95	2.51383e-09	0.243259	-1.01855	4.89512e-05	0.949198	0.2276	0.000456047
96	2.51383e-09	0.509827	0.920152	-0.000128837	-0.854519	0.471972	0.00134476
97	2.51383e-09	0.259641	-1.01701	0.00075199	0.947908	0.236144	0.0035662
98	2.51383e-09	0.973196	0.414466	0.000231238	-0.378422	0.896621	-0.00129627
99	2.51383e-09	1.03118	0.243194	1.8157e-05	-0.222239	0.945451	-0.000537809
100	2.51383e-09	1.02043	-0.241367	-0.000156639	0.221187	0.952397	0.000337582
101	2.51383e-09	-0.0482114	-1.03463	-0.000889786	0.980956	-0.041815	-0.000553639
102	2.51383e-09	-1.03702	0.0720728	-0.00145676	-0.0642007	-0.979296	-0.000821367
103	2.51383e-09	-0.993369	-0.337601	-0.000237707	0.3143	-0.925949	-0.00080581
104	2.51383e-09	-0.11925	-1.05588	-0.000535789	0.961205	-0.110321	0.0014785
105	2.51383e-09	1.03549	0.202402	0.000171625	-0.181767	0.954073	0.000226443
106	2.51383e-09	-0.262715	-1.01941	0.00150114	0.942464	-0.244975	-0.00127543
107	2.51383e-09	0.535504	0.909465	-0.000315033	-0.838226	0.492216	6.7386e-05
108	2.51383e-09	-0.663069	0.830991	0.00149614	-0.758941	-0.604503	-0.00012319
109	2.51383e-09	0.0153661	-1.06421	0.00115336	0.967865	0.0157296	-0.000229649
110	2.51383e-09	-0.500149	-0.934667	0.00119357	0.856265	-0.456362	-0.00157649
111	2.51383e-09	-0.00266386	1.06323	0.000757439	-0.97128	0.000769675	0.000767585
112	2.51383e-09	-0.964358	0.432841	0.00105126	-0.398033	-0.887455	-0.000715576
113	2.51383e-09	0.0120665	-1.05993	-0.00215965	0.970887	0.0116373	-0.000345923
114	2.51383e-09	0.0356384	1.05004	-0.00117301	-0.974654	0.0342131	0.00164167
115	2.51383e-09	0.406649	-0.981825	0.000762576	0.897113	0.368056	-0.00279114
116	2.51383e-09	0.086644	1.04726	0.00165567	-0.972536	0.0819185	-0.000263694
117	2.51383e-09	-0.113161	-1.0531	-0.000452343	0.966766	-0.102006	0.000154591
118	2.51383e-09	1.04834	-0.195077	0.00256039	0.177381	0.951261	0.00128932
119	2.51383e-09	-0.977943	0.402201	-0.000550374	-0.368389	-0.900487	-0.00039854
120	2.51383e-09	0.941505	-0.476062	-0.00177227	0.441432	0.867678	-0.00040863
121	2.51383e-09	-0.251976	1.03285	-0.00112226	-0.943699	-0.232234	0.000815066
122	2.51383e-09	-0.709903	-0.781619	0.000694838	0.722849	-0.652627	0.000234873
123	2.51383e-09	-0.508414	0.913778	0.00124945	-0.853158	-0.480798	0.00127789
124	2.51383e-09	1.07088	0.0780853	0.0013126	-0.0751719	0.961554	0.000826051
125	2.51383e-09	-0.890688	0.578419	2.23468e-05	-0.526269	-0.816249	-0.00170031
126	2.51383e-09	-0.0115434	1.06637	-0.00157237	-0.967184	-0.00864179	-0.000309195
127	2.51383e-09	-0.864256	-0.615112	0.0012238	0.563245	-0.790737	0.00115535
128	2.51383e-09	0.073922	-1.06369	0.00123864	0.966569	0.0652573	-0.000660614
129	2.51383e-09	-0.914346	0.554976	0.00116907	-0.499633	-0.826888	-0.00130784
130	2.51383e-09	0.830614	-0.640286	-0.000111621	0.594601	0.775272	0.00135728
131	2.51383e-09	0.337223	1.01822	-0.00169906	-0.917478	0.303457	-0.000112825
132	2.51383e-09	0.926239	-0.539297	-0.00167043	0.48841	0.835839	-0.00109941
133	2.51383e-09	-0.571533	0.89767	-0.00156542	-0.818429	-0.518664	0.0027139
134	2.51383e-09	-0.702197	-0.790752	-0.00191451	0.72781	-0.645037	-0.00138046
135	2.51383e-09	0.702949	-0.801147	0.00021743	0.729849	0.638062	0.00193937
136	2.51383e-09	0.251492	-1.04741	-0.002828	0.935651	0.223483	0.000483024
137	2.51383e-09	1.01606	0.3337	0.000748701	-0.301437	0.917582	-0.00136198
138	2.51383e-09	-0.0519494	-1.0697	-0.00211894	0.96635	-0.0460327	-0.000954915
139	2.51383e-09	-1.06707	-0.00780648	-0.000714224	0.00786829	-0.965965	0.000515195
140	2.51383e-09	-0.068998	1.08114	0.00109612	-0.957444	-0.0622941	8.29053e-05
141	2.51383e-09	1.05623	0.0463986	-0.00114746	-0.043281	0.97401	-0.00209776
142	2.51383e-09	0.447479	-0.977165	0.00107952	0.878786	0.397942	0.000545452
143	2.51383e-09	-0.950859	-0.490756	0.00196542	0.443831	-0.858693	0.0002012
144	2.51383e-09	-0.832799	0.697384	0.000460193	-0.612881	-0.735772	0.000471619
145	2.51383e-09	1.06326	0.142642	0.00118772	-0.130146	0.956875	-8.43713e-05
146	2.51383e-09	0.755752	0.786888	-7.11972e-05	-0.689342	0.664069	0.000995656
147	2.51383e-09	-0.836442	0.676781	1.58889e-06	-0.609983	-0.749317	0.00224296
148	2.51383e-09	0.494087	-0.961529	0.00164519	0.854236	0.44373	-0.000392971
149	2.51383e-09	1.01977	-0.362859	-0.000567842	0.32293	0.899904	5.32271e-05
150	2.51383e-09	0.771096	-0.753365	-0.00246838	0.671514	0.689786	0.000133269
151	2.51383e-09	0.609633	0.893969	-0.00126332	-0.793205	0.542673	1.3477e-05
152	2.51383e-09	-0.604261	-0.880877	0.00278291	0.798052	-0.54886	-0.00110934
153	2.51383e-09	-1.02163	-0.364868	0.000652779	0.319995	-0.903697	0.000430162
154	2.51383e-09	0.326539	1.03208	3.54797e-05	-0.917516	0.295255	0.000168123
155	2.51383e-09	-0.620036	0.877995	-0.000347422	-0.790599	-0.555104	-0.00291167
156	2.51383e-09	0.642032	0.85661	0.000186059	-0.77647	0.579934	-0.00211686
157	2.51383e-09	1.07845	-0.0159834	-0.000314078	0.0132758	0.96173	-0.00100826
158	2.51383e-09	0.34112	-1.03335	-0.00161818	0.911555	0.297658	6.3091e-05
159	2.51383e-09	-0.284359	1.0338	0.00299624	-0.930935	-0.256384	0.000606969
160	2.51383e-09	-1.07172	-0.0809651	0.000901014	0.0711467	-0.962474	0.000139813
161	2.51383e-09	0.999727	-0.449687	0.000800099	0.391594	0.870059	-0.000140472
162	2.51383e-09	0.877513	0.635397	0.00136439	-0.565344	0.777396	-0.000393235
163	2.51383e-09	0.09724	-1.07144	0.00194561	0.9602	0.0867498	0.00102093
164	2.51383e-09	0.933535	0.509816	0.000654534	-0.463471	0.85323	0.000226232
165	2.51383e-09	0.84036	0.682168	-0.000493611	-0.604841	0.74832	-0.000121735
166	2.51383e-09	0.704996	-0.822073	-6.02856e-05	0.728977	0.627655	4.93856e-05
167	2.51383e-09	0.967567	-0.497056	0.00242355	0.443481	0.849315	-0.00121228
168	2.51383e-09	-1.06082	-0.170375	0.000556885	0.151986	-0.955682	-0.00131423
169	2.51383e-09	-0.784453	-0.743093	-0.000137331	0.664157	-0.697535	0.000593634
170	2.51383e-09	-0.00559445	-1.0886	0.00319606	0.960339	-0.00535636	-0.000701772
171	2.51383e-09	0.890073	-0.626389	0.00247546	0.55187	0.782637	0.00201223
172	2.51383e-09	-0.148669	-1.08806	0.000270958	0.94723	-0.127182	-0.000261775
173	2.51383e-09	0.856517	0.694788	-0.00136662	-0.598457	0.740821	-0.000321134
174	2.51383e-09	1.0921	-0.0506399	0.00134526	0.0439192	0.957839	0.000157584
175	2.51383e-09	-0.689611	0.851337	-0.000285906	-0.739322	-0.602106	-0.00122992
176	2.51383e-09	-0.985893	0.414957	-0.000832032	-0.375011	-0.893103	0.000517353
177	2.51383e-09	-1.08385	0.198586	0.00181527	-0.169459	-0.937141	-0.000809064
178	2.51383e-09	0.413164	1.01383	0.000993338	-0.884435	0.359211	0.000195959
179	2.51383e-09	-0.820717	0.7145	0.00106064	-0.630519	-0.722884	-0.00155246
180	2.51383e-09	-0.422139	-1.00289	-0.00107199	0.88319	-0.370234	-0.00167828
181	2.51383e-09	0.486779	-0.984952	-6.27936e-06	0.854601	0.421332	-0.000200276
182	2.51383e-09	-0.709997	-0.824108	0.00213605	0.72478	-0.626133	-0.00075539
183	2.51383e-09	-0.125852	1.09668	-0.00121106	-0.946234	-0.109975	-0.000749232
184	2.51383e-09	-1.09705	-0.0238757	-0.00145318	0.022843	-0.954649	0.00049295
185	2.51383e-09	-1.02687	0.357774	0.00071369	-0.314064	-0.907064	-0.000183772
186	2.51383e-09	-1.02332	-0.326445	0.000754916	0.292002	-0.921279	-0.000698352
187	2.51383e-09	0.613318	0.895928	-0.00156331	-0.79144	0.543785	-0.000345872
188	2.51383e-09	-0.891777	-0.625427	0.00106144	0.551063	-0.785438	0.000431284
189	2.51383e-09	-0.91809	0.58381	-0.00156495	-0.516731	-0.809662	-0.000170644
190	2.51383e-09	0.3124	-1.06059	0.00112352	0.910357	0.270184	-0.000281938
191	2.51383e-09	1.09661	0.0213677	0.00118482	-0.0201968	0.953983	-0.00110565
192	2.51383e-09	1.02182	-0.400982	-0.000760918	0.346474	0.890059	0.000803124
193	2.51383e-09	-1.08161	-0.205877	0.000853531	0.176642	-0.936475	0.000264647
194	2.51383e-09	-0.643834	-0.906417	-0.00188259	0.770489	-0.55236	-0.000903547
195	2.51383e-09	0.665343	-0.864832	-0.000520516	0.756586	0.588073	0.00275986
196	2.51383e-09	0.998439	-0.457424	-0.00134819	0.397254	0.869494	0.000172234
197	2.51383e-09	0.765799	-0.778645	0.000326754	0.683149	0.669593	0.00115181
198	2.51383e-09	-0.621917	-0.931323	-0.00171464	0.78564	-0.521536	-0.000320626
199	2.51383e-09	0.0192603	-1.10219	-0.000644703	0.951193	0.0127301	-0.000892469
200	2.51383e-09	0.233491	1.08371	0.00229813	-0.929095	0.198361	-0.00146638
201	2.51383e-09	0.978448	0.522756	0.00057212	-0.443136	0.83793	0.000470855
202	2.51383e-09	-0.472713	0.987897	0.00172308	-0.864341	-0.412435	-0.00196883
203	2.51383e-09	-0.854999	0.686603	-0.00164941	-0.596904	-0.742939	0.000904759
204	2.51383e-09	-1.03453	-0.392795	0.00136696	0.33783	-0.88759	-0.00135143
205	2.51383e-09	1.08944	-0.246497	0.000370864	0.208799	0.924569	-0.000755709
206	2.51383e-09	0.660299	-0.878416	-0.00207484	0.764472	0.571037	-0.00224321
207	2.51383e-09	0.493493	0.989019	-0.0028214	-0.849969	0.426688	0.000107059
208	2.51383e-09	0.959752	-0.551163	0.000229975	0.474633	0.820933	-0.000153012
209	2.51383e-09	-0.939464	-0.561691	-3.69108e-05	0.488631	-0.820873	-0.00112439
210	2.51383e-09	0.901573	0.641899	-0.000687458	-0.552306	0.775411	0.000236541
211	2.51383e-09	-0.204542	-1.08582	-9.00703e-05	0.933373	-0.180223	-0.00110043
212	2.51383e-09	-0.0196878	-1.12712	0.000190219	0.941398	-0.0155724	0.000720832
213	2.51383e-09	0.299787	1.05422	0.000126	-0.920616	0.257374	0.000645193
214	2.51383e-09	-0.909635	-0.628441	-0.00144814	0.544104	-0.780628	-0.00122173
215	2.51383e-09	-1.02878	-0.439928	0.00136582	0.365876	-0.869499	-0.00032863
216	2.51383e-09	0.979621	-0.539154	0.000335653	0.455282	0.826947	-0.000695184
217	2.51383e-09	0.946077	-0.581351	0.000178085	0.494586	0.812166	-0.000289385
218	2.51383e-09	-1.02572	-0.397089	-0.000596041	0.341445	-0.888339	0.000722674
219	2.51383e-09	1.11314	0.0628786	0.0014318	-0.0523927	0.94643	-0.000564813
220	2.51383e-09	0.442678	-1.02117	-0.0013032	0.869493	0.374751	-0.000949692
221	2.51383e-09	-0.54808	-0.964498	0.00131852	0.823667	-0.468912	-0.00118357
222	2.51383e-09	0.525172	-0.982322	0.00120685	0.837855	0.444799	0.00134218
223	2.51383e-09	-0.105672	-1.11051	0.000588509	0.942275	-0.0881349	0.000988498
224	2.51383e-09	-0.525617	-0.977298	0.000253921	0.836401	-0.450931	0.000797142
225	2.51383e-09	0.0454158	1.11717	-0.000494674	-0.942946	0.0400557	-0.00181278
226	2.51383e-09	-0.805242	-0.7851	-0.00154013	0.658428	-0.675398	0.000121403
227	2.51383e-09	-0.811759	0.754887	-0.000490387	-0.650202	-0.693739	0.000348423
228	2.51383e-09	0.830936	0.743074	0.00143985	-0.631447	0.706253	-0.000242161
229	2.51383e-09	-0.70975	-0.881088	-0.00129478	0.732442	-0.59131	-0.00127403
230	2.51383e-09	1.10434	0.27807	0.00218949	-0.228626	0.908153	-0.000329985
231	2.51383e-09	-0.693777	-0.899236	0.00236668	0.743898	-0.571076	0.00131594
232	2.51383e-09	0.573558	-0.943485	0.000288834	0.816921	0.49238	-0.00109602
233	2.51383e-09	-0.881021	0.679968	0.00213987	-0.578427	-0.753643	-5.19394e-05
234	2.51383e-09	0.539069	-0.976751	-0.00154706	0.827787	0.457608	-0.00173927
235	2.51383e-09	-0.852754	-0.726537	0.00483836	0.611042	-0.719207	-0.00188536
236	2.51383e-09	-0.99275	0.531722	0.000385567	-0.444636	-0.830942	0.000664103
237	2.51383e-09	1.08988	0.274824	3.73393e-05	-0.23078	0.913687	-0.000457435
238	2.51383e-09	-0.680063	0.900242	0.00107037	-0.748963	-0.568298	-0.00145884
239	2.51383e-09	-0.784802	0.791824	0.000725771	-0.671364	-0.666137	0.00163701
240	2.51383e-09	1.12075	0.156471	-0.000819168	-0.129049	0.932213	-0.00256166
241	2.51383e-09	-1.09612	-0.259984	-0.00297951	0.215181	-0.914983	-6.92248e-05
242	2.51383e-09	0.562787	0.993844	0.00313042	-0.814655	0.461554	0.00208464
243	2.51383e-09	0.809385	0.783795	-0.000405426	-0.658077	0.673426	0.00104075
244	2.51383e-09	1.12339	-0.107299	-0.000323433	0.0873782	0.937488	-2.40209e-05
245	2.51383e-09	-0.502662	-1.0086	0.00104888	0.844659	-0.416062	1.29773e-05
246	2.51383e-09	-1.09055	0.292108	-0.00277269	-0.238342	-0.909282	-0.000151812
247	2.51383e-09	-0.680729	0.87907	0.000371292	-0.748466	-0.580714	-0.00213163
248	2.51383e-09	-0.705343	-0.864669	0.000636216	0.736338	-0.593026	-0.00248781
249	2.51383e-09	0.0587722	1.11856	-7.12888e-05	-0.94347	0.0514126	-0.000180223
250	2.51383e-09	-0.827477	0.763465	-0.000865901	-0.637447	-0.693402	-0.0008005
251	2.51383e-09	0.470853	1.02702	-0.00144253	-0.856272	0.393182	-0.00174313
252	2.51383e-09	-0.95653	0.590157	0.00252891	-0.495969	-0.804587	0.00195946
253	2.51383e-09	-1.07517	-0.333818	0.00113437	0.281514	-0.898208	0.0011351
254	2.51383e-09	0.771176	0.816961	0.000724739	-0.688111	0.64234	-0.00121313
255	2.51383e-09	0.867055	-0.73251	0.00170401	0.60758	0.713694	-0.000379091
256	2.51383e-09	-0.365033	1.0682	0.00115162	-0.88973	-0.308835	-0.000522457
257	2.51383e-09	-1.11511	-0.200443	-0.00103739	0.165458	-0.92462	-2.36728e-05
258	2.51383e-09	0.576621	0.986781	0.000579609	-0.805849	0.469544	-0.000995571
259	2.51383e-09	-0.437637	1.03716	-0.000841876	-0.868427	-0.364947	-0.000668273
260	2.51383e-09	0.141215	1.12067	0.000607009	-0.934905	0.114107	0.00267268
261	2.51383e-09	0.435074	-1.05169	-0.000776895	0.868241	0.358234	-3.08102e-05
262	2.51383e-09	0.836624	0.752337	-0.000215394	-0.627275	0.70154	0.00149703
263	2.51383e-09	-0.250193	1.1003	-0.000546335	-0.919528	-0.208071	-0.0017818
264	2.51383e-09	0.979075	-0.549046	0.000240587	0.464356	0.82342	0.000543831
265	2.51383e-09	1.07316	0.402661	-0.000128896	-0.32367	0.874058	-0.000225065
266	2.51383e-09	-0.36093	-1.08417	0.000471057	0.886226	-0.296301	-0.00177181
267	2.51383e-09	1.09063	0.302517	0.00230286	-0.251191	0.903978	-0.000814879
268	2.51383e-09	-1.09096	0.29483	-0.000580095	-0.250501	-0.905905	-4.50326e-05
269	2.51383e-09	-0.784244	-0.831685	0.000216925	0.6788	-0.64047	-0.00141552
270	2.51383e-09	-0.982317	-0.563934	-0.000885394	0.468518	-0.815011	0.00019143
271	2.51383e-09	1.12839	-0.196483	-0.00123717	0.157284	0.920846	0.000155313
272	2.51383e-09	1.1292	-0.151711	0.00094015	0.120883	0.929647	-0.000679813
273	2.51383e-09	0.900805	-0.701329	-0.000194806	0.576116	0.736782	-0.000203202
274	2.51383e-09	-0.601511	-0.965876	0.000420756	0.795486	-0.49426	0.000296773
275	2.51383e-09	1.05713	0.42878	-0.00217264	-0.34897	0.869686	0.000255422
276	2.51383e-09	1.06676	-0.394926	-0.000464103	0.323087	0.87962	-0.000558296
277	2.51383e-09	-0.767666	-0.841364	-0.000291441	0.694968	-0.631459	-0.000861574
278	2.51383e-09	-0.804373	-0.805019	6.8213e-05	0.664262	-0.665039	0.000947817
279	2.51383e-09	-0.400482	1.07251	-0.00166804	-0.874017	-0.324067	0.000236377
280	2.51383e-09	0.201167	1.13095	-0.00188424	-0.921866	0.162742	-0.000159101
281	2.51383e-09	-1.13598	0.032272	0.00205435	-0.0264225	-0.938565	0.000831062
282	2.51383e-09	0.721011	0.884348	-0.0001548	-0.724543	0.594707	0.00093638
283	2.51383e-09	-1.14302	-0.0748408	0.000102816	0.0618569	-0.932876	0.000772887
284	2.51383e-09	0.320955	-1.10637	-0.00108686	0.895866	0.257784	0.00123342
285	2.51383e-09	0.516324	-1.03414	0.00131458	0.830148	0.414711	7.89234e-05
286	2.51383e-09	0.955078	0.615155	-0.000969237	-0.508799	0.787927	-0.00288496
287	2.51383e-09	-0.189863	-1.12722	0.00187057	0.923627	-0.153908	0.000745341
288	2.51383e-09	-1.1206	-0.264189	0.000480703	0.214348	-0.906211	-0.000889746
289	2.51383e-09	-0.0286585	-1.15711	0.00301162	0.929097	-0.0240117	0.00164033
290	2.51383e-09	0.128786	1.13747	0.00214308	-0.928006	0.103695	-0.000736022
291	2.51383e-09	-0.0918988	-1.14574	0.000593743	0.929497	-0.0754754	-0.00100265
292	2.51383e-09	-0.692015	-0.923531	-0.000586512	0.746134	-0.553435	0.00010209
293	2.51383e-09	0.96552	0.618148	0.00135618	-0.504339	0.786868	-0.00153412
294	2.51383e-09	0.219105	-1.13419	0.00201392	0.913436	0.176195	-0.00140435
295	2.51383e-09	-0.553051	1.00524	0.000592687	-0.818137	-0.448391	0.00095896
296	2.51383e-09	0.579612	-1.00344	0.00112108	0.800764	0.466837	0.000393209
297	2.51383e-09	-1.1321	-0.182301	-0.00263902	0.147981	-0.92201	0.00181462
298	2.51383e-09	0.544711	-1.02077	-0.000757247	0.819137	0.438946	0.000258693
299	2.51383e-09	1.06812	0.42844	0.00080168	-0.350346	0.863595	0.000264511
300	2.51383e-09	-1.00231	0.592687	0.00247893	-0.469281	-0.798644	0.000147741
301	2.51383e-09	-1.09298	-0.380627	-0.000637836	0.31237	-0.87657	0.00112973
302	2.51383e-09	-0.992575	-0.608158	-6.44105e-05	0.487983	-0.787797	-0.00112725
303	2.51383e-09	0.443861	1.07305	-0.00144898	-0.856181	0.351752	-9.4982e-05
304	2.51383e-09	0.0342981	1.16481	-0.00152248	-0.924645	0.0271099	-0.00166914
305	2.51383e-09	0.197961	-1.13095	-0.000300724	0.918822	0.160901	-0.000684494
306	2.51383e-09	-1.10273	0.333866	0.00121643	-0.270124	-0.893435	-0.00123026
307	2.51383e-09	0.216698	-1.13887	7.63425e-05	0.914232	0.168585	0.00115077
308	2.51383e-09	0.905062	0.727568	0.00133359	-0.58196	0.721852	0.00198182
309	2.51383e-09	-0.227976	1.12989	0.000868071	-0.911996	-0.185456	0.000280104
310	2.51383e-09	-0.88881	0.71161	-0.000905829	-0.589148	-0.730596	-0.000984335
311	2.51383e-09	0.739695	-0.890141	0.00160896	0.712234	0.596573	0.00138944
312	2.51383e-09	0.843993	-0.79189	0.000647018	0.639764	0.677068	0.000475782
313	2.51383e-09	0.425936	-1.06785	-0.00312302	0.866497	0.345677	0.000794485
314	2.51383e-09	-0.372111	1.09778	0.000318427	-0.878972	-0.296831	0.00116917
315	2.51383e-09	0.0494776	-1.16982	0.00114472	0.921415	0.0420672	-0.000910876
316	2.51383e-09	-0.244378	1.13765	0.000238877	-0.905986	-0.192486	-0.00106197
317	2.51383e-09	-1.15896	0.141086	-0.000306414	-0.114847	-0.917022	0.00127436
318	2.51383e-09	0.463207	1.07315	0.000674214	-0.848302	0.3658	0.00146892
319	2.51383e-09	-0.0447018	-1.16372	0.000111474	0.925838	-0.0376465	-0.00038034
320	2.51383e-09	0.920688	-0.73481	0.000663429	0.57266	0.719932	-0.00115206
321	2.51383e-09	1.11293	-0.344411	-0.00116679	0.274934	0.884656	0.00033883
322	2.51383e-09	-1.08264	-0.438962	0.00215172	0.34595	-0.856967	-0.000359352
323	2.51383e-09	-0.697464	0.940889	0.00197138	-0.743797	-0.551451	-0.00101895
324	2.51383e-09	-1.17444	0.0864086	0.000169458	-0.0722451	-0.918507	-0.00157076
325	2.51383e-09	-1.01535	0.567258	0.00191866	-0.453073	-0.808166	0.000947192
326	2.51383e-09	1.14498	0.236288	-0.00124854	-0.185373	0.905271	-0.000439302
327	2.51383e-09	1.02033	0.579013	0.00214288	-0.455142	0.804463	-0.000508064
328	2.51383e-09	0.491269	-1.04435	-0.000164399	0.842354	0.399324	-0.00060329
329	2.51383e-09	1.18504	0.0398041	0.00285372	-0.034374	0.918502	-0.0023181
330	2.51383e-09	1.12074	-0.305326	0.000790915	0.243056	0.896861	-0.00124944
331	2.51383e-09	-0.915698	-0.713176	0.000308108	0.572382	-0.735163	0.000276381
332	2.51383e-09	-0.600621	0.99174	0.00119521	-0.793814	-0.482946	-0.000355659
333	2.51383e-09	-0.914126	0.742104	0.00057117	-0.579877	-0.716774	-0.00110985
334	2.51383e-09	-1.02704	-0.565564	0.000314097	0.444964	-0.809144	0.00051845
335	2.51383e-09	0.615869	0.995139	0.00186449	-0.786393	0.489222	-0.00170546
336	2.51383e-09	0.623439	-0.991394	0.000173774	0.782944	0.489887	-0.00109199
337	2.51383e-09	-0.521015	-1.05479	0.000418665	0.826872	-0.40974	0.000754955
338	2.51383e-09	0.826734	0.822126	-0.00190198	-0.655775	0.653927	-0.000422185
339	2.51383e-09	1.06623	0.534808	-0.00122008	-0.410258	0.817658	-0.000238504
340	2.51383e-09	0.743469	-0.924013	0.000318783	0.717167	0.57431	0.000564126
341	2.51383e-09	1.18075	0.0512317	0.00181506	-0.0433112	0.917028	0.000443944
342	2.51383e-09	-0.483364	1.06592	-0.00173844	-0.84176	-0.382342	-3.11512e-05
343	2.51383e-09	-0.989412	-0.620386	-0.000571729	0.489392	-0.784936	-0.000698826
344	2.51383e-09	0.0652834	1.17145	0.000177071	-0.922635	0.0537514	-0.00139769
345	2.51383e-09	1.03869	-0.539933	-0.00133579	0.424774	0.821088	0.000694162
346	2.51383e-09	0.906623	0.716847	0.000196099	-0.578269	0.728907	0.000745042
347	2.51383e-09	0.0963804	-1.17426	-0.00101595	0.915717	0.0744801	-0.00108644
348	2.51383e-09	0.983775	-0.650601	-0.0003322	0.509858	0.767228	0.000735083
349	2.51383e-09	0.931892	0.711751	-0.000387803	-0.55734	0.73867	-0.000549221
350	2.51383e-09	0.864155	-0.782318	-0.00228224	0.624602	0.687722	0.000890995
351	2.51383e-09	1.17506	-0.148863	0.000508095	0.111802	0.912694	-0.000963203
352	2.51383e-09	0.807514	0.8612	-0.00335445	-0.670941	0.629911	0.00073309
353	2.51383e-09	1.08229	-0.487247	-0.00107162	0.379171	0.836192	0.000707971
354	2.51383e-09	-0.690733	0.978784	0.000696279	-0.746464	-0.523907	0.00102466
355	2.51383e-09	0.325497	-1.12874	0.000818033	0.886609	0.251839	0.00113832
356	2.51383e-09	0.517148	1.06022	-9.84484e-05	-0.827242	0.405677	-0.000967074
357	2.51383e-09	0.688115	-0.96172	4.83585e-05	0.74976	0.534373	-0.00252255
358	2.51383e-09	0.474313	-1.0876	0.000695243	0.842574	0.363972	-0.000788957
359	2.51383e-09	1.09739	0.456011	-0.000997348	-0.353248	0.846704	-0.000454684
360	2.51383e-09	1.10759	-0.393181	0.000736202	0.311667	0.867472	0.000176971
361	2.51383e-09	-0.958124	-0.69562	5.03953e-05	0.539693	-0.745316	-0.000300435
362	2.51383e-09	0.187775	-1.17096	0.00204032	0.904978	0.143205	-0.000241092
363	2.51383e-09	-1.16385	0.147767	-0.00197452	-0.114366	-0.91715	0.000197439
364	2.51383e-09	-0.706671	-0.932901	0.000492338	0.736076	-0.55978	-0.000243901
365	2.51383e-09	0.731602	-0.940299	-0.00276536	0.723583	0.56334	-5.96024e-05
366	2.51383e-09	0.905415	0.78138	-0.00131232	-0.598119	0.689852	-0.000173489
367	2.51383e-09	0.0462737	-1.18854	0.00155552	0.916078	0.037865	-0.00107478
368	2.51383e-09	1.00376	0.630473	0.000748476	-0.490255	0.778492	0.00110891
369	2.51383e-09	-1.13047	-0.387274	0.00234199	0.294601	-0.866793	0.00050037
370	2.51383e-09	-1.08416	-0.476083	-0.00135407	0.37232	-0.841026	0.000403066
371	2.51383e-09	1.19144	-0.0985372	0.00137339	0.073631	0.911213	-0.00162254
372	2.51383e-09	0.977999	-0.681087	0.000174783	0.522869	0.751467	0.00121068
373	2.51383e-09	-0.172165	1.18376	-0.00161588	-0.903905	-0.130024	0.00125987
374	2.51383e-09	1.07543	-0.518244	0.000503301	0.397057	0.826638	0.0005767
375	2.51383e-09	-1.17777	-0.170538	-0.00028507	0.13327	-0.907086	-0.000363872
376	2.51383e-09	0.331883	1.14212	0.000897615	-0.880084	0.256111	0.000382615
377	2.51383e-09	-1.06141	0.52254	-0.00254064	-0.402876	-0.829094	-1.24677e-05
378	2.51383e-09	1.10922	-0.462941	-0.0010804	0.351968	0.841177	-0.00150027
379	2.51383e-09	-1.12299	0.398118	-8.6416e-05	-0.303436	-0.861594	-0.000133164
380	2.51383e-09	-0.686641	-0.97782	0.00121066	0.750312	-0.523622	0.000490862
381	2.51383e-09	-0.711467	0.946138	0.00194756	-0.733418	-0.552699	0.00125227
382	2.51383e-09	1.14872	0.274543	-0.00054012	-0.213259	0.896974	0.000830752
383	2.51383e-09	0.228038	1.16348	0.000520965	-0.900928	0.175008	-0.00138818
384	2.51383e-09	-0.511076	1.0835	-0.00347398	-0.829764	-0.386442	-0.000648631
385	2.51383e-09	-0.8594	0.824604	0.00106353	-0.63475	-0.661442	-0.000938123
386	2.51383e-09	0.425123	1.12355	-0.000609855	-0.854102	0.326275	-0.000541965
387	2.51383e-09	0.563356	1.05561	-0.000222187	-0.807002	0.431311	-0.00120213
388	2.51383e-09	0.312902	-1.15855	-0.00101512	0.880355	0.237354	-0.000196051
389	2.51383e-09	-1.18454	-0.166916	0.000199533	0.130493	-0.905193	-0.00104932
390	2.51383e-09	0.109019	1.18478	-0.000164242	-0.913344	0.0822199	-0.000661245
391	2.51383e-09	-1.1847	-0.201414	0.00159151	0.152902	-0.900277	-0.000710337
392	2.51383e-09	-0.877515	0.827102	-0.00119378	-0.626038	-0.660757	0.000814309
393	2.51383e-09	-0.630433	-1.02372	0.00176238	0.778722	-0.478536	0.000833716
394	2.51383e-09	-0.927498	-0.756837	0.000863722	0.58073	-0.706715	-0.000931592
395	2.51383e-09	-0.661727	1.00459	0.000481093	-0.759024	-0.504553	0.000980289
396	2.51383e-09	-0.203257	-1.18671	0.000988102	0.896135	-0.15757	0.000943416
397	2.51383e-09	-1.10403	-0.48135	0.000286957	0.363331	-0.835731	-9.17976e-05
398	2.51383e-09	-0.985869	0.702711	0.00195204	-0.523591	-0.742764	-4.60791e-05
399	2.51383e-09	1.12857	0.403503	0.00132911	-0.308809	0.860237	0.00220537
400	2.51383e-09	-0.360417	-1.14918	-0.00153597	0.870643	-0.27249	-0.000209306
