1.860999e+03
401
0	1	8.58998e-05	5.32542e-05	-7.84789e-08	3.5843e-08	3.84091e-09	-6.66443e-11
1	2.51383e-09	0.910415	0.418903	0.000397451	-0.417694	0.907645	0.000323574
2	2.51383e-09	-0.515102	-0.853057	0.000875806	0.859921	-0.514206	-0.000954999
3	2.51383e-09	0.712787	0.699932	0.000254048	-0.702648	0.713068	0.000944653
4	2.51383e-09	-0.775359	0.630413	0.00107878	-0.631915	-0.776259	0.000133379
5	2.51383e-09	-0.30635	-0.956732	-0.000272029	0.949319	-0.308113	-0.000936547
6	2.51383e-09	0.72862	0.698443	-0.000286747	-0.685576	0.720378	0.000291853
7	2.51383e-09	-0.158556	-0.986709	-0.000239125	0.989034	-0.158845	0.000164991
8	2.51383e-09	-0.562177	0.830683	0.000922022	-0.824345	-0.56023	0.0002121
9	2.51383e-09	0.997111	-0.0490835	8.70874e-05	0.0487302	1.0003	0.000224495
10	2.51383e-09	-0.206034	0.977889	-0.00048493	-0.979008	-0.210225	0.000116412
11	2.51383e-09	0.268901	0.968467	-0.00078788	-0.961671	0.267139	0.00109398
12	2.51383e-09	-0.903671	-0.451093	-2.76826e-05	0.446726	-0.889945	0.00107987
13	2.51383e-09	0.727561	-0.705977	-0.001706	0.692006	0.709224	-0.00227957
14	2.51383e-09	0.836851	0.571587	-0.0011712	-0.556319	0.821569	0.0013238
15	2.51383e-09	0.691552	-0.727829	0.00105617	0.727704	0.683594	-0.00149828
16	2.51383e-09	0.113852	-0.993494	0.000987081	0.993172	0.114769	0.000278565
17	2.51383e-09	0.0211136	1.00354	-0.000103157	-0.997342	0.023881	-0.00213739
18	2.51383e-09	0.905257	-0.455026	0.00108111	0.449876	0.885793	0.00139339
19	2.51383e-09	-0.829491	0.59133	0.000628842	-0.578038	-0.804084	0.00143065
20	2.51383e-09	-0.951528	-0.370068	7.75996e-05	0.358956	-0.922034	0.000358554
21	2.51383e-09	0.298069	-0.968342	0.000155067	0.949101	0.297264	-0.000392842
22	2.51383e-09	0.219774	-0.995182	0.000662266	0.965163	0.213489	0.000730232
23	2.51383e-09	-0.333514	0.95564	-0.000637098	-0.937725	-0.327089	-0.000795156
24	2.51383e-09	0.871563	-0.51892	-0.000362564	0.504776	0.855457	-0.00014694
25	2.51383e-09	-0.311114	0.968286	-0.00113692	-0.94401	-0.30366	-0.000425839
26	2.51383e-09	0.375848	0.929402	0.000562948	-0.927008	0.375735	0.000731189
27	2.51383e-09	0.897789	0.455927	0.000322206	-0.457493	0.885837	-0.00147474
28	2.51383e-09	-1.00551	0.146692	-0.000679996	-0.145634	-0.980451	0.00186094
29	2.51383e-09	0.47848	0.900412	-6.63072e-05	-0.873567	0.461991	0.00233774
30	2.51383e-09	-1.00012	0.146288	-0.00205205	-0.142084	-0.984863	0.00125139
31	2.51383e-09	-0.701848	0.731144	-0.000784584	-0.715308	-0.688235	0.000989805
32	2.51383e-09	0.259855	-0.976644	0.000870743	0.961661	0.254203	0.000201943
33	2.51383e-09	-0.752212	-0.685803	0.00027372	0.669303	-0.731889	0.000996707
34	2.51383e-09	-0.518021	-0.890973	0.000684643	0.849871	-0.496269	-0.00026797
35	2.51383e-09	-0.218333	0.996384	0.00094351	-0.965778	-0.214091	-0.000870297
36	2.51383e-09	0.632762	-0.804669	-0.000474171	0.776168	0.610606	0.00110062
37	2.51383e-09	-0.131481	-1.01281	-0.00103365	0.978344	-0.12503	-7.20294e-05
38	2.51383e-09	1.00405	0.136888	-0.000830995	-0.135098	0.983863	-0.000215521
39	2.51383e-09	-0.430955	0.925353	0.000563856	-0.895168	-0.417678	0.00078904
40	2.51383e-09	-0.27865	-0.972097	-0.000864921	0.955327	-0.275428	0.000842326
41	2.51383e-09	0.0747915	1.01244	0.000644999	-0.989621	0.0759933	0.00195461
42	2.51383e-09	-0.57086	-0.851453	0.00219994	0.821215	-0.549912	0.000391862
43	2.51383e-09	-0.106415	-1.01853	0.000315291	0.982504	-0.10506	0.00105387
44	2.51383e-09	-0.987632	-0.281475	-0.000526401	0.271051	-0.949869	-0.000934051
45	2.51383e-09	0.355683	0.961612	-0.000628717	-0.92508	0.344099	0.00106355
46	2.51383e-09	0.926054	0.452022	0.00119711	-0.433641	0.884682	0.000576986
47	2.51383e-09	-1.00899	0.109615	0.00014216	-0.107202	-0.987516	-0.00103047
48	2.51383e-09	-0.242957	0.99545	-0.00102254	-0.958253	-0.23742	-1.58888e-06
49	2.51383e-09	0.719274	-0.732588	-0.000490338	0.705746	0.691302	0.000899519
50	2.51383e-09	-0.913828	0.462785	-0.00177806	-0.448075	-0.880928	0.00107979
51	2.51383e-09	0.719351	-0.725834	6.06736e-05	0.700888	0.699206	-3.40297e-05
52	2.51383e-09	0.132074	-1.0245	0.000735364	0.975379	0.126623	-0.000281307
53	2.51383e-09	1.02361	-0.0574084	-0.000325183	0.0506842	0.986197	0.000498396
54	2.51383e-09	0.828932	-0.605933	-0.000539885	0.581785	0.795146	-0.000408612
55	2.51383e-09	-0.767859	0.695489	-0.000507066	-0.658592	-0.727846	0.00029031
56	2.51383e-09	0.054615	1.02442	-0.000992891	-0.986821	0.0471649	0.00178093
57	2.51383e-09	-0.294295	0.990004	-0.0012013	-0.944357	-0.278966	0.000768967
58	2.51383e-09	-0.122744	-1.02768	0.00100266	0.9762	-0.114389	-0.00113231
59	2.51383e-09	0.816363	-0.618134	0.000730086	0.593764	0.789056	-0.000556348
60	2.51383e-09	-0.825089	0.598495	-0.000338303	-0.581941	-0.803067	-0.00258313
61	2.51383e-09	-0.720751	-0.759534	-1.7864e-05	0.710297	-0.67047	0.00060515
62	2.51383e-09	0.755187	-0.702554	2.05302e-06	0.671002	0.722489	0.000890669
63	2.51383e-09	0.221676	-1.00578	0.00187761	0.96114	0.212142	-0.000658649
64	2.51383e-09	0.999641	0.209253	0.000737444	-0.198975	0.970614	0.00143578
65	2.51383e-09	-0.921052	0.474421	-0.000834276	-0.447575	-0.873645	-0.00190045
66	2.51383e-09	-0.794502	-0.656015	-0.00101509	0.628368	-0.757476	-0.00264995
67	2.51383e-09	0.460138	-0.926207	-0.00148975	0.878407	0.439574	2.80833e-05
68	2.51383e-09	-0.8534	0.58138	-0.00284608	-0.555555	-0.811578	-0.000346071
69	2.51383e-09	0.899523	-0.517892	-0.00122949	0.489158	0.849291	-0.000150557
70	2.51383e-09	-1.02203	-0.137758	-0.000357326	0.131086	-0.97619	0.000471947
71	2.51383e-09	-0.944464	0.435689	-0.00099272	-0.409631	-0.890374	-0.000817318
72	2.51383e-09	0.816164	-0.645448	-0.000460165	0.606569	0.769802	0.00142732
73	2.51383e-09	0.666352	-0.792208	-3.43692e-05	0.754312	0.62812	0.000707607
74	2.51383e-09	-0.467076	0.925925	0.00198895	-0.873993	-0.444273	-5.29639e-05
75	2.51383e-09	-0.989633	0.29978	-0.000658094	-0.286461	-0.941409	0.000302848
76	2.51383e-09	-0.470036	-0.928522	0.000438066	0.878109	-0.440606	0.000635079
77	2.51383e-09	1.02898	0.206934	-0.000315585	-0.191634	0.956924	0.000906692
78	2.51383e-09	0.888569	-0.537045	0.00032605	0.508562	0.841515	-0.00138007
79	2.51383e-09	0.461523	0.917128	-0.000734089	-0.882196	0.441867	-0.000612876
80	2.51383e-09	-0.980813	-0.358066	-0.000418059	0.331529	-0.919765	-0.00133563
81	2.51383e-09	0.978699	0.359352	0.00100474	-0.335904	0.920623	-0.00158277
82	2.51383e-09	-0.802701	-0.669578	-9.57058e-05	0.621642	-0.754809	-0.000516522
83	2.51383e-09	1.0092	0.267081	0.00156252	-0.252159	0.945066	0.00156552
84	2.51383e-09	0.31366	-0.993106	-0.000149258	0.934467	0.292573	0.00162874
85	2.51383e-09	0.88853	-0.553491	-0.000174615	0.517739	0.826553	-0.00201249
86	2.51383e-09	0.87145	-0.562021	0.00138975	0.53242	0.826561	0.000984386
87	2.51383e-09	0.740743	0.724639	6.53466e-05	-0.687774	0.701706	0.000784258
88	2.51383e-09	0.283863	1.00304	-0.00057227	-0.941434	0.269802	0.0010478
89	2.51383e-09	-1.03132	0.219955	0.000501927	-0.202685	-0.951646	5.13915e-05
90	2.51383e-09	1.03819	-0.103401	0.000200162	0.0984503	0.974124	0.00128747
91	2.51383e-09	-1.04312	-0.0593245	0.000861465	0.0563182	-0.975118	-7.07469e-06
92	2.51383e-09	0.639623	0.835636	0.00036306	-0.772956	0.594841	-0.0010788
93	2.51383e-09	0.607301	-0.867422	0.0021487	0.794502	0.55603	-0.000487748
94	2.51383e-09	-0.942714	0.465888	-0.00106028	-0.435279	-0.872632	-0.000302072
95	2.51383e-09	-0.12101	1.0346	0.000397023	-0.975073	-0.112395	-0.00101576
96	2.51383e-09	0.678055	-0.808879	-0.000689654	0.745358	0.624536	-0.00170368
97	2.51383e-09	0.993888	0.358241	0.00372894	-0.328757	0.912536	0.00144969
98	2.51383e-09	-1.00597	0.341949	-0.000531646	-0.309754	-0.917662	-0.00106883
99	2.51383e-09	-0.30643	1.01421	0.000647569	-0.929793	-0.280484	-0.000247424
100	2.51383e-09	-0.866473	0.599827	0.000406012	-0.556697	-0.798622	-0.000256525
101	2.51383e-09	0.152118	-1.0241	-7.97827e-05	0.971587	0.148144	-0.000941224
102	2.51383e-09	-0.964454	0.384579	0.000582209	-0.361196	-0.914235	-0.00121371
103	2.51383e-09	0.916878	0.523768	-7.83061e-05	-0.482016	0.844007	-0.00013209
104	2.51383e-09	-0.520713	-0.922776	-1.52863e-05	0.843562	-0.478424	-0.000566751
105	2.51383e-09	1.05222	0.0534395	-7.18684e-05	-0.0437942	0.971171	-0.000260297
106	2.51383e-09	0.613571	0.854697	-0.00256033	-0.793061	0.567779	2.32029e-06
107	2.51383e-09	-0.660028	0.808142	0.000848252	-0.758269	-0.62321	0.000458543
108	2.51383e-09	-0.302896	1.01759	3.1656e-05	-0.931424	-0.276365	0.00094529
109	2.51383e-09	1.00293	0.328555	0.000253605	-0.302461	0.926561	-0.000461662
110	2.51383e-09	-0.629999	-0.846742	0.00258645	0.781674	-0.579931	0.000848419
111	2.51383e-09	0.543956	-0.921399	-0.000394288	0.829376	0.495776	-0.000722295
112	2.51383e-09	-0.564179	0.892061	0.000795478	-0.822794	-0.519547	5.01791e-05
113	2.51383e-09	1.04329	-0.151571	-0.000727242	0.136944	0.96451	0.000725333
114	2.51383e-09	0.665025	0.823041	-0.00195407	-0.758678	0.608444	0.000677224
115	2.51383e-09	-1.0556	0.0552979	0.00157769	-0.0506539	-0.973174	0.00239791
116	2.51383e-09	-0.841011	-0.631865	0.000267728	0.587208	-0.779756	-0.00044329
117	2.51383e-09	0.792103	-0.702305	-0.00174253	0.646251	0.726089	-5.31031e-05
118	2.51383e-09	-0.877309	0.609719	-6.72154e-05	-0.551011	-0.796233	-0.00190634
119	2.51383e-09	-0.706458	-0.785758	-0.000879237	0.723354	-0.650786	0.000220714
120	2.51383e-09	-0.853534	-0.63912	0.00078466	0.581202	-0.772498	-0.000187561
121	2.51383e-09	0.544388	-0.925196	0.00172247	0.830069	0.487387	-0.000339112
122	2.51383e-09	0.0779219	-1.05254	-0.000221044	0.971555	0.0755886	-5.80459e-05
123	2.51383e-09	-0.0205637	-1.04757	0.00034161	0.978644	-0.0196575	-0.000122196
124	2.51383e-09	0.642143	-0.859044	-0.00184708	0.769951	0.579994	0.000683405
125	2.51383e-09	0.223889	1.0386	0.00156421	-0.948222	0.201783	0.00110304
126	2.51383e-09	-0.63094	0.855405	-1.17563e-05	-0.780873	-0.57516	-0.00171978
127	2.51383e-09	0.656137	-0.827355	0.00142944	0.762601	0.605747	-0.000281377
128	2.51383e-09	1.01481	0.332221	-0.000643814	-0.298457	0.919468	-0.000756119
129	2.51383e-09	0.782553	0.733156	-0.000212452	-0.658699	0.704849	0.000845458
130	2.51383e-09	0.258664	1.0209	0.00117298	-0.944237	0.239599	0.000740079
131	2.51383e-09	-1.06864	-0.129041	-0.000223754	0.111643	-0.956866	0.000158658
132	2.51383e-09	-1.07216	-0.100016	0.00131104	0.0916533	-0.958224	1.0644e-05
133	2.51383e-09	0.132483	1.05285	-0.00340307	-0.963877	0.122432	-0.000515083
134	2.51383e-09	-0.767194	0.735286	0.00287455	-0.671415	-0.700315	-0.000474388
135	2.51383e-09	0.384374	0.994612	0.00154858	-0.903865	0.347439	-0.000729046
136	2.51383e-09	1.04303	0.263523	-0.00208364	-0.238707	0.933319	0.00202547
137	2.51383e-09	-1.04668	0.199927	-0.00149274	-0.180231	-0.952368	-0.000565358
138	2.51383e-09	0.970249	0.456065	-0.00154971	-0.408588	0.875858	0.00181065
139	2.51383e-09	-0.702859	0.808497	-0.000709192	-0.727716	-0.632128	-0.000265013
140	2.51383e-09	0.538648	0.934715	-0.00131947	-0.83452	0.478676	0.000919975
141	2.51383e-09	0.354891	-1.00069	0.00206536	0.914346	0.327621	-0.00081544
142	2.51383e-09	0.246858	1.04292	0.00127758	-0.940856	0.222191	-0.000106283
143	2.51383e-09	-0.78321	0.727731	-0.000903082	-0.657059	-0.708783	0.00175375
144	2.51383e-09	-0.378408	1.01019	0.000195894	-0.902271	-0.336436	7.54748e-05
145	2.51383e-09	-0.459416	0.973014	0.000212666	-0.871499	-0.413048	-0.00101728
146	2.51383e-09	1.07958	0.106082	-0.000904068	-0.094976	0.95609	-0.000475099
147	2.51383e-09	-0.936299	-0.53564	-0.000248426	0.473336	-0.838544	0.00118913
148	2.51383e-09	0.864581	-0.639122	0.00184763	0.571313	0.778284	-0.000371818
149	2.51383e-09	1.07991	-0.0492085	0.000623388	0.0454182	0.956894	-0.000692628
150	2.51383e-09	-0.723777	0.790501	0.00146648	-0.713226	-0.651663	0.00128045
151	2.51383e-09	-0.295295	1.04296	-0.000845116	-0.92187	-0.26329	-0.000892308
152	2.51383e-09	-0.171414	-1.05852	0.0036637	0.953243	-0.15561	-0.000480611
153	2.51383e-09	-0.021978	-1.07935	0.000265541	0.962559	-0.0167455	0.000469398
154	2.51383e-09	-1.07178	0.2164	0.000890156	-0.189792	-0.936179	-6.77827e-05
155	2.51383e-09	0.559452	0.915433	0.00289747	-0.826059	0.503145	-0.000154276
156	2.51383e-09	0.630889	0.872899	0.00153422	-0.783471	0.56457	-0.000538628
157	2.51383e-09	-0.0684762	-1.07789	0.000151652	0.960561	-0.0615742	0.00063496
158	2.51383e-09	-0.568113	-0.91585	0.00110895	0.81847	-0.50762	9.61707e-05
159	2.51383e-09	-0.656563	-0.855565	0.00143711	0.763409	-0.585999	-0.0016933
160	2.51383e-09	-0.0794864	-1.07418	-0.000648531	0.963313	-0.0707182	-0.00100387
161	2.51383e-09	0.295011	-1.05132	-0.00160068	0.921864	0.256646	-0.00117979
162	2.51383e-09	-0.850654	-0.675282	-0.0012016	0.594061	-0.751744	-0.00034385
163	2.51383e-09	-1.02265	0.336023	-0.00222166	-0.301611	-0.915687	-0.000847834
164	2.51383e-09	-0.510375	-0.942243	-0.000779311	0.849452	-0.459552	-0.000821392
165	2.51383e-09	0.788384	-0.746909	2.93267e-05	0.658356	0.698037	-0.00221762
166	2.51383e-09	-0.443811	-0.992822	0.000419033	0.875763	-0.389534	-0.000450576
167	2.51383e-09	-0.345	-1.02393	-0.000377835	0.914101	-0.306908	0.00263473
168	2.51383e-09	-0.335441	1.01981	0.000859788	-0.916697	-0.306149	0.00148083
169	2.51383e-09	0.576249	0.91905	0.000268531	-0.811299	0.512133	-0.000738583
170	2.51383e-09	-0.904639	-0.612052	0.00155604	0.539897	-0.791012	0.00268594
171	2.51383e-09	0.793119	-0.749239	0.00148868	0.658446	0.693448	0.0028973
172	2.51383e-09	-0.801441	0.756531	-0.000219009	-0.652811	-0.692642	0.00136004
173	2.51383e-09	1.02355	-0.409112	0.00019336	0.352195	0.884638	0.00118126
174	2.51383e-09	-1.10358	0.0251272	0.00131933	-0.0246361	-0.949646	-0.00130715
175	2.51383e-09	1.08656	-0.109119	-0.000794777	0.0977575	0.953117	0.000326281
176	2.51383e-09	-0.835269	-0.66698	-0.000464561	0.602255	-0.757072	0.000782643
177	2.51383e-09	0.131615	-1.08794	0.000647233	0.948369	0.114888	-0.000170422
178	2.51383e-09	1.08834	-0.114973	-0.000495085	0.0992277	0.950462	0.00109949
179	2.51383e-09	-0.647314	-0.876213	-0.0015393	0.77032	-0.569815	-0.000590995
180	2.51383e-09	-1.08646	0.0340577	0.00210765	-0.0295786	-0.958088	-0.00116249
181	2.51383e-09	0.0673479	-1.08529	-6.05651e-05	0.958111	0.0576009	0.000654036
182	2.51383e-09	-1.07048	0.164812	0.00032243	-0.149842	-0.949778	0.00211846
183	2.51383e-09	1.02686	-0.407722	0.00208524	0.35229	0.884386	-6.9451e-05
184	2.51383e-09	0.748559	0.808691	0.000532371	-0.697346	0.647283	0.000356744
185	2.51383e-09	0.254948	-1.06511	-0.000523258	0.929087	0.220747	6.70021e-05
186	2.51383e-09	0.924919	-0.571848	-0.00100889	0.509017	0.812663	-0.000139169
187	2.51383e-09	-1.08288	-0.129711	-0.000400807	0.115089	-0.950052	0.000745171
188	2.51383e-09	-0.799877	0.742605	-0.001062	-0.651205	-0.703123	-1.56844e-05
189	2.51383e-09	1.08333	0.15615	0.00244755	-0.140295	0.944393	4.31874e-05
190	2.51383e-09	-1.09537	-0.0998664	-0.00117079	0.0851107	-0.949575	-0.000393729
191	2.51383e-09	0.933973	0.577975	0.00195474	-0.504018	0.809696	-0.000591889
192	2.51383e-09	-0.714147	-0.843448	-0.000407299	0.723065	-0.616059	0.000443669
193	2.51383e-09	0.0798308	1.09646	-0.000892692	-0.952312	0.0691558	-0.000218816
194	2.51383e-09	-0.21509	1.08457	0.00150048	-0.932992	-0.185469	0.000741595
195	2.51383e-09	-0.273592	-1.06132	-0.00335535	0.924552	-0.23441	-0.000907502
196	2.51383e-09	0.0507073	-1.09641	0.000645666	0.953233	0.0475106	-0.00108231
197	2.51383e-09	-0.73027	0.809369	0.00119083	-0.708747	-0.644572	0.000192255
198	2.51383e-09	1.06213	0.313601	-0.000828213	-0.269251	0.914167	0.00115741
199	2.51383e-09	-0.12384	1.08988	-1.38296e-05	-0.949341	-0.109978	-4.54027e-05
200	2.51383e-09	1.0787	-0.270237	0.000413929	0.231564	0.919221	0.00227453
201	2.51383e-09	-0.457016	1.01585	0.000566893	-0.860276	-0.389224	-0.000344417
202	2.51383e-09	-0.414505	1.01999	0.000356126	-0.884815	-0.357681	0.000284838
203	2.51383e-09	1.08593	0.0870282	0.000914972	-0.0749928	0.956144	-0.00138294
204	2.51383e-09	-0.850582	-0.70625	0.00192039	0.607999	-0.729665	-0.000799313
205	2.51383e-09	-0.404744	1.03438	-0.000419064	-0.882837	-0.346109	-0.000920123
206	2.51383e-09	-1.08065	0.200801	0.00277946	-0.172659	-0.938597	0.00146767
207	2.51383e-09	0.71551	0.844684	-0.000322298	-0.72573	0.611521	-0.00130672
208	2.51383e-09	1.08864	-0.251257	0.000751438	0.209252	0.921383	0.000368139
209	2.51383e-09	-0.77078	0.770561	0.000961077	-0.678506	-0.678871	0.00111152
210	2.51383e-09	0.777634	0.787189	-0.000653429	-0.676214	0.668916	-0.000126286
211	2.51383e-09	1.09882	-0.163795	-0.00107691	0.13812	0.936768	-0.000377225
212	2.51383e-09	1.10397	0.169319	-0.00127327	-0.139567	0.935563	-0.000410639
213	2.51383e-09	-0.965011	-0.522077	-0.000111894	0.452264	-0.840944	-0.00072553
214	2.51383e-09	0.169053	-1.08698	-0.0011296	0.943605	0.146316	-0.00103272
215	2.51383e-09	0.900406	-0.655127	-0.0021642	0.557133	0.767077	-0.00182933
216	2.51383e-09	0.573553	-0.946341	-0.000835163	0.813353	0.490455	9.84278e-05
217	2.51383e-09	0.68887	0.868468	-0.000192839	-0.743781	0.594307	-0.000558303
218	2.51383e-09	0.298981	-1.05913	-0.000720981	0.917253	0.260415	0.000446475
219	2.51383e-09	1.08941	-0.252007	0.00153549	0.214405	0.922439	0.000278516
220	2.51383e-09	0.451391	-1.01869	0.00140763	0.867444	0.379044	0.000612155
221	2.51383e-09	0.646207	0.902246	-0.000789407	-0.773624	0.553092	-0.000633471
222	2.51383e-09	-0.738552	-0.83742	-0.00204768	0.71109	-0.626776	0.000788066
223	2.51383e-09	0.382332	1.04586	0.000387704	-0.89067	0.327051	-0.000757783
224	2.51383e-09	-0.128644	-1.10407	-2.76604e-05	0.942366	-0.111448	0.00100925
225	2.51383e-09	1.11128	-0.00259533	0.00122741	0.00475828	0.948197	0.000930664
226	2.51383e-09	0.318254	1.07833	0.0014491	-0.905013	0.266459	-0.000139348
227	2.51383e-09	-0.549855	0.965891	-0.000994844	-0.825716	-0.467157	-0.000704871
228	2.51383e-09	-0.797283	-0.782063	-0.00110809	0.662532	-0.675222	-0.00023513
229	2.51383e-09	0.336623	1.08492	0.00135813	-0.895713	0.275688	0.0010746
230	2.51383e-09	-0.578641	0.970129	-0.00013751	-0.806557	-0.483447	-0.00128208
231	2.51383e-09	-0.512247	1.01514	-0.00262558	-0.837231	-0.42036	0.000269997
232	2.51383e-09	-0.671174	0.881748	0.000252334	-0.753906	-0.57813	0.00222426
233	2.51383e-09	-0.0874544	1.11092	0.000362678	-0.945445	-0.0775984	0.00122166
234	2.51383e-09	0.939659	-0.593887	-0.000937701	0.505864	0.801796	-0.00168653
235	2.51383e-09	0.568812	-0.968836	0.000570595	0.814282	0.477122	-0.00210183
236	2.51383e-09	-0.0212321	1.12622	-0.00221031	-0.94229	-0.0203579	0.000360541
237	2.51383e-09	0.826238	0.763502	-0.000132047	-0.6397	0.690568	-0.00113872
238	2.51383e-09	-0.389197	-1.048	7.67323e-05	0.888396	-0.329093	-0.00158115
239	2.51383e-09	-1.07932	0.289596	0.000177389	-0.243011	-0.912811	0.00178754
240	2.51383e-09	-1.09486	-0.306051	-0.000387724	0.252466	-0.901251	0.00197248
241	2.51383e-09	-1.07063	-0.354558	0.000865326	0.294731	-0.892124	-0.00146616
242	2.51383e-09	0.239617	-1.11424	-0.00263718	0.916555	0.19577	-0.00105596
243	2.51383e-09	0.507448	-1.00978	0.000468846	0.839551	0.420729	-0.000516984
244	2.51383e-09	-0.661426	-0.912384	-0.00015265	0.760817	-0.553333	0.000315771
245	2.51383e-09	-1.03076	-0.459873	0.000296558	0.386404	-0.857852	0.00115594
246	2.51383e-09	1.09621	0.252422	0.00186135	-0.207011	0.91955	0.000282729
247	2.51383e-09	0.457945	1.01723	0.00202337	-0.862487	0.387786	0.000677303
248	2.51383e-09	0.944388	-0.581553	-0.000517269	0.493816	0.813537	-0.00106399
249	2.51383e-09	1.00848	0.477789	0.000817318	-0.405186	0.856835	0.00101433
250	2.51383e-09	-0.114278	-1.11633	-0.000847508	0.939436	-0.0957101	0.000187311
251	2.51383e-09	-0.377428	-1.06955	0.0014117	0.886903	-0.309845	0.00235973
252	2.51383e-09	-0.152536	1.11632	-0.00141185	-0.933823	-0.131979	0.000106551
253	2.51383e-09	0.641808	0.921359	-0.0016375	-0.7744	0.541359	-0.00122967
254	2.51383e-09	0.6473	-0.91487	-0.00118255	0.77133	0.542652	-2.44836e-05
255	2.51383e-09	-0.260254	1.10111	-0.00190249	-0.914024	-0.219841	0.00133044
256	2.51383e-09	-1.10452	-0.231484	0.00134591	0.19206	-0.922637	-0.00137318
257	2.51383e-09	1.10022	-0.253168	0.000799489	0.210017	0.917911	0.000551493
258	2.51383e-09	-0.261401	-1.0975	-0.000818393	0.916065	-0.220589	0.000591584
259	2.51383e-09	-0.474775	-1.01746	-0.000207566	0.856137	-0.39747	0.000924629
260	2.51383e-09	-0.654284	-0.919946	0.00173861	0.764805	-0.550594	-0.00139252
261	2.51383e-09	-0.417519	1.06723	9.57562e-05	-0.868483	-0.339476	0.000465869
262	2.51383e-09	-0.974664	-0.571756	-0.000196373	0.474092	-0.811747	-0.000199127
263	2.51383e-09	1.13391	-0.0682561	0.000699444	0.0560848	0.9374	0.000727461
264	2.51383e-09	-0.888246	-0.69113	-0.000794484	0.581841	-0.742211	-0.000154102
265	2.51383e-09	-1.13475	-0.135316	-0.0013181	0.114329	-0.928979	0.00078108
266	2.51383e-09	1.10126	-0.302312	-0.00183006	0.245701	0.901633	-0.000855248
267	2.51383e-09	1.0036	-0.52171	0.000949888	0.435603	0.832066	0.00186193
268	2.51383e-09	-1.06924	0.37636	-0.000146325	-0.315453	-0.883297	0.000564296
269	2.51383e-09	-0.39222	-1.06746	0.00101563	0.880315	-0.322637	4.92547e-05
270	2.51383e-09	1.1321	0.0976826	0.000823433	-0.0794593	0.933944	-0.000178106
271	2.51383e-09	0.0776413	-1.14393	0.000645664	0.930481	0.0624491	-0.00102657
272	2.51383e-09	-0.659671	0.929814	-0.000936922	-0.767501	-0.538031	-0.000584097
273	2.51383e-09	0.837512	0.77885	-0.000135295	-0.636702	0.682925	-0.00011823
274	2.51383e-09	-1.02059	0.500178	0.00108042	-0.415852	-0.840239	-0.000845081
275	2.51383e-09	-1.12972	0.17404	0.000945136	-0.140326	-0.922962	0.00246104
276	2.51383e-09	0.590013	-0.974835	-0.000259055	0.800187	0.485784	-0.000350154
277	2.51383e-09	1.13661	0.119528	0.00047694	-0.0974491	0.928229	0.000411659
278	2.51383e-09	-0.126146	1.13852	-0.00112435	-0.92745	-0.106676	-0.00145829
279	2.51383e-09	-0.927754	-0.669341	0.000512476	0.54929	-0.756	-8.56626e-05
280	2.51383e-09	0.950661	-0.650492	0.00147534	0.52455	0.768484	0.000550888
281	2.51383e-09	0.0945447	-1.1416	9.78076e-05	0.930569	0.0774115	-0.000666081
282	2.51383e-09	0.306902	-1.10059	-0.000429934	0.900439	0.255315	-0.00047142
283	2.51383e-09	-1.13271	-0.153748	0.000755946	0.127391	-0.927774	0.00051832
284	2.51383e-09	0.395412	1.07212	0.00182845	-0.878801	0.324255	-0.000351988
285	2.51383e-09	-1.11406	0.282252	-0.000754718	-0.231699	-0.904711	0.00126283
286	2.51383e-09	0.122531	1.13269	-0.000454875	-0.932587	0.0997154	-0.00199277
287	2.51383e-09	0.148366	-1.13654	-0.000322098	0.926019	0.122032	0.000983528
288	2.51383e-09	1.09203	-0.343159	-0.000619162	0.277414	0.894867	0.000964134
289	2.51383e-09	-0.213039	-1.13735	0.00111227	0.913075	-0.171024	0.00270339
290	2.51383e-09	0.701267	-0.899892	-0.000675029	0.740865	0.574641	-0.000274227
291	2.51383e-09	1.12502	0.246068	-0.00248225	-0.203114	0.909836	-0.000866679
292	2.51383e-09	1.14716	0.00312011	-0.000984191	-0.00130189	0.935811	4.0701e-05
293	2.51383e-09	1.14011	0.0539091	-0.000379302	-0.0438705	0.936203	0.0003297
294	2.51383e-09	-0.875044	0.748288	-0.00218229	-0.605204	-0.708765	0.0014057
295	2.51383e-09	1.10952	0.285695	0.000475599	-0.234412	0.904638	0.000215613
296	2.51383e-09	-1.15195	-0.0335763	-0.000321772	0.0255738	-0.930998	-0.000178315
297	2.51383e-09	-0.854419	-0.765989	-0.00238674	0.622702	-0.695325	0.0025043
298	2.51383e-09	0.281314	-1.12156	-0.000476282	0.901487	0.228202	-0.000633427
299	2.51383e-09	-1.14609	-0.0765906	-0.00170979	0.0593036	-0.932113	0.000285215
300	2.51383e-09	-0.196946	1.14841	-0.000347696	-0.912098	-0.157522	0.000113666
301	2.51383e-09	1.16143	-0.0249559	-0.000870202	0.0255558	0.926828	0.000458406
302	2.51383e-09	-0.566162	1.01791	0.00128511	-0.808258	-0.449739	0.000645908
303	2.51383e-09	0.106184	1.15335	-0.0011854	-0.924822	0.0824895	-0.000457267
304	2.51383e-09	0.54974	-1.01892	0.00206905	0.817779	0.443366	0.00124233
305	2.51383e-09	-0.653037	0.949214	0.00217622	-0.766583	-0.530824	0.000253826
306	2.51383e-09	0.978587	0.607849	-0.000726635	-0.492623	0.790561	0.000206596
307	2.51383e-09	1.12494	0.297142	0.00109445	-0.23178	0.895145	0.000559941
308	2.51383e-09	-1.04879	-0.495421	0.000704201	0.397778	-0.839211	-0.00200992
309	2.51383e-09	-1.1136	-0.266371	0.000774273	0.217728	-0.909765	0.000608295
310	2.51383e-09	-0.342211	1.10036	0.00153125	-0.888873	-0.277665	-0.000921379
311	2.51383e-09	0.586541	-0.996802	-0.000110806	0.799022	0.474441	0.00171247
312	2.51383e-09	0.761716	-0.881055	0.000403215	0.703278	0.604839	0.00020562
313	2.51383e-09	0.217484	-1.1332	-0.0024642	0.915084	0.174154	-0.00172876
314	2.51383e-09	-0.981894	0.616618	0.00085248	-0.49301	-0.786122	0.00110707
315	2.51383e-09	-0.724908	-0.913118	0.000993134	0.72426	-0.574598	0.00054966
316	2.51383e-09	0.848936	-0.786476	-0.000156786	0.63218	0.683973	0.00147303
317	2.51383e-09	-0.567427	1.01625	-0.00205479	-0.811176	-0.449533	0.000124702
318	2.51383e-09	0.155883	1.15827	0.00031395	-0.915546	0.122551	0.00103456
319	2.51383e-09	-0.231228	-1.14063	0.000825412	0.907599	-0.188256	0.000632545
320	2.51383e-09	-0.0501036	1.16172	0.000836115	-0.928458	-0.0393625	-0.000311719
321	2.51383e-09	0.257739	-1.13212	-0.000236419	0.90532	0.206092	-0.000957813
322	2.51383e-09	-0.570333	-1.02064	0.00184593	0.806342	-0.450748	-0.000846324
323	2.51383e-09	-0.95877	0.670337	0.00151278	-0.531813	-0.757261	0.00048915
324	2.51383e-09	-0.655082	-0.985624	-0.000965468	0.761907	-0.509163	-0.000493053
325	2.51383e-09	1.00109	0.588307	-0.00199753	-0.470983	0.800581	9.04229e-05
326	2.51383e-09	0.642361	0.97262	-0.00175942	-0.774043	0.508643	-0.000943348
327	2.51383e-09	0.783059	-0.870152	0.000531141	0.685199	0.619672	0.00184149
328	2.51383e-09	-0.786083	0.857912	-0.000203593	-0.68637	-0.622339	0.000804212
329	2.51383e-09	0.445602	1.10126	-0.000195598	-0.849673	0.346823	-0.000398927
330	2.51383e-09	1.10813	-0.366148	0.0010063	0.291425	0.878463	-0.000735643
331	2.51383e-09	1.08879	0.450298	0.000249563	-0.34932	0.849031	1.85609e-06
332	2.51383e-09	0.434598	1.08137	-0.00221005	-0.860768	0.34344	0.00131278
333	2.51383e-09	0.234689	-1.15373	-0.000993292	0.903619	0.180778	-0.000309481
334	2.51383e-09	0.196352	1.15405	0.000753592	-0.911276	0.153677	-0.000976092
335	2.51383e-09	-0.251438	1.15434	0.000927533	-0.898327	-0.192428	-0.00170947
336	2.51383e-09	-1.08172	0.443691	0.000421003	-0.352376	-0.857535	0.000993356
337	2.51383e-09	1.09837	-0.418434	0.000962135	0.328767	0.861509	0.0002744
338	2.51383e-09	0.91787	-0.716688	0.00090383	0.571123	0.728585	0.000698915
339	2.51383e-09	-1.14152	-0.322283	0.000198779	0.248655	-0.884669	0.000525834
340	2.51383e-09	0.82058	0.8578	-0.000390596	-0.662656	0.634293	0.000124711
341	2.51383e-09	-1.16	0.186899	-0.000304742	-0.144365	-0.913321	-0.000272092
342	2.51383e-09	0.910122	-0.736867	0.00183651	0.581576	0.717767	0.000304857
343	2.51383e-09	0.818942	-0.84021	-0.00186314	0.65946	0.644619	-0.000134071
344	2.51383e-09	-0.57575	1.02549	0.000118721	-0.805512	-0.448893	-0.00115862
345	2.51383e-09	1.17668	-0.010033	-0.00165618	0.00790923	0.921645	0.000185905
346	2.51383e-09	0.125572	1.15349	0.000810306	-0.922767	0.100291	0.000724269
347	2.51383e-09	-0.988679	0.625351	0.000480006	-0.494004	-0.781917	0.00182436
348	2.51383e-09	-1.02813	0.576483	0.000600347	-0.448572	-0.804324	-0.000651936
349	2.51383e-09	-1.07703	0.497724	-0.000882127	-0.385429	-0.82983	0.000612392
350	2.51383e-09	0.328045	-1.12092	-0.00155332	0.890374	0.26167	-0.000802849
351	2.51383e-09	1.10152	-0.433707	0.00191586	0.332143	0.856542	-0.000959069
352	2.51383e-09	0.538659	-1.05414	0.00176982	0.818469	0.416772	-0.0018346
353	2.51383e-09	1.02973	0.586889	0.00123006	-0.456145	0.796293	-0.000117299
354	2.51383e-09	1.15055	-0.287857	-0.00126591	0.223264	0.89194	-0.00116689
355	2.51383e-09	-0.694996	0.94068	0.000576903	-0.743439	-0.550268	-0.000669722
356	2.51383e-09	0.939428	-0.716988	-3.3847e-07	0.55804	0.732761	0.00112395
357	2.51383e-09	-0.362323	-1.12604	0.00220629	0.875283	-0.28156	-0.000418603
358	2.51383e-09	1.09762	0.470663	0.000395937	-0.36048	0.839012	-0.00124716
359	2.51383e-09	-0.910623	0.757333	-0.000143381	-0.588942	-0.706804	0.000603268
360	2.51383e-09	1.16693	0.192579	-2.33664e-05	-0.148095	0.905591	-0.000545247
361	2.51383e-09	0.853054	-0.819805	-0.00201569	0.637336	0.662857	-0.000948925
362	2.51383e-09	-0.628882	0.995891	-0.00147177	-0.780241	-0.492166	-0.000695835
363	2.51383e-09	-1.17196	-0.0804074	-0.000660007	0.0660164	-0.920324	-0.00100214
364	2.51383e-09	-1.00235	0.599422	-0.000467263	-0.477993	-0.794642	-0.000894008
365	2.51383e-09	-1.01704	-0.623112	0.00063261	0.479601	-0.778644	-0.00054572
366	2.51383e-09	-0.320917	-1.14469	0.000695984	0.883224	-0.246683	0.000823527
367	2.51383e-09	0.740534	0.926183	-0.0011698	-0.716491	0.575595	-0.000937361
368	2.51383e-09	0.737185	-0.942628	-0.00226308	0.718707	0.564187	-0.000343528
369	2.51383e-09	-0.0806505	-1.195	0.00177216	0.910931	-0.0626035	-0.00115323
370	2.51383e-09	-1.05134	-0.536247	0.000298344	0.418059	-0.820736	-0.000260373
371	2.51383e-09	1.10079	-0.462967	0.00294645	0.354496	0.843847	9.39651e-05
372	2.51383e-09	-0.874806	-0.811363	-5.21031e-05	0.624522	-0.669189	-0.00187752
373	2.51383e-09	1.18739	-0.0724603	0.000533892	0.0583496	0.915047	-0.000726992
374	2.51383e-09	-0.525077	1.08068	0.000306687	-0.820528	-0.396407	-0.000546171
375	2.51383e-09	0.641331	1.01229	-0.000226404	-0.769196	0.490463	4.76054e-05
376	2.51383e-09	-0.959329	-0.699382	0.000516467	0.540677	-0.742221	-0.00090048
377	2.51383e-09	1.14001	0.368845	0.00110957	-0.280551	0.86581	0.000424892
378	2.51383e-09	-1.15283	-0.321139	0.00129058	0.245948	-0.881441	0.000707829
379	2.51383e-09	-0.8315	-0.847434	-0.00113127	0.659833	-0.639155	0.00100756
380	2.51383e-09	-0.027396	-1.19467	-0.0012949	0.914954	-0.0211576	-6.34192e-05
381	2.51383e-09	0.724558	0.93892	-0.00126468	-0.726255	0.562512	-0.000346538
382	2.51383e-09	-0.445831	1.10274	-0.000411291	-0.849691	-0.342833	0.000461708
383	2.51383e-09	0.241181	1.16366	0.00208809	-0.897161	0.185989	-0.000396145
384	2.51383e-09	1.03055	0.607514	0.00133369	-0.46768	0.78794	-0.00262537
385	2.51383e-09	-0.572583	1.04993	0.00171622	-0.803919	-0.43575	5.87512e-06
386	2.51383e-09	0.0615108	1.19956	-0.000315741	-0.912021	0.0500557	0.000192085
387	2.51383e-09	-1.139	-0.371353	-0.00149662	0.282459	-0.869028	-3.56745e-05
388	2.51383e-09	-0.0679233	1.1982	0.000680956	-0.911712	-0.0521029	0.000773733
389	2.51383e-09	-0.119897	-1.18813	-0.000571363	0.910897	-0.0924039	-0.00138684
390	2.51383e-09	1.15711	-0.309566	-0.000451992	0.236254	0.881421	0.000473746
391	2.51383e-09	-1.11591	0.446737	0.00175269	-0.33825	-0.84761	0.000293157
392	2.51383e-09	-0.66252	1.00451	-0.00153367	-0.761883	-0.500655	0.000356846
393	2.51383e-09	1.01891	-0.646574	0.00147557	0.490916	0.766806	-0.00113709
394	2.51383e-09	0.851541	0.84524	-0.00143965	-0.643168	0.648031	-0.000277157
395	2.51383e-09	1.20191	-0.0149256	-7.74692e-05	0.0138691	0.911433	-0.00183438
396	2.51383e-09	1.09358	0.491231	0.000745744	-0.378822	0.830928	-0.000170155
397	2.51383e-09	0.765647	-0.933454	-0.0015406	0.706033	0.575458	0.000785356
398	2.51383e-09	-0.785559	-0.911746	0.00170067	0.69043	-0.596456	-0.00062155
399	2.51383e-09	-0.973598	-0.709126	1.72463e-05	0.535829	-0.735432	-0.0013099
400	2.51383e-09	1.07638	-0.54552	-0.00065999	0.413187	0.811294	0.00109209
