9.976000e+03
401
0	1	0.000459953	0.000285323	-4.19803e-07	2.67203e-08	4.65106e-08	-7.23204e-11
1	2.51383e-09	-0.690288	-0.733723	0.00323618	0.72753	-0.683741	0.000656282
2	2.51383e-09	0.494579	-0.869165	-0.000154649	0.873642	0.486692	-0.0016865
3	2.51383e-09	-0.742555	-0.661464	-0.00227449	0.671428	-0.744657	-0.000510659
4	2.51383e-09	0.965732	-0.271157	0.00202886	0.273209	0.961171	-0.00112182
5	2.51383e-09	-0.342217	0.938913	0.00108547	-0.937467	-0.342156	-0.00040622
6	2.51383e-09	-0.987851	-0.217895	0.000564907	0.21549	-0.970177	0.00277239
7	2.51383e-09	-0.976705	-0.186377	0.000830091	0.190777	-0.986276	0.00293859
8	2.51383e-09	-0.0226599	0.997812	0.000502862	-0.999404	-0.0213314	0.000507766
9	2.51383e-09	0.528476	0.858425	0.000388503	-0.847588	0.522222	0.00066135
10	2.51383e-09	-1.00701	0.118578	-0.000236476	-0.116786	-0.986251	0.00228243
11	2.51383e-09	0.892031	0.45394	-0.00133164	-0.451095	0.89146	0.00122217
12	2.51383e-09	-0.79677	-0.631276	-0.00124975	0.613715	-0.778052	0.00279752
13	2.51383e-09	-0.554386	-0.839106	0.000190978	0.830871	-0.548947	-0.00142065
14	2.51383e-09	0.992201	0.213045	-0.00125046	-0.209795	0.968821	-0.00326916
15	2.51383e-09	-0.943859	-0.332835	0.00150335	0.341323	-0.939963	0.00145949
16	2.51383e-09	0.154809	-0.992302	-0.00158155	0.983218	0.154236	-0.000171211
17	2.51383e-09	0.862518	-0.544601	-0.00183523	0.525873	0.834805	0.000937705
18	2.51383e-09	-0.969504	-0.283238	0.00160144	0.280606	-0.957309	-0.000757275
19	2.51383e-09	0.00940973	-1.0207	-0.00139436	0.986601	0.0169108	-0.0035284
20	2.51383e-09	-1.00767	0.222995	0.00230295	-0.213058	-0.960072	-0.0013497
21	2.51383e-09	0.998765	-0.100142	-0.000198765	0.0957963	0.993922	0.00131925
22	2.51383e-09	-0.000707587	-1.03415	0.000192944	0.981264	0.00430259	-0.00143228
23	2.51383e-09	-0.979968	0.260747	0.00155247	-0.252176	-0.959146	0.00218934
24	2.51383e-09	-0.779601	0.649815	0.00196546	-0.637306	-0.757882	-0.000357287
25	2.51383e-09	-0.884866	-0.502517	0.00157546	0.48512	-0.86365	-0.000731592
26	2.51383e-09	0.569402	-0.843507	-0.00100333	0.823675	0.553697	-3.19625e-05
27	2.51383e-09	0.999209	-0.0970676	-0.00043301	0.0991692	0.992161	-0.00300961
28	2.51383e-09	0.492178	-0.887841	-0.00373745	0.868658	0.478502	-0.00232847
29	2.51383e-09	-0.187652	0.990405	0.00104116	-0.979111	-0.187472	-0.0013659
30	2.51383e-09	0.532964	0.860467	0.00109711	-0.845609	0.525147	-0.00130325
31	2.51383e-09	-0.609534	-0.803388	-0.00177337	0.790419	-0.606104	-0.00308761
32	2.51383e-09	0.781622	0.627322	0.00380325	-0.627213	0.77973	0.0016165
33	2.51383e-09	0.149139	1.026	-0.000447219	-0.968395	0.133601	0.000476453
34	2.51383e-09	-0.811716	-0.643809	0.0021447	0.609118	-0.770787	0.00309046
35	2.51383e-09	-0.748124	-0.690199	-0.00207556	0.669469	-0.728495	-0.00211004
36	2.51383e-09	-0.937489	0.41602	-0.000429643	-0.400178	-0.896519	-0.000522774
37	2.51383e-09	0.957764	0.363168	-0.000491925	-0.348378	0.923938	0.000798629
38	2.51383e-09	0.937813	0.372515	0.00138725	-0.371711	0.921626	-0.00128329
39	2.51383e-09	-0.733441	0.689155	-0.000370774	-0.690746	-0.723503	-8.56755e-05
40	2.51383e-09	1.00523	-0.194115	0.000405646	0.18396	0.966875	-0.00123088
41	2.51383e-09	-0.913088	0.443231	0.00197148	-0.433448	-0.89303	-0.00240608
42	2.51383e-09	0.552275	0.876136	0.00220881	-0.830156	0.522111	-0.00279421
43	2.51383e-09	0.181455	0.993515	0.00177451	-0.980391	0.172932	-0.00286956
44	2.51383e-09	-0.794207	0.661653	-0.00299374	-0.627826	-0.757248	0.00119899
45	2.51383e-09	-0.142513	1.01697	-0.00157733	-0.976919	-0.137104	0.00235868
46	2.51383e-09	0.367684	-0.942707	-0.000484632	0.927558	0.363507	-0.000939598
47	2.51383e-09	-0.482549	0.895301	-0.000503772	-0.873108	-0.472519	-0.000308147
48	2.51383e-09	0.624176	-0.817239	0.00146678	0.78433	0.598458	0.000195615
49	2.51383e-09	-0.703483	0.721166	-0.00382902	-0.713453	-0.695254	-0.00148726
50	2.51383e-09	0.96757	-0.38399	-0.00194192	0.365918	0.909808	-0.000870462
51	2.51383e-09	1.00863	-0.0474327	0.00210723	0.0478075	0.995053	-0.00116677
52	2.51383e-09	-0.716299	0.742224	0.000571942	-0.704357	-0.688746	-0.000383209
53	2.51383e-09	-0.240961	-0.999523	-0.00170285	0.958106	-0.234431	-0.00066533
54	2.51383e-09	0.899888	0.515722	-0.00311758	-0.487972	0.852909	-0.00153895
55	2.51383e-09	0.706472	-0.759542	-3.53749e-05	0.718806	0.667841	0.000328108
56	2.51383e-09	-0.97637	0.302564	0.000198956	-0.296336	-0.944914	-6.52675e-05
57	2.51383e-09	-0.00312324	1.04356	-0.00169323	-0.980378	2.32811e-05	0.000624983
58	2.51383e-09	-0.900221	0.524109	0.000471628	-0.495125	-0.845226	0.000956083
59	2.51383e-09	-0.345051	0.962785	0.00371898	-0.9328	-0.334687	0.000105431
60	2.51383e-09	0.415805	-0.950667	-0.00019535	0.899161	0.387697	-0.000458961
61	2.51383e-09	-0.457324	-0.922981	0.00189115	0.886137	-0.433625	-0.001515
62	2.51383e-09	0.841757	0.60538	-0.001599	-0.573542	0.797233	8.64071e-05
63	2.51383e-09	-0.993139	0.258852	0.000690262	-0.244747	-0.955159	0.00113616
64	2.51383e-09	-0.920156	-0.448142	-0.00181909	0.433893	-0.892096	-0.000198739
65	2.51383e-09	-0.768463	0.678299	-0.000479969	-0.655853	-0.739184	0.00072865
66	2.51383e-09	0.714607	0.739255	0.00272597	-0.701423	0.694497	-0.00168375
67	2.51383e-09	0.414792	0.960205	0.00125464	-0.895473	0.391018	0.00114258
68	2.51383e-09	0.562209	-0.868569	0.0018845	0.826279	0.533287	0.00103472
69	2.51383e-09	-0.89606	-0.537319	-0.0035952	0.504463	-0.834558	0.000921984
70	2.51383e-09	-0.829812	-0.604536	0.0037483	0.579487	-0.797401	-0.000545414
71	2.51383e-09	-0.76983	0.710351	-0.00500892	-0.658263	-0.718593	-0.00206804
72	2.51383e-09	-0.576947	-0.894346	0.00130757	0.812051	-0.525811	-0.000308015
73	2.51383e-09	-0.293663	0.998484	-0.00211917	-0.94114	-0.278403	0.000621848
74	2.51383e-09	0.432565	-0.958375	-0.00107155	0.888234	0.405339	-0.0015776
75	2.51383e-09	0.00828148	-1.04318	0.000756172	0.976823	0.00944867	0.00307162
76	2.51383e-09	-0.754486	0.717528	0.00123581	-0.673416	-0.717403	0.00104732
77	2.51383e-09	0.824761	0.665802	0.00127418	-0.610854	0.754678	0.000445321
78	2.51383e-09	-0.908657	0.529355	0.000315871	-0.490234	-0.83815	-0.00355948
79	2.51383e-09	-0.79686	0.664971	-0.00468844	-0.630968	-0.748845	-0.00205133
80	2.51383e-09	-0.55932	-0.886805	-0.000211968	0.82688	-0.516249	0.000734409
81	2.51383e-09	0.8224	-0.593139	-0.00156384	0.583256	0.806909	0.000133983
82	2.51383e-09	0.879177	0.585866	-0.00112582	-0.541567	0.807079	0.00306205
83	2.51383e-09	-0.553615	-0.861278	0.000132228	0.832615	-0.536348	0.000234119
84	2.51383e-09	0.904761	0.5305	-0.000474376	-0.495601	0.842081	-0.000528002
85	2.51383e-09	-1.02274	-0.0699899	-0.00163295	0.0678443	-0.984829	-0.000603007
86	2.51383e-09	0.167154	1.04974	-0.000203835	-0.95401	0.150156	0.000859416
87	2.51383e-09	1.02141	0.208672	0.00230012	-0.197072	0.960642	-0.0017739
88	2.51383e-09	-1.02747	0.0912003	0.00110118	-0.0852543	-0.979886	0.000302511
89	2.51383e-09	-0.263066	1.02395	0.0017506	-0.940648	-0.239255	-0.000252155
90	2.51383e-09	0.245603	1.02207	-0.000779173	-0.946637	0.230254	0.00319995
91	2.51383e-09	0.433041	-0.934077	-0.00161257	0.895502	0.407093	0.00381166
92	2.51383e-09	0.633002	0.844057	0.00040562	-0.778747	0.582074	0.000388402
93	2.51383e-09	0.26074	1.03377	-0.00172044	-0.94221	0.236293	0.000677675
94	2.51383e-09	0.577492	0.858961	0.000899764	-0.814025	0.550678	0.00167758
95	2.51383e-09	0.506082	-0.891931	0.000450914	0.857676	0.488419	-0.00222148
96	2.51383e-09	0.966852	-0.412588	-0.000248458	0.381188	0.902414	-0.000917629
97	2.51383e-09	1.00832	0.302851	0.000915071	-0.277064	0.933012	-0.000653653
98	2.51383e-09	0.220132	-1.03514	0.000679114	0.949883	0.201609	-0.00134788
99	2.51383e-09	0.147648	-1.04908	0.000543607	0.964641	0.130183	0.000364047
100	2.51383e-09	-0.954811	0.43494	0.000736026	-0.410691	-0.89026	-0.000196431
101	2.51383e-09	0.904403	-0.511125	-0.00289842	0.48218	0.852347	0.000504875
102	2.51383e-09	0.983084	-0.313139	0.000605397	0.302846	0.936301	0.00151345
103	2.51383e-09	0.319293	-0.997786	-4.71539e-05	0.931216	0.295927	0.00239461
104	2.51383e-09	0.863295	-0.593076	-0.000171194	0.545822	0.808291	0.000690492
105	2.51383e-09	1.02665	-0.163028	0.00106936	0.15653	0.968013	-0.00183765
106	2.51383e-09	-0.503836	0.911907	-0.000178799	-0.859543	-0.472512	0.00190877
107	2.51383e-09	-0.846673	-0.632747	0.00185596	0.584958	-0.779079	0.000545587
108	2.51383e-09	0.991947	0.370151	-0.00060496	-0.341242	0.914259	0.000673846
109	2.51383e-09	0.781986	-0.722741	0.000390867	0.651719	0.713115	0.00160228
110	2.51383e-09	0.945369	-0.474706	0.00132186	0.430929	0.870354	0.000642006
111	2.51383e-09	-0.912785	-0.541973	-0.00527025	0.494899	-0.838144	-0.00168034
112	2.51383e-09	-0.982054	0.423276	-0.000801334	-0.376188	-0.891442	-0.00137195
113	2.51383e-09	-0.434742	0.964526	0.000211807	-0.885587	-0.397792	-0.00303388
114	2.51383e-09	1.03349	0.202687	0.00150483	-0.191551	0.954449	0.00116992
115	2.51383e-09	-0.958372	0.479773	-0.00148422	-0.437397	-0.862411	0.00252914
116	2.51383e-09	0.146704	1.03762	0.00424554	-0.969443	0.139094	0.000489712
117	2.51383e-09	0.0714364	-1.04294	0.00126213	0.977104	0.0650973	-0.000103352
118	2.51383e-09	-0.278325	-1.02712	-0.00127241	0.93376	-0.252744	0.00087053
119	2.51383e-09	0.605944	-0.860223	0.00436314	0.795877	0.560572	0.000873646
120	2.51383e-09	-0.675113	-0.812446	-0.000378835	0.744672	-0.623679	-0.00207345
121	2.51383e-09	-1.05284	0.179115	0.0009538	-0.154763	-0.954748	-0.00241087
122	2.51383e-09	0.899024	-0.587661	-0.0037298	0.523524	0.811743	-0.000330186
123	2.51383e-09	0.583318	-0.863284	0.00173006	0.813313	0.547015	-0.00354804
124	2.51383e-09	-0.856686	0.654388	0.00201141	-0.584105	-0.765646	-0.00246806
125	2.51383e-09	-0.95879	0.41655	-0.000761752	-0.394363	-0.8969	0.000515405
126	2.51383e-09	0.789237	-0.696122	-0.00265727	0.643035	0.735084	0.000703933
127	2.51383e-09	-1.0522	0.119904	0.000768318	-0.110483	-0.96401	6.31254e-05
128	2.51383e-09	0.298878	1.03042	-0.0011692	-0.925364	0.267995	0.00409269
129	2.51383e-09	-0.364787	-0.990408	0.00207233	0.912518	-0.336695	-0.00335893
130	2.51383e-09	-0.845515	0.655089	-0.00267361	-0.591871	-0.761603	0.00339745
131	2.51383e-09	-1.08565	0.092579	-0.0004704	-0.084058	-0.9544	0.000358849
132	2.51383e-09	-1.02953	-0.300469	0.000116519	0.27342	-0.922463	0.00171438
133	2.51383e-09	0.411883	-0.991077	-0.00140178	0.889473	0.368562	0.00043372
134	2.51383e-09	1.04883	0.150464	-0.000646764	-0.132698	0.961637	-0.000427101
135	2.51383e-09	-0.873034	-0.602474	0.0027002	0.548843	-0.798801	-0.00210623
136	2.51383e-09	0.782187	-0.759176	0.00108364	0.668756	0.686809	0.00142168
137	2.51383e-09	0.041809	-1.05477	2.30619e-05	0.974403	0.0405321	0.00176651
138	2.51383e-09	-0.646252	0.835449	-0.00160789	-0.771172	-0.597721	0.00306172
139	2.51383e-09	0.976315	-0.416467	0.00315639	0.380928	0.892895	0.00171889
140	2.51383e-09	-0.868077	-0.664184	-0.00142832	0.577191	-0.759706	5.77427e-06
141	2.51383e-09	-0.312813	1.02463	-0.00068566	-0.924505	-0.279074	0.000867034
142	2.51383e-09	-0.986244	-0.428337	0.00153709	0.393858	-0.879482	0.00188026
143	2.51383e-09	-0.57189	-0.902611	-0.00183856	0.821249	-0.514004	-0.00168518
144	2.51383e-09	1.01866	0.356326	0.000835541	-0.316734	0.910834	-0.00183751
145	2.51383e-09	0.754766	-0.737848	-0.000100114	0.678212	0.697017	-7.37958e-05
146	2.51383e-09	-0.817628	-0.747419	-0.00175532	0.638198	-0.698677	0.00301202
147	2.51383e-09	-0.13166	1.07332	0.000983647	-0.955629	-0.115832	0.00250027
148	2.51383e-09	-0.7957	-0.74003	-0.00240952	0.653711	-0.700748	-0.000944553
149	2.51383e-09	1.02232	0.309783	-0.00228866	-0.275772	0.922503	0.000774209
150	2.51383e-09	-1.00962	-0.329551	-5.42031e-05	0.304419	-0.927113	-0.00168852
151	2.51383e-09	-0.552939	-0.923241	0.00165109	0.829562	-0.494567	0.00184147
152	2.51383e-09	-0.125079	1.07858	-0.000143971	-0.948059	-0.118986	-0.000275224
153	2.51383e-09	-0.93289	-0.550895	-0.00149888	0.484959	-0.830057	0.00256765
154	2.51383e-09	0.79359	-0.768121	0.00088896	0.659711	0.6855	0.00314611
155	2.51383e-09	1.054	-0.269704	0.00210514	0.235973	0.927495	-0.000800686
156	2.51383e-09	-0.787902	0.777393	-0.00217371	-0.66213	-0.676119	-0.00139985
157	2.51383e-09	-0.13604	1.06108	5.98223e-05	-0.956231	-0.126003	-0.000522743
158	2.51383e-09	0.695212	0.849527	-0.00140956	-0.735335	0.605968	0.00343027
159	2.51383e-09	-0.941192	-0.504373	0.00128853	0.456758	-0.85455	0.000449125
160	2.51383e-09	-0.950564	0.499477	-0.000245875	-0.44714	-0.856957	0.00239266
161	2.51383e-09	-1.07637	-0.130135	0.00216116	0.114866	-0.952939	-0.00152146
162	2.51383e-09	0.893785	0.618882	0.00013468	-0.548942	0.785196	-0.00147989
163	2.51383e-09	0.838246	0.680727	0.00126211	-0.61246	0.743795	0.000157824
164	2.51383e-09	-0.926704	0.549126	0.00371693	-0.491292	-0.826871	-0.000702166
165	2.51383e-09	1.09773	-0.0346241	0.0021742	0.0306035	0.954979	-0.00068771
166	2.51383e-09	-1.06674	0.125381	-0.00227037	-0.114575	-0.958851	-0.000458341
167	2.51383e-09	0.57067	-0.907796	-0.00131474	0.819769	0.508011	0.00124447
168	2.51383e-09	1.07956	-0.199996	-0.00103276	0.175926	0.934912	0.00079267
169	2.51383e-09	-1.08439	0.0591069	0.000308578	-0.058128	-0.956124	-5.39474e-05
170	2.51383e-09	-0.413876	-1.00972	0.00271166	0.886016	-0.3604	0.000804918
171	2.51383e-09	-1.07303	-0.187544	0.000163973	0.159702	-0.944792	-0.000847637
172	2.51383e-09	0.681862	-0.887663	0.00134465	0.748737	0.573326	7.50028e-05
173	2.51383e-09	-0.82267	-0.733167	0.00256607	0.630759	-0.712736	0.00112658
174	2.51383e-09	0.187232	1.08447	0.00146103	-0.93944	0.160493	0.0017089
175	2.51383e-09	-0.78775	0.744844	0.00153905	-0.655692	-0.704145	0.00178973
176	2.51383e-09	-0.0830006	-1.0707	-0.00112126	0.962558	-0.0734642	-0.000898487
177	2.51383e-09	-1.06621	-0.325043	0.00325764	0.277507	-0.905471	-0.00172461
178	2.51383e-09	1.08074	-0.00632278	-0.00109708	0.00906732	0.96228	0.000813723
179	2.51383e-09	-0.0762618	-1.10509	0.00389232	0.945133	-0.0670425	0.00121394
180	2.51383e-09	-0.887681	0.611894	-0.00163667	-0.549476	-0.791573	-0.00246254
181	2.51383e-09	0.968157	-0.517157	0.000466086	0.448548	0.843436	-0.00220092
182	2.51383e-09	-1.09672	0.0526427	0.000927405	-0.0446807	-0.952647	0.000932711
183	2.51383e-09	-0.109535	-1.08419	0.000832083	0.953286	-0.0944052	0.000802418
184	2.51383e-09	-0.293226	1.06801	0.00241943	-0.916654	-0.25226	-0.000463952
185	2.51383e-09	0.640003	0.880697	0.00269276	-0.779478	0.558669	-0.00141471
186	2.51383e-09	1.07634	-0.159495	-0.00156683	0.138132	0.949412	0.000291145
187	2.51383e-09	-0.844395	-0.658367	-0.00294936	0.592302	-0.760535	-0.00117486
188	2.51383e-09	-0.601768	-0.925702	-0.00351496	0.799441	-0.515204	0.000361438
189	2.51383e-09	1.04593	-0.310519	0.00320907	0.271158	0.917799	-0.000858617
190	2.51383e-09	0.37719	1.02354	-0.00114729	-0.903755	0.328128	-0.000745504
191	2.51383e-09	0.209293	1.06647	-0.00145372	-0.943049	0.182592	-0.0010553
192	2.51383e-09	-0.114386	1.09042	-0.000599069	-0.952188	-0.0942582	-0.00103919
193	2.51383e-09	0.958481	-0.565573	0.00247376	0.481227	0.814404	0.00145436
194	2.51383e-09	0.935241	-0.6094	-0.000747588	0.516003	0.79316	0.00150091
195	2.51383e-09	1.02684	0.357829	-0.000838929	-0.318047	0.903576	-0.000967642
196	2.51383e-09	-0.0868606	-1.08374	0.00259148	0.958646	-0.0774979	0.00276659
197	2.51383e-09	0.0258332	-1.08528	-0.00136892	0.960046	0.022775	-0.0027824
198	2.51383e-09	0.392306	1.04004	-0.00197978	-0.886103	0.33819	0.00161965
199	2.51383e-09	-1.01409	-0.43224	-4.93712e-05	0.3764	-0.874209	-0.00304753
200	2.51383e-09	-0.727132	-0.846636	-0.00190082	0.72142	-0.612767	0.000155756
201	2.51383e-09	-0.117605	1.09611	-0.00119711	-0.945362	-0.101105	-0.000282602
202	2.51383e-09	0.898898	0.617729	0.00219042	-0.545669	0.787041	0.00192833
203	2.51383e-09	0.0801559	-1.08641	0.000645274	0.955251	0.0673885	-0.00184896
204	2.51383e-09	-1.06318	0.251746	-0.000387416	-0.227197	-0.932171	-0.000580737
205	2.51383e-09	1.09775	0.250073	-0.000401847	-0.215419	0.917584	-0.000293045
206	2.51383e-09	-0.615023	-0.904277	0.000481762	0.790637	-0.537328	-0.00164327
207	2.51383e-09	0.247473	1.09238	-0.000668332	-0.922479	0.207209	0.00340905
208	2.51383e-09	0.886443	-0.638795	-0.00270754	0.558195	0.780672	0.00114255
209	2.51383e-09	0.208866	1.07947	0.000243666	-0.939651	0.178432	0.0027314
210	2.51383e-09	0.580487	-0.948917	0.000904411	0.806951	0.493403	-0.00108405
211	2.51383e-09	-1.0649	0.294747	0.00186655	-0.253967	-0.913082	-0.000488652
212	2.51383e-09	-0.983096	0.548784	-0.00391344	-0.461255	-0.82113	0.0014931
213	2.51383e-09	0.757314	-0.812056	-0.0029632	0.691331	0.650096	0.000204699
214	2.51383e-09	0.484811	0.99146	0.00209355	-0.851762	0.421035	-0.000472037
215	2.51383e-09	0.357831	-1.0618	-0.00187505	0.894944	0.299715	-0.00156372
216	2.51383e-09	-0.945095	-0.579339	0.000564385	0.495262	-0.813532	0.000366822
217	2.51383e-09	-0.345313	1.05925	-0.00215991	-0.903569	-0.291464	0.00097583
218	2.51383e-09	-0.285759	-1.03357	0.00171187	0.931992	-0.255671	0.00538698
219	2.51383e-09	0.931629	0.639952	0.000409551	-0.532988	0.776728	0.000419485
220	2.51383e-09	-1.11629	-0.085544	0.00301215	0.0739281	-0.940651	0.000791232
221	2.51383e-09	0.124466	1.07989	-0.00277556	-0.954419	0.105763	0.00068289
222	2.51383e-09	1.00912	-0.454767	0.00286137	0.39238	0.866988	0.000185949
223	2.51383e-09	-0.854001	0.709784	0.00132521	-0.602149	-0.733218	0.00186428
224	2.51383e-09	1.09945	0.114175	0.000500946	-0.0984162	0.942649	0.000778077
225	2.51383e-09	-1.02308	0.442946	4.67988e-05	-0.379197	-0.868038	-0.000552217
226	2.51383e-09	-0.626245	0.931336	0.0024684	-0.778338	-0.531552	-7.70363e-06
227	2.51383e-09	1.06886	-0.271564	-0.000980193	0.235122	0.924173	0.000224167
228	2.51383e-09	0.944208	-0.607325	0.00153643	0.511145	0.794128	-0.00041756
229	2.51383e-09	-1.02705	0.458558	0.00142165	-0.383119	-0.863559	-0.00340931
230	2.51383e-09	-0.489877	-1.03327	0.00163705	0.846031	-0.402115	0.00129049
231	2.51383e-09	0.713702	0.871623	-0.00556295	-0.7291	0.599534	0.000869757
232	2.51383e-09	0.584472	-0.930938	0.0028805	0.812708	0.502434	0.0010128
233	2.51383e-09	0.377973	1.0534	0.000703668	-0.889927	0.312075	-0.00199802
234	2.51383e-09	0.863113	0.699759	-0.00219533	-0.600779	0.737677	0.00306563
235	2.51383e-09	0.317707	1.07669	-0.0022664	-0.904274	0.261314	-0.00244913
236	2.51383e-09	-1.01046	0.513127	0.00237503	-0.429969	-0.83291	0.000173935
237	2.51383e-09	-1.01509	-0.445225	-0.0028133	0.381177	-0.864988	-0.0021677
238	2.51383e-09	-0.53849	-1.01005	0.00200327	0.829028	-0.43558	0.000193386
239	2.51383e-09	0.143189	1.09893	0.00177427	-0.94014	0.124617	0.00297662
240	2.51383e-09	1.11386	-0.126709	0.0012527	0.114173	0.940875	-0.00176808
241	2.51383e-09	-1.1052	0.0561307	-0.000349689	-0.0524126	-0.952406	0.00219768
242	2.51383e-09	-0.366348	-1.09958	-0.0022428	0.879913	-0.294496	-0.00233752
243	2.51383e-09	0.227082	1.10016	0.00307486	-0.926365	0.189996	0.00238525
244	2.51383e-09	1.12796	-0.129533	-0.000946344	0.108092	0.933874	0.00159949
245	2.51383e-09	1.03887	0.427407	0.000890597	-0.357904	0.874575	0.00430709
246	2.51383e-09	-0.970006	0.600422	-0.00245745	-0.490125	-0.79358	-0.000423646
247	2.51383e-09	0.375995	-1.0435	0.000805175	0.891428	0.317397	0.00248594
248	2.51383e-09	-0.0313957	1.13124	0.00160794	-0.937922	-0.024804	0.000768472
249	2.51383e-09	0.560504	-0.966678	0.000838089	0.817676	0.475614	0.000129586
250	2.51383e-09	0.243121	1.10708	-0.00153806	-0.917901	0.199672	-0.00100168
251	2.51383e-09	1.00093	-0.497993	-0.00072695	0.424697	0.847144	-4.97141e-05
252	2.51383e-09	-0.429867	-1.02862	-0.00222801	0.873802	-0.365357	-0.000286115
253	2.51383e-09	-1.13028	0.122904	0.0019834	-0.100157	-0.930396	-0.00408612
254	2.51383e-09	0.768229	0.836126	-0.000289257	-0.688996	0.632584	-0.00154587
255	2.51383e-09	-1.10758	-0.24834	-0.000798544	0.205513	-0.916276	0.000601489
256	2.51383e-09	0.580144	0.983458	-0.000559816	-0.803722	0.482188	-0.000258673
257	2.51383e-09	1.10011	0.210046	-0.00045982	-0.177388	0.929296	0.00252431
258	2.51383e-09	-0.371993	-1.06604	-0.00186887	0.885045	-0.315044	-5.52488e-05
259	2.51383e-09	1.12181	0.103908	-0.000905091	-0.0854972	0.940215	-0.000456245
260	2.51383e-09	-0.978392	-0.550136	0.00415689	0.460632	-0.824634	0.00196706
261	2.51383e-09	-1.13668	0.0434072	-2.8224e-05	-0.0332514	-0.939291	-9.91058e-05
262	2.51383e-09	-1.10589	-0.169385	-0.000812107	0.142162	-0.93189	0.00460677
263	2.51383e-09	0.852147	-0.760995	0.00285912	0.617494	0.702659	-0.000501165
264	2.51383e-09	-0.453179	1.0311	0.00112773	-0.862535	-0.375714	-0.000150685
265	2.51383e-09	0.781716	-0.835762	0.000170817	0.682277	0.639309	-0.00312515
266	2.51383e-09	0.157512	1.12431	0.00109149	-0.930353	0.130114	0.00135548
267	2.51383e-09	-0.0698773	-1.1151	-0.0019211	0.944453	-0.0677129	0.000298586
268	2.51383e-09	0.256734	-1.10765	-0.00298661	0.914505	0.206565	0.00182996
269	2.51383e-09	-1.10197	-0.330719	0.00345179	0.26816	-0.891046	0.00214525
270	2.51383e-09	-0.092184	-1.12654	0.000480637	0.93563	-0.0793038	-0.00211041
271	2.51383e-09	-0.740132	-0.873267	-0.000887718	0.710839	-0.60459	0.0003642
272	2.51383e-09	0.0722733	-1.13747	-0.00286558	0.936307	0.0581716	0.00284363
273	2.51383e-09	0.172059	1.13037	-0.00323583	-0.925045	0.141316	0.00101721
274	2.51383e-09	-0.809731	0.767087	-0.000469058	-0.655748	-0.687406	0.000839804
275	2.51383e-09	0.955086	0.617645	-0.0011203	-0.507325	0.789552	0.00192154
276	2.51383e-09	-1.13488	0.155663	-0.000915593	-0.12477	-0.924221	1.20144e-05
277	2.51383e-09	-0.715555	0.905133	-0.00184732	-0.725341	-0.575579	-0.00336105
278	2.51383e-09	1.1152	0.253751	0.00191565	-0.20945	0.91278	6.7572e-05
279	2.51383e-09	-0.566353	1.02287	0.000799104	-0.812951	-0.448235	-0.000827039
280	2.51383e-09	-0.601172	0.989974	-0.00207515	-0.794024	-0.483286	0.00057686
281	2.51383e-09	0.266209	1.09654	0.000159682	-0.917599	0.222002	0.000544525
282	2.51383e-09	1.00924	-0.546373	-0.000395365	0.442872	0.820714	0.000208678
283	2.51383e-09	-0.487562	-1.01617	-0.000217071	0.849163	-0.413315	0.00209506
284	2.51383e-09	0.719284	-0.892914	-0.0013023	0.73019	0.582953	0.000780195
285	2.51383e-09	-0.749752	-0.86488	0.00121041	0.70384	-0.614435	-0.000562625
286	2.51383e-09	0.506169	-1.02553	0.000537299	0.837161	0.414546	-0.00231995
287	2.51383e-09	0.0276977	-1.12637	-0.00112712	0.944474	0.019362	0.00197991
288	2.51383e-09	-0.538279	1.02658	0.00182234	-0.819186	-0.434228	-0.00057423
289	2.51383e-09	0.89074	-0.732507	0.00327695	0.597056	0.713845	-0.000239225
290	2.51383e-09	0.849703	0.759177	0.000875005	-0.620573	0.701113	-0.00300426
291	2.51383e-09	0.745685	0.876852	-0.000840494	-0.709634	0.605501	0.0014567
292	2.51383e-09	-1.08443	-0.390874	0.0021298	0.31795	-0.874193	0.000696951
293	2.51383e-09	0.783348	0.811879	-0.00197442	-0.67643	0.659121	-0.000770493
294	2.51383e-09	-1.09204	-0.4164	0.00438431	0.331944	-0.861992	0.00374808
295	2.51383e-09	-0.196925	-1.12595	0.00140284	0.922206	-0.165356	0.00072652
296	2.51383e-09	1.07945	-0.416957	-0.0047637	0.334074	0.867006	0.00199699
297	2.51383e-09	0.660933	0.936821	-0.000584752	-0.764486	0.534834	0.0014048
298	2.51383e-09	-0.489141	1.04751	-0.00149083	-0.840013	-0.393674	-0.00219618
299	2.51383e-09	-0.592126	-1.00339	-0.00218791	0.793062	-0.479954	6.24951e-05
300	2.51383e-09	-0.964827	-0.657442	-0.00232331	0.517469	-0.766085	0.000832565
301	2.51383e-09	0.771645	-0.88333	-0.00108814	0.693773	0.603277	-0.00168534
302	2.51383e-09	-1.15934	0.152689	-0.00415506	-0.114174	-0.915521	0.00280596
303	2.51383e-09	-0.0046962	-1.1505	-0.000707018	0.933751	-0.0081748	-7.13646e-05
304	2.51383e-09	1.01629	0.575675	-0.000992655	-0.457483	0.806167	-0.000632306
305	2.51383e-09	-0.0396645	-1.14511	0.00303161	0.933521	-0.0307533	-0.00206339
306	2.51383e-09	0.559122	-1.00406	0.000308151	0.815489	0.452677	-0.00134242
307	2.51383e-09	1.05445	-0.483974	-0.00274271	0.387036	0.844284	-0.00139847
308	2.51383e-09	-1.16359	0.0304072	-0.00257522	-0.0214633	-0.928579	0.00307947
309	2.51383e-09	-1.1442	0.0262446	-0.000864072	-0.0154377	-0.932883	0.00114528
310	2.51383e-09	1.13619	0.223125	-8.74102e-05	-0.176415	0.913845	-0.00097396
311	2.51383e-09	-1.16006	-0.0861615	-0.00464058	0.066638	-0.923524	0.0024079
312	2.51383e-09	-1.11319	-0.377198	-0.000917249	0.299467	-0.868271	0.00173807
313	2.51383e-09	0.381164	1.08681	-0.000942167	-0.879289	0.310808	-0.00157993
314	2.51383e-09	1.10423	-0.301218	0.00172583	0.248017	0.900413	0.000866398
315	2.51383e-09	1.0817	0.435811	-0.00330294	-0.343186	0.860882	5.98602e-05
316	2.51383e-09	0.0905935	1.169	-0.00176457	-0.919819	0.0695246	-0.00151026
317	2.51383e-09	-0.619097	0.971075	0.00203133	-0.786506	-0.504281	-0.00226693
318	2.51383e-09	1.13096	0.263728	0.000182755	-0.214398	0.903448	-0.00234864
319	2.51383e-09	-0.897024	0.751894	-0.00235363	-0.592509	-0.709118	-0.00157671
320	2.51383e-09	0.150635	1.16573	0.00051631	-0.914683	0.119749	-0.000422678
321	2.51383e-09	1.15996	-0.120188	0.000171243	0.0973155	0.921596	0.00103258
322	2.51383e-09	-0.330402	-1.10739	0.00399043	0.890688	-0.267693	0.00206973
323	2.51383e-09	1.07001	-0.444767	-0.00179669	0.349961	0.859882	-0.00111886
324	2.51383e-09	-1.01345	-0.606373	-0.000826603	0.472219	-0.789301	-0.00249744
325	2.51383e-09	-1.15511	-0.127764	-0.00270562	0.102645	-0.919347	0.000765595
326	2.51383e-09	0.714178	-0.944955	0.00130635	0.735662	0.545989	0.0048774
327	2.51383e-09	-0.918062	-0.736959	0.00213881	0.576602	-0.719282	0.00148438
328	2.51383e-09	-0.671135	-0.913742	-0.00186609	0.756961	-0.558438	-0.00356926
329	2.51383e-09	-0.777059	0.869924	0.0011227	-0.688853	-0.623498	-0.000584319
330	2.51383e-09	0.186646	1.14182	0.00141927	-0.918722	0.151781	0.00148305
331	2.51383e-09	1.11628	-0.306942	0.0029279	0.248565	0.89389	-0.0001034
332	2.51383e-09	-1.14209	-0.268914	-0.00277692	0.209271	-0.900597	0.000459794
333	2.51383e-09	-0.832997	0.833611	0.00245694	-0.651893	-0.653209	-0.00197199
334	2.51383e-09	-0.990473	0.643214	0.000167131	-0.501077	-0.769403	-0.00122895
335	2.51383e-09	0.603735	-1.02664	0.000659868	0.788732	0.462151	0.000143135
336	2.51383e-09	-1.15264	-0.198662	-0.00310538	0.1588	-0.911616	-0.00220678
337	2.51383e-09	-0.827501	-0.842889	0.00249211	0.657085	-0.641562	0.00135955
338	2.51383e-09	0.82758	0.807814	-0.00047953	-0.650408	0.665684	0.000137192
339	2.51383e-09	-0.218382	-1.16482	0.00463451	0.903319	-0.164873	0.00203893
340	2.51383e-09	-0.10146	1.16839	0.00253153	-0.923393	-0.0830405	-0.00106672
341	2.51383e-09	-0.978111	-0.675275	0.00210515	0.520934	-0.75169	-0.000253375
342	2.51383e-09	-0.803848	0.827328	-0.000966723	-0.666926	-0.652256	-0.00129686
343	2.51383e-09	1.13903	-0.262279	-0.00146489	0.209025	0.898975	-0.00100121
344	2.51383e-09	-1.03416	0.565499	0.00163377	-0.443532	-0.808414	-0.000118791
345	2.51383e-09	1.14486	-0.220742	-0.00265306	0.178335	0.908275	0.00259476
346	2.51383e-09	-1.15784	-0.236649	0.00180767	0.181966	-0.897989	-0.00125276
347	2.51383e-09	-1.16024	0.18122	0.00132978	-0.142446	-0.912601	-0.000374364
348	2.51383e-09	1.143	0.275862	0.00113537	-0.212842	0.896892	-0.00224973
349	2.51383e-09	1.02705	0.568415	-0.00296246	-0.453443	0.804778	-0.000186744
350	2.51383e-09	0.219036	1.14788	-0.00176969	-0.906575	0.174446	-0.00110894
351	2.51383e-09	0.472127	-1.09914	0.00266576	0.841717	0.357418	-0.0014096
352	2.51383e-09	0.880193	-0.764889	-0.00140409	0.607991	0.701412	-0.000957769
353	2.51383e-09	-1.04198	0.57162	0.00424791	-0.440217	-0.807503	-0.000994794
354	2.51383e-09	0.146894	-1.16818	0.00124261	0.915079	0.120266	-0.000757554
355	2.51383e-09	-0.225526	1.1302	0.000245617	-0.912916	-0.181975	0.00127563
356	2.51383e-09	-0.889687	-0.804411	0.00249757	0.608933	-0.680358	1.39765e-05
357	2.51383e-09	-1.07675	-0.455099	-0.00140788	0.362327	-0.85243	0.000142326
358	2.51383e-09	-0.431183	-1.11549	-0.00258135	0.851103	-0.331079	0.00204894
359	2.51383e-09	1.0563	0.589513	0.00193162	-0.44134	0.792922	0.00153823
360	2.51383e-09	-1.04644	-0.53391	0.00106893	0.417731	-0.820242	0.000949973
361	2.51383e-09	0.197104	-1.15543	0.0020167	0.912527	0.15472	-0.000747348
362	2.51383e-09	0.188103	-1.14764	0.000437718	0.918484	0.147209	0.00165274
363	2.51383e-09	0.395698	-1.11182	0.00247052	0.868234	0.311385	-0.00026278
364	2.51383e-09	-1.04168	0.516264	0.000442246	-0.408528	-0.83337	-0.000878919
365	2.51383e-09	0.575421	1.05041	8.88708e-05	-0.801368	0.441425	-0.000126137
366	2.51383e-09	1.19545	-0.0242603	0.000505568	0.0135226	0.914157	-0.00164472
367	2.51383e-09	0.84723	0.822898	0.000376375	-0.641829	0.661846	0.0007476
368	2.51383e-09	-0.619964	1.03456	-0.0010467	-0.781275	-0.465103	-0.000483859
369	2.51383e-09	-1.17834	-0.16589	0.00216116	0.12183	-0.906815	-0.000381278
370	2.51383e-09	1.0752	-0.498076	-0.00181994	0.386306	0.835874	-0.00245487
371	2.51383e-09	0.166586	-1.19363	-0.000650099	0.904228	0.122644	0.00159719
372	2.51383e-09	-1.11385	0.467344	0.00302724	-0.351283	-0.835847	0.000472026
373	2.51383e-09	1.01963	0.606032	0.000506137	-0.46951	0.788399	5.41488e-05
374	2.51383e-09	1.20226	-0.0582572	0.00103645	0.0428217	0.913082	-0.00311906
375	2.51383e-09	-0.891136	-0.792786	0.00311616	0.609573	-0.683626	-0.001788
376	2.51383e-09	0.690057	0.965481	-0.000495964	-0.747808	0.531548	0.000637754
377	2.51383e-09	1.15792	0.261299	-0.00088318	-0.204694	0.896843	-0.00165801
378	2.51383e-09	1.0966	0.483548	-0.00145369	-0.371408	0.834048	0.000273984
379	2.51383e-09	-0.56594	-1.03904	-0.00020521	0.81133	-0.432669	-0.00248076
380	2.51383e-09	-1.00031	-0.629106	0.000198273	0.486356	-0.779444	-0.000963483
381	2.51383e-09	-0.081225	1.18557	-0.00157893	-0.915926	-0.063791	-0.000801571
382	2.51383e-09	1.18782	-0.0834944	-7.15353e-05	0.0700232	0.91636	0.0011927
383	2.51383e-09	0.0484667	1.18319	-0.000213376	-0.916265	0.0339986	0.000925203
384	2.51383e-09	0.517299	1.08061	0.00602448	-0.825869	0.395344	0.00117341
385	2.51383e-09	-0.75125	0.903657	-0.00115733	-0.711309	-0.588932	-0.00126785
386	2.51383e-09	1.14043	-0.361708	0.00230426	0.280052	0.869612	0.0017311
387	2.51383e-09	0.0886326	-1.19207	-0.00266072	0.913655	0.0681997	-0.00290816
388	2.51383e-09	-1.1249	0.395313	-0.000166905	-0.306757	-0.866692	-0.000553171
389	2.51383e-09	-0.476045	1.0843	0.00264699	-0.841092	-0.371229	-0.0032387
390	2.51383e-09	0.546235	-1.0583	-0.000779032	0.810346	0.421141	-0.00153655
391	2.51383e-09	-0.96465	0.741501	-0.00253805	-0.547725	-0.719249	-0.000198436
392	2.51383e-09	-0.178102	-1.19154	0.00417576	0.899913	-0.133437	0.00334959
393	2.51383e-09	1.12555	-0.457074	-0.0012536	0.346405	0.836647	-0.000552298
394	2.51383e-09	0.852806	-0.844891	-0.00138356	0.641971	0.649591	-0.000615296
395	2.51383e-09	-0.142117	1.18326	-0.000697964	-0.909593	-0.112584	0.00084495
396	2.51383e-09	-1.07354	-0.542838	-0.000838338	0.417262	-0.814307	-0.000187601
397	2.51383e-09	0.959943	-0.722032	-0.00324813	0.548711	0.730363	-0.00130665
398	2.51383e-09	1.18739	0.195878	-0.000169886	-0.151261	0.898442	-0.000993478
399	2.51383e-09	1.05978	-0.552517	-0.0021907	0.422594	0.811204	-0.00165317
400	2.51383e-09	-0.24656	1.18935	0.000404955	-0.884313	-0.185119	4.80202e-06
