1.093300e+04
401
0	1	0.000503417	0.000312343	-4.59614e-07	2.85814e-08	-3.14613e-08	6.42285e-11
1	2.51383e-09	-0.537903	0.860204	-8.00584e-05	-0.837976	-0.530048	0.00293049
2	2.51383e-09	-0.605219	-0.784839	0.000236137	0.794914	-0.619196	-0.00142383
3	2.51383e-09	-0.206454	0.978555	0.0011235	-0.976782	-0.203457	-0.00206395
4	2.51383e-09	-0.735067	-0.681651	3.27067e-05	0.680536	-0.731432	0.00227897
5	2.51383e-09	0.911306	-0.399205	0.000473352	0.406003	0.917585	0.00171259
6	2.51383e-09	0.368139	-0.938421	0.00238	0.927905	0.363323	-0.00253139
7	2.51383e-09	-0.973994	-0.200177	0.00190828	0.204691	-0.982714	0.00216037
8	2.51383e-09	0.798118	-0.589018	3.17058e-05	0.600046	0.807497	0.000539103
9	2.51383e-09	-0.473305	-0.894668	-0.000716389	0.875883	-0.465936	-0.000539716
10	2.51383e-09	-0.223569	-0.987839	0.00279617	0.969641	-0.220629	-0.00191109
11	2.51383e-09	0.919291	-0.390196	-0.0015861	0.393798	0.920559	7.28863e-05
12	2.51383e-09	-1.01334	-0.160626	-0.000559651	0.152223	-0.972047	0.000899968
13	2.51383e-09	0.197765	0.984596	0.000726084	-0.979274	0.196108	0.00120903
14	2.51383e-09	0.0948028	1.00572	-0.00270435	-0.991935	0.0893957	0.00186123
15	2.51383e-09	-0.735834	-0.668962	0.00254007	0.68312	-0.737781	-0.000951474
16	2.51383e-09	-0.995323	0.0927131	-8.3444e-05	-0.0981469	-0.994907	-0.00176332
17	2.51383e-09	0.822683	0.586063	0.00187943	-0.583541	0.806319	0.00145043
18	2.51383e-09	-0.730067	-0.694134	-0.000467405	0.686593	-0.726192	-0.00118184
19	2.51383e-09	0.643631	0.771433	0.000259369	-0.76829	0.644637	0.00417543
20	2.51383e-09	0.894751	0.51338	0.000590341	-0.488573	0.85599	0.00259734
21	2.51383e-09	0.730726	0.68002	0.000548698	-0.685753	0.732238	0.00079052
22	2.51383e-09	0.834141	-0.602734	-0.0021251	0.575002	0.801808	0.000112154
23	2.51383e-09	0.614431	0.807756	-0.00237973	-0.788336	0.603588	0.00315818
24	2.51383e-09	0.394509	-0.926124	-0.00191271	0.913594	0.398929	0.00143321
25	2.51383e-09	-0.951584	0.349759	0.00132839	-0.347569	-0.9318	-0.000297111
26	2.51383e-09	0.978709	0.286337	-0.000497437	-0.274591	0.952011	0.00096647
27	2.51383e-09	0.398531	-0.917358	0.000666844	0.919638	0.396128	-0.00300947
28	2.51383e-09	-0.696433	0.734921	0.00431467	-0.720414	-0.685866	4.46161e-05
29	2.51383e-09	-0.141818	0.99269	-0.00162694	-0.987835	-0.143615	-0.00146208
30	2.51383e-09	-0.719255	0.719946	-0.00123234	-0.699826	-0.702054	-0.00075748
31	2.51383e-09	0.704946	0.724876	0.00147943	-0.71658	0.686684	0.000950035
32	2.51383e-09	-0.000542847	1.00639	0.00182616	-0.997789	0.00135139	-0.00377827
33	2.51383e-09	0.141028	-1.01163	-0.000344754	0.98501	0.128189	-0.000247244
34	2.51383e-09	0.645308	0.814024	-0.00345053	-0.768798	0.610007	-0.00064245
35	2.51383e-09	0.944235	-0.378879	0.000308678	0.368292	0.919313	0.00238402
36	2.51383e-09	0.0500706	-1.01521	5.85174e-05	0.988388	0.0614506	0.000982571
37	2.51383e-09	0.856012	0.553052	-0.000162134	-0.535174	0.83483	0.00139472
38	2.51383e-09	-0.0654509	-1.005	0.00155376	0.992227	-0.0718385	0.001087
39	2.51383e-09	-1.0176	0.0839701	0.000276728	-0.0880333	-0.984999	3.66172e-05
40	2.51383e-09	1.01707	-0.152641	-0.000287661	0.140703	0.97109	-0.00138673
41	2.51383e-09	-0.999179	-0.169784	-0.00112101	0.166223	-0.979938	-0.00267753
42	2.51383e-09	0.20562	1.00755	-0.00011993	-0.966006	0.194939	-0.00149423
43	2.51383e-09	-0.307907	0.959866	-0.000473603	-0.947708	-0.310546	-0.00314778
44	2.51383e-09	-0.0805044	-1.02932	0.00320858	0.981229	-0.0779364	-4.12553e-05
45	2.51383e-09	0.954009	0.377154	-0.00304929	-0.361347	0.920079	0.000938361
46	2.51383e-09	-0.464416	0.904961	-0.00019064	-0.880434	-0.451512	-0.000376447
47	2.51383e-09	0.0331123	-1.01886	0.00073792	0.989178	0.0314814	0.000657435
48	2.51383e-09	0.849776	0.580742	-0.000308675	-0.554974	0.815423	-0.00129064
49	2.51383e-09	-0.982198	0.230725	-0.00282702	-0.22638	-0.967474	0.0031132
50	2.51383e-09	-0.700025	-0.762924	5.2837e-05	0.725531	-0.666679	-0.0022575
51	2.51383e-09	-0.0164597	1.01089	-0.00237125	-0.994052	-0.0160059	-0.00199133
52	2.51383e-09	-0.952148	0.399354	-0.0014331	-0.376305	-0.910602	-0.000795848
53	2.51383e-09	0.903655	-0.500792	-0.000969386	0.477646	0.857636	6.72549e-05
54	2.51383e-09	0.508043	-0.900405	-0.00154816	0.855615	0.485299	-0.00290781
55	2.51383e-09	0.854546	0.58413	-0.000348395	-0.553963	0.811214	-0.0011797
56	2.51383e-09	-0.388152	0.945629	-0.000462976	-0.916298	-0.378558	0.0013038
57	2.51383e-09	0.982867	-0.357871	-0.000896503	0.331917	0.920463	-0.0012304
58	2.51383e-09	0.614981	0.834526	-0.000853929	-0.79184	0.583656	0.001661
59	2.51383e-09	0.929835	-0.455701	-0.000846617	0.430103	0.87973	0.00280378
60	2.51383e-09	0.359638	-0.973656	-0.00121769	0.921098	0.336237	0.00196096
61	2.51383e-09	0.519466	-0.889595	-0.00108579	0.853691	0.496763	-0.00208764
62	2.51383e-09	0.749555	-0.72187	-0.00242812	0.67995	0.704592	-0.00040152
63	2.51383e-09	-0.646867	-0.791693	0.00102564	0.768188	-0.624654	-0.0016683
64	2.51383e-09	0.226151	1.01085	-0.000241736	-0.958546	0.207264	-0.00182623
65	2.51383e-09	-0.213369	1.00408	-0.000282205	-0.966942	-0.202555	0.000979909
66	2.51383e-09	-0.597955	0.852999	-0.00242379	-0.797957	-0.557944	-0.00195165
67	2.51383e-09	-0.967527	-0.388191	-0.00123795	0.368061	-0.906318	-0.000959805
68	2.51383e-09	1.0095	0.260864	0.000152463	-0.240441	0.948297	-0.00184884
69	2.51383e-09	-0.999417	-0.313094	-0.0029362	0.292196	-0.928983	0.0022587
70	2.51383e-09	0.566016	-0.854584	-0.00175101	0.821264	0.547229	-0.00294865
71	2.51383e-09	0.439688	-0.939394	0.00541427	0.892032	0.416455	0.00140944
72	2.51383e-09	0.806259	0.689895	-0.00175912	-0.633751	0.737631	0.00216183
73	2.51383e-09	-0.958856	0.403282	0.000767615	-0.382357	-0.905237	0.00213154
74	2.51383e-09	-1.01525	0.313592	0.0018617	-0.28605	-0.924912	-0.00339123
75	2.51383e-09	0.583436	-0.864061	0.00329883	0.807534	0.549825	-6.6085e-05
76	2.51383e-09	0.722453	0.773807	0.000671492	-0.713276	0.656115	0.00106629
77	2.51383e-09	-0.494026	-0.932522	-0.000637894	0.859635	-0.456848	0.00105936
78	2.51383e-09	0.324554	-0.986256	-0.00142503	0.931955	0.31395	0.00432094
79	2.51383e-09	0.983991	0.286943	0.00310936	-0.275095	0.952343	-0.004928
80	2.51383e-09	0.181811	1.0324	-0.000601538	-0.961077	0.172496	0.00022013
81	2.51383e-09	-0.387327	0.948338	0.000932308	-0.911837	-0.372085	-0.00256998
82	2.51383e-09	-1.03433	0.175086	0.00168942	-0.164101	-0.96373	-0.00359132
83	2.51383e-09	-0.642288	-0.796795	0.00136669	0.771534	-0.622421	0.000349141
84	2.51383e-09	0.722068	0.763833	0.00048047	-0.712454	0.665265	-0.000347281
85	2.51383e-09	-0.609371	-0.825924	-0.000776492	0.794004	-0.585549	0.00181522
86	2.51383e-09	-0.184783	-1.02571	-0.00136651	0.96747	-0.177628	-0.000805936
87	2.51383e-09	0.508713	-0.913869	0.00238431	0.853617	0.477846	-0.000591501
88	2.51383e-09	0.83572	-0.596583	-0.00211376	0.573865	0.802945	-0.000491044
89	2.51383e-09	0.787046	0.700048	0.00216252	-0.64214	0.731818	-0.0010278
90	2.51383e-09	-0.741708	0.748345	0.00394216	-0.688719	-0.685428	6.15989e-06
91	2.51383e-09	-0.545769	-0.86542	-0.00321805	0.833228	-0.53369	0.0026435
92	2.51383e-09	-0.31917	0.998997	-1.07765e-05	-0.929364	-0.298451	-0.000128867
93	2.51383e-09	-0.0694231	-1.07674	0.000506564	0.957828	-0.0632332	-0.00152292
94	2.51383e-09	-1.03383	0.0240668	-0.000324288	-0.0226074	-0.981832	-0.00108904
95	2.51383e-09	-0.917012	-0.472861	0.00212463	0.45147	-0.873274	0.000149852
96	2.51383e-09	0.522066	-0.916541	-0.000110877	0.845339	0.488233	0.000277549
97	2.51383e-09	1.03947	0.1472	-0.000751963	-0.133124	0.967013	-0.00221263
98	2.51383e-09	-0.981395	0.362131	0.00328639	-0.337095	-0.918818	-0.000292761
99	2.51383e-09	-0.527674	-0.909519	0.00251628	0.847565	-0.488972	-0.00147578
100	2.51383e-09	0.0403535	-1.06704	-0.000406788	0.963142	0.029308	-0.000847857
101	2.51383e-09	0.321466	0.978568	0.00203623	-0.937715	0.306757	0.000338686
102	2.51383e-09	0.459109	0.931523	-0.000274985	-0.879759	0.429056	-0.00248328
103	2.51383e-09	0.421702	-0.96458	0.00224319	0.892053	0.389418	0.000897192
104	2.51383e-09	-0.899038	-0.540145	-0.00148485	0.495784	-0.836215	0.000109908
105	2.51383e-09	0.284543	-0.999785	0.00188349	0.94186	0.267272	4.92688e-05
106	2.51383e-09	-0.822154	-0.648398	0.00133325	0.604756	-0.764975	-0.0019367
107	2.51383e-09	-0.396015	-0.988565	0.0015726	0.900621	-0.358976	-0.00272478
108	2.51383e-09	-0.662607	-0.84211	0.000540501	0.75932	-0.593931	0.00143002
109	2.51383e-09	-0.57976	0.878085	-0.00166223	-0.817246	-0.535242	-0.00103122
110	2.51383e-09	-0.839978	0.634255	-0.00245761	-0.594234	-0.775227	1.3191e-05
111	2.51383e-09	-0.0485122	-1.06628	-0.00277209	0.967305	-0.04978	0.00446169
112	2.51383e-09	0.710684	0.813494	0.00114635	-0.721781	0.631792	-0.00187031
113	2.51383e-09	0.647448	-0.832826	0.00214152	0.76925	0.599387	-5.60004e-05
114	2.51383e-09	0.962795	0.426162	0.000945445	-0.397909	0.888208	-0.000501812
115	2.51383e-09	1.0029	-0.386663	-0.000671249	0.343194	0.900722	-0.00334509
116	2.51383e-09	-1.05197	0.112493	-0.00228376	-0.107051	-0.964216	-0.00428516
117	2.51383e-09	0.0522718	-1.04602	0.000716495	0.977282	0.0479468	-0.000933508
118	2.51383e-09	-0.709339	-0.793011	0.000211483	0.719969	-0.645696	0.000352745
119	2.51383e-09	0.744785	-0.745976	0.00406777	0.688208	0.686509	-0.00193099
120	2.51383e-09	-0.657955	-0.829796	-0.00299777	0.758802	-0.604841	0.000166047
121	2.51383e-09	0.887162	0.595696	0.00353571	-0.536567	0.803487	-2.32077e-05
122	2.51383e-09	0.104638	-1.07424	-0.00318053	0.955745	0.0984663	-0.00114129
123	2.51383e-09	-0.978226	0.357388	0.00236739	-0.334431	-0.920623	0.00277489
124	2.51383e-09	1.04134	-0.275172	0.00215109	0.246786	0.93266	0.00376729
125	2.51383e-09	-0.71706	0.758763	-0.00104097	-0.715387	-0.671436	0.000918415
126	2.51383e-09	0.776434	0.707195	0.000123003	-0.657807	0.72368	0.000360355
127	2.51383e-09	1.04335	0.166399	7.62341e-05	-0.152863	0.960504	0.000591411
128	2.51383e-09	-1.03496	-0.253442	0.00336868	0.23463	-0.940713	-0.00276403
129	2.51383e-09	1.01781	0.285211	-0.00205605	-0.26653	0.937283	0.00172129
130	2.51383e-09	-0.967557	-0.454698	0.00417908	0.41286	-0.871425	0.0016136
131	2.51383e-09	-0.842857	-0.693697	0.000827915	0.608297	-0.739375	0.00113588
132	2.51383e-09	0.962863	0.455712	-0.00282412	-0.410714	0.880919	-0.00210666
133	2.51383e-09	1.00763	0.364761	0.00142695	-0.332613	0.906392	0.000655112
134	2.51383e-09	-0.106724	-1.04514	0.000389724	0.97294	-0.100682	-0.00115278
135	2.51383e-09	0.888025	0.568985	-0.000633658	-0.528897	0.820131	0.00283916
136	2.51383e-09	-0.249103	-1.06362	0.00152954	0.931006	-0.219077	-0.000190562
137	2.51383e-09	0.256387	-1.02623	0.000122119	0.944166	0.236548	0.00220467
138	2.51383e-09	1.05329	-0.169239	-0.00243373	0.149751	0.954496	-0.00313704
139	2.51383e-09	0.816232	-0.678734	0.00378734	0.619464	0.746202	-0.000427167
140	2.51383e-09	-0.320753	1.03579	-0.000255904	-0.92075	-0.281031	-0.001285
141	2.51383e-09	0.52496	0.917587	2.36858e-06	-0.84665	0.484821	0.0013126
142	2.51383e-09	0.399619	-0.985498	0.00101697	0.902448	0.367665	-0.00273496
143	2.51383e-09	-0.86914	-0.63027	-0.00268662	0.573672	-0.7745	-0.00154478
144	2.51383e-09	-1.06852	-0.172469	0.000479516	0.158303	-0.948249	0.00233893
145	2.51383e-09	1.00689	-0.305288	0.000930862	0.283155	0.933008	0.00251314
146	2.51383e-09	-0.594492	0.919593	-0.00384407	-0.805921	-0.51555	0.000302299
147	2.51383e-09	0.917754	0.569788	0.000859193	-0.508923	0.818014	0.00261646
148	2.51383e-09	0.997983	-0.415114	-0.00146697	0.37279	0.889311	0.000797643
149	2.51383e-09	-0.604808	-0.853059	-0.000503489	0.800231	-0.570313	-0.00251459
150	2.51383e-09	0.247242	-1.04137	-0.00125794	0.944676	0.211408	0.00132185
151	2.51383e-09	-0.504734	0.967188	-0.00151448	-0.845157	-0.444523	0.00226169
152	2.51383e-09	1.08798	-0.0279084	-0.00032588	0.031673	0.953516	0.000334962
153	2.51383e-09	1.07138	-0.178285	-0.00262139	0.153212	0.946539	-0.00291769
154	2.51383e-09	-1.05613	-0.335215	-0.0037279	0.284733	-0.90439	0.00129303
155	2.51383e-09	-1.07325	0.116216	-0.000804942	-0.105912	-0.958222	0.000802818
156	2.51383e-09	-0.895197	0.647408	-0.00286505	-0.551538	-0.770202	0.000659296
157	2.51383e-09	0.347784	1.01258	-2.62762e-05	-0.911453	0.316024	0.00155577
158	2.51383e-09	0.974719	-0.491271	-0.00256606	0.438058	0.851957	0.00194336
159	2.51383e-09	0.339793	1.01502	0.000340472	-0.917754	0.306319	-0.000167765
160	2.51383e-09	0.570778	0.915898	-0.00218761	-0.818315	0.504716	0.000662276
161	2.51383e-09	-0.0453979	-1.08398	-0.00266886	0.95953	-0.0403235	0.00123262
162	2.51383e-09	-0.475432	0.961269	-0.00145807	-0.867314	-0.429692	-0.000592779
163	2.51383e-09	0.889776	0.613742	0.000525612	-0.552845	0.78754	-0.000139231
164	2.51383e-09	-0.656913	0.849875	0.0047831	-0.766931	-0.588147	-0.000758402
165	2.51383e-09	0.966764	-0.51362	0.00161909	0.446713	0.845978	-0.00103809
166	2.51383e-09	-1.06651	-0.0758681	-0.000448233	0.0672544	-0.966527	0.00150903
167	2.51383e-09	-0.500788	-0.92686	-0.0012485	0.858812	-0.467979	0.00141885
168	2.51383e-09	-0.853848	-0.66077	-0.00133634	0.586809	-0.766434	-0.000988736
169	2.51383e-09	-0.374293	-1.0247	0.00117546	0.897814	-0.324866	0.00060196
170	2.51383e-09	-0.0513584	-1.09443	0.00238244	0.952991	-0.0424351	-0.00111105
171	2.51383e-09	0.322527	1.04053	0.000890318	-0.918894	0.281471	0.000145759
172	2.51383e-09	1.08045	-0.284858	-0.000208486	0.239998	0.913892	-0.00156935
173	2.51383e-09	1.10082	-0.0361359	-0.00278473	0.0293578	0.95185	-0.00107168
174	2.51383e-09	1.07241	-0.242949	-0.000909158	0.211758	0.929558	0.00233868
175	2.51383e-09	0.917331	0.598808	-0.00147124	-0.521232	0.797047	0.00145123
176	2.51383e-09	1.06048	-0.234173	0.000219596	0.207634	0.935287	0.00256474
177	2.51383e-09	-1.09119	-0.2163	0.00244901	0.185577	-0.929797	-0.00248509
178	2.51383e-09	0.468139	0.984452	-0.00183372	-0.863479	0.41167	-0.000178075
179	2.51383e-09	1.09273	-0.150712	-0.00133295	0.125163	0.94314	-0.00350677
180	2.51383e-09	-0.14299	-1.07061	0.000693066	0.952548	-0.125899	0.00199279
181	2.51383e-09	-1.01362	0.433273	0.000838522	-0.377298	-0.87346	0.00161493
182	2.51383e-09	-1.0168	-0.414443	0.00196069	0.359598	-0.882844	-0.000171987
183	2.51383e-09	1.07871	-0.14758	0.000940192	0.132739	0.950317	-0.000466441
184	2.51383e-09	0.225824	1.0868	0.00217906	-0.930104	0.192339	-0.000586005
185	2.51383e-09	0.0212324	-1.08846	0.00100888	0.957665	0.0137563	0.00274871
186	2.51383e-09	0.624248	0.891729	0.0020365	-0.788253	0.548119	0.00115222
187	2.51383e-09	-0.217409	1.04108	0.00154366	-0.95167	-0.195205	-0.00266611
188	2.51383e-09	0.55138	-0.946402	0.0015256	0.825726	0.4856	0.00199553
189	2.51383e-09	0.759781	0.783255	-0.00174029	-0.689137	0.665688	-0.00260682
190	2.51383e-09	0.10505	-1.10594	-0.000341557	0.939902	0.0920909	1.38134e-06
191	2.51383e-09	0.49419	-0.97287	0.00178908	0.852684	0.431327	-0.00115631
192	2.51383e-09	0.406957	-1.02506	0.00193334	0.881782	0.356787	-0.000947233
193	2.51383e-09	-0.864872	-0.690426	-0.00198498	0.593452	-0.74482	0.00291803
194	2.51383e-09	-1.05336	0.377892	-0.00135612	-0.318937	-0.888656	-0.000981546
195	2.51383e-09	1.05879	0.215954	-0.00135989	-0.195618	0.942307	0.000141161
196	2.51383e-09	-0.9648	0.51841	-0.00270643	-0.447274	-0.84328	0.0021066
197	2.51383e-09	-0.515671	0.957692	0.00277396	-0.843542	-0.454757	0.000267937
198	2.51383e-09	0.796193	0.768471	-0.000990241	-0.66092	0.685085	0.00108026
199	2.51383e-09	-0.693579	-0.859951	-0.0041506	0.742278	-0.594404	-0.00170656
200	2.51383e-09	-0.23466	-1.08551	0.000408756	0.928092	-0.197561	-0.000491979
201	2.51383e-09	-0.479554	0.990694	-0.0015727	-0.856875	-0.415611	-0.000960671
202	2.51383e-09	-0.605485	0.901561	0.000617152	-0.798839	-0.535392	-0.00167282
203	2.51383e-09	0.72683	0.798756	0.000317459	-0.714885	0.645009	0.00288336
204	2.51383e-09	0.699154	-0.864442	0.00208295	0.733222	0.595006	0.00170257
205	2.51383e-09	0.39258	-1.06522	0.000265255	0.878187	0.322629	-0.000343672
206	2.51383e-09	1.05156	0.310996	-0.000174263	-0.268377	0.917161	0.00160278
207	2.51383e-09	-1.1086	0.126771	0.00442872	-0.107657	-0.941009	-0.00120733
208	2.51383e-09	-0.538448	-0.961025	-0.00172989	0.832948	-0.459059	-0.00107061
209	2.51383e-09	0.761743	-0.808945	-0.00347751	0.687971	0.649029	0.000573201
210	2.51383e-09	0.0388376	1.10105	-0.000692964	-0.954839	0.0309799	0.00126769
211	2.51383e-09	0.772618	0.778735	0.00138954	-0.675931	0.676905	0.00164518
212	2.51383e-09	1.04979	0.391711	-0.000521223	-0.33341	0.889272	-0.00201566
213	2.51383e-09	-0.856885	0.709989	0.00244401	-0.608018	-0.726863	-0.00230895
214	2.51383e-09	1.02274	-0.404946	0.00203957	0.356525	0.884021	0.000528323
215	2.51383e-09	-0.00114934	-1.12313	-0.0014072	0.942571	-0.000958076	-0.000433831
216	2.51383e-09	-0.303	-1.05754	-6.6882e-06	0.918735	-0.267539	-0.000305522
217	2.51383e-09	-0.497898	-1.00614	0.00215095	0.84394	-0.416563	0.000352615
218	2.51383e-09	1.02866	-0.309458	0.00454418	0.283113	0.92256	-0.00444054
219	2.51383e-09	-1.11259	0.236734	-0.000446083	-0.197027	-0.915812	-0.00112915
220	2.51383e-09	1.06908	-0.31364	-0.00354751	0.268988	0.910231	-0.000383919
221	2.51383e-09	0.883593	-0.635342	-0.00148206	0.559864	0.776838	0.00014203
222	2.51383e-09	0.477756	1.00095	-0.00111202	-0.856729	0.407914	-0.00198495
223	2.51383e-09	1.09783	-0.210855	-0.00141514	0.182027	0.926033	0.00100102
224	2.51383e-09	-0.99508	0.437541	-0.000535064	-0.387578	-0.880494	-0.00170038
225	2.51383e-09	-0.243486	1.08151	-0.000878733	-0.929368	-0.207904	0.000721357
226	2.51383e-09	-1.111	0.107579	-0.000121911	-0.0855852	-0.943676	-0.00216836
227	2.51383e-09	-0.65169	-0.89076	-0.000619386	0.769774	-0.558506	-0.000452618
228	2.51383e-09	0.87464	-0.700738	0.000183849	0.590162	0.736125	-0.00180475
229	2.51383e-09	0.968341	0.582662	0.00257352	-0.487061	0.804101	0.0033553
230	2.51383e-09	-0.890353	-0.708959	0.00262502	0.586339	-0.734106	0.000927706
231	2.51383e-09	-0.677864	-0.908082	0.00378549	0.752741	-0.558748	-0.00348098
232	2.51383e-09	0.690204	-0.85822	0.00174138	0.748469	0.590503	-0.0021143
233	2.51383e-09	-0.706015	0.856597	-0.00255882	-0.728643	-0.611258	-0.000587767
234	2.51383e-09	0.412917	1.03668	0.00374542	-0.88035	0.351954	0.00411668
235	2.51383e-09	1.02596	-0.453134	0.00110305	0.388726	0.858105	-0.00295707
236	2.51383e-09	1.12188	-0.0528108	-7.84304e-05	0.038883	0.94513	0.0011598
237	2.51383e-09	-0.287591	1.06275	0.00133972	-0.921727	-0.24076	-0.00377456
238	2.51383e-09	-0.914425	-0.696911	0.00181778	0.571215	-0.737885	0.000376482
239	2.51383e-09	0.417154	1.02584	0.00225847	-0.878047	0.360606	0.00200282
240	2.51383e-09	-0.253934	-1.09043	0.00315871	0.924726	-0.208487	0.000118216
241	2.51383e-09	-0.930773	0.603167	-0.000799601	-0.516748	-0.79935	0.00202999
242	2.51383e-09	0.310269	-1.11883	-0.0034567	0.892523	0.248341	0.000833019
243	2.51383e-09	0.931066	-0.642166	-0.00354785	0.531211	0.774751	0.00220435
244	2.51383e-09	1.123	-0.159752	0.000956929	0.132061	0.93152	0.00264431
245	2.51383e-09	0.697714	0.884651	0.00437415	-0.7382	0.585452	0.00032733
246	2.51383e-09	0.916892	0.663547	-0.000251183	-0.547992	0.766243	-0.00261627
247	2.51383e-09	0.722755	0.832251	0.00105509	-0.724149	0.618611	-0.00273474
248	2.51383e-09	-0.966934	-0.573603	-0.000507607	0.481467	-0.810161	-0.00059823
249	2.51383e-09	0.515284	0.990708	-0.000805898	-0.843318	0.43723	0.00153807
250	2.51383e-09	1.11145	0.232687	-0.0013202	-0.1917	0.918496	-0.00108911
251	2.51383e-09	0.898282	-0.662656	-0.000318	0.564855	0.761909	0.00195807
252	2.51383e-09	-0.805916	0.777009	-0.000356231	-0.653207	-0.681002	-0.00113616
253	2.51383e-09	-1.11567	-0.200787	-0.00199961	0.168945	-0.922424	-0.00361738
254	2.51383e-09	-0.0700304	-1.11872	0.00104369	0.946344	-0.0621431	-0.000482185
255	2.51383e-09	-0.713908	-0.881965	0.000967076	0.729789	-0.591967	-0.000564752
256	2.51383e-09	-0.894604	0.717491	-0.000829765	-0.586963	-0.723198	0.000483139
257	2.51383e-09	1.00778	0.491832	0.00294374	-0.413422	0.849641	-2.61607e-05
258	2.51383e-09	-0.75684	-0.833849	-0.0019219	0.693936	-0.637417	-0.000560136
259	2.51383e-09	-1.07724	0.345497	8.20758e-05	-0.284743	-0.894743	0.000419388
260	2.51383e-09	-0.881239	-0.696874	0.00451835	0.58346	-0.741967	-0.000876073
261	2.51383e-09	-0.994543	-0.550854	0.00168656	0.450726	-0.822666	-0.000989401
262	2.51383e-09	0.795899	-0.770243	0.00185612	0.658358	0.688387	-0.00363059
263	2.51383e-09	-0.401365	1.06442	-0.00368853	-0.880598	-0.327641	0.00164802
264	2.51383e-09	-0.916425	0.641073	-0.000601522	-0.539702	-0.776194	0.000899251
265	2.51383e-09	0.176803	-1.1324	0.000845489	0.922137	0.144839	-0.00308238
266	2.51383e-09	0.527412	-1.00495	-0.000242975	0.83152	0.436324	0.000381844
267	2.51383e-09	-0.797318	-0.775537	-0.00187921	0.660845	-0.684976	-0.000176778
268	2.51383e-09	-1.01789	0.486559	-0.00158131	-0.40369	-0.852853	-0.00268948
269	2.51383e-09	0.436768	1.05818	-0.000919093	-0.86341	0.360588	0.00189656
270	2.51383e-09	-0.481474	-1.0218	0.00025635	0.847712	-0.404252	-0.0021004
271	2.51383e-09	-0.345938	-1.09489	-0.00095999	0.890351	-0.278956	0.00142256
272	2.51383e-09	0.92852	0.668383	0.00432464	-0.543488	0.759998	-0.00131858
273	2.51383e-09	-1.14343	0.0632928	0.000658453	-0.0551483	-0.931577	-0.000145256
274	2.51383e-09	-0.974055	-0.562253	0.00130363	0.465374	-0.820565	0.00130154
275	2.51383e-09	0.937374	0.64518	0.000422283	-0.529125	0.774695	0.00206539
276	2.51383e-09	-0.900243	-0.708232	0.00162718	0.581258	-0.735207	0.00223634
277	2.51383e-09	0.128362	-1.12349	0.00229834	0.93874	0.109854	0.00375227
278	2.51383e-09	0.925123	-0.672672	0.00358076	0.547564	0.758378	0.000861842
279	2.51383e-09	0.812621	-0.867994	0.00129951	0.664214	0.626934	2.2547e-05
280	2.51383e-09	0.220652	-1.14448	0.00207961	0.907029	0.177673	0.000984018
281	2.51383e-09	-1.10724	-0.269179	0.0016121	0.215036	-0.909858	-0.000937115
282	2.51383e-09	1.11733	-0.250626	0.000256764	0.204278	0.911034	-0.00222164
283	2.51383e-09	0.910758	0.691563	-0.00049825	-0.565094	0.741482	-0.00352429
284	2.51383e-09	-0.106789	1.14821	0.00119429	-0.925968	-0.0899799	-0.00170707
285	2.51383e-09	0.763778	0.856173	-0.00202843	-0.697681	0.621875	0.000764885
286	2.51383e-09	-0.638126	0.944906	0.00213733	-0.777263	-0.523204	-6.63017e-05
287	2.51383e-09	-1.08916	-0.287833	-0.00201454	0.245491	-0.912198	0.000815422
288	2.51383e-09	-0.874596	-0.741544	-0.00155719	0.607657	-0.711558	-0.000688449
289	2.51383e-09	-0.703986	-0.899188	0.00258862	0.739819	-0.578421	0.00204856
290	2.51383e-09	-0.11324	1.13816	-0.00298541	-0.928145	-0.0910745	-0.000837024
291	2.51383e-09	0.207343	1.1273	0.00163861	-0.919734	0.168665	-0.000472743
292	2.51383e-09	-0.303711	1.11539	-0.000106723	-0.896471	-0.242695	0.00184615
293	2.51383e-09	-1.14214	0.0612577	0.00116431	-0.0500911	-0.929924	-4.63445e-06
294	2.51383e-09	0.291046	1.13104	-0.00538914	-0.894552	0.233503	0.00313787
295	2.51383e-09	0.418884	-1.07218	0.00118559	0.870097	0.333623	-0.000502605
296	2.51383e-09	-0.833337	0.798117	0.00489357	-0.644363	-0.672346	-0.00176933
297	2.51383e-09	-0.939384	-0.638786	0.00054374	0.525432	-0.777284	0.00028494
298	2.51383e-09	-0.111783	1.15257	-0.00162963	-0.922723	-0.0881493	-0.00135009
299	2.51383e-09	1.07068	0.488064	0.00212054	-0.387132	0.832973	-0.00071402
300	2.51383e-09	0.841354	0.810386	0.000894704	-0.643576	0.664349	-0.00213756
301	2.51383e-09	1.16657	-0.114521	-0.00263768	0.0870376	0.916032	0.000541792
302	2.51383e-09	0.84999	0.800222	-0.0026951	-0.629128	0.678559	-0.00303732
303	2.51383e-09	0.723179	0.909169	0.000810003	-0.725547	0.574004	-0.000431302
304	2.51383e-09	-0.721873	-0.933726	0.0011341	0.727175	-0.560256	-0.000993742
305	2.51383e-09	1.08547	-0.386394	-0.00295054	0.312183	0.877655	-0.000589688
306	2.51383e-09	-0.679787	-0.92154	0.000398062	0.751743	-0.554031	-0.00214847
307	2.51383e-09	0.23658	1.13926	0.000739133	-0.907218	0.189004	0.00235175
308	2.51383e-09	-0.591926	-1.0054	0.00232884	0.796706	-0.474269	0.000226063
309	2.51383e-09	-0.919991	0.680462	0.00315774	-0.555401	-0.748601	-5.26925e-05
310	2.51383e-09	-0.953695	0.672403	-0.00203941	-0.533302	-0.753904	0.0015717
311	2.51383e-09	0.231002	-1.13759	0.004381	0.909882	0.18352	-8.30781e-05
312	2.51383e-09	1.13459	0.228768	0.000330036	-0.179407	0.916558	-0.00225556
313	2.51383e-09	1.05579	0.442928	-0.00152669	-0.361846	0.864236	-0.00310834
314	2.51383e-09	0.652373	0.946954	0.000262854	-0.768903	0.524659	-0.00151328
315	2.51383e-09	0.255934	-1.12854	-0.00118482	0.909462	0.20513	-0.00241102
316	2.51383e-09	1.16495	0.163021	0.00145307	-0.124092	0.912267	-0.00152196
317	2.51383e-09	0.655261	0.957307	0.00343123	-0.769693	0.519379	-0.000951156
318	2.51383e-09	-1.06197	0.462551	0.000649176	-0.368384	-0.853937	0.00153877
319	2.51383e-09	-1.02538	0.563035	-0.00281596	-0.44161	-0.811898	0.000169982
320	2.51383e-09	1.11427	0.374119	0.000425186	-0.2965	0.87546	-0.00151155
321	2.51383e-09	-0.850121	-0.79566	-0.00151636	0.63427	-0.675417	-8.37394e-05
322	2.51383e-09	0.620856	-0.978619	0.002897	0.784527	0.495966	-0.00277346
323	2.51383e-09	1.14848	-0.137796	-0.0015562	0.103884	0.924353	0.000273248
324	2.51383e-09	1.16709	-0.202925	0.00209706	0.155304	0.906005	0.00031706
325	2.51383e-09	-1.14062	-0.223368	-0.0013356	0.1783	-0.907135	0.0023622
326	2.51383e-09	-1.1434	-0.237813	-0.0067738	0.186868	-0.910367	0.000119618
327	2.51383e-09	-1.16967	0.0944429	0.0023959	-0.0745739	-0.920147	-0.00033825
328	2.51383e-09	-0.121234	-1.12761	-0.00484644	0.933778	-0.104806	-0.00064905
329	2.51383e-09	-1.13923	0.243977	-0.00135165	-0.195717	-0.909467	-8.92673e-05
330	2.51383e-09	1.14603	0.140329	0.000222926	-0.115389	0.924458	0.00182509
331	2.51383e-09	1.0932	0.371913	0.000306431	-0.298312	0.879767	-0.00261685
332	2.51383e-09	0.00424039	1.17759	-0.00192401	-0.922543	-0.000297616	-0.00224197
333	2.51383e-09	0.624448	0.996346	0.00121777	-0.78022	0.490459	-0.000696585
334	2.51383e-09	0.104198	-1.16372	0.000301996	0.92242	0.0865651	0.00104418
335	2.51383e-09	-0.135215	-1.17932	0.00125374	0.910167	-0.107553	-0.00039775
336	2.51383e-09	0.210655	-1.1517	-0.000489712	0.910982	0.165401	0.00203772
337	2.51383e-09	1.05275	0.52655	-0.00206132	-0.409374	0.828878	0.000327755
338	2.51383e-09	-0.66505	-0.952085	0.000599957	0.760155	-0.531639	-0.000207474
339	2.51383e-09	-0.777454	-0.897412	0.00381837	0.69423	-0.597876	0.00200031
340	2.51383e-09	-0.477455	-1.0846	-0.00260144	0.835696	-0.376185	0.000837955
341	2.51383e-09	-0.256459	1.16471	0.000274555	-0.893093	-0.192343	0.000430745
342	2.51383e-09	-0.610986	0.979253	-0.0019198	-0.788644	-0.49625	-0.00152726
343	2.51383e-09	1.00863	0.591657	-0.0013395	-0.468421	0.794886	0.00119745
344	2.51383e-09	0.438395	1.09138	0.00250271	-0.855885	0.344553	-0.000245337
345	2.51383e-09	-0.75696	0.877597	0.00287585	-0.701769	-0.608051	-0.00188186
346	2.51383e-09	0.967803	0.64999	0.00160876	-0.516616	0.772691	0.00170861
347	2.51383e-09	0.937179	0.715309	-0.000259186	-0.560453	0.731221	0.000372481
348	2.51383e-09	-1.11935	0.360396	0.00140252	-0.280366	-0.878497	0.00176393
349	2.51383e-09	0.595223	1.01957	0.00119128	-0.79629	0.463141	0.000259783
350	2.51383e-09	1.08329	0.43496	-0.00033027	-0.342285	0.860283	-0.0022146
351	2.51383e-09	0.300354	-1.16118	0.00129952	0.884707	0.224158	-0.00249852
352	2.51383e-09	0.057757	-1.16429	-0.00101121	0.926651	0.0503331	-0.000583722
353	2.51383e-09	0.514065	-1.08075	-0.00396312	0.82688	0.387158	-0.000157846
354	2.51383e-09	-1.15769	0.236504	0.000354985	-0.184228	-0.899224	0.00158748
355	2.51383e-09	-0.0234941	1.15094	0.0017008	-0.932101	-0.0186957	3.93471e-05
356	2.51383e-09	1.16208	0.316991	-0.00220888	-0.243395	0.877583	-0.000399501
357	2.51383e-09	0.0667823	1.17165	-0.00345964	-0.920569	0.0517425	-0.000224545
358	2.51383e-09	1.19438	0.0304615	0.00322112	-0.0245461	0.914636	-0.000398572
359	2.51383e-09	1.20209	-0.128999	0.00212293	0.099019	0.902692	0.00180436
360	2.51383e-09	1.17684	-0.0776345	0.000481961	0.0556554	0.918583	0.000240894
361	2.51383e-09	-1.11093	0.395094	0.00170434	-0.304984	-0.868868	-4.49905e-05
362	2.51383e-09	0.913407	-0.724895	0.00280295	0.581301	0.722254	0.000262721
363	2.51383e-09	0.170552	-1.16692	0.00161729	0.911561	0.139332	-0.000163323
364	2.51383e-09	0.163914	1.15541	0.000471961	-0.91635	0.127407	-0.00154617
365	2.51383e-09	-0.320272	-1.15364	0.00176284	0.883059	-0.239127	5.06659e-05
366	2.51383e-09	-1.19063	0.0714821	0.000817141	-0.0601867	-0.913466	0.0020765
367	2.51383e-09	0.471994	1.07008	-0.00021472	-0.850299	0.369979	0.00321488
368	2.51383e-09	-0.673544	-0.996422	0.000658039	0.75686	-0.506325	-0.00174274
369	2.51383e-09	-0.586825	-1.04724	-0.00118121	0.791829	-0.444984	-0.0023847
370	2.51383e-09	0.26075	-1.15689	-0.0001661	0.89625	0.205923	-0.00276567
371	2.51383e-09	0.844672	-0.865602	0.00109087	0.654735	0.632077	0.00139285
372	2.51383e-09	1.06088	0.550634	-0.00231811	-0.418735	0.815759	0.0022929
373	2.51383e-09	1.11782	0.390277	0.000737615	-0.304709	0.865836	0.00017153
374	2.51383e-09	0.266867	1.17607	-0.00380982	-0.888773	0.205935	-0.000930018
375	2.51383e-09	1.16093	-0.299547	-0.00343372	0.229428	0.883149	0.00104503
376	2.51383e-09	-0.254941	1.15214	-0.000661549	-0.899045	-0.203712	1.45023e-06
377	2.51383e-09	0.936969	-0.73163	-7.30854e-05	0.560969	0.72609	-0.0020268
378	2.51383e-09	0.475712	1.09379	0.00050228	-0.841313	0.364077	0.000134777
379	2.51383e-09	-1.1083	-0.428718	0.000501419	0.336784	-0.851031	-0.00344877
380	2.51383e-09	-0.21904	1.1526	0.00132019	-0.909158	-0.172242	0.00106674
381	2.51383e-09	0.0704323	1.18455	-0.00289599	-0.918155	0.0527399	0.000617866
382	2.51383e-09	-1.01462	-0.647467	-0.00125722	0.494187	-0.764602	0.000339954
383	2.51383e-09	1.18136	0.0374819	0.00014405	-0.0267039	0.918361	0.000897356
384	2.51383e-09	0.607001	1.03495	0.00589969	-0.789359	0.462714	0.000287626
385	2.51383e-09	-0.599717	1.00802	-0.00174394	-0.794144	-0.472766	-0.000855054
386	2.51383e-09	-0.0780788	1.1951	-0.0011604	-0.910777	-0.0642106	-0.00219487
387	2.51383e-09	-0.517735	1.08431	0.00321614	-0.821879	-0.395221	0.000678822
388	2.51383e-09	0.333332	-1.16089	-0.00118061	0.872138	0.246727	-0.000195951
389	2.51383e-09	1.15616	0.273841	0.00495485	-0.210427	0.89217	0.00112874
390	2.51383e-09	0.34531	-1.13775	-0.00176815	0.875337	0.264443	-0.00073277
391	2.51383e-09	-1.0578	-0.580463	-0.000214026	0.443656	-0.795795	0.00159191
392	2.51383e-09	0.894372	0.795339	-0.00202062	-0.609023	0.683481	-0.00475643
393	2.51383e-09	1.16832	-0.334719	-0.00219869	0.256154	0.868746	-0.000275914
394	2.51383e-09	0.95148	0.729087	-0.00028734	-0.553602	0.728733	0.0009315
395	2.51383e-09	0.148779	-1.19199	0.000374719	0.903839	0.109361	-0.00112895
396	2.51383e-09	-0.140412	1.21465	-0.000193634	-0.894322	-0.110297	-0.00183549
397	2.51383e-09	0.898867	0.797923	-0.00104632	-0.603996	0.684694	0.00251091
398	2.51383e-09	-0.8907	0.803713	-3.23441e-05	-0.61205	-0.679025	0.00131788
399	2.51383e-09	0.582409	1.04543	-0.00103225	-0.798171	0.445154	0.00200399
400	2.51383e-09	-0.112487	-1.18613	-0.000771548	0.914762	-0.0887296	0.0018709
