7.077000e+03
401
0	1	0.000326999	0.000202885	-2.9848e-07	3.1643e-09	1.27927e-08	-1.08883e-10
1	2.51383e-09	-0.277263	0.975983	-0.00139314	-0.952154	-0.273101	-0.00167625
2	2.51383e-09	0.987682	-0.188536	0.000254734	0.191158	0.977344	-0.000143417
3	2.51383e-09	0.787399	0.611141	0.000478374	-0.611883	0.794134	0.00145139
4	2.51383e-09	0.731734	0.695471	0.0017004	-0.684249	0.721466	0.000617157
5	2.51383e-09	-0.28017	-0.95553	-0.000102858	0.961879	-0.283405	-0.000948925
6	2.51383e-09	-0.631471	-0.782771	-0.00156583	0.777311	-0.625161	0.0024936
7	2.51383e-09	-0.0576747	-0.999469	0.000815154	0.998254	-0.0612699	0.00121557
8	2.51383e-09	0.750559	-0.656761	-0.00140313	0.663335	0.751198	-3.59546e-05
9	2.51383e-09	0.996831	0.113481	-0.000581836	-0.113047	0.993314	-0.00118707
10	2.51383e-09	0.144442	1.00021	-3.84761e-05	-0.985795	0.139423	0.000557175
11	2.51383e-09	0.91055	-0.398874	-1.8137e-05	0.401092	0.920593	-0.000827133
12	2.51383e-09	-1.00842	0.0501725	3.82056e-05	-0.0487948	-0.995421	-0.00206984
13	2.51383e-09	0.144428	0.995033	-0.00149035	-0.98748	0.145713	-0.00219107
14	2.51383e-09	-0.699347	0.73038	-0.00210976	-0.717447	-0.688669	-0.00213289
15	2.51383e-09	0.9528	-0.307171	0.00151547	0.312295	0.950882	0.000378792
16	2.51383e-09	-0.265158	0.954908	-0.000342104	-0.971205	-0.269365	0.00188735
17	2.51383e-09	0.880912	-0.50737	2.28514e-05	0.493878	0.8562	-0.0024405
18	2.51383e-09	0.295886	-0.980451	0.000487411	0.947149	0.279063	-0.000865331
19	2.51383e-09	0.713845	-0.723008	0.0016034	0.69998	0.704191	-0.00162444
20	2.51383e-09	-0.594486	0.836732	-0.002729	-0.804884	-0.571499	-0.00101718
21	2.51383e-09	-0.933287	-0.380812	0.003159	0.37589	-0.921564	0.00243641
22	2.51383e-09	-0.95092	0.387083	-0.00291844	-0.374703	-0.911376	-0.00116213
23	2.51383e-09	-0.811962	-0.604876	-0.00170998	0.598624	-0.794742	0.001833
24	2.51383e-09	-0.3965	0.931452	-0.0014422	-0.918253	-0.382432	-7.97986e-06
25	2.51383e-09	0.989278	0.228232	0.00196619	-0.227017	0.966927	-0.00206782
26	2.51383e-09	0.646547	-0.782117	-0.000873054	0.764553	0.636438	-0.00148071
27	2.51383e-09	-0.477937	-0.875059	-0.00044187	0.880374	-0.480655	0.00104771
28	2.51383e-09	-0.96185	-0.290063	0.00179715	0.28795	-0.957107	0.0014223
29	2.51383e-09	0.700413	-0.734463	-0.00289304	0.719788	0.682792	-0.000997247
30	2.51383e-09	-0.010432	1.00945	-0.000265903	-0.995489	-0.014131	0.00141306
31	2.51383e-09	-0.930745	0.399627	-0.0012381	-0.393157	-0.911468	0.00255477
32	2.51383e-09	0.380177	0.925254	0.00235148	-0.926659	0.381311	0.00380625
33	2.51383e-09	-0.39966	0.952743	0.000338486	-0.9019	-0.387183	-0.00137024
34	2.51383e-09	-1.01439	-0.193434	-0.00300969	0.184454	-0.967242	-0.000738049
35	2.51383e-09	-0.255801	0.984673	0.001493	-0.961346	-0.246794	0.00303045
36	2.51383e-09	-0.665893	0.77268	0.00209873	-0.748191	-0.644009	0.000390965
37	2.51383e-09	-0.206129	-0.997017	0.00101776	0.970483	-0.198602	0.00234754
38	2.51383e-09	0.367858	0.929904	0.00332544	-0.931555	0.365828	0.000552405
39	2.51383e-09	-0.98855	-0.208609	-0.00130095	0.199363	-0.975127	-0.00167463
40	2.51383e-09	-0.667911	0.757275	0.000245776	-0.748449	-0.660441	0.000441009
41	2.51383e-09	0.643125	0.784164	-0.00278717	-0.768113	0.630356	0.00156946
42	2.51383e-09	-1.03112	0.0701124	0.00307272	-0.0639677	-0.982327	0.000954216
43	2.51383e-09	0.0251978	1.01031	0.00240649	-0.995627	0.0180276	0.0016015
44	2.51383e-09	0.953986	-0.395615	2.82042e-05	0.381003	0.909589	0.00189615
45	2.51383e-09	-0.646466	-0.786663	-0.000814013	0.767538	-0.630325	0.00217338
46	2.51383e-09	0.841541	0.572599	-0.00103647	-0.554596	0.822866	-1.40822e-05
47	2.51383e-09	-0.5288	-0.870056	-0.00111281	0.844308	-0.517254	-0.000451165
48	2.51383e-09	0.356381	0.961775	0.000779117	-0.924655	0.347015	0.00109085
49	2.51383e-09	0.0171865	1.01189	0.0019522	-0.992731	0.0177127	0.00161917
50	2.51383e-09	-0.410815	0.954169	-0.000939469	-0.900309	-0.384959	-0.00272051
51	2.51383e-09	-0.554866	-0.836601	-0.00119462	0.832722	-0.551368	0.00074402
52	2.51383e-09	0.107143	1.03252	-0.000220999	-0.974197	0.103751	0.000260363
53	2.51383e-09	-0.434448	-0.928487	0.00164045	0.893006	-0.422564	0.00170335
54	2.51383e-09	0.956853	0.36292	0.00206135	-0.349459	0.92535	0.000294139
55	2.51383e-09	1.01649	-0.214861	0.00052691	0.199841	0.959228	-0.00144129
56	2.51383e-09	-0.808115	0.61756	-0.000809242	-0.605215	-0.788269	0.0010542
57	2.51383e-09	-0.986262	0.352662	-0.00140245	-0.332881	-0.919301	0.00105966
58	2.51383e-09	0.413931	0.955293	-0.0028563	-0.900391	0.392093	0.000778922
59	2.51383e-09	0.569316	0.849097	-0.00386684	-0.825989	0.547684	0.000577895
60	2.51383e-09	1.00368	0.235427	0.00125203	-0.22662	0.957866	0.000230258
61	2.51383e-09	-0.478258	-0.920198	0.00226613	0.872351	-0.448956	0.00262526
62	2.51383e-09	-1.02465	-0.0749894	0.000445277	0.0719117	-0.984247	-0.000306941
63	2.51383e-09	0.296452	0.991302	-0.00127194	-0.939189	0.280339	-0.000228743
64	2.51383e-09	-0.973963	-0.318676	0.00137865	0.308594	-0.942063	-0.000690094
65	2.51383e-09	-0.695808	0.756385	0.000883697	-0.727161	-0.666975	0.00192728
66	2.51383e-09	-0.789398	-0.663749	0.00203121	0.63605	-0.74652	-0.00284578
67	2.51383e-09	-0.997077	-0.330282	0.000843711	0.303942	-0.925126	-0.00143592
68	2.51383e-09	-0.150307	1.01659	0.00215548	-0.976787	-0.144999	-0.00197538
69	2.51383e-09	-0.690739	-0.779359	-0.000493578	0.734336	-0.646923	-0.00401708
70	2.51383e-09	0.213631	-1.00391	0.000571665	0.966037	0.206755	-0.00023022
71	2.51383e-09	-0.608837	0.842663	0.00334059	-0.791691	-0.576189	-0.00248724
72	2.51383e-09	-0.622426	-0.86103	-0.00197463	0.783572	-0.568815	0.0012138
73	2.51383e-09	0.485842	-0.912852	-0.00114707	0.86964	0.458553	0.000146032
74	2.51383e-09	-0.202588	-1.03722	0.00178389	0.955459	-0.182696	0.00142909
75	2.51383e-09	-1.03165	-0.130468	-0.00101939	0.121408	-0.973769	-0.000435385
76	2.51383e-09	0.891165	-0.548431	0.00223428	0.51866	0.829754	0.00109282
77	2.51383e-09	-0.531231	0.919706	-0.000802152	-0.838821	-0.488709	-4.08458e-05
78	2.51383e-09	0.334054	0.988941	-0.000388309	-0.925323	0.3225	0.0019516
79	2.51383e-09	-1.00608	-0.260233	-0.00238699	0.242542	-0.947968	-0.00384703
80	2.51383e-09	-0.439036	-0.947109	0.00141641	0.887289	-0.412727	0.00222498
81	2.51383e-09	-0.976341	0.35047	-0.0021785	-0.327358	-0.925136	0.00214276
82	2.51383e-09	-0.138836	-1.04412	-0.000646676	0.9641	-0.13505	-1.26794e-05
83	2.51383e-09	1.03721	0.0865851	-0.000928389	-0.0831686	0.975126	0.00038908
84	2.51383e-09	-0.908654	-0.515886	0.000462087	0.480819	-0.851834	0.000340245
85	2.51383e-09	0.168309	1.01004	-0.000446143	-0.975808	0.161182	0.00169835
86	2.51383e-09	-0.672763	-0.796886	-0.000922905	0.749568	-0.62994	0.000541035
87	2.51383e-09	1.02269	-0.210659	-0.000918166	0.193025	0.959842	0.000328184
88	2.51383e-09	-1.03306	-0.104766	-0.00210641	0.100175	-0.975217	0.00205381
89	2.51383e-09	-1.05371	-0.110075	0.00177982	0.1012	-0.964315	0.00218532
90	2.51383e-09	1.02216	-0.23748	0.00222208	0.225134	0.95032	-0.00330246
91	2.51383e-09	-1.02679	-0.0578829	0.0040973	0.0538182	-0.98608	-0.00131163
92	2.51383e-09	0.853423	-0.619019	-0.00111063	0.571745	0.787908	-0.00162491
93	2.51383e-09	-1.0605	-0.112115	-0.000225236	0.100033	-0.961532	-0.000176691
94	2.51383e-09	-0.199334	1.01582	0.00134459	-0.965739	-0.191475	-0.00270094
95	2.51383e-09	0.267228	-0.999397	-0.00109395	0.951871	0.249505	-0.000437181
96	2.51383e-09	0.216189	-1.03041	-0.00155209	0.954613	0.205335	0.00225992
97	2.51383e-09	-0.838999	-0.627448	0.000659275	0.589822	-0.782233	-0.00175485
98	2.51383e-09	1.04197	-0.180505	0.000474558	0.160383	0.959144	0.00129664
99	2.51383e-09	1.07271	0.0564037	-0.000638582	-0.0442989	0.961879	-0.00109676
100	2.51383e-09	-0.399883	0.971289	0.0012089	-0.904755	-0.371773	0.00295728
101	2.51383e-09	-1.03403	-0.00662012	-0.000572239	0.00367861	-0.981059	0.000145467
102	2.51383e-09	-0.942531	-0.398783	0.00111792	0.389658	-0.910144	-0.00087493
103	2.51383e-09	0.811718	-0.67046	-0.00332856	0.619656	0.751303	-0.000206717
104	2.51383e-09	-0.928248	-0.482704	-0.000305402	0.445478	-0.869657	0.00159765
105	2.51383e-09	-0.547879	-0.877825	-0.000856682	0.835967	-0.521563	0.00131263
106	2.51383e-09	-0.143778	-1.03724	-0.000832138	0.967718	-0.136679	-0.000576544
107	2.51383e-09	-1.00379	0.342364	-0.00223232	-0.313758	-0.917428	-0.00137432
108	2.51383e-09	-0.949766	-0.495326	0.00153571	0.4457	-0.85535	-0.00126844
109	2.51383e-09	0.159035	-1.05407	0.00204153	0.95526	0.143877	0.000172697
110	2.51383e-09	-0.0201783	-1.05284	-0.000412106	0.973244	-0.0217687	0.00102978
111	2.51383e-09	0.402923	0.984984	-0.00182255	-0.899258	0.361244	8.90431e-05
112	2.51383e-09	-0.75403	-0.742231	0.00089987	0.681774	-0.696182	0.000663986
113	2.51383e-09	0.108437	-1.05002	-0.000242585	0.970298	0.100161	-0.0014849
114	2.51383e-09	-0.886301	0.568885	0.00163968	-0.526443	-0.81786	0.00106766
115	2.51383e-09	-0.982481	0.421516	-0.00170825	-0.387095	-0.887808	-0.0025377
116	2.51383e-09	-0.195909	1.02689	-0.000899219	-0.962248	-0.184649	0.000277571
117	2.51383e-09	0.931259	-0.507287	-0.000106025	0.466884	0.852227	0.000286032
118	2.51383e-09	0.253845	-1.02703	0.000864011	0.942948	0.234353	-0.00139866
119	2.51383e-09	-0.954417	-0.434195	-0.00334532	0.397807	-0.890974	-0.00256254
120	2.51383e-09	-0.257666	1.01435	-0.000387819	-0.947597	-0.245655	0.00177556
121	2.51383e-09	-0.0277822	1.06412	-0.000304752	-0.96904	-0.0193768	0.00242245
122	2.51383e-09	-0.924975	0.546462	-0.000765095	-0.492479	-0.828808	0.00214176
123	2.51383e-09	0.838949	-0.621274	0.00134338	0.588957	0.781152	-0.000897193
124	2.51383e-09	-0.903386	0.583451	0.00128361	-0.524519	-0.809468	0.00186055
125	2.51383e-09	1.01497	-0.25111	-0.00204025	0.231415	0.952518	0.00107903
126	2.51383e-09	-0.811576	-0.688101	-0.000216177	0.624882	-0.737693	0.00139638
127	2.51383e-09	-1.04913	-0.164254	-0.0012051	0.154315	-0.956548	-0.00039076
128	2.51383e-09	-0.683136	-0.818598	0.0021677	0.745331	-0.620923	0.00172236
129	2.51383e-09	0.322812	1.00598	-0.00208794	-0.925144	0.301285	-0.000123939
130	2.51383e-09	0.741295	-0.757251	-0.00152487	0.692087	0.682601	3.72498e-05
131	2.51383e-09	-0.329431	-1.03684	-0.000242413	0.910501	-0.290931	0.00180316
132	2.51383e-09	-0.573903	0.906736	0.000640111	-0.813633	-0.519767	0.00289056
133	2.51383e-09	-0.0310918	-1.06986	-0.00253617	0.964722	-0.0299127	0.0017969
134	2.51383e-09	0.247174	1.02327	0.000999885	-0.946712	0.229478	-0.00187871
135	2.51383e-09	1.05715	0.0322664	0.00194482	-0.0330556	0.971693	-0.0015423
136	2.51383e-09	1.0648	0.210521	0.000250296	-0.183622	0.94137	-0.000625771
137	2.51383e-09	0.819297	0.679209	-0.000685645	-0.615824	0.74782	0.00365452
138	2.51383e-09	-1.02078	-0.292559	-0.000342718	0.264914	-0.933229	0.000431802
139	2.51383e-09	0.186063	-1.05344	-0.00360857	0.950255	0.167333	-0.00079895
140	2.51383e-09	0.983169	0.456776	0.00046649	-0.404515	0.871329	0.0020063
141	2.51383e-09	0.495633	0.944888	0.000650495	-0.856485	0.453324	-0.00307628
142	2.51383e-09	1.02425	-0.32556	0.00265712	0.298723	0.918506	0.00191028
143	2.51383e-09	-0.834675	0.677582	0.000220426	-0.603595	-0.750773	0.000738039
144	2.51383e-09	-1.02311	-0.381384	-0.000568386	0.333174	-0.894281	-0.00221201
145	2.51383e-09	0.202629	1.03916	-0.00150369	-0.953563	0.187388	-0.000959939
146	2.51383e-09	0.284856	-1.06929	-0.00358463	0.917321	0.24738	-0.00197606
147	2.51383e-09	0.849819	0.664036	-0.00128113	-0.595208	0.75896	-0.00293808
148	2.51383e-09	-0.449251	-0.989906	-5.67915e-05	0.875641	-0.39021	0.000471975
149	2.51383e-09	0.356439	1.00767	-0.000882391	-0.909461	0.317442	-0.0012282
150	2.51383e-09	0.990332	-0.446984	0.000309931	0.399517	0.869374	-0.000765098
151	2.51383e-09	-0.872384	-0.620088	-0.000709595	0.564426	-0.786064	-0.000669634
152	2.51383e-09	-0.957111	-0.459212	0.00107359	0.424645	-0.879368	-0.000564279
153	2.51383e-09	-0.58408	-0.926011	-0.000215618	0.805314	-0.511113	0.000430621
154	2.51383e-09	-0.0528307	-1.10363	2.77603e-05	0.949247	-0.0389892	-0.00154017
155	2.51383e-09	0.783283	-0.751098	0.00101494	0.664231	0.689711	0.00212437
156	2.51383e-09	-0.132148	-1.07666	-0.00266228	0.955383	-0.114161	-0.00153373
157	2.51383e-09	-1.05139	-0.170077	0.00133335	0.157337	-0.956501	0.00017989
158	2.51383e-09	-0.852503	0.678798	-0.0015217	-0.593179	-0.751749	0.00398209
159	2.51383e-09	1.01195	0.360267	-0.000428917	-0.327064	0.906549	-0.000207964
160	2.51383e-09	-0.214499	1.05715	-0.00147238	-0.941935	-0.194982	-0.00275231
161	2.51383e-09	1.05242	-0.285042	0.00136857	0.248288	0.925103	-0.00250052
162	2.51383e-09	0.0608532	1.08672	0.00273975	-0.956397	0.0529288	0.00115328
163	2.51383e-09	-0.947158	0.522311	0.000416161	-0.466164	-0.843449	-0.000756068
164	2.51383e-09	-0.815806	-0.69561	0.00165768	0.629849	-0.730901	-0.00245622
165	2.51383e-09	0.731868	0.813944	0.00136464	-0.71208	0.641761	0.00264536
166	2.51383e-09	-0.808636	-0.719134	0.000958164	0.636578	-0.721167	-0.00119299
167	2.51383e-09	1.0753	0.0915454	-0.00137386	-0.0805839	0.955385	0.00383973
168	2.51383e-09	0.211325	1.06807	-0.00192152	-0.939428	0.182791	0.000431213
169	2.51383e-09	0.907501	0.585937	0.00127916	-0.521533	0.810484	-0.000766775
170	2.51383e-09	1.08171	-0.0674667	0.00439155	0.0594961	0.961049	0.00108023
171	2.51383e-09	0.223884	-1.07079	-0.00320806	0.935785	0.19237	-0.00078882
172	2.51383e-09	-1.03478	-0.396208	0.00109999	0.339254	-0.889417	-0.00252433
173	2.51383e-09	-0.995643	0.46797	-0.000817738	-0.403511	-0.863991	9.6944e-06
174	2.51383e-09	0.0179671	-1.09895	0.00264624	0.954388	0.0106903	-0.00114945
175	2.51383e-09	-0.572796	-0.92244	0.000400289	0.817776	-0.506809	0.00192651
176	2.51383e-09	0.405588	1.00049	0.000954215	-0.89178	0.360173	0.000276435
177	2.51383e-09	1.04826	-0.371106	-0.00147537	0.314441	0.893973	0.000399382
178	2.51383e-09	-0.846899	-0.657075	0.000381504	0.594954	-0.761943	0.000652972
179	2.51383e-09	0.259887	1.06176	0.00173502	-0.931331	0.22564	-0.00360699
180	2.51383e-09	1.05461	0.238526	-0.00308417	-0.214011	0.938751	0.00128832
181	2.51383e-09	-1.04103	0.370328	-0.00144674	-0.321552	-0.893711	-0.00132515
182	2.51383e-09	-0.364687	1.03078	-0.000702763	-0.90106	-0.320609	-0.00153609
183	2.51383e-09	-0.707179	0.838398	-0.00124293	-0.731869	-0.614483	-0.0010106
184	2.51383e-09	1.09814	-0.119804	-0.000815767	0.102036	0.948763	0.00074882
185	2.51383e-09	1.00994	-0.429235	-0.00131775	0.373735	0.877132	0.000130764
186	2.51383e-09	-0.310209	1.02905	-0.00116785	-0.926257	-0.281695	-0.00176733
187	2.51383e-09	-0.110396	-1.06162	-0.00136864	0.961361	-0.0966582	-0.00320219
188	2.51383e-09	0.933067	-0.584244	-0.000895519	0.505544	0.809741	-0.00139759
189	2.51383e-09	1.07123	0.216712	-0.000972295	-0.189892	0.936745	0.0023302
190	2.51383e-09	-0.756801	-0.812348	-0.00206247	0.687916	-0.649065	-2.55652e-05
191	2.51383e-09	0.824458	-0.718098	-0.00312375	0.626151	0.722156	0.00112076
192	2.51383e-09	0.600857	-0.915637	-0.00116545	0.800182	0.524944	0.000170498
193	2.51383e-09	0.884222	0.646459	0.00160123	-0.567748	0.771395	0.00178039
194	2.51383e-09	0.404624	1.05065	2.51006e-05	-0.880117	0.337389	-0.000839758
195	2.51383e-09	0.61756	-0.894256	0.00103674	0.787548	0.543679	-0.000976979
196	2.51383e-09	0.693157	0.854583	0.00324922	-0.736401	0.59961	0.00167857
197	2.51383e-09	0.699508	0.834992	-0.000378883	-0.735313	0.614063	-0.00214109
198	2.51383e-09	-0.699949	-0.865457	-0.00248277	0.737083	-0.593516	0.00103171
199	2.51383e-09	0.239555	1.07464	-0.00159469	-0.929246	0.204638	0.0022858
200	2.51383e-09	0.982357	-0.510955	-0.000984081	0.439113	0.844688	-0.000975279
201	2.51383e-09	-0.653381	-0.88961	-0.00245201	0.76634	-0.565062	0.000801528
202	2.51383e-09	-0.933575	-0.571503	0.00244063	0.493275	-0.817868	-0.000377266
203	2.51383e-09	0.091366	1.08244	0.0018498	-0.956314	0.0809255	0.00045886
204	2.51383e-09	-1.05604	-0.340747	0.00100601	0.285121	-0.903407	0.00104895
205	2.51383e-09	-0.100717	-1.12338	0.00120864	0.937206	-0.0848813	-0.000597081
206	2.51383e-09	-0.643923	0.88506	-0.00259226	-0.773579	-0.55985	0.000989333
207	2.51383e-09	0.925268	-0.624672	0.000489757	0.530067	0.783529	-0.000428953
208	2.51383e-09	0.632388	0.896753	-0.00143485	-0.780002	0.550758	-0.00141417
209	2.51383e-09	0.571499	-0.948967	0.00223272	0.812709	0.488373	-0.00142299
210	2.51383e-09	1.09796	-0.111374	0.00149989	0.0961518	0.946195	0.00119187
211	2.51383e-09	-0.308123	-1.0564	0.000202619	0.914964	-0.263693	0.000820539
212	2.51383e-09	-1.0549	0.353021	0.000755236	-0.305273	-0.896774	-0.00225054
213	2.51383e-09	-0.323315	-1.05535	0.00278262	0.910233	-0.278095	0.000693541
214	2.51383e-09	-1.09539	0.10527	-0.00070277	-0.0857926	-0.948404	0.00088209
215	2.51383e-09	-0.216667	-1.09433	0.00350028	0.926251	-0.186184	0.000214084
216	2.51383e-09	0.536504	0.990949	0.000140195	-0.825784	0.446455	0.00116685
217	2.51383e-09	-1.12109	-0.0127158	-0.000738627	0.010123	-0.943549	-0.000421495
218	2.51383e-09	-0.358829	-1.02241	-0.00116561	0.905924	-0.3137	-0.00182798
219	2.51383e-09	1.08452	0.27766	-0.000220561	-0.234285	0.917851	-0.000313311
220	2.51383e-09	-0.374523	1.05566	-0.00250052	-0.889552	-0.314069	-0.000608051
221	2.51383e-09	1.05926	-0.285181	0.00215148	0.246973	0.920633	0.000237065
222	2.51383e-09	0.74479	0.83095	0.00198082	-0.702007	0.634115	0.00221364
223	2.51383e-09	1.09903	0.162873	0.000823291	-0.13707	0.937462	-0.00125897
224	2.51383e-09	-0.591159	0.918106	-0.00078421	-0.805539	-0.521431	-0.000465988
225	2.51383e-09	1.06949	-0.31926	-0.000360044	0.266714	0.908811	0.000595556
226	2.51383e-09	0.627861	-0.927246	-0.00150766	0.784244	0.526883	-0.0021149
227	2.51383e-09	0.74841	-0.817218	-0.00193214	0.698212	0.643193	0.000533536
228	2.51383e-09	1.00885	-0.481803	-0.000737385	0.409147	0.853281	-0.00110299
229	2.51383e-09	-0.000215191	-1.12944	0.00129992	0.940368	-0.00551592	-0.00282855
230	2.51383e-09	-0.437482	-1.04297	-0.00155105	0.869817	-0.364379	-0.000910578
231	2.51383e-09	0.0915871	-1.12043	0.00439247	0.940468	0.0827895	0.00298971
232	2.51383e-09	0.560374	0.957106	0.00239796	-0.818606	0.476519	0.000116718
233	2.51383e-09	1.00095	-0.493862	-0.00183613	0.424113	0.844865	0.000244723
234	2.51383e-09	-0.454476	-1.02792	0.00224217	0.862249	-0.381262	0.00110928
235	2.51383e-09	-0.551535	-0.965893	-0.00427274	0.822433	-0.474293	0.000882956
236	2.51383e-09	-0.887759	-0.698137	0.000780218	0.57956	-0.739585	2.43034e-05
237	2.51383e-09	1.08837	-0.158019	-0.0012196	0.137037	0.947099	-0.000615888
238	2.51383e-09	-0.393139	-1.0686	-6.18441e-05	0.8833	-0.318405	0.000260367
239	2.51383e-09	-0.568581	-0.952535	0.00354706	0.817273	-0.483786	0.000265215
240	2.51383e-09	-0.41758	-1.04209	-0.00151078	0.879477	-0.346328	0.000313476
241	2.51383e-09	0.710545	-0.877699	8.03337e-05	0.72895	0.588786	-0.00052418
242	2.51383e-09	1.14199	-0.160689	-0.00130426	0.128485	0.923418	-0.0013581
243	2.51383e-09	-0.246246	-1.09989	0.00350608	0.91679	-0.208376	0.000520551
244	2.51383e-09	-0.827294	-0.783969	0.00235044	0.643698	-0.677473	0.00184179
245	2.51383e-09	0.396232	-1.05314	-0.00231908	0.882617	0.332112	-0.00382388
246	2.51383e-09	-0.689987	0.886092	0.00380914	-0.742482	-0.581433	-0.000319675
247	2.51383e-09	-1.09792	-0.0505686	0.000848661	0.0397005	-0.954414	-0.000731942
248	2.51383e-09	-0.300041	1.0834	-0.000282579	-0.909819	-0.248771	0.00200299
249	2.51383e-09	0.665847	-0.895812	-9.80194e-05	0.761648	0.566932	-0.000855259
250	2.51383e-09	-0.548757	-0.985755	-0.0021377	0.822393	-0.457852	-0.000359895
251	2.51383e-09	-1.12902	0.117701	-0.00141998	-0.0992385	-0.931255	-0.00044268
252	2.51383e-09	-1.08211	-0.284119	-0.000945119	0.240678	-0.914438	0.000784952
253	2.51383e-09	1.12937	-0.136341	-0.00249781	0.117588	0.931546	-0.00142723
254	2.51383e-09	-0.546959	-0.979224	-0.00271737	0.825421	-0.459225	-0.00113254
255	2.51383e-09	-0.481551	1.03249	0.00128774	-0.849211	-0.397551	-0.000496729
256	2.51383e-09	1.1364	0.113801	-0.00137381	-0.098505	0.930627	0.00157745
257	2.51383e-09	-1.03966	-0.432771	0.00149118	0.364365	-0.869022	0.00229183
258	2.51383e-09	1.1262	-0.125523	-0.00427863	0.102679	0.932374	0.00134525
259	2.51383e-09	-0.349131	-1.0669	-0.00110238	0.899216	-0.292387	0.000312953
260	2.51383e-09	-0.770789	-0.827629	-0.000508298	0.684122	-0.643328	0.00340653
261	2.51383e-09	0.384429	-1.07866	0.00336837	0.881312	0.311496	-0.000207689
262	2.51383e-09	-0.794766	-0.787384	-0.00399879	0.667427	-0.666573	0.0033288
263	2.51383e-09	0.663623	-0.929497	-0.00188214	0.758159	0.547627	0.00129966
264	2.51383e-09	0.441514	-1.03142	0.00103821	0.869191	0.371294	-0.000123744
265	2.51383e-09	-0.727398	-0.892299	-9.55845e-05	0.723018	-0.585777	-0.000747486
266	2.51383e-09	-0.548535	-0.992521	0.00108139	0.822595	-0.453021	-0.000154521
267	2.51383e-09	-0.66429	0.904343	0.000725896	-0.758736	-0.564621	0.00189353
268	2.51383e-09	0.775017	0.836626	-0.0011008	-0.691804	0.629805	4.96948e-05
269	2.51383e-09	0.734115	-0.880029	0.00157958	0.715979	0.601665	0.00149324
270	2.51383e-09	-0.420705	-1.05682	0.000272036	0.870873	-0.346527	-0.00115959
271	2.51383e-09	1.07918	-0.366024	0.00200709	0.302212	0.888107	-0.000141823
272	2.51383e-09	-0.110354	1.13243	0.0013487	-0.933748	-0.0903867	0.00285625
273	2.51383e-09	1.12533	-0.189607	0.00248362	0.15424	0.923199	0.000735868
274	2.51383e-09	-0.583002	0.945746	0.000122581	-0.810174	-0.500486	0.00190407
275	2.51383e-09	0.546193	-0.988932	0.00300863	0.823843	0.457256	0.000507973
276	2.51383e-09	1.05926	-0.414838	0.000658664	0.348163	0.873041	-0.000125043
277	2.51383e-09	1.10713	0.248095	-0.000884827	-0.198658	0.92104	0.00249475
278	2.51383e-09	0.954616	-0.636826	-0.00137058	0.519402	0.778408	-0.00122516
279	2.51383e-09	1.15252	0.112198	-0.000411903	-0.0913798	0.926623	-0.00123658
280	2.51383e-09	0.958928	0.654441	0.000360915	-0.526469	0.763239	-0.0012579
281	2.51383e-09	0.517375	1.0119	0.000672172	-0.835981	0.426097	0.000295319
282	2.51383e-09	-0.697092	0.913891	-0.00204291	-0.74017	-0.566621	0.00208049
283	2.51383e-09	-0.460419	-1.02978	0.000381387	0.860504	-0.388937	-0.00231451
284	2.51383e-09	0.694514	-0.935305	0.00215353	0.742761	0.550072	0.00030197
285	2.51383e-09	0.933177	0.664131	0.00042143	-0.545238	0.76017	-0.00136631
286	2.51383e-09	1.04929	-0.425599	0.00149345	0.35375	0.869882	0.000260777
287	2.51383e-09	0.753293	-0.85271	-0.000293852	0.705743	0.617584	-0.00170568
288	2.51383e-09	1.1533	0.155748	-0.00161723	-0.120782	0.918184	-0.00113664
289	2.51383e-09	0.790643	-0.838552	-0.000949986	0.681431	0.63431	0.00270457
290	2.51383e-09	0.100731	-1.13241	-0.00331343	0.934744	0.0813399	-0.00152111
291	2.51383e-09	1.13387	-0.192714	0.000785928	0.15719	0.916698	-0.002941
292	2.51383e-09	-1.14403	0.00247545	-0.00144839	-0.00333246	-0.935089	0.00136412
293	2.51383e-09	1.1324	-0.0816362	-5.5442e-05	0.0660253	0.937366	0.00264628
294	2.51383e-09	-0.350619	-1.11324	0.00134567	0.882444	-0.278533	0.00484752
295	2.51383e-09	-0.279134	-1.09741	0.00106811	0.910545	-0.236157	0.00220592
296	2.51383e-09	-0.645802	0.95675	-0.00317832	-0.772436	-0.521356	0.00288803
297	2.51383e-09	1.06418	0.418121	0.00149932	-0.343047	0.871378	-0.000517268
298	2.51383e-09	-0.666527	0.950207	0.00253392	-0.755858	-0.534182	0.000387791
299	2.51383e-09	-0.0449424	-1.16481	-0.000844836	0.924704	-0.0460784	-0.00088112
300	2.51383e-09	-1.00039	0.592873	0.00273446	-0.469337	-0.800563	0.0030789
301	2.51383e-09	0.851874	-0.778374	0.00239266	0.631999	0.682156	-0.000230884
302	2.51383e-09	0.756943	0.895098	0.0049957	-0.699475	0.599015	-0.00171652
303	2.51383e-09	0.830627	-0.789499	-0.00118633	0.645846	0.676986	0.0022274
304	2.51383e-09	1.15481	0.117138	-6.3879e-06	-0.0952824	0.924415	-0.000112264
305	2.51383e-09	-1.01493	-0.528913	-0.00143196	0.429801	-0.829656	0.0016889
306	2.51383e-09	-0.249689	1.12748	-0.000452563	-0.908041	-0.203116	-0.00158078
307	2.51383e-09	1.01586	0.54868	8.60128e-05	-0.443396	0.817978	-0.00219122
308	2.51383e-09	-0.214146	-1.14084	-0.00173569	0.914794	-0.171044	-2.86514e-05
309	2.51383e-09	-0.781483	0.839989	-0.000570385	-0.682074	-0.637582	0.00149881
310	2.51383e-09	0.839503	0.789162	0.00245232	-0.638115	0.68139	-0.00172951
311	2.51383e-09	-1.00019	0.583803	0.00108202	-0.471701	-0.79969	-0.00213219
312	2.51383e-09	0.881472	-0.758693	-0.0015512	0.604153	0.704231	0.000962242
313	2.51383e-09	1.02341	-0.518366	-0.00287394	0.421903	0.834852	0.0021331
314	2.51383e-09	0.592324	0.987304	0.0018643	-0.798661	0.478715	0.000460854
315	2.51383e-09	0.826644	0.822547	0.000190163	-0.654659	0.65748	-0.00143862
316	2.51383e-09	-0.0110572	1.17279	0.00235079	-0.921518	-0.00567568	0.000942252
317	2.51383e-09	-0.722776	-0.905922	0.00359969	0.724863	-0.581548	0.00015944
318	2.51383e-09	-0.802601	0.834149	0.000100679	-0.672184	-0.643435	-0.00217754
319	2.51383e-09	-0.404669	-1.09089	-0.00132968	0.870019	-0.323665	-0.00197517
320	2.51383e-09	-1.04552	0.546271	-0.000375953	-0.429054	-0.814594	-0.0001707
321	2.51383e-09	-0.349245	-1.10521	0.000653852	0.888067	-0.278541	0.000340017
322	2.51383e-09	0.269837	1.12392	0.00182135	-0.905368	0.21603	0.00189893
323	2.51383e-09	0.512962	1.03568	-0.000600315	-0.837473	0.412308	0.000391689
324	2.51383e-09	0.329619	1.13103	-0.000977294	-0.885113	0.25751	0.000713786
325	2.51383e-09	0.571628	1.00208	0.00248251	-0.80786	0.466748	-0.000220437
326	2.51383e-09	-1.02783	-0.559553	0.00165286	0.442203	-0.813513	-0.0025819
327	2.51383e-09	0.555571	1.03529	0.00187061	-0.813056	0.437655	0.00226604
328	2.51383e-09	1.06224	0.443923	-0.000676874	-0.355548	0.860691	-0.000952144
329	2.51383e-09	-0.928496	-0.721151	-0.000385596	0.56197	-0.735552	-0.000705511
330	2.51383e-09	0.940809	0.682179	-6.21532e-05	-0.547101	0.746197	0.000553078
331	2.51383e-09	0.938198	0.672387	-0.00196723	-0.543475	0.757138	0.000293674
332	2.51383e-09	-0.746942	-0.902858	0.00161205	0.713319	-0.587614	-0.000104589
333	2.51383e-09	-1.13004	-0.356722	0.00145072	0.274072	-0.876524	-0.000788174
334	2.51383e-09	-1.18033	-0.00431347	0.000161693	0.00481855	-0.916844	0.00127793
335	2.51383e-09	-0.506601	-1.0697	0.00177031	0.829854	-0.392408	5.45719e-05
336	2.51383e-09	-0.948401	-0.687622	0.00223098	0.54087	-0.749929	0.000455827
337	2.51383e-09	0.15731	1.17188	0.00117552	-0.910903	0.126022	-0.00135961
338	2.51383e-09	0.278247	-1.13381	0.00253394	0.899151	0.219474	0.00209099
339	2.51383e-09	0.824786	-0.847933	0.00154925	0.659054	0.644534	0.00159022
340	2.51383e-09	0.249153	1.14891	-0.000779465	-0.903297	0.192154	0.00154064
341	2.51383e-09	-0.33323	-1.13241	-3.2079e-05	0.88282	-0.256713	0.000523846
342	2.51383e-09	0.293454	-1.12822	-0.000641889	0.897558	0.23169	-0.000209273
343	2.51383e-09	-1.13879	0.177409	-0.00241237	-0.1422	-0.92251	-8.18948e-05
344	2.51383e-09	1.00591	-0.63073	0.000614804	0.48419	0.777127	0.000191781
345	2.51383e-09	0.258687	-1.14124	0.00256518	0.901778	0.203534	-0.00115134
346	2.51383e-09	-1.04569	-0.534395	0.00169556	0.41612	-0.821145	0.00178206
347	2.51383e-09	1.10951	0.405758	-0.00141151	-0.318311	0.859164	-0.000526089
348	2.51383e-09	-0.560415	1.0442	0.00238004	-0.807484	-0.433021	-0.00158246
349	2.51383e-09	-0.630062	-0.995511	0.00109238	0.774413	-0.494154	0.00189338
350	2.51383e-09	0.329257	-1.12565	-0.00222749	0.888461	0.258137	0.000816641
351	2.51383e-09	1.17879	0.141693	0.00032964	-0.1068	0.913065	0.000179993
352	2.51383e-09	-0.533655	1.05251	-0.00302333	-0.819775	-0.416443	-0.00114091
353	2.51383e-09	1.20452	-0.00587306	-0.00416249	0.00368086	0.908953	-0.00172987
354	2.51383e-09	0.650565	0.98969	-0.00319881	-0.767039	0.50696	-0.000771106
355	2.51383e-09	0.14658	1.14282	-0.0017256	-0.92461	0.119932	-0.00264289
356	2.51383e-09	0.876471	0.812987	0.00173331	-0.623552	0.667854	0.000736378
357	2.51383e-09	0.883806	0.779931	-0.000952107	-0.612463	0.688908	0.00108128
358	2.51383e-09	-1.17996	-0.168517	0.00189185	0.127642	-0.908376	-0.00266705
359	2.51383e-09	0.237918	1.16839	-0.000137491	-0.898164	0.178873	0.00313139
360	2.51383e-09	0.908145	0.736085	0.000694617	-0.582279	0.720132	0.000457625
361	2.51383e-09	0.819105	0.839058	0.00158568	-0.660283	0.645308	0.000539982
362	2.51383e-09	-0.120527	1.16935	0.00149235	-0.916823	-0.0958934	-0.000393991
363	2.51383e-09	-0.308911	1.14965	0.000277111	-0.883093	-0.235185	-0.00183429
364	2.51383e-09	0.980701	-0.630443	-0.000211656	0.498732	0.780406	-0.000763083
365	2.51383e-09	0.960185	-0.711819	-0.00286622	0.545576	0.734354	-0.0008139
366	2.51383e-09	1.14635	0.297278	0.00271244	-0.230353	0.889854	3.87829e-05
367	2.51383e-09	0.863588	0.812509	3.73528e-05	-0.626688	0.673382	-0.00178473
368	2.51383e-09	-1.03081	-0.617884	0.000642204	0.471249	-0.779897	0.000607686
369	2.51383e-09	-0.564977	1.05845	0.000695996	-0.805357	-0.429196	-0.00015029
370	2.51383e-09	-1.00919	0.629995	-0.00105966	-0.488642	-0.776812	0.000522916
371	2.51383e-09	-0.389254	-1.14329	-0.00073976	0.860861	-0.295141	-0.000713985
372	2.51383e-09	-0.88042	0.813618	-0.00013696	-0.619424	-0.669387	0.00247121
373	2.51383e-09	-0.400224	1.11901	-0.00253518	-0.862036	-0.312248	-0.000269339
374	2.51383e-09	-0.379414	1.14845	-0.00325154	-0.864323	-0.281389	-0.00128862
375	2.51383e-09	-0.946082	-0.716816	0.000212966	0.557244	-0.730193	-0.000368148
376	2.51383e-09	0.853861	-0.823711	-0.00159763	0.634799	0.662188	0.00121284
377	2.51383e-09	0.43382	1.10276	0.0026576	-0.857664	0.335764	0.000745815
378	2.51383e-09	-1.02537	-0.608321	-0.000715415	0.466252	-0.789912	0.000748891
379	2.51383e-09	0.764591	0.895889	0.000831034	-0.697579	0.604107	-0.00227148
380	2.51383e-09	-0.656106	0.981507	0.000343734	-0.766038	-0.514047	0.000406488
381	2.51383e-09	-0.850255	0.834128	0.00139835	-0.641051	-0.652371	0.000511539
382	2.51383e-09	0.690723	0.977482	-0.000404438	-0.744031	0.531052	0.00205951
383	2.51383e-09	-0.667499	-0.953837	0.000424254	0.758832	-0.53705	0.000432283
384	2.51383e-09	-0.305706	-1.16944	-0.000473182	0.876828	-0.233662	-0.0018767
385	2.51383e-09	-1.04825	-0.56931	-0.000532301	0.439189	-0.803032	0.000866674
386	2.51383e-09	0.96298	-0.713184	-0.00269998	0.543117	0.734058	-0.00166434
387	2.51383e-09	1.1949	-0.0483312	-0.00124618	0.0379416	0.91543	-0.00270894
388	2.51383e-09	1.19438	-0.198713	-0.00150586	0.145156	0.894381	0.000272623
389	2.51383e-09	1.15323	-0.295911	-0.00230954	0.22974	0.886086	-0.00152271
390	2.51383e-09	-1.08333	-0.485533	-0.00116079	0.371144	-0.837763	0.00307166
391	2.51383e-09	-0.999618	-0.669121	-0.00255642	0.510523	-0.756987	-0.000287128
392	2.51383e-09	0.873284	-0.829275	0.0049587	0.625777	0.661487	0.00232903
393	2.51383e-09	-0.917719	0.787753	0.00310282	-0.587634	-0.693475	0.000424769
394	2.51383e-09	0.806369	0.891941	-0.00200655	-0.673864	0.615329	-0.000420368
395	2.51383e-09	0.965806	0.712568	0.00143031	-0.544182	0.731883	-0.000518742
396	2.51383e-09	-1.09623	0.50853	0.00128955	-0.379073	-0.825797	0.000268344
397	2.51383e-09	0.67922	-0.994537	0.000593825	0.750494	0.517794	-0.00227575
398	2.51383e-09	0.602011	-1.04509	0.000821998	0.792717	0.449999	0.00141254
399	2.51383e-09	1.18735	0.16802	0.000618997	-0.130724	0.904675	-0.00179004
400	2.51383e-09	0.878489	0.818163	0.00270096	-0.620932	0.665506	-0.00144552
