1.209900e+04
401
0	1	0.000556387	0.000345252	-5.07726e-07	-1.47253e-08	-2.08191e-08	-8.05092e-11
1	2.51383e-09	-0.46124	0.904503	0.00184281	-0.878981	-0.456494	0.00179827
2	2.51383e-09	-0.986659	0.051871	0.00115038	-0.0468223	-1.00822	-0.00108288
3	2.51383e-09	0.959675	-0.230193	0.00174236	0.238527	0.981609	0.000938761
4	2.51383e-09	-0.613542	-0.793279	0.00107712	0.790468	-0.610211	0.00208011
5	2.51383e-09	-0.851597	-0.503018	-0.00150334	0.513904	-0.865763	-0.000212633
6	2.51383e-09	0.982995	-0.244331	-0.00331074	0.243241	0.963957	-0.0031339
7	2.51383e-09	-0.0298881	1.00054	-0.0014864	-0.997535	-0.0299679	0.0026966
8	2.51383e-09	0.0945402	0.995907	0.000225036	-0.993019	0.0965199	-6.00758e-05
9	2.51383e-09	-0.439132	0.901359	6.96061e-05	-0.900225	-0.438426	-0.000129479
10	2.51383e-09	0.656016	0.77459	-0.00240017	-0.75649	0.641623	0.00161112
11	2.51383e-09	0.817824	0.584008	0.000483008	-0.578277	0.811484	0.00156106
12	2.51383e-09	0.636119	0.789171	-0.000234161	-0.775833	0.626043	-0.00152487
13	2.51383e-09	0.825807	-0.583106	-0.000629838	0.57325	0.810278	0.00149241
14	2.51383e-09	0.568783	0.839298	-0.00249738	-0.824151	0.552831	0.00237827
15	2.51383e-09	-0.985629	0.200929	0.00238585	-0.188676	-0.976412	0.000197691
16	2.51383e-09	-0.99746	0.0907052	-0.00169277	-0.0968192	-0.993643	-0.00110492
17	2.51383e-09	-0.733145	-0.69262	-0.00017744	0.680163	-0.727551	0.00139974
18	2.51383e-09	0.708893	-0.727951	-0.000906625	0.714273	0.686477	0.00109473
19	2.51383e-09	0.556246	0.839983	0.00321866	-0.832098	0.555655	0.0032122
20	2.51383e-09	-0.939641	-0.442726	-0.00218041	0.417658	-0.885863	-0.000332524
21	2.51383e-09	-0.39675	0.923478	-6.95673e-06	-0.916842	-0.392819	-0.000368453
22	2.51383e-09	-1.03394	-0.173897	0.000781574	0.159592	-0.960556	-0.00107404
23	2.51383e-09	-0.0533611	1.01607	0.00221678	-0.989326	-0.0498014	0.00326562
24	2.51383e-09	0.755077	0.652687	0.00196378	-0.654789	0.763281	0.000170971
25	2.51383e-09	0.695138	-0.751918	-0.00201781	0.721011	0.671164	-7.36487e-05
26	2.51383e-09	-0.0725496	-1.01478	-0.000914862	0.991159	-0.0701193	0.000437356
27	2.51383e-09	1.00598	0.0114454	-0.00337003	-0.00908231	0.996213	-2.69504e-05
28	2.51383e-09	0.977492	-0.273009	-0.000453889	0.269329	0.954259	0.00504816
29	2.51383e-09	-0.76991	0.636756	-0.00266641	-0.636145	-0.772322	0.00130717
30	2.51383e-09	0.558303	-0.852091	0.00278034	0.828651	0.54111	0.000484804
31	2.51383e-09	-0.0441411	-1.00904	-0.00092395	0.993232	-0.053945	0.00275481
32	2.51383e-09	-0.318781	-0.960039	-0.000367471	0.943502	-0.309703	0.0043564
33	2.51383e-09	0.754269	-0.712765	0.000399881	0.679955	0.70457	-0.000455942
34	2.51383e-09	1.04002	0.0198289	-0.000319934	-0.0203916	0.979265	-0.00116823
35	2.51383e-09	-0.0793034	-1.01537	-0.00123527	0.986948	-0.0803507	0.00211443
36	2.51383e-09	-0.979548	0.300398	-0.000748367	-0.29195	-0.936249	0.00037981
37	2.51383e-09	0.368091	-0.949117	-0.000598266	0.92505	0.360012	0.000376279
38	2.51383e-09	-0.8872	-0.46434	0.00030694	0.456982	-0.889661	0.000534363
39	2.51383e-09	1.01568	0.0149845	-0.00103759	-0.0173561	0.994471	0.001188
40	2.51383e-09	0.148233	1.00164	-0.00117999	-0.988058	0.1364	0.00159617
41	2.51383e-09	-0.215374	0.990763	0.000437753	-0.9714	-0.212231	-0.00129465
42	2.51383e-09	0.0273591	-1.02055	0.00115681	0.989471	0.0229732	0.000587271
43	2.51383e-09	-0.0483871	-1.00663	0.00163678	0.99326	-0.0556859	0.00186646
44	2.51383e-09	0.737457	-0.724368	-0.000430003	0.691056	0.700597	-0.00247977
45	2.51383e-09	-0.328314	0.974975	0.00204279	-0.932704	-0.314227	0.000821313
46	2.51383e-09	-1.00247	-0.0855213	0.00117851	0.0813019	-0.991494	-0.00169622
47	2.51383e-09	-0.90877	-0.450735	0.000295602	0.43911	-0.88961	0.00073572
48	2.51383e-09	0.310327	-0.98116	0.000246693	0.94128	0.295063	-0.000209804
49	2.51383e-09	0.104944	1.00418	-0.00259524	-0.989337	0.108248	-0.000330544
50	2.51383e-09	0.555245	-0.881451	-0.000447645	0.83153	0.51839	0.00178907
51	2.51383e-09	0.284564	-0.97718	0.00164457	0.951921	0.279882	-0.000474393
52	2.51383e-09	0.968206	-0.373944	0.00249598	0.355857	0.914025	-0.00152035
53	2.51383e-09	0.268549	-0.991379	-0.000779915	0.953219	0.250923	0.000208852
54	2.51383e-09	1.02778	-0.110049	-0.00258705	0.102962	0.979005	0.0012411
55	2.51383e-09	0.92288	-0.46014	-0.00018058	0.439279	0.880749	-0.00122406
56	2.51383e-09	-0.536013	0.871511	0.000316914	-0.843	-0.51877	0.000162791
57	2.51383e-09	0.465094	-0.943171	-0.000954021	0.87303	0.431965	-0.000168241
58	2.51383e-09	-0.922194	-0.469652	-0.000216691	0.447176	-0.873888	-0.00252484
59	2.51383e-09	0.115743	-1.02483	-0.00140802	0.976992	0.104274	0.0032037
60	2.51383e-09	1.02696	-0.153305	0.000580903	0.147937	0.971133	-0.00168039
61	2.51383e-09	0.288505	0.992923	0.00209866	-0.944884	0.277103	0.00355256
62	2.51383e-09	-1.03073	-0.0116354	-0.000212104	0.00854281	-0.986286	-0.00161985
63	2.51383e-09	-1.02138	-0.139682	0.000561673	0.134982	-0.97409	-0.00149825
64	2.51383e-09	1.03878	0.100078	-0.000480366	-0.0896192	0.970929	-0.00179831
65	2.51383e-09	1.01474	0.132998	-0.000397664	-0.128027	0.982085	0.000180038
66	2.51383e-09	1.01674	-0.093549	0.00049706	0.101197	0.989451	-0.00282909
67	2.51383e-09	-0.226547	-1.0162	-0.000390343	0.956664	-0.210783	0.00124345
68	2.51383e-09	0.944687	-0.428735	-0.00142314	0.411734	0.891516	-0.000787673
69	2.51383e-09	1.04285	-0.0290354	-0.000390937	0.0327684	0.980886	-0.00145552
70	2.51383e-09	0.344509	0.963312	0.000786963	-0.932349	0.334834	0.00322466
71	2.51383e-09	0.827963	-0.624663	0.00461736	0.595218	0.783906	-0.00404246
72	2.51383e-09	0.0627337	-1.06509	-0.00177968	0.965415	0.0557219	-0.000553473
73	2.51383e-09	-1.01189	0.262571	0.00218306	-0.245681	-0.947606	0.000800899
74	2.51383e-09	-0.888504	0.587253	0.000393877	-0.534365	-0.804753	-0.00332948
75	2.51383e-09	-0.983573	0.324059	-0.000243878	-0.312702	-0.931437	0.00395208
76	2.51383e-09	-0.266767	-1.01541	0.000699935	0.94147	-0.258481	0.00136391
77	2.51383e-09	1.02306	-0.247557	0.000769007	0.229736	0.946637	-0.000849539
78	2.51383e-09	0.830073	0.615594	0.00295157	-0.584726	0.795566	-0.00284889
79	2.51383e-09	-0.956136	0.408002	-0.00396429	-0.385283	-0.898547	0.00419019
80	2.51383e-09	1.03576	0.123179	-0.000994199	-0.113482	0.97441	-1.13227e-05
81	2.51383e-09	-0.548429	-0.850608	-0.00186722	0.839925	-0.534603	0.00197699
82	2.51383e-09	-0.843233	0.617569	0.000248689	-0.578682	-0.790805	-0.00237051
83	2.51383e-09	0.0892613	-1.02111	-0.000645342	0.98706	0.0793541	-0.00141742
84	2.51383e-09	1.04128	-0.161598	0.000906202	0.148296	0.96042	0.00210771
85	2.51383e-09	1.00795	0.184816	0.000486363	-0.178463	0.972884	-0.000932563
86	2.51383e-09	-0.800066	0.680437	0.000860948	-0.625291	-0.749745	-0.00224022
87	2.51383e-09	0.407198	0.960732	-0.0033361	-0.90174	0.383578	-0.00171775
88	2.51383e-09	0.652479	-0.797062	-0.00120404	0.764515	0.620058	-0.000203105
89	2.51383e-09	-1.00043	-0.32925	-0.000878137	0.310085	-0.922356	0.00222078
90	2.51383e-09	0.705127	0.777555	0.0025642	-0.720437	0.65795	0.00120898
91	2.51383e-09	0.505115	-0.901759	0.00231506	0.859265	0.472747	0.00013845
92	2.51383e-09	-0.211301	1.02732	0.00134834	-0.954883	-0.197077	0.000272593
93	2.51383e-09	-0.0656011	1.06582	0.00094443	-0.968509	-0.0638961	0.00243725
94	2.51383e-09	0.996517	-0.256605	0.00143684	0.249	0.95475	-0.000551074
95	2.51383e-09	0.0413043	-1.02944	-0.00115486	0.983613	0.0406225	-0.00285033
96	2.51383e-09	0.814836	-0.667901	0.00120117	0.616524	0.760403	0.000212366
97	2.51383e-09	0.505907	0.922859	-0.00175306	-0.853915	0.470206	0.0017205
98	2.51383e-09	-0.869445	0.588097	0.00348041	-0.543165	-0.81254	-0.00183145
99	2.51383e-09	0.518804	0.936263	0.000146819	-0.842851	0.466255	0.00281124
100	2.51383e-09	0.561144	-0.910451	-0.00116925	0.818693	0.503815	-0.000899737
101	2.51383e-09	-0.75924	0.702009	-0.000827197	-0.669855	-0.720577	-0.00157919
102	2.51383e-09	0.995265	0.29812	-0.000354002	-0.278861	0.937067	-0.00238318
103	2.51383e-09	0.038936	-1.05345	0.00168948	0.972326	0.0305714	-0.000297773
104	2.51383e-09	0.596928	-0.859242	0.00188582	0.796416	0.563245	-0.000390735
105	2.51383e-09	-0.740824	0.727395	-0.00028674	-0.689269	-0.697291	0.00109069
106	2.51383e-09	0.742234	0.722028	0.000819962	-0.683936	0.706363	3.2282e-05
107	2.51383e-09	0.960153	-0.458199	-0.00342055	0.419185	0.875441	0.000326396
108	2.51383e-09	-1.02262	-0.32952	0.000598491	0.294167	-0.914662	0.0012903
109	2.51383e-09	-0.692902	-0.804106	0.000671538	0.732699	-0.633259	0.00220321
110	2.51383e-09	-0.541495	-0.915981	0.000545815	0.828687	-0.49653	0.00079939
111	2.51383e-09	-0.803101	-0.691903	-0.0040699	0.633507	-0.739473	0.00331496
112	2.51383e-09	0.0363831	-1.06703	0.00160966	0.970161	0.0279725	0.00164098
113	2.51383e-09	-0.607939	-0.873507	0.00154673	0.797166	-0.549423	0.000775175
114	2.51383e-09	-0.355492	-0.991842	0.000245823	0.912991	-0.331924	0.00141275
115	2.51383e-09	1.07393	0.109873	-0.00318552	-0.0994925	0.957797	-0.000805877
116	2.51383e-09	-1.05808	0.0664246	-0.00485211	-0.0640094	-0.966346	-0.00209465
117	2.51383e-09	0.923209	-0.501854	-0.00156331	0.471013	0.854199	0.00100965
118	2.51383e-09	0.921131	-0.515527	-0.000324685	0.470438	0.851738	0.000450688
119	2.51383e-09	1.05004	-0.100181	-0.0010974	0.0882478	0.968637	-0.00406187
120	2.51383e-09	-0.144518	-1.0546	0.000815515	0.957582	-0.133757	0.00185104
121	2.51383e-09	-0.94245	0.503959	-0.00304521	-0.45157	-0.854408	-0.00143693
122	2.51383e-09	-0.477258	-0.973176	-0.00257263	0.860813	-0.419102	-0.000378826
123	2.51383e-09	0.126534	-1.03377	-0.00109841	0.972325	0.118121	-0.00327902
124	2.51383e-09	0.383343	1.0068	0.000689445	-0.901543	0.344427	-0.00328495
125	2.51383e-09	0.130102	1.02682	0.00074092	-0.978864	0.126254	0.000998674
126	2.51383e-09	-0.714045	0.780245	-2.69911e-06	-0.716172	-0.654734	-0.000257005
127	2.51383e-09	0.196272	1.04259	-0.00132959	-0.952352	0.177814	0.00350237
128	2.51383e-09	0.893083	-0.579898	-0.00428789	0.532739	0.809977	0.00185112
129	2.51383e-09	1.00131	0.329217	-0.000364818	-0.308831	0.926193	0.00265754
130	2.51383e-09	-0.858791	0.637094	0.00302388	-0.577169	-0.772439	0.00328975
131	2.51383e-09	-1.09725	-0.0239624	0.000959618	0.0225911	-0.953223	0.0010512
132	2.51383e-09	0.42995	-0.978875	0.00017116	0.884991	0.396068	-0.00305494
133	2.51383e-09	0.103744	-1.06772	0.000284686	0.958864	0.0910687	0.00166125
134	2.51383e-09	0.243149	-1.02792	-0.0017309	0.949566	0.219688	0.000894462
135	2.51383e-09	0.814946	0.672163	0.00121274	-0.621646	0.751435	0.00240458
136	2.51383e-09	0.147147	-1.08707	0.000785658	0.946809	0.128497	-0.00129562
137	2.51383e-09	-0.921122	0.535629	-0.00162866	-0.485446	-0.835521	0.0012347
138	2.51383e-09	-0.571002	0.88777	0.00133396	-0.822113	-0.52748	0.00293777
139	2.51383e-09	1.01436	-0.308845	0.0016734	0.280311	0.92953	-0.00345407
140	2.51383e-09	-1.01756	-0.424641	-0.000722203	0.361275	-0.878902	-0.000511135
141	2.51383e-09	0.742314	-0.749358	-0.000987193	0.688161	0.688609	0.00212359
142	2.51383e-09	0.171716	-1.0544	-0.000368574	0.957569	0.16042	-0.00219354
143	2.51383e-09	-1.02893	-0.321662	-0.00291256	0.294189	-0.913542	-0.000844145
144	2.51383e-09	1.08396	0.0167069	-0.00228635	-0.0119453	0.960594	-0.000635603
145	2.51383e-09	-0.149098	1.03965	-9.91723e-05	-0.964927	-0.140198	-0.00267034
146	2.51383e-09	-0.0269257	-1.10187	0.00192473	0.949021	-0.0226623	-0.00131051
147	2.51383e-09	0.181843	1.06538	0.0039142	-0.94732	0.16436	-0.00213464
148	2.51383e-09	-0.792991	-0.74025	-0.00188708	0.659809	-0.697329	0.000119986
149	2.51383e-09	1.06613	0.0750695	0.000659989	-0.0636955	0.960667	0.0032125
150	2.51383e-09	1.00812	0.414048	0.00129347	-0.359919	0.881332	-0.00109285
151	2.51383e-09	-0.967101	0.49046	0.000917633	-0.428541	-0.858871	0.00127444
152	2.51383e-09	0.773644	0.768134	-0.000228366	-0.670999	0.675016	-1.48197e-05
153	2.51383e-09	-1.02875	0.335333	0.00333774	-0.301142	-0.913825	0.00159607
154	2.51383e-09	-0.348186	1.04379	-0.00389872	-0.904832	-0.299189	-0.00205397
155	2.51383e-09	-0.0119189	1.08437	-0.00116497	-0.961744	-0.0141137	0.00127415
156	2.51383e-09	0.120736	1.09678	-0.00344087	-0.942211	0.107116	-0.000409891
157	2.51383e-09	0.866618	-0.613882	-0.00148514	0.564022	0.791591	0.00179363
158	2.51383e-09	1.09262	-0.0648957	0.00137646	0.0646571	0.953118	0.00317262
159	2.51383e-09	0.97357	0.454577	0.00074034	-0.410504	0.873312	0.000652295
160	2.51383e-09	-0.453151	0.973915	0.000813114	-0.87288	-0.412573	0.00117696
161	2.51383e-09	0.978017	-0.461029	0.00138641	0.412133	0.869153	0.000924806
162	2.51383e-09	-0.888673	-0.602637	0.00310566	0.538466	-0.799715	0.00150183
163	2.51383e-09	-0.813796	-0.717047	2.61294e-05	0.627161	-0.726439	0.000956721
164	2.51383e-09	0.746809	0.775604	0.00430721	-0.698465	0.666475	0.00246282
165	2.51383e-09	0.326803	-1.044	0.00220185	0.913994	0.283075	-0.00339636
166	2.51383e-09	0.291398	1.03329	-0.00179475	-0.930477	0.258103	0.000374
167	2.51383e-09	-1.01914	-0.282497	-0.00024469	0.263449	-0.939555	0.0012654
168	2.51383e-09	0.415358	-1.01357	0.000991539	0.884581	0.358828	0.0016326
169	2.51383e-09	0.706153	-0.825848	0.000352367	0.728094	0.627092	-0.0020871
170	2.51383e-09	0.0173805	-1.09172	-0.00157401	0.956708	0.019521	-0.000202087
171	2.51383e-09	-0.866376	-0.661707	-0.000941432	0.580757	-0.760809	0.000655607
172	2.51383e-09	0.11237	-1.10321	-0.000811827	0.94426	0.0984891	0.00110534
173	2.51383e-09	1.01266	-0.43163	-0.00309282	0.373036	0.876535	-0.000614754
174	2.51383e-09	0.388494	-1.0323	-0.00163207	0.89149	0.331215	0.0019482
175	2.51383e-09	0.556464	-0.94648	-0.00221864	0.823463	0.476873	0.00316981
176	2.51383e-09	0.896918	0.608792	0.00110452	-0.543103	0.79215	-0.00160594
177	2.51383e-09	0.596707	0.949635	0.00229247	-0.796959	0.503585	0.00197727
178	2.51383e-09	0.483267	0.969865	-0.00155659	-0.85823	0.428356	-0.000304443
179	2.51383e-09	-1.09274	-0.166193	0.00338869	0.139307	-0.93953	-0.000723001
180	2.51383e-09	0.597758	0.904145	-0.00207105	-0.801027	0.532911	-0.000414106
181	2.51383e-09	0.321068	-1.0546	-6.68974e-05	0.908609	0.279931	-4.00822e-05
182	2.51383e-09	1.07142	-0.243866	-0.00219795	0.206637	0.933697	-0.000593021
183	2.51383e-09	0.00920571	1.10131	-0.000599927	-0.952035	0.00483489	0.000140567
184	2.51383e-09	-0.795106	-0.771416	-0.00201357	0.66041	-0.679754	0.000737314
185	2.51383e-09	0.0929124	1.07959	-0.000316349	-0.958631	0.0827347	-0.0013457
186	2.51383e-09	0.276276	1.05294	0.00205051	-0.928612	0.240788	-0.00257403
187	2.51383e-09	-0.266597	-1.0318	-0.00116271	0.937161	-0.239166	0.00319683
188	2.51383e-09	0.0308418	1.09845	-0.00299118	-0.955971	0.031545	-0.000138543
189	2.51383e-09	-1.0819	-0.110734	0.00191309	0.093843	-0.955088	0.00237776
190	2.51383e-09	-0.176437	-1.09979	-0.000581698	0.931233	-0.149024	0.00104784
191	2.51383e-09	0.689405	-0.840755	-0.000497706	0.742202	0.604798	-3.10227e-05
192	2.51383e-09	-1.07926	-0.219717	0.00154292	0.190502	-0.932144	-0.000317385
193	2.51383e-09	0.459272	-1.01509	0.00358147	0.864493	0.385567	-0.000457482
194	2.51383e-09	0.768474	0.818943	-0.00105346	-0.685831	0.647563	-0.00146598
195	2.51383e-09	1.0604	0.193581	-0.00118368	-0.176174	0.947735	0.000246818
196	2.51383e-09	0.0676808	1.09921	-0.00434318	-0.948649	0.0570518	0.000624931
197	2.51383e-09	-0.144036	-1.07584	-0.0029123	0.951563	-0.128084	0.000141948
198	2.51383e-09	-0.357291	-1.05753	0.000626109	0.894908	-0.303275	-0.00191075
199	2.51383e-09	-0.91314	-0.624756	-0.0041522	0.538299	-0.781044	-0.000177058
200	2.51383e-09	1.01334	-0.455066	-8.17391e-05	0.389737	0.866881	-0.000481193
201	2.51383e-09	-0.552977	-0.940693	0.001597	0.827067	-0.482604	-0.000641782
202	2.51383e-09	-0.883341	0.626349	-0.000922577	-0.557892	-0.784502	-0.00141807
203	2.51383e-09	-0.693022	0.82175	0.00324787	-0.737833	-0.62382	-0.0014294
204	2.51383e-09	-0.210741	1.06803	-0.00129779	-0.944974	-0.188148	-0.000774195
205	2.51383e-09	0.569954	-0.983875	0.000302483	0.808382	0.468171	-0.00100463
206	2.51383e-09	-0.682924	0.85935	9.73704e-05	-0.74713	-0.593604	-0.00185519
207	2.51383e-09	-0.994501	0.504034	0.00360125	-0.426851	-0.846352	-0.00188084
208	2.51383e-09	0.367724	-1.03081	-0.000832359	0.899247	0.327236	0.00292083
209	2.51383e-09	0.485597	-0.998596	-0.00281228	0.851202	0.411821	0.00192222
210	2.51383e-09	-0.476466	-0.998928	-0.000414616	0.854424	-0.411153	-0.00203405
211	2.51383e-09	-0.149678	1.08999	0.000375137	-0.943946	-0.125941	-0.000847836
212	2.51383e-09	0.581006	0.95862	-0.0026965	-0.809376	0.49575	0.000650479
213	2.51383e-09	-0.937383	0.597838	4.57201e-05	-0.513692	-0.797475	-0.00306849
214	2.51383e-09	-0.505349	0.975261	-0.00240226	-0.844239	-0.444386	-0.000243516
215	2.51383e-09	1.05153	-0.385012	-0.00022782	0.325525	0.886949	0.00152364
216	2.51383e-09	-1.09279	0.144925	0.00121681	-0.118874	-0.946873	0.000220367
217	2.51383e-09	0.328269	-1.07049	0.00042372	0.901232	0.279072	-0.00167942
218	2.51383e-09	-0.496223	-0.944965	0.00548656	0.859623	-0.449451	0.00308931
219	2.51383e-09	-0.866998	0.735268	-0.000178348	-0.608787	-0.714326	-0.000690928
220	2.51383e-09	-0.807119	0.76762	0.00437338	-0.653873	-0.684279	0.000193677
221	2.51383e-09	0.914054	0.581756	0.000749858	-0.516673	0.810288	0.00352707
222	2.51383e-09	-0.710491	0.846529	-0.00178075	-0.728156	-0.613679	0.00125476
223	2.51383e-09	1.10535	0.181504	-0.000334368	-0.14815	0.930887	0.000996223
224	2.51383e-09	0.915854	-0.60338	0.00103603	0.523577	0.79575	-0.00154181
225	2.51383e-09	0.0050006	-1.12438	0.000343686	0.939737	0.00455758	-0.00192184
226	2.51383e-09	0.257134	1.09366	0.00229189	-0.916849	0.213954	-0.00245631
227	2.51383e-09	0.770527	-0.796474	0.00260423	0.684566	0.659717	0.00139554
228	2.51383e-09	0.956355	0.579801	-0.00184447	-0.491828	0.806939	0.00139225
229	2.51383e-09	0.819146	0.771012	0.00454743	-0.646964	0.687114	-0.000635536
230	2.51383e-09	0.523199	1.02772	-0.00214354	-0.829091	0.421391	0.00236575
231	2.51383e-09	1.10023	-0.234559	-0.00479927	0.197061	0.924705	0.00132516
232	2.51383e-09	1.08232	0.211195	-0.00256929	-0.18049	0.931645	-0.000617064
233	2.51383e-09	0.0804368	-1.11169	0.000886152	0.945102	0.0619858	-0.000668631
234	2.51383e-09	0.87118	-0.706006	-0.00371072	0.593657	0.73466	0.00441368
235	2.51383e-09	-0.956784	0.560923	0.000910013	-0.474939	-0.824804	0.00207438
236	2.51383e-09	1.07586	-0.32764	0.00140288	0.267384	0.905249	0.00113686
237	2.51383e-09	1.09123	-0.00211703	0.00362335	0.00235006	0.961584	-0.000866343
238	2.51383e-09	-1.04868	0.49648	0.00065453	-0.392932	-0.837187	-0.000151391
239	2.51383e-09	0.0816592	-1.10358	-0.00247658	0.94824	0.0700715	0.00095082
240	2.51383e-09	0.191887	-1.09772	0.00153363	0.937725	0.166673	-0.00231691
241	2.51383e-09	1.11191	-0.0960175	-0.000591945	0.0869371	0.94115	-0.0025647
242	2.51383e-09	-0.625447	-0.981223	-0.00317924	0.780037	-0.497383	0.00133796
243	2.51383e-09	-0.556689	-0.983985	-0.0041127	0.815688	-0.46451	-0.00102271
244	2.51383e-09	-1.14115	-0.114997	-0.00190881	0.0945847	-0.92604	-9.62982e-05
245	2.51383e-09	0.356103	1.07118	0.00326542	-0.892837	0.298996	-0.00291527
246	2.51383e-09	-0.697202	-0.887695	0.00296372	0.743546	-0.577919	0.000962408
247	2.51383e-09	-0.727386	-0.823696	0.0014532	0.709374	-0.638182	0.00272967
248	2.51383e-09	-0.704943	0.876743	0.00036081	-0.732817	-0.591961	3.3475e-05
249	2.51383e-09	-0.538635	-0.99449	2.08552e-05	0.822201	-0.448759	-0.00158228
250	2.51383e-09	0.0292928	1.13633	0.000294378	-0.937921	0.0237753	0.00196505
251	2.51383e-09	-0.168924	1.1096	0.000419562	-0.931308	-0.141717	-0.00235037
252	2.51383e-09	0.742495	0.842004	-1.72676e-05	-0.703375	0.626531	-0.00161853
253	2.51383e-09	1.09735	-0.256738	0.00165035	0.216118	0.918373	0.00405214
254	2.51383e-09	0.510939	1.01382	0.00117511	-0.839627	0.417439	-0.000296951
255	2.51383e-09	-0.104397	-1.12329	-0.00283237	0.940363	-0.0909775	0.000290091
256	2.51383e-09	1.10095	0.294746	-0.000487703	-0.23988	0.908374	-0.00166499
257	2.51383e-09	-0.545229	0.98115	-0.00160206	-0.824542	-0.458045	-0.00164308
258	2.51383e-09	-1.03191	-0.443152	-0.00322291	0.368761	-0.870054	0.00110612
259	2.51383e-09	1.12299	0.118374	-0.0019615	-0.104726	0.937811	0.000913353
260	2.51383e-09	0.658394	0.910907	-0.00165948	-0.766974	0.549538	0.0041584
261	2.51383e-09	-0.804144	-0.810215	-0.000275653	0.661873	-0.66031	-0.000932756
262	2.51383e-09	0.253091	-1.0828	0.00149281	0.922269	0.222061	-0.00459479
263	2.51383e-09	1.06627	-0.425437	-0.00167501	0.336083	0.871055	-0.00238554
264	2.51383e-09	1.00871	-0.491809	-0.00207492	0.4174	0.845051	0.000253899
265	2.51383e-09	0.438579	1.05943	0.000199962	-0.862888	0.359015	0.00224249
266	2.51383e-09	-1.12858	0.125445	-2.2541e-05	-0.103969	-0.931734	-0.00091499
267	2.51383e-09	1.10841	-0.179417	3.76758e-05	0.153786	0.929486	-0.000568057
268	2.51383e-09	1.09086	-0.313844	0.00112339	0.261928	0.899265	-0.000326782
269	2.51383e-09	-0.268715	1.11856	0.00238114	-0.906569	-0.2125	0.000315669
270	2.51383e-09	-0.638025	-0.931459	-0.000682834	0.772597	-0.536955	-0.00141357
271	2.51383e-09	0.37607	-1.08675	0.000554092	0.882927	0.30556	-0.000242631
272	2.51383e-09	1.1424	-0.0045765	0.00430614	0.00762616	0.936319	-0.00090447
273	2.51383e-09	-0.496138	-1.04332	-0.00222976	0.838392	-0.397849	-0.000118195
274	2.51383e-09	-1.02543	0.45665	0.00102404	-0.386927	-0.863329	0.00306761
275	2.51383e-09	0.879433	-0.714248	-0.000996366	0.595701	0.729461	0.00162959
276	2.51383e-09	0.852981	0.791818	-0.00299087	-0.628615	0.677542	0.000220127
277	2.51383e-09	-0.261779	1.12766	-0.0053259	-0.901346	-0.207541	-0.001864
278	2.51383e-09	-0.840136	0.781408	-0.00517287	-0.636943	-0.682016	0.000670602
279	2.51383e-09	-1.15382	-0.16866	-0.000859862	0.129647	-0.919371	0.000309665
280	2.51383e-09	1.14347	-0.203252	0.001394	0.159039	0.915445	-0.0020558
281	2.51383e-09	0.994776	0.526493	0.000315187	-0.442776	0.835834	-0.00112559
282	2.51383e-09	0.794198	-0.825999	-0.000345037	0.673773	0.64415	-0.00188724
283	2.51383e-09	-1.12595	-0.07874	0.000979198	0.0682961	-0.940818	0.00361982
284	2.51383e-09	1.03267	-0.514499	0.0025215	0.419576	0.828602	0.000749813
285	2.51383e-09	-0.364405	-1.09319	0.000265285	0.882196	-0.293767	-0.00127058
286	2.51383e-09	-1.14338	-0.00557087	0.0010115	-0.000889085	-0.933773	-0.00037327
287	2.51383e-09	1.09248	0.340401	-0.00031123	-0.271514	0.891356	-0.00100554
288	2.51383e-09	-1.13659	0.170428	-0.00266963	-0.133167	-0.924428	-0.000415461
289	2.51383e-09	1.03082	0.514448	-0.00304927	-0.413429	0.833842	-0.00282648
290	2.51383e-09	-0.668609	0.925953	-0.00394369	-0.757267	-0.545755	0.00217955
291	2.51383e-09	0.200305	1.13116	0.00107429	-0.920063	0.159801	-0.00192586
292	2.51383e-09	0.0149452	1.1544	0.000896621	-0.929909	0.0122312	0.00105143
293	2.51383e-09	0.467116	-1.03142	-0.00218547	0.855504	0.391608	-0.00168638
294	2.51383e-09	0.0719608	-1.15968	0.00100407	0.926747	0.060502	-0.00542562
295	2.51383e-09	-0.863502	-0.736983	0.0035463	0.610692	-0.71495	-0.000975088
296	2.51383e-09	-1.15573	-0.0818844	-0.00209399	0.066198	-0.926002	-0.00369718
297	2.51383e-09	0.376771	1.08306	-0.000755118	-0.881692	0.306001	0.000344339
298	2.51383e-09	0.419876	1.08043	-0.00204821	-0.863995	0.335782	-0.00109108
299	2.51383e-09	-0.590079	0.994965	-0.00320409	-0.800083	-0.480986	-0.000844863
300	2.51383e-09	-0.958935	-0.658105	0.00181518	0.526181	-0.763893	0.00275125
301	2.51383e-09	1.16757	-0.110777	-0.00164052	0.0859709	0.915584	0.00166421
302	2.51383e-09	-1.12237	0.346414	0.000921577	-0.268437	-0.879036	0.00263191
303	2.51383e-09	1.15792	0.0311187	0.00201142	-0.0248546	0.926435	-0.00179837
304	2.51383e-09	-0.132543	-1.17993	0.000541806	0.910059	-0.0978927	-0.00022324
305	2.51383e-09	-1.13888	0.125957	0.000545019	-0.104285	-0.927808	-0.00289846
306	2.51383e-09	0.143553	1.13551	0.00261689	-0.926957	0.117777	0.000551613
307	2.51383e-09	-0.900665	0.738961	0.00229119	-0.585011	-0.716826	-0.00137898
308	2.51383e-09	0.815523	0.839231	-0.00257083	-0.66742	0.640298	0.00149892
309	2.51383e-09	0.954531	0.616615	0.000660088	-0.505498	0.791249	0.00226001
310	2.51383e-09	0.914278	-0.707501	-4.11111e-05	0.569022	0.738379	-0.00248905
311	2.51383e-09	-0.333255	-1.1062	0.00279004	0.891067	-0.269874	-0.00300764
312	2.51383e-09	-0.0608824	1.16713	-0.00316839	-0.923837	-0.0412815	0.00143178
313	2.51383e-09	-1.12516	0.26142	0.00138307	-0.212065	-0.903634	0.00239406
314	2.51383e-09	1.00338	-0.564462	0.00102294	0.457913	0.807427	-0.00187144
315	2.51383e-09	-0.7979	-0.837757	-0.00156671	0.677029	-0.639903	-0.00155439
316	2.51383e-09	-0.313675	-1.11779	0.00126896	0.895944	-0.253525	-4.78787e-05
317	2.51383e-09	0.974895	-0.641264	0.00550223	0.506841	0.771434	0.00164473
318	2.51383e-09	-1.15956	0.0621834	0.00012811	-0.0486502	-0.927527	0.000583168
319	2.51383e-09	1.16666	-0.125942	0.00183509	0.103432	0.917209	-0.00207223
320	2.51383e-09	1.16311	0.0752129	0.00030153	-0.0587206	0.926876	-0.000586488
321	2.51383e-09	-1.01005	-0.57353	-0.00138734	0.460919	-0.805913	0.00155581
322	2.51383e-09	0.878263	-0.751495	-0.000347412	0.606081	0.705929	-0.0029086
323	2.51383e-09	-0.948304	0.652969	0.00137077	-0.534458	-0.765228	-0.000411656
324	2.51383e-09	0.278948	1.14848	-0.000257537	-0.894549	0.21969	0.000704275
325	2.51383e-09	-0.87896	-0.763234	0.000845723	0.611023	-0.693941	0.00119951
326	2.51383e-09	0.0741603	-1.17586	0.00283142	0.919059	0.048473	0.00554699
327	2.51383e-09	-0.00853718	1.17728	0.00153866	-0.921739	-0.00622605	0.00104346
328	2.51383e-09	0.802754	-0.80239	-0.00111085	0.66694	0.659723	0.0046099
329	2.51383e-09	0.440101	-1.10116	0.000480714	0.851825	0.33646	0.000993781
330	2.51383e-09	-1.09311	-0.377416	-0.00116889	0.299101	-0.878052	-0.00136092
331	2.51383e-09	1.07693	0.431689	-0.00181788	-0.342031	0.861112	-0.00318463
332	2.51383e-09	0.0777581	1.17306	-0.004097	-0.922648	0.057813	-0.000740566
333	2.51383e-09	0.918979	-0.735144	0.00119036	0.577526	0.719396	2.71317e-05
334	2.51383e-09	-1.13478	0.309378	-0.000787769	-0.239544	-0.886796	0.00089153
335	2.51383e-09	-0.811174	-0.872355	0.00108073	0.667155	-0.626301	-0.000348116
336	2.51383e-09	1.17758	0.0806055	0.00228689	-0.0562003	0.918864	-0.00132841
337	2.51383e-09	-1.15238	0.28551	0.00129866	-0.21916	-0.889111	-0.000765641
338	2.51383e-09	1.10545	-0.35749	-0.000571601	0.284376	0.881924	2.04573e-05
339	2.51383e-09	-1.19075	-0.0547238	0.0033695	0.0410865	-0.912917	0.00309608
340	2.51383e-09	0.331339	1.1296	0.00232122	-0.889008	0.253132	-0.003174
341	2.51383e-09	0.577966	-1.02912	-0.0012294	0.802497	0.45566	-0.000419106
342	2.51383e-09	-1.12531	0.164385	-0.000212171	-0.139225	-0.927133	-0.000284558
343	2.51383e-09	-0.0788601	1.15803	0.00113652	-0.926017	-0.0691439	-0.000561705
344	2.51383e-09	-1.17975	0.0515144	-0.00160334	-0.0391364	-0.918387	0.000894227
345	2.51383e-09	0.325599	1.11713	0.00127365	-0.888742	0.259798	-0.000921473
346	2.51383e-09	1.02682	0.554027	0.00129488	-0.437831	0.81926	-0.0004912
347	2.51383e-09	-0.107974	1.16814	-0.00123538	-0.919452	-0.0886485	-0.000202831
348	2.51383e-09	1.17835	-0.0275528	-0.0021728	0.0262129	0.919863	0.000370328
349	2.51383e-09	-0.175576	1.16779	1.03571e-05	-0.911349	-0.137653	-0.000862108
350	2.51383e-09	-1.01463	0.580149	0.00169951	-0.457289	-0.801941	0.00196194
351	2.51383e-09	-1.12951	-0.388727	0.00243047	0.294438	-0.86707	0.00136021
352	2.51383e-09	1.14775	0.230102	-0.00209469	-0.181193	0.9086	0.00173424
353	2.51383e-09	-1.04512	-0.578538	-0.00103772	0.445182	-0.800864	-0.00258064
354	2.51383e-09	0.76477	0.884979	0.00396602	-0.698824	0.607431	-0.00145991
355	2.51383e-09	-0.572294	1.00951	-0.00130598	-0.805689	-0.459681	-0.000195278
356	2.51383e-09	-0.675318	0.982767	0.00290012	-0.755855	-0.521103	0.00123122
357	2.51383e-09	0.139991	-1.16103	0.000776256	0.918564	0.107549	-0.00155611
358	2.51383e-09	-0.835135	0.848152	-0.00313286	-0.654574	-0.643547	6.88628e-05
359	2.51383e-09	-0.355093	1.15457	0.000515555	-0.868036	-0.271104	-0.00252541
360	2.51383e-09	-0.970726	-0.663816	-0.00101951	0.515195	-0.763711	0.000661975
361	2.51383e-09	-1.06111	-0.503687	-0.00163029	0.39529	-0.835297	9.6883e-05
362	2.51383e-09	-1.08906	0.424932	-0.00116819	-0.332134	-0.863681	0.00204541
363	2.51383e-09	-0.0383213	-1.18418	0.000183096	0.917549	-0.0239616	-0.00131341
364	2.51383e-09	1.04918	0.508509	0.000957977	-0.401351	0.833344	-0.00229998
365	2.51383e-09	1.17234	0.222374	-0.00203545	-0.166464	0.902529	-0.00107452
366	2.51383e-09	1.188	-0.12228	-0.00196032	0.0892998	0.910715	-0.0019482
367	2.51383e-09	0.472466	-1.08344	-0.00376933	0.841449	0.365025	0.00111101
368	2.51383e-09	1.11641	-0.431572	-0.00343689	0.329522	0.853411	0.000190959
369	2.51383e-09	-1.16104	-0.298699	-0.000249076	0.221326	-0.882214	-0.00241295
370	2.51383e-09	0.350084	-1.13346	-0.00221377	0.877882	0.274089	-0.00234374
371	2.51383e-09	-1.20054	-0.106882	-0.00166262	0.0830113	-0.908186	0.000503159
372	2.51383e-09	-1.14439	-0.366719	5.94203e-05	0.281907	-0.865819	-0.00214439
373	2.51383e-09	-0.541187	-1.05178	0.00142981	0.814592	-0.425863	0.0015976
374	2.51383e-09	0.211058	-1.19261	0.00375348	0.893302	0.163234	-0.00117256
375	2.51383e-09	0.488939	-1.08628	-0.00491493	0.834527	0.371612	0.00135958
376	2.51383e-09	0.956178	-0.703251	0.00128718	0.540639	0.738022	0.000743268
377	2.51383e-09	0.30664	-1.14353	-0.000205119	0.886202	0.241362	-0.00133512
378	2.51383e-09	-0.868634	0.815931	-0.000609551	-0.628009	-0.667947	-0.00065133
379	2.51383e-09	-0.494214	-1.07035	-0.00398474	0.839827	-0.380471	-0.00140442
380	2.51383e-09	-0.183643	-1.16527	-0.00241917	0.90773	-0.142714	-0.00130716
381	2.51383e-09	1.05946	-0.550996	-0.00110921	0.423287	0.810981	-0.000836196
382	2.51383e-09	-1.01133	-0.651955	-0.000617182	0.498224	-0.76235	-0.000213239
383	2.51383e-09	-1.10519	-0.409127	-0.000467934	0.323206	-0.863503	-0.00192069
384	2.51383e-09	-0.214606	-1.18814	-0.00517836	0.894064	-0.160219	0.00236264
385	2.51383e-09	0.860991	-0.803857	0.00171372	0.628248	0.67355	-0.00126481
386	2.51383e-09	-1.13929	-0.334778	-0.000295477	0.259736	-0.882361	0.00230413
387	2.51383e-09	-0.766305	-0.917379	-0.0017215	0.702522	-0.588303	-0.00149122
388	2.51383e-09	-0.0965717	1.19087	-0.000628089	-0.913401	-0.0777614	0.00216013
389	2.51383e-09	1.17845	0.157071	0.00491598	-0.120628	0.907794	6.18041e-06
390	2.51383e-09	-0.551897	-1.05123	-0.000195397	0.810598	-0.428221	-0.00176998
391	2.51383e-09	0.264443	1.18801	-0.00263266	-0.88177	0.198958	-0.00024793
392	2.51383e-09	-0.30083	-1.16168	0.00633127	0.882368	-0.228705	0.00139898
393	2.51383e-09	0.834728	-0.867698	-0.00180619	0.661632	0.62827	-0.00160174
394	2.51383e-09	-1.20389	-0.152759	0.00152848	0.11508	-0.896896	-0.000988706
395	2.51383e-09	-0.326017	-1.16134	-0.000562548	0.872877	-0.252104	0.000132055
396	2.51383e-09	0.806672	0.925786	0.00111896	-0.676544	0.590342	-0.00177924
397	2.51383e-09	1.19636	-0.0264945	-0.00156265	0.0234445	0.915915	0.00236418
398	2.51383e-09	1.19987	-0.15066	-0.00140039	0.111948	0.901042	-0.00117345
399	2.51383e-09	-0.625372	-1.02237	-0.000810858	0.780544	-0.474808	-0.000616841
400	2.51383e-09	1.0853	-0.515167	0.0027163	0.396661	0.822356	0.000417541
