6.650010e+02
401
0	1	3.06806e-05	1.89297e-05	-2.79781e-08	5.3337e-08	6.13755e-08	-7.84425e-11
1	2.51383e-09	-0.0576293	0.998452	0.00114252	-0.998275	-0.0586781	0.000376004
2	2.51383e-09	-0.297255	-0.957768	0.000135969	0.954033	-0.29464	0.00109856
3	2.51383e-09	-0.621479	-0.786487	0.00155969	0.783176	-0.620906	-9.56042e-05
4	2.51383e-09	-1.00006	-0.0564644	0.000850429	0.0562567	-0.997635	0.000887584
5	2.51383e-09	-0.14315	0.991844	3.23957e-05	-0.987776	-0.141983	0.00157627
6	2.51383e-09	-0.964733	0.292177	0.000961632	-0.287865	-0.952017	-0.000415266
7	2.51383e-09	-0.699043	-0.717577	0.000571353	0.715638	-0.698241	-0.000694365
8	2.51383e-09	0.924301	0.382759	-0.000119477	-0.380044	0.924625	-4.11367e-05
9	2.51383e-09	0.429292	-0.905723	-7.27118e-05	0.90195	0.427968	0.000178998
10	2.51383e-09	0.715751	0.705369	0.00146626	-0.701065	0.709379	0.000654676
11	2.51383e-09	0.479731	-0.886004	0.000551159	0.875476	0.473686	-0.00109273
12	2.51383e-09	-0.392739	0.931249	0.000792477	-0.915349	-0.387385	-0.000262971
13	2.51383e-09	-0.210906	-0.980163	0.000468798	0.976813	-0.213272	0.000192312
14	2.51383e-09	0.41358	0.926918	-0.0015661	-0.904489	0.404765	0.00129308
15	2.51383e-09	0.950541	-0.327883	0.00142032	0.330232	0.940513	-0.000706297
16	2.51383e-09	-0.0309571	-1.00161	0.000657709	0.997493	-0.0314522	0.0008256
17	2.51383e-09	-0.0916388	-1.00196	-0.00105204	0.992617	-0.0906942	-0.000118809
18	2.51383e-09	0.581533	0.829743	0.00125602	-0.81138	0.570309	0.00077905
19	2.51383e-09	0.329486	0.953989	0.000678323	-0.941976	0.325799	0.000828588
20	2.51383e-09	-0.832315	0.582324	-0.000459785	-0.570219	-0.811997	0.000432423
21	2.51383e-09	-0.0381886	-1.01032	0.00078703	0.993827	-0.0362902	0.00102598
22	2.51383e-09	-0.369363	0.93982	0.00108294	-0.92766	-0.364047	0.000537845
23	2.51383e-09	-0.583093	0.827336	-0.000960751	-0.812173	-0.572448	-0.000878078
24	2.51383e-09	-0.18418	0.993201	-0.000604974	-0.978812	-0.183333	-0.000453453
25	2.51383e-09	-0.23024	-0.99098	1.09891e-05	0.964802	-0.223282	-0.001118
26	2.51383e-09	-0.82152	-0.587382	0.00117922	0.576585	-0.808304	0.000596822
27	2.51383e-09	-1.00211	0.128929	-0.000853893	-0.12624	-0.987014	0.000671977
28	2.51383e-09	0.993558	-0.20794	0.000394418	0.203319	0.972801	-0.0011113
29	2.51383e-09	-0.915101	0.433602	0.00155052	-0.423788	-0.900464	0.00209168
30	2.51383e-09	0.183724	-0.995579	-0.00107716	0.976429	0.183414	5.46474e-05
31	2.51383e-09	-0.971147	-0.282832	-0.000405931	0.277564	-0.955139	0.000170718
32	2.51383e-09	0.895932	-0.479451	-9.11429e-05	0.467869	0.874423	0.000938933
33	2.51383e-09	0.757662	0.681957	0.000247171	-0.662517	0.736652	-0.000829546
34	2.51383e-09	0.987642	-0.267913	-0.0016314	0.262022	0.954166	0.000694983
35	2.51383e-09	0.176777	-1.00267	-0.00121323	0.976153	0.171584	-0.000986417
36	2.51383e-09	0.641384	-0.795945	0.000839778	0.768595	0.621499	0.000344252
37	2.51383e-09	0.200526	-0.997761	0.00181645	0.969846	0.195626	0.000542437
38	2.51383e-09	-0.979205	-0.274273	-0.00150877	0.266626	-0.955762	0.000537119
39	2.51383e-09	0.710892	0.727816	-0.00116246	-0.706768	0.693778	-0.000743887
40	2.51383e-09	0.143856	1.00813	0.000868721	-0.980508	0.143816	-0.000835926
41	2.51383e-09	-0.879267	-0.516983	0.00195553	0.500583	-0.852564	0.000479562
42	2.51383e-09	-0.98007	0.286778	-0.00118435	-0.278531	-0.951049	0.00108597
43	2.51383e-09	-0.0765671	-1.02415	-0.00106233	0.98299	-0.0766654	0.000714141
44	2.51383e-09	1.01554	-0.0459699	0.000867423	0.0449487	0.991883	0.000761807
45	2.51383e-09	-0.205941	1.00947	-0.0011214	-0.966099	-0.195721	-0.000783621
46	2.51383e-09	0.862834	-0.548571	-0.000605522	0.531723	0.833774	0.00112292
47	2.51383e-09	0.0211248	1.01755	0.000383277	-0.991269	0.018288	0.000721114
48	2.51383e-09	0.0551498	1.02313	1.04085e-05	-0.986275	0.0537566	0.00116674
49	2.51383e-09	0.935575	-0.411536	-0.000906003	0.397714	0.906869	-0.0014647
50	2.51383e-09	-0.975997	0.321755	-0.00215798	-0.309705	-0.936579	-0.000184166
51	2.51383e-09	0.437263	0.923876	0.000268027	-0.89625	0.421055	-0.000224729
52	2.51383e-09	-0.805224	0.638959	0.000902292	-0.61271	-0.771965	-0.00060573
53	2.51383e-09	-0.708337	-0.744414	0.00161744	0.713273	-0.679394	6.88888e-06
54	2.51383e-09	-0.0542928	-1.02328	0.00096333	0.986807	-0.0525902	0.000748831
55	2.51383e-09	-1.02181	-0.15462	-0.000292175	0.147999	-0.972612	0.00057274
56	2.51383e-09	-0.577366	-0.852509	-0.000747182	0.815429	-0.553566	0.000706399
57	2.51383e-09	-1.02158	0.174593	-0.000881551	-0.166094	-0.966868	0.00077984
58	2.51383e-09	1.01722	0.139072	0.000209445	-0.131984	0.978002	-0.000279337
59	2.51383e-09	-0.436821	-0.933362	0.00153076	0.891636	-0.418563	-0.000260107
60	2.51383e-09	-1.01811	-0.056889	0.0008028	0.0550753	-0.99076	-0.000424959
61	2.51383e-09	-0.281467	1.00803	0.000421343	-0.939874	-0.262968	-0.000591876
62	2.51383e-09	0.559557	-0.872243	-0.00190008	0.826379	0.530358	0.000619117
63	2.51383e-09	-0.175696	-1.01907	0.00024575	0.96807	-0.16848	0.00117455
64	2.51383e-09	-0.90032	-0.492001	0.000411522	0.47471	-0.866971	0.0012187
65	2.51383e-09	0.886061	0.530507	-1.21693e-05	-0.50442	0.845048	0.00140897
66	2.51383e-09	-0.451997	0.921317	-0.000819409	-0.886353	-0.436392	-0.000414064
67	2.51383e-09	-0.234903	-1.00338	0.000545927	0.959298	-0.223583	0.00132434
68	2.51383e-09	0.581279	0.855927	0.00119927	-0.813979	0.5513	-0.000503679
69	2.51383e-09	0.453864	0.929209	-0.00105432	-0.883959	0.431081	-0.00084348
70	2.51383e-09	-0.35544	0.976376	0.000274151	-0.921734	-0.335479	-0.00127903
71	2.51383e-09	-0.619525	-0.82948	2.81253e-05	0.789395	-0.58497	-0.000971102
72	2.51383e-09	-0.935704	-0.435455	0.000956579	0.414816	-0.892692	-0.000856904
73	2.51383e-09	-0.515359	-0.893176	-0.000985848	0.852486	-0.494882	-0.00188488
74	2.51383e-09	0.545316	-0.881812	0.00061146	0.83689	0.515515	-0.000880396
75	2.51383e-09	0.975224	-0.345433	0.000232066	0.32817	0.926604	-0.000172311
76	2.51383e-09	-1.0399	0.0665473	-0.000395382	-0.0624813	-0.978097	0.000161576
77	2.51383e-09	0.982652	-0.332965	2.78627e-05	0.317085	0.928243	0.00265816
78	2.51383e-09	0.867956	0.572356	0.000648537	-0.53825	0.820126	0.000254388
79	2.51383e-09	0.971006	-0.361827	-0.000746468	0.343055	0.921075	0.00115946
80	2.51383e-09	1.02853	-0.171892	-0.000649426	0.157963	0.966553	0.000336564
81	2.51383e-09	0.94085	-0.439635	-0.00137638	0.416624	0.890095	0.000488238
82	2.51383e-09	-0.616292	0.830986	0.000342598	-0.792962	-0.58292	-0.000684658
83	2.51383e-09	1.00145	0.308338	0.000612076	-0.289968	0.932797	0.00129931
84	2.51383e-09	-0.389081	-0.972082	-8.0221e-05	0.90618	-0.362745	-0.000946449
85	2.51383e-09	0.856462	0.596766	-0.00105637	-0.561445	0.800507	-0.00223436
86	2.51383e-09	-1.04046	-0.034257	0.00203626	0.0321885	-0.979997	-0.000155471
87	2.51383e-09	0.809351	0.661789	1.87732e-05	-0.618032	0.757752	-0.000708921
88	2.51383e-09	-0.868046	-0.578862	-0.00100465	0.54507	-0.81436	0.000348847
89	2.51383e-09	-1.0387	-0.184111	-0.000803567	0.169968	-0.957211	-0.000146591
90	2.51383e-09	-0.94093	0.450553	0.000808201	-0.422059	-0.883326	-0.00105449
91	2.51383e-09	-0.0614969	-1.03772	0.000713215	0.979757	-0.0561908	-0.000479575
92	2.51383e-09	0.936624	0.471768	0.000515276	-0.43665	0.874887	0.00116319
93	2.51383e-09	-0.0143471	-1.05562	-0.00134194	0.971938	-0.0134719	0.000747151
94	2.51383e-09	-0.405788	0.965253	0.000846153	-0.901951	-0.378866	0.000579066
95	2.51383e-09	-0.220578	1.0198	0.00135654	-0.958304	-0.206654	-0.000486415
96	2.51383e-09	-0.247032	1.02223	-0.00120893	-0.948705	-0.230334	-0.00031958
97	2.51383e-09	-1.037	0.114188	0.00173465	-0.108016	-0.974814	-0.00146681
98	2.51383e-09	0.715778	-0.778181	-0.000186343	0.716814	0.658071	-0.000100011
99	2.51383e-09	-0.886871	-0.573543	-9.95905e-05	0.527126	-0.817546	-0.00132686
100	2.51383e-09	0.998251	-0.315639	0.000848898	0.298438	0.931388	-3.21727e-05
101	2.51383e-09	-0.901947	0.525975	-0.000886325	-0.490745	-0.846548	-0.000336943
102	2.51383e-09	-0.0975234	-1.05201	0.000134067	0.96765	-0.0892263	-0.0013644
103	2.51383e-09	-0.915542	-0.500449	-0.00138775	0.466928	-0.860836	-0.000169279
104	2.51383e-09	-0.507161	-0.925294	-0.000391822	0.8546	-0.467282	-0.00119453
105	2.51383e-09	1.05273	-0.0314466	-0.000962678	0.0292641	0.972877	0.000642187
106	2.51383e-09	0.509442	-0.933122	0.00189659	0.84931	0.466523	0.000229608
107	2.51383e-09	0.817771	0.65393	-0.000763178	-0.610855	0.76247	-0.00160838
108	2.51383e-09	-0.852306	0.628536	0.000174024	-0.575956	-0.782254	0.000449264
109	2.51383e-09	0.216819	-1.03596	0.00100903	0.950984	0.199396	-0.000710995
110	2.51383e-09	-0.861137	0.612199	-0.000107822	-0.562051	-0.793326	-0.000987024
111	2.51383e-09	0.721481	0.778363	-0.000469709	-0.712385	0.658064	0.000588407
112	2.51383e-09	-0.571793	0.882513	0.0012322	-0.818816	-0.530517	-1.95333e-05
113	2.51383e-09	0.819887	-0.657662	-0.0012401	0.610776	0.760948	-0.000528161
114	2.51383e-09	0.437321	-0.966612	0.00161662	0.883345	0.401813	-0.000723717
115	2.51383e-09	-0.487441	0.94198	-0.00149256	-0.862193	-0.446928	0.00037299
116	2.51383e-09	-0.902664	0.552488	-0.000489568	-0.505269	-0.830624	0.000740601
117	2.51383e-09	0.499064	-0.935077	0.0023613	0.857281	0.458924	-3.68469e-05
118	2.51383e-09	-1.05173	0.164943	-5.53151e-05	-0.149072	-0.957965	-0.000368278
119	2.51383e-09	1.0379	0.201623	0.000765296	-0.186071	0.953567	-0.0013584
120	2.51383e-09	0.715701	0.784085	-0.00157429	-0.716427	0.653049	-0.000372073
121	2.51383e-09	0.788513	0.716137	-0.00113881	-0.65119	0.717258	-0.000126629
122	2.51383e-09	0.671173	0.818172	-0.000191347	-0.75264	0.614454	-0.00047691
123	2.51383e-09	1.02353	0.267033	-0.000796488	-0.24561	0.942281	0.00108239
124	2.51383e-09	-0.592349	0.882178	-0.0016682	-0.805825	-0.53917	3.99526e-05
125	2.51383e-09	-0.77251	0.729813	0.000429841	-0.666059	-0.705435	0.00112732
126	2.51383e-09	-1.06293	-0.103933	0.00184597	0.0953303	-0.96232	-0.000282793
127	2.51383e-09	-1.00054	0.368031	0.0011136	-0.333065	-0.909342	2.02926e-05
128	2.51383e-09	-0.37878	1.00214	6.5537e-05	-0.903276	-0.340781	0.00142051
129	2.51383e-09	1.03153	-0.268606	-0.000786865	0.244064	0.938025	-0.000379046
130	2.51383e-09	0.944989	-0.463199	-0.000902591	0.427826	0.877261	-0.00150165
131	2.51383e-09	0.524432	0.927193	0.00136245	-0.843772	0.477452	-0.00010533
132	2.51383e-09	0.768285	0.737207	-0.00137018	-0.671601	0.698976	-5.51955e-05
133	2.51383e-09	0.924651	0.531726	0.00160124	-0.484394	0.838286	-0.0012188
134	2.51383e-09	-0.46468	-0.965048	-0.0010971	0.869322	-0.419969	-0.00126826
135	2.51383e-09	0.666111	0.824886	-0.000184804	-0.755122	0.612933	-5.91798e-05
136	2.51383e-09	-1.00703	-0.36482	0.000616035	0.328214	-0.907715	-0.000785776
137	2.51383e-09	-0.443234	0.972486	0.000876443	-0.880381	-0.402522	-0.00130403
138	2.51383e-09	0.66466	0.842549	-0.00166297	-0.756388	0.59955	0.0014517
139	2.51383e-09	-0.187778	1.05471	0.00010901	-0.950206	-0.169017	-0.00031149
140	2.51383e-09	1.03033	0.318203	0.000895993	-0.284126	0.918237	-0.000764837
141	2.51383e-09	-0.435064	-0.971576	-0.000585576	0.885432	-0.393456	-0.000345124
142	2.51383e-09	-0.454702	0.97541	0.00118864	-0.873093	-0.407853	-0.000145737
143	2.51383e-09	-0.999755	0.382898	0.000603273	-0.347254	-0.902863	0.000404317
144	2.51383e-09	1.0468	0.243552	-0.00025551	-0.220467	0.938103	0.000101134
145	2.51383e-09	-0.362994	1.02083	-0.000585823	-0.906157	-0.320763	0.00179319
146	2.51383e-09	-0.941154	0.528408	-0.000645401	-0.470169	-0.840131	0.0010273
147	2.51383e-09	-1.04113	-0.264287	-0.00163743	0.233834	-0.93699	-0.000842791
148	2.51383e-09	0.596968	-0.896055	0.00127422	0.801285	0.534169	0.00184276
149	2.51383e-09	-0.122147	1.06571	0.00169351	-0.95916	-0.114972	0.000721632
150	2.51383e-09	-0.358479	-1.01424	0.00126115	0.90835	-0.320272	1.23502e-05
151	2.51383e-09	0.668655	-0.844231	-0.000380721	0.754785	0.600526	0.000919899
152	2.51383e-09	-1.0664	-0.113898	-0.00147202	0.102341	-0.960281	0.00271614
153	2.51383e-09	0.757061	-0.767794	0.0010581	0.68532	0.676756	-0.000755117
154	2.51383e-09	-0.979007	-0.461726	0.000736241	0.407553	-0.870193	0.00138308
155	2.51383e-09	1.0088	0.36883	-0.000480629	-0.333011	0.907352	0.0022043
156	2.51383e-09	0.909685	0.587853	0.00167674	-0.524682	0.806948	0.00142756
157	2.51383e-09	-0.984294	0.445126	0.00058709	-0.396296	-0.876374	0.000609035
158	2.51383e-09	0.846066	-0.669151	0.000988874	0.597526	0.756118	-0.000521547
159	2.51383e-09	-0.0346395	-1.07564	0.000208149	0.963949	-0.0311121	-0.000323346
160	2.51383e-09	0.237361	-1.05336	0.000321011	0.938889	0.2139	-0.00093523
161	2.51383e-09	1.04287	-0.331032	0.000119375	0.287295	0.910503	0.000238926
162	2.51383e-09	-0.626064	0.88814	0.00156278	-0.782831	-0.553901	-0.000182637
163	2.51383e-09	-1.06446	-0.17567	0.00116309	0.157489	-0.949308	-0.000188278
164	2.51383e-09	0.983623	0.443315	0.000333926	-0.397686	0.875835	-0.000640538
165	2.51383e-09	0.657703	-0.863822	0.00123702	0.764194	0.579802	-0.000522484
166	2.51383e-09	-0.220794	-1.06479	-0.000476931	0.939381	-0.190921	0.000695268
167	2.51383e-09	0.617748	0.904015	0.00113774	-0.786	0.540449	-0.000329622
168	2.51383e-09	-1.08003	-0.0263037	-0.000446558	0.0233546	-0.963722	-0.000588627
169	2.51383e-09	0.742421	0.794248	0.000928361	-0.699533	0.655052	0.000295358
170	2.51383e-09	0.977419	0.487086	0.000914058	-0.425929	0.855134	-0.000570622
171	2.51383e-09	-0.82854	0.707082	0.00110707	-0.619544	-0.731022	-0.000165204
172	2.51383e-09	-0.556153	-0.937498	7.8207e-06	0.823759	-0.488362	-0.0010083
173	2.51383e-09	0.95975	0.530229	-5.07554e-05	-0.462593	0.83518	0.000922606
174	2.51383e-09	0.447374	1.00219	0.000285322	-0.870804	0.386895	-0.0014838
175	2.51383e-09	0.319505	1.04295	-0.000485754	-0.91452	0.282755	0.00014275
176	2.51383e-09	-1.06838	0.127393	-0.000317184	-0.118516	-0.957424	-3.39488e-05
177	2.51383e-09	-0.652996	-0.875819	0.000130714	0.76879	-0.569598	0.000844603
178	2.51383e-09	0.115179	1.08519	0.000442923	-0.950035	0.100525	-0.000175045
179	2.51383e-09	-0.850888	-0.677396	-0.000457686	0.597462	-0.750403	-0.00129507
180	2.51383e-09	-1.03307	0.334691	0.000571	-0.294277	-0.912628	0.000775211
181	2.51383e-09	-0.113311	-1.08905	-0.00122884	0.949914	-0.100047	-0.000523325
182	2.51383e-09	0.166314	1.06821	-9.07725e-05	-0.951255	0.147221	-0.00207909
183	2.51383e-09	1.07117	-0.247674	0.000698791	0.214469	0.928269	0.00142938
184	2.51383e-09	-0.190139	1.08401	0.000724069	-0.93818	-0.166321	0.0003153
185	2.51383e-09	0.226969	1.07237	-0.000810113	-0.935559	0.196439	0.00180474
186	2.51383e-09	-0.513233	-0.967511	0.0020911	0.844422	-0.447367	0.000956457
187	2.51383e-09	-1.05351	0.282088	-0.00127534	-0.247486	-0.924854	-0.000924783
188	2.51383e-09	-0.843568	0.692186	0.00103021	-0.606083	-0.741947	0.000274549
189	2.51383e-09	-0.521939	0.962587	-0.00136212	-0.841657	-0.454192	-2.46822e-06
190	2.51383e-09	-0.173313	1.0885	-0.00040715	-0.940984	-0.150875	0.000643208
191	2.51383e-09	1.09712	-0.0239881	0.000336325	0.0219529	0.954489	-0.000224666
192	2.51383e-09	-0.877307	-0.670839	-0.000845551	0.576746	-0.75508	-0.000355643
193	2.51383e-09	1.03687	0.36805	0.0001314	-0.320464	0.898919	-0.000391168
194	2.51383e-09	-0.211226	-1.08081	0.00130256	0.934498	-0.180102	-0.000917099
195	2.51383e-09	-0.150369	-1.08745	-0.000882977	0.944354	-0.130124	-0.00248291
196	2.51383e-09	-0.161129	-1.08685	-0.000944325	0.943688	-0.140163	0.000601758
197	2.51383e-09	-0.879266	0.657659	8.70592e-05	-0.570787	-0.765503	0.000915719
198	2.51383e-09	0.982718	-0.497779	-0.000216522	0.430513	0.851181	-0.000814018
199	2.51383e-09	-0.355763	-1.04199	-0.00109423	0.901186	-0.309918	-0.00067645
200	2.51383e-09	-0.741044	-0.821509	-0.000266652	0.707704	-0.635811	3.09768e-06
201	2.51383e-09	-0.676824	-0.874923	-2.17657e-05	0.753959	-0.581275	-0.000906507
202	2.51383e-09	1.03102	0.403933	0.000291928	-0.347885	0.883759	0.00214033
203	2.51383e-09	1.10147	0.0478103	0.00146954	-0.0416198	0.950818	0.000548919
204	2.51383e-09	-0.711202	0.846224	0.000106511	-0.728408	-0.610385	0.000861651
205	2.51383e-09	-1.05084	0.340857	0.00121291	-0.293288	-0.905547	0.000856786
206	2.51383e-09	-0.811449	0.743685	-0.00198167	-0.645115	-0.701088	0.00109347
207	2.51383e-09	-0.267699	1.07652	0.00014909	-0.919641	-0.230033	-0.000335512
208	2.51383e-09	-0.528709	0.973686	0.000686299	-0.836568	-0.452125	-0.00128616
209	2.51383e-09	-0.456532	0.992913	0.00126787	-0.869657	-0.399903	-1.93334e-06
210	2.51383e-09	-1.01653	-0.441416	5.50768e-06	0.377568	-0.872734	0.00118868
211	2.51383e-09	-1.04027	-0.374518	-0.000563088	0.322171	-0.894191	-0.000927307
212	2.51383e-09	0.64622	-0.899121	0.0010784	0.772823	0.555584	-0.000992394
213	2.51383e-09	-0.889075	0.650249	0.000252626	-0.562402	-0.77096	-0.000191244
214	2.51383e-09	-0.137487	-1.1035	0.00127072	0.94055	-0.117082	0.000594668
215	2.51383e-09	-0.730722	-0.827802	0.00076635	0.714797	-0.629451	0.000688001
216	2.51383e-09	1.02302	-0.429478	-0.000786993	0.365512	0.877017	-0.000852205
217	2.51383e-09	0.843195	-0.723849	0.000756349	0.61669	0.720134	-0.000979634
218	2.51383e-09	-0.0470122	-1.10329	-0.00118661	0.950713	-0.0399118	-0.000231872
219	2.51383e-09	1.05617	-0.354341	-0.000363776	0.300169	0.899759	0.00150048
220	2.51383e-09	1.11617	-0.0068862	5.49406e-05	0.00774362	0.944481	0.00117464
221	2.51383e-09	-0.956602	0.568829	-0.00143048	-0.486379	-0.813604	-1.27806e-05
222	2.51383e-09	-0.866689	-0.696464	0.000175848	0.595691	-0.738835	-0.00136787
223	2.51383e-09	0.473629	1.01053	-0.000980316	-0.857114	0.401715	-0.000732918
224	2.51383e-09	1.1069	0.124921	-0.00138471	-0.105951	0.941857	0.000536482
225	2.51383e-09	-0.964771	-0.563673	-0.000277782	0.475797	-0.817503	-0.000900405
226	2.51383e-09	-0.781427	0.795414	0.000344093	-0.674693	-0.666406	-5.1979e-05
227	2.51383e-09	-0.852163	-0.720288	-0.0012426	0.609614	-0.723816	-0.000207073
228	2.51383e-09	-1.10846	-0.13484	-6.70531e-05	0.114986	-0.938983	-0.000940258
229	2.51383e-09	1.10873	-0.123719	0.000716947	0.10434	0.940904	-0.000359442
230	2.51383e-09	0.930787	-0.625356	-0.00100686	0.526048	0.783391	-0.000594169
231	2.51383e-09	0.581775	-0.967984	0.000484761	0.805716	0.486517	0.00115461
232	2.51383e-09	1.04822	0.374732	-0.00033099	-0.318734	0.892404	-0.00176351
233	2.51383e-09	-0.954511	0.584175	0.000418078	-0.491128	-0.808275	0.00143898
234	2.51383e-09	1.10469	0.173978	0.00103925	-0.147275	0.933863	0.000667602
235	2.51383e-09	-0.703478	0.886767	0.00081936	-0.735807	-0.582033	-0.00086324
236	2.51383e-09	1.06925	0.343734	2.07083e-05	-0.288301	0.898164	-0.000899269
237	2.51383e-09	-1.11267	-0.126977	0.000812749	0.108155	-0.939432	-0.00114634
238	2.51383e-09	-0.715281	0.868758	-0.00110433	-0.72703	-0.599942	7.59529e-06
239	2.51383e-09	-0.318876	1.07208	-0.00172272	-0.906384	-0.268956	-0.000754567
240	2.51383e-09	-1.03888	-0.447817	-0.000359177	0.372662	-0.863081	-5.39273e-05
241	2.51383e-09	-0.242655	1.09736	-0.00138132	-0.92274	-0.201905	0.000876569
242	2.51383e-09	-0.634832	-0.93785	0.00127615	0.779108	-0.528007	-0.000256301
243	2.51383e-09	-0.838462	-0.749074	0.000873076	0.626859	-0.705068	-0.000195215
244	2.51383e-09	-1.06042	-0.368818	-0.000289004	0.309642	-0.892259	0.000521495
245	2.51383e-09	-0.961076	-0.583093	-0.000382937	0.49055	-0.806305	0.00107186
246	2.51383e-09	-0.339986	-1.07004	-0.00122375	0.900091	-0.285952	-0.000428933
247	2.51383e-09	-1.09757	0.246755	0.00102416	-0.206855	-0.920086	-0.000238044
248	2.51383e-09	0.0950521	-1.11275	0.000881577	0.942653	0.0849451	0.000847887
249	2.51383e-09	-0.97669	-0.553029	0.00155876	0.465568	-0.819165	-0.000924741
250	2.51383e-09	-0.969911	0.571405	0.00164487	-0.478175	-0.8114	0.000229179
251	2.51383e-09	-0.739538	-0.859141	0.000930199	0.712197	-0.612318	-0.000348768
252	2.51383e-09	-0.300287	1.09103	0.000775108	-0.906322	-0.250618	-0.00110587
253	2.51383e-09	1.11961	-0.0579119	0.00156161	0.0483259	0.94477	-0.00137453
254	2.51383e-09	0.289865	1.08828	0.000732093	-0.910741	0.243285	0.00068993
255	2.51383e-09	-0.848158	0.762701	-0.000474432	-0.625117	-0.696034	0.000563779
256	2.51383e-09	0.871655	-0.717966	-5.03806e-05	0.597656	0.725427	-0.00119467
257	2.51383e-09	-0.199935	1.11596	-0.00127752	-0.924218	-0.164152	-8.70533e-05
258	2.51383e-09	-0.852211	-0.735062	-0.000541113	0.616505	-0.715201	-0.000710178
259	2.51383e-09	0.298961	1.08154	0.000514847	-0.90954	0.250224	-0.000366591
260	2.51383e-09	1.02493	-0.497678	0.000891322	0.409633	0.839381	-0.00109941
261	2.51383e-09	0.269059	-1.10638	0.000951405	0.911676	0.221544	-0.00037779
262	2.51383e-09	1.09747	0.289927	0.000297761	-0.238669	0.90729	-0.0010583
263	2.51383e-09	-0.469154	-1.03558	6.63855e-05	0.853773	-0.388508	0.000160272
264	2.51383e-09	0.0315495	-1.133	-0.00079705	0.939352	0.0264827	0.000804985
265	2.51383e-09	0.92517	0.671329	0.000748666	-0.547409	0.757464	0.000595494
266	2.51383e-09	-0.964624	0.59535	-0.0017533	-0.493977	-0.800942	0.000984945
267	2.51383e-09	0.121329	-1.12533	-0.000259631	0.935455	0.102106	0.00149573
268	2.51383e-09	-0.228669	-1.10907	-0.000629	0.919997	-0.188977	-0.000376666
269	2.51383e-09	-1.01209	-0.514958	-0.000284372	0.424807	-0.836333	0.00110707
270	2.51383e-09	-0.883615	-0.707915	-0.000275301	0.587816	-0.732774	0.000537362
271	2.51383e-09	0.367608	-1.0825	-0.000665825	0.884073	0.301239	-0.000245001
272	2.51383e-09	-0.390498	1.06764	0.000107012	-0.882131	-0.319881	-0.00197085
273	2.51383e-09	-0.767101	-0.851402	-0.000391562	0.694411	-0.623931	0.000613627
274	2.51383e-09	0.417497	-1.06255	-0.00107003	0.869974	0.343386	-0.000589068
275	2.51383e-09	1.12549	-0.15356	0.000933059	0.128037	0.930958	-0.00141754
276	2.51383e-09	-0.486771	1.02648	-0.000551658	-0.848135	-0.401839	0.000705923
277	2.51383e-09	0.587642	0.978253	-0.00117131	-0.802178	0.482825	0.000298028
278	2.51383e-09	1.05304	-0.444306	-0.000692388	0.366569	0.861036	0.00189291
279	2.51383e-09	-0.601697	0.973943	-0.000900497	-0.794564	-0.490562	-0.000191101
280	2.51383e-09	0.10137	-1.13894	-0.0014764	0.931462	0.0826683	0.000838613
281	2.51383e-09	-0.650972	0.942333	-4.23655e-05	-0.769261	-0.529373	0.000928257
282	2.51383e-09	-1.10731	0.291869	0.000109749	-0.239636	-0.903247	0.00115436
283	2.51383e-09	-1.13803	0.181568	-0.000312288	-0.146062	-0.919231	0.000548725
284	2.51383e-09	0.214721	1.12682	0.000600391	-0.917405	0.176983	0.000744303
285	2.51383e-09	0.744308	-0.874657	0.00112665	0.709629	0.605023	0.000538648
286	2.51383e-09	1.10458	0.310119	0.00114513	-0.252792	0.898344	0.000683222
287	2.51383e-09	0.891188	-0.712099	-0.00193337	0.584502	0.730668	-7.23723e-05
288	2.51383e-09	0.0942219	1.1469	-0.00120476	-0.928908	0.0764495	0.000458073
289	2.51383e-09	1.04949	0.456156	0.00116342	-0.371772	0.857941	0.000104208
290	2.51383e-09	-0.564697	-0.994732	0.000491662	0.812877	-0.461605	-0.000511371
291	2.51383e-09	-0.944629	-0.654071	-0.00254886	0.530036	-0.768167	-0.00033358
292	2.51383e-09	-1.14204	0.068672	-0.001113	-0.0566463	-0.933954	0.00183849
293	2.51383e-09	-1.11017	0.29061	0.000177365	-0.237096	-0.902097	0.000851325
294	2.51383e-09	-1.13406	-0.179278	-0.00134582	0.146346	-0.92197	-0.000371152
295	2.51383e-09	0.130994	-1.14359	-0.000852187	0.926444	0.107405	-0.000937875
296	2.51383e-09	-0.176643	-1.13943	0.000288491	0.919643	-0.14372	0.000956026
297	2.51383e-09	-0.533125	-1.02749	-0.000946376	0.824668	-0.426713	-9.35681e-05
298	2.51383e-09	0.855387	0.783304	-0.00138996	-0.62824	0.683121	0.000417206
299	2.51383e-09	1.14941	0.060117	0.0012019	-0.0526221	0.931122	0.0014585
300	2.51383e-09	1.08421	-0.397013	-0.000489413	0.318619	0.875007	-0.000672454
301	2.51383e-09	-0.095527	1.15321	-0.00105932	-0.924962	-0.0782405	-0.000768073
302	2.51383e-09	-0.705184	-0.922414	0.00243956	0.737159	-0.563504	-0.000528474
303	2.51383e-09	0.901356	0.725226	-0.000265109	-0.581782	0.723597	0.000356378
304	2.51383e-09	-1.16334	-0.0329784	-0.0011441	0.0237098	-0.924891	-0.00118403
305	2.51383e-09	-1.0168	-0.549115	0.000581334	0.441701	-0.819645	0.00108703
306	2.51383e-09	1.15314	-0.103604	-0.000758827	0.0849072	0.925533	-0.00070637
307	2.51383e-09	0.458693	-1.05897	-0.000294966	0.856181	0.366906	0.000420491
308	2.51383e-09	0.341337	-1.10721	-0.00100274	0.888293	0.275616	-0.00167793
309	2.51383e-09	-0.208841	1.1324	-0.00256041	-0.91572	-0.173016	-0.000730509
310	2.51383e-09	-1.09307	-0.361227	-0.000515321	0.291591	-0.885776	-0.000337611
311	2.51383e-09	-0.248681	1.1289	0.00145298	-0.908461	-0.199885	0.000451496
312	2.51383e-09	-1.13663	0.236185	-0.000387985	-0.187675	-0.909281	0.000395559
313	2.51383e-09	0.997009	-0.59221	-0.000961982	0.475366	0.797464	-0.000104882
314	2.51383e-09	-0.441762	-1.0712	0.00116618	0.860651	-0.352599	-1.94039e-06
315	2.51383e-09	0.648078	-0.958877	0.000113152	0.76944	0.52146	-0.000181126
316	2.51383e-09	0.821951	0.8172	0.000293967	-0.654079	0.660594	0.00139069
317	2.51383e-09	1.03273	-0.535869	0.00100409	0.426349	0.823072	0.000749858
318	2.51383e-09	0.776373	-0.858701	0.000594499	0.690105	0.621887	-0.000836451
319	2.51383e-09	-0.0169234	1.16023	-8.39469e-05	-0.928454	-0.0156191	0.0001098
320	2.51383e-09	-0.849361	-0.804684	-0.000350201	0.632069	-0.672941	-0.000818669
321	2.51383e-09	-1.16371	-0.0429534	-0.000765216	0.0332892	-0.925853	0.000695213
322	2.51383e-09	0.947721	0.680378	-0.000350738	-0.539631	0.753103	-0.00102613
323	2.51383e-09	-0.776051	-0.871747	-0.000796766	0.690088	-0.615803	0.000914996
324	2.51383e-09	1.17233	-0.0609993	-0.00200565	0.0445072	0.921419	-0.00045176
325	2.51383e-09	0.446085	1.07589	-0.000569613	-0.8568	0.355511	-0.00103761
326	2.51383e-09	0.186114	1.14894	-0.00058853	-0.915941	0.146603	-0.00133997
327	2.51383e-09	0.626837	0.985717	0.000875008	-0.779722	0.496053	0.000724782
328	2.51383e-09	-0.00698834	-1.17076	0.00105448	0.922713	-0.00400807	0.000905721
329	2.51383e-09	1.17928	-0.0746086	-0.000570604	0.0593636	0.917675	-0.000791117
330	2.51383e-09	0.623114	0.996273	-0.00190403	-0.780654	0.488756	-0.000241933
331	2.51383e-09	-1.11012	0.374633	0.000609389	-0.293433	-0.876497	0.000286333
332	2.51383e-09	-0.298044	1.12576	-0.00119241	-0.896984	-0.23641	0.000856517
333	2.51383e-09	-0.875749	-0.777412	-0.00102383	0.613874	-0.691911	-0.00063185
334	2.51383e-09	1.09004	0.419397	-0.000535754	-0.332561	0.863962	0.00100799
335	2.51383e-09	-0.976379	0.644402	0.00151116	-0.508363	-0.77171	-0.000588291
336	2.51383e-09	0.45913	1.08112	-0.00113686	-0.849433	0.361057	-0.00111272
337	2.51383e-09	0.821891	-0.839006	6.89212e-05	0.659456	0.645925	0.00135563
338	2.51383e-09	0.564835	-1.02728	-0.000716491	0.808838	0.444097	-0.000888236
339	2.51383e-09	-0.0119801	-1.17948	0.00217099	0.921394	-0.0089296	-0.000415143
340	2.51383e-09	1.18102	0.000388614	0.000236944	0.00187095	0.922049	-0.000207533
341	2.51383e-09	-0.507622	-1.06107	-0.000253603	0.832315	-0.397888	0.00080439
342	2.51383e-09	-0.0736974	-1.1667	-0.00079486	0.923405	-0.0575402	-0.00121485
343	2.51383e-09	0.321307	1.13592	0.000243654	-0.883903	0.251835	0.000368416
344	2.51383e-09	-0.87131	-0.778987	-0.000558	0.615932	-0.690764	-0.000164096
345	2.51383e-09	-0.752611	0.905088	-1.17588e-05	-0.707546	-0.590546	-0.00106858
346	2.51383e-09	1.16514	-0.134143	0.00113139	0.106097	0.917058	0.000768296
347	2.51383e-09	0.276299	1.14178	-0.000915498	-0.897873	0.215884	-0.000825952
348	2.51383e-09	0.803004	0.867041	8.57461e-05	-0.673643	0.624891	0.000850647
349	2.51383e-09	1.01397	0.586689	-0.000627491	-0.465105	0.79995	0.00041543
350	2.51383e-09	0.305824	1.13956	-0.000385231	-0.887978	0.240137	0.000516289
351	2.51383e-09	-0.443739	-1.09389	-0.000574251	0.852717	-0.34753	-0.000753715
352	2.51383e-09	-1.12371	0.356472	-0.000845503	-0.27543	-0.878513	0.000962794
353	2.51383e-09	-0.655585	0.969908	-0.000122508	-0.768492	-0.516616	0.000321926
354	2.51383e-09	0.574158	-1.0403	-2.26788e-05	0.80209	0.442867	0.00102553
355	2.51383e-09	0.669759	-0.970346	-9.71304e-05	0.756288	0.524714	-0.000825925
356	2.51383e-09	0.368468	-1.1268	-0.00151217	0.872738	0.284101	0.000237792
357	2.51383e-09	-1.02014	0.600159	-0.00105146	-0.46743	-0.792107	0.000731943
358	2.51383e-09	1.01567	-0.618269	0.00137139	0.475165	0.783119	0.000236528
359	2.51383e-09	-1.08389	-0.483632	-0.00195153	0.373562	-0.838609	0.000641826
360	2.51383e-09	0.760435	0.909649	-0.00114539	-0.704234	0.588475	-0.000740531
361	2.51383e-09	-1.10033	0.434096	0.00139673	-0.337706	-0.855481	0.00166405
362	2.51383e-09	1.14866	0.257982	0.00136414	-0.204249	0.899412	0.000246736
363	2.51383e-09	0.257169	1.146	-0.000290164	-0.900413	0.201571	0.0015185
364	2.51383e-09	-0.524442	-1.06228	-0.00046251	0.822758	-0.409515	-0.000212051
365	2.51383e-09	1.0591	0.52909	-0.000991759	-0.409761	0.823296	0.000847877
366	2.51383e-09	0.240746	-1.16166	-0.00107669	0.898722	0.185999	0.00141345
367	2.51383e-09	-0.906978	0.767397	-0.000289661	-0.591612	-0.701118	-0.000239899
368	2.51383e-09	-0.104821	1.18647	-0.000975562	-0.912774	-0.0773792	0.00169219
369	2.51383e-09	-0.66841	0.988078	-0.000305978	-0.757473	-0.51447	0.000704392
370	2.51383e-09	1.00277	0.633878	-0.000977133	-0.491507	0.776164	-0.000146073
371	2.51383e-09	-0.927984	-0.753569	-0.00232163	0.576751	-0.709888	0.00128323
372	2.51383e-09	0.072217	-1.18633	-3.36475e-05	0.916003	0.0545899	-0.00110408
373	2.51383e-09	-0.671656	0.98452	-0.00110448	-0.755592	-0.515632	-0.000273983
374	2.51383e-09	1.18962	0.128377	-0.000185246	-0.0970275	0.909885	0.00103042
375	2.51383e-09	1.13305	-0.380518	0.000719807	0.291262	0.867593	0.000140016
376	2.51383e-09	-0.954722	0.711974	0.00133587	-0.548497	-0.734226	0.00030591
377	2.51383e-09	0.962253	-0.711975	-0.0018193	0.544083	0.733222	0.000573055
378	2.51383e-09	0.433766	1.11365	-0.00148739	-0.851741	0.331549	5.14817e-05
379	2.51383e-09	-1.15589	0.304348	-0.000189817	-0.227919	-0.884779	-0.00092649
380	2.51383e-09	-1.19408	0.0196255	0.00179887	-0.0164763	-0.91597	-0.000421027
381	2.51383e-09	1.06966	0.531535	0.000312884	-0.40664	0.819114	-0.00141499
382	2.51383e-09	-0.0171261	1.1955	0.000702039	-0.913483	-0.0109733	-0.000483763
383	2.51383e-09	1.13464	-0.376906	0.00170878	0.288328	0.867075	0.000757031
384	2.51383e-09	-0.574677	1.04808	0.000566118	-0.802227	-0.44003	-0.000954129
385	2.51383e-09	0.129626	1.18778	-0.000130834	-0.91044	0.0998339	0.00108877
386	2.51383e-09	0.446252	1.11713	0.000112943	-0.846568	0.338762	0.000607079
387	2.51383e-09	0.450011	1.11401	-0.000517949	-0.84579	0.341047	0.000952286
388	2.51383e-09	0.206957	-1.18123	0.00136867	0.899691	0.155776	-0.000411124
389	2.51383e-09	0.960677	-0.716496	0.000607505	0.548944	0.730604	-0.000376274
390	2.51383e-09	0.267483	-1.16828	-0.000596533	0.891088	0.203881	-0.000973362
391	2.51383e-09	-1.19752	-0.0739656	0.00124814	0.0562744	-0.911695	0.000336031
392	2.51383e-09	-1.09312	0.499704	-0.00134242	-0.380377	-0.829153	0.000518972
393	2.51383e-09	0.402502	1.13429	0.00019968	-0.859089	0.304341	0.000590792
394	2.51383e-09	-0.207353	-1.17712	0.00210283	0.900601	-0.158113	0.000113933
395	2.51383e-09	-1.02197	-0.625811	-0.000976564	0.478157	-0.779402	0.00102219
396	2.51383e-09	0.440556	1.11591	0.000948735	-0.85026	0.334388	-0.00031223
397	2.51383e-09	-0.951509	0.740689	0.00128574	-0.557515	-0.718919	-2.91895e-05
398	2.51383e-09	0.0661401	1.20445	-0.00180643	-0.90816	0.0500453	0.000137176
399	2.51383e-09	-0.54404	-1.07685	0.000328842	0.811867	-0.410639	-0.00110936
400	2.51383e-09	-0.15247	-1.19356	0.00116571	0.905202	-0.11431	0.000517459
