33319 0.0466871 5.18764 1.89827e+30


0.0478438 11.6623 8.9586e+25
0.15384 8.71549 1.79172e+26
0.0434436 11.2526 1.79172e+26
0.0791032 10.4598 8.9586e+25
0.10843 7.05686 6.27102e+26
0.0145175 14.5549 6.27102e+26
0.0704883 9.7608 1.79172e+26
0.0348164 10.6992 8.9586e+25
0.0179983 12.2024 8.9586e+25
0.151376 8.50789 3.58344e+26
0.0571255 8.17961 4.4793e+26
0.00646467 14.2677 7.16688e+26
0.0638341 8.7161 8.06274e+26
0.0870027 7.61266 2.68758e+26
0.0212067 9.53882 2.68758e+26
0.0325249 9.07851 8.9586e+25
0.108142 8.20588 4.4793e+26
0.152066 7.35567 4.4793e+26
0.0566486 10.3385 8.9586e+25
0.0255543 9.13407 3.58344e+26
0.0189318 9.32748 3.58344e+26
0.00927804 14.606 1.79172e+26
0.332448 9.47041 8.9586e+25
0.0107877 13.5187 1.79172e+26
0.00962486 12.145 4.4793e+26
0.0284741 11.03 4.4793e+26
0.0297084 8.90649 4.4793e+26
0.00575118 9.07057 4.4793e+26
0.0394907 12.0922 1.79172e+26
0.0186969 11.641 2.68758e+26
0.162461 8.90575 1.79172e+26
0.147481 7.39107 3.58344e+26
0.00402726 10.0587 5.37516e+26
0.0766255 8.5439 5.37516e+26
0.0437397 12.5961 1.79172e+26
0.0284455 9.57418 8.9586e+25
0.218812 8.49336 8.9586e+25
0.0110906 14.597 8.9586e+25
0.0191174 11.7744 7.16688e+26
0.0413197 8.35323 3.58344e+26
0.0258842 15.131 8.9586e+25
0.0973607 10.362 1.79172e+26
0.11301 10.1723 8.9586e+25
0.0692174 7.88687 4.4793e+26
0.129129 6.36347 8.9586e+25
0.0205125 10.4962 8.9586e+25
0.0104303 10.9686 8.9586e+25
0.00821666 11.7425 3.58344e+26
0.0428297 13.8143 8.9586e+25
0.0276027 11.5097 8.9586e+25
0.0416544 7.41101 3.58344e+26
0.00675459 14.32 8.9586e+25
0.0435961 12.8135 8.9586e+25
0.005742 10.1939 2.68758e+26
0.230039 8.56677 1.79172e+26
0.0480091 11.8938 2.68758e+26
0.134734 7.60836 2.68758e+26
0.00519356 12.4183 3.58344e+26
0.0165234 13.1731 7.16688e+26
0.0132237 14.2469 8.9586e+25
0.0451863 11.7066 1.79172e+26
0.0230001 7.12769 8.9586e+25
0.0237374 14.508 8.9586e+25
0.0191742 12.9339 8.9586e+25
0.0125134 13.2363 1.79172e+26
0.0317747 8.32972 1.79172e+26
0.0569784 9.98609 3.58344e+26
0.0280944 13.2077 4.4793e+26
0.0117891 12.9054 8.9586e+25
0.168598 8.27733 8.9586e+25
0.0142834 12.2881 5.37516e+26
0.044327 12.7467 2.68758e+26
0.0158366 12.6376 8.9586e+25
0.0358053 11.3639 7.16688e+26
0.0248941 9.54823 5.37516e+26
0.00832617 12.4517 8.9586e+25
0.0299256 10.2793 8.9586e+25
0.0365165 7.19918 1.79172e+26
0.00969182 12.3119 6.27102e+26
0.0410529 11.7798 8.9586e+25
0.0221727 12.7549 6.27102e+26
0.0102728 14.9147 8.9586e+25
0.0894555 12.3013 1.79172e+26
0.0326975 13.0642 1.79172e+26
0.0435862 12.1124 2.68758e+26
0.0220424 10.7584 1.79172e+26
0.016895 13.5086 1.79172e+26
0.0151596 11.7575 1.79172e+26
0.0307946 11.5865 8.9586e+25
0.0278299 12.1419 8.9586e+25
0.0235335 13.8234 8.9586e+25
0.0152399 14.1081 2.68758e+26
0.0306902 8.64059 2.68758e+26
0.0539839 8.04407 1.79172e+26
0.0123618 10.6597 3.58344e+26
0.046762 10.4347 2.68758e+26
0.489644 20.6309 2.68758e+26
0.046585 9.16966 1.79172e+26
0.0222798 7.1559 5.37516e+26
0.0106998 13.3268 8.9586e+25
0.0287929 11.2746 8.9586e+25
0.0269154 14.067 2.68758e+26
0.104418 9.48476 8.9586e+25
0.146341 8.62249 6.27102e+26
0.00872696 14.5935 1.79172e+26
0.304933 9.94699 4.4793e+26
0.0461394 9.68878 1.79172e+26
0.0232509 12.3868 8.9586e+25
0.00381402 10.6214 8.9586e+25
0.0381688 13.0426 8.9586e+25
0.0648977 9.09285 1.79172e+26
0.010513 13.7189 5.37516e+26
0.0192492 10.3832 3.58344e+26
0.0164326 10.53 8.9586e+25
0.0869508 9.29375 4.4793e+26
0.0182369 10.8894 3.58344e+26
0.0616194 8.2949 1.79172e+26
0.0634773 7.7961 8.9586e+25
0.0897134 8.41661 4.4793e+26
0.0432655 12.6424 1.79172e+26
0.00255993 12.8421 8.9586e+25
0.0227783 9.23881 2.68758e+26
0.0454063 10.0195 8.9586e+25
0.1199 8.21451 8.9586e+25
0.0889094 7.61353 8.9586e+25
0.058916 11.4535 8.06274e+26
0.00899297 14.1706 8.9586e+25
0.0123451 8.02495 1.79172e+26
0.00821032 10.5959 5.37516e+26
0.0747261 12.1864 1.79172e+26
0.00901707 12.2817 8.9586e+25
0.0460948 12.5342 1.79172e+26
0.040277 10.7177 3.58344e+26
0.0789547 6.75905 4.4793e+26
0.0274595 13.2778 8.9586e+25
0.0754188 7.04198 1.79172e+26
0.00832922 13.8029 3.58344e+26
0.0172009 14.1099 1.79172e+26
0.0209022 11.7453 8.9586e+25
0.0118872 14.5149 1.79172e+26
0.0544426 14.4974 3.58344e+26
0.0547633 8.03632 8.9586e+25
0.141505 7.21994 8.9586e+25
0.00801876 12.0698 3.58344e+26
0.01352 14.6321 8.9586e+25
0.0705685 8.38195 1.79172e+26
0.0954033 3.18579 1.79172e+26
0.0423667 9.06152 1.79172e+26
0.0518517 8.45578 8.9586e+25
0.157175 10.1138 8.9586e+25
0.00652354 12.3301 8.9586e+25
0.0877981 9.45681 8.9586e+25
0.17868 7.06295 4.4793e+26
0.0377545 11.3733 1.79172e+26
0.100481 8.24115 8.9586e+25
0.123365 11.0102 8.9586e+25
0.0451631 10.596 1.79172e+26
0.0199289 12.5448 8.9586e+25
0.115238 10.1474 1.79172e+26
0.0328743 11.346 8.9586e+25
0.0595741 10.4722 8.9586e+25
0.0662887 9.56882 3.58344e+26
0.0658464 7.04527 8.9586e+25
0.0257171 14.3559 1.79172e+26
0.0332615 13.4929 8.9586e+25
0.0133883 14.4669 1.79172e+26
0.132833 7.71106 1.79172e+26
0.0868875 7.57611 3.58344e+26
0.0273286 12.1886 1.79172e+26
0.0265313 12.3896 8.9586e+25
0.0435041 11.164 2.68758e+26
0.0103636 15.0221 3.58344e+26
0.0719354 14.2612 8.9586e+25
0.027918 11.7649 2.68758e+26
0.0398046 13.2794 8.9586e+25
0.0490897 11.4423 2.68758e+26
0.00615778 9.0348 8.9586e+25
0.03461 13.5834 2.68758e+26
0.00470668 12.8854 1.79172e+26
0.109368 11.5589 3.58344e+26
0.0342268 13.2283 4.4793e+26
0.013816 12.3258 4.4793e+26
0.0135379 11.1884 8.9586e+25
0.0782071 12.9939 8.9586e+25
0.0591573 8.67436 1.79172e+26
0.0158653 15.015 1.79172e+26
0.0547921 8.43685 8.9586e+25
0.0749313 8.47732 3.58344e+26
0.148207 8.06933 1.79172e+26
0.0345282 9.54181 8.9586e+25
0.0462561 10.2449 1.79172e+26
0.101411 8.2081 8.9586e+25
0.0248583 11.5506 8.9586e+25
0.0757559 10.9645 8.9586e+25
0.0237951 14.0483 8.9586e+25
0.0540822 10.2543 1.79172e+26
0.0266588 9.39069 2.68758e+26
0.0409148 8.50494 8.9586e+25
0.104911 8.93717 2.68758e+26
0.0161341 7.95826 6.27102e+26
0.0921779 7.89075 8.9586e+25
0.0190335 11.8123 8.9586e+25
0.0249028 10.0535 3.58344e+26
0.0765627 10.0512 8.9586e+25
0.027583 12.5388 8.9586e+25
0.0305296 9.75511 8.9586e+25
0.0141134 11.5476 7.16688e+26
0.0234938 11.7544 1.79172e+26
0.0279733 11.3901 2.68758e+26
0.0479639 10.9554 2.68758e+26
0.101272 8.14212 1.79172e+26
0.0172381 11.4764 8.9586e+25
0.0210151 11.7757 8.9586e+25
0.00736544 14.5619 8.9586e+25
0.0508507 9.30654 2.68758e+26
0.0372424 8.81671 8.9586e+25
0.0265724 13.5635 8.9586e+25
0.0419327 14.6337 1.79172e+26
0.0331692 12.537 8.9586e+25
0.0777892 7.77226 4.4793e+26
0.0169566 14.2267 1.79172e+26
0.103822 10.5109 8.9586e+25
0.0255375 11.874 8.9586e+25
0.0297469 13.1928 8.9586e+25
0.116249 8.45091 8.9586e+25
0.018623 15.107 8.9586e+25
0.117486 8.41857 3.58344e+26
0.11525 7.42667 8.9586e+25
0.0395194 8.80857 3.58344e+26
0.0306917 12.093 2.68758e+26
0.0267376 13.3669 8.9586e+25
0.213049 3.43845 8.9586e+25
0.0054952 13.1577 8.9586e+25
0.00644889 12.4299 1.79172e+26
0.0971906 8.50444 1.79172e+26
0.0255108 8.91122 1.79172e+26
0.0129648 12.4054 8.9586e+25
0.0401674 13.2303 8.9586e+25
0.0113472 12.0104 8.9586e+25
0.0171749 12.1767 8.9586e+25
0.0273217 13.6574 1.79172e+26
0.0455569 10.6145 8.9586e+25
0.0372603 12.8508 8.9586e+25
0.0792093 9.51527 8.9586e+25
0.0384467 3.38068 1.79172e+26
0.0318414 7.78793 8.9586e+25
0.035496 10.4383 1.79172e+26
0.0325534 8.51102 8.9586e+25
0.0191643 13.2456 1.79172e+26
0.0330259 13.4309 2.68758e+26
0.0365402 13.8072 8.9586e+25
0.0199312 11.9512 1.79172e+26
0.0636258 7.10653 8.9586e+25
0.0273482 10.7355 3.58344e+26
0.0522193 9.7949 8.9586e+25
0.0225541 12.3832 1.79172e+26
0.125843 6.9535 8.9586e+25
0.0127902 11.3712 8.9586e+25
0.0630095 10.0467 8.9586e+25
0.0431861 12.0615 8.9586e+25
0.0171391 14.0696 8.9586e+25
0.0196526 13.5239 8.9586e+25
0.0464223 12.8479 8.9586e+25
0.00925983 15.0056 1.79172e+26
0.0274444 9.69618 1.79172e+26
0.0148684 12.2744 1.79172e+26
0.0269689 11.3271 8.9586e+25
0.182571 7.53839 8.9586e+25
0.0353798 10.2607 8.9586e+25
0.0679446 7.96452 8.9586e+25
0.00647214 12.7666 8.9586e+25
0.0118427 10.5832 8.9586e+25
0.0803713 9.57344 8.9586e+25
0.0171747 15.753 1.79172e+26
0.0543053 7.53924 1.79172e+26
0.0331672 8.81764 8.9586e+25
0.101425 8.25361 8.9586e+25
0.0421388 11.6228 8.9586e+25
0.113973 11.2695 8.9586e+25
0.0172643 13.2714 4.4793e+26
0.00709492 14.7866 8.9586e+25
0.0431318 12.7466 1.79172e+26
0.0827554 10.8464 2.68758e+26
0.00621621 12.2888 8.9586e+25
0.00310152 13.348 8.9586e+25
0.0678009 8.03744 8.9586e+25
0.0292957 11.8968 8.9586e+25
0.0365449 13.0322 8.9586e+25
0.0305894 8.48336 3.58344e+26
0.0486147 9.96294 8.9586e+25
0.0293463 10.7395 8.9586e+25
0.0122818 14.1157 1.79172e+26
0.0347909 11.4229 8.9586e+25
0.00810479 13.4072 8.9586e+25
0.0169489 12.3385 8.9586e+25
0.0362183 12.1479 8.9586e+25
0.0102717 14.9615 2.68758e+26
0.0123731 7.5051 8.9586e+25
0.00753058 10.302 8.9586e+25
0.0546272 9.45914 8.9586e+25
0.0962454 10.5067 1.79172e+26
0.0392829 8.86741 8.9586e+25
0.144069 10.5495 8.9586e+25
0.0331333 8.95534 8.9586e+25
0.0455876 10.839 1.79172e+26
0.029708 7.81168 8.9586e+25
0.0287873 11.006 8.9586e+25
0.044178 10.6466 1.79172e+26
0.0271923 13.2157 1.79172e+26
0.00584754 15.2025 8.9586e+25
0.0477616 10.3327 8.9586e+25
0.0160714 10.7082 8.9586e+25
0.0534493 9.38318 8.9586e+25
0.0297456 8.57423 8.9586e+25
0.0134872 10.4212 8.9586e+25
0.0978413 10.8117 8.9586e+25
0.0946627 10.9467 8.9586e+25
0.0208504 10.8966 4.4793e+26
0.10597 8.8645 8.9586e+25
0.0404941 12.2443 8.9586e+25
0.0425671 12.2296 8.9586e+25
0.031841 11.1235 8.9586e+25
0.00957198 14.1209 8.9586e+25
0.00364783 14.999 8.9586e+25
0.0243569 15.3697 8.9586e+25
0.0281903 8.36175 8.9586e+25
0.0198214 13.7028 8.9586e+25
0.0594321 13.3286 1.79172e+26
0.0403804 10.6036 2.68758e+26
0.0134105 10.7254 8.9586e+25
0.0276914 14.754 1.79172e+26
0.030905 13.1498 8.9586e+25
0.00687894 11.7895 8.9586e+25
0.0304573 11.4305 2.68758e+26
0.0211133 10.9461 8.9586e+25
0.0346263 7.35294 1.79172e+26
0.120736 8.51488 8.9586e+25
0.0516867 8.70298 2.68758e+26
0.0221224 11.254 8.9586e+25
0.0290435 9.24044 8.9586e+25
0.0169936 12.7791 8.9586e+25
0.0361963 12.9328 8.9586e+25
0.0217353 14.2281 8.9586e+25
0.0179318 12.8511 8.9586e+25
0.0284184 14.0858 8.9586e+25
0.0787716 11.0725 8.9586e+25
0.0139645 13.2826 8.9586e+25
0.022343 14.0908 1.79172e+26
0.1419 7.65751 8.9586e+25
0.00931714 13.6148 8.9586e+25
0.0118509 12.685 8.9586e+25
0.0207105 12.8274 1.79172e+26
0.0572703 8.40015 8.9586e+25
0.0377274 11.777 8.9586e+25
0.0533789 10.084 8.9586e+25
0.00685077 14.552 8.9586e+25
0.0592588 12.8287 8.9586e+25
0.0134927 9.14676 8.9586e+25
0.0382958 12.5291 8.9586e+25
0.0183168 14.6607 8.9586e+25
0.0589061 12.9917 8.9586e+25
0.0549871 9.63935 8.9586e+25
0.0232578 14.5302 8.9586e+25
0.131043 7.01022 8.9586e+25
0.0631359 13.3619 8.9586e+25
0.0267036 14.0956 8.9586e+25
0.0381581 9.71349 8.9586e+25
0.0200346 13.2964 8.9586e+25
0.0551762 12.4489 8.9586e+25
0.0206864 12.1939 8.9586e+25
0.0317783 7.51448 8.9586e+25
0.0438378 7.21109 8.9586e+25
0.0518188 12.9499 1.79172e+26
0.0265082 7.1903 2.68758e+26
0.00429886 11.8775 1.79172e+26
0.0280675 11.2445 8.9586e+25
0.0181046 11.5324 1.79172e+26
0.104729 8.79592 8.9586e+25
0.00571876 14.259 8.9586e+25
0.0458824 11.4672 8.9586e+25
0.069739 9.67846 8.9586e+25
0.00889841 12.8144 8.9586e+25
0.0963385 7.30795 8.9586e+25
0.0317436 12.3194 8.9586e+25
0.0433048 9.25427 8.9586e+25
0.0466582 10.5224 8.9586e+25
0.0236664 11.8802 8.9586e+25
0.0694734 10.4839 1.79172e+26
0.0282256 13.6058 8.9586e+25
0.0367798 13.128 8.9586e+25
0.0438328 13.6699 8.9586e+25
0.0141144 12.0318 8.9586e+25
0.0735507 11.4658 8.9586e+25
0.0213395 10.7644 8.9586e+25
0.0120623 14.9052 8.9586e+25
0.0373309 9.71787 8.9586e+25
0.00255929 13.8176 8.9586e+25
0.147733 8.51901 8.9586e+25
0.0649107 15.4105 8.9586e+25
0.0488079 10.1345 8.9586e+25
0.110717 11.8458 8.9586e+25
0.0439311 9.70645 1.79172e+26
0.0160954 11.5485 8.9586e+25
0.00973188 10.1835 8.9586e+25
0.0363484 14.5157 8.9586e+25
0.182028 7.479 8.9586e+25
0.017588 14.9016 8.9586e+25
0.0307468 9.71311 8.9586e+25
0.0437113 12.5129 8.9586e+25
0.0299138 10.8728 8.9586e+25
0.0165177 13.2656 8.9586e+25
0.0244046 7.74139 8.9586e+25
0.0157147 13.8059 8.9586e+25
0.0363491 11.3416 8.9586e+25
0.0371212 9.62017 8.9586e+25
0.0114539 12.3441 8.9586e+25
0.0174412 8.68397 8.9586e+25
0.0711143 11.8058 8.9586e+25
0.0486133 11.7823 8.9586e+25
0.028981 12.3273 8.9586e+25
0.0243486 11.7702 8.9586e+25
0.010621 14.1353 8.9586e+25
0.00977906 14.1043 8.9586e+25
0.0095903 14.0901 8.9586e+25
