68639.2 0.0450251 5.18458 1.89827e+30


0.0484619 10.8409 7.16688e+26
0.132082 7.65116 1.79172e+26
0.0707589 12.8587 7.16688e+26
0.0675655 11.886 1.79172e+26
0.0472595 9.70757 1.79172e+26
0.0214757 14.0567 8.9586e+25
0.209409 13.1341 4.4793e+26
0.0111706 15.1102 8.06274e+26
0.0865314 11.5523 5.37516e+26
0.0640109 11.0184 2.68758e+26
0.0650533 9.02604 1.79172e+26
0.0245339 13.7559 4.4793e+26
0.0171418 7.40966 5.37516e+26
0.191784 10.2058 1.79172e+26
0.0388253 7.37991 8.9586e+25
0.0913806 12.7214 1.79172e+26
0.0311338 7.92541 5.37516e+26
0.0200276 13.5289 4.4793e+26
0.0226006 14.2449 1.79172e+26
0.00542269 13.2439 1.79172e+26
0.103088 8.53698 1.79172e+26
0.0997566 8.17068 8.06274e+26
0.0662456 13.6838 4.4793e+26
0.127083 9.63086 3.58344e+26
0.0135376 13.0857 8.9586e+25
0.0972342 9.52999 2.68758e+26
0.178514 11.7973 8.9586e+25
0.273348 10.1383 8.9586e+25
0.0325901 11.9684 2.68758e+26
0.0577478 11.9947 8.9586e+25
0.145917 10.0669 6.27102e+26
0.0678776 12.0107 8.9586e+25
0.0416746 11.6921 8.9586e+25
0.115453 8.54282 8.9586e+25
0.0169766 13.7455 8.9586e+25
0.0853286 13.0009 1.79172e+26
0.143516 9.36089 6.27102e+26
0.0116577 14.9085 1.79172e+26
0.0693078 13.9988 8.06274e+26
0.0293454 2.85855 8.9586e+25
0.0313749 14.0093 8.9586e+25
0.102041 10.8283 8.9586e+25
0.0581963 7.54021 8.9586e+25
0.0580021 13.0011 6.27102e+26
0.0504431 13.0391 2.68758e+26
0.0550909 10.4595 1.79172e+26
0.11205 9.06731 8.06274e+26
0.0516238 7.89123 1.79172e+26
0.0414945 10.871 6.27102e+26
0.0375861 11.1878 8.9586e+25
0.0178491 13.8257 8.06274e+26
0.0285984 13.7813 8.9586e+25
0.0485175 12.7229 3.58344e+26
0.0697374 9.88 3.58344e+26
0.0434516 11.8135 8.06274e+26
0.0856898 11.2247 1.79172e+26
0.0590881 14.117 1.79172e+26
0.0198573 11.1796 1.79172e+26
0.051927 9.64595 2.68758e+26
0.0619682 11.6605 8.9586e+25
0.0394184 13.8884 3.58344e+26
0.0080273 9.9101 1.79172e+26
0.00434759 14.1733 8.06274e+26
0.171887 9.34731 2.68758e+26
0.029622 18.0385 2.68758e+26
0.11843 6.958 6.27102e+26
0.0340125 7.18358 6.27102e+26
0.0690105 15.4041 8.9586e+25
0.0126157 8.67788 8.9586e+25
0.00706448 13.2836 2.68758e+26
0.0787057 9.28891 1.79172e+26
0.0180696 14.3912 3.58344e+26
0.102998 11.6907 1.79172e+26
0.037557 9.68625 8.9586e+25
0.0879338 10.9656 1.79172e+26
0.0730214 9.34377 8.9586e+25
0.00904989 14.9747 1.79172e+26
0.0415947 14.6151 1.79172e+26
0.0844484 3.56236 2.68758e+26
0.0323849 14.3138 8.9586e+25
0.0900908 12.8284 1.79172e+26
0.0698813 10.2609 8.9586e+25
0.0424547 7.30443 1.79172e+26
0.156705 9.53776 2.68758e+26
0.121094 12.5948 4.4793e+26
0.110318 6.88794 1.79172e+26
0.0592455 14.2571 1.79172e+26
0.0116023 11.9831 8.9586e+25
0.0469715 13.833 2.68758e+26
0.0247032 7.46021 1.79172e+26
0.0338463 9.09843 5.37516e+26
0.0239246 14.8451 8.9586e+25
0.0737889 9.99476 1.79172e+26
0.0405073 3.11964 2.68758e+26
0.0291258 9.14777 1.79172e+26
0.0407388 12.2963 2.68758e+26
0.0177694 15.0673 8.9586e+25
0.123726 10.3602 4.4793e+26
0.0486758 9.86642 1.79172e+26
0.0840157 9.64323 1.79172e+26
0.102735 10.584 1.79172e+26
0.0633847 11.2847 2.68758e+26
0.028759 14.6503 1.79172e+26
0.611197 21.1551 3.58344e+26
0.0766369 10.3757 1.79172e+26
0.151764 15.4813 3.58344e+26
0.0352286 12.2549 4.4793e+26
0.0513465 11.7665 8.9586e+25
0.0418619 8.96414 2.68758e+26
0.0341356 12.8974 4.4793e+26
0.0154472 13.3818 1.79172e+26
0.11909 8.83568 8.06274e+26
0.144134 8.23903 8.9586e+25
0.0225752 15.3062 1.79172e+26
0.0919797 7.91624 8.9586e+25
0.0291199 6.85617 8.9586e+25
0.472699 13.2102 8.9586e+25
0.13896 9.16856 7.16688e+26
0.0482813 10.4385 8.9586e+25
0.0344103 10.438 3.58344e+26
0.0657569 14.718 8.9586e+25
0.0427233 12.6854 1.79172e+26
0.0206063 15.4283 8.9586e+25
0.0493066 9.20441 8.9586e+25
0.0189301 14.5801 2.68758e+26
0.151723 6.99161 5.37516e+26
0.0182387 15.3689 1.79172e+26
0.0559995 11.7637 8.9586e+25
0.796299 36.846 2.68758e+26
0.0561306 7.83157 1.79172e+26
0.028911 8.52316 3.58344e+26
0.0197624 15.4904 1.79172e+26
0.0198431 14.9109 8.9586e+25
0.0599439 10.3072 2.68758e+26
0.0840012 8.90118 8.9586e+25
0.0804397 13.3004 1.79172e+26
0.0488348 2.95813 1.79172e+26
0.10894 7.26129 8.9586e+25
0.0960367 9.97654 2.68758e+26
0.0218954 13.6465 8.9586e+25
0.0206658 10.3451 8.9586e+25
0.0449942 13.4617 7.16688e+26
0.0248411 12.8209 1.79172e+26
0.0337772 11.748 8.9586e+25
0.0630568 10.8072 8.9586e+25
0.0972132 12.8496 8.9586e+25
0.0462045 10.696 8.9586e+25
0.143357 10.4717 1.79172e+26
0.0212278 9.73248 1.79172e+26
0.0950771 8.07407 8.9586e+25
0.0246793 15.8656 8.9586e+25
0.0292052 8.93933 8.9586e+25
0.0378349 14.5543 1.79172e+26
0.0695101 11.3322 1.79172e+26
0.101507 9.92485 1.79172e+26
0.0293218 15.648 8.9586e+25
0.00945958 12.8196 8.9586e+25
0.028944 7.68321 8.9586e+25
0.0504864 12.3294 8.9586e+25
0.0454879 11.0285 8.9586e+25
0.0957191 13.2585 3.58344e+26
0.0784605 8.18418 8.9586e+25
0.0210062 10.5493 8.9586e+25
0.0120451 14.4861 1.79172e+26
0.032433 14.8864 8.9586e+25
0.0381659 10.7776 2.68758e+26
0.0379506 14.4933 2.68758e+26
0.0350929 12.7558 8.9586e+25
0.061036 9.23657 8.9586e+25
0.0473567 8.83226 1.79172e+26
0.103145 11.199 1.79172e+26
0.0690675 9.55788 1.79172e+26
0.0293513 14.2218 8.9586e+25
0.0209045 8.48698 8.9586e+25
0.0611638 14.3102 1.79172e+26
0.0138056 13.7894 8.9586e+25
0.0396303 14.1333 8.9586e+25
0.0253792 12.467 8.9586e+25
0.132054 8.55462 8.9586e+25
0.0936126 12.7149 8.9586e+25
0.0170299 15.4374 1.79172e+26
0.0404744 11.1724 8.9586e+25
0.0148698 13.536 1.79172e+26
0.0269327 11.013 2.68758e+26
0.0300271 7.73663 8.9586e+25
0.0457627 7.43567 2.68758e+26
0.0446343 12.0427 8.9586e+25
0.126915 8.39976 8.9586e+25
0.0428091 6.96776 8.9586e+25
0.0244412 13.7608 8.9586e+25
0.110882 3.53941 8.9586e+25
0.0269566 13.3253 8.9586e+25
0.0245986 15.9624 8.9586e+25
0.0183461 10.4897 1.79172e+26
0.124099 3.81994 8.9586e+25
0.0339719 14.449 8.9586e+25
0.097346 8.0175 8.9586e+25
0.0225734 13.3215 8.9586e+25
0.0634217 9.04016 1.79172e+26
0.0505744 13.1436 1.79172e+26
0.0585781 11.8701 8.9586e+25
0.0580356 16.4985 8.9586e+25
0.0420564 8.2925 8.9586e+25
0.0192769 10.5074 8.9586e+25
0.0550002 11.1529 1.79172e+26
0.0916023 10.8301 8.9586e+25
0.0996171 12.1145 8.9586e+25
0.0910179 9.02852 8.9586e+25
0.04181 10.5594 8.9586e+25
0.0188911 14.5694 8.9586e+25
0.0228583 7.7653 8.9586e+25
0.0794477 7.09614 8.9586e+25
0.0485646 14.5354 8.9586e+25
0.0268202 10.3133 8.9586e+25
0.0215038 14.1255 8.9586e+25
0.226742 9.19291 8.9586e+25
0.000691607 12.682 8.9586e+25
0.021527 9.19566 8.9586e+25
0.0524331 8.70593 8.9586e+25
0.0516591 8.7318 8.9586e+25
0.0513946 8.69092 8.9586e+25
