0 0 37121.2  410
0.1 0 37121.2  410
0.2 0 37121.2  410
0.3 0 37121.2  410
0.4 0 37121.2  410
0.5 0 37121.2  410
0.6 0 37121.2  410
0.7 0 37121.2  410
0.8 0 37121.2  410
0.9 0 37121.2  410
1 0 37121.2  410
1.1 0 37121.2  410
1.2 0 37121.2  410
1.3 0 37121.2  410
1.4 0 37121.2  410
1.5 0 37121.2  410
1.6 0 37121.2  410
1.7 0 37121.2  410
1.8 0 37121.2  410
1.9 0 37121.2  410
2 0 37121.2  410
2.1 0 37121.2  410
2.2 0 37121.2  410
2.3 0 37121.2  410
2.4 0 37121.2  410
2.5 0 37121.2  410
2.6 0 37121.2  410
2.7 0 37121.2  410
2.8 0 37121.2  410
2.9 0 37121.2  410
3 0 37121.2  410
3.1 1.79172e+26 37121.2  410
3.2 0 37121.2  410
3.3 8.9586e+25 37121.2  410
3.4 2.68758e+26 37121.2  410
3.5 0 37121.2  410
3.6 0 37121.2  410
3.7 0 37121.2  410
3.8 0 37121.2  410
3.9 0 37121.2  410
4 0 37121.2  410
4.1 0 37121.2  410
4.2 0 37121.2  410
4.3 0 37121.2  410
4.4 0 37121.2  410
4.5 0 37121.2  410
4.6 0 37121.2  410
4.7 0 37121.2  410
4.8 0 37121.2  410
4.9 0 37121.2  410
5 0 37121.2  410
5.1 0 37121.2  410
5.2 0 37121.2  410
5.3 0 37121.2  410
5.4 0 37121.2  410
5.5 0 37121.2  410
5.6 0 37121.2  410
5.7 0 37121.2  410
5.8 0 37121.2  410
5.9 0 37121.2  410
6 0 37121.2  410
6.1 0 37121.2  410
6.2 0 37121.2  410
6.3 8.9586e+25 37121.2  410
6.4 0 37121.2  410
6.5 2.68758e+26 37121.2  410
6.6 0 37121.2  410
6.7 0 37121.2  410
6.8 0 37121.2  410
6.9 7.16688e+26 37121.2  410
7 5.37516e+26 37121.2  410
7.1 3.58344e+26 37121.2  410
7.2 0 37121.2  410
7.3 1.79172e+27 37121.2  410
7.4 1.43338e+27 37121.2  410
7.5 9.85446e+26 37121.2  410
7.6 1.43338e+27 37121.2  410
7.7 4.4793e+26 37121.2  410
7.8 8.06274e+26 37121.2  410
7.9 1.16462e+27 37121.2  410
8 8.06274e+26 37121.2  410
8.1 8.9586e+26 37121.2  410
8.2 2.06048e+27 37121.2  410
8.3 1.52296e+27 37121.2  410
8.4 1.70213e+27 37121.2  410
8.5 1.79172e+26 37121.2  410
8.6 1.16462e+27 37121.2  410
8.7 1.70213e+27 37121.2  410
8.8 1.2542e+27 37121.2  410
8.9 2.32924e+27 37121.2  410
9 9.85446e+26 37121.2  410
9.1 4.4793e+26 37121.2  410
9.2 2.41882e+27 37121.2  410
9.3 1.16462e+27 37121.2  410
9.4 8.06274e+26 37121.2  410
9.5 1.88131e+27 37121.2  410
9.6 8.9586e+26 37121.2  410
9.7 5.37516e+26 37121.2  410
9.8 1.52296e+27 37121.2  410
9.9 4.4793e+26 37121.2  410
10 9.85446e+26 37121.2  410
10.1 2.50841e+27 37121.2  410
10.2 3.40427e+27 37121.2  410
10.3 5.37516e+26 37121.2  410
10.4 3.58344e+26 37121.2  410
10.5 1.07503e+27 37121.2  410
10.6 6.27102e+26 37121.2  410
10.7 1.07503e+27 37121.2  410
10.8 1.34379e+27 37121.2  410
10.9 2.23965e+27 37121.2  410
11 4.4793e+26 37121.2  410
11.1 1.34379e+27 37121.2  410
11.2 8.9586e+26 37121.2  410
11.3 2.68758e+26 37121.2  410
11.4 0 37121.2  410
11.5 9.85446e+26 37121.2  410
11.6 5.37516e+26 37121.2  410
11.7 3.40427e+27 37121.2  410
11.8 2.68758e+27 37121.2  410
11.9 1.79172e+27 37121.2  410
12 1.16462e+27 37121.2  410
12.1 2.68758e+26 37121.2  410
12.2 1.52296e+27 37121.2  410
12.3 8.9586e+25 37121.2  410
12.4 8.9586e+26 37121.2  410
12.5 1.07503e+27 37121.2  410
12.6 1.16462e+27 37121.2  410
12.7 5.37516e+26 37121.2  410
12.8 1.79172e+26 37121.2  410
12.9 3.58344e+26 37121.2  410
13 5.37516e+26 37121.2  410
13.1 2.59799e+27 37121.2  410
13.2 8.06274e+26 37121.2  410
13.3 3.58344e+26 37121.2  410
13.4 1.61255e+27 37121.2  410
13.5 4.4793e+26 37121.2  410
13.6 1.88131e+27 37121.2  410
13.7 1.2542e+27 37121.2  410
13.8 9.85446e+26 37121.2  410
13.9 0 37121.2  410
14 2.68758e+26 37121.2  410
14.1 8.06274e+26 37121.2  410
14.2 1.52296e+27 37121.2  410
14.3 2.68758e+26 37121.2  410
14.4 6.27102e+26 37121.2  410
14.5 7.16688e+26 37121.2  410
14.6 6.27102e+26 37121.2  410
14.7 1.79172e+26 37121.2  410
14.8 1.2542e+27 37121.2  410
14.9 1.79172e+26 37121.2  410
15 0 37121.2  410
15.1 4.4793e+26 37121.2  410
15.2 8.9586e+25 37121.2  410
15.3 0 37121.2  410
15.4 1.79172e+26 37121.2  410
15.5 0 37121.2  410
15.6 1.79172e+26 37121.2  410
15.7 0 37121.2  410
15.8 0 37121.2  410
15.9 0 37121.2  410
16 0 37121.2  410
16.1 0 37121.2  410
16.2 0 37121.2  410
16.3 0 37121.2  410
16.4 0 37121.2  410
16.5 0 37121.2  410
16.6 0 37121.2  410
16.7 0 37121.2  410
16.8 0 37121.2  410
16.9 0 37121.2  410
17 0 37121.2  410
17.1 0 37121.2  410
17.2 0 37121.2  410
17.3 0 37121.2  410
17.4 0 37121.2  410
17.5 0 37121.2  410
17.6 0 37121.2  410
17.7 0 37121.2  410
17.8 0 37121.2  410
17.9 0 37121.2  410
18 0 37121.2  410
18.1 0 37121.2  410
18.2 0 37121.2  410
18.3 0 37121.2  410
18.4 0 37121.2  410
18.5 0 37121.2  410
18.6 0 37121.2  410
18.7 0 37121.2  410
18.8 0 37121.2  410
18.9 2.68758e+26 37121.2  410
19 0 37121.2  410
19.1 0 37121.2  410
19.2 0 37121.2  410
19.3 0 37121.2  410
19.4 0 37121.2  410
19.5 0 37121.2  410
19.6 0 37121.2  410
19.7 0 37121.2  410
19.8 0 37121.2  410
19.9 0 37121.2  410
20 0 37121.2  410
20.1 0 37121.2  410
20.2 0 37121.2  410
20.3 0 37121.2  410
20.4 0 37121.2  410
20.5 0 37121.2  410
20.6 0 37121.2  410
20.7 0 37121.2  410
20.8 0 37121.2  410
20.9 0 37121.2  410
21 0 37121.2  410
21.1 0 37121.2  410
21.2 0 37121.2  410
21.3 0 37121.2  410
21.4 0 37121.2  410
21.5 0 37121.2  410
21.6 0 37121.2  410
21.7 0 37121.2  410
21.8 0 37121.2  410
21.9 0 37121.2  410
22 0 37121.2  410
22.1 0 37121.2  410
22.2 0 37121.2  410
22.3 0 37121.2  410
22.4 0 37121.2  410
22.5 0 37121.2  410
22.6 0 37121.2  410
22.7 0 37121.2  410
22.8 0 37121.2  410
22.9 0 37121.2  410
23 0 37121.2  410
23.1 0 37121.2  410
23.2 0 37121.2  410
23.3 0 37121.2  410
23.4 0 37121.2  410
23.5 0 37121.2  410
23.6 0 37121.2  410
23.7 0 37121.2  410
23.8 0 37121.2  410
23.9 0 37121.2  410
24 0 37121.2  410
24.1 0 37121.2  410
24.2 0 37121.2  410
24.3 0 37121.2  410
24.4 0 37121.2  410
24.5 0 37121.2  410
24.6 0 37121.2  410
24.7 0 37121.2  410
24.8 0 37121.2  410
24.9 0 37121.2  410
25 0 37121.2  410
25.1 0 37121.2  410
25.2 0 37121.2  410
25.3 0 37121.2  410
25.4 0 37121.2  410
25.5 0 37121.2  410
25.6 0 37121.2  410
25.7 0 37121.2  410
25.8 0 37121.2  410
25.9 0 37121.2  410
26 0 37121.2  410
26.1 0 37121.2  410
26.2 0 37121.2  410
26.3 0 37121.2  410
26.4 0 37121.2  410
26.5 0 37121.2  410
26.6 0 37121.2  410
26.7 0 37121.2  410
26.8 0 37121.2  410
26.9 0 37121.2  410
27 0 37121.2  410
27.1 0 37121.2  410
27.2 0 37121.2  410
27.3 0 37121.2  410
27.4 0 37121.2  410
27.5 0 37121.2  410
27.6 0 37121.2  410
27.7 0 37121.2  410
27.8 0 37121.2  410
27.9 0 37121.2  410
28 0 37121.2  410
28.1 0 37121.2  410
28.2 0 37121.2  410
28.3 0 37121.2  410
28.4 0 37121.2  410
28.5 0 37121.2  410
28.6 0 37121.2  410
28.7 0 37121.2  410
28.8 0 37121.2  410
28.9 0 37121.2  410
29 0 37121.2  410
29.1 0 37121.2  410
29.2 0 37121.2  410
29.3 0 37121.2  410
29.4 0 37121.2  410
29.5 0 37121.2  410
29.6 0 37121.2  410
29.7 0 37121.2  410
29.8 0 37121.2  410
29.9 0 37121.2  410
30 0 37121.2  410
30.1 0 37121.2  410
30.2 0 37121.2  410
30.3 0 37121.2  410
30.4 0 37121.2  410
30.5 0 37121.2  410
30.6 0 37121.2  410
30.7 0 37121.2  410
30.8 0 37121.2  410
30.9 0 37121.2  410
