0 0 113765  152
0.1 0 113765  152
0.2 0 113765  152
0.3 0 113765  152
0.4 0 113765  152
0.5 0 113765  152
0.6 0 113765  152
0.7 0 113765  152
0.8 0 113765  152
0.9 0 113765  152
1 0 113765  152
1.1 0 113765  152
1.2 0 113765  152
1.3 0 113765  152
1.4 0 113765  152
1.5 0 113765  152
1.6 0 113765  152
1.7 0 113765  152
1.8 0 113765  152
1.9 0 113765  152
2 0 113765  152
2.1 0 113765  152
2.2 0 113765  152
2.3 0 113765  152
2.4 0 113765  152
2.5 0 113765  152
2.6 8.9586e+25 113765  152
2.7 8.9586e+25 113765  152
2.8 0 113765  152
2.9 5.37516e+26 113765  152
3 8.9586e+25 113765  152
3.1 2.68758e+26 113765  152
3.2 0 113765  152
3.3 0 113765  152
3.4 8.9586e+25 113765  152
3.5 0 113765  152
3.6 0 113765  152
3.7 1.2542e+27 113765  152
3.8 0 113765  152
3.9 0 113765  152
4 0 113765  152
4.1 0 113765  152
4.2 0 113765  152
4.3 0 113765  152
4.4 0 113765  152
4.5 0 113765  152
4.6 0 113765  152
4.7 0 113765  152
4.8 0 113765  152
4.9 0 113765  152
5 0 113765  152
5.1 0 113765  152
5.2 0 113765  152
5.3 0 113765  152
5.4 0 113765  152
5.5 0 113765  152
5.6 0 113765  152
5.7 0 113765  152
5.8 0 113765  152
5.9 0 113765  152
6 0 113765  152
6.1 0 113765  152
6.2 0 113765  152
6.3 0 113765  152
6.4 0 113765  152
6.5 0 113765  152
6.6 0 113765  152
6.7 0 113765  152
6.8 8.9586e+25 113765  152
6.9 1.79172e+26 113765  152
7 0 113765  152
7.1 1.79172e+26 113765  152
7.2 0 113765  152
7.3 8.9586e+25 113765  152
7.4 1.2542e+27 113765  152
7.5 1.79172e+26 113765  152
7.6 7.16688e+26 113765  152
7.7 8.9586e+25 113765  152
7.8 8.06274e+26 113765  152
7.9 2.06048e+27 113765  152
8 7.16688e+26 113765  152
8.1 6.27102e+26 113765  152
8.2 0 113765  152
8.3 1.79172e+26 113765  152
8.4 4.65847e+27 113765  152
8.5 0 113765  152
8.6 4.4793e+26 113765  152
8.7 1.43338e+27 113765  152
8.8 1.52296e+27 113765  152
8.9 8.9586e+25 113765  152
9 3.58344e+26 113765  152
9.1 3.58344e+26 113765  152
9.2 2.15006e+27 113765  152
9.3 7.16688e+26 113765  152
9.4 7.16688e+26 113765  152
9.5 1.70213e+27 113765  152
9.6 8.9586e+25 113765  152
9.7 0 113765  152
9.8 2.95634e+27 113765  152
9.9 8.9586e+25 113765  152
10 1.2542e+27 113765  152
10.1 6.27102e+26 113765  152
10.2 8.06274e+26 113765  152
10.3 5.37516e+26 113765  152
10.4 1.79172e+26 113765  152
10.5 1.34379e+28 113765  152
10.6 0 113765  152
10.7 3.13551e+27 113765  152
10.8 9.85446e+26 113765  152
10.9 1.07503e+27 113765  152
11 1.52296e+27 113765  152
11.1 0 113765  152
11.2 0 113765  152
11.3 9.85446e+26 113765  152
11.4 2.68758e+26 113765  152
11.5 2.68758e+26 113765  152
11.6 9.85446e+26 113765  152
11.7 0 113765  152
11.8 1.88131e+27 113765  152
11.9 5.82309e+27 113765  152
12 3.58344e+26 113765  152
12.1 8.9586e+26 113765  152
12.2 4.4793e+26 113765  152
12.3 5.37516e+26 113765  152
12.4 0 113765  152
12.5 0 113765  152
12.6 1.2542e+27 113765  152
12.7 0 113765  152
12.8 1.16462e+27 113765  152
12.9 0 113765  152
13 8.9586e+25 113765  152
13.1 1.79172e+26 113765  152
13.2 1.2542e+27 113765  152
13.3 8.9586e+25 113765  152
13.4 1.52296e+27 113765  152
13.5 8.9586e+25 113765  152
13.6 0 113765  152
13.7 3.40427e+27 113765  152
13.8 0 113765  152
13.9 8.9586e+25 113765  152
14 0 113765  152
14.1 4.4793e+26 113765  152
14.2 8.9586e+25 113765  152
14.3 1.97089e+27 113765  152
14.4 0 113765  152
14.5 1.88131e+27 113765  152
14.6 1.2542e+27 113765  152
14.7 0 113765  152
14.8 2.68758e+26 113765  152
14.9 0 113765  152
15 6.27102e+26 113765  152
15.1 4.4793e+26 113765  152
15.2 1.79172e+26 113765  152
15.3 3.58344e+26 113765  152
15.4 0 113765  152
15.5 2.50841e+27 113765  152
15.6 0 113765  152
15.7 6.27102e+26 113765  152
15.8 8.9586e+25 113765  152
15.9 8.9586e+25 113765  152
16 0 113765  152
16.1 6.27102e+26 113765  152
16.2 0 113765  152
16.3 1.79172e+26 113765  152
16.4 0 113765  152
16.5 2.68758e+26 113765  152
16.6 0 113765  152
16.7 0 113765  152
16.8 0 113765  152
16.9 0 113765  152
17 2.68758e+26 113765  152
17.1 0 113765  152
17.2 0 113765  152
17.3 2.68758e+26 113765  152
17.4 0 113765  152
17.5 0 113765  152
17.6 0 113765  152
17.7 0 113765  152
17.8 0 113765  152
17.9 0 113765  152
18 0 113765  152
18.1 0 113765  152
18.2 0 113765  152
18.3 0 113765  152
18.4 0 113765  152
18.5 0 113765  152
18.6 0 113765  152
18.7 0 113765  152
18.8 0 113765  152
18.9 0 113765  152
19 3.58344e+26 113765  152
19.1 0 113765  152
19.2 0 113765  152
19.3 0 113765  152
19.4 0 113765  152
19.5 6.27102e+26 113765  152
19.6 0 113765  152
19.7 0 113765  152
19.8 0 113765  152
19.9 0 113765  152
20 0 113765  152
20.1 0 113765  152
20.2 0 113765  152
20.3 0 113765  152
20.4 0 113765  152
20.5 0 113765  152
20.6 0 113765  152
20.7 0 113765  152
20.8 0 113765  152
20.9 0 113765  152
21 0 113765  152
21.1 0 113765  152
21.2 0 113765  152
21.3 0 113765  152
21.4 0 113765  152
21.5 0 113765  152
21.6 0 113765  152
21.7 0 113765  152
21.8 0 113765  152
21.9 0 113765  152
22 0 113765  152
22.1 0 113765  152
22.2 0 113765  152
22.3 0 113765  152
22.4 0 113765  152
22.5 0 113765  152
22.6 0 113765  152
22.7 0 113765  152
22.8 0 113765  152
22.9 0 113765  152
23 0 113765  152
23.1 0 113765  152
23.2 0 113765  152
23.3 0 113765  152
23.4 0 113765  152
23.5 0 113765  152
23.6 0 113765  152
23.7 0 113765  152
23.8 0 113765  152
23.9 0 113765  152
24 0 113765  152
24.1 0 113765  152
24.2 0 113765  152
24.3 0 113765  152
24.4 0 113765  152
24.5 0 113765  152
24.6 0 113765  152
24.7 0 113765  152
24.8 0 113765  152
24.9 0 113765  152
25 0 113765  152
25.1 0 113765  152
25.2 0 113765  152
25.3 0 113765  152
25.4 0 113765  152
25.5 0 113765  152
25.6 0 113765  152
25.7 0 113765  152
25.8 0 113765  152
25.9 0 113765  152
26 0 113765  152
26.1 0 113765  152
26.2 0 113765  152
26.3 2.68758e+26 113765  152
26.4 0 113765  152
26.5 0 113765  152
26.6 0 113765  152
26.7 0 113765  152
26.8 0 113765  152
26.9 0 113765  152
27 0 113765  152
27.1 0 113765  152
27.2 0 113765  152
27.3 0 113765  152
27.4 0 113765  152
27.5 0 113765  152
27.6 0 113765  152
27.7 0 113765  152
27.8 0 113765  152
27.9 0 113765  152
28 0 113765  152
28.1 0 113765  152
28.2 0 113765  152
28.3 0 113765  152
28.4 0 113765  152
28.5 0 113765  152
28.6 0 113765  152
28.7 0 113765  152
28.8 0 113765  152
28.9 0 113765  152
29 0 113765  152
29.1 0 113765  152
29.2 0 113765  152
29.3 0 113765  152
29.4 0 113765  152
29.5 0 113765  152
29.6 0 113765  152
29.7 0 113765  152
29.8 0 113765  152
29.9 0 113765  152
30 0 113765  152
30.1 0 113765  152
30.2 0 113765  152
30.3 0 113765  152
30.4 0 113765  152
30.5 0 113765  152
30.6 0 113765  152
30.7 0 113765  152
30.8 0 113765  152
30.9 0 113765  152
