3.2251e+27  1  52129.8
2.59799e+27  2  52129.8
2.41882e+27  3  52129.8
2.15006e+27  4  52129.8
1.79172e+27  5  52129.8
1.52296e+27  6  52129.8
1.43338e+27  7  52129.8
1.34379e+27  8  52129.8
1.2542e+27  9  52129.8
1.2542e+27  10  52129.8
1.16462e+27  11  52129.8
1.07503e+27  12  52129.8
1.07503e+27  13  52129.8
9.85446e+26  14  52129.8
9.85446e+26  15  52129.8
9.85446e+26  16  52129.8
8.9586e+26  17  52129.8
8.9586e+26  18  52129.8
8.9586e+26  19  52129.8
8.9586e+26  20  52129.8
8.9586e+26  21  52129.8
8.06274e+26  22  52129.8
8.06274e+26  23  52129.8
8.06274e+26  24  52129.8
8.06274e+26  25  52129.8
8.06274e+26  26  52129.8
7.16688e+26  27  52129.8
7.16688e+26  28  52129.8
7.16688e+26  29  52129.8
7.16688e+26  30  52129.8
6.27102e+26  31  52129.8
6.27102e+26  32  52129.8
6.27102e+26  33  52129.8
6.27102e+26  34  52129.8
6.27102e+26  35  52129.8
6.27102e+26  36  52129.8
6.27102e+26  37  52129.8
5.37516e+26  38  52129.8
5.37516e+26  39  52129.8
5.37516e+26  40  52129.8
5.37516e+26  41  52129.8
5.37516e+26  42  52129.8
5.37516e+26  43  52129.8
5.37516e+26  44  52129.8
5.37516e+26  45  52129.8
4.4793e+26  46  52129.8
4.4793e+26  47  52129.8
4.4793e+26  48  52129.8
4.4793e+26  49  52129.8
4.4793e+26  50  52129.8
4.4793e+26  51  52129.8
4.4793e+26  52  52129.8
4.4793e+26  53  52129.8
4.4793e+26  54  52129.8
4.4793e+26  55  52129.8
4.4793e+26  56  52129.8
4.4793e+26  57  52129.8
3.58344e+26  58  52129.8
3.58344e+26  59  52129.8
3.58344e+26  60  52129.8
3.58344e+26  61  52129.8
3.58344e+26  62  52129.8
3.58344e+26  63  52129.8
3.58344e+26  64  52129.8
3.58344e+26  65  52129.8
3.58344e+26  66  52129.8
3.58344e+26  67  52129.8
3.58344e+26  68  52129.8
3.58344e+26  69  52129.8
3.58344e+26  70  52129.8
3.58344e+26  71  52129.8
3.58344e+26  72  52129.8
2.68758e+26  73  52129.8
2.68758e+26  74  52129.8
2.68758e+26  75  52129.8
2.68758e+26  76  52129.8
2.68758e+26  77  52129.8
2.68758e+26  78  52129.8
2.68758e+26  79  52129.8
2.68758e+26  80  52129.8
2.68758e+26  81  52129.8
2.68758e+26  82  52129.8
2.68758e+26  83  52129.8
2.68758e+26  84  52129.8
2.68758e+26  85  52129.8
2.68758e+26  86  52129.8
2.68758e+26  87  52129.8
2.68758e+26  88  52129.8
2.68758e+26  89  52129.8
2.68758e+26  90  52129.8
2.68758e+26  91  52129.8
2.68758e+26  92  52129.8
2.68758e+26  93  52129.8
2.68758e+26  94  52129.8
2.68758e+26  95  52129.8
2.68758e+26  96  52129.8
2.68758e+26  97  52129.8
1.79172e+26  98  52129.8
1.79172e+26  99  52129.8
1.79172e+26  100  52129.8
1.79172e+26  101  52129.8
1.79172e+26  102  52129.8
1.79172e+26  103  52129.8
1.79172e+26  104  52129.8
1.79172e+26  105  52129.8
1.79172e+26  106  52129.8
1.79172e+26  107  52129.8
1.79172e+26  108  52129.8
1.79172e+26  109  52129.8
1.79172e+26  110  52129.8
1.79172e+26  111  52129.8
1.79172e+26  112  52129.8
1.79172e+26  113  52129.8
1.79172e+26  114  52129.8
1.79172e+26  115  52129.8
1.79172e+26  116  52129.8
1.79172e+26  117  52129.8
1.79172e+26  118  52129.8
1.79172e+26  119  52129.8
1.79172e+26  120  52129.8
1.79172e+26  121  52129.8
1.79172e+26  122  52129.8
1.79172e+26  123  52129.8
1.79172e+26  124  52129.8
1.79172e+26  125  52129.8
1.79172e+26  126  52129.8
1.79172e+26  127  52129.8
1.79172e+26  128  52129.8
1.79172e+26  129  52129.8
1.79172e+26  130  52129.8
1.79172e+26  131  52129.8
1.79172e+26  132  52129.8
1.79172e+26  133  52129.8
1.79172e+26  134  52129.8
1.79172e+26  135  52129.8
1.79172e+26  136  52129.8
1.79172e+26  137  52129.8
1.79172e+26  138  52129.8
1.79172e+26  139  52129.8
1.79172e+26  140  52129.8
1.79172e+26  141  52129.8
1.79172e+26  142  52129.8
1.79172e+26  143  52129.8
1.79172e+26  144  52129.8
1.79172e+26  145  52129.8
1.79172e+26  146  52129.8
1.79172e+26  147  52129.8
1.79172e+26  148  52129.8
1.79172e+26  149  52129.8
1.79172e+26  150  52129.8
1.79172e+26  151  52129.8
1.79172e+26  152  52129.8
1.79172e+26  153  52129.8
1.79172e+26  154  52129.8
1.79172e+26  155  52129.8
1.79172e+26  156  52129.8
1.79172e+26  157  52129.8
1.79172e+26  158  52129.8
1.79172e+26  159  52129.8
1.79172e+26  160  52129.8
1.79172e+26  161  52129.8
1.79172e+26  162  52129.8
8.9586e+25  163  52129.8
8.9586e+25  164  52129.8
8.9586e+25  165  52129.8
8.9586e+25  166  52129.8
8.9586e+25  167  52129.8
8.9586e+25  168  52129.8
8.9586e+25  169  52129.8
8.9586e+25  170  52129.8
8.9586e+25  171  52129.8
8.9586e+25  172  52129.8
8.9586e+25  173  52129.8
8.9586e+25  174  52129.8
8.9586e+25  175  52129.8
8.9586e+25  176  52129.8
8.9586e+25  177  52129.8
8.9586e+25  178  52129.8
8.9586e+25  179  52129.8
8.9586e+25  180  52129.8
8.9586e+25  181  52129.8
8.9586e+25  182  52129.8
8.9586e+25  183  52129.8
8.9586e+25  184  52129.8
8.9586e+25  185  52129.8
8.9586e+25  186  52129.8
8.9586e+25  187  52129.8
8.9586e+25  188  52129.8
8.9586e+25  189  52129.8
8.9586e+25  190  52129.8
8.9586e+25  191  52129.8
8.9586e+25  192  52129.8
8.9586e+25  193  52129.8
8.9586e+25  194  52129.8
8.9586e+25  195  52129.8
8.9586e+25  196  52129.8
8.9586e+25  197  52129.8
8.9586e+25  198  52129.8
8.9586e+25  199  52129.8
8.9586e+25  200  52129.8
8.9586e+25  201  52129.8
8.9586e+25  202  52129.8
8.9586e+25  203  52129.8
8.9586e+25  204  52129.8
8.9586e+25  205  52129.8
8.9586e+25  206  52129.8
8.9586e+25  207  52129.8
8.9586e+25  208  52129.8
8.9586e+25  209  52129.8
8.9586e+25  210  52129.8
8.9586e+25  211  52129.8
8.9586e+25  212  52129.8
8.9586e+25  213  52129.8
8.9586e+25  214  52129.8
8.9586e+25  215  52129.8
8.9586e+25  216  52129.8
8.9586e+25  217  52129.8
8.9586e+25  218  52129.8
8.9586e+25  219  52129.8
8.9586e+25  220  52129.8
8.9586e+25  221  52129.8
8.9586e+25  222  52129.8
8.9586e+25  223  52129.8
8.9586e+25  224  52129.8
8.9586e+25  225  52129.8
8.9586e+25  226  52129.8
8.9586e+25  227  52129.8
8.9586e+25  228  52129.8
8.9586e+25  229  52129.8
8.9586e+25  230  52129.8
8.9586e+25  231  52129.8
8.9586e+25  232  52129.8
8.9586e+25  233  52129.8
8.9586e+25  234  52129.8
8.9586e+25  235  52129.8
8.9586e+25  236  52129.8
8.9586e+25  237  52129.8
8.9586e+25  238  52129.8
8.9586e+25  239  52129.8
8.9586e+25  240  52129.8
8.9586e+25  241  52129.8
8.9586e+25  242  52129.8
8.9586e+25  243  52129.8
8.9586e+25  244  52129.8
8.9586e+25  245  52129.8
8.9586e+25  246  52129.8
8.9586e+25  247  52129.8
8.9586e+25  248  52129.8
8.9586e+25  249  52129.8
8.9586e+25  250  52129.8
8.9586e+25  251  52129.8
8.9586e+25  252  52129.8
8.9586e+25  253  52129.8
8.9586e+25  254  52129.8
8.9586e+25  255  52129.8
8.9586e+25  256  52129.8
8.9586e+25  257  52129.8
8.9586e+25  258  52129.8
8.9586e+25  259  52129.8
8.9586e+25  260  52129.8
8.9586e+25  261  52129.8
8.9586e+25  262  52129.8
8.9586e+25  263  52129.8
8.9586e+25  264  52129.8
8.9586e+25  265  52129.8
8.9586e+25  266  52129.8
8.9586e+25  267  52129.8
8.9586e+25  268  52129.8
8.9586e+25  269  52129.8
8.9586e+25  270  52129.8
8.9586e+25  271  52129.8
8.9586e+25  272  52129.8
8.9586e+25  273  52129.8
8.9586e+25  274  52129.8
8.9586e+25  275  52129.8
8.9586e+25  276  52129.8
8.9586e+25  277  52129.8
8.9586e+25  278  52129.8
8.9586e+25  279  52129.8
8.9586e+25  280  52129.8
8.9586e+25  281  52129.8
8.9586e+25  282  52129.8
8.9586e+25  283  52129.8
8.9586e+25  284  52129.8
8.9586e+25  285  52129.8
8.9586e+25  286  52129.8
8.9586e+25  287  52129.8
8.9586e+25  288  52129.8
8.9586e+25  289  52129.8
8.9586e+25  290  52129.8
8.9586e+25  291  52129.8
8.9586e+25  292  52129.8
8.9586e+25  293  52129.8
8.9586e+25  294  52129.8
8.9586e+25  295  52129.8
8.9586e+25  296  52129.8
8.9586e+25  297  52129.8
8.9586e+25  298  52129.8
8.9586e+25  299  52129.8
8.9586e+25  300  52129.8
8.9586e+25  301  52129.8
8.9586e+25  302  52129.8
8.9586e+25  303  52129.8
8.9586e+25  304  52129.8
