8.9586e+26  1  18710.7
8.9586e+26  2  18710.7
7.16688e+26  3  18710.7
6.27102e+26  4  18710.7
6.27102e+26  5  18710.7
6.27102e+26  6  18710.7
6.27102e+26  7  18710.7
6.27102e+26  8  18710.7
6.27102e+26  9  18710.7
6.27102e+26  10  18710.7
5.37516e+26  11  18710.7
5.37516e+26  12  18710.7
4.4793e+26  13  18710.7
4.4793e+26  14  18710.7
4.4793e+26  15  18710.7
4.4793e+26  16  18710.7
4.4793e+26  17  18710.7
4.4793e+26  18  18710.7
4.4793e+26  19  18710.7
4.4793e+26  20  18710.7
4.4793e+26  21  18710.7
4.4793e+26  22  18710.7
4.4793e+26  23  18710.7
4.4793e+26  24  18710.7
4.4793e+26  25  18710.7
4.4793e+26  26  18710.7
4.4793e+26  27  18710.7
4.4793e+26  28  18710.7
3.58344e+26  29  18710.7
3.58344e+26  30  18710.7
3.58344e+26  31  18710.7
3.58344e+26  32  18710.7
3.58344e+26  33  18710.7
3.58344e+26  34  18710.7
3.58344e+26  35  18710.7
3.58344e+26  36  18710.7
3.58344e+26  37  18710.7
3.58344e+26  38  18710.7
3.58344e+26  39  18710.7
3.58344e+26  40  18710.7
3.58344e+26  41  18710.7
3.58344e+26  42  18710.7
3.58344e+26  43  18710.7
3.58344e+26  44  18710.7
3.58344e+26  45  18710.7
3.58344e+26  46  18710.7
3.58344e+26  47  18710.7
3.58344e+26  48  18710.7
3.58344e+26  49  18710.7
2.68758e+26  50  18710.7
2.68758e+26  51  18710.7
2.68758e+26  52  18710.7
2.68758e+26  53  18710.7
2.68758e+26  54  18710.7
2.68758e+26  55  18710.7
2.68758e+26  56  18710.7
2.68758e+26  57  18710.7
2.68758e+26  58  18710.7
2.68758e+26  59  18710.7
2.68758e+26  60  18710.7
2.68758e+26  61  18710.7
2.68758e+26  62  18710.7
2.68758e+26  63  18710.7
2.68758e+26  64  18710.7
2.68758e+26  65  18710.7
2.68758e+26  66  18710.7
2.68758e+26  67  18710.7
2.68758e+26  68  18710.7
2.68758e+26  69  18710.7
2.68758e+26  70  18710.7
2.68758e+26  71  18710.7
2.68758e+26  72  18710.7
2.68758e+26  73  18710.7
2.68758e+26  74  18710.7
2.68758e+26  75  18710.7
2.68758e+26  76  18710.7
2.68758e+26  77  18710.7
2.68758e+26  78  18710.7
2.68758e+26  79  18710.7
2.68758e+26  80  18710.7
2.68758e+26  81  18710.7
2.68758e+26  82  18710.7
2.68758e+26  83  18710.7
2.68758e+26  84  18710.7
2.68758e+26  85  18710.7
2.68758e+26  86  18710.7
2.68758e+26  87  18710.7
2.68758e+26  88  18710.7
2.68758e+26  89  18710.7
2.68758e+26  90  18710.7
2.68758e+26  91  18710.7
1.79172e+26  92  18710.7
1.79172e+26  93  18710.7
1.79172e+26  94  18710.7
1.79172e+26  95  18710.7
1.79172e+26  96  18710.7
1.79172e+26  97  18710.7
1.79172e+26  98  18710.7
1.79172e+26  99  18710.7
1.79172e+26  100  18710.7
1.79172e+26  101  18710.7
1.79172e+26  102  18710.7
1.79172e+26  103  18710.7
1.79172e+26  104  18710.7
1.79172e+26  105  18710.7
1.79172e+26  106  18710.7
1.79172e+26  107  18710.7
1.79172e+26  108  18710.7
1.79172e+26  109  18710.7
1.79172e+26  110  18710.7
1.79172e+26  111  18710.7
1.79172e+26  112  18710.7
1.79172e+26  113  18710.7
1.79172e+26  114  18710.7
1.79172e+26  115  18710.7
1.79172e+26  116  18710.7
1.79172e+26  117  18710.7
1.79172e+26  118  18710.7
1.79172e+26  119  18710.7
1.79172e+26  120  18710.7
1.79172e+26  121  18710.7
1.79172e+26  122  18710.7
1.79172e+26  123  18710.7
1.79172e+26  124  18710.7
1.79172e+26  125  18710.7
1.79172e+26  126  18710.7
1.79172e+26  127  18710.7
1.79172e+26  128  18710.7
1.79172e+26  129  18710.7
1.79172e+26  130  18710.7
1.79172e+26  131  18710.7
1.79172e+26  132  18710.7
1.79172e+26  133  18710.7
1.79172e+26  134  18710.7
1.79172e+26  135  18710.7
1.79172e+26  136  18710.7
1.79172e+26  137  18710.7
1.79172e+26  138  18710.7
1.79172e+26  139  18710.7
1.79172e+26  140  18710.7
1.79172e+26  141  18710.7
1.79172e+26  142  18710.7
1.79172e+26  143  18710.7
1.79172e+26  144  18710.7
1.79172e+26  145  18710.7
1.79172e+26  146  18710.7
1.79172e+26  147  18710.7
1.79172e+26  148  18710.7
1.79172e+26  149  18710.7
1.79172e+26  150  18710.7
1.79172e+26  151  18710.7
1.79172e+26  152  18710.7
1.79172e+26  153  18710.7
1.79172e+26  154  18710.7
1.79172e+26  155  18710.7
1.79172e+26  156  18710.7
1.79172e+26  157  18710.7
1.79172e+26  158  18710.7
1.79172e+26  159  18710.7
1.79172e+26  160  18710.7
1.79172e+26  161  18710.7
1.79172e+26  162  18710.7
1.79172e+26  163  18710.7
1.79172e+26  164  18710.7
1.79172e+26  165  18710.7
1.79172e+26  166  18710.7
1.79172e+26  167  18710.7
1.79172e+26  168  18710.7
1.79172e+26  169  18710.7
1.79172e+26  170  18710.7
1.79172e+26  171  18710.7
1.79172e+26  172  18710.7
1.79172e+26  173  18710.7
1.79172e+26  174  18710.7
1.79172e+26  175  18710.7
1.79172e+26  176  18710.7
1.79172e+26  177  18710.7
1.79172e+26  178  18710.7
1.79172e+26  179  18710.7
1.79172e+26  180  18710.7
1.79172e+26  181  18710.7
1.79172e+26  182  18710.7
1.79172e+26  183  18710.7
1.79172e+26  184  18710.7
1.79172e+26  185  18710.7
1.79172e+26  186  18710.7
1.79172e+26  187  18710.7
1.79172e+26  188  18710.7
1.79172e+26  189  18710.7
1.79172e+26  190  18710.7
1.79172e+26  191  18710.7
1.79172e+26  192  18710.7
1.79172e+26  193  18710.7
1.79172e+26  194  18710.7
1.79172e+26  195  18710.7
1.79172e+26  196  18710.7
1.79172e+26  197  18710.7
1.79172e+26  198  18710.7
1.79172e+26  199  18710.7
1.79172e+26  200  18710.7
1.79172e+26  201  18710.7
1.79172e+26  202  18710.7
1.79172e+26  203  18710.7
1.79172e+26  204  18710.7
8.9586e+25  205  18710.7
8.9586e+25  206  18710.7
8.9586e+25  207  18710.7
8.9586e+25  208  18710.7
8.9586e+25  209  18710.7
8.9586e+25  210  18710.7
8.9586e+25  211  18710.7
8.9586e+25  212  18710.7
8.9586e+25  213  18710.7
8.9586e+25  214  18710.7
8.9586e+25  215  18710.7
8.9586e+25  216  18710.7
8.9586e+25  217  18710.7
8.9586e+25  218  18710.7
8.9586e+25  219  18710.7
8.9586e+25  220  18710.7
8.9586e+25  221  18710.7
8.9586e+25  222  18710.7
8.9586e+25  223  18710.7
8.9586e+25  224  18710.7
8.9586e+25  225  18710.7
8.9586e+25  226  18710.7
8.9586e+25  227  18710.7
8.9586e+25  228  18710.7
8.9586e+25  229  18710.7
8.9586e+25  230  18710.7
8.9586e+25  231  18710.7
8.9586e+25  232  18710.7
8.9586e+25  233  18710.7
8.9586e+25  234  18710.7
8.9586e+25  235  18710.7
8.9586e+25  236  18710.7
8.9586e+25  237  18710.7
8.9586e+25  238  18710.7
8.9586e+25  239  18710.7
8.9586e+25  240  18710.7
8.9586e+25  241  18710.7
8.9586e+25  242  18710.7
8.9586e+25  243  18710.7
8.9586e+25  244  18710.7
8.9586e+25  245  18710.7
8.9586e+25  246  18710.7
8.9586e+25  247  18710.7
8.9586e+25  248  18710.7
8.9586e+25  249  18710.7
8.9586e+25  250  18710.7
8.9586e+25  251  18710.7
8.9586e+25  252  18710.7
8.9586e+25  253  18710.7
8.9586e+25  254  18710.7
8.9586e+25  255  18710.7
8.9586e+25  256  18710.7
8.9586e+25  257  18710.7
8.9586e+25  258  18710.7
8.9586e+25  259  18710.7
8.9586e+25  260  18710.7
8.9586e+25  261  18710.7
8.9586e+25  262  18710.7
8.9586e+25  263  18710.7
8.9586e+25  264  18710.7
8.9586e+25  265  18710.7
8.9586e+25  266  18710.7
8.9586e+25  267  18710.7
8.9586e+25  268  18710.7
8.9586e+25  269  18710.7
8.9586e+25  270  18710.7
8.9586e+25  271  18710.7
8.9586e+25  272  18710.7
8.9586e+25  273  18710.7
8.9586e+25  274  18710.7
8.9586e+25  275  18710.7
8.9586e+25  276  18710.7
8.9586e+25  277  18710.7
8.9586e+25  278  18710.7
8.9586e+25  279  18710.7
8.9586e+25  280  18710.7
8.9586e+25  281  18710.7
8.9586e+25  282  18710.7
8.9586e+25  283  18710.7
8.9586e+25  284  18710.7
8.9586e+25  285  18710.7
8.9586e+25  286  18710.7
8.9586e+25  287  18710.7
8.9586e+25  288  18710.7
8.9586e+25  289  18710.7
8.9586e+25  290  18710.7
8.9586e+25  291  18710.7
8.9586e+25  292  18710.7
8.9586e+25  293  18710.7
8.9586e+25  294  18710.7
8.9586e+25  295  18710.7
8.9586e+25  296  18710.7
8.9586e+25  297  18710.7
8.9586e+25  298  18710.7
8.9586e+25  299  18710.7
8.9586e+25  300  18710.7
8.9586e+25  301  18710.7
8.9586e+25  302  18710.7
8.9586e+25  303  18710.7
8.9586e+25  304  18710.7
8.9586e+25  305  18710.7
8.9586e+25  306  18710.7
8.9586e+25  307  18710.7
8.9586e+25  308  18710.7
8.9586e+25  309  18710.7
8.9586e+25  310  18710.7
8.9586e+25  311  18710.7
8.9586e+25  312  18710.7
8.9586e+25  313  18710.7
8.9586e+25  314  18710.7
8.9586e+25  315  18710.7
8.9586e+25  316  18710.7
8.9586e+25  317  18710.7
8.9586e+25  318  18710.7
8.9586e+25  319  18710.7
8.9586e+25  320  18710.7
8.9586e+25  321  18710.7
8.9586e+25  322  18710.7
8.9586e+25  323  18710.7
8.9586e+25  324  18710.7
8.9586e+25  325  18710.7
8.9586e+25  326  18710.7
8.9586e+25  327  18710.7
8.9586e+25  328  18710.7
8.9586e+25  329  18710.7
8.9586e+25  330  18710.7
8.9586e+25  331  18710.7
8.9586e+25  332  18710.7
8.9586e+25  333  18710.7
8.9586e+25  334  18710.7
8.9586e+25  335  18710.7
8.9586e+25  336  18710.7
8.9586e+25  337  18710.7
8.9586e+25  338  18710.7
8.9586e+25  339  18710.7
8.9586e+25  340  18710.7
8.9586e+25  341  18710.7
8.9586e+25  342  18710.7
8.9586e+25  343  18710.7
8.9586e+25  344  18710.7
8.9586e+25  345  18710.7
8.9586e+25  346  18710.7
8.9586e+25  347  18710.7
8.9586e+25  348  18710.7
8.9586e+25  349  18710.7
8.9586e+25  350  18710.7
8.9586e+25  351  18710.7
8.9586e+25  352  18710.7
8.9586e+25  353  18710.7
8.9586e+25  354  18710.7
8.9586e+25  355  18710.7
8.9586e+25  356  18710.7
8.9586e+25  357  18710.7
8.9586e+25  358  18710.7
8.9586e+25  359  18710.7
8.9586e+25  360  18710.7
8.9586e+25  361  18710.7
8.9586e+25  362  18710.7
8.9586e+25  363  18710.7
8.9586e+25  364  18710.7
8.9586e+25  365  18710.7
8.9586e+25  366  18710.7
8.9586e+25  367  18710.7
8.9586e+25  368  18710.7
8.9586e+25  369  18710.7
8.9586e+25  370  18710.7
8.9586e+25  371  18710.7
8.9586e+25  372  18710.7
8.9586e+25  373  18710.7
8.9586e+25  374  18710.7
8.9586e+25  375  18710.7
8.9586e+25  376  18710.7
8.9586e+25  377  18710.7
8.9586e+25  378  18710.7
8.9586e+25  379  18710.7
8.9586e+25  380  18710.7
8.9586e+25  381  18710.7
8.9586e+25  382  18710.7
8.9586e+25  383  18710.7
8.9586e+25  384  18710.7
8.9586e+25  385  18710.7
8.9586e+25  386  18710.7
8.9586e+25  387  18710.7
8.9586e+25  388  18710.7
8.9586e+25  389  18710.7
8.9586e+25  390  18710.7
8.9586e+25  391  18710.7
8.9586e+25  392  18710.7
8.9586e+25  393  18710.7
8.9586e+25  394  18710.7
8.9586e+25  395  18710.7
8.9586e+25  396  18710.7
8.9586e+25  397  18710.7
8.9586e+25  398  18710.7
8.9586e+25  399  18710.7
8.9586e+25  400  18710.7
8.9586e+25  401  18710.7
8.9586e+25  402  18710.7
8.9586e+25  403  18710.7
8.9586e+25  404  18710.7
8.9586e+25  405  18710.7
8.9586e+25  406  18710.7
8.9586e+25  407  18710.7
8.9586e+25  408  18710.7
8.9586e+25  409  18710.7
8.9586e+25  410  18710.7
8.9586e+25  411  18710.7
8.9586e+25  412  18710.7
8.9586e+25  413  18710.7
8.9586e+25  414  18710.7
8.9586e+25  415  18710.7
8.9586e+25  416  18710.7
8.9586e+25  417  18710.7
8.9586e+25  418  18710.7
8.9586e+25  419  18710.7
8.9586e+25  420  18710.7
8.9586e+25  421  18710.7
8.9586e+25  422  18710.7
8.9586e+25  423  18710.7
8.9586e+25  424  18710.7
8.9586e+25  425  18710.7
8.9586e+25  426  18710.7
8.9586e+25  427  18710.7
8.9586e+25  428  18710.7
8.9586e+25  429  18710.7
8.9586e+25  430  18710.7
8.9586e+25  431  18710.7
8.9586e+25  432  18710.7
8.9586e+25  433  18710.7
8.9586e+25  434  18710.7
8.9586e+25  435  18710.7
8.9586e+25  436  18710.7
8.9586e+25  437  18710.7
8.9586e+25  438  18710.7
8.9586e+25  439  18710.7
8.9586e+25  440  18710.7
8.9586e+25  441  18710.7
8.9586e+25  442  18710.7
8.9586e+25  443  18710.7
8.9586e+25  444  18710.7
8.9586e+25  445  18710.7
8.9586e+25  446  18710.7
8.9586e+25  447  18710.7
8.9586e+25  448  18710.7
8.9586e+25  449  18710.7
8.9586e+25  450  18710.7
8.9586e+25  451  18710.7
8.9586e+25  452  18710.7
8.9586e+25  453  18710.7
8.9586e+25  454  18710.7
8.9586e+25  455  18710.7
8.9586e+25  456  18710.7
8.9586e+25  457  18710.7
8.9586e+25  458  18710.7
8.9586e+25  459  18710.7
8.9586e+25  460  18710.7
8.9586e+25  461  18710.7
8.9586e+25  462  18710.7
8.9586e+25  463  18710.7
8.9586e+25  464  18710.7
8.9586e+25  465  18710.7
8.9586e+25  466  18710.7
8.9586e+25  467  18710.7
8.9586e+25  468  18710.7
8.9586e+25  469  18710.7
8.9586e+25  470  18710.7
8.9586e+25  471  18710.7
8.9586e+25  472  18710.7
8.9586e+25  473  18710.7
8.9586e+25  474  18710.7
8.9586e+25  475  18710.7
8.9586e+25  476  18710.7
8.9586e+25  477  18710.7
8.9586e+25  478  18710.7
8.9586e+25  479  18710.7
8.9586e+25  480  18710.7
8.9586e+25  481  18710.7
8.9586e+25  482  18710.7
8.9586e+25  483  18710.7
8.9586e+25  484  18710.7
8.9586e+25  485  18710.7
8.9586e+25  486  18710.7
8.9586e+25  487  18710.7
8.9586e+25  488  18710.7
8.9586e+25  489  18710.7
8.9586e+25  490  18710.7
8.9586e+25  491  18710.7
8.9586e+25  492  18710.7
8.9586e+25  493  18710.7
8.9586e+25  494  18710.7
8.9586e+25  495  18710.7
8.9586e+25  496  18710.7
8.9586e+25  497  18710.7
8.9586e+25  498  18710.7
8.9586e+25  499  18710.7
8.9586e+25  500  18710.7
8.9586e+25  501  18710.7
8.9586e+25  502  18710.7
8.9586e+25  503  18710.7
8.9586e+25  504  18710.7
8.9586e+25  505  18710.7
8.9586e+25  506  18710.7
8.9586e+25  507  18710.7
8.9586e+25  508  18710.7
8.9586e+25  509  18710.7
8.9586e+25  510  18710.7
8.9586e+25  511  18710.7
8.9586e+25  512  18710.7
8.9586e+25  513  18710.7
8.9586e+25  514  18710.7
8.9586e+25  515  18710.7
8.9586e+25  516  18710.7
8.9586e+25  517  18710.7
8.9586e+25  518  18710.7
8.9586e+25  519  18710.7
8.9586e+25  520  18710.7
8.9586e+25  521  18710.7
8.9586e+25  522  18710.7
8.9586e+25  523  18710.7
8.9586e+25  524  18710.7
8.9586e+25  525  18710.7
8.9586e+25  526  18710.7
8.9586e+25  527  18710.7
8.9586e+25  528  18710.7
8.9586e+25  529  18710.7
8.9586e+25  530  18710.7
8.9586e+25  531  18710.7
8.9586e+25  532  18710.7
8.9586e+25  533  18710.7
8.9586e+25  534  18710.7
8.9586e+25  535  18710.7
8.9586e+25  536  18710.7
8.9586e+25  537  18710.7
8.9586e+25  538  18710.7
8.9586e+25  539  18710.7
8.9586e+25  540  18710.7
8.9586e+25  541  18710.7
8.9586e+25  542  18710.7
8.9586e+25  543  18710.7
8.9586e+25  544  18710.7
8.9586e+25  545  18710.7
8.9586e+25  546  18710.7
8.9586e+25  547  18710.7
8.9586e+25  548  18710.7
8.9586e+25  549  18710.7
8.9586e+25  550  18710.7
8.9586e+25  551  18710.7
8.9586e+25  552  18710.7
8.9586e+25  553  18710.7
8.9586e+25  554  18710.7
8.9586e+25  555  18710.7
8.9586e+25  556  18710.7
8.9586e+25  557  18710.7
8.9586e+25  558  18710.7
8.9586e+25  559  18710.7
8.9586e+25  560  18710.7
8.9586e+25  561  18710.7
8.9586e+25  562  18710.7
8.9586e+25  563  18710.7
8.9586e+25  564  18710.7
8.9586e+25  565  18710.7
8.9586e+25  566  18710.7
8.9586e+25  567  18710.7
8.9586e+25  568  18710.7
8.9586e+25  569  18710.7
8.9586e+25  570  18710.7
8.9586e+25  571  18710.7
8.9586e+25  572  18710.7
8.9586e+25  573  18710.7
8.9586e+25  574  18710.7
8.9586e+25  575  18710.7
8.9586e+25  576  18710.7
8.9586e+25  577  18710.7
8.9586e+25  578  18710.7
8.9586e+25  579  18710.7
8.9586e+25  580  18710.7
8.9586e+25  581  18710.7
8.9586e+25  582  18710.7
8.9586e+25  583  18710.7
8.9586e+25  584  18710.7
8.9586e+25  585  18710.7
8.9586e+25  586  18710.7
8.9586e+25  587  18710.7
8.9586e+25  588  18710.7
8.9586e+25  589  18710.7
8.9586e+25  590  18710.7
8.9586e+25  591  18710.7
8.9586e+25  592  18710.7
8.9586e+25  593  18710.7
8.9586e+25  594  18710.7
8.9586e+25  595  18710.7
8.9586e+25  596  18710.7
8.9586e+25  597  18710.7
8.9586e+25  598  18710.7
