1.61255e+27  1  29516.9
1.2542e+27  2  29516.9
1.16462e+27  3  29516.9
1.07503e+27  4  29516.9
8.9586e+26  5  29516.9
8.9586e+26  6  29516.9
8.9586e+26  7  29516.9
8.9586e+26  8  29516.9
8.06274e+26  9  29516.9
7.16688e+26  10  29516.9
7.16688e+26  11  29516.9
7.16688e+26  12  29516.9
7.16688e+26  13  29516.9
7.16688e+26  14  29516.9
6.27102e+26  15  29516.9
6.27102e+26  16  29516.9
6.27102e+26  17  29516.9
6.27102e+26  18  29516.9
6.27102e+26  19  29516.9
6.27102e+26  20  29516.9
5.37516e+26  21  29516.9
5.37516e+26  22  29516.9
5.37516e+26  23  29516.9
5.37516e+26  24  29516.9
5.37516e+26  25  29516.9
5.37516e+26  26  29516.9
4.4793e+26  27  29516.9
4.4793e+26  28  29516.9
4.4793e+26  29  29516.9
4.4793e+26  30  29516.9
4.4793e+26  31  29516.9
4.4793e+26  32  29516.9
4.4793e+26  33  29516.9
4.4793e+26  34  29516.9
4.4793e+26  35  29516.9
4.4793e+26  36  29516.9
4.4793e+26  37  29516.9
4.4793e+26  38  29516.9
4.4793e+26  39  29516.9
4.4793e+26  40  29516.9
4.4793e+26  41  29516.9
4.4793e+26  42  29516.9
4.4793e+26  43  29516.9
4.4793e+26  44  29516.9
4.4793e+26  45  29516.9
4.4793e+26  46  29516.9
4.4793e+26  47  29516.9
4.4793e+26  48  29516.9
3.58344e+26  49  29516.9
3.58344e+26  50  29516.9
3.58344e+26  51  29516.9
3.58344e+26  52  29516.9
3.58344e+26  53  29516.9
3.58344e+26  54  29516.9
3.58344e+26  55  29516.9
3.58344e+26  56  29516.9
3.58344e+26  57  29516.9
3.58344e+26  58  29516.9
3.58344e+26  59  29516.9
3.58344e+26  60  29516.9
3.58344e+26  61  29516.9
3.58344e+26  62  29516.9
3.58344e+26  63  29516.9
3.58344e+26  64  29516.9
3.58344e+26  65  29516.9
3.58344e+26  66  29516.9
3.58344e+26  67  29516.9
3.58344e+26  68  29516.9
3.58344e+26  69  29516.9
3.58344e+26  70  29516.9
3.58344e+26  71  29516.9
2.68758e+26  72  29516.9
2.68758e+26  73  29516.9
2.68758e+26  74  29516.9
2.68758e+26  75  29516.9
2.68758e+26  76  29516.9
2.68758e+26  77  29516.9
2.68758e+26  78  29516.9
2.68758e+26  79  29516.9
2.68758e+26  80  29516.9
2.68758e+26  81  29516.9
2.68758e+26  82  29516.9
2.68758e+26  83  29516.9
2.68758e+26  84  29516.9
2.68758e+26  85  29516.9
2.68758e+26  86  29516.9
2.68758e+26  87  29516.9
2.68758e+26  88  29516.9
2.68758e+26  89  29516.9
2.68758e+26  90  29516.9
2.68758e+26  91  29516.9
2.68758e+26  92  29516.9
2.68758e+26  93  29516.9
2.68758e+26  94  29516.9
2.68758e+26  95  29516.9
2.68758e+26  96  29516.9
2.68758e+26  97  29516.9
2.68758e+26  98  29516.9
2.68758e+26  99  29516.9
2.68758e+26  100  29516.9
2.68758e+26  101  29516.9
2.68758e+26  102  29516.9
2.68758e+26  103  29516.9
2.68758e+26  104  29516.9
1.79172e+26  105  29516.9
1.79172e+26  106  29516.9
1.79172e+26  107  29516.9
1.79172e+26  108  29516.9
1.79172e+26  109  29516.9
1.79172e+26  110  29516.9
1.79172e+26  111  29516.9
1.79172e+26  112  29516.9
1.79172e+26  113  29516.9
1.79172e+26  114  29516.9
1.79172e+26  115  29516.9
1.79172e+26  116  29516.9
1.79172e+26  117  29516.9
1.79172e+26  118  29516.9
1.79172e+26  119  29516.9
1.79172e+26  120  29516.9
1.79172e+26  121  29516.9
1.79172e+26  122  29516.9
1.79172e+26  123  29516.9
1.79172e+26  124  29516.9
1.79172e+26  125  29516.9
1.79172e+26  126  29516.9
1.79172e+26  127  29516.9
1.79172e+26  128  29516.9
1.79172e+26  129  29516.9
1.79172e+26  130  29516.9
1.79172e+26  131  29516.9
1.79172e+26  132  29516.9
1.79172e+26  133  29516.9
1.79172e+26  134  29516.9
1.79172e+26  135  29516.9
1.79172e+26  136  29516.9
1.79172e+26  137  29516.9
1.79172e+26  138  29516.9
1.79172e+26  139  29516.9
1.79172e+26  140  29516.9
1.79172e+26  141  29516.9
1.79172e+26  142  29516.9
1.79172e+26  143  29516.9
1.79172e+26  144  29516.9
1.79172e+26  145  29516.9
1.79172e+26  146  29516.9
1.79172e+26  147  29516.9
1.79172e+26  148  29516.9
1.79172e+26  149  29516.9
1.79172e+26  150  29516.9
1.79172e+26  151  29516.9
1.79172e+26  152  29516.9
1.79172e+26  153  29516.9
1.79172e+26  154  29516.9
1.79172e+26  155  29516.9
1.79172e+26  156  29516.9
1.79172e+26  157  29516.9
1.79172e+26  158  29516.9
1.79172e+26  159  29516.9
1.79172e+26  160  29516.9
1.79172e+26  161  29516.9
1.79172e+26  162  29516.9
1.79172e+26  163  29516.9
1.79172e+26  164  29516.9
1.79172e+26  165  29516.9
1.79172e+26  166  29516.9
1.79172e+26  167  29516.9
1.79172e+26  168  29516.9
1.79172e+26  169  29516.9
1.79172e+26  170  29516.9
1.79172e+26  171  29516.9
1.79172e+26  172  29516.9
1.79172e+26  173  29516.9
1.79172e+26  174  29516.9
1.79172e+26  175  29516.9
1.79172e+26  176  29516.9
1.79172e+26  177  29516.9
1.79172e+26  178  29516.9
1.79172e+26  179  29516.9
1.79172e+26  180  29516.9
1.79172e+26  181  29516.9
1.79172e+26  182  29516.9
1.79172e+26  183  29516.9
1.79172e+26  184  29516.9
1.79172e+26  185  29516.9
1.79172e+26  186  29516.9
1.79172e+26  187  29516.9
1.79172e+26  188  29516.9
1.79172e+26  189  29516.9
1.79172e+26  190  29516.9
1.79172e+26  191  29516.9
1.79172e+26  192  29516.9
1.79172e+26  193  29516.9
8.9586e+25  194  29516.9
8.9586e+25  195  29516.9
8.9586e+25  196  29516.9
8.9586e+25  197  29516.9
8.9586e+25  198  29516.9
8.9586e+25  199  29516.9
8.9586e+25  200  29516.9
8.9586e+25  201  29516.9
8.9586e+25  202  29516.9
8.9586e+25  203  29516.9
8.9586e+25  204  29516.9
8.9586e+25  205  29516.9
8.9586e+25  206  29516.9
8.9586e+25  207  29516.9
8.9586e+25  208  29516.9
8.9586e+25  209  29516.9
8.9586e+25  210  29516.9
8.9586e+25  211  29516.9
8.9586e+25  212  29516.9
8.9586e+25  213  29516.9
8.9586e+25  214  29516.9
8.9586e+25  215  29516.9
8.9586e+25  216  29516.9
8.9586e+25  217  29516.9
8.9586e+25  218  29516.9
8.9586e+25  219  29516.9
8.9586e+25  220  29516.9
8.9586e+25  221  29516.9
8.9586e+25  222  29516.9
8.9586e+25  223  29516.9
8.9586e+25  224  29516.9
8.9586e+25  225  29516.9
8.9586e+25  226  29516.9
8.9586e+25  227  29516.9
8.9586e+25  228  29516.9
8.9586e+25  229  29516.9
8.9586e+25  230  29516.9
8.9586e+25  231  29516.9
8.9586e+25  232  29516.9
8.9586e+25  233  29516.9
8.9586e+25  234  29516.9
8.9586e+25  235  29516.9
8.9586e+25  236  29516.9
8.9586e+25  237  29516.9
8.9586e+25  238  29516.9
8.9586e+25  239  29516.9
8.9586e+25  240  29516.9
8.9586e+25  241  29516.9
8.9586e+25  242  29516.9
8.9586e+25  243  29516.9
8.9586e+25  244  29516.9
8.9586e+25  245  29516.9
8.9586e+25  246  29516.9
8.9586e+25  247  29516.9
8.9586e+25  248  29516.9
8.9586e+25  249  29516.9
8.9586e+25  250  29516.9
8.9586e+25  251  29516.9
8.9586e+25  252  29516.9
8.9586e+25  253  29516.9
8.9586e+25  254  29516.9
8.9586e+25  255  29516.9
8.9586e+25  256  29516.9
8.9586e+25  257  29516.9
8.9586e+25  258  29516.9
8.9586e+25  259  29516.9
8.9586e+25  260  29516.9
8.9586e+25  261  29516.9
8.9586e+25  262  29516.9
8.9586e+25  263  29516.9
8.9586e+25  264  29516.9
8.9586e+25  265  29516.9
8.9586e+25  266  29516.9
8.9586e+25  267  29516.9
8.9586e+25  268  29516.9
8.9586e+25  269  29516.9
8.9586e+25  270  29516.9
8.9586e+25  271  29516.9
8.9586e+25  272  29516.9
8.9586e+25  273  29516.9
8.9586e+25  274  29516.9
8.9586e+25  275  29516.9
8.9586e+25  276  29516.9
8.9586e+25  277  29516.9
8.9586e+25  278  29516.9
8.9586e+25  279  29516.9
8.9586e+25  280  29516.9
8.9586e+25  281  29516.9
8.9586e+25  282  29516.9
8.9586e+25  283  29516.9
8.9586e+25  284  29516.9
8.9586e+25  285  29516.9
8.9586e+25  286  29516.9
8.9586e+25  287  29516.9
8.9586e+25  288  29516.9
8.9586e+25  289  29516.9
8.9586e+25  290  29516.9
8.9586e+25  291  29516.9
8.9586e+25  292  29516.9
8.9586e+25  293  29516.9
8.9586e+25  294  29516.9
8.9586e+25  295  29516.9
8.9586e+25  296  29516.9
8.9586e+25  297  29516.9
8.9586e+25  298  29516.9
8.9586e+25  299  29516.9
8.9586e+25  300  29516.9
8.9586e+25  301  29516.9
8.9586e+25  302  29516.9
8.9586e+25  303  29516.9
8.9586e+25  304  29516.9
8.9586e+25  305  29516.9
8.9586e+25  306  29516.9
8.9586e+25  307  29516.9
8.9586e+25  308  29516.9
8.9586e+25  309  29516.9
8.9586e+25  310  29516.9
8.9586e+25  311  29516.9
8.9586e+25  312  29516.9
8.9586e+25  313  29516.9
8.9586e+25  314  29516.9
8.9586e+25  315  29516.9
8.9586e+25  316  29516.9
8.9586e+25  317  29516.9
8.9586e+25  318  29516.9
8.9586e+25  319  29516.9
8.9586e+25  320  29516.9
8.9586e+25  321  29516.9
8.9586e+25  322  29516.9
8.9586e+25  323  29516.9
8.9586e+25  324  29516.9
8.9586e+25  325  29516.9
8.9586e+25  326  29516.9
8.9586e+25  327  29516.9
8.9586e+25  328  29516.9
8.9586e+25  329  29516.9
8.9586e+25  330  29516.9
8.9586e+25  331  29516.9
8.9586e+25  332  29516.9
8.9586e+25  333  29516.9
8.9586e+25  334  29516.9
8.9586e+25  335  29516.9
8.9586e+25  336  29516.9
8.9586e+25  337  29516.9
8.9586e+25  338  29516.9
8.9586e+25  339  29516.9
8.9586e+25  340  29516.9
8.9586e+25  341  29516.9
8.9586e+25  342  29516.9
8.9586e+25  343  29516.9
8.9586e+25  344  29516.9
8.9586e+25  345  29516.9
8.9586e+25  346  29516.9
8.9586e+25  347  29516.9
8.9586e+25  348  29516.9
8.9586e+25  349  29516.9
8.9586e+25  350  29516.9
8.9586e+25  351  29516.9
8.9586e+25  352  29516.9
8.9586e+25  353  29516.9
8.9586e+25  354  29516.9
8.9586e+25  355  29516.9
8.9586e+25  356  29516.9
8.9586e+25  357  29516.9
8.9586e+25  358  29516.9
8.9586e+25  359  29516.9
8.9586e+25  360  29516.9
8.9586e+25  361  29516.9
8.9586e+25  362  29516.9
8.9586e+25  363  29516.9
8.9586e+25  364  29516.9
8.9586e+25  365  29516.9
8.9586e+25  366  29516.9
8.9586e+25  367  29516.9
8.9586e+25  368  29516.9
8.9586e+25  369  29516.9
8.9586e+25  370  29516.9
8.9586e+25  371  29516.9
8.9586e+25  372  29516.9
8.9586e+25  373  29516.9
8.9586e+25  374  29516.9
8.9586e+25  375  29516.9
8.9586e+25  376  29516.9
8.9586e+25  377  29516.9
8.9586e+25  378  29516.9
8.9586e+25  379  29516.9
8.9586e+25  380  29516.9
8.9586e+25  381  29516.9
8.9586e+25  382  29516.9
8.9586e+25  383  29516.9
8.9586e+25  384  29516.9
8.9586e+25  385  29516.9
8.9586e+25  386  29516.9
8.9586e+25  387  29516.9
8.9586e+25  388  29516.9
8.9586e+25  389  29516.9
8.9586e+25  390  29516.9
8.9586e+25  391  29516.9
8.9586e+25  392  29516.9
8.9586e+25  393  29516.9
8.9586e+25  394  29516.9
8.9586e+25  395  29516.9
8.9586e+25  396  29516.9
8.9586e+25  397  29516.9
8.9586e+25  398  29516.9
8.9586e+25  399  29516.9
8.9586e+25  400  29516.9
8.9586e+25  401  29516.9
8.9586e+25  402  29516.9
8.9586e+25  403  29516.9
8.9586e+25  404  29516.9
8.9586e+25  405  29516.9
8.9586e+25  406  29516.9
8.9586e+25  407  29516.9
8.9586e+25  408  29516.9
8.9586e+25  409  29516.9
8.9586e+25  410  29516.9
8.9586e+25  411  29516.9
8.9586e+25  412  29516.9
8.9586e+25  413  29516.9
8.9586e+25  414  29516.9
8.9586e+25  415  29516.9
8.9586e+25  416  29516.9
8.9586e+25  417  29516.9
8.9586e+25  418  29516.9
8.9586e+25  419  29516.9
8.9586e+25  420  29516.9
8.9586e+25  421  29516.9
8.9586e+25  422  29516.9
8.9586e+25  423  29516.9
8.9586e+25  424  29516.9
8.9586e+25  425  29516.9
8.9586e+25  426  29516.9
8.9586e+25  427  29516.9
8.9586e+25  428  29516.9
8.9586e+25  429  29516.9
8.9586e+25  430  29516.9
8.9586e+25  431  29516.9
8.9586e+25  432  29516.9
8.9586e+25  433  29516.9
8.9586e+25  434  29516.9
8.9586e+25  435  29516.9
8.9586e+25  436  29516.9
8.9586e+25  437  29516.9
8.9586e+25  438  29516.9
8.9586e+25  439  29516.9
8.9586e+25  440  29516.9
8.9586e+25  441  29516.9
8.9586e+25  442  29516.9
8.9586e+25  443  29516.9
8.9586e+25  444  29516.9
8.9586e+25  445  29516.9
8.9586e+25  446  29516.9
8.9586e+25  447  29516.9
8.9586e+25  448  29516.9
8.9586e+25  449  29516.9
8.9586e+25  450  29516.9
8.9586e+25  451  29516.9
8.9586e+25  452  29516.9
8.9586e+25  453  29516.9
8.9586e+25  454  29516.9
8.9586e+25  455  29516.9
8.9586e+25  456  29516.9
8.9586e+25  457  29516.9
8.9586e+25  458  29516.9
8.9586e+25  459  29516.9
8.9586e+25  460  29516.9
8.9586e+25  461  29516.9
8.9586e+25  462  29516.9
8.9586e+25  463  29516.9
