6.405187e+04
301
0	1	-0.000464467	-0.000306631	2.8938e-07	-2.54093e-10	-8.13101e-09	1.47688e-13
1	5.02765e-10	0.950563	0.344424	0.0013286	-0.343921	0.932453	0.000323
2	5.02765e-10	-0.765993	0.631232	0.00433655	-0.641414	-0.776087	-0.00298024
3	5.02765e-10	-0.452736	-0.9037	-0.00286166	0.885575	-0.449773	0.0010888
4	5.02765e-10	0.452142	-0.875387	0.000410475	0.898249	0.460398	-0.00507561
5	1.5083e-09	-0.459719	-0.876201	-5.7171e-05	0.892942	-0.465015	0.00302489
6	1.00553e-09	-0.807986	-0.617289	-0.00247612	0.599698	-0.787223	0.00273345
7	2.01106e-09	0.897824	0.424712	-0.000567659	-0.430908	0.910996	-0.00126676
8	1.00553e-09	-0.896623	-0.437554	-0.0034537	0.439738	-0.897083	-0.000324585
9	5.02765e-10	-0.770666	-0.650541	0.00165749	0.643819	-0.761083	0.00461653
10	1.5083e-09	0.220558	0.975202	0.00209086	-0.975721	0.212376	-0.000716267
11	5.02765e-10	0.73714	0.670671	0.00113037	-0.677788	0.741182	-0.00147484
12	5.02765e-10	-0.532246	-0.856467	0.000173544	0.850273	-0.522198	0.00334503
13	1.5083e-09	0.937764	-0.314073	-0.00136998	0.323211	0.952864	0.00120759
14	1.00553e-09	0.814934	-0.56529	-0.000231438	0.573433	0.822574	0.00205297
15	5.02765e-10	0.229776	0.9873	0.000148523	-0.96503	0.228144	0.00489179
16	5.02765e-10	-0.729592	-0.67734	-0.00133868	0.677193	-0.734639	-0.00180129
17	5.02765e-10	0.678869	-0.762146	-0.000412874	0.733091	0.660771	-0.00327279
18	1.5083e-09	0.104634	0.996365	0.00125419	-0.994268	0.102016	0.000868338
19	1.00553e-09	0.324046	0.938041	-0.00288133	-0.94884	0.329386	-0.000960343
20	5.02765e-10	0.73434	0.675161	0.000356646	-0.679969	0.737001	-0.000474163
21	5.02765e-10	0.989931	0.225988	-0.00430863	-0.228708	0.967213	0.00579378
22	5.02765e-10	0.585309	0.807327	-0.000422114	-0.808991	0.584951	-0.00173215
23	5.02765e-10	-1.0166	-0.0877569	0.00104115	0.0811014	-0.980747	0.000216742
24	1.5083e-09	0.354863	-0.958649	0.000495947	0.92497	0.347441	0.000588516
25	2.01106e-09	0.739273	0.671284	0.000183495	-0.675229	0.741359	0.00135332
26	5.02765e-10	-0.731873	-0.652549	0.0012981	0.67151	-0.753897	-0.00139839
27	1.00553e-09	0.446358	0.870998	-0.00133921	-0.900778	0.462506	0.00175141
28	5.02765e-10	0.309388	-0.947271	0.000533994	0.947918	0.315916	0.00215203
29	4.02212e-09	-0.740111	0.68999	0.00101666	-0.676126	-0.72974	0.00135067
30	5.02765e-10	0.527956	0.882882	0.0013719	-0.842464	0.507476	-0.00101068
31	5.02765e-10	-0.576838	0.827708	-0.00441425	-0.817393	-0.56726	-0.00456467
32	5.02765e-10	0.402662	0.940367	0.00127908	-0.910165	0.386981	0.000775234
33	5.02765e-10	0.7875	-0.637607	-0.00432614	0.625459	0.775899	-2.98425e-05
34	5.02765e-10	-0.543051	-0.847164	-0.00262139	0.835488	-0.536199	0.00132963
35	5.02765e-10	-0.76778	0.66421	-0.000751638	-0.647311	-0.748964	-0.00410918
36	1.00553e-09	0.591785	-0.788882	0.000728667	0.80345	0.604175	0.0019395
37	5.02765e-10	-0.992823	0.0874285	-0.00285652	-0.0819254	-0.998998	0.00252882
38	5.02765e-10	-0.753519	0.665497	0.00170475	-0.654299	-0.750751	0.00246002
39	5.02765e-10	-0.308299	-0.958752	0.00176236	0.955114	-0.303326	0.00199611
40	1.00553e-09	0.44375	0.89696	-0.00168418	-0.894809	0.443193	-0.00105514
41	5.02765e-10	-0.2869	0.948453	0.000544542	-0.959927	-0.301236	0.00241866
42	1.00553e-09	0.646449	0.764845	0.000665571	-0.760636	0.644307	0.00294349
43	3.51936e-09	-0.695951	0.700908	5.846e-05	-0.715592	-0.709498	0.00158925
44	5.02765e-10	-0.311579	0.944441	0.00069181	-0.948073	-0.309392	-0.00330041
45	5.02765e-10	-0.715906	0.672324	0.000609825	-0.692818	-0.737469	0.00211329
46	5.02765e-10	0.185274	-1.00817	-0.00113515	0.971264	0.186098	0.00235009
47	5.02765e-09	-0.0559218	-1.01479	0.000543613	0.990694	-0.0539465	0.000379842
48	5.02765e-10	0.982196	0.00786089	0.000484938	-0.0175728	1.01278	0.000174855
49	2.01106e-09	0.597288	0.789799	-0.00111273	-0.802608	0.603597	-0.000995349
50	5.02765e-10	-0.97074	-0.336014	0.00145781	0.319324	-0.931981	-0.00086363
51	5.02765e-10	-0.967198	0.0365039	0.00129091	-0.0310184	-1.01774	-0.00236702
52	1.00553e-09	-0.0361346	0.9864	0.00236458	-1.00576	-0.0383157	0.00234838
53	1.00553e-09	-0.276023	0.963717	0.000655364	-0.961294	-0.273459	0.00216258
54	1.00553e-09	0.159313	0.970875	0.00193543	-0.995095	0.164614	0.000369739
55	5.02765e-10	0.0823676	-1.00527	0.00682253	0.994084	0.0891416	0.000764563
56	5.02765e-10	-0.148869	0.997949	-0.00276346	-0.986214	-0.140248	0.0036986
57	1.5083e-09	-0.652458	0.759704	-0.000496491	-0.752908	-0.654518	-0.00236151
58	5.02765e-10	-0.928013	0.289527	-0.000625433	-0.302506	-0.972099	0.00112636
59	5.02765e-10	0.472236	0.905571	0.00335244	-0.875919	0.458975	-0.00341554
60	1.00553e-09	-0.873271	0.479515	0.00122561	-0.479461	-0.881915	-0.00431641
61	5.02765e-10	0.635074	0.777138	-0.00291531	-0.784003	0.621717	0.0023144
62	5.02765e-10	0.711141	-0.717269	0.000423982	0.702017	0.707925	0.000917752
63	5.02765e-10	0.949987	0.283366	-0.00236561	-0.288844	0.961972	0.00469242
64	5.02765e-10	-0.948844	-0.295067	0.000292424	0.29688	-0.95969	-0.000465278
65	5.02765e-10	1.00873	0.0197659	-0.000824831	-0.0280301	0.993191	-0.00255318
66	5.02765e-10	0.164045	-1.00793	0.000351627	0.979318	0.153147	0.00363043
67	5.02765e-10	-0.358462	0.922009	-0.000239918	-0.938913	-0.365801	0.00240968
68	5.02765e-10	-1.00283	0.164984	-4.11397e-05	-0.16882	-0.976685	-0.00189543
69	1.00553e-09	-0.422443	-0.876709	-0.00149852	0.912634	-0.444142	0.00175786
70	1.00553e-09	-0.96425	0.277359	-0.000283431	-0.280281	-0.95512	0.00283509
71	5.02765e-10	0.157794	-0.997294	-0.00789983	0.979678	0.170476	-0.00408286
72	5.02765e-10	-0.427798	-0.904987	-0.00285433	0.908249	-0.421593	0.000976067
73	5.02765e-10	0.814876	-0.539284	0.000785622	0.556481	0.848476	-0.000248177
74	1.00553e-09	-0.977473	-0.166662	0.000467918	0.171037	-0.991466	0.00248638
75	5.02765e-10	0.674306	0.75969	-0.00690598	-0.742738	0.656403	-0.00514786
76	5.02765e-10	0.469034	-0.918119	-0.00277626	0.872502	0.434177	-0.00453636
77	5.02765e-10	0.117334	1.02456	-0.0014927	-0.975892	0.113393	-0.00146805
78	5.02765e-10	-0.976301	0.172401	0.00454113	-0.182326	-0.987711	-0.000146655
79	1.00553e-09	-0.152249	0.975055	0.0024826	-0.996697	-0.152597	0.00220026
80	5.02765e-10	0.984854	-0.131712	0.00154214	0.137847	0.995786	-0.001281
81	5.02765e-10	0.772877	0.589054	-0.00610132	-0.61588	0.815925	-0.00743878
82	1.5083e-09	-0.848798	-0.537433	0.00175064	0.534054	-0.843428	-0.00295692
83	5.02765e-10	0.972637	-0.141276	0.00201231	0.140747	0.998126	0.00451457
84	5.02765e-10	0.0684412	-1.00042	-0.00513929	0.998585	0.060509	-0.00252687
85	5.02765e-10	0.332201	0.932198	0.00163393	-0.947991	0.336361	0.000162365
86	5.02765e-10	-0.809518	-0.588431	0.00314022	0.591133	-0.809805	0.000818678
87	5.02765e-10	-0.812586	-0.588449	-0.000737265	0.592713	-0.804303	-0.00154353
88	5.02765e-10	-0.157353	0.98614	-7.07749e-05	-0.98427	-0.163227	-0.00863712
89	2.01106e-09	-0.697786	0.695737	0.001893	-0.708208	-0.714651	0.000529651
90	5.02765e-10	0.53536	-0.817831	0.00142899	0.843976	0.554968	0.00226376
91	5.02765e-10	0.841274	-0.53977	-0.00230173	0.536691	0.850877	-0.00275361
92	5.02765e-10	0.417916	0.898004	-0.00114573	-0.908002	0.425209	0.00401017
93	1.00553e-09	0.581406	0.793937	0.00111724	-0.816889	0.592108	0.000207169
94	5.02765e-10	0.750825	0.645939	0.00217674	-0.655923	0.759988	-0.00201622
95	5.02765e-10	-0.212792	0.965022	0.0013959	-0.984024	-0.213991	0.00144126
96	5.02765e-10	1.00194	0.0133822	0.00273647	-0.00680182	1.00096	0.00588994
97	5.02765e-10	-0.502181	0.837585	0.00297237	-0.871493	-0.521004	0.00507024
98	5.02765e-10	0.153806	-1.00548	0.00277711	0.973691	0.152489	-0.000836344
99	5.02765e-10	-0.788973	-0.662001	0.0019826	0.636062	-0.751969	0.00162928
100	5.02765e-10	-0.937568	-0.386269	-0.0041752	0.374716	-0.918177	-0.00285268
101	5.02765e-10	-1.00096	0.271231	0.000125539	-0.266757	-0.941961	-0.00105924
102	5.02765e-10	0.512227	-0.863075	-0.000892802	0.863494	0.504225	-0.00277347
103	5.02765e-10	0.967726	-0.208956	-4.59567e-05	0.210389	0.986551	0.00147042
104	5.02765e-10	-0.357108	0.9226	-0.00205983	-0.934983	-0.369853	0.00455462
105	5.02765e-10	-0.743757	0.648269	0.00108456	-0.666057	-0.759248	-0.000194865
106	2.51383e-09	0.9942	0.0354346	-0.00134647	-0.0314775	1.00465	-0.001564
107	1.5083e-09	0.924192	-0.355303	-0.000211182	0.359187	0.939897	-0.00244768
108	5.02765e-10	1.00915	0.172003	0.000250313	-0.169537	0.972467	-0.00393085
109	5.02765e-10	0.732843	0.681852	0.000160721	-0.668269	0.736464	-0.00662651
110	5.02765e-10	-0.582049	-0.799776	0.00203013	0.810851	-0.586503	-0.00147335
111	5.02765e-10	0.87209	-0.510594	0.00260939	0.505346	0.856963	0.00158397
112	1.00553e-09	0.915754	-0.365388	-0.0015186	0.369102	0.936247	-0.00150552
113	5.02765e-10	0.0772161	-1.00055	0.00158101	0.994588	0.0764888	8.75791e-05
114	5.02765e-10	-0.68606	-0.747939	0.000449804	0.733326	-0.667881	0.00248953
115	5.02765e-10	-0.795976	-0.628622	-0.00134223	0.615797	-0.779694	0.00162314
116	5.02765e-10	0.544878	-0.849859	0.00466428	0.83675	0.542487	0.000774805
117	5.02765e-10	0.00236804	-0.973232	-0.000153695	1.0163	0.00474611	0.000765481
118	5.02765e-10	1.00614	-0.0966372	0.00755435	0.0978902	0.98892	0.00100773
119	5.02765e-10	0.634985	0.786995	-0.00165394	-0.770734	0.625849	0.00108566
120	1.00553e-09	0.410749	-0.943393	-0.000877964	0.901313	0.396602	0.0020874
121	5.02765e-10	0.848022	0.519059	-0.00287875	-0.522638	0.849912	-0.00176084
122	1.00553e-09	0.249408	-0.993311	0.000931497	0.956914	0.231657	-0.00212054
123	1.00553e-09	0.256898	-0.961501	-0.000171789	0.967125	0.250481	-0.0030841
124	5.02765e-10	0.759959	0.650412	0.000346521	-0.652155	0.75504	0.0015004
125	5.02765e-10	-0.100823	1.00025	-0.000465359	-0.990292	-0.0983107	2.09723e-05
126	5.02765e-10	0.815562	0.609135	0.00301539	-0.603279	0.782203	-5.31008e-05
127	5.02765e-10	-0.612693	0.746881	-0.00207853	-0.799916	-0.629799	-0.000569375
128	5.02765e-10	0.601772	-0.802455	-0.00359534	0.794271	0.606135	-0.00137165
129	5.02765e-10	-0.0694374	1.00409	0.00222586	-0.997138	-0.0673361	-0.003524
130	5.02765e-10	0.723822	-0.676541	0.00266162	0.683048	0.73573	-0.00253909
131	5.02765e-10	0.356632	-0.914059	0.00188456	0.941337	0.360856	-0.00417481
132	5.02765e-10	-0.465117	-0.858246	0.00333972	0.889039	-0.489874	-0.00253573
133	5.02765e-10	-0.820822	-0.587952	-0.00311464	0.581731	-0.805754	-0.00240803
134	5.02765e-10	-0.538451	0.862596	0.000272714	-0.842742	-0.520118	-0.00266383
135	5.02765e-10	-0.733727	0.658726	-0.000669035	-0.673753	-0.747166	0.00354107
136	5.02765e-10	-0.555567	-0.822644	0.000971059	0.831128	-0.561114	0.000967398
137	5.02765e-10	-0.919749	0.405935	-0.0031939	-0.40104	-0.914686	0.000119917
138	5.02765e-10	0.873129	0.535819	0.00370868	-0.516681	0.842691	8.31085e-05
139	5.02765e-10	-0.960972	0.0789471	0.00233906	-0.0719895	-1.01713	9.04873e-05
140	5.02765e-10	0.718357	0.687663	0.0016741	-0.687098	0.724883	0.000156509
141	5.02765e-10	-1.00316	0.165115	-0.00239784	-0.161041	-0.979257	0.00225039
142	5.02765e-10	0.107079	-1.00757	0.00276547	0.990262	0.103284	-0.00191865
143	5.02765e-10	0.755132	0.654472	-0.000167037	-0.651898	0.760872	-0.000517851
144	5.02765e-10	-0.173061	-0.994502	-0.00255946	0.979314	-0.164155	-0.00146177
145	5.02765e-10	0.564201	0.866374	-0.00116888	-0.824254	0.533477	-0.00050041
146	5.02765e-10	0.605161	-0.82966	-0.000819588	0.800452	0.568062	-0.000346899
147	5.02765e-10	0.158405	0.987866	-0.00101475	-0.986891	0.15654	-0.000249452
148	5.02765e-10	0.851779	-0.499428	0.00350887	0.506852	0.866214	-0.000859758
149	5.02765e-10	-0.881863	0.500187	0.00188976	-0.494596	-0.861156	-0.00502096
150	5.02765e-10	-0.511365	-0.853256	0.00109848	0.86435	-0.509415	0.00112049
151	5.02765e-10	-0.203319	0.951173	0.00298087	-0.991877	-0.216913	-0.00117703
152	5.02765e-10	0.336427	-0.885209	-0.00329675	0.973394	0.349968	-0.000764969
153	5.02765e-10	-0.331317	-0.947328	0.0051596	0.943197	-0.331987	0.000195814
154	5.02765e-10	0.963363	0.251767	0.0028496	-0.240077	0.979164	-0.00537218
155	5.02765e-10	-0.950363	-0.390953	-0.000875501	0.369806	-0.912839	0.000405756
156	1.00553e-09	-0.849515	0.521617	0.00234638	-0.527827	-0.851088	-0.00257397
157	5.02765e-10	0.990522	0.129407	0.00967124	-0.117284	0.987644	0.000885134
158	5.02765e-10	-0.352963	-0.971791	0.000382534	0.918786	-0.340181	0.000331105
159	5.02765e-10	-0.668832	-0.704344	0.00225643	0.74321	-0.694774	-0.00215618
160	5.02765e-10	0.572215	-0.809407	-0.000969886	0.818124	0.585472	0.00378646
161	5.02765e-10	-0.555985	0.799361	0.000990266	-0.831029	-0.582307	-0.000549306
162	5.02765e-10	0.8888	-0.456487	0.00188409	0.459118	0.881852	0.00149824
163	5.02765e-10	0.973529	-0.291194	0.00475509	0.277871	0.948971	0.00315963
164	5.02765e-10	0.161049	-0.986257	-0.00349545	0.989736	0.1659	0.00406662
165	5.02765e-10	0.303948	-0.95228	-0.00503003	0.949319	0.309153	-0.000961159
166	1.00553e-09	0.579012	0.835714	-0.0028801	-0.813769	0.568094	-0.000792431
167	5.02765e-10	0.924156	-0.448869	-0.000240064	0.431915	0.885567	0.00340943
168	5.02765e-10	0.119463	0.981277	0.00251442	-0.995163	0.127253	0.00231483
169	5.02765e-10	-0.976913	-0.0420439	0.000792435	0.0426124	-1.0111	-0.00378941
170	5.02765e-10	-0.703529	-0.729186	0.000238261	0.714553	-0.691143	-0.000590276
171	5.02765e-10	-0.99729	-0.122115	-0.00145241	0.128358	-0.980481	0.00181535
172	5.02765e-10	-0.965459	0.194287	-0.00361802	-0.197601	-0.987408	-0.00176465
173	5.02765e-10	-0.926902	-0.376204	0.00179714	0.37755	-0.924837	-0.000167551
174	1.00553e-09	0.293072	-0.950766	-0.00032035	0.960562	0.289825	0.00198644
175	5.02765e-10	-0.656411	0.737245	-0.000936271	-0.749819	-0.670551	-0.00397365
176	5.02765e-10	0.901858	0.437743	0.00256138	-0.433333	0.903447	-0.000195756
177	5.02765e-10	0.494689	0.873208	0.00157667	-0.867114	0.488765	0.0043482
178	5.02765e-10	0.422332	0.903394	0.00113758	-0.904169	0.427646	-0.00220162
179	5.02765e-10	0.643937	0.738446	0.00281035	-0.762617	0.666865	-0.00140337
180	1.5083e-09	-0.0690163	1.00543	-0.000314289	-0.993704	-0.0707329	-0.000692442
181	5.02765e-10	0.930525	-0.391904	-0.00180419	0.387508	0.919746	-0.00102511
182	5.02765e-10	0.647096	-0.787223	-0.00333177	0.762502	0.628601	-0.00177593
183	5.02765e-10	-0.767127	0.658702	-0.00301991	-0.64751	-0.753889	0.00015635
184	5.02765e-10	-0.850126	-0.491331	0.00181163	0.50098	-0.877815	-0.0034532
185	5.02765e-10	-0.469932	-0.864937	0.000501676	0.886744	-0.485126	0.00156121
186	1.00553e-09	-0.63318	0.79475	-0.00104453	-0.775635	-0.617422	0.00204103
187	1.00553e-09	-0.787375	0.634763	0.00316648	-0.628418	-0.768965	-0.000790247
188	5.02765e-10	-0.0781848	-1.01946	-0.00125176	0.986149	-0.0724035	0.00266338
189	5.02765e-10	-0.929563	0.312872	-0.0022645	-0.324212	-0.954327	0.00156415
190	5.02765e-10	0.205257	1.00368	0.00122757	-0.968446	0.192004	-0.000245361
191	5.02765e-10	0.635007	-0.779132	0.00244288	0.772491	0.632059	0.00500039
192	5.02765e-10	0.381223	-0.914629	-0.00198788	0.920789	0.392008	0.000660198
193	5.02765e-10	0.823137	-0.5204	-0.0018055	0.539055	0.858328	0.000655459
194	5.02765e-10	0.998662	0.121818	-0.00170348	-0.126701	0.990362	-0.00167178
195	5.02765e-10	-0.93065	0.410163	-0.0041149	-0.394926	-0.904972	0.00534983
196	5.02765e-10	-0.345081	-0.95026	0.00142255	0.937314	-0.338264	0.00207504
197	5.02765e-10	-0.692361	0.765101	0.00257856	-0.725606	-0.660842	0.000952472
198	5.02765e-10	-0.285994	0.943348	-0.0028754	-0.962687	-0.288995	-0.000468989
199	1.00553e-09	-0.497191	-0.864166	-0.00198576	0.867253	-0.500821	-0.00118767
200	5.02765e-10	0.770359	0.616536	0.00150649	-0.638953	0.78024	-0.00254645
201	5.02765e-10	-0.881763	-0.502742	0.00422695	0.482751	-0.8657	-0.00117662
202	5.02765e-10	0.446491	-0.911841	-0.00066649	0.893318	0.43701	-0.00146415
203	5.02765e-10	0.905844	0.40684	0.000452001	-0.403984	0.923262	-0.00134162
204	5.02765e-10	0.65131	-0.762791	-0.00619318	0.756294	0.649254	-0.00286631
205	5.02765e-10	0.514051	0.868486	0.0021665	-0.859069	0.511023	-0.000369301
206	5.02765e-10	1.01754	0.0773561	0.00460114	-0.0720849	0.983715	-0.000539284
207	5.02765e-10	0.381504	-0.923925	0.0004051	0.927709	0.382232	-0.0029664
208	5.02765e-10	0.978387	0.175851	0.00175171	-0.18057	0.986093	0.000690686
209	5.02765e-10	0.177487	-0.956567	-0.00130224	0.997923	0.18886	-0.000196628
210	5.02765e-10	1.0159	0.114847	-0.00332253	-0.117677	0.976875	-0.000363936
211	5.02765e-10	0.85172	-0.499472	0.00350817	0.504273	0.868532	-0.00111626
212	5.02765e-10	-0.662258	-0.739578	-0.00159549	0.747001	-0.669105	0.00322215
213	5.02765e-10	-0.623598	0.820031	-0.00178345	-0.782435	-0.596419	-0.0018561
214	5.02765e-10	-0.164223	0.990031	0.000754649	-0.983455	-0.164877	0.00169522
215	5.02765e-10	-0.321732	0.942023	0.000138233	-0.949558	-0.325133	0.0014771
216	0	56007.4	-25692.6	1e+23	0.917828	-0.421022	-0.000174622
217	0	56007.4	-25692.6	1e+23	0.917828	-0.421022	-0.000174622
218	0	56007.4	-25692.6	1e+23	0.917828	-0.421022	-0.000174622
219	0	56007.4	-25692.6	1e+23	0.917828	-0.421022	-0.000174622
220	0	56007.4	-25692.6	1e+23	0.917828	-0.421022	-0.000174622
221	0	56007.4	-25692.6	1e+23	0.917828	-0.421022	-0.000174622
222	0	56007.4	-25692.6	1e+23	0.917828	-0.421022	-0.000174622
223	0	56007.4	-25692.6	1e+23	0.917828	-0.421022	-0.000174622
224	0	56007.4	-25692.6	1e+23	0.917828	-0.421022	-0.000174622
225	0	56007.4	-25692.6	1e+23	0.917828	-0.421022	-0.000174622
226	0	56007.4	-25692.6	1e+23	0.917828	-0.421022	-0.000174622
227	0	56007.4	-25692.6	1e+23	0.917828	-0.421022	-0.000174622
228	0	56007.4	-25692.6	1e+23	0.917828	-0.421022	-0.000174622
229	0	56007.4	-25692.6	1e+23	0.917828	-0.421022	-0.000174622
230	0	56007.4	-25692.6	1e+23	0.917828	-0.421022	-0.000174622
231	0	56007.4	-25692.6	1e+23	0.917828	-0.421022	-0.000174622
232	0	56007.4	-25692.6	1e+23	0.917828	-0.421022	-0.000174622
233	0	56007.4	-25692.6	1e+23	0.917828	-0.421022	-0.000174622
234	0	56007.4	-25692.6	1e+23	0.917828	-0.421022	-0.000174622
235	0	56007.4	-25692.6	1e+23	0.917828	-0.421022	-0.000174622
236	0	56007.4	-25692.6	1e+23	0.917828	-0.421022	-0.000174622
237	0	56007.4	-25692.6	1e+23	0.917828	-0.421022	-0.000174622
238	0	56007.4	-25692.6	1e+23	0.917828	-0.421022	-0.000174622
239	0	56007.4	-25692.6	1e+23	0.917828	-0.421022	-0.000174622
240	0	56007.4	-25692.6	1e+23	0.917828	-0.421022	-0.000174622
241	0	56007.4	-25692.6	1e+23	0.917828	-0.421022	-0.000174622
242	0	56007.4	-25692.6	1e+23	0.917828	-0.421022	-0.000174622
243	0	56007.4	-25692.6	1e+23	0.917828	-0.421022	-0.000174622
244	0	56007.4	-25692.6	1e+23	0.917828	-0.421022	-0.000174622
245	0	56007.4	-25692.6	1e+23	0.917828	-0.421022	-0.000174622
246	0	56007.4	-25692.6	1e+23	0.917828	-0.421022	-0.000174622
247	0	56007.4	-25692.6	1e+23	0.917828	-0.421022	-0.000174622
248	0	56007.4	-25692.6	1e+23	0.917828	-0.421022	-0.000174622
249	0	56007.4	-25692.6	1e+23	0.917828	-0.421022	-0.000174622
250	0	56007.4	-25692.6	1e+23	0.917828	-0.421022	-0.000174622
251	0	56007.4	-25692.6	1e+23	0.917828	-0.421022	-0.000174622
252	0	56007.4	-25692.6	1e+23	0.917828	-0.421022	-0.000174622
253	0	56007.4	-25692.6	1e+23	0.917828	-0.421022	-0.000174622
254	0	56007.4	-25692.6	1e+23	0.917828	-0.421022	-0.000174622
255	0	56007.4	-25692.6	1e+23	0.917828	-0.421022	-0.000174622
256	0	56007.4	-25692.6	1e+23	0.917828	-0.421022	-0.000174622
257	0	56007.4	-25692.6	1e+23	0.917828	-0.421022	-0.000174622
258	0	56007.4	-25692.6	1e+23	0.917828	-0.421022	-0.000174622
259	0	56007.4	-25692.6	1e+23	0.917828	-0.421022	-0.000174622
260	0	56007.4	-25692.6	1e+23	0.917828	-0.421022	-0.000174622
261	0	56007.4	-25692.6	1e+23	0.917828	-0.421022	-0.000174622
262	0	56007.4	-25692.6	1e+23	0.917828	-0.421022	-0.000174622
263	0	56007.4	-25692.6	1e+23	0.917828	-0.421022	-0.000174622
264	0	56007.4	-25692.6	1e+23	0.917828	-0.421022	-0.000174622
265	0	56007.4	-25692.6	1e+23	0.917828	-0.421022	-0.000174622
266	0	56007.4	-25692.6	1e+23	0.917828	-0.421022	-0.000174622
267	0	56007.4	-25692.6	1e+23	0.917828	-0.421022	-0.000174622
268	0	56007.4	-25692.6	1e+23	0.917828	-0.421022	-0.000174622
269	0	56007.4	-25692.6	1e+23	0.917828	-0.421022	-0.000174622
270	0	56007.4	-25692.6	1e+23	0.917828	-0.421022	-0.000174622
271	0	56007.4	-25692.6	1e+23	0.917828	-0.421022	-0.000174622
272	0	56007.4	-25692.6	1e+23	0.917828	-0.421022	-0.000174622
273	0	56007.4	-25692.6	1e+23	0.917828	-0.421022	-0.000174622
274	0	56007.4	-25692.6	1e+23	0.917828	-0.421022	-0.000174622
275	0	56007.4	-25692.6	1e+23	0.917828	-0.421022	-0.000174622
276	0	56007.4	-25692.6	1e+23	0.917828	-0.421022	-0.000174622
277	0	56007.4	-25692.6	1e+23	0.917828	-0.421022	-0.000174622
278	0	56007.4	-25692.6	1e+23	0.917828	-0.421022	-0.000174622
279	0	56007.4	-25692.6	1e+23	0.917828	-0.421022	-0.000174622
280	0	56007.4	-25692.6	1e+23	0.917828	-0.421022	-0.000174622
281	0	56007.4	-25692.6	1e+23	0.917828	-0.421022	-0.000174622
282	0	56007.4	-25692.6	1e+23	0.917828	-0.421022	-0.000174622
283	0	56007.4	-25692.6	1e+23	0.917828	-0.421022	-0.000174622
284	0	56007.4	-25692.6	1e+23	0.917828	-0.421022	-0.000174622
285	0	56007.4	-25692.6	1e+23	0.917828	-0.421022	-0.000174622
286	0	56007.4	-25692.6	1e+23	0.917828	-0.421022	-0.000174622
287	0	56007.4	-25692.6	1e+23	0.917828	-0.421022	-0.000174622
288	0	56007.4	-25692.6	1e+23	0.917828	-0.421022	-0.000174622
289	0	56007.4	-25692.6	1e+23	0.917828	-0.421022	-0.000174622
290	0	56007.4	-25692.6	1e+23	0.917828	-0.421022	-0.000174622
291	0	56007.4	-25692.6	1e+23	0.917828	-0.421022	-0.000174622
292	0	56007.4	-25692.6	1e+23	0.917828	-0.421022	-0.000174622
293	0	56007.4	-25692.6	1e+23	0.917828	-0.421022	-0.000174622
294	0	56007.4	-25692.6	1e+23	0.917828	-0.421022	-0.000174622
295	0	56007.4	-25692.6	1e+23	0.917828	-0.421022	-0.000174622
296	0	56007.4	-25692.6	1e+23	0.917828	-0.421022	-0.000174622
297	0	56007.4	-25692.6	1e+23	0.917828	-0.421022	-0.000174622
298	0	56007.4	-25692.6	1e+23	0.917828	-0.421022	-0.000174622
299	0	56007.4	-25692.6	1e+23	0.917828	-0.421022	-0.000174622
300	0	56007.4	-25692.6	1e+23	0.917828	-0.421022	-0.000174622
