9.501027e+04
301
0	1	-0.000747325	-0.000493374	4.65627e-07	-3.28738e-09	-4.17592e-10	2.93621e-11
1	5.02765e-10	0.471015	0.885909	0.00359395	-0.883369	0.4706	0.000618376
2	2.51383e-09	1.01359	-0.0623681	0.00198673	0.0631518	0.989951	8.32085e-05
3	5.02765e-10	-0.770413	0.634151	-0.00365544	-0.629346	-0.77911	0.000294281
4	5.02765e-10	-0.74373	-0.650747	0.00162891	0.675684	-0.74691	-0.00234707
5	1.5083e-09	0.739729	0.691055	-0.000995051	-0.67855	0.727738	0.00179354
6	1.00553e-09	-1.0185	0.00462513	-0.00234549	-0.00731929	-0.992362	-0.000162302
7	2.01106e-09	-0.607549	0.815022	-0.00102998	-0.792392	-0.594795	-0.00372014
8	2.01106e-09	0.971028	-0.189584	0.00136638	0.188738	0.987044	-0.000736798
9	1.00553e-09	-0.248378	-0.978979	-0.00114979	0.962794	-0.250031	0.000444113
10	1.5083e-09	-0.808833	0.588844	0.00300046	-0.592242	-0.808935	0.000937031
11	5.02765e-10	-0.841134	-0.542765	0.000904972	0.543386	-0.840509	0.00435682
12	5.02765e-10	0.80007	0.627473	0.000990719	-0.611185	0.786116	-0.00128391
13	1.5083e-09	-0.747785	-0.650771	-0.00219117	0.657511	-0.760434	0.0011262
14	1.5083e-09	0.503763	-0.849214	0.00242982	0.860454	0.516956	0.000808529
15	5.02765e-10	0.757323	-0.621454	-0.000610159	0.63995	0.786056	-3.49113e-05
16	5.02765e-10	-0.0235765	1.00089	-0.000210071	-1.00323	-0.0163535	0.000434516
17	1.5083e-09	-0.642795	0.793955	-0.0055467	-0.762207	-0.623856	0.00218764
18	1.00553e-09	0.0961353	-1.00106	0.00455794	0.992665	0.0969821	-7.0101e-05
19	5.02765e-10	-0.659406	-0.751616	0.00303851	0.760459	-0.653077	0.00140286
20	1.00553e-09	0.205696	0.996202	0.000404119	-0.973375	0.208509	0.00149711
21	1.00553e-09	0.394163	0.902996	-0.00121172	-0.923617	0.409556	0.00188188
22	5.02765e-10	-0.953575	0.270714	0.00550791	-0.261773	-0.97338	-0.00259609
23	1.5083e-09	-0.46474	0.916019	0.000644463	-0.882913	-0.440778	0.000933158
24	2.01106e-09	-0.864668	0.490328	0.00113903	-0.499447	-0.868601	-0.00179863
25	5.02765e-10	-0.837473	-0.494753	-0.00355822	0.517483	-0.874565	-0.00143016
26	1.00553e-09	-0.869486	0.437874	0.000601721	-0.456081	-0.906856	-0.00159993
27	5.02765e-10	-0.530945	-0.846473	0.00224005	0.850063	-0.529619	-0.00252586
28	4.52489e-09	0.409456	-0.921739	-0.00186059	0.910373	0.404993	0.000832464
29	5.02765e-10	-0.779731	-0.639591	-0.00490605	0.630791	-0.770294	0.00108889
30	5.02765e-10	0.50992	-0.856906	-0.0021355	0.859537	0.515956	-0.00606298
31	5.02765e-10	0.106769	-1.02052	-0.00371161	0.982415	0.102163	0.00110447
32	5.02765e-10	0.293241	0.983993	-0.00407534	-0.941765	0.288165	0.00238914
33	5.02765e-10	0.404162	0.928145	-0.00227046	-0.909563	0.394197	-0.000894746
34	5.02765e-10	1.01295	0.129296	0.00389176	-0.121552	0.976282	0.00257307
35	1.00553e-09	-0.786711	0.583137	0.00365312	-0.604826	-0.810445	0.000606952
36	5.02765e-10	0.113975	-0.996833	0.00300459	0.99196	0.104505	-0.00264033
37	5.02765e-10	1.02498	-0.0587545	-0.0037639	0.0604147	0.983311	-0.000412158
38	5.02765e-10	0.966274	-0.309374	0.00228467	0.294766	0.943892	-0.00388422
39	1.5083e-09	0.376373	-0.915361	-0.00300973	0.934689	0.379696	-0.000422428
40	1.00553e-09	0.380267	-0.907477	-0.00234567	0.928092	0.390739	-0.000435161
41	1.00553e-09	0.943773	0.301406	-0.00203115	-0.312666	0.955321	0.00328256
42	3.51936e-09	-0.528555	0.840341	5.46318e-05	-0.849325	-0.533872	0.000684443
43	5.02765e-10	-0.905007	-0.345741	0.000704614	0.369897	-0.953859	-0.0028126
44	5.02765e-10	0.514195	-0.843784	0.000455866	0.85921	0.529652	-0.00282959
45	5.02765e-10	-0.809511	-0.653097	-0.000775253	0.619127	-0.75611	-0.00117256
46	5.02765e-09	0.329532	-0.96084	0.00107141	0.9381	0.323108	-0.00102774
47	5.02765e-10	0.83328	0.545105	-0.00124197	-0.534418	0.843879	0.001397
48	5.02765e-10	0.970517	-0.309323	0.00085859	0.296808	0.94713	-0.00184887
49	5.02765e-10	-0.67954	0.70616	0.000307158	-0.72195	-0.700131	0.00152094
50	1.00553e-09	-0.310197	0.953102	-0.00392769	-0.949341	-0.308243	-0.000948174
51	2.51383e-09	0.264996	-0.975188	-0.00277255	0.955023	0.261711	-0.00100013
52	1.5083e-09	0.81499	0.550411	-0.00111399	-0.561802	0.835326	-0.00183581
53	5.02765e-10	-0.784093	0.646161	0.00265707	-0.625142	-0.76716	0.00501382
54	5.02765e-10	-1.00683	-0.160225	0.00244183	0.154413	-0.979946	0.00468081
55	1.5083e-09	-0.438653	0.890134	0.00105117	-0.906124	-0.437638	-0.00201526
56	5.02765e-10	0.490509	-0.864427	0.000572548	0.870277	0.486839	0.000515106
57	5.02765e-10	0.791118	0.637635	-0.00333165	-0.621783	0.774667	0.00235999
58	1.5083e-09	0.867052	-0.506451	-0.00015822	0.505041	0.857091	0.000940799
59	5.02765e-10	0.0606694	-0.990058	-0.000384539	1.00587	0.0774812	-0.000210214
60	5.02765e-10	-0.467101	-0.894263	-0.000783694	0.88941	-0.453004	-0.00301883
61	5.02765e-10	0.637458	-0.759803	-0.0034105	0.767104	0.647777	0.000197271
62	5.02765e-10	0.0861826	1.00717	0.00239204	-0.987625	0.0894073	0.00171114
63	5.02765e-10	0.935772	0.368817	-0.00398055	-0.362541	0.927783	-0.00119647
64	5.02765e-10	-0.507994	-0.862833	-0.000495693	0.86419	-0.50693	-0.000310842
65	5.02765e-10	-0.569249	-0.835834	-0.000409961	0.819038	-0.560989	-0.00126378
66	5.02765e-10	0.675854	-0.760373	-0.00243515	0.737071	0.661255	-0.000305661
67	1.00553e-09	0.869308	-0.442574	0.00324298	0.459796	0.902893	-0.000588395
68	1.00553e-09	-0.381444	-0.921227	0.00204239	0.923974	-0.384512	-0.00211704
69	5.02765e-10	-0.430005	-0.895521	-0.00546303	0.915891	-0.426572	-0.00444832
70	5.02765e-10	-0.389876	-0.924439	0.00213046	0.92455	-0.383037	0.00595471
71	5.02765e-10	-0.409416	0.894673	0.00019864	-0.919042	-0.414903	9.06244e-05
72	1.00553e-09	0.858201	0.518668	0.00386682	-0.522355	0.844526	-0.00267972
73	5.02765e-10	-0.0456446	-1.01169	0.00692989	0.991445	-0.0403072	-0.00235618
74	5.02765e-10	-0.6756	0.74059	-9.09183e-05	-0.754929	-0.658511	-0.00450521
75	5.02765e-10	1.02018	0.100582	0.00135381	-0.100693	0.983636	-3.87817e-05
76	5.02765e-10	0.976597	-0.120951	-0.0013774	0.117024	0.999931	-0.00388907
77	1.00553e-09	0.939822	-0.316033	-0.00155435	0.322395	0.947753	0.00269849
78	5.02765e-10	-0.225963	-0.967975	0.0021401	0.977218	-0.23186	0.00488681
79	5.02765e-10	-0.696668	-0.699955	-0.010345	0.727292	-0.696921	0.00116013
80	5.02765e-10	0.707821	-0.67661	0.00450067	0.692673	0.733242	0.002988
81	5.02765e-10	-0.386118	0.92889	0.00133536	-0.920475	-0.381523	-0.00231545
82	5.02765e-10	-0.650433	-0.759165	0.00329264	0.755022	-0.658207	-0.00175703
83	5.02765e-10	-0.810085	0.580289	-0.000650412	-0.58737	-0.812225	0.00180021
84	5.02765e-10	-0.598106	-0.78123	-0.00395205	0.799565	-0.621077	0.000395509
85	5.02765e-10	-0.92056	-0.389074	-0.00373202	0.383611	-0.923819	0.00794008
86	2.01106e-09	-0.948336	-0.226614	0.000265275	0.237465	-0.98839	-0.000119682
87	5.02765e-10	0.979892	0.112635	0.0012337	-0.121099	0.997306	-0.000516344
88	5.02765e-10	-0.163786	1.01627	-0.000755806	-0.967638	-0.155872	0.00148176
89	1.00553e-09	-0.128647	0.988292	0.00315237	-0.989834	-0.136004	-0.000548802
90	1.00553e-09	-0.639989	0.759477	-0.00387629	-0.770375	-0.648436	-0.001783
91	5.02765e-10	0.934666	0.349314	-0.00297179	-0.352884	0.933361	0.00161807
92	5.02765e-10	0.420949	0.876133	0.00018925	-0.915613	0.441391	-0.00223698
93	5.02765e-10	-0.0711759	1.01152	0.00194973	-0.987462	-0.0733873	0.00302782
94	5.02765e-10	-0.181041	0.960341	0.00118309	-0.998003	-0.182556	-0.00288828
95	5.02765e-10	0.635449	0.764289	0.000597204	-0.768175	0.647044	-0.00716355
96	5.02765e-10	-0.827361	0.595529	0.00141803	-0.583034	-0.804221	0.00197727
97	5.02765e-10	0.928871	0.401938	0.00383817	-0.397379	0.912354	-0.00385558
98	1.00553e-09	0.998817	0.193573	0.000411263	-0.188806	0.971374	-0.00212086
99	5.02765e-10	0.992052	0.216842	0.000778741	-0.216012	0.967163	0.00399829
100	5.02765e-10	-0.925069	0.338668	0.0038803	-0.352898	-0.946274	-0.0021838
101	5.02765e-10	0.794158	-0.585295	0.00342781	0.592885	0.813141	0.00633224
102	2.51383e-09	-0.975235	0.214703	0.00121563	-0.21605	-0.979302	0.000654404
103	2.51383e-09	0.139984	0.986514	0.00402407	-0.992824	0.139327	4.79505e-05
104	5.02765e-10	-0.729625	0.699999	0.00240698	-0.690312	-0.718707	-0.00385268
105	5.02765e-10	0.752944	0.671439	-0.00458432	-0.662754	0.733644	-0.0028669
106	5.02765e-10	0.877436	-0.413066	-0.00204613	0.428622	0.923785	-9.38306e-05
107	5.02765e-10	0.39407	-0.953099	-0.00436494	0.906477	0.376393	-0.00298054
108	1.5083e-09	-0.984851	0.109036	0.00157432	-0.108576	-0.99554	-0.000269722
109	5.02765e-10	0.893363	-0.427627	-0.00324376	0.433543	0.9101	-0.00307981
110	5.02765e-10	0.685753	0.747891	-0.000285429	-0.732813	0.673529	-0.00265178
111	5.02765e-10	-0.6622	0.766973	0.00255366	-0.754443	-0.64679	0.00469858
112	5.02765e-10	-0.890433	0.396949	-6.26142e-05	-0.409822	-0.926292	0.000379942
113	5.02765e-10	-0.657459	0.760032	0.000124997	-0.756762	-0.651342	0.00530606
114	5.02765e-10	-0.213936	-0.984141	0.00278942	0.97389	-0.210845	-1.08577e-06
115	1.00553e-09	0.938434	-0.433322	-0.000987417	0.410368	0.890779	-0.00135999
116	5.02765e-10	-0.981236	0.027468	0.00304299	-0.0336205	-1.00962	0.000661755
117	1.00553e-09	-0.815192	-0.613755	-0.000934548	0.589154	-0.789603	-0.00353689
118	1.00553e-09	0.6523	0.720773	-0.00362144	-0.756395	0.684189	-0.00367877
119	5.02765e-10	0.449005	-0.889713	-0.00415408	0.893706	0.450201	-0.00278775
120	5.02765e-10	0.260158	-0.96485	0.00104857	0.964409	0.263593	0.000823881
121	5.02765e-10	0.399038	0.906475	0.00699535	-0.924396	0.409973	0.00201558
122	5.02765e-10	0.487686	-0.851677	0.000560294	0.861615	0.509381	0.00196282
123	5.02765e-10	-0.721879	0.70732	-0.00201514	-0.69262	-0.71373	0.00185538
124	5.02765e-10	-0.144523	1.00242	0.00308563	-0.98357	-0.13442	-0.00228364
125	5.02765e-10	0.769078	-0.621611	0.00443989	0.632722	0.780199	0.00171228
126	5.02765e-10	-0.944368	-0.261323	0.00588789	0.260289	-0.978565	-0.00199038
127	5.02765e-10	-0.130645	-0.985095	-0.00240043	0.989045	-0.135799	0.00143615
128	5.02765e-10	-0.80523	0.621468	-0.000869133	-0.594751	-0.791727	0.0018985
129	5.02765e-10	-1.03405	0.0802744	-0.00082266	-0.0780836	-0.975616	0.00229051
130	5.02765e-10	-0.0431811	0.978512	-0.00175572	-1.00908	-0.0485682	-0.00137061
131	5.02765e-10	0.608782	0.772893	-0.0020709	-0.793706	0.618231	-0.00110532
132	5.02765e-10	0.693434	0.713408	-0.00137824	-0.712246	0.710056	-5.19136e-05
133	5.02765e-10	-0.988063	-0.255489	-0.00315659	0.24738	-0.961185	0.00218737
134	5.02765e-10	-0.95412	-0.189141	0.000983531	0.206234	-0.990379	0.00253462
135	5.02765e-10	-0.87722	0.470419	-0.00269405	-0.474934	-0.882613	0.000969312
136	5.02765e-10	-1.01422	0.0261281	0.00320847	-0.0293299	-0.995727	-0.00428774
137	5.02765e-10	-0.577902	0.812453	0.0005881	-0.819925	-0.583092	0.00305947
138	5.02765e-10	0.172572	0.998891	-0.000627337	-0.973177	0.176338	-0.00172417
139	5.02765e-10	-0.789926	-0.59465	0.00289487	0.613788	-0.797932	0.00176347
140	5.02765e-10	-0.866997	-0.552407	0.0026423	0.532486	-0.833851	-0.000636266
141	5.02765e-10	0.308021	-0.977389	0.00088061	0.931513	0.302054	0.00276818
142	5.02765e-10	0.984169	-0.136408	7.34559e-05	0.127418	0.993426	-0.00020977
143	5.02765e-10	0.610727	-0.774145	0.00122957	0.793958	0.624983	-0.00011693
144	5.02765e-10	-0.0745143	1.00301	-0.000292784	-0.994777	-0.0720531	-0.00741804
145	5.02765e-10	0.741552	0.670851	-0.00220927	-0.662592	0.745503	-0.0033676
146	5.02765e-10	-0.982059	0.0288262	-0.00434187	-0.0296132	-1.00575	-0.000891552
147	5.02765e-10	0.951438	0.106606	0.000431911	-0.0915109	1.01776	-0.00264758
148	5.02765e-10	-0.500173	0.886401	0.00584748	-0.863839	-0.478621	-0.000207524
149	5.02765e-10	0.116073	1.0158	-0.00634753	-0.976456	0.102323	-0.00205025
150	5.02765e-10	0.389544	0.952218	0.000188233	-0.917027	0.363367	0.000129199
151	1.00553e-09	-0.53885	0.828145	0.000643744	-0.842971	-0.548101	-0.00408998
152	5.02765e-10	-0.824738	-0.533877	-0.00303657	0.537007	-0.859188	-0.00946124
153	5.02765e-10	-0.507123	0.883405	-0.00155757	-0.868882	-0.487562	-0.00139688
154	5.02765e-10	0.649882	0.7484	0.000348558	-0.756662	0.654067	0.0024548
155	5.02765e-10	-0.361958	0.922525	0.0036607	-0.931533	-0.375633	0.00197906
156	5.02765e-10	-0.969911	-0.10875	-0.000451702	0.116929	-1.00621	-0.00101021
157	5.02765e-10	-0.400013	0.920771	-0.000296693	-0.91773	-0.39308	-0.00603169
158	5.02765e-10	-0.97992	0.25865	-0.00682442	-0.257717	-0.95625	0.00367301
159	1.00553e-09	-0.477099	-0.886324	0.000181105	0.874815	-0.478403	0.00254897
160	5.02765e-10	0.310965	0.961444	-0.00395438	-0.944566	0.31714	0.00121217
161	5.02765e-10	0.769206	-0.613483	0.000772814	0.633153	0.782013	-0.00193625
162	5.02765e-10	-1.00365	0.00800934	-0.00226274	-0.0133552	-0.997931	-0.00168923
163	5.02765e-10	0.5956	0.802518	0.000434877	-0.789568	0.604022	-0.00159279
164	5.02765e-10	0.608566	0.781985	0.00271729	-0.792433	0.621586	0.00345614
165	1.00553e-09	0.704714	0.682206	-0.00207085	-0.701216	0.732166	-0.0015122
166	5.02765e-10	-0.175994	1.00215	0.00137681	-0.972688	-0.169354	0.00172498
167	2.01106e-09	-0.97791	-0.187274	0.00313285	0.182942	-0.985834	0.00173432
168	5.02765e-10	0.871163	-0.47755	0.00215561	0.482358	0.878185	0.00205735
169	1.5083e-09	-0.351915	-0.932537	0.00061708	0.939844	-0.351663	-0.00216528
170	5.02765e-10	0.533578	0.874671	1.6823e-05	-0.837008	0.524672	0.00322308
171	5.02765e-10	-0.969695	0.302117	-0.00169547	-0.294126	-0.945758	-0.00406474
172	5.02765e-10	-0.598974	-0.76796	0.00107395	0.799733	-0.627485	0.00395161
173	5.02765e-10	-0.876208	0.474353	-0.00148463	-0.482041	-0.87713	0.00476868
174	1.00553e-09	0.472513	-0.882808	0.0048736	0.881004	0.471404	-0.00138128
175	5.02765e-10	-0.1063	1.02961	-0.00222505	-0.97366	-0.10492	-0.000783741
176	5.02765e-10	-0.921598	0.34584	0.00247578	-0.352433	-0.942369	0.00234002
177	5.02765e-10	-0.965281	-0.325001	-0.00271644	0.319159	-0.942087	-0.00206076
178	5.02765e-10	-0.231877	0.990341	0.00725343	-0.966636	-0.221786	0.00125967
179	5.02765e-10	-0.158171	-0.973274	0.00470554	0.993279	-0.149292	0.000846738
180	5.02765e-10	0.722401	0.640575	-0.00164636	-0.677146	0.762705	0.00153341
181	5.02765e-10	-0.961079	0.274522	-0.00292431	-0.26406	-0.967824	-0.00368818
182	5.02765e-10	0.667387	0.755263	-0.00270686	-0.746181	0.656124	0.00568585
183	5.02765e-10	-0.920133	-0.443136	0.00238843	0.426484	-0.892454	-0.000651809
184	5.02765e-10	0.860894	0.531739	0.00284522	-0.515306	0.85076	0.00151362
185	5.02765e-10	0.979454	-0.158901	0.00179685	0.169695	0.989929	0.000868704
186	5.02765e-10	0.912616	0.41534	-0.00255481	-0.410577	0.91357	-0.000309942
187	5.02765e-10	0.977714	-0.0788952	-0.00213233	0.0803168	1.01355	-0.00115654
188	5.02765e-10	0.763204	0.626972	0.00438903	-0.638391	0.780406	-0.00611111
189	5.02765e-10	1.00966	-0.114181	-0.00291665	0.107693	0.982875	0.00258873
190	5.02765e-10	-0.811547	0.589656	0.000273155	-0.58414	-0.809063	-0.0019651
191	5.02765e-10	-0.318322	-0.939992	-0.000745098	0.949691	-0.318493	0.00511035
192	5.02765e-10	0.956675	0.0940732	-0.000898671	-0.0923541	1.01886	0.00250999
193	5.02765e-10	-0.835586	0.565059	0.00254432	-0.561094	-0.82941	-0.00351329
194	5.02765e-10	0.61074	-0.774225	0.00124019	0.790949	0.624133	2.31869e-05
195	5.02765e-10	-0.524385	0.882323	-0.000141929	-0.847904	-0.503823	-0.00174576
196	5.02765e-10	-0.978263	0.242283	-0.00120421	-0.242907	-0.963724	0.00242153
197	0	90210.3	-41382	1e+23	0.917828	-0.421022	-0.000174622
198	0	90210.3	-41382	1e+23	0.917828	-0.421022	-0.000174622
199	0	90210.3	-41382	1e+23	0.917828	-0.421022	-0.000174622
200	0	90210.3	-41382	1e+23	0.917828	-0.421022	-0.000174622
201	0	90210.3	-41382	1e+23	0.917828	-0.421022	-0.000174622
202	0	90210.3	-41382	1e+23	0.917828	-0.421022	-0.000174622
203	0	90210.3	-41382	1e+23	0.917828	-0.421022	-0.000174622
204	0	90210.3	-41382	1e+23	0.917828	-0.421022	-0.000174622
205	0	90210.3	-41382	1e+23	0.917828	-0.421022	-0.000174622
206	0	90210.3	-41382	1e+23	0.917828	-0.421022	-0.000174622
207	0	90210.3	-41382	1e+23	0.917828	-0.421022	-0.000174622
208	0	90210.3	-41382	1e+23	0.917828	-0.421022	-0.000174622
209	0	90210.3	-41382	1e+23	0.917828	-0.421022	-0.000174622
210	0	90210.3	-41382	1e+23	0.917828	-0.421022	-0.000174622
211	0	90210.3	-41382	1e+23	0.917828	-0.421022	-0.000174622
212	0	90210.3	-41382	1e+23	0.917828	-0.421022	-0.000174622
213	0	90210.3	-41382	1e+23	0.917828	-0.421022	-0.000174622
214	0	90210.3	-41382	1e+23	0.917828	-0.421022	-0.000174622
215	0	90210.3	-41382	1e+23	0.917828	-0.421022	-0.000174622
216	0	90210.3	-41382	1e+23	0.917828	-0.421022	-0.000174622
217	0	90210.3	-41382	1e+23	0.917828	-0.421022	-0.000174622
218	0	90210.3	-41382	1e+23	0.917828	-0.421022	-0.000174622
219	0	90210.3	-41382	1e+23	0.917828	-0.421022	-0.000174622
220	0	90210.3	-41382	1e+23	0.917828	-0.421022	-0.000174622
221	0	90210.3	-41382	1e+23	0.917828	-0.421022	-0.000174622
222	0	90210.3	-41382	1e+23	0.917828	-0.421022	-0.000174622
223	0	90210.3	-41382	1e+23	0.917828	-0.421022	-0.000174622
224	0	90210.3	-41382	1e+23	0.917828	-0.421022	-0.000174622
225	0	90210.3	-41382	1e+23	0.917828	-0.421022	-0.000174622
226	0	90210.3	-41382	1e+23	0.917828	-0.421022	-0.000174622
227	0	90210.3	-41382	1e+23	0.917828	-0.421022	-0.000174622
228	0	90210.3	-41382	1e+23	0.917828	-0.421022	-0.000174622
229	0	90210.3	-41382	1e+23	0.917828	-0.421022	-0.000174622
230	0	90210.3	-41382	1e+23	0.917828	-0.421022	-0.000174622
231	0	90210.3	-41382	1e+23	0.917828	-0.421022	-0.000174622
232	0	90210.3	-41382	1e+23	0.917828	-0.421022	-0.000174622
233	0	90210.3	-41382	1e+23	0.917828	-0.421022	-0.000174622
234	0	90210.3	-41382	1e+23	0.917828	-0.421022	-0.000174622
235	0	90210.3	-41382	1e+23	0.917828	-0.421022	-0.000174622
236	0	90210.3	-41382	1e+23	0.917828	-0.421022	-0.000174622
237	0	90210.3	-41382	1e+23	0.917828	-0.421022	-0.000174622
238	0	90210.3	-41382	1e+23	0.917828	-0.421022	-0.000174622
239	0	90210.3	-41382	1e+23	0.917828	-0.421022	-0.000174622
240	0	90210.3	-41382	1e+23	0.917828	-0.421022	-0.000174622
241	0	90210.3	-41382	1e+23	0.917828	-0.421022	-0.000174622
242	0	90210.3	-41382	1e+23	0.917828	-0.421022	-0.000174622
243	0	90210.3	-41382	1e+23	0.917828	-0.421022	-0.000174622
244	0	90210.3	-41382	1e+23	0.917828	-0.421022	-0.000174622
245	0	90210.3	-41382	1e+23	0.917828	-0.421022	-0.000174622
246	0	90210.3	-41382	1e+23	0.917828	-0.421022	-0.000174622
247	0	90210.3	-41382	1e+23	0.917828	-0.421022	-0.000174622
248	0	90210.3	-41382	1e+23	0.917828	-0.421022	-0.000174622
249	0	90210.3	-41382	1e+23	0.917828	-0.421022	-0.000174622
250	0	90210.3	-41382	1e+23	0.917828	-0.421022	-0.000174622
251	0	90210.3	-41382	1e+23	0.917828	-0.421022	-0.000174622
252	0	90210.3	-41382	1e+23	0.917828	-0.421022	-0.000174622
253	0	90210.3	-41382	1e+23	0.917828	-0.421022	-0.000174622
254	0	90210.3	-41382	1e+23	0.917828	-0.421022	-0.000174622
255	0	90210.3	-41382	1e+23	0.917828	-0.421022	-0.000174622
256	0	90210.3	-41382	1e+23	0.917828	-0.421022	-0.000174622
257	0	90210.3	-41382	1e+23	0.917828	-0.421022	-0.000174622
258	0	90210.3	-41382	1e+23	0.917828	-0.421022	-0.000174622
259	0	90210.3	-41382	1e+23	0.917828	-0.421022	-0.000174622
260	0	90210.3	-41382	1e+23	0.917828	-0.421022	-0.000174622
261	0	90210.3	-41382	1e+23	0.917828	-0.421022	-0.000174622
262	0	90210.3	-41382	1e+23	0.917828	-0.421022	-0.000174622
263	0	90210.3	-41382	1e+23	0.917828	-0.421022	-0.000174622
264	0	90210.3	-41382	1e+23	0.917828	-0.421022	-0.000174622
265	0	90210.3	-41382	1e+23	0.917828	-0.421022	-0.000174622
266	0	90210.3	-41382	1e+23	0.917828	-0.421022	-0.000174622
267	0	90210.3	-41382	1e+23	0.917828	-0.421022	-0.000174622
268	0	90210.3	-41382	1e+23	0.917828	-0.421022	-0.000174622
269	0	90210.3	-41382	1e+23	0.917828	-0.421022	-0.000174622
270	0	90210.3	-41382	1e+23	0.917828	-0.421022	-0.000174622
271	0	90210.3	-41382	1e+23	0.917828	-0.421022	-0.000174622
272	0	90210.3	-41382	1e+23	0.917828	-0.421022	-0.000174622
273	0	90210.3	-41382	1e+23	0.917828	-0.421022	-0.000174622
274	0	90210.3	-41382	1e+23	0.917828	-0.421022	-0.000174622
275	0	90210.3	-41382	1e+23	0.917828	-0.421022	-0.000174622
276	0	90210.3	-41382	1e+23	0.917828	-0.421022	-0.000174622
277	0	90210.3	-41382	1e+23	0.917828	-0.421022	-0.000174622
278	0	90210.3	-41382	1e+23	0.917828	-0.421022	-0.000174622
279	0	90210.3	-41382	1e+23	0.917828	-0.421022	-0.000174622
280	0	90210.3	-41382	1e+23	0.917828	-0.421022	-0.000174622
281	0	90210.3	-41382	1e+23	0.917828	-0.421022	-0.000174622
282	0	90210.3	-41382	1e+23	0.917828	-0.421022	-0.000174622
283	0	90210.3	-41382	1e+23	0.917828	-0.421022	-0.000174622
284	0	90210.3	-41382	1e+23	0.917828	-0.421022	-0.000174622
285	0	90210.3	-41382	1e+23	0.917828	-0.421022	-0.000174622
286	0	90210.3	-41382	1e+23	0.917828	-0.421022	-0.000174622
287	0	90210.3	-41382	1e+23	0.917828	-0.421022	-0.000174622
288	0	90210.3	-41382	1e+23	0.917828	-0.421022	-0.000174622
289	0	90210.3	-41382	1e+23	0.917828	-0.421022	-0.000174622
290	0	90210.3	-41382	1e+23	0.917828	-0.421022	-0.000174622
291	0	90210.3	-41382	1e+23	0.917828	-0.421022	-0.000174622
292	0	90210.3	-41382	1e+23	0.917828	-0.421022	-0.000174622
293	0	90210.3	-41382	1e+23	0.917828	-0.421022	-0.000174622
294	0	90210.3	-41382	1e+23	0.917828	-0.421022	-0.000174622
295	0	90210.3	-41382	1e+23	0.917828	-0.421022	-0.000174622
296	0	90210.3	-41382	1e+23	0.917828	-0.421022	-0.000174622
297	0	90210.3	-41382	1e+23	0.917828	-0.421022	-0.000174622
298	0	90210.3	-41382	1e+23	0.917828	-0.421022	-0.000174622
299	0	90210.3	-41382	1e+23	0.917828	-0.421022	-0.000174622
300	0	90210.3	-41382	1e+23	0.917828	-0.421022	-0.000174622
