8.967261e+04
301
0	1	-0.000698141	-0.000460902	4.35015e-07	-3.98722e-09	6.3806e-10	2.86454e-11
1	5.02765e-10	-0.972463	0.283415	0.00343637	-0.285676	-0.951945	0.000905502
2	2.51383e-09	1.01058	0.130625	-0.000879699	-0.128032	0.980839	0.00117753
3	5.02765e-10	-0.993091	0.0456696	0.00110225	-0.0372068	-1.00517	-0.00308188
4	5.02765e-10	0.565325	0.817065	-0.000349671	-0.815716	0.582128	-0.00130084
5	1.5083e-09	0.973542	0.301545	2.68943e-05	-0.285746	0.94535	0.00179742
6	1.00553e-09	-0.501445	-0.881997	-0.00293874	0.864395	-0.490031	-0.00262658
7	2.01106e-09	-0.0364557	1.01247	0.00139842	-0.991527	-0.0357097	0.00179785
8	2.01106e-09	0.588949	-0.792359	-0.000414813	0.806808	0.60052	0.00178004
9	5.02765e-10	0.897908	-0.458796	-0.0055788	0.449763	0.88617	-0.000677334
10	1.5083e-09	-0.0291525	0.991012	-6.01508e-05	-1.00646	-0.0289781	0.000707775
11	5.02765e-10	-1.00118	-0.111214	-0.000935248	0.110433	-0.988522	-0.00468846
12	5.02765e-10	-0.319475	0.972706	0.00300922	-0.939964	-0.302598	-0.000520867
13	1.5083e-09	0.891791	0.439878	-0.00059171	-0.446842	0.896688	0.00299732
14	1.5083e-09	-0.952265	-0.272178	-0.00197913	0.275562	-0.966332	-0.00407342
15	5.02765e-10	-0.950154	0.347528	0.000282799	-0.332311	-0.937261	0.00245373
16	5.02765e-10	0.294443	-0.935498	-0.000164087	0.962194	0.31183	-0.000953269
17	5.02765e-10	-1.02347	0.0879693	0.00185668	-0.0935053	-0.978886	-0.000553206
18	1.5083e-09	-0.914766	0.446715	-0.00135746	-0.431775	-0.887613	-0.00388727
19	1.00553e-09	0.975113	-0.243696	0.00240753	0.240038	0.968192	0.00241721
20	5.02765e-10	-0.9308	0.398335	-0.00436718	-0.387184	-0.909325	-0.00197015
21	1.00553e-09	-0.990415	-0.289636	0.00184957	0.269339	-0.943895	0.000546463
22	1.00553e-09	-0.969294	0.252233	-0.00239039	-0.258802	-0.964136	0.00150468
23	5.02765e-10	-0.918372	-0.360548	0.00563944	0.381058	-0.937026	0.00227032
24	1.5083e-09	-1.01541	0.164098	0.00107491	-0.162784	-0.970988	-0.000299851
25	2.01106e-09	-0.566169	0.816345	-0.00404949	-0.829894	-0.565765	0.000650149
26	5.02765e-10	-0.956344	-0.18394	0.00120493	0.194008	-0.996087	-0.00351537
27	1.00553e-09	0.977478	-0.00403356	-0.00105363	0.000856559	1.01077	-0.000137039
28	5.02765e-10	0.0444442	-0.992512	0.00133528	1.00456	0.0501904	0.00248447
29	4.52489e-09	0.496124	0.889202	-0.000608296	-0.864012	0.484579	-0.00136684
30	5.02765e-10	-0.885151	-0.488998	0.001308	0.479562	-0.871394	-0.00334372
31	5.02765e-10	-0.751477	-0.655363	0.00263186	0.659544	-0.754566	0.00555047
32	5.02765e-10	0.933256	-0.431256	-0.00333676	0.414477	0.894381	0.00224817
33	5.02765e-10	-0.367419	0.962153	-0.00462631	-0.919094	-0.346267	0.000887265
34	5.02765e-10	0.359435	0.935162	0.00209056	-0.93305	0.358038	0.00116364
35	5.02765e-10	0.168147	-0.99335	-0.00384341	0.98662	0.15585	-0.00328789
36	1.00553e-09	0.47136	-0.861733	0.00233441	0.8829	0.485601	-0.00319218
37	5.02765e-10	0.959437	0.314334	0.00327538	-0.310935	0.940411	0.00150218
38	5.02765e-10	-0.609467	-0.814586	0.00332583	0.79586	-0.595398	0.000910211
39	5.02765e-10	-0.932926	0.333779	0.000880502	-0.338563	-0.954071	0.000340507
40	1.5083e-09	-0.36183	0.941391	-0.00171526	-0.924494	-0.35535	-0.00018316
41	1.00553e-09	0.971242	0.116418	-0.00123802	-0.125751	1.00314	-0.00214098
42	1.00553e-09	-0.992713	-0.0501737	0.00200212	0.0430635	-1.00278	0.00360938
43	3.51936e-09	0.338892	-0.931671	0.000422615	0.941523	0.344297	0.000240866
44	5.02765e-10	-0.925019	0.315392	0.00121894	-0.31475	-0.96368	0.00338486
45	5.02765e-10	-0.95572	0.297685	-0.00259382	-0.29921	-0.950024	0.000303721
46	5.02765e-10	0.830005	-0.599143	-0.0012284	0.574819	0.80806	-0.00031112
47	5.02765e-09	-0.823153	-0.582163	0.000770434	0.572568	-0.816348	-0.00175193
48	5.02765e-10	0.824697	-0.529739	0.00224909	0.554215	0.852461	-0.000547117
49	5.02765e-10	0.719526	0.719144	0.0016636	-0.701586	0.703566	-0.000964665
50	5.02765e-10	-0.37084	-0.88928	0.00179463	0.946504	-0.389082	0.000474134
51	1.00553e-09	-0.619547	-0.783391	-0.00229558	0.786647	-0.620837	-0.000137335
52	2.51383e-09	-0.406734	-0.919794	-0.000930027	0.908802	-0.402951	0.000953343
53	1.00553e-09	-0.268185	-0.951108	-0.000268391	0.965677	-0.27328	-0.000421394
54	5.02765e-10	0.591676	0.827408	-0.00342013	-0.799474	0.580068	-0.00561215
55	5.02765e-10	-0.11686	1.01389	-0.00169025	-0.983447	-0.117936	-0.00184661
56	1.5083e-09	0.954205	-0.31632	0.000741607	0.309198	0.945283	-0.00210064
57	5.02765e-10	0.978472	0.161745	-0.000402061	-0.168493	0.984841	0.000314179
58	5.02765e-10	0.837901	-0.582693	0.00332279	0.564258	0.813333	-0.00224569
59	1.00553e-09	-0.248514	0.967313	-0.00287406	-0.970149	-0.250743	0.00199014
60	5.02765e-10	0.0415409	-0.996986	0.000510084	0.999929	0.057743	0.00080964
61	5.02765e-10	0.942744	0.339932	-4.48381e-05	-0.336192	0.94458	-0.00221413
62	5.02765e-10	0.893437	0.423431	-0.00152861	-0.436551	0.90796	-0.0025333
63	5.02765e-10	-0.989796	0.19015	0.0016159	-0.183182	-0.978536	-4.52677e-05
64	5.02765e-10	-0.507722	-0.867653	-0.00011729	0.862551	-0.502101	0.00360892
65	5.02765e-10	-0.489029	-0.877948	0.000576134	0.87456	-0.481748	0.0001094
66	5.02765e-10	-0.930505	0.35373	0.000420627	-0.358083	-0.937801	0.00195109
67	5.02765e-10	-0.989686	-0.278306	0.0019762	0.267794	-0.946851	0.00204757
68	1.00553e-09	0.586069	0.782656	0.00216604	-0.80707	0.606732	-0.00144556
69	1.00553e-09	0.988642	0.0623227	0.00211654	-0.0623996	1.0008	-0.0015778
70	5.02765e-10	-0.693549	-0.721041	0.00423898	0.733609	-0.68372	-0.00554349
71	5.02765e-10	0.816559	-0.580108	7.68796e-05	0.580872	0.816096	0.00527134
72	5.02765e-10	-0.685086	0.703244	-5.57168e-05	-0.726405	-0.700842	0.000716687
73	1.00553e-09	-0.248564	0.965958	0.00105041	-0.964233	-0.259874	0.00196046
74	5.02765e-10	-0.0341867	1.00715	-0.00527216	-0.996367	-0.0313843	-0.00556345
75	5.02765e-10	0.830495	0.535074	0.000258422	-0.560464	0.846206	0.00377167
76	5.02765e-10	0.966659	-0.350241	-0.000265649	0.331919	0.928648	0.00150271
77	5.02765e-10	0.978347	0.14285	0.00328891	-0.153935	0.992482	-0.00145726
78	1.00553e-09	-0.624924	-0.764861	0.00299187	0.778877	-0.64003	-0.00141874
79	5.02765e-10	0.542133	-0.833197	-0.00137388	0.841536	0.546044	0.00504472
80	5.02765e-10	-0.448242	0.89727	0.00934734	-0.890265	-0.434983	-0.00612744
81	5.02765e-10	0.668208	0.705669	0.00509017	-0.740284	0.696363	-0.000700222
82	5.02765e-10	-0.947653	0.347781	0.0014888	-0.343949	-0.937888	0.00209801
83	5.02765e-10	0.718639	0.704766	0.00273897	-0.698383	0.705183	-0.000874096
84	5.02765e-10	-0.936866	0.366168	0.000523492	-0.361539	-0.928513	-0.000676755
85	5.02765e-10	-0.980456	-0.084929	0.00406427	0.0900853	-1.00985	0.000317247
86	5.02765e-10	0.978875	-0.232669	0.00666244	0.22567	0.96727	0.00561867
87	2.01106e-09	-0.970582	0.0415344	-0.000635758	-0.0387087	-1.01828	0.000726492
88	5.02765e-10	-0.446286	-0.887622	0.000931456	0.89646	-0.449205	-0.00083802
89	5.02765e-10	0.917131	0.449134	0.000581676	-0.423933	0.891403	-0.00122874
90	1.00553e-09	0.793692	-0.604152	-0.000264685	0.611261	0.791874	-0.00304917
91	1.00553e-09	-0.770829	0.633523	0.00316875	-0.638541	-0.774665	-0.00188087
92	5.02765e-10	0.418207	-0.908034	0.000976477	0.907906	0.412624	0.000740772
93	5.02765e-10	0.376573	-0.911796	-0.00148786	0.927658	0.387748	0.00100656
94	5.02765e-10	-0.216601	0.986752	-0.002962	-0.967963	-0.216183	-0.00188269
95	5.02765e-10	-0.834164	0.51646	0.00436947	-0.54126	-0.854575	0.000592109
96	5.02765e-10	-1.00477	0.11774	-0.00400755	-0.116817	-0.984004	-0.004934
97	5.02765e-10	0.394815	0.945343	-0.00196598	-0.913162	0.376764	-0.00290932
98	5.02765e-10	-0.631933	0.789786	0.00127669	-0.779694	-0.619186	-0.00558899
99	5.02765e-10	-0.995416	-0.247626	0.000761784	0.237318	-0.956098	-0.0016968
100	5.02765e-10	0.333822	0.951411	-0.00425547	-0.940512	0.330144	-0.00105918
101	5.02765e-10	0.152613	-0.983116	0.00317457	0.987372	0.154347	-0.00101345
102	5.02765e-10	-0.224077	-0.965527	-0.00420148	0.977349	-0.222963	-0.00294079
103	2.51383e-09	-0.996687	0.100399	-0.00230521	-0.0985124	-0.996679	0.00024458
104	2.51383e-09	0.983389	0.166705	-0.00505609	-0.168064	0.986564	-0.000233587
105	5.02765e-10	0.13273	-1.01433	-0.00256349	0.978979	0.127004	-0.00378082
106	5.02765e-10	0.985324	-0.199133	0.00663983	0.204961	0.969841	3.95326e-05
107	5.02765e-10	-0.971689	0.14819	0.00208805	-0.156294	-0.99289	0.00158926
108	5.02765e-10	0.990238	-0.260285	-0.00376832	0.246799	0.955753	-0.00317323
109	1.5083e-09	-0.865158	0.482794	-0.00416695	-0.491699	-0.873356	0.00188761
110	5.02765e-10	-0.663278	-0.748122	-0.00220592	0.74839	-0.662616	0.00326942
111	5.02765e-10	-0.259791	0.999441	-0.000787917	-0.952426	-0.239664	0.00148125
112	5.02765e-10	-0.726897	-0.706936	0.00223747	0.691832	-0.713038	0.00435851
113	5.02765e-10	-0.642934	0.730701	0.000380386	-0.757899	-0.672199	-0.000144914
114	5.02765e-10	0.990759	-0.163404	0.00538926	0.158096	0.982641	-0.00218499
115	5.02765e-10	-0.972717	-0.265084	0.00144855	0.255632	-0.96241	0.00137518
116	1.00553e-09	1.02241	0.118883	-0.000442672	-0.116074	0.976677	-0.000827195
117	5.02765e-10	0.648605	-0.740955	0.00278109	0.753878	0.665311	-0.00236678
118	1.00553e-09	0.309169	0.950622	-0.00187968	-0.953588	0.315306	0.00174671
119	1.00553e-09	-0.99003	0.0909847	-0.00517887	-0.10138	-0.995215	-0.000996858
120	5.02765e-10	-0.0204716	-0.988126	0.00493087	1.00765	-0.01858	-0.000374165
121	5.02765e-10	0.936902	-0.373871	-0.00329146	0.361689	0.924976	0.000118369
122	5.02765e-10	0.683055	-0.742942	-0.00512047	0.721484	0.681916	-0.00279431
123	5.02765e-10	-0.957543	0.140314	-0.000570872	-0.168504	-1.00229	-0.00166272
124	5.02765e-10	-0.612045	0.807358	0.00183714	-0.786656	-0.600618	-0.000934071
125	5.02765e-10	0.514436	0.862155	-0.00330247	-0.855839	0.517305	0.00266715
126	5.02765e-10	-0.934949	0.326946	0.00235222	-0.327746	-0.949552	-0.00292996
127	5.02765e-10	-0.893854	-0.399373	0.00449642	0.405132	-0.92913	0.00468888
128	5.02765e-10	0.778736	-0.616749	-0.0016195	0.614945	0.784843	-0.000830883
129	5.02765e-10	0.32248	0.971064	0.00084937	-0.931974	0.309012	-0.000870935
130	5.02765e-10	-0.919501	-0.482143	-0.00107493	0.457883	-0.864317	0.00201268
131	5.02765e-10	0.527773	-0.827281	-0.00315967	0.852419	0.540278	0.000433836
132	5.02765e-10	0.920579	0.347527	0.00242059	-0.358498	0.939996	-0.000514576
133	5.02765e-10	0.973936	-0.191116	0.00257918	0.188204	0.991148	0.000203213
134	5.02765e-10	0.156518	-1.01524	-0.00245358	0.97468	0.146879	0.00230253
135	5.02765e-10	0.839866	0.469475	0.000577852	-0.486508	0.896283	-0.00170473
136	5.02765e-10	0.891019	0.4239	0.000188485	-0.433301	0.911013	0.00228734
137	5.02765e-10	0.752749	-0.691519	-0.00355878	0.669283	0.724133	-0.00393616
138	5.02765e-10	0.795788	0.615862	0.00300704	-0.614071	0.782766	-0.00241239
139	5.02765e-10	-0.855775	-0.538374	-0.000444627	0.537714	-0.835528	-0.00226375
140	5.02765e-10	-0.990795	0.126939	-0.00389846	-0.120969	-0.989388	-0.000169403
141	5.02765e-10	0.0648537	-1.02889	0.00211638	0.984928	0.0574908	-0.00125968
142	5.02765e-10	0.20377	-1.00886	-0.00336436	0.956987	0.193176	0.000364601
143	5.02765e-10	-0.950979	-0.27815	0.00023625	0.27348	-0.968065	0.0013336
144	5.02765e-10	0.0193254	-0.988783	-0.00172341	1.00834	0.0261025	-0.000651495
145	5.02765e-10	0.971453	0.248332	0.00351421	-0.249493	0.967547	0.00723241
146	5.02765e-10	0.827642	-0.544008	0.00237659	0.555515	0.840508	0.0038364
147	5.02765e-10	0.844408	-0.474902	-0.00094528	0.498718	0.888475	0.00398267
148	5.02765e-10	-0.907923	-0.282863	-0.00201027	0.327666	-0.976413	0.00247033
149	5.02765e-10	-0.979095	-0.278166	0.00715451	0.274261	-0.948796	-0.000110227
150	5.02765e-10	0.941395	0.398157	0.00610076	-0.370282	0.910076	-0.00160927
151	5.02765e-10	0.923518	-0.448601	0.000695577	0.425785	0.888015	-0.0017138
152	1.00553e-09	0.353534	-0.926024	-0.00339708	0.938248	0.357654	-0.00213912
153	5.02765e-10	-0.0284104	0.982342	0.00496624	-1.01094	-0.0448356	0.0083303
154	5.02765e-10	0.901828	0.476659	0.00176477	-0.474097	0.873456	0.000836479
155	5.02765e-10	0.916121	0.365299	-0.00331286	-0.367705	0.934514	-0.000408639
156	5.02765e-10	-0.384615	-0.903051	0.00257373	0.932603	-0.400138	-0.000464159
157	5.02765e-10	-0.834314	-0.500767	0.00117954	0.525702	-0.868416	-0.00266094
158	5.02765e-10	-0.253356	0.962006	0.00403834	-0.974005	-0.25104	0.00253823
159	5.02765e-10	-0.905391	0.446835	-0.00465129	-0.445391	-0.887852	-0.0060473
160	5.02765e-10	0.358546	0.945406	-0.00231368	-0.926724	0.349663	0.00302661
161	1.00553e-09	-0.365395	-0.941269	-0.00174909	0.927509	-0.364841	-0.00100699
162	5.02765e-10	0.495011	0.87885	0.000803646	-0.86696	0.496669	-0.00249496
163	5.02765e-10	-0.970111	-0.0730955	-0.0023516	0.0819257	-1.01577	-0.000702911
164	5.02765e-10	-0.97349	-0.0357403	-0.000926296	0.0423094	-1.01478	-0.00096995
165	5.02765e-10	-0.932386	0.356194	-9.69486e-05	-0.360174	-0.937028	0.00125088
166	5.02765e-10	0.960553	0.214559	8.34415e-05	-0.203591	0.989224	0.00227273
167	5.02765e-10	-0.901675	0.410159	0.00383208	-0.416764	-0.913866	0.0039304
168	1.00553e-09	0.420829	0.888978	5.93589e-05	-0.913561	0.435855	0.000623192
169	5.02765e-10	-1.00392	0.180636	-0.00201048	-0.174101	-0.972692	0.000620157
170	2.01106e-09	-0.286713	0.946437	-0.000724136	-0.964282	-0.290795	-0.0028533
171	5.02765e-10	0.4495	0.882658	0.000281207	-0.892706	0.45924	0.00329089
172	1.5083e-09	-0.255156	0.975449	-0.00217231	-0.961809	-0.249781	-0.00130148
173	5.02765e-10	0.914626	-0.437522	-0.00104187	0.430466	0.90142	-0.00286134
174	5.02765e-10	0.974189	-0.235134	0.00104148	0.233568	0.972777	-2.50956e-05
175	5.02765e-10	0.705512	0.685659	0.00349919	-0.705587	0.719125	0.000524877
176	5.02765e-10	-0.156555	-0.988338	-0.00158994	0.983102	-0.152848	0.00429461
177	1.00553e-09	-0.844641	0.535475	-0.000506797	-0.537757	-0.845046	-0.00359282
178	5.02765e-10	0.00335777	-1.01759	0.000306209	0.993535	0.00193433	0.00071346
179	5.02765e-10	0.0738278	-0.976072	0.0018444	1.00901	0.0810447	0.000663649
180	5.02765e-10	0.770467	0.692607	-0.000425762	-0.654188	0.726429	0.00186771
181	5.02765e-10	-0.749701	0.670641	-0.00057992	-0.661361	-0.745559	0.00479116
182	5.02765e-10	0.0219071	0.97394	-0.00176065	-1.01443	0.0358626	-0.00454116
183	5.02765e-10	-0.0423942	-0.975048	0.00226599	1.00962	-0.0408471	-0.000909691
184	5.02765e-10	-0.347415	-0.927121	0.000139463	0.948993	-0.355395	-0.00403944
185	5.02765e-10	-0.594867	0.810171	-0.00384068	-0.801213	-0.593667	0.0043977
186	5.02765e-10	0.238198	0.987996	-0.000232424	-0.964775	0.234944	-0.00174943
187	5.02765e-10	-0.229404	-0.983698	-5.23236e-05	0.972505	-0.221468	-0.00245866
188	5.02765e-10	-0.940639	0.344251	0.00180012	-0.337042	-0.936014	0.00185244
189	5.02765e-10	0.663366	-0.761935	0.00154484	0.743857	0.661929	-0.000562279
190	5.02765e-10	0.881391	0.437642	0.00142456	-0.450087	0.910451	-0.00025115
191	5.02765e-10	-0.699369	-0.683901	0.0030471	0.712056	-0.729666	0.00123143
192	5.02765e-10	0.745437	0.645836	0.00680106	-0.6594	0.764431	0.00229348
193	5.02765e-10	1.00816	0.117504	-0.00296273	-0.116505	0.982635	-0.00438417
194	5.02765e-10	0.542015	-0.842148	-1.63112e-05	0.843604	0.5387	-0.00213364
195	5.02765e-10	0.110274	-0.986562	-0.00423966	0.994774	0.112975	0.000716939
196	5.02765e-10	-0.337788	0.919537	0.00153226	-0.945963	-0.343695	0.00176065
197	5.02765e-10	0.861069	0.558355	-0.00200993	-0.543838	0.819644	0.00365647
198	5.02765e-10	0.0193628	-0.988848	-0.0017147	1.00578	0.0239455	-0.000101133
199	5.02765e-10	0.524032	0.886396	0.00200368	-0.845775	0.50254	0.00154116
200	5.02765e-10	-0.899589	0.453977	-0.000203708	-0.452814	-0.884564	-0.00223919
201	0	84263.3	-38654	1e+23	0.917828	-0.421022	-0.000174622
202	0	84263.3	-38654	1e+23	0.917828	-0.421022	-0.000174622
203	0	84263.3	-38654	1e+23	0.917828	-0.421022	-0.000174622
204	0	84263.3	-38654	1e+23	0.917828	-0.421022	-0.000174622
205	0	84263.3	-38654	1e+23	0.917828	-0.421022	-0.000174622
206	0	84263.3	-38654	1e+23	0.917828	-0.421022	-0.000174622
207	0	84263.3	-38654	1e+23	0.917828	-0.421022	-0.000174622
208	0	84263.3	-38654	1e+23	0.917828	-0.421022	-0.000174622
209	0	84263.3	-38654	1e+23	0.917828	-0.421022	-0.000174622
210	0	84263.3	-38654	1e+23	0.917828	-0.421022	-0.000174622
211	0	84263.3	-38654	1e+23	0.917828	-0.421022	-0.000174622
212	0	84263.3	-38654	1e+23	0.917828	-0.421022	-0.000174622
213	0	84263.3	-38654	1e+23	0.917828	-0.421022	-0.000174622
214	0	84263.3	-38654	1e+23	0.917828	-0.421022	-0.000174622
215	0	84263.3	-38654	1e+23	0.917828	-0.421022	-0.000174622
216	0	84263.3	-38654	1e+23	0.917828	-0.421022	-0.000174622
217	0	84263.3	-38654	1e+23	0.917828	-0.421022	-0.000174622
218	0	84263.3	-38654	1e+23	0.917828	-0.421022	-0.000174622
219	0	84263.3	-38654	1e+23	0.917828	-0.421022	-0.000174622
220	0	84263.3	-38654	1e+23	0.917828	-0.421022	-0.000174622
221	0	84263.3	-38654	1e+23	0.917828	-0.421022	-0.000174622
222	0	84263.3	-38654	1e+23	0.917828	-0.421022	-0.000174622
223	0	84263.3	-38654	1e+23	0.917828	-0.421022	-0.000174622
224	0	84263.3	-38654	1e+23	0.917828	-0.421022	-0.000174622
225	0	84263.3	-38654	1e+23	0.917828	-0.421022	-0.000174622
226	0	84263.3	-38654	1e+23	0.917828	-0.421022	-0.000174622
227	0	84263.3	-38654	1e+23	0.917828	-0.421022	-0.000174622
228	0	84263.3	-38654	1e+23	0.917828	-0.421022	-0.000174622
229	0	84263.3	-38654	1e+23	0.917828	-0.421022	-0.000174622
230	0	84263.3	-38654	1e+23	0.917828	-0.421022	-0.000174622
231	0	84263.3	-38654	1e+23	0.917828	-0.421022	-0.000174622
232	0	84263.3	-38654	1e+23	0.917828	-0.421022	-0.000174622
233	0	84263.3	-38654	1e+23	0.917828	-0.421022	-0.000174622
234	0	84263.3	-38654	1e+23	0.917828	-0.421022	-0.000174622
235	0	84263.3	-38654	1e+23	0.917828	-0.421022	-0.000174622
236	0	84263.3	-38654	1e+23	0.917828	-0.421022	-0.000174622
237	0	84263.3	-38654	1e+23	0.917828	-0.421022	-0.000174622
238	0	84263.3	-38654	1e+23	0.917828	-0.421022	-0.000174622
239	0	84263.3	-38654	1e+23	0.917828	-0.421022	-0.000174622
240	0	84263.3	-38654	1e+23	0.917828	-0.421022	-0.000174622
241	0	84263.3	-38654	1e+23	0.917828	-0.421022	-0.000174622
242	0	84263.3	-38654	1e+23	0.917828	-0.421022	-0.000174622
243	0	84263.3	-38654	1e+23	0.917828	-0.421022	-0.000174622
244	0	84263.3	-38654	1e+23	0.917828	-0.421022	-0.000174622
245	0	84263.3	-38654	1e+23	0.917828	-0.421022	-0.000174622
246	0	84263.3	-38654	1e+23	0.917828	-0.421022	-0.000174622
247	0	84263.3	-38654	1e+23	0.917828	-0.421022	-0.000174622
248	0	84263.3	-38654	1e+23	0.917828	-0.421022	-0.000174622
249	0	84263.3	-38654	1e+23	0.917828	-0.421022	-0.000174622
250	0	84263.3	-38654	1e+23	0.917828	-0.421022	-0.000174622
251	0	84263.3	-38654	1e+23	0.917828	-0.421022	-0.000174622
252	0	84263.3	-38654	1e+23	0.917828	-0.421022	-0.000174622
253	0	84263.3	-38654	1e+23	0.917828	-0.421022	-0.000174622
254	0	84263.3	-38654	1e+23	0.917828	-0.421022	-0.000174622
255	0	84263.3	-38654	1e+23	0.917828	-0.421022	-0.000174622
256	0	84263.3	-38654	1e+23	0.917828	-0.421022	-0.000174622
257	0	84263.3	-38654	1e+23	0.917828	-0.421022	-0.000174622
258	0	84263.3	-38654	1e+23	0.917828	-0.421022	-0.000174622
259	0	84263.3	-38654	1e+23	0.917828	-0.421022	-0.000174622
260	0	84263.3	-38654	1e+23	0.917828	-0.421022	-0.000174622
261	0	84263.3	-38654	1e+23	0.917828	-0.421022	-0.000174622
262	0	84263.3	-38654	1e+23	0.917828	-0.421022	-0.000174622
263	0	84263.3	-38654	1e+23	0.917828	-0.421022	-0.000174622
264	0	84263.3	-38654	1e+23	0.917828	-0.421022	-0.000174622
265	0	84263.3	-38654	1e+23	0.917828	-0.421022	-0.000174622
266	0	84263.3	-38654	1e+23	0.917828	-0.421022	-0.000174622
267	0	84263.3	-38654	1e+23	0.917828	-0.421022	-0.000174622
268	0	84263.3	-38654	1e+23	0.917828	-0.421022	-0.000174622
269	0	84263.3	-38654	1e+23	0.917828	-0.421022	-0.000174622
270	0	84263.3	-38654	1e+23	0.917828	-0.421022	-0.000174622
271	0	84263.3	-38654	1e+23	0.917828	-0.421022	-0.000174622
272	0	84263.3	-38654	1e+23	0.917828	-0.421022	-0.000174622
273	0	84263.3	-38654	1e+23	0.917828	-0.421022	-0.000174622
274	0	84263.3	-38654	1e+23	0.917828	-0.421022	-0.000174622
275	0	84263.3	-38654	1e+23	0.917828	-0.421022	-0.000174622
276	0	84263.3	-38654	1e+23	0.917828	-0.421022	-0.000174622
277	0	84263.3	-38654	1e+23	0.917828	-0.421022	-0.000174622
278	0	84263.3	-38654	1e+23	0.917828	-0.421022	-0.000174622
279	0	84263.3	-38654	1e+23	0.917828	-0.421022	-0.000174622
280	0	84263.3	-38654	1e+23	0.917828	-0.421022	-0.000174622
281	0	84263.3	-38654	1e+23	0.917828	-0.421022	-0.000174622
282	0	84263.3	-38654	1e+23	0.917828	-0.421022	-0.000174622
283	0	84263.3	-38654	1e+23	0.917828	-0.421022	-0.000174622
284	0	84263.3	-38654	1e+23	0.917828	-0.421022	-0.000174622
285	0	84263.3	-38654	1e+23	0.917828	-0.421022	-0.000174622
286	0	84263.3	-38654	1e+23	0.917828	-0.421022	-0.000174622
287	0	84263.3	-38654	1e+23	0.917828	-0.421022	-0.000174622
288	0	84263.3	-38654	1e+23	0.917828	-0.421022	-0.000174622
289	0	84263.3	-38654	1e+23	0.917828	-0.421022	-0.000174622
290	0	84263.3	-38654	1e+23	0.917828	-0.421022	-0.000174622
291	0	84263.3	-38654	1e+23	0.917828	-0.421022	-0.000174622
292	0	84263.3	-38654	1e+23	0.917828	-0.421022	-0.000174622
293	0	84263.3	-38654	1e+23	0.917828	-0.421022	-0.000174622
294	0	84263.3	-38654	1e+23	0.917828	-0.421022	-0.000174622
295	0	84263.3	-38654	1e+23	0.917828	-0.421022	-0.000174622
296	0	84263.3	-38654	1e+23	0.917828	-0.421022	-0.000174622
297	0	84263.3	-38654	1e+23	0.917828	-0.421022	-0.000174622
298	0	84263.3	-38654	1e+23	0.917828	-0.421022	-0.000174622
299	0	84263.3	-38654	1e+23	0.917828	-0.421022	-0.000174622
300	0	84263.3	-38654	1e+23	0.917828	-0.421022	-0.000174622
