8.351861e+04
301
0	1	-0.000641384	-0.000423437	3.99654e-07	-1.6961e-09	4.56589e-09	3.94424e-11
1	5.02765e-10	0.912161	-0.445337	0.00268983	0.43064	0.891998	-0.00091806
2	2.51383e-09	-0.990145	-0.160023	0.00164724	0.158064	-0.987732	-0.000884854
3	5.02765e-10	0.769858	-0.625652	0.00148007	0.639955	0.776487	-0.00330559
4	5.02765e-10	0.613617	-0.76332	0.000105274	0.788452	0.640136	0.00227386
5	1.5083e-09	-0.088609	0.999587	-0.00492022	-0.994932	-0.0914767	0.00298271
6	1.00553e-09	-0.99545	0.18552	0.000962526	-0.185636	-0.977289	0.00302879
7	2.01106e-09	0.471157	-0.887368	-0.000309952	0.879549	0.471592	0.000674622
8	2.01106e-09	-0.195257	0.976169	-0.000862288	-0.981636	-0.195936	-0.00106683
9	5.02765e-10	-0.157849	0.999726	-0.00440381	-0.980682	-0.158377	0.00176974
10	1.5083e-09	-0.742824	0.664534	-0.000755757	-0.674012	-0.743204	-2.23e-05
11	5.02765e-10	0.224627	0.974335	-0.00281469	-0.975622	0.228721	0.00405071
12	5.02765e-10	0.966757	0.336063	0.00130318	-0.32279	0.931865	0.000451147
13	1.5083e-09	-0.694373	-0.714651	0.00148107	0.716778	-0.700378	0.00199149
14	1.5083e-09	-0.625742	-0.779606	0.00391155	0.778964	-0.62206	0.000660662
15	5.02765e-10	0.2211	-0.979417	-0.0029424	0.979436	0.217948	0.00250108
16	5.02765e-10	-0.972631	-0.19861	-0.00123426	0.202831	-0.978314	0.00161682
17	5.02765e-10	0.736845	-0.704657	0.00201578	0.676852	0.720764	-0.00358282
18	1.5083e-09	0.979904	0.197557	-0.000747081	-0.191951	0.984871	0.000276953
19	1.00553e-09	0.22092	-0.980875	0.000612785	0.974472	0.216344	-0.00547084
20	5.02765e-10	-0.811316	-0.598608	-0.000808582	0.59498	-0.793172	-0.00476734
21	1.00553e-09	-0.225039	-0.997984	0.000748623	0.96248	-0.215994	0.000962337
22	1.00553e-09	0.0414002	-1.00655	-0.00241124	0.989746	0.0417666	-2.04431e-05
23	5.02765e-10	-0.0778141	1.00463	-0.00648064	-0.985952	-0.0756669	-0.00289401
24	1.5083e-09	1.01812	-0.0274221	-0.00117157	0.0251146	0.993039	-0.00109682
25	2.01106e-09	-0.787809	0.604818	0.00228062	-0.616727	-0.792331	-0.00292114
26	5.02765e-10	-0.719308	0.660551	0.000825582	-0.682945	-0.746937	0.00365304
27	1.00553e-09	-0.538772	-0.820834	0.00104596	0.840888	-0.557611	0.00149264
28	5.02765e-10	-0.504932	-0.861775	0.000216134	0.864666	-0.498887	-0.00285108
29	4.02212e-09	-0.728619	-0.714698	0.000205435	0.694171	-0.705596	-0.00163517
30	5.02765e-10	-0.272326	0.969971	-0.00334229	-0.958876	-0.272142	0.00144787
31	5.02765e-10	-0.878487	-0.483764	-0.00604814	0.483497	-0.873118	-0.000106162
32	5.02765e-10	1.02558	-0.0910921	-0.00371867	0.0839391	0.980242	-0.00129713
33	5.02765e-10	0.425272	0.929712	0.00223967	-0.894525	0.415897	-0.00151024
34	5.02765e-10	-0.732424	0.672947	-0.00055425	-0.679878	-0.735385	0.00133458
35	5.02765e-10	-0.63619	0.781845	-0.0027674	-0.765965	-0.636966	0.00360779
36	1.00553e-09	0.129138	0.965495	-0.0013211	-1.00657	0.133765	-0.00404384
37	5.02765e-10	-0.552219	0.828259	0.000188654	-0.828664	-0.565638	0.00316342
38	5.02765e-10	0.850594	0.568308	0.00251599	-0.548013	0.820552	-0.00108993
39	5.02765e-10	0.752289	-0.679967	-0.00285588	0.670943	0.728497	-0.00221075
40	1.00553e-09	-0.979716	-0.226297	-7.05972e-05	0.230922	-0.968894	-0.00294095
41	5.02765e-10	-0.958854	0.163163	-0.000121061	-0.179731	-1.00521	-0.00216932
42	1.00553e-09	-0.931102	-0.371656	-0.00466333	0.367098	-0.929247	-0.0025597
43	3.51936e-09	0.815459	0.553302	-0.000711832	-0.566381	0.832492	-0.0012823
44	5.02765e-10	0.53862	0.834676	0.000788483	-0.835523	0.542256	-0.00266876
45	5.02765e-10	0.654374	0.732046	0.000852591	-0.755414	0.676364	0.00375512
46	5.02765e-10	-0.31175	-0.986835	0.00132198	0.940956	-0.284234	-0.000626502
47	5.02765e-09	0.251288	0.987557	-0.00130137	-0.960082	0.241874	-0.000186577
48	5.02765e-10	0.423608	0.896518	0.0021263	-0.900406	0.444006	0.00210922
49	5.02765e-10	1.00966	0.13301	-0.00163748	-0.135697	0.982799	-0.00122767
50	5.02765e-10	-0.599334	-0.754663	-0.000572943	0.805192	-0.630533	0.00179294
51	1.00553e-09	-0.792118	-0.616081	0.00061391	0.613545	-0.784333	0.00125752
52	2.51383e-09	-0.398508	-0.924131	0.000239884	0.912381	-0.402329	-8.64356e-06
53	1.00553e-09	-0.565022	-0.808875	0.000587083	0.822478	-0.576501	0.00124876
54	5.02765e-10	1.00552	0.0483627	0.00655007	-0.0404506	0.997245	0.00244713
55	5.02765e-10	0.981531	-0.30241	-0.0023668	0.289339	0.940268	0.00191452
56	1.5083e-09	-0.711174	-0.697469	-0.00251742	0.698723	-0.72091	0.000327264
57	5.02765e-10	0.700547	0.69512	-0.000663147	-0.711424	0.707362	-0.000624697
58	5.02765e-10	-1.0163	-0.145089	-0.00118488	0.13833	-0.97563	-0.00174667
59	1.00553e-09	-0.354256	0.931144	0.000102283	-0.938542	-0.35569	-0.00549369
60	5.02765e-10	-0.571262	0.820684	0.00305388	-0.831336	-0.556268	-0.00132512
61	5.02765e-10	0.105029	1.00421	0.00136384	-0.989359	0.111003	-0.000213051
62	5.02765e-10	0.0848918	-0.996315	-0.00298093	0.993386	0.0850887	0.00171394
63	5.02765e-10	0.849059	0.547015	0.00116957	-0.53685	0.837448	0.000139351
64	5.02765e-10	-0.519582	0.865	0.00353271	-0.853474	-0.510051	-0.000451208
65	5.02765e-10	-0.575032	0.838047	0.000433292	-0.81607	-0.560591	0.000917917
66	5.02765e-10	0.842914	0.52108	0.00242818	-0.528164	0.854206	-0.000242242
67	5.02765e-10	0.98253	0.230788	0.00305847	-0.224845	0.971437	-0.00134795
68	1.00553e-09	0.593069	-0.770785	-0.00186266	0.805772	0.616776	0.00118778
69	1.00553e-09	0.0228052	0.990273	0.000617074	-1.00153	0.0224735	0.0032525
70	5.02765e-10	-0.424911	-0.905301	0.00663491	0.914873	-0.411986	0.00244013
71	5.02765e-10	0.585755	0.823394	-0.00345928	-0.805553	0.580599	0.00235919
72	5.02765e-10	0.653217	-0.747713	-0.00025224	0.752716	0.661284	0.00109376
73	1.00553e-09	-0.700786	-0.694108	-0.00137704	0.717765	-0.71322	9.91466e-05
74	5.02765e-10	-0.916392	0.419465	-0.00429381	-0.417352	-0.904648	-0.00673452
75	5.02765e-10	-0.00167722	0.987376	-0.00380309	-1.01798	-0.00220032	0.00152384
76	5.02765e-10	1.01554	0.128363	-0.00173877	-0.124181	0.982007	0.00143848
77	5.02765e-10	0.95332	0.262938	-0.000938788	-0.270334	0.968842	0.00495377
78	1.00553e-09	0.0565673	0.988359	8.45697e-05	-1.0015	0.0594055	-0.00215624
79	5.02765e-10	0.781227	0.619579	-0.00305039	-0.620002	0.783545	0.00222473
80	5.02765e-10	0.961576	-0.162685	-0.00816017	0.174637	1.00445	0.00826756
81	5.02765e-10	0.635192	-0.75242	-0.00445358	0.764903	0.650328	0.00145884
82	5.02765e-10	-0.510441	-0.873732	-0.00238678	0.853654	-0.508604	0.00157162
83	5.02765e-10	-0.338365	-0.933313	0.00234851	0.945642	-0.3458	-0.0022977
84	5.02765e-10	-0.781816	-0.627221	0.00106159	0.628401	-0.782505	-0.000169931
85	5.02765e-10	0.567754	0.827761	-0.000310047	-0.819628	0.560257	-0.0030982
86	5.02765e-10	0.832554	0.554409	0.00270971	-0.558088	0.827227	0.00765972
87	2.01106e-09	0.694851	0.700817	0.000670297	-0.712178	0.703485	0.000646817
88	5.02765e-10	-0.982746	-0.0856864	-0.00245525	0.0850665	-1.00405	-0.00120692
89	5.02765e-10	0.602658	0.825822	0.00162819	-0.789956	0.588788	0.00257559
90	5.02765e-10	-0.218181	-0.96122	-0.00490597	0.986174	-0.223397	0.000338384
91	1.00553e-09	0.664792	-0.753826	0.00138962	0.74732	0.656912	-0.00462356
92	5.02765e-10	-0.781001	0.604034	0.000904485	-0.616052	-0.799137	-5.28108e-05
93	5.02765e-10	0.281304	0.945308	-0.00203154	-0.966754	0.285905	-0.000743326
94	5.02765e-10	-0.969837	0.271957	0.00114347	-0.262538	-0.96135	-0.00567854
95	5.02765e-10	0.682918	0.695179	-0.00463776	-0.727838	0.709135	-0.00157335
96	5.02765e-10	0.0947362	-0.993457	-0.00386248	0.996824	0.103129	-0.00491479
97	5.02765e-10	1.01075	0.174043	0.00278387	-0.167783	0.971856	0.00180695
98	5.02765e-10	0.150662	-1.00955	-0.00442623	0.97719	0.147045	-0.00388126
99	5.02765e-10	0.16467	1.00157	-0.00139751	-0.98095	0.16891	-0.00130496
100	5.02765e-10	0.529054	0.858312	0.00268075	-0.850857	0.520209	-0.00101127
101	5.02765e-10	0.969787	-0.255027	0.00185722	0.256355	0.961767	0.000135409
102	5.02765e-10	0.966752	0.180023	0.00269936	-0.190994	0.991592	0.00107313
103	5.02765e-10	-0.987481	0.0621454	0.00302985	-0.0676967	-1.00181	0.00224255
104	2.51383e-09	0.912318	-0.412251	3.07801e-05	0.415162	0.910038	-0.000694531
105	1.5083e-09	-0.711306	0.690899	-0.00461927	-0.701154	-0.72024	-0.000989128
106	5.02765e-10	-0.205457	0.992352	-0.00384562	-0.972884	-0.204549	-0.00115488
107	5.02765e-10	-0.923379	-0.333622	-0.00530529	0.351641	-0.953864	-0.00531241
108	5.02765e-10	0.394079	-0.899646	0.00451338	0.919178	0.412568	0.000105695
109	5.02765e-10	-0.356693	0.956192	-0.00368126	-0.929238	-0.346789	0.000562127
110	1.5083e-09	0.74212	0.638944	0.00462197	-0.658657	0.769155	-0.000444389
111	5.02765e-10	-0.960631	-0.287326	0.000673552	0.283933	-0.957943	-0.0044779
112	5.02765e-10	0.591536	-0.821365	-1.07728e-05	0.806224	0.581621	-0.00343989
113	5.02765e-10	0.0492809	-1.01921	0.0012636	0.99148	0.0529302	0.000269836
114	5.02765e-10	-0.590734	-0.830648	-0.00530823	0.809787	-0.572877	0.00182793
115	5.02765e-10	-0.889451	-0.373285	0.000784343	0.398755	-0.941455	0.000293062
116	5.02765e-10	-0.619972	0.781691	0.00352699	-0.785357	-0.625218	-0.00486316
117	5.02765e-10	-0.96744	-0.275277	0.000527728	0.266244	-0.96206	-0.0016773
118	1.00553e-09	-0.585553	0.833563	0.00114989	-0.813282	-0.566433	-0.00106542
119	5.02765e-10	-0.785966	0.60166	0.00381984	-0.617655	-0.794809	-0.00103929
120	1.00553e-09	0.430841	0.899289	0.00178288	-0.90865	0.433257	-0.000851542
121	1.00553e-09	-0.802986	0.569355	0.00325842	-0.593477	-0.817583	-0.00199266
122	5.02765e-10	-0.943049	-0.316374	-0.00543158	0.319018	-0.948667	-0.00066052
123	5.02765e-10	0.235894	0.976491	-0.00228955	-0.97156	0.228802	-0.00125813
124	5.02765e-10	-0.20581	0.969499	-0.00490712	-0.99032	-0.206162	0.00195673
125	5.02765e-10	0.316586	-0.929069	-0.00151599	0.943376	0.335504	-0.000498145
126	5.02765e-10	0.892655	0.452259	-0.000466664	-0.443878	0.895055	-0.0023767
127	5.02765e-10	-0.810945	-0.615939	-0.00226924	0.600798	-0.785648	0.00367235
128	5.02765e-10	-0.700527	-0.692162	0.0026474	0.712217	-0.715387	0.00100569
129	5.02765e-10	-0.438505	-0.880958	0.000586264	0.898257	-0.458327	0.00597522
130	5.02765e-10	0.00802386	0.97246	-0.00185634	-1.01891	0.0010996	0.000362548
131	5.02765e-10	-0.908146	0.440585	0.000330525	-0.424034	-0.900216	0.00119713
132	5.02765e-10	0.494445	-0.895312	-0.00097476	0.863989	0.485116	0.0023093
133	5.02765e-10	0.801948	0.571535	-0.00269151	-0.58303	0.820413	-0.00102931
134	5.02765e-10	0.0474379	0.979821	0.00266876	-1.00933	0.0462082	0.00195398
135	5.02765e-10	-0.875661	0.501269	0.00257099	-0.500715	-0.857059	0.00123266
136	5.02765e-10	-0.566548	0.850971	0.00316384	-0.822673	-0.55361	0.00126048
137	5.02765e-10	-0.84305	-0.469213	-0.00193158	0.505862	-0.884592	0.000968308
138	5.02765e-10	-0.933109	0.31515	0.00013875	-0.323901	-0.956638	-0.000846093
139	5.02765e-10	-1.00212	0.121163	-0.0013061	-0.116139	-0.991505	0.00247519
140	5.02765e-10	0.615633	0.795773	0.000820418	-0.789663	0.605682	0.00329222
141	5.02765e-10	-0.707145	-0.728161	0.00181675	0.717131	-0.683385	0.00220895
142	5.02765e-10	0.871758	-0.448935	-0.00231459	0.460396	0.906125	0.000917203
143	5.02765e-10	0.973094	0.359223	6.27366e-06	-0.340156	0.917721	-0.00167355
144	5.02765e-10	-0.951242	-0.324988	0.0023991	0.306037	-0.952404	0.0015541
145	5.02765e-10	0.781942	-0.619483	-0.000542136	0.620266	0.782631	0.00190583
146	5.02765e-10	-0.809854	0.571285	-0.000957199	-0.582457	-0.818071	0.000291198
147	5.02765e-10	-1.00627	0.132822	0.00746848	-0.13349	-0.98347	-0.000429655
148	5.02765e-10	-0.985784	-0.179936	0.00278417	0.183833	-0.979593	-0.00232601
149	5.02765e-10	-0.899642	-0.388702	0.00144194	0.402391	-0.925498	-0.00374369
150	5.02765e-10	-0.332096	-0.876447	-0.00131917	0.978867	-0.36567	0.00382974
151	5.02765e-10	0.238644	-0.978475	0.00670916	0.967429	0.241434	0.00116863
152	5.02765e-10	-0.125966	-0.982298	-0.00743399	1.00622	-0.126033	0.00045266
153	5.02765e-10	0.938198	0.41439	0.00233113	-0.401369	0.901176	0.000889279
154	1.00553e-09	0.361958	-0.92036	0.00479247	0.936667	0.370113	2.56844e-05
155	5.02765e-10	-0.546591	0.812015	0.00183828	-0.836092	-0.577818	0.0101223
156	5.02765e-10	-0.111891	-1.03503	-0.000455696	0.968764	-0.104247	-0.00282304
157	5.02765e-10	0.742699	-0.637198	0.00380128	0.663378	0.765027	-0.00127832
158	5.02765e-10	0.947785	-0.275099	0.000380276	0.288066	0.965968	0.00183933
159	5.02765e-10	-0.671054	-0.710072	0.00234249	0.736626	-0.693509	-3.00478e-05
160	5.02765e-10	0.972259	-0.200101	0.00244142	0.191416	0.985445	-0.00379125
161	5.02765e-10	0.672542	-0.749648	-0.00667208	0.736929	0.670789	0.00369835
162	5.02765e-10	0.753992	-0.661342	0.00343607	0.663131	0.748689	0.00224547
163	1.00553e-09	0.726946	-0.706311	0.00248233	0.693998	0.71166	-0.00028564
164	5.02765e-10	-0.698229	-0.755726	-0.00116134	0.718414	-0.671491	-0.00218661
165	5.02765e-10	-0.859038	0.473671	0.00208736	-0.478699	-0.890225	-0.00173186
166	5.02765e-10	0.932341	0.304298	-0.00191548	-0.311245	0.958733	0.000933082
167	5.02765e-10	0.917105	-0.431296	-0.000254674	0.421521	0.895631	0.00163428
168	5.02765e-10	-0.526231	0.858159	-0.000719292	-0.842121	-0.515651	0.00191651
169	5.02765e-10	0.326677	0.931206	-0.00153074	-0.948653	0.337579	-0.00447614
170	1.00553e-09	0.708908	0.68809	0.00136544	-0.706948	0.719626	0.000396169
171	5.02765e-10	-0.988203	0.267096	-0.00076131	-0.259976	-0.950676	-0.000980713
172	5.02765e-10	-0.903586	0.397271	0.00156074	-0.409955	-0.925117	-0.0066094
173	5.02765e-10	0.95883	0.216037	-0.000496697	-0.221057	0.985233	-0.00388899
174	1.5083e-09	-0.888384	-0.466453	-0.000242612	0.464989	-0.883088	-0.00120509
175	5.02765e-10	0.541979	0.843518	0.000673412	-0.834679	0.546281	0.00214367
176	5.02765e-10	-1.00183	-0.25694	-0.0012744	0.250304	-0.946954	0.00203122
177	5.02765e-10	-0.965673	0.287125	0.00265733	-0.286282	-0.954625	-0.000235002
178	5.02765e-10	-0.299194	0.928642	0.00220633	-0.965877	-0.31228	0.00261538
179	5.02765e-10	0.322271	0.923966	0.00107825	-0.959497	0.3301	0.00335248
180	1.00553e-09	-0.916686	0.417339	0.00197839	-0.411731	-0.909343	0.002914
181	1.5083e-09	-0.428329	-0.890657	0.000876169	0.9061	-0.438521	-0.00150885
182	5.02765e-10	0.453868	-0.910157	0.000854029	0.890591	0.440554	0.00169518
183	5.02765e-10	-0.973568	-0.129231	-0.00155401	0.134658	-0.998492	-0.00149715
184	5.02765e-10	0.992633	0.294176	-0.00268139	-0.27472	0.938933	-0.00101308
185	5.02765e-10	-0.671267	0.753545	-0.00295585	-0.740797	-0.662826	-0.00488518
186	5.02765e-10	-0.84579	0.5082	0.000559759	-0.525751	-0.855265	-0.00421798
187	5.02765e-10	-0.598169	-0.773005	0.000675647	0.799366	-0.617051	0.00200488
188	5.02765e-10	-0.994829	-0.0993672	-0.00180305	0.115136	-0.995385	0.00213112
189	5.02765e-10	-0.882023	0.479145	-0.00615405	-0.470943	-0.880574	-0.00362942
190	5.02765e-10	0.674744	-0.766957	0.000399038	0.738563	0.658001	-0.00222591
191	5.02765e-10	0.680525	0.746432	0.000345698	-0.733096	0.672852	-0.000241651
192	5.02765e-10	-0.694985	-0.692933	-0.00181774	0.713888	-0.713059	0.000822157
193	1.00553e-09	0.970781	0.21808	0.00194726	-0.217503	0.979553	-0.00421515
194	5.02765e-10	0.806286	0.546075	-0.000664036	-0.57214	0.843332	-0.00134267
195	5.02765e-10	0.11158	0.994072	0.0024347	-0.996715	0.115628	0.000414295
196	5.02765e-10	-1.01364	-0.0060215	0.00167943	-0.00380641	-0.987389	0.00196474
197	5.02765e-10	-0.976004	-0.157036	-0.00284641	0.171204	-0.995438	-0.00146787
198	5.02765e-10	0.502262	-0.857055	-0.00569693	0.860898	0.514481	-0.00373672
199	5.02765e-10	-0.904371	0.449175	-0.00294293	-0.444192	-0.89415	-0.00249097
200	5.02765e-10	0.714107	-0.697578	0.00198389	0.704354	0.713893	0.000941911
201	5.02765e-10	-0.452032	-0.879294	0.00260868	0.893467	-0.460966	-0.00213231
202	5.02765e-10	0.725881	0.64912	-0.0020862	-0.669405	0.759231	0.00101928
203	5.02765e-10	0.502823	0.886644	-0.00411771	-0.867396	0.477624	0.000806851
204	5.02765e-10	-0.809905	0.571323	-0.000954141	-0.579305	-0.815506	4.57584e-05
205	5.02765e-10	-0.54615	0.87333	0.000936594	-0.833013	-0.523912	0.0012398
206	5.02765e-10	-0.986646	0.209323	0.00157191	-0.216125	-0.968962	0.00045961
207	0	77401	-35506.1	1e+23	0.917828	-0.421022	-0.000174622
208	0	77401	-35506.1	1e+23	0.917828	-0.421022	-0.000174622
209	0	77401	-35506.1	1e+23	0.917828	-0.421022	-0.000174622
210	0	77401	-35506.1	1e+23	0.917828	-0.421022	-0.000174622
211	0	77401	-35506.1	1e+23	0.917828	-0.421022	-0.000174622
212	0	77401	-35506.1	1e+23	0.917828	-0.421022	-0.000174622
213	0	77401	-35506.1	1e+23	0.917828	-0.421022	-0.000174622
214	0	77401	-35506.1	1e+23	0.917828	-0.421022	-0.000174622
215	0	77401	-35506.1	1e+23	0.917828	-0.421022	-0.000174622
216	0	77401	-35506.1	1e+23	0.917828	-0.421022	-0.000174622
217	0	77401	-35506.1	1e+23	0.917828	-0.421022	-0.000174622
218	0	77401	-35506.1	1e+23	0.917828	-0.421022	-0.000174622
219	0	77401	-35506.1	1e+23	0.917828	-0.421022	-0.000174622
220	0	77401	-35506.1	1e+23	0.917828	-0.421022	-0.000174622
221	0	77401	-35506.1	1e+23	0.917828	-0.421022	-0.000174622
222	0	77401	-35506.1	1e+23	0.917828	-0.421022	-0.000174622
223	0	77401	-35506.1	1e+23	0.917828	-0.421022	-0.000174622
224	0	77401	-35506.1	1e+23	0.917828	-0.421022	-0.000174622
225	0	77401	-35506.1	1e+23	0.917828	-0.421022	-0.000174622
226	0	77401	-35506.1	1e+23	0.917828	-0.421022	-0.000174622
227	0	77401	-35506.1	1e+23	0.917828	-0.421022	-0.000174622
228	0	77401	-35506.1	1e+23	0.917828	-0.421022	-0.000174622
229	0	77401	-35506.1	1e+23	0.917828	-0.421022	-0.000174622
230	0	77401	-35506.1	1e+23	0.917828	-0.421022	-0.000174622
231	0	77401	-35506.1	1e+23	0.917828	-0.421022	-0.000174622
232	0	77401	-35506.1	1e+23	0.917828	-0.421022	-0.000174622
233	0	77401	-35506.1	1e+23	0.917828	-0.421022	-0.000174622
234	0	77401	-35506.1	1e+23	0.917828	-0.421022	-0.000174622
235	0	77401	-35506.1	1e+23	0.917828	-0.421022	-0.000174622
236	0	77401	-35506.1	1e+23	0.917828	-0.421022	-0.000174622
237	0	77401	-35506.1	1e+23	0.917828	-0.421022	-0.000174622
238	0	77401	-35506.1	1e+23	0.917828	-0.421022	-0.000174622
239	0	77401	-35506.1	1e+23	0.917828	-0.421022	-0.000174622
240	0	77401	-35506.1	1e+23	0.917828	-0.421022	-0.000174622
241	0	77401	-35506.1	1e+23	0.917828	-0.421022	-0.000174622
242	0	77401	-35506.1	1e+23	0.917828	-0.421022	-0.000174622
243	0	77401	-35506.1	1e+23	0.917828	-0.421022	-0.000174622
244	0	77401	-35506.1	1e+23	0.917828	-0.421022	-0.000174622
245	0	77401	-35506.1	1e+23	0.917828	-0.421022	-0.000174622
246	0	77401	-35506.1	1e+23	0.917828	-0.421022	-0.000174622
247	0	77401	-35506.1	1e+23	0.917828	-0.421022	-0.000174622
248	0	77401	-35506.1	1e+23	0.917828	-0.421022	-0.000174622
249	0	77401	-35506.1	1e+23	0.917828	-0.421022	-0.000174622
250	0	77401	-35506.1	1e+23	0.917828	-0.421022	-0.000174622
251	0	77401	-35506.1	1e+23	0.917828	-0.421022	-0.000174622
252	0	77401	-35506.1	1e+23	0.917828	-0.421022	-0.000174622
253	0	77401	-35506.1	1e+23	0.917828	-0.421022	-0.000174622
254	0	77401	-35506.1	1e+23	0.917828	-0.421022	-0.000174622
255	0	77401	-35506.1	1e+23	0.917828	-0.421022	-0.000174622
256	0	77401	-35506.1	1e+23	0.917828	-0.421022	-0.000174622
257	0	77401	-35506.1	1e+23	0.917828	-0.421022	-0.000174622
258	0	77401	-35506.1	1e+23	0.917828	-0.421022	-0.000174622
259	0	77401	-35506.1	1e+23	0.917828	-0.421022	-0.000174622
260	0	77401	-35506.1	1e+23	0.917828	-0.421022	-0.000174622
261	0	77401	-35506.1	1e+23	0.917828	-0.421022	-0.000174622
262	0	77401	-35506.1	1e+23	0.917828	-0.421022	-0.000174622
263	0	77401	-35506.1	1e+23	0.917828	-0.421022	-0.000174622
264	0	77401	-35506.1	1e+23	0.917828	-0.421022	-0.000174622
265	0	77401	-35506.1	1e+23	0.917828	-0.421022	-0.000174622
266	0	77401	-35506.1	1e+23	0.917828	-0.421022	-0.000174622
267	0	77401	-35506.1	1e+23	0.917828	-0.421022	-0.000174622
268	0	77401	-35506.1	1e+23	0.917828	-0.421022	-0.000174622
269	0	77401	-35506.1	1e+23	0.917828	-0.421022	-0.000174622
270	0	77401	-35506.1	1e+23	0.917828	-0.421022	-0.000174622
271	0	77401	-35506.1	1e+23	0.917828	-0.421022	-0.000174622
272	0	77401	-35506.1	1e+23	0.917828	-0.421022	-0.000174622
273	0	77401	-35506.1	1e+23	0.917828	-0.421022	-0.000174622
274	0	77401	-35506.1	1e+23	0.917828	-0.421022	-0.000174622
275	0	77401	-35506.1	1e+23	0.917828	-0.421022	-0.000174622
276	0	77401	-35506.1	1e+23	0.917828	-0.421022	-0.000174622
277	0	77401	-35506.1	1e+23	0.917828	-0.421022	-0.000174622
278	0	77401	-35506.1	1e+23	0.917828	-0.421022	-0.000174622
279	0	77401	-35506.1	1e+23	0.917828	-0.421022	-0.000174622
280	0	77401	-35506.1	1e+23	0.917828	-0.421022	-0.000174622
281	0	77401	-35506.1	1e+23	0.917828	-0.421022	-0.000174622
282	0	77401	-35506.1	1e+23	0.917828	-0.421022	-0.000174622
283	0	77401	-35506.1	1e+23	0.917828	-0.421022	-0.000174622
284	0	77401	-35506.1	1e+23	0.917828	-0.421022	-0.000174622
285	0	77401	-35506.1	1e+23	0.917828	-0.421022	-0.000174622
286	0	77401	-35506.1	1e+23	0.917828	-0.421022	-0.000174622
287	0	77401	-35506.1	1e+23	0.917828	-0.421022	-0.000174622
288	0	77401	-35506.1	1e+23	0.917828	-0.421022	-0.000174622
289	0	77401	-35506.1	1e+23	0.917828	-0.421022	-0.000174622
290	0	77401	-35506.1	1e+23	0.917828	-0.421022	-0.000174622
291	0	77401	-35506.1	1e+23	0.917828	-0.421022	-0.000174622
292	0	77401	-35506.1	1e+23	0.917828	-0.421022	-0.000174622
293	0	77401	-35506.1	1e+23	0.917828	-0.421022	-0.000174622
294	0	77401	-35506.1	1e+23	0.917828	-0.421022	-0.000174622
295	0	77401	-35506.1	1e+23	0.917828	-0.421022	-0.000174622
296	0	77401	-35506.1	1e+23	0.917828	-0.421022	-0.000174622
297	0	77401	-35506.1	1e+23	0.917828	-0.421022	-0.000174622
298	0	77401	-35506.1	1e+23	0.917828	-0.421022	-0.000174622
299	0	77401	-35506.1	1e+23	0.917828	-0.421022	-0.000174622
300	0	77401	-35506.1	1e+23	0.917828	-0.421022	-0.000174622
