5.117870e+04
301
0	1	-0.000376296	-0.000248405	2.34439e-07	-2.25415e-08	4.52008e-10	2.57963e-11
1	5.02765e-10	1.00353	-0.0241304	0.00215798	0.0226982	0.997662	-0.000441486
2	5.02765e-10	0.670082	0.746751	0.00141957	-0.73956	0.66523	-0.00452839
3	5.02765e-10	-0.709576	-0.702316	-0.00187542	0.705318	-0.714789	9.1164e-05
4	5.02765e-10	0.827664	0.539127	0.00449961	-0.544697	0.845394	0.000735534
5	1.5083e-09	0.778203	-0.610663	-0.00169094	0.616016	0.795345	-0.00102701
6	1.00553e-09	-0.743789	-0.687426	0.00354296	0.67178	-0.730409	0.000369951
7	2.01106e-09	-0.0835868	-1.00241	0.00270226	0.994142	-0.0781698	0.001775
8	5.02765e-10	0.871783	-0.474838	0.00226513	0.484037	0.879571	-0.00124027
9	5.02765e-10	0.568554	-0.832192	-0.00364175	0.823094	0.566509	0.00024436
10	1.5083e-09	-0.0520167	-1.00099	-0.000112822	1.0021	-0.0527301	0.00226613
11	5.02765e-10	-0.998517	0.0418076	-0.00255081	-0.0469095	-0.998397	0.00049315
12	5.02765e-10	0.92983	-0.425715	0.00089001	0.407176	0.900889	0.000451744
13	1.00553e-09	0.607835	-0.79788	0.00176001	0.795188	0.60703	0.00122063
14	1.00553e-09	0.556768	0.819691	0.00162244	-0.830459	0.564828	-0.00156502
15	5.02765e-10	-0.360882	-0.948901	-0.00113236	0.928889	-0.345929	0.00550102
16	5.02765e-10	-0.042071	-0.997628	-4.21727e-05	0.996989	-0.043945	-0.00201103
17	5.02765e-10	0.881696	0.502442	0.0028971	-0.497924	0.860315	0.00109884
18	1.00553e-09	0.348966	-0.940857	0.00163764	0.934933	0.350225	-0.00170461
19	1.00553e-09	-0.771612	-0.616094	0.00146141	0.623793	-0.792121	-0.000316015
20	5.02765e-10	-1.01544	-0.027049	-0.00131262	0.0254065	-0.988761	0.00070731
21	5.02765e-10	1.01185	0.0962525	-0.00521401	-0.0977144	0.987675	-0.00523216
22	5.02765e-10	0.612366	0.764756	0.000452715	-0.789644	0.63486	-0.0022294
23	5.02765e-10	0.155951	0.986633	-0.000369735	-0.991964	0.162966	-0.000942787
24	1.5083e-09	0.944149	0.371963	-0.000383311	-0.364535	0.924855	-0.00102975
25	1.5083e-09	0.776577	0.63712	0.00269503	-0.63655	0.768554	-0.000413709
26	5.02765e-10	0.230083	0.953365	0.00217174	-0.983096	0.235359	-0.00264233
27	1.00553e-09	0.939504	0.31298	-2.43483e-05	-0.318513	0.951852	0.00158359
28	5.02765e-10	-0.950654	-0.274613	0.00111162	0.27424	-0.967225	-0.00140011
29	4.02212e-09	-0.306829	0.955071	0.00123474	-0.950588	-0.305464	0.000214254
30	5.02765e-10	1.01895	0.0434052	-0.000897195	-0.0405128	0.991323	5.74545e-05
31	5.02765e-10	-1.00589	0.0789031	0.00579142	-0.073861	-0.992956	-0.00148654
32	5.02765e-10	-1.01546	-0.143174	-0.000743674	0.134293	-0.979509	0.00104894
33	5.02765e-10	-0.124336	-1.01253	0.00446336	0.982433	-0.114267	0.00298906
34	5.02765e-10	-0.037815	-1.00275	0.00344704	0.994225	-0.0372202	0.00111445
35	5.02765e-10	1.00643	-0.0147871	-0.00178354	0.014523	0.994594	0.000708226
36	5.02765e-10	-0.323216	-0.962071	0.00329214	0.94497	-0.305254	0.00293646
37	1.00553e-09	-0.139463	-0.973592	0.00175535	0.998023	-0.141668	-0.00223599
38	5.02765e-10	0.727037	-0.669729	-0.00183881	0.684319	0.742202	-0.00277288
39	5.02765e-10	-0.871229	0.508657	0.00142262	-0.493482	-0.859319	-0.00238042
40	5.02765e-10	-1.01828	0.0640907	0.00188005	-0.0492235	-0.98886	-0.00150404
41	1.00553e-09	-0.8803	-0.461813	0.00412112	0.467363	-0.88914	0.00141693
42	5.02765e-10	-0.73767	-0.667391	0.00112698	0.668528	-0.748256	-0.00100613
43	1.00553e-09	-0.707966	-0.699605	-0.0031192	0.704098	-0.712709	-0.000461716
44	3.51936e-09	-0.991353	0.0529205	0.00286923	-0.0555431	-1.00334	0.00102563
45	5.02765e-10	0.109861	-0.975874	0.00275847	1.00344	0.122023	-0.00132541
46	5.02765e-10	-0.490713	-0.858898	0.0015426	0.872178	-0.504385	-0.00160325
47	5.02765e-10	-0.745131	0.711729	0.00208452	-0.682553	-0.706498	0.000530261
48	5.02765e-10	0.432451	-0.914689	0.00140312	0.899469	0.427874	-0.000402561
49	5.02765e-10	0.769328	-0.632945	0.000300444	0.627462	0.778036	0.00231731
50	2.01106e-09	-0.939885	-0.31972	0.000893108	0.323919	-0.950518	-0.000113714
51	3.51936e-09	0.887602	0.49058	-0.000118003	-0.479865	0.871059	-0.000267695
52	5.02765e-10	-0.257531	-0.993478	-0.000277014	0.956115	-0.24409	-0.0011081
53	5.02765e-10	0.528345	0.82341	-0.00163723	-0.848815	0.542115	0.00266725
54	1.00553e-09	0.834626	-0.527174	-0.000574162	0.538684	0.85021	0.00165054
55	1.00553e-09	-0.940178	0.377105	-0.00157761	-0.368186	-0.922886	-0.00283983
56	1.00553e-09	0.819585	-0.54303	0.0041302	0.553381	0.843981	0.000200008
57	5.02765e-10	0.959383	0.294259	0.0038316	-0.293438	0.957841	0.00445787
58	5.02765e-10	-0.74398	-0.686664	-0.00181506	0.675414	-0.729013	-0.00253744
59	1.5083e-09	0.973742	-0.22105	0.00151757	0.223242	0.976203	-0.00265291
60	5.02765e-10	-0.0312188	0.977869	0.00188273	-1.01101	-0.0384417	0.00193174
61	5.02765e-10	-0.723019	0.72579	0.00370322	-0.699661	-0.696382	3.84256e-05
62	1.00553e-09	0.292901	-0.952624	0.00288635	0.960852	0.290422	0.00138487
63	5.02765e-10	0.677292	0.75176	0.0032718	-0.747906	0.652634	0.00109037
64	5.02765e-10	-0.922851	-0.436999	-0.00353598	0.419166	-0.894516	-0.00168111
65	5.02765e-10	0.965569	0.206328	-0.00250091	-0.212207	0.984328	0.00148755
66	5.02765e-10	0.850295	-0.531266	0.000960928	0.528568	0.843191	-0.00097706
67	5.02765e-10	-0.572158	-0.82854	0.000537357	0.819345	-0.566943	-0.000341155
68	5.02765e-10	0.369028	-0.94771	-0.00318436	0.925561	0.358598	-0.00150402
69	5.02765e-10	-0.847869	-0.513169	0.000231448	0.522779	-0.860732	7.16351e-06
70	5.02765e-10	0.0961035	-1.01906	-0.00102223	0.980184	0.0958173	0.00168565
71	5.02765e-10	-0.566453	0.779512	0.00156851	-0.824169	-0.607984	-3.74483e-05
72	1.00553e-09	-0.784233	0.605703	0.00149954	-0.620104	-0.789765	0.00200518
73	5.02765e-10	0.705405	-0.724901	-0.000767586	0.701439	0.703297	-0.0097876
74	5.02765e-10	0.199105	0.981562	-0.00282044	-0.977085	0.208415	-0.00242354
75	5.02765e-10	0.0143165	-0.981503	-0.000297798	1.00948	0.0216434	-0.000590893
76	5.02765e-10	0.868733	0.497191	-0.000839982	-0.494608	0.864379	-0.00170857
77	5.02765e-10	-0.961178	-0.325537	-0.00891205	0.321012	-0.94066	0.00220308
78	5.02765e-10	-0.984513	-0.074066	-0.00466133	0.0728177	-1.01567	0.00321547
79	5.02765e-10	-1.02578	-0.0327045	-0.00178398	0.0319705	-0.986856	-0.00204907
80	5.02765e-10	-0.973242	0.162663	-0.000100674	-0.17312	-0.994779	-0.00285639
81	1.00553e-09	0.674132	-0.722947	7.9117e-05	0.734048	0.684952	0.0022673
82	5.02765e-10	-0.21426	-1.00181	-0.000696599	0.966563	-0.211805	0.000475863
83	5.02765e-10	0.988493	0.18121	0.000925487	-0.184091	0.980088	-0.00466279
84	5.02765e-10	0.613178	0.751938	0.00535689	-0.791279	0.64903	-0.00796457
85	1.00553e-09	-0.875221	-0.488402	-0.000732281	0.483337	-0.875871	-0.00326844
86	5.02765e-10	0.278941	-0.939475	0.00138576	0.9694	0.286231	-0.00247474
87	5.02765e-10	-0.972814	-0.210814	-0.00320058	0.216306	-0.98298	0.00445953
88	5.02765e-10	-0.694801	-0.70752	0.00137856	0.721483	-0.698406	-0.00251476
89	5.02765e-10	0.968779	-0.265202	-0.00239961	0.270355	0.95996	0.00149854
90	5.02765e-10	0.996938	-0.0758833	-0.000860041	0.0852756	0.999149	0.00306754
91	5.02765e-10	-0.438388	-0.889338	-0.00508255	0.904683	-0.441186	-0.00870039
92	2.01106e-09	-0.965769	0.199464	-0.00108929	-0.202747	-0.98578	-0.000370686
93	5.02765e-10	-0.292933	-0.9314	-0.00326211	0.966438	-0.302125	-0.00177529
94	5.02765e-10	0.334457	-0.966972	-0.00242072	0.929202	0.3242	-0.00035856
95	5.02765e-10	-0.895155	0.429887	-0.00017565	-0.434949	-0.904008	-0.00361114
96	1.00553e-09	-0.77211	0.625816	0.00149932	-0.631811	-0.779981	-0.00110096
97	5.02765e-10	-0.978878	-0.067762	-0.000632346	0.070521	-1.00773	0.00137004
98	5.02765e-10	0.00179774	-0.989939	0.000756924	1.00216	-0.00337847	0.00068252
99	5.02765e-10	0.589757	-0.808907	0.00221118	0.81358	0.590238	-0.00325758
100	5.02765e-10	-0.621321	0.768822	-0.000340668	-0.78346	-0.631685	-0.000500295
101	5.02765e-10	-0.768088	-0.61581	0.000148802	0.627688	-0.794699	-0.000697115
102	5.02765e-10	0.733567	-0.713067	0.00201461	0.689548	0.711152	0.00201762
103	5.02765e-10	-0.248883	0.967756	-0.00360058	-0.971653	-0.247782	0.000580876
104	5.02765e-10	-0.949231	0.387079	0.000929191	-0.380637	-0.911465	7.9351e-05
105	5.02765e-10	-0.59503	-0.814353	-0.00254838	0.808733	-0.585589	-0.00153797
106	5.02765e-10	-0.751188	0.649574	-0.000658036	-0.658818	-0.756985	0.000340024
107	5.02765e-10	0.0609108	0.994407	0.00477002	-0.997306	0.0588807	0.000692684
108	5.02765e-10	-0.521628	0.828969	0.000837712	-0.856534	-0.543688	-0.00266672
109	2.51383e-09	-0.594813	-0.802298	0.00204097	0.806344	-0.592476	0.00142177
110	1.5083e-09	0.218139	-0.975987	-3.35818e-05	0.975412	0.21533	-0.000930772
111	5.02765e-10	0.966192	0.321088	0.0017382	-0.31434	0.939969	0.00379349
112	5.02765e-10	0.888628	-0.414011	-0.00495468	0.434602	0.919273	0.00514089
113	5.02765e-10	0.739315	0.629049	0.0016516	-0.665097	0.772689	0.00112094
114	5.02765e-10	0.713985	0.708989	-0.00277719	-0.701826	0.708091	-0.00218997
115	1.00553e-09	-0.942303	-0.288293	8.89434e-05	0.293543	-0.962	-0.00182751
116	5.02765e-10	0.753703	0.648195	0.000884878	-0.654896	0.758478	0.000136448
117	5.02765e-10	0.95653	0.337129	0.0024689	-0.331761	0.936242	-0.000643354
118	5.02765e-10	0.999434	0.110808	-0.000781162	-0.105003	0.992746	-0.0013828
119	5.02765e-10	-0.870448	-0.542533	0.00125092	0.521742	-0.835715	-0.00404817
120	5.02765e-10	-0.981751	-0.0583667	0.00138134	0.0621138	-1.00524	0.00116125
121	5.02765e-10	0.90909	0.433116	-0.00294706	-0.427235	0.898693	0.00654054
122	5.02765e-10	0.970497	-0.269195	-0.00134038	0.269829	0.957693	0.00166663
123	1.00553e-09	-0.379991	0.943301	-0.00222417	-0.920215	-0.369731	0.00181215
124	5.02765e-10	-0.980989	0.0993434	0.00266513	-0.0969448	-1.00353	-0.0024248
125	5.02765e-10	-0.539357	-0.868379	-0.00670571	0.841593	-0.517471	0.00350644
126	1.00553e-09	0.659265	0.742498	-0.000197525	-0.752759	0.657108	0.00119729
127	5.02765e-10	-0.581718	-0.812573	0.00286387	0.809029	-0.587075	-0.000281026
128	5.02765e-10	-0.98082	0.208103	-0.00143132	-0.206293	-0.974471	0.000821292
129	5.02765e-10	0.998274	-0.237478	0.000118503	0.23206	0.952774	-3.52166e-05
130	5.02765e-10	-0.517499	-0.836883	-0.00226153	0.854446	-0.517929	-0.000711219
131	5.02765e-10	-0.880577	0.477126	-0.00175437	-0.481569	-0.875781	-0.00274629
132	5.02765e-10	-1.00817	-0.0967791	0.00094486	0.0865652	-0.991535	0.00345025
133	5.02765e-10	0.118833	0.9956	-0.00396944	-0.990974	0.118161	0.000547538
134	5.02765e-10	0.89717	0.422247	-0.00331221	-0.431339	0.907961	0.00257648
135	5.02765e-10	-0.96078	0.186388	-0.00371179	-0.194844	-0.994664	-0.000822744
136	5.02765e-10	0.978676	0.12729	0.00347043	-0.132338	0.99262	-0.00266774
137	5.02765e-10	-0.337114	0.92398	-0.000389088	-0.948444	-0.347467	0.000341936
138	5.02765e-10	-0.768241	-0.651391	-0.00251479	0.645422	-0.759218	-0.000930198
139	5.02765e-10	-1.01192	0.155011	-0.00156227	-0.149986	-0.974933	0.000546534
140	5.02765e-10	0.0433205	-0.984026	-0.00284824	1.00663	0.0506283	-0.00110631
141	5.02765e-10	0.261338	0.949017	-0.00318168	-0.974279	0.267	0.0011703
142	5.02765e-10	-0.912469	0.426773	0.001033	-0.419276	-0.904095	0.00322759
143	5.02765e-10	0.664899	0.778105	0.000287216	-0.751763	0.642249	0.00280292
144	5.02765e-10	0.148556	-0.946676	0.00119744	1.01486	0.151865	-0.000445622
145	5.02765e-10	-0.885794	0.430757	-0.00153925	-0.435962	-0.9091	0.00124628
146	5.02765e-10	0.931322	-0.416101	-0.000283486	0.401167	0.905253	-0.00217422
147	5.02765e-10	0.984414	-0.245921	-0.00231344	0.246762	0.960094	0.00174993
148	5.02765e-10	-0.853816	-0.550891	0.00152479	0.536083	-0.830513	0.00062736
149	5.02765e-10	0.926327	-0.414226	0.000482729	0.405055	0.902277	0.00157341
150	5.02765e-10	0.562086	0.863642	0.00134402	-0.825649	0.534957	-0.00230449
151	5.02765e-10	0.914867	-0.463289	0.00156192	0.447667	0.873311	0.00180426
152	5.02765e-10	-0.550961	0.830943	-0.000614015	-0.830546	-0.556891	0.000857205
153	5.02765e-10	0.956124	0.255476	-0.00326529	-0.262893	0.966624	0.00131328
154	5.02765e-10	-1.00099	-0.206154	-0.00175525	0.19382	-0.969029	0.000941942
155	5.02765e-10	0.988424	0.0332027	-0.000758264	-0.0391258	1.00769	-0.00202786
156	5.02765e-10	-0.148286	-0.964772	0.000810568	0.999566	-0.15878	-0.00245337
157	5.02765e-10	-0.51431	0.813973	0.00302117	-0.847781	-0.562204	0.00228292
158	5.02765e-10	0.64284	-0.771391	-0.00108446	0.767995	0.638292	0.000787855
159	5.02765e-10	0.983376	-0.0910671	-0.00302223	0.0904134	1.01177	0.00451843
160	5.02765e-10	-0.463037	0.901421	-0.000349061	-0.883383	-0.454068	-0.00285732
161	5.02765e-10	-0.996382	-0.0931212	0.000990263	0.0864236	-0.996583	-0.000997091
162	5.02765e-10	0.157934	0.989372	0.0107945	-0.978104	0.157613	0.00160455
163	5.02765e-10	1.01374	-0.158894	0.00024809	0.147557	0.973378	-0.000605555
164	5.02765e-10	-0.2221	-0.937924	0.00122047	0.996603	-0.235857	0.00156487
165	5.02765e-10	-0.226632	-0.977356	-0.0029488	0.973116	-0.220492	-0.000526909
166	5.02765e-10	0.348385	-0.91521	0.00135895	0.945161	0.357466	-1.22917e-05
167	5.02765e-10	0.0853481	0.992165	0.000145194	-0.995067	0.0765443	-0.000132146
168	5.02765e-10	-0.0888149	-1.01134	0.00189274	0.986387	-0.0921672	-0.0043874
169	5.02765e-10	-1.01515	-0.0289253	0.00127424	0.0296463	-0.987271	0.00459142
170	5.02765e-10	-0.694524	0.710797	-0.00520081	-0.722149	-0.700405	-0.00156341
171	5.02765e-10	-0.843058	0.575352	0.000901121	-0.556738	-0.815375	-0.00214181
172	5.02765e-10	0.898344	0.507866	-0.000543864	-0.48305	0.854733	-0.000928089
173	5.02765e-10	-0.947096	0.298295	-0.00154389	-0.301624	-0.953321	0.000895143
174	5.02765e-10	0.577115	0.788148	-0.00277195	-0.815416	0.59786	0.00115296
175	5.02765e-10	-1.0151	-0.0524005	0.00330806	0.0532184	-0.99056	0.000416784
176	5.02765e-10	0.819218	-0.518403	-0.00150639	0.534896	0.871829	-0.00107502
177	5.02765e-10	0.826586	-0.543784	-0.000185162	0.557179	0.837001	-0.00160083
178	5.02765e-10	0.0485321	1.00429	-0.00153942	-0.995909	0.0528559	0.00151782
179	1.00553e-09	-0.753359	-0.640011	-0.00262301	0.654064	-0.766655	0.00088243
180	5.02765e-10	-0.97297	0.166731	-0.002237	-0.167433	-0.992215	0.00236575
181	5.02765e-10	0.851763	-0.551452	-0.00199527	0.535037	0.834527	0.00197253
182	5.02765e-10	-0.811153	0.605872	-0.0006837	-0.598037	-0.790612	0.0013119
183	5.02765e-10	0.12934	0.991362	0.00321806	-0.990992	0.126259	-0.00113553
184	5.02765e-10	0.799957	0.580107	-0.00120975	-0.593033	0.817926	-0.00108349
185	5.02765e-10	-0.788651	-0.610398	0.000993115	0.614854	-0.78793	0.0007018
186	5.02765e-10	0.944711	-0.278849	0.000203839	0.2808	0.968831	-0.00296241
187	1.5083e-09	0.400945	0.916014	0.00218536	-0.917269	0.399328	-0.000462771
188	5.02765e-10	-0.267774	-0.979723	-0.00245131	0.959904	-0.253908	0.00032809
189	5.02765e-10	-0.577799	-0.82642	-0.00113256	0.812404	-0.577067	-0.00137294
190	5.02765e-10	0.484303	-0.88274	0.00258524	0.878238	0.477145	-0.00104718
191	5.02765e-10	0.772376	-0.624144	0.00353411	0.627261	0.7803	0.00233446
192	5.02765e-10	0.715928	-0.67292	5.33992e-05	0.690714	0.736953	-0.00292065
193	5.02765e-10	-0.565779	-0.842863	0.000982332	0.818084	-0.56043	-0.000860745
194	1.00553e-09	-1.01654	0.0584733	-0.00229128	-0.0575329	-0.987584	-0.00152893
195	5.02765e-10	0.160123	-1.00479	0.00185947	0.97806	0.163746	0.000885584
196	5.02765e-10	0.390708	-0.895455	-0.00250592	0.926033	0.408601	0.00246546
197	5.02765e-10	0.741332	0.683794	-0.00191027	-0.678248	0.732866	0.0016457
198	5.02765e-10	-0.0547434	-1.00763	0.00388949	0.994901	-0.0528971	-0.00364074
199	5.02765e-10	-0.916869	0.341618	-0.00202994	-0.354516	-0.951502	0.00195089
200	5.02765e-10	0.133699	0.965345	0.000221266	-1.00374	0.140929	-0.000435217
201	5.02765e-10	0.210482	0.993586	0.00182211	-0.96978	0.204265	0.000788131
202	5.02765e-10	-0.91379	-0.436343	-0.00198798	0.43405	-0.891234	-0.00545139
203	5.02765e-10	0.408606	0.923334	0.000124783	-0.91015	0.405673	-0.00209513
204	5.02765e-10	0.854888	-0.553689	0.00162816	0.542919	0.832354	-0.00117595
205	5.02765e-10	-0.613289	-0.76825	-0.000765931	0.789795	-0.625124	-0.00234834
206	5.02765e-10	-0.697392	-0.73474	0.00158135	0.72039	-0.679643	-0.00239719
207	5.02765e-10	0.288721	-0.992114	0.00347951	0.945203	0.2483	-0.000613875
208	1.00553e-09	-0.334665	-0.937805	-0.00133191	0.944425	-0.339631	-0.000991301
209	5.02765e-10	-0.250404	-0.967041	0.00290522	0.963973	-0.259623	-0.00249583
210	5.02765e-10	0.00368233	-1.02302	-0.00148055	0.984015	0.000183799	-0.00130677
211	5.02765e-10	0.428108	-0.925495	-0.000469507	0.896289	0.423213	0.00242128
212	5.02765e-10	-0.452246	0.892385	-0.00180646	-0.894061	-0.44888	-9.09506e-05
213	5.02765e-10	-0.353746	0.92987	-0.0056674	-0.937195	-0.359571	-0.00318324
214	5.02765e-10	0.641087	0.781532	0.000204214	-0.775175	0.628073	-0.000827134
215	5.02765e-10	-0.250208	-0.974807	0.00336713	0.967496	-0.246265	-0.00169231
216	5.02765e-10	-0.98139	-0.278686	-0.00129173	0.272081	-0.95075	-0.00278953
217	5.02765e-10	-0.606604	-0.791653	0.000232512	0.798318	-0.601504	3.75268e-05
218	5.02765e-10	0.420882	0.886876	0.00146369	-0.914407	0.429994	-0.00167605
219	5.02765e-10	-0.746521	0.680532	0.00148021	-0.669933	-0.731684	-0.00077664
220	5.02765e-10	0.3424	0.91077	-0.00042407	-0.950621	0.356456	0.00116531
221	5.02765e-10	0.82033	-0.563982	0.00379841	0.568459	0.824751	0.000377464
222	5.02765e-10	0.66398	-0.708758	0.000144555	0.742711	0.694909	-0.00121078
223	5.02765e-10	-0.597603	-0.808021	-0.00337332	0.80059	-0.599567	-0.000448771
224	5.02765e-10	0.750862	-0.657257	-0.00198874	0.663079	0.7507	0.00253226
225	5.02765e-10	0.956072	0.25551	-0.00326173	-0.261504	0.970534	0.00102432
226	5.02765e-10	-0.0294979	0.982572	-0.00275457	-1.00899	-0.029661	0.00312703
227	5.02765e-10	-0.316367	-0.972648	-0.00267944	0.941831	-0.307651	-0.00112706
228	5.02765e-10	-0.77136	-0.635435	-0.00102379	0.637936	-0.76968	0.000319027
229	5.02765e-10	0.961621	0.282877	-0.00297352	-0.275564	0.95836	-0.000705595
230	0	45347.3	-20802.6	1e+23	0.917828	-0.421022	-0.000174622
231	0	45347.3	-20802.6	1e+23	0.917828	-0.421022	-0.000174622
232	0	45347.3	-20802.6	1e+23	0.917828	-0.421022	-0.000174622
233	0	45347.3	-20802.6	1e+23	0.917828	-0.421022	-0.000174622
234	0	45347.3	-20802.6	1e+23	0.917828	-0.421022	-0.000174622
235	0	45347.3	-20802.6	1e+23	0.917828	-0.421022	-0.000174622
236	0	45347.3	-20802.6	1e+23	0.917828	-0.421022	-0.000174622
237	0	45347.3	-20802.6	1e+23	0.917828	-0.421022	-0.000174622
238	0	45347.3	-20802.6	1e+23	0.917828	-0.421022	-0.000174622
239	0	45347.3	-20802.6	1e+23	0.917828	-0.421022	-0.000174622
240	0	45347.3	-20802.6	1e+23	0.917828	-0.421022	-0.000174622
241	0	45347.3	-20802.6	1e+23	0.917828	-0.421022	-0.000174622
242	0	45347.3	-20802.6	1e+23	0.917828	-0.421022	-0.000174622
243	0	45347.3	-20802.6	1e+23	0.917828	-0.421022	-0.000174622
244	0	45347.3	-20802.6	1e+23	0.917828	-0.421022	-0.000174622
245	0	45347.3	-20802.6	1e+23	0.917828	-0.421022	-0.000174622
246	0	45347.3	-20802.6	1e+23	0.917828	-0.421022	-0.000174622
247	0	45347.3	-20802.6	1e+23	0.917828	-0.421022	-0.000174622
248	0	45347.3	-20802.6	1e+23	0.917828	-0.421022	-0.000174622
249	0	45347.3	-20802.6	1e+23	0.917828	-0.421022	-0.000174622
250	0	45347.3	-20802.6	1e+23	0.917828	-0.421022	-0.000174622
251	0	45347.3	-20802.6	1e+23	0.917828	-0.421022	-0.000174622
252	0	45347.3	-20802.6	1e+23	0.917828	-0.421022	-0.000174622
253	0	45347.3	-20802.6	1e+23	0.917828	-0.421022	-0.000174622
254	0	45347.3	-20802.6	1e+23	0.917828	-0.421022	-0.000174622
255	0	45347.3	-20802.6	1e+23	0.917828	-0.421022	-0.000174622
256	0	45347.3	-20802.6	1e+23	0.917828	-0.421022	-0.000174622
257	0	45347.3	-20802.6	1e+23	0.917828	-0.421022	-0.000174622
258	0	45347.3	-20802.6	1e+23	0.917828	-0.421022	-0.000174622
259	0	45347.3	-20802.6	1e+23	0.917828	-0.421022	-0.000174622
260	0	45347.3	-20802.6	1e+23	0.917828	-0.421022	-0.000174622
261	0	45347.3	-20802.6	1e+23	0.917828	-0.421022	-0.000174622
262	0	45347.3	-20802.6	1e+23	0.917828	-0.421022	-0.000174622
263	0	45347.3	-20802.6	1e+23	0.917828	-0.421022	-0.000174622
264	0	45347.3	-20802.6	1e+23	0.917828	-0.421022	-0.000174622
265	0	45347.3	-20802.6	1e+23	0.917828	-0.421022	-0.000174622
266	0	45347.3	-20802.6	1e+23	0.917828	-0.421022	-0.000174622
267	0	45347.3	-20802.6	1e+23	0.917828	-0.421022	-0.000174622
268	0	45347.3	-20802.6	1e+23	0.917828	-0.421022	-0.000174622
269	0	45347.3	-20802.6	1e+23	0.917828	-0.421022	-0.000174622
270	0	45347.3	-20802.6	1e+23	0.917828	-0.421022	-0.000174622
271	0	45347.3	-20802.6	1e+23	0.917828	-0.421022	-0.000174622
272	0	45347.3	-20802.6	1e+23	0.917828	-0.421022	-0.000174622
273	0	45347.3	-20802.6	1e+23	0.917828	-0.421022	-0.000174622
274	0	45347.3	-20802.6	1e+23	0.917828	-0.421022	-0.000174622
275	0	45347.3	-20802.6	1e+23	0.917828	-0.421022	-0.000174622
276	0	45347.3	-20802.6	1e+23	0.917828	-0.421022	-0.000174622
277	0	45347.3	-20802.6	1e+23	0.917828	-0.421022	-0.000174622
278	0	45347.3	-20802.6	1e+23	0.917828	-0.421022	-0.000174622
279	0	45347.3	-20802.6	1e+23	0.917828	-0.421022	-0.000174622
280	0	45347.3	-20802.6	1e+23	0.917828	-0.421022	-0.000174622
281	0	45347.3	-20802.6	1e+23	0.917828	-0.421022	-0.000174622
282	0	45347.3	-20802.6	1e+23	0.917828	-0.421022	-0.000174622
283	0	45347.3	-20802.6	1e+23	0.917828	-0.421022	-0.000174622
284	0	45347.3	-20802.6	1e+23	0.917828	-0.421022	-0.000174622
285	0	45347.3	-20802.6	1e+23	0.917828	-0.421022	-0.000174622
286	0	45347.3	-20802.6	1e+23	0.917828	-0.421022	-0.000174622
287	0	45347.3	-20802.6	1e+23	0.917828	-0.421022	-0.000174622
288	0	45347.3	-20802.6	1e+23	0.917828	-0.421022	-0.000174622
289	0	45347.3	-20802.6	1e+23	0.917828	-0.421022	-0.000174622
290	0	45347.3	-20802.6	1e+23	0.917828	-0.421022	-0.000174622
291	0	45347.3	-20802.6	1e+23	0.917828	-0.421022	-0.000174622
292	0	45347.3	-20802.6	1e+23	0.917828	-0.421022	-0.000174622
293	0	45347.3	-20802.6	1e+23	0.917828	-0.421022	-0.000174622
294	0	45347.3	-20802.6	1e+23	0.917828	-0.421022	-0.000174622
295	0	45347.3	-20802.6	1e+23	0.917828	-0.421022	-0.000174622
296	0	45347.3	-20802.6	1e+23	0.917828	-0.421022	-0.000174622
297	0	45347.3	-20802.6	1e+23	0.917828	-0.421022	-0.000174622
298	0	45347.3	-20802.6	1e+23	0.917828	-0.421022	-0.000174622
299	0	45347.3	-20802.6	1e+23	0.917828	-0.421022	-0.000174622
300	0	45347.3	-20802.6	1e+23	0.917828	-0.421022	-0.000174622
