1.657811e+04
301
0	1	-0.000125768	-8.30344e-05	7.8374e-08	4.00141e-10	4.48909e-09	-5.34769e-12
1	5.02765e-10	0.377039	0.940414	-0.00340924	-0.919522	0.374796	-0.00285084
2	5.02765e-10	-0.941761	0.316684	0.00191556	-0.317651	-0.952995	0.00200786
3	5.02765e-10	0.586217	0.823314	0.00107985	-0.813353	0.572161	0.00188137
4	5.02765e-10	0.882437	0.452004	9.68987e-05	-0.458067	0.894809	0.00183242
5	1.00553e-09	0.149228	-0.992515	-0.00179603	0.985569	0.150667	0.000353563
6	5.02765e-10	0.821097	-0.577258	-0.00263634	0.579316	0.814236	-0.000209448
7	1.00553e-09	0.995014	-0.174705	0.000657978	0.168012	0.979947	0.000527133
8	5.02765e-10	-0.992826	-0.0900487	0.00105672	0.087388	-0.994747	-0.00289557
9	5.02765e-10	0.0153962	1.00667	-0.00202899	-0.997385	0.0171212	0.00217358
10	5.02765e-10	0.482597	0.893538	-0.000456203	-0.874311	0.468913	0.00174795
11	5.02765e-10	0.442793	0.871805	0.00295265	-0.905586	0.455733	0.000940763
12	5.02765e-10	0.975865	-0.285536	0.002052	0.275261	0.95611	0.00148268
13	5.02765e-10	0.616377	0.773692	-0.000922502	-0.787093	0.627406	0.000331048
14	1.00553e-09	-0.957403	-0.301099	-0.000651308	0.301445	-0.951882	-0.00013255
15	5.02765e-10	0.900817	-0.463386	-0.00029309	0.452369	0.880441	-0.00161943
16	5.02765e-10	0.529595	0.85365	-0.00149526	-0.848767	0.523562	-0.000989721
17	5.02765e-10	-0.901797	-0.447325	-0.000491629	0.441623	-0.893193	0.000769001
18	5.02765e-10	-0.411377	0.894672	-0.00122093	-0.917235	-0.419626	0.00228319
19	5.02765e-10	-0.199255	0.990081	0.000392554	-0.979791	-0.194108	0.000746595
20	1.00553e-09	-0.985053	0.165622	0.000460243	-0.166631	-0.987734	0.000219291
21	5.02765e-10	-0.922691	-0.410771	0.00206762	0.404093	-0.908949	0.00136324
22	5.02765e-10	-1.01363	-0.0140571	-0.00259157	0.0185863	-0.993455	-0.00246578
23	5.02765e-10	0.955261	-0.238542	0.000719233	0.242211	0.977392	0.00129399
24	5.02765e-10	-0.568834	0.801847	-0.000307773	-0.827359	-0.576217	-0.00157545
25	5.02765e-10	0.494571	0.874274	0.00248539	-0.867676	0.493906	0.00165079
26	5.02765e-10	0.414748	0.905985	8.94787e-05	-0.908479	0.41845	0.00186433
27	5.02765e-10	0.924357	0.338503	0.000209279	-0.346211	0.945544	-0.000928192
28	5.02765e-10	-0.44042	0.886792	0.00245187	-0.901797	-0.447981	0.00162317
29	5.02765e-10	-0.928186	-0.350983	3.10743e-05	0.356581	-0.938825	-0.000505728
30	1.00553e-09	0.0292737	-1.01152	-0.00084793	0.995306	0.0249951	0.000660957
31	5.02765e-10	-1.01137	-0.109147	-0.000345374	0.107262	-0.98627	-0.00077691
32	5.02765e-10	-0.510538	-0.866052	4.49581e-05	0.858258	-0.505142	0.00489751
33	5.02765e-10	-0.832298	-0.600889	-0.000700018	0.575593	-0.80085	-0.00141163
34	5.02765e-10	-0.703579	0.720432	-0.00162214	-0.715331	-0.69697	-1.41164e-05
35	5.02765e-10	-0.660336	-0.753541	-0.000289988	0.753585	-0.655334	0.00295268
36	5.02765e-10	-0.918416	-0.409119	0.00181077	0.409944	-0.907136	-0.00179103
37	5.02765e-10	-0.735696	0.682688	-0.000322178	-0.683174	-0.730822	0.000833616
38	5.02765e-10	-0.550828	0.79958	0.001656	-0.839389	-0.575426	-0.00113621
39	5.02765e-10	0.55803	0.824586	-0.000283731	-0.831538	0.563422	0.00195773
40	5.02765e-10	-0.459687	0.881631	0.000641214	-0.893305	-0.455407	-0.00230763
41	5.02765e-10	0.839985	0.547157	0.000577922	-0.543802	0.840007	0.00261895
42	5.02765e-10	0.0392443	1.00296	-0.00272931	-0.998709	0.039447	0.00221912
43	5.02765e-10	0.659684	-0.74305	0.00222652	0.749158	0.669953	-0.000256134
44	5.02765e-10	0.245846	-0.973948	-0.000152035	0.968248	0.241598	-0.000350992
45	1.00553e-09	0.999622	0.0248617	0.000419952	-0.0240631	1.00085	6.15619e-05
46	1.5083e-09	0.824893	0.548714	-0.000804969	-0.558035	0.834819	0.00130402
47	5.02765e-10	0.543387	-0.826212	0.00254268	0.838474	0.553302	0.000287587
48	5.02765e-10	0.904336	-0.417253	-0.00222892	0.41875	0.908574	0.00149305
49	5.02765e-10	-0.54293	0.870062	2.59825e-05	-0.837208	-0.520421	-0.00020885
50	5.02765e-10	-0.42197	0.917036	-0.00173774	-0.908882	-0.410583	0.00088881
51	5.02765e-10	0.7715	0.612634	-0.00158641	-0.628981	0.786929	-0.0020752
52	5.02765e-10	-0.103301	-0.981378	-0.00224378	1.00278	-0.109023	0.000528866
53	5.02765e-10	-0.925242	-0.435504	0.00107767	0.420767	-0.892732	0.000259731
54	5.02765e-10	0.989547	-0.256642	-7.59739e-05	0.253408	0.95919	-0.000307085
55	5.02765e-10	-0.83789	-0.500768	0.00125766	0.515699	-0.872538	-0.000309421
56	1.00553e-09	-0.0341825	-0.994074	-0.00015038	0.998436	-0.0325254	-0.000933165
57	1.00553e-09	-0.616812	0.811452	0.00110909	-0.7878	-0.601914	-0.000115915
58	5.02765e-10	-0.208523	0.996961	-8.4035e-05	-0.970044	-0.20123	-0.000108502
59	1.00553e-09	0.515875	0.849902	-0.00273918	-0.859063	0.520922	0.000408083
60	5.02765e-10	-0.802033	0.61478	0.00276577	-0.604967	-0.788243	0.000193547
61	5.02765e-10	-0.192859	-0.97989	0.000856524	0.983436	-0.18958	-0.000516719
62	1.00553e-09	0.165078	-0.999137	-0.00332427	0.978524	0.161187	0.00183127
63	5.02765e-10	0.704468	-0.688298	-0.00139656	0.70835	0.719194	-0.000707221
64	5.02765e-10	-0.479771	0.906714	0.0015989	-0.871181	-0.459866	-0.00185053
65	1.00553e-09	-0.852671	-0.527072	0.000874173	0.526028	-0.846329	0.00206925
66	5.02765e-10	0.907996	0.45149	0.00244685	-0.427956	0.889546	0.00319913
67	1.00553e-09	0.788963	0.605088	0.000395581	-0.609529	0.793492	-0.00191796
68	5.02765e-10	0.855791	-0.54706	0.00142286	0.532397	0.836931	0.00264681
69	5.02765e-10	-0.926769	0.362861	0.00152311	-0.368555	-0.931044	0.00193359
70	5.02765e-10	-0.986633	0.0896703	-0.00324052	-0.0963659	-1.00031	-0.000770158
71	5.02765e-10	-0.838427	-0.525858	0.000301529	0.539734	-0.850187	0.00137467
72	5.02765e-10	-0.536174	0.862617	-0.00165075	-0.842214	-0.522915	9.73309e-05
73	5.02765e-10	0.927907	0.35796	0.00205298	-0.3567	0.935253	-0.000978879
74	5.02765e-10	-0.823219	-0.592366	-6.62974e-05	0.585386	-0.802999	-0.00153438
75	5.02765e-10	-0.927714	-0.309457	-0.000668508	0.316617	-0.962574	-0.0016849
76	5.02765e-10	-0.38887	-0.930226	0.00243445	0.920114	-0.381395	-0.00104986
77	5.02765e-10	-0.221203	0.977612	0.0103742	-0.978873	-0.229514	0.00378572
78	5.02765e-10	-0.206867	0.969589	0.00244892	-0.985372	-0.219822	-0.00118889
79	5.02765e-10	-0.125068	0.974526	0.000764935	-1.00231	-0.126386	0.00294152
80	1.5083e-09	-0.462437	0.879954	-0.00131896	-0.885566	-0.467364	-0.00101178
81	5.02765e-10	-0.735693	0.66348	0.00108505	-0.675129	-0.742452	-0.00152166
82	5.02765e-10	0.8097	-0.608687	-0.00550259	0.597794	0.79857	-0.00882049
83	5.02765e-10	-0.869084	-0.488072	0.00318591	0.511396	-0.864894	0.00192154
84	5.02765e-10	-0.988077	-0.251547	0.000129566	0.241881	-0.95959	0.00222902
85	5.02765e-10	0.445487	-0.892014	7.5659e-05	0.896333	0.445719	0.0021514
86	2.01106e-09	-1.00602	0.0717218	0.000562178	-0.0700362	-0.994809	-0.0012466
87	5.02765e-10	-0.142932	0.977269	0.00239119	-0.993828	-0.14812	0.0013987
88	5.02765e-10	0.0463875	-0.998039	-0.000116834	1.00132	0.0423169	0.00134175
89	5.02765e-10	0.859866	0.551816	0.00251562	-0.534833	0.832092	0.000447745
90	5.02765e-10	0.537756	0.852587	-0.00274909	-0.841816	0.530031	7.9553e-05
91	5.02765e-10	0.713358	0.669799	-0.00677737	-0.706392	0.729098	-0.00496255
92	1.00553e-09	-0.290059	0.963238	-0.00110698	-0.952203	-0.287495	-0.00268654
93	5.02765e-10	0.364227	-0.908724	-0.000150913	0.939808	0.378358	0.0027406
94	5.02765e-10	-0.647652	-0.778927	0.00476102	0.761659	-0.63454	0.00159779
95	5.02765e-10	-0.989918	-0.0109596	-0.00153081	0.0100913	-1.00593	0.000642296
96	5.02765e-10	0.154364	-0.996689	-0.000207048	0.981876	0.152079	2.97665e-05
97	5.02765e-10	-1.0022	0.0849257	0.00127203	-0.0902945	-0.991552	-0.00030009
98	5.02765e-10	0.610681	0.782744	-0.00222254	-0.795405	0.614878	0.0019366
99	1.00553e-09	0.690353	0.711036	0.00199829	-0.722263	0.69966	-0.000750835
100	5.02765e-10	-0.0720461	0.988341	0.000967465	-1.0008	-0.0694785	-0.00157572
101	5.02765e-10	0.405348	-0.926655	-0.00238655	0.912379	0.399568	-0.001319
102	5.02765e-10	-0.41164	-0.908813	-0.00123359	0.909144	-0.419502	0.00105123
103	5.02765e-10	-0.6663	-0.718311	0.000752569	0.740923	-0.687112	0.000556055
104	5.02765e-10	-0.315579	0.931521	-0.000182052	-0.955029	-0.321019	0.000229342
105	5.02765e-10	0.860405	-0.481366	0.00244107	0.494207	0.875829	1.92972e-05
106	5.02765e-10	-0.995764	-0.164811	5.1092e-05	0.16275	-0.98083	-0.0011796
107	5.02765e-10	-0.984426	0.0919207	0.00251469	-0.0994383	-1.00036	-0.00184197
108	5.02765e-10	0.978644	-0.116503	0.000535876	0.116103	1.00392	0.0019592
109	5.02765e-10	-0.66979	0.762619	-0.00209842	-0.742031	-0.658928	-0.00130787
110	5.02765e-10	0.973957	0.198327	-0.000116229	-0.204347	0.983028	-0.00136844
111	5.02765e-10	0.443995	0.887494	-6.21503e-05	-0.897521	0.452714	-0.000154341
112	5.02765e-10	-0.693822	0.70755	-0.000241682	-0.716954	-0.699946	0.000971565
113	5.02765e-10	0.550741	-0.848498	0.000640161	0.830317	0.541708	-0.0012454
114	5.02765e-10	-1.00741	0.100788	-0.000183926	-0.0981258	-0.989552	0.00131586
115	5.02765e-10	-0.449087	-0.900377	-0.00301442	0.893291	-0.447322	-0.000600047
116	5.02765e-10	-0.988213	-0.0426122	-0.00196172	0.046633	-1.00618	0.00372162
117	5.02765e-10	-0.801436	0.588483	0.00176506	-0.588942	-0.811242	-0.000594383
118	5.02765e-10	0.0938656	-0.99616	-0.0017546	0.994168	0.0974593	0.00207814
119	5.02765e-10	-0.8877	0.477533	-0.000908395	-0.469559	-0.878908	-0.000344779
120	5.02765e-10	-0.974754	0.200071	0.00129289	-0.203795	-0.979624	-4.79374e-05
121	1.00553e-09	0.698989	0.723249	0.00151473	-0.712743	0.694284	7.79603e-05
122	1.00553e-09	-0.725503	0.68159	7.47242e-05	-0.686664	-0.729376	-0.00223218
123	5.02765e-10	-0.969463	0.32428	-0.00298503	-0.311068	-0.936293	0.0012621
124	5.02765e-10	0.976953	-0.069401	-7.18214e-05	0.0692433	1.00702	-0.00199772
125	5.02765e-10	-0.382687	-0.912932	-0.0031111	0.927707	-0.388038	-0.00117191
126	5.02765e-10	-0.0532409	0.984323	0.00187962	-1.00673	-0.0567198	0.00148796
127	5.02765e-10	0.87923	0.480403	-0.00242139	-0.477154	0.879984	0.00160889
128	1.00553e-09	-0.828493	-0.523288	0.000438353	0.539208	-0.85498	0.00231023
129	5.02765e-10	0.529358	-0.832986	0.00153164	0.848196	0.539044	0.00110188
130	5.02765e-10	-0.901035	-0.408524	-0.00120261	0.415921	-0.917459	-0.00460982
131	5.02765e-10	-0.165855	-0.995335	0.00116804	0.980541	-0.159875	0.00163487
132	5.02765e-10	-0.424158	-0.925679	0.00111951	0.90009	-0.417656	0.000626768
133	5.02765e-10	-0.9254	0.402819	0.000409732	-0.398791	-0.91414	0.0018968
134	5.02765e-10	0.753186	0.625726	0.0015351	-0.64721	0.777397	-0.000488042
135	5.02765e-10	-1.00952	-0.0725896	-0.000238016	0.0736827	-0.99234	-0.0001748
136	5.02765e-10	0.440878	0.882329	0.00182681	-0.898984	0.451632	-0.000393046
137	5.02765e-10	-0.807798	-0.598315	0.0012029	0.5953	-0.80412	0.00196991
138	5.02765e-10	0.749377	-0.658031	0.00183979	0.663051	0.751209	-0.00380799
139	5.02765e-10	-0.771215	-0.663367	0.00192577	0.647643	-0.748344	-0.00418184
140	5.02765e-10	-0.103783	-0.981308	-0.00105553	1.00184	-0.0994011	-0.00213996
141	5.02765e-10	0.0754857	1.00395	-0.00139973	-0.993188	0.0751396	-0.000147558
142	1.00553e-09	0.59704	-0.774847	0.00322393	0.804125	0.620353	0.000117147
143	5.02765e-10	-0.968942	-0.222479	0.000314417	0.233113	-0.978198	-0.00047416
144	5.02765e-10	-0.724738	0.666402	-0.00112668	-0.683872	-0.741064	0.00140875
145	5.02765e-10	-0.660883	0.771048	-0.0018736	-0.749174	-0.645846	6.29892e-06
146	5.02765e-10	-0.317234	-0.917587	0.00232979	0.963284	-0.31276	0.00310448
147	5.02765e-10	0.624433	-0.777365	0.00268093	0.780438	0.62699	-0.0018983
148	5.02765e-10	0.0253138	0.994048	0.00290771	-1.00329	0.0249656	0.00241832
149	5.02765e-10	0.45578	-0.910104	-0.00144753	0.885647	0.445003	0.00179656
150	5.02765e-10	0.0478554	-0.988826	-0.00127074	1.00299	0.0443709	-0.00101486
151	5.02765e-10	0.153759	0.979751	0.000530283	-0.991339	0.152167	0.00331797
152	5.02765e-10	-0.27149	0.945636	0.00115333	-0.970665	-0.277995	-0.00197643
153	5.02765e-10	0.729165	0.675815	6.26719e-05	-0.679957	0.735532	-0.0022552
154	5.02765e-10	0.130914	1.00835	0.000165451	-0.982248	0.130525	0.000892994
155	5.02765e-10	0.899294	-0.411243	0.000906555	0.41739	0.915375	0.000427083
156	5.02765e-10	-0.331754	-0.952202	-0.000353946	0.940052	-0.335317	0.00141815
157	5.02765e-10	0.92242	-0.395124	-0.00125514	0.388883	0.919305	0.00173587
158	5.02765e-10	0.468405	-0.87293	-0.00311292	0.882569	0.476852	0.00282095
159	5.02765e-10	0.864316	0.457799	-0.00219445	-0.47694	0.893813	-0.00059285
160	5.02765e-10	-1.01104	-0.0987849	-0.00298423	0.0994931	-0.986	0.000945635
161	5.02765e-10	-0.947087	0.387108	-0.00106078	-0.376582	-0.914718	0.000693788
162	5.02765e-10	-0.306572	0.909278	-0.00127277	-0.967774	-0.336759	-0.000281783
163	5.02765e-10	-0.930808	-0.345093	0.00270943	0.347754	-0.937952	0.00140002
164	5.02765e-10	0.711959	0.730972	-0.00178339	-0.708928	0.690637	0.00208885
165	5.02765e-10	0.654984	-0.766254	-0.000855991	0.760007	0.645779	0.00165064
166	5.02765e-10	0.152455	-0.995847	-0.00131868	0.981108	0.153733	-0.000293242
167	5.02765e-10	-0.568096	0.843168	0.000986177	-0.821733	-0.552485	-2.91546e-05
168	5.02765e-10	1.00143	0.091921	-0.00163098	-0.0907499	0.995357	0.0020228
169	5.02765e-10	-0.997095	0.128848	0.000472191	-0.125421	-0.989734	0.000421303
170	5.02765e-10	1.00959	-0.0556412	-0.00126475	0.0587402	0.990943	-0.00108962
171	5.02765e-10	-0.989464	-0.129765	0.00142319	0.123384	-0.993747	0.00051647
172	5.02765e-10	0.983967	-0.0729741	-0.000335911	0.0760029	1.00318	-0.000888613
173	5.02765e-10	1.01303	-0.0415791	0.00276883	0.0444818	0.990991	0.00163852
174	5.02765e-10	-0.405109	0.924711	0.00117839	-0.91224	-0.396595	0.000471874
175	5.02765e-10	-0.554459	-0.811947	0.00114818	0.831327	-0.570062	-4.23439e-05
176	5.02765e-10	-0.749576	0.62133	0.000941137	-0.648317	-0.781439	-0.000835497
177	5.02765e-10	1.00755	-0.0721805	0.000530773	0.0720847	0.991026	-0.00185721
178	5.02765e-10	0.188053	-1.0063	0.00372471	0.961551	0.180635	-0.00312216
179	5.02765e-10	-0.515043	0.867035	0.00141123	-0.852194	-0.506856	0.00113407
180	5.02765e-10	-0.985665	-0.003578	0.00245847	0.00619819	-1.00869	-0.000553059
181	5.02765e-10	-0.0830614	0.995148	-0.0103584	-0.992346	-0.0751389	-0.0059515
182	5.02765e-10	0.0786623	1.0135	0.000981392	-0.988383	0.0774137	-0.0013847
183	5.02765e-10	0.769245	-0.609546	-0.00178878	0.628134	0.789122	0.000640186
184	5.02765e-10	-0.248629	0.980749	0.000398355	-0.964323	-0.246166	-0.000770551
185	5.02765e-10	0.55042	0.807591	-0.00336323	-0.837837	0.568101	-0.000352317
186	5.02765e-10	-0.908613	0.418181	7.12635e-06	-0.415889	-0.907183	-0.00236072
187	5.02765e-10	-0.91637	0.426594	0.00262419	-0.413111	-0.903715	-0.00120251
188	5.02765e-10	0.0535701	0.997393	-0.00106741	-1.00302	0.0515922	-0.0018937
189	5.02765e-10	0.127192	-0.989197	0.000334476	0.994103	0.129154	0.00175335
190	5.02765e-10	0.703886	-0.72935	-0.000362291	0.716263	0.691269	-0.00214863
191	5.02765e-10	-0.980953	-0.240198	-0.00105252	0.235984	-0.96836	-0.0027814
192	5.02765e-10	0.85282	0.49278	-0.000944747	-0.50455	0.875216	0.00288661
193	5.02765e-10	0.330264	-0.926909	0.00092778	0.947276	0.339195	0.0022504
194	5.02765e-10	-0.572335	-0.838117	0.00130094	0.819305	-0.556533	0.00282201
195	5.02765e-10	0.346445	-0.947882	0.00204718	0.937649	0.331913	-0.00234643
196	5.02765e-10	-0.828106	-0.589723	-0.000803765	0.575739	-0.809456	0.000588735
197	5.02765e-10	0.988031	0.0210393	-0.000168269	-0.0269052	1.0058	0.000928421
198	5.02765e-10	-0.199079	-0.972535	-0.00144418	0.984071	-0.2013	0.00153312
199	1.00553e-09	-0.998912	-0.0757671	-0.000311413	0.0739111	-0.995486	0.0010676
200	5.02765e-10	0.994514	-0.134349	-0.000230849	0.13294	0.988364	0.000286496
201	5.02765e-10	0.505244	0.877324	-0.000668159	-0.865416	0.491741	0.000287305
202	5.02765e-10	-0.803766	-0.627114	0.00017215	0.607672	-0.780902	-0.000867702
203	5.02765e-10	-0.0277256	-1.00703	0.000467173	0.9957	-0.0259969	-0.000371069
204	5.02765e-10	-0.850679	-0.51832	-0.000359497	0.516859	-0.860856	0.00159453
205	5.02765e-10	-0.299819	-0.945588	-0.00337124	0.954734	-0.304654	-0.00061445
206	5.02765e-10	-0.883873	-0.517267	0.00144453	0.497902	-0.850768	0.00128008
207	1.00553e-09	0.536329	-0.854105	0.000665468	0.842074	0.533849	-0.000542257
208	5.02765e-10	0.447014	0.887669	-0.00219872	-0.895573	0.449237	0.00115285
209	5.02765e-10	-0.339116	-0.934044	0.00130304	0.946259	-0.341457	-0.000393919
210	5.02765e-10	-0.987279	0.0425908	-0.00225268	-0.0418739	-1.00649	-0.00176158
211	1.00553e-09	-0.33184	0.949824	0.00245799	-0.941187	-0.327359	-6.86556e-05
212	5.02765e-10	-0.364806	0.937939	-0.00131541	-0.92866	-0.364124	-0.00455636
213	5.02765e-10	-0.249371	-0.979337	0.000285774	0.962831	-0.243513	-0.00267087
214	5.02765e-10	0.981325	0.159876	-0.000945414	-0.160129	0.990192	-0.0012181
215	5.02765e-10	-0.761256	0.64976	0.000808212	-0.648199	-0.760236	0.00242074
216	5.02765e-10	-0.941407	-0.399557	-0.00230776	0.387464	-0.908206	0.00103067
217	5.02765e-10	0.69408	0.726118	0.00119272	-0.71728	0.694824	-0.000215101
218	5.02765e-10	0.0345793	0.998896	-0.000408447	-1.00107	0.0323406	-0.00235256
219	5.02765e-10	0.880468	-0.441733	0.00115343	0.44973	0.900858	0.00198389
220	5.02765e-10	-0.973892	-0.129769	0.00102331	0.132946	-0.999066	0.00139854
221	5.02765e-10	-0.600498	-0.824366	0.00103457	0.800256	-0.584524	0.00131355
222	5.02765e-10	-0.696753	0.730228	0.000870584	-0.722508	-0.686993	0.00278217
223	5.02765e-10	0.578607	-0.836731	0.000534689	0.815385	0.56559	0.000264364
224	5.02765e-10	0.170645	0.965887	-0.000687147	-0.994393	0.17377	0.00176339
225	5.02765e-10	-0.645739	0.757699	-6.42953e-05	-0.759583	-0.653824	-0.00332655
226	5.02765e-10	0.969909	0.253331	0.00207672	-0.254355	0.965917	0.00139143
227	5.02765e-10	-0.35914	0.940546	-0.000457682	-0.933768	-0.352677	-0.000525445
228	5.02765e-10	-0.836429	-0.585327	-0.00180283	0.565388	-0.810525	-0.00101933
229	5.02765e-10	0.977715	-0.238061	0.000755539	0.233976	0.969456	0.00176422
230	5.02765e-10	-0.620619	0.776396	-0.000336344	-0.782323	-0.626444	-0.000367052
231	5.02765e-10	0.948808	0.253251	-0.000308209	-0.261871	0.975845	3.37937e-05
232	5.02765e-10	-0.438976	0.910859	-0.00107299	-0.897377	-0.427168	-0.00125199
233	5.02765e-10	0.193537	0.974069	6.32074e-05	-0.987373	0.195787	-0.00151735
234	5.02765e-10	0.979326	0.295546	0.000215099	-0.291355	0.943734	0.000790497
235	5.02765e-10	0.0321114	-1.01794	-0.00105923	0.991152	0.0304585	-0.00124362
236	5.02765e-10	-0.76014	0.632563	0.00243948	-0.642856	-0.774288	-1.61388e-07
237	5.02765e-10	0.933825	0.347503	-0.00133316	-0.351455	0.936652	0.000354407
238	5.02765e-10	0.297283	0.958387	-0.0015509	-0.953229	0.292869	-0.00209727
239	1.00553e-09	0.637314	-0.755245	-0.00169059	0.767688	0.64871	-0.000119408
240	5.02765e-10	0.966298	-0.238279	-0.00130673	0.247987	0.972239	0.00168914
241	5.02765e-10	0.886441	-0.490314	-0.00305211	0.48365	0.86838	-0.0014928
242	5.02765e-10	-1.00388	-0.115795	0.000812489	0.113144	-0.986254	-0.000558806
243	5.02765e-10	-0.99143	0.165843	-0.000680684	-0.165407	-0.984767	0.00217144
244	5.02765e-10	0.366778	0.908763	-0.00227029	-0.937468	0.382654	-0.00236928
245	5.02765e-10	1.01403	-0.0691424	-0.00162763	0.0697173	0.988488	0.00106641
246	5.02765e-10	-0.643337	0.79368	-0.00162302	-0.769063	-0.619493	6.32212e-05
247	5.02765e-10	0.813258	0.615195	0.00190606	-0.595345	0.791676	0.000914599
248	5.02765e-10	-0.256779	0.971826	0.000903977	-0.964049	-0.255247	-0.000150407
249	5.02765e-10	0.0410622	1.00691	-0.00118508	-0.994336	0.0445229	0.00111083
250	5.02765e-10	-0.805064	-0.607531	0.000994887	0.599639	-0.794792	-1.45501e-05
251	5.02765e-10	0.974579	-0.228188	-0.000174726	0.228874	0.970964	0.000893224
252	5.02765e-10	-0.640403	0.751463	-0.000273977	-0.766081	-0.656728	0.0015219
253	5.02765e-10	0.958464	-0.350468	0.000589111	0.334412	0.930976	-0.00066524
254	5.02765e-10	-0.987552	0.227341	0.000975617	-0.220031	-0.96913	-0.000839715
255	5.02765e-10	-0.211193	0.987134	0.00138866	-0.973633	-0.209722	0.00108225
256	5.02765e-10	-0.964963	-0.200742	0.000988629	0.202135	-0.984742	-0.000342341
257	5.02765e-10	-0.456009	-0.889085	-0.000174462	0.890137	-0.458087	0.000747518
258	5.02765e-10	-0.118269	0.970008	-0.000534308	-1.00599	-0.121776	-0.00116585
259	5.02765e-10	0.380982	-0.926323	0.00400871	0.92812	0.378397	0.000367527
260	5.02765e-10	-0.927957	-0.356146	0.000655395	0.360056	-0.939541	0.00214757
261	5.02765e-10	0.548064	-0.821644	0.000682236	0.836424	0.560623	0.00154115
262	5.02765e-10	0.503678	-0.850312	0.00109352	0.866679	0.506999	-0.00126799
263	5.02765e-10	-0.326605	0.928046	-0.00326637	-0.950932	-0.335319	-0.00328902
264	5.02765e-10	0.680969	-0.705648	-0.0024074	0.729002	0.699459	0.00125389
265	5.02765e-10	-0.589634	0.840145	-0.000608274	-0.806614	-0.566728	0.00121578
266	5.02765e-10	0.835145	-0.557053	-0.00096066	0.552549	0.829953	-0.00105173
267	5.02765e-10	0.950851	0.300718	0.000467069	-0.30264	0.955171	0.00238318
268	5.02765e-10	-0.939207	-0.383415	-0.00067779	0.377827	-0.919973	-0.00304109
269	5.02765e-10	-0.564738	-0.802591	-0.00101531	0.826175	-0.578476	-0.000474263
270	0	15055	-6907.06	1e+23	0.917828	-0.421022	-0.000174622
271	0	15055	-6907.06	1e+23	0.917828	-0.421022	-0.000174622
272	0	15055	-6907.06	1e+23	0.917828	-0.421022	-0.000174622
273	0	15055	-6907.06	1e+23	0.917828	-0.421022	-0.000174622
274	0	15055	-6907.06	1e+23	0.917828	-0.421022	-0.000174622
275	0	15055	-6907.06	1e+23	0.917828	-0.421022	-0.000174622
276	0	15055	-6907.06	1e+23	0.917828	-0.421022	-0.000174622
277	0	15055	-6907.06	1e+23	0.917828	-0.421022	-0.000174622
278	0	15055	-6907.06	1e+23	0.917828	-0.421022	-0.000174622
279	0	15055	-6907.06	1e+23	0.917828	-0.421022	-0.000174622
280	0	15055	-6907.06	1e+23	0.917828	-0.421022	-0.000174622
281	0	15055	-6907.06	1e+23	0.917828	-0.421022	-0.000174622
282	0	15055	-6907.06	1e+23	0.917828	-0.421022	-0.000174622
283	0	15055	-6907.06	1e+23	0.917828	-0.421022	-0.000174622
284	0	15055	-6907.06	1e+23	0.917828	-0.421022	-0.000174622
285	0	15055	-6907.06	1e+23	0.917828	-0.421022	-0.000174622
286	0	15055	-6907.06	1e+23	0.917828	-0.421022	-0.000174622
287	0	15055	-6907.06	1e+23	0.917828	-0.421022	-0.000174622
288	0	15055	-6907.06	1e+23	0.917828	-0.421022	-0.000174622
289	0	15055	-6907.06	1e+23	0.917828	-0.421022	-0.000174622
290	0	15055	-6907.06	1e+23	0.917828	-0.421022	-0.000174622
291	0	15055	-6907.06	1e+23	0.917828	-0.421022	-0.000174622
292	0	15055	-6907.06	1e+23	0.917828	-0.421022	-0.000174622
293	0	15055	-6907.06	1e+23	0.917828	-0.421022	-0.000174622
294	0	15055	-6907.06	1e+23	0.917828	-0.421022	-0.000174622
295	0	15055	-6907.06	1e+23	0.917828	-0.421022	-0.000174622
296	0	15055	-6907.06	1e+23	0.917828	-0.421022	-0.000174622
297	0	15055	-6907.06	1e+23	0.917828	-0.421022	-0.000174622
298	0	15055	-6907.06	1e+23	0.917828	-0.421022	-0.000174622
299	0	15055	-6907.06	1e+23	0.917828	-0.421022	-0.000174622
300	0	15055	-6907.06	1e+23	0.917828	-0.421022	-0.000174622
