1609.98 0 0 0


0.00554737 1.01246 5.00001e+24
0.00893315 1.00069 5.00001e+24
0.0063396 0.995625 5.00001e+24
0.00342453 1.00472 5.00001e+24
0.00474101 0.993289 5.00001e+24
0.0017304 1.01162 5.00001e+24
0.00376373 0.997889 5.00001e+24
0.003802 0.993891 5.00001e+24
0.00131243 1.0069 5.00001e+24
0.00163952 1.01588 5.00001e+24
0.00243384 0.999419 5.00001e+24
0.00304121 1.01687 5.00001e+24
0.00272251 1.00349 5.00001e+24
0.00407685 1.01068 5.00001e+24
0.00930388 1.00183 5.00001e+24
0.00468351 0.999997 5.00001e+24
0.00696811 1.00972 5.00001e+24
0.00565978 1.01797 5.00001e+24
0.0095076 1.01466 5.00001e+24
0.00192355 1.03006 5.00001e+24
0.00433927 1.00456 5.00001e+24
0.00655312 1.03088 5.00001e+24
0.00272494 1.01279 5.00001e+24
0.00687758 1.01087 5.00001e+24
0.00540913 1.0181 5.00001e+24
0.00292017 1.02029 5.00001e+24
0.00250182 1.00237 5.00001e+24
0.00211758 1.01249 5.00001e+24
0.00248763 1.01034 5.00001e+24
0.00220506 1.01424 5.00001e+24
0.004556 1.00941 5.00001e+24
0.00406751 1.0053 5.00001e+24
0.0115838 1.02542 5.00001e+24
0.00181673 1.03575 5.00001e+24
0.00388568 1.01568 5.00001e+24
0.0119904 1.01475 5.00001e+24
0.00267111 1.02077 5.00001e+24
0.00618387 1.00539 5.00001e+24
0.0115531 1.0151 5.00001e+24
0.00975315 1.01483 5.00001e+24
0.000299172 1.01702 5.00001e+24
0.00429168 1.03034 5.00001e+24
0.00574155 1.0121 5.00001e+24
0.00164527 1.03236 5.00001e+24
0.00148773 1.02563 5.00001e+24
0.00538539 1.01576 5.00001e+24
0.0019983 1.01965 5.00001e+24
0.00090787 1.0301 5.00001e+24
0.00135002 1.00817 5.00001e+24
0.00474559 1.04159 5.00001e+24
0.00148053 1.01073 5.00001e+24
0.00614681 1.0338 5.00001e+24
0.00353292 1.0298 5.00001e+24
0.00135509 1.03817 5.00001e+24
0.00214909 1.03539 5.00001e+24
0.00469924 1.02485 5.00001e+24
0.00443904 1.04669 5.00001e+24
0.00304731 1.04189 5.00001e+24
0.00468926 1.02483 5.00001e+24
0.00574796 1.03427 5.00001e+24
0.00526617 1.03369 5.00001e+24
0.000320602 1.03689 5.00001e+24
0.00457065 1.02462 5.00001e+24
0.00757084 1.03167 5.00001e+24
0.0038257 1.02565 5.00001e+24
0.0126824 1.02878 5.00001e+24
0.0048152 1.04492 5.00001e+24
0.00188304 1.03516 5.00001e+24
0.0071805 1.03842 5.00001e+24
0.00165121 1.02616 5.00001e+24
0.00524601 1.04328 5.00001e+24
0.00188284 1.06287 5.00001e+24
0.00316882 1.04487 5.00001e+24
0.00444198 1.05339 5.00001e+24
0.00604535 1.03945 5.00001e+24
0.00917853 1.05154 5.00001e+24
0.00148296 1.05697 5.00001e+24
0.00793634 1.04384 5.00001e+24
0.00749848 1.03238 5.00001e+24
0.00573505 1.0451 5.00001e+24
0.00550217 1.01821 5.00001e+24
0.0035023 1.05317 5.00001e+24
0.00694015 1.02908 5.00001e+24
0.00233831 1.04897 5.00001e+24
0.000943536 1.0248 5.00001e+24
0.00864504 1.05195 5.00001e+24
0.00165135 1.04453 5.00001e+24
0.00180992 1.0291 5.00001e+24
0.00597365 1.05097 5.00001e+24
0.00529355 1.04872 5.00001e+24
0.00805644 1.02697 5.00001e+24
0.00352546 1.0502 5.00001e+24
0.00597464 1.07338 5.00001e+24
0.00235844 1.03497 5.00001e+24
0.00243422 1.0258 5.00001e+24
0.00942783 1.06049 5.00001e+24
0.00373934 1.04804 5.00001e+24
0.00234767 1.05695 5.00001e+24
0.00464456 1.06393 5.00001e+24
0.010491 1.05837 5.00001e+24
0.00312338 1.03559 5.00001e+24
0.00372354 1.03076 5.00001e+24
0.000745173 1.0478 5.00001e+24
0.010185 1.04123 5.00001e+24
0.0029377 1.03878 5.00001e+24
0.00436352 1.04475 5.00001e+24
0.0048038 1.06161 5.00001e+24
0.00772482 1.06583 5.00001e+24
0.00869908 1.05842 5.00001e+24
0.00779977 1.05732 5.00001e+24
0.00636519 1.0682 5.00001e+24
0.00714384 1.0702 5.00001e+24
0.00291786 1.05642 5.00001e+24
0.0051836 1.0492 5.00001e+24
0.00545575 1.0734 5.00001e+24
0.00542032 1.05292 5.00001e+24
0.00355073 1.04827 5.00001e+24
0.00427967 1.06168 5.00001e+24
0.00306333 1.04976 5.00001e+24
0.00496264 1.05539 5.00001e+24
0.00712389 1.06592 5.00001e+24
0.00596686 1.07672 5.00001e+24
0.00153644 1.04185 5.00001e+24
0.0030842 1.07877 5.00001e+24
0.0060604 1.05089 5.00001e+24
0.00449846 1.05536 5.00001e+24
0.00237224 1.05736 5.00001e+24
0.00500675 1.06748 5.00001e+24
0.00145583 1.05629 5.00001e+24
0.00500841 1.06356 5.00001e+24
0.00324759 1.09202 5.00001e+24
0.00755428 1.06518 5.00001e+24
0.00471604 1.06954 5.00001e+24
0.0050642 1.05543 5.00001e+24
0.00587187 1.05779 5.00001e+24
0.00230823 1.09134 5.00001e+24
0.00429098 1.06053 5.00001e+24
0.00649367 1.06088 5.00001e+24
0.00127088 1.06126 5.00001e+24
0.00590804 1.08905 5.00001e+24
0.00323481 1.06923 5.00001e+24
0.011574 1.0746 5.00001e+24
0.00620503 1.07164 5.00001e+24
0.00285579 1.08189 5.00001e+24
0.00085531 1.04948 5.00001e+24
0.00723449 1.10009 5.00001e+24
0.00301193 1.08336 5.00001e+24
0.00141451 1.08543 5.00001e+24
0.0101455 1.05682 5.00001e+24
0.0116075 1.07405 5.00001e+24
0.00553785 1.08023 5.00001e+24
0.0123988 1.07747 5.00001e+24
0.00535708 1.08607 5.00001e+24
0.00365371 1.10581 5.00001e+24
0.00455691 1.08247 5.00001e+24
0.00900871 1.09735 5.00001e+24
0.00574857 1.0639 5.00001e+24
0.00479401 1.09247 5.00001e+24
0.00354683 1.07163 5.00001e+24
0.00515938 1.07862 5.00001e+24
0.00101679 1.08377 5.00001e+24
0.00549786 1.08273 5.00001e+24
0.00645716 1.08197 5.00001e+24
0.00337858 1.0741 5.00001e+24
0.00175276 1.10075 5.00001e+24
0.00290969 1.07569 5.00001e+24
0.00713735 1.06937 5.00001e+24
0.00635093 1.08912 5.00001e+24
0.00743963 1.08369 5.00001e+24
0.00284332 1.09112 5.00001e+24
0.00662352 1.09225 5.00001e+24
0.00471747 1.11426 5.00001e+24
0.00338743 1.10144 5.00001e+24
0.00114309 1.09812 5.00001e+24
0.00790243 1.08955 5.00001e+24
0.00146725 1.07424 5.00001e+24
0.00169345 1.11466 5.00001e+24
0.00419096 1.08386 5.00001e+24
0.00481715 1.10318 5.00001e+24
0.00303008 1.08045 5.00001e+24
0.00253134 1.09902 5.00001e+24
0.00126049 1.0975 5.00001e+24
0.00215552 1.09034 5.00001e+24
0.000964519 1.10723 5.00001e+24
0.00724529 1.0883 5.00001e+24
0.00352803 1.08774 5.00001e+24
0.00452415 1.06618 5.00001e+24
0.00402186 1.10371 5.00001e+24
0.00172207 1.08925 5.00001e+24
0.00915474 1.09804 5.00001e+24
0.00363062 1.08967 5.00001e+24
0.00794634 1.09859 5.00001e+24
0.0037347 1.11022 5.00001e+24
0.000833243 1.11597 5.00001e+24
0.00360611 1.08052 5.00001e+24
0.00575126 1.09487 5.00001e+24
0.00115331 1.08874 5.00001e+24
0.00360975 1.11051 5.00001e+24
0.00346418 1.10198 5.00001e+24
0.0064913 1.11522 5.00001e+24
0.00175772 1.09583 5.00001e+24
0.00424736 1.08939 5.00001e+24
0.00353325 1.08659 5.00001e+24
0.00942339 1.09952 5.00001e+24
0.00716743 1.12529 5.00001e+24
0.000991887 1.09561 5.00001e+24
0.00150336 1.12228 5.00001e+24
0.00710894 1.09989 5.00001e+24
0.00574591 1.10523 5.00001e+24
0.00475248 1.10743 5.00001e+24
0.00689835 1.0973 5.00001e+24
0.00423707 1.12542 5.00001e+24
0.00462344 1.11135 5.00001e+24
0.00614439 1.09747 5.00001e+24
0.00202031 1.11806 5.00001e+24
0.00659504 1.11494 5.00001e+24
0.00596983 1.1192 5.00001e+24
0.00273268 1.07389 5.00001e+24
0.0033422 1.13134 5.00001e+24
0.00359358 1.11757 5.00001e+24
0.00459257 1.08876 5.00001e+24
0.00204352 1.10759 5.00001e+24
0.00642966 1.10981 5.00001e+24
0.0070513 1.09558 5.00001e+24
0.00355456 1.11594 5.00001e+24
0.00691239 1.11981 5.00001e+24
0.00252186 1.10626 5.00001e+24
0.000404749 1.12138 5.00001e+24
0.00389044 1.1298 5.00001e+24
0.00291129 1.14531 5.00001e+24
0.00441006 1.12801 5.00001e+24
0.00696341 1.10452 5.00001e+24
0.00889648 1.11391 5.00001e+24
0.00264431 1.12055 5.00001e+24
0.00809311 1.11781 5.00001e+24
0.00852022 1.13078 5.00001e+24
0.00906394 1.0998 5.00001e+24
0.00746428 1.15032 5.00001e+24
0.00486441 1.10172 5.00001e+24
0.00972355 1.12703 5.00001e+24
0.00859001 1.11466 5.00001e+24
0.00195888 1.15539 5.00001e+24
0.00413876 1.12768 5.00001e+24
0.00285278 1.13839 5.00001e+24
0.00236544 1.12505 5.00001e+24
0.00793979 1.13343 5.00001e+24
0.00716059 1.10295 5.00001e+24
0.0028843 1.12399 5.00001e+24
0.00164604 1.11675 5.00001e+24
0.00212737 1.13188 5.00001e+24
0.00340526 1.1194 5.00001e+24
0.000663358 1.11439 5.00001e+24
0.00444326 1.13367 5.00001e+24
0.00718157 1.12611 5.00001e+24
0.00119037 1.13793 5.00001e+24
0.00799851 1.14346 5.00001e+24
0.00275159 1.12059 5.00001e+24
0.00675409 1.12664 5.00001e+24
0.00472638 1.13032 5.00001e+24
0.00396727 1.12585 5.00001e+24
0.00425426 1.13797 5.00001e+24
0.00573732 1.11211 5.00001e+24
0.00847836 1.14291 5.00001e+24
0.00526231 1.12363 5.00001e+24
0.00166074 1.14594 5.00001e+24
0.00276409 1.13506 5.00001e+24
0.0083305 1.11889 5.00001e+24
0.00492783 1.13721 5.00001e+24
0.00344797 1.14608 5.00001e+24
0.00343969 1.12671 5.00001e+24
0.00185095 1.14285 5.00001e+24
0.00339193 1.14467 5.00001e+24
0.00163804 1.1434 5.00001e+24
0.00778031 1.12555 5.00001e+24
0.00332108 1.13758 5.00001e+24
0.0076104 1.14926 5.00001e+24
0.0103287 1.14086 5.00001e+24
0.00320823 1.14671 5.00001e+24
0.00818931 1.17812 5.00001e+24
0.00168687 1.15963 5.00001e+24
0.00638544 1.13572 5.00001e+24
0.003037 1.14547 5.00001e+24
0.00762068 1.1348 5.00001e+24
0.00371674 1.14838 5.00001e+24
0.0039508 1.14678 5.00001e+24
0.00317953 1.14265 5.00001e+24
0.00684674 1.13472 5.00001e+24
0.00644157 1.15538 5.00001e+24
0.00749976 1.15226 5.00001e+24
0.00592779 1.13562 5.00001e+24
0.00159348 1.15286 5.00001e+24
0.00370742 1.15113 5.00001e+24
0.00832408 1.13375 5.00001e+24
0.00332182 1.16565 5.00001e+24
0.00605726 1.14844 5.00001e+24
0.00125948 1.1557 5.00001e+24
0.0059759 1.14237 5.00001e+24
0.00572072 1.15032 5.00001e+24
0.0110477 1.16704 5.00001e+24
0.00409791 1.16565 5.00001e+24
0.00937721 1.16203 5.00001e+24
0.00758903 1.16515 5.00001e+24
0.00622548 1.15434 5.00001e+24
0.00348661 1.1714 5.00001e+24
0.00238788 1.1468 5.00001e+24
0.00144156 1.15032 5.00001e+24
0.000770296 1.16191 5.00001e+24
0.0060263 1.16999 5.00001e+24
0.00693124 1.13958 5.00001e+24
0.00449151 1.16152 5.00001e+24
0.00253765 1.16063 5.00001e+24
0.00925461 1.16708 5.00001e+24
0.00317871 1.15358 5.00001e+24
0.00316444 1.14231 5.00001e+24
0.00449975 1.16566 5.00001e+24
0.00399218 1.16986 5.00001e+24
0.00630751 1.15726 5.00001e+24
0.00322166 1.16026 5.00001e+24
0.000805052 1.17115 5.00001e+24
0.00188106 1.17543 5.00001e+24
0.00206985 1.16645 5.00001e+24
0.00202119 1.15526 5.00001e+24
0.00751486 1.1577 5.00001e+24
0.00115174 1.18347 5.00001e+24
0.0057439 1.15588 5.00001e+24
0.0104439 1.1772 5.00001e+24
0.000374221 1.17975 5.00001e+24
0.00406846 1.13973 5.00001e+24
0.00826035 1.17636 5.00001e+24
0.00385354 1.16087 5.00001e+24
0.0037259 1.154 5.00001e+24
0.00500067 1.17875 5.00001e+24
0.00473197 1.18218 5.00001e+24
0.00518146 1.17676 5.00001e+24
0.00575445 1.18612 5.00001e+24
0.00269947 1.17503 5.00001e+24
0.00475536 1.17942 5.00001e+24
0.000434567 1.16012 5.00001e+24
0.00506824 1.18584 5.00001e+24
0.00877844 1.17941 5.00001e+24
0.00565805 1.18217 5.00001e+24
0.00469773 1.15803 5.00001e+24
0.00534928 1.16223 5.00001e+24
0.00240669 1.18176 5.00001e+24
0.00318235 1.16158 5.00001e+24
0.00701443 1.17359 5.00001e+24
0.00168315 1.17827 5.00001e+24
0.00339107 1.17319 5.00001e+24
0.00923139 1.1753 5.00001e+24
0.00417358 1.16294 5.00001e+24
0.003373 1.19763 5.00001e+24
0.00524848 1.17032 5.00001e+24
0.00541649 1.19375 5.00001e+24
0.00652467 1.18214 5.00001e+24
0.000334419 1.15006 5.00001e+24
0.00522301 1.19974 5.00001e+24
0.00439229 1.17501 5.00001e+24
0.00262304 1.19433 5.00001e+24
0.00475111 1.20596 5.00001e+24
0.00367375 1.17187 5.00001e+24
0.0040305 1.17769 5.00001e+24
0.00785263 1.16971 5.00001e+24
0.00548186 1.18596 5.00001e+24
0.00418721 1.1667 5.00001e+24
0.00356809 1.19897 5.00001e+24
0.00654733 1.19494 5.00001e+24
0.00359861 1.18369 5.00001e+24
0.00396566 1.20299 5.00001e+24
0.00706994 1.18691 5.00001e+24
0.00461799 1.19056 5.00001e+24
0.0045719 1.20879 5.00001e+24
0.00714355 1.1992 5.00001e+24
0.00153294 1.18281 5.00001e+24
0.00476071 1.20935 5.00001e+24
0.00152886 1.19411 5.00001e+24
0.0023089 1.18343 5.00001e+24
0.00494933 1.19153 5.00001e+24
0.00458943 1.1971 5.00001e+24
0.00958077 1.18565 5.00001e+24
0.00542339 1.18001 5.00001e+24
0.00154751 1.188 5.00001e+24
0.00778509 1.19773 5.00001e+24
0.0056382 1.1779 5.00001e+24
0.00447752 1.20481 5.00001e+24
0.00236629 1.17799 5.00001e+24
0.00415941 1.19525 5.00001e+24
0.00363224 1.19971 5.00001e+24
0.00880896 1.20252 5.00001e+24
0.00150181 1.18484 5.00001e+24
0.00756402 1.18398 5.00001e+24
0.00643854 1.21019 5.00001e+24
0.00282873 1.20139 5.00001e+24
0.00871737 1.21073 5.00001e+24
0.00268303 1.20281 5.00001e+24
0.00335837 1.19261 5.00001e+24
0.00974084 1.21247 5.00001e+24
0.00222068 1.20218 5.00001e+24
0.00341921 1.20213 5.00001e+24
0.00106471 1.19588 5.00001e+24
0.00830303 1.20441 5.00001e+24
0 0 0
