1490.54 0 0 0


0.00441625 1.0137 5.00001e+24
0.00721584 0.999066 5.00001e+24
0.00662343 0.993014 5.00001e+24
0.00330248 1.00391 5.00001e+24
0.00498429 0.995185 5.00001e+24
0.00134075 1.01251 5.00001e+24
0.00404028 0.99997 5.00001e+24
0.00315388 0.994922 5.00001e+24
0.00270371 1.00372 5.00001e+24
0.00188246 1.01608 5.00001e+24
0.00159953 0.998396 5.00001e+24
0.00121573 1.02124 5.00001e+24
0.00350546 1.00546 5.00001e+24
0.00193665 1.01209 5.00001e+24
0.00916523 1.00215 5.00001e+24
0.00486766 0.999 5.00001e+24
0.0061667 1.0118 5.00001e+24
0.00725224 1.0193 5.00001e+24
0.01061 1.01674 5.00001e+24
0.000377495 1.02911 5.00001e+24
0.00391504 1.00539 5.00001e+24
0.00460803 1.02979 5.00001e+24
0.00471436 1.01125 5.00001e+24
0.00612442 1.00889 5.00001e+24
0.00624285 1.01425 5.00001e+24
0.00129851 1.01884 5.00001e+24
0.00426715 1.00193 5.00001e+24
0.00148362 1.01094 5.00001e+24
0.0018496 1.01026 5.00001e+24
0.00182185 1.01144 5.00001e+24
0.00421688 1.00717 5.00001e+24
0.00378338 1.00577 5.00001e+24
0.0117784 1.02631 5.00001e+24
0.000920807 1.03736 5.00001e+24
0.00412984 1.01575 5.00001e+24
0.0103081 1.01476 5.00001e+24
0.00165125 1.02237 5.00001e+24
0.00566365 1.00504 5.00001e+24
0.0117539 1.01399 5.00001e+24
0.00815441 1.01212 5.00001e+24
0.000762455 1.01516 5.00001e+24
0.00363006 1.03366 5.00001e+24
0.00634506 1.00907 5.00001e+24
0.00283474 1.03535 5.00001e+24
0.000465355 1.02341 5.00001e+24
0.0050349 1.01674 5.00001e+24
0.00170358 1.01462 5.00001e+24
0.000669982 1.02891 5.00001e+24
0.00240591 1.00782 5.00001e+24
0.00157423 1.04113 5.00001e+24
0.000832992 1.0104 5.00001e+24
0.00499988 1.03072 5.00001e+24
0.00200191 1.02627 5.00001e+24
0.00373205 1.03169 5.00001e+24
0.00457807 1.03846 5.00001e+24
0.00510693 1.0231 5.00001e+24
0.00414692 1.04791 5.00001e+24
0.00341062 1.04511 5.00001e+24
0.0043733 1.0266 5.00001e+24
0.00772009 1.03422 5.00001e+24
0.00632456 1.03339 5.00001e+24
0.000979641 1.03853 5.00001e+24
0.00296215 1.02442 5.00001e+24
0.00748528 1.03157 5.00001e+24
0.00427491 1.02794 5.00001e+24
0.0110417 1.02996 5.00001e+24
0.00456524 1.04633 5.00001e+24
0.00301021 1.03591 5.00001e+24
0.00569851 1.03889 5.00001e+24
0.000541209 1.02706 5.00001e+24
0.00355149 1.03792 5.00001e+24
0.00379912 1.05984 5.00001e+24
0.00332363 1.03913 5.00001e+24
0.0052653 1.05574 5.00001e+24
0.0029066 1.04 5.00001e+24
0.0103232 1.0519 5.00001e+24
0.00279461 1.059 5.00001e+24
0.00884566 1.04454 5.00001e+24
0.00496632 1.03385 5.00001e+24
0.00517516 1.04153 5.00001e+24
0.00480681 1.02255 5.00001e+24
0.00497788 1.05506 5.00001e+24
0.00346836 1.02759 5.00001e+24
0.00194958 1.04769 5.00001e+24
0.000569088 1.02512 5.00001e+24
0.00878963 1.05341 5.00001e+24
0.00393145 1.04557 5.00001e+24
0.00252914 1.0297 5.00001e+24
0.00427846 1.05461 5.00001e+24
0.00343428 1.04753 5.00001e+24
0.00786537 1.02681 5.00001e+24
0.00172034 1.05318 5.00001e+24
0.00643703 1.06878 5.00001e+24
0.00228539 1.0384 5.00001e+24
0.00396827 1.02769 5.00001e+24
0.00703985 1.05535 5.00001e+24
0.00541124 1.04795 5.00001e+24
0.00124504 1.05606 5.00001e+24
0.00866518 1.06527 5.00001e+24
0.00943302 1.0584 5.00001e+24
0.00163702 1.03169 5.00001e+24
0.00361964 1.03129 5.00001e+24
0.00159856 1.04829 5.00001e+24
0.00981197 1.04086 5.00001e+24
0.00360201 1.03548 5.00001e+24
0.00423324 1.04388 5.00001e+24
0.00348954 1.06049 5.00001e+24
0.0069072 1.06775 5.00001e+24
0.00964616 1.05929 5.00001e+24
0.00642866 1.05546 5.00001e+24
0.00351092 1.06347 5.00001e+24
0.00719439 1.0706 5.00001e+24
0.00380974 1.05218 5.00001e+24
0.00252624 1.05133 5.00001e+24
0.00541038 1.07413 5.00001e+24
0.00547715 1.05291 5.00001e+24
0.00227742 1.05211 5.00001e+24
0.00407438 1.0602 5.00001e+24
0.00311823 1.04935 5.00001e+24
0.0057767 1.04763 5.00001e+24
0.00675439 1.06802 5.00001e+24
0.00631679 1.0768 5.00001e+24
0.0049133 1.04147 5.00001e+24
0.00077629 1.07611 5.00001e+24
0.00437255 1.04846 5.00001e+24
0.00573078 1.05753 5.00001e+24
0.0040133 1.05594 5.00001e+24
0.00460506 1.06911 5.00001e+24
0.00209589 1.05803 5.00001e+24
0.00427229 1.06675 5.00001e+24
0.00288335 1.09038 5.00001e+24
0.00744923 1.06739 5.00001e+24
0.00564286 1.06874 5.00001e+24
0.0063832 1.05476 5.00001e+24
0.00378506 1.05557 5.00001e+24
0.000793134 1.0884 5.00001e+24
0.00481122 1.06127 5.00001e+24
0.0043756 1.05993 5.00001e+24
0.00201872 1.06431 5.00001e+24
0.00676518 1.08683 5.00001e+24
0.00268599 1.07178 5.00001e+24
0.0107424 1.07631 5.00001e+24
0.00575335 1.07387 5.00001e+24
0.00442017 1.08269 5.00001e+24
0.00434585 1.05827 5.00001e+24
0.00739379 1.10094 5.00001e+24
0.00372033 1.0836 5.00001e+24
0.00496339 1.0836 5.00001e+24
0.010894 1.05752 5.00001e+24
0.0105416 1.07307 5.00001e+24
0.00441275 1.0827 5.00001e+24
0.0120853 1.07701 5.00001e+24
0.00439356 1.08576 5.00001e+24
0.00313084 1.10403 5.00001e+24
0.00551172 1.07573 5.00001e+24
0.00800686 1.09445 5.00001e+24
0.00590291 1.06287 5.00001e+24
0.00584147 1.09665 5.00001e+24
0.00260682 1.07429 5.00001e+24
0.00427269 1.07553 5.00001e+24
0.000248426 1.08488 5.00001e+24
0.00212095 1.08183 5.00001e+24
0.00786203 1.08678 5.00001e+24
0.00386679 1.0745 5.00001e+24
0.00289296 1.10174 5.00001e+24
0.00323227 1.07963 5.00001e+24
0.00859158 1.06655 5.00001e+24
0.00398781 1.0872 5.00001e+24
0.00389271 1.08394 5.00001e+24
0.00316911 1.0899 5.00001e+24
0.00341109 1.0924 5.00001e+24
0.00502635 1.1152 5.00001e+24
0.00101887 1.10143 5.00001e+24
0.00462788 1.10193 5.00001e+24
0.00717786 1.09076 5.00001e+24
0.00245204 1.07851 5.00001e+24
0.000808504 1.11972 5.00001e+24
0.00171362 1.0744 5.00001e+24
0.00591458 1.10026 5.00001e+24
0.00316148 1.08031 5.00001e+24
0.00230756 1.09765 5.00001e+24
0.00130377 1.09325 5.00001e+24
0.00368951 1.0933 5.00001e+24
0.000266835 1.10746 5.00001e+24
0.00588118 1.08797 5.00001e+24
0.00501673 1.08813 5.00001e+24
0.00440285 1.06743 5.00001e+24
0.0027283 1.10402 5.00001e+24
0.002262 1.08867 5.00001e+24
0.00799089 1.09941 5.00001e+24
0.00275126 1.08753 5.00001e+24
0.00596873 1.10389 5.00001e+24
0.00407634 1.10672 5.00001e+24
0.0016523 1.11681 5.00001e+24
0.00257395 1.08355 5.00001e+24
0.00730378 1.09424 5.00001e+24
0.00251143 1.08809 5.00001e+24
0.00389544 1.11195 5.00001e+24
0.00412699 1.09992 5.00001e+24
0.0056435 1.11603 5.00001e+24
0.00515886 1.10105 5.00001e+24
0.00445283 1.08758 5.00001e+24
0.00128843 1.09009 5.00001e+24
0.00889167 1.10122 5.00001e+24
0.00500813 1.12234 5.00001e+24
0.00168068 1.09456 5.00001e+24
0.00250619 1.12043 5.00001e+24
0.00597336 1.09722 5.00001e+24
0.00610855 1.10509 5.00001e+24
0.00400935 1.10746 5.00001e+24
0.00715948 1.0939 5.00001e+24
0.00324322 1.12746 5.00001e+24
0.00483068 1.10943 5.00001e+24
0.00784596 1.09656 5.00001e+24
0.00311225 1.11623 5.00001e+24
0.0068507 1.11886 5.00001e+24
0.00585881 1.11978 5.00001e+24
0.00580997 1.07861 5.00001e+24
0.00389389 1.13375 5.00001e+24
0.00421074 1.11675 5.00001e+24
0.00481349 1.08972 5.00001e+24
0.00303708 1.10641 5.00001e+24
0.0056855 1.11085 5.00001e+24
0.00592631 1.09574 5.00001e+24
0.00467532 1.11468 5.00001e+24
0.00649455 1.11838 5.00001e+24
0.00298893 1.1035 5.00001e+24
0.0011171 1.12298 5.00001e+24
0.00561119 1.12506 5.00001e+24
0.00582999 1.14473 5.00001e+24
0.00493688 1.1314 5.00001e+24
0.00559532 1.10338 5.00001e+24
0.00902473 1.11247 5.00001e+24
0.00493588 1.11406 5.00001e+24
0.00695216 1.11361 5.00001e+24
0.00729068 1.12884 5.00001e+24
0.00988297 1.10015 5.00001e+24
0.0050567 1.1517 5.00001e+24
0.00545664 1.10374 5.00001e+24
0.00887638 1.12582 5.00001e+24
0.00837324 1.11555 5.00001e+24
0.00226561 1.15441 5.00001e+24
0.00301818 1.12646 5.00001e+24
0.00359276 1.13441 5.00001e+24
0.00286822 1.12558 5.00001e+24
0.00767007 1.13313 5.00001e+24
0.00752746 1.10186 5.00001e+24
0.00372977 1.12281 5.00001e+24
0.00138996 1.11626 5.00001e+24
0.00326411 1.13335 5.00001e+24
0.0048997 1.12223 5.00001e+24
0.000946464 1.11856 5.00001e+24
0.00401913 1.13377 5.00001e+24
0.00566648 1.12725 5.00001e+24
0.0002171 1.13785 5.00001e+24
0.00903793 1.14062 5.00001e+24
0.00285636 1.12651 5.00001e+24
0.0035511 1.1286 5.00001e+24
0.00477728 1.12837 5.00001e+24
0.00391766 1.12746 5.00001e+24
0.00524602 1.14336 5.00001e+24
0.00559371 1.11317 5.00001e+24
0.00693692 1.13897 5.00001e+24
0.00355724 1.12223 5.00001e+24
0.0072673 1.14348 5.00001e+24
0.000563577 1.13594 5.00001e+24
0.00822963 1.12034 5.00001e+24
0.00801209 1.13301 5.00001e+24
0.00546305 1.14845 5.00001e+24
0.00333424 1.12652 5.00001e+24
0.00372617 1.1436 5.00001e+24
0.00311666 1.14247 5.00001e+24
0.000645362 1.14385 5.00001e+24
0.00930724 1.12288 5.00001e+24
0.00437711 1.13679 5.00001e+24
0.00184347 1.13931 5.00001e+24
0.00964118 1.14141 5.00001e+24
0.0035349 1.14894 5.00001e+24
0.00524554 1.17661 5.00001e+24
0.00446861 1.15733 5.00001e+24
0.00253743 1.13275 5.00001e+24
0.00385097 1.14224 5.00001e+24
0.0100753 1.13572 5.00001e+24
0.00572122 1.15051 5.00001e+24
0.00308407 1.14592 5.00001e+24
0.00323132 1.1404 5.00001e+24
0.00594759 1.13246 5.00001e+24
0.00555553 1.15534 5.00001e+24
0.00789402 1.15255 5.00001e+24
0.00296113 1.14369 5.00001e+24
0.00256371 1.15065 5.00001e+24
0.00267009 1.14788 5.00001e+24
0.00470372 1.13652 5.00001e+24
0.00375151 1.1671 5.00001e+24
0.00275516 1.14526 5.00001e+24
0.000602404 1.15589 5.00001e+24
0.00341078 1.14349 5.00001e+24
0.00637443 1.1495 5.00001e+24
0.0123419 1.16476 5.00001e+24
0.00248997 1.16527 5.00001e+24
0.00983267 1.16315 5.00001e+24
0.00764611 1.16747 5.00001e+24
0.00350385 1.15512 5.00001e+24
0.00590744 1.16664 5.00001e+24
0.00215007 1.14757 5.00001e+24
0.00385629 1.14781 5.00001e+24
0.0029391 1.16213 5.00001e+24
0.004719 1.17038 5.00001e+24
0.00605416 1.14189 5.00001e+24
0.00305326 1.16051 5.00001e+24
0.0031219 1.15843 5.00001e+24
0.010366 1.16551 5.00001e+24
0.00354341 1.14833 5.00001e+24
0.00209877 1.14258 5.00001e+24
0.00272455 1.16527 5.00001e+24
0.00261267 1.16938 5.00001e+24
0.00402523 1.15779 5.00001e+24
0.00427242 1.15947 5.00001e+24
0.00191603 1.16852 5.00001e+24
0.00161858 1.17268 5.00001e+24
0.00241877 1.16702 5.00001e+24
0.00432765 1.15642 5.00001e+24
0.0085021 1.15543 5.00001e+24
0.000663628 1.17504 5.00001e+24
0.00549681 1.15681 5.00001e+24
0.0110165 1.17846 5.00001e+24
0.003118 1.17772 5.00001e+24
0.00615715 1.14438 5.00001e+24
0.0111545 1.17749 5.00001e+24
0.00401408 1.15952 5.00001e+24
0.0045677 1.15247 5.00001e+24
0.00417189 1.17871 5.00001e+24
0.0011785 1.18784 5.00001e+24
0.00296683 1.17794 5.00001e+24
0.00445781 1.18464 5.00001e+24
0.00385086 1.17035 5.00001e+24
0.0046593 1.17838 5.00001e+24
0.00109232 1.16272 5.00001e+24
0.00536042 1.18478 5.00001e+24
0.0076486 1.18081 5.00001e+24
0.00669916 1.18541 5.00001e+24
0.00221087 1.16057 5.00001e+24
0.00550652 1.16166 5.00001e+24
0.00564648 1.17879 5.00001e+24
0.00450894 1.16286 5.00001e+24
0.00765599 1.17553 5.00001e+24
0.0076281 1.17385 5.00001e+24
0.00353248 1.17141 5.00001e+24
0.00794359 1.17404 5.00001e+24
0.00540213 1.16675 5.00001e+24
0.00153003 1.19244 5.00001e+24
0.00501765 1.17701 5.00001e+24
0.00555572 1.19493 5.00001e+24
0.00597637 1.18533 5.00001e+24
0.00248675 1.15307 5.00001e+24
0.00348707 1.19942 5.00001e+24
0.00474305 1.17263 5.00001e+24
0.0032011 1.19621 5.00001e+24
0.00510352 1.20187 5.00001e+24
0.00442101 1.16959 5.00001e+24
0.00374853 1.17771 5.00001e+24
0.00249077 1.17704 5.00001e+24
0.00641929 1.18354 5.00001e+24
0.00187147 1.16452 5.00001e+24
0.00285319 1.20332 5.00001e+24
0.00394561 1.1905 5.00001e+24
0.00497507 1.18927 5.00001e+24
0.00475284 1.20258 5.00001e+24
0.00352728 1.17986 5.00001e+24
0.00153176 1.18214 5.00001e+24
0.00480226 1.208 5.00001e+24
0.00660031 1.19939 5.00001e+24
0.00106519 1.18233 5.00001e+24
0.00509257 1.20972 5.00001e+24
0.00266927 1.19578 5.00001e+24
0.00158315 1.18437 5.00001e+24
0.00509888 1.19341 5.00001e+24
0.00400495 1.19308 5.00001e+24
0.00893846 1.18145 5.00001e+24
0.00565697 1.1865 5.00001e+24
0.0020422 1.19028 5.00001e+24
0.00778511 1.19813 5.00001e+24
0.00616467 1.17975 5.00001e+24
0.00354135 1.2029 5.00001e+24
0.00379232 1.18127 5.00001e+24
0.00481698 1.19525 5.00001e+24
0.00346259 1.19951 5.00001e+24
0.00859025 1.20092 5.00001e+24
0.00478521 1.18466 5.00001e+24
0.00755185 1.18394 5.00001e+24
0.00734936 1.21036 5.00001e+24
0.00195157 1.20167 5.00001e+24
0.00757662 1.20787 5.00001e+24
0.00237048 1.20248 5.00001e+24
0.00299464 1.195 5.00001e+24
0.00893656 1.21228 5.00001e+24
0.00392004 1.19871 5.00001e+24
0.00411928 1.20412 5.00001e+24
0.00361455 1.19701 5.00001e+24
0.00793724 1.20244 5.00001e+24
0 0 0
