135.359 0 0 0


0.000696181 1.00049 5.00001e+24
0.00167107 1.00566 5.00001e+24
0.000863882 1.00237 5.00001e+24
0.000274619 1.00176 5.00001e+24
0.00217177 0.999987 5.00001e+24
0.00223172 1.00477 5.00001e+24
0.00251123 1.00411 5.00001e+24
0.00277883 1.00009 5.00001e+24
0.000808382 1.00133 5.00001e+24
0.0019613 1.00369 5.00001e+24
0.00196891 1.00594 5.00001e+24
0.000503266 1.00925 5.00001e+24
0.00428293 1.0063 5.00001e+24
0.0037373 1.01171 5.00001e+24
0.00572967 1.0045 5.00001e+24
0.00223496 1.00022 5.00001e+24
0.00216779 1.00191 5.00001e+24
0.00317935 1.01203 5.00001e+24
0.00258469 1.01155 5.00001e+24
0.00170878 1.01647 5.00001e+24
0.000800456 1.01174 5.00001e+24
0.00367548 1.01222 5.00001e+24
0.0013838 1.01247 5.00001e+24
0.00263048 1.01208 5.00001e+24
0.00213985 1.01526 5.00001e+24
0.00454845 1.00534 5.00001e+24
0.00113054 1.01067 5.00001e+24
0.00348462 1.01819 5.00001e+24
0.00355972 1.01543 5.00001e+24
0.00168936 1.01159 5.00001e+24
0.000858021 1.01304 5.00001e+24
0.00263709 1.01292 5.00001e+24
0.000689171 1.01986 5.00001e+24
0.00423496 1.02508 5.00001e+24
0.00297507 1.01526 5.00001e+24
0.00308536 1.02116 5.00001e+24
0.00391944 1.01537 5.00001e+24
0.000666659 1.01743 5.00001e+24
0.00362157 1.01814 5.00001e+24
0.00202484 1.01587 5.00001e+24
0.00234812 1.01627 5.00001e+24
0.00189408 1.02362 5.00001e+24
0.0031775 1.02589 5.00001e+24
0.00337185 1.01847 5.00001e+24
0.00153013 1.03109 5.00001e+24
0.00349716 1.02323 5.00001e+24
0.00226015 1.01774 5.00001e+24
0.00163036 1.0238 5.00001e+24
0.00265901 1.02588 5.00001e+24
0.00103004 1.02632 5.00001e+24
0.00374421 1.02478 5.00001e+24
0.0017638 1.02733 5.00001e+24
0.00261002 1.02503 5.00001e+24
0.000910607 1.02522 5.00001e+24
0.000719496 1.03353 5.00001e+24
0.0012153 1.02993 5.00001e+24
0.00258785 1.03396 5.00001e+24
0.00211691 1.02648 5.00001e+24
0.00204321 1.02952 5.00001e+24
0.0034839 1.02467 5.00001e+24
0.00325837 1.04322 5.00001e+24
0.00150116 1.03516 5.00001e+24
0.00175455 1.03019 5.00001e+24
0.00290933 1.02794 5.00001e+24
0.00190522 1.0333 5.00001e+24
0.00161591 1.02791 5.00001e+24
0.00243816 1.03345 5.00001e+24
0.0016958 1.03421 5.00001e+24
0.000768858 1.03447 5.00001e+24
0.000769058 1.03886 5.00001e+24
0.00443001 1.03593 5.00001e+24
0.0019474 1.03105 5.00001e+24
0.00235063 1.03256 5.00001e+24
0.00355263 1.03759 5.00001e+24
0.00132146 1.03332 5.00001e+24
0.000859006 1.04342 5.00001e+24
0.00357891 1.03609 5.00001e+24
0.00209207 1.04038 5.00001e+24
0.00119316 1.03733 5.00001e+24
0.00308535 1.04314 5.00001e+24
0.00382257 1.04377 5.00001e+24
0.00515244 1.037 5.00001e+24
0.00281348 1.04645 5.00001e+24
0.00222252 1.04454 5.00001e+24
0.0041689 1.04168 5.00001e+24
0.0034857 1.03993 5.00001e+24
0.00176917 1.04498 5.00001e+24
0.00127831 1.04482 5.00001e+24
0.00198349 1.05245 5.00001e+24
0.0007163 1.04316 5.00001e+24
0.00219744 1.04089 5.00001e+24
0.00432758 1.05187 5.00001e+24
0.00266609 1.05301 5.00001e+24
0.00250452 1.04975 5.00001e+24
0.0047232 1.04399 5.00001e+24
0.00355075 1.05248 5.00001e+24
0.00586838 1.04928 5.00001e+24
0.00120825 1.05866 5.00001e+24
0.00151365 1.05558 5.00001e+24
0.00258838 1.05188 5.00001e+24
0.00173154 1.04221 5.00001e+24
0.00287179 1.05425 5.00001e+24
0.00464571 1.04718 5.00001e+24
0.00127812 1.05534 5.00001e+24
0.00400366 1.04749 5.00001e+24
0.00229635 1.05818 5.00001e+24
0.00147167 1.04661 5.00001e+24
0.00107093 1.05863 5.00001e+24
0.0032023 1.06129 5.00001e+24
0.00370455 1.05718 5.00001e+24
0.00372035 1.05966 5.00001e+24
0.00122362 1.05228 5.00001e+24
0.000561571 1.05177 5.00001e+24
0.00152015 1.05936 5.00001e+24
0.00316433 1.05819 5.00001e+24
0.00301932 1.05955 5.00001e+24
0.00101491 1.0624 5.00001e+24
0.00119127 1.06831 5.00001e+24
0.00144561 1.05451 5.00001e+24
0.00282942 1.05875 5.00001e+24
0.00175923 1.06444 5.00001e+24
0.00246677 1.05733 5.00001e+24
0.00256284 1.06109 5.00001e+24
0.00373131 1.06611 5.00001e+24
0.00148544 1.06647 5.00001e+24
0.000324998 1.06646 5.00001e+24
0.00123924 1.06083 5.00001e+24
0.0013627 1.06798 5.00001e+24
0.000732684 1.06761 5.00001e+24
0.00316687 1.05497 5.00001e+24
0.00039066 1.06596 5.00001e+24
0.00200721 1.06914 5.00001e+24
0.00182096 1.06565 5.00001e+24
0.00262397 1.06888 5.00001e+24
0.00473238 1.06268 5.00001e+24
0.00157047 1.06652 5.00001e+24
0.00208251 1.06955 5.00001e+24
0.00221596 1.07293 5.00001e+24
0.00224046 1.06946 5.00001e+24
0.00383978 1.07673 5.00001e+24
0.00309297 1.06391 5.00001e+24
0.00114442 1.07347 5.00001e+24
0.00213662 1.07258 5.00001e+24
0.00316719 1.07162 5.00001e+24
0.00227671 1.08274 5.00001e+24
0.00228598 1.08345 5.00001e+24
0.00459914 1.07648 5.00001e+24
0.00201674 1.07523 5.00001e+24
0.00524373 1.07504 5.00001e+24
0.00226045 1.07343 5.00001e+24
0.00340968 1.07956 5.00001e+24
0.000658155 1.07262 5.00001e+24
0.00122477 1.08124 5.00001e+24
0.00321374 1.08278 5.00001e+24
0.00373565 1.07788 5.00001e+24
0.00510491 1.08643 5.00001e+24
0.000789027 1.08015 5.00001e+24
0.0020436 1.07809 5.00001e+24
0.000681273 1.07707 5.00001e+24
0.00293329 1.08178 5.00001e+24
0.00394454 1.09037 5.00001e+24
0.00135704 1.08502 5.00001e+24
0.00193512 1.07708 5.00001e+24
0.0023516 1.07481 5.00001e+24
0.00118357 1.08469 5.00001e+24
0.00401406 1.08625 5.00001e+24
0.00446282 1.08881 5.00001e+24
0.00305954 1.08075 5.00001e+24
0.00154658 1.0856 5.00001e+24
0.00441307 1.09132 5.00001e+24
0.00392815 1.09023 5.00001e+24
0.00147603 1.09389 5.00001e+24
0.000934653 1.09592 5.00001e+24
0.0017374 1.09786 5.00001e+24
0.00229269 1.09043 5.00001e+24
0.00507757 1.07858 5.00001e+24
0.00325799 1.09311 5.00001e+24
0.00413795 1.08772 5.00001e+24
0.000591297 1.08972 5.00001e+24
0.00176439 1.08431 5.00001e+24
0.00113724 1.08808 5.00001e+24
0.00145436 1.08439 5.00001e+24
0.00229173 1.1026 5.00001e+24
0.00200193 1.09934 5.00001e+24
0.00188668 1.09867 5.00001e+24
0.00114694 1.09502 5.00001e+24
0.000578475 1.09004 5.00001e+24
0.00236959 1.09305 5.00001e+24
0.00120922 1.0956 5.00001e+24
0.00354618 1.10431 5.00001e+24
0.000805267 1.09862 5.00001e+24
0.00176179 1.10269 5.00001e+24
0.00307093 1.10114 5.00001e+24
0.00298597 1.0986 5.00001e+24
0.00188083 1.09496 5.00001e+24
0.000995484 1.09874 5.00001e+24
0.00288493 1.09772 5.00001e+24
0.00238361 1.1039 5.00001e+24
0.00233602 1.10109 5.00001e+24
0.00272359 1.10887 5.00001e+24
0.00319832 1.10819 5.00001e+24
0.00207927 1.10617 5.00001e+24
0.00153331 1.09572 5.00001e+24
0.00238001 1.10255 5.00001e+24
0.0013645 1.10567 5.00001e+24
0.00184994 1.09742 5.00001e+24
0.0024514 1.10403 5.00001e+24
0.00266808 1.11207 5.00001e+24
0.00324442 1.09342 5.00001e+24
0.00291688 1.11011 5.00001e+24
0.00258239 1.10526 5.00001e+24
0.00294925 1.11082 5.00001e+24
0.0033088 1.10501 5.00001e+24
0.000960452 1.11063 5.00001e+24
0.00165664 1.10526 5.00001e+24
0.00279978 1.11159 5.00001e+24
0.000845314 1.10998 5.00001e+24
0.000618301 1.10405 5.00001e+24
0.00301649 1.11675 5.00001e+24
0.00456642 1.11142 5.00001e+24
0.00302023 1.11291 5.00001e+24
0.00260346 1.11385 5.00001e+24
0.00043422 1.11614 5.00001e+24
0.000680501 1.11425 5.00001e+24
0.00145761 1.11665 5.00001e+24
0.00379464 1.1212 5.00001e+24
0.00145432 1.11493 5.00001e+24
0.000961287 1.11589 5.00001e+24
0.00400428 1.12071 5.00001e+24
0.00131098 1.11964 5.00001e+24
0.00213193 1.12969 5.00001e+24
0.00039837 1.11283 5.00001e+24
0.00215333 1.11678 5.00001e+24
0.0022644 1.11277 5.00001e+24
0.00350684 1.12773 5.00001e+24
0.00025639 1.12235 5.00001e+24
0.00270465 1.12544 5.00001e+24
0.00124727 1.12531 5.00001e+24
0.000998441 1.11838 5.00001e+24
0.000606205 1.13127 5.00001e+24
0.00371536 1.12629 5.00001e+24
0.00169841 1.13723 5.00001e+24
0.00202348 1.12422 5.00001e+24
0.000929405 1.12133 5.00001e+24
0.00209554 1.12542 5.00001e+24
0.000959468 1.12398 5.00001e+24
0.000732023 1.12575 5.00001e+24
0.00506411 1.11778 5.00001e+24
0.00246258 1.11948 5.00001e+24
0.00139229 1.1244 5.00001e+24
0.00432396 1.13108 5.00001e+24
0.0027421 1.13193 5.00001e+24
0.003776 1.12466 5.00001e+24
0.00113798 1.12662 5.00001e+24
0.00160403 1.13885 5.00001e+24
0.00254731 1.12662 5.00001e+24
0.00188343 1.13293 5.00001e+24
0.00200798 1.13045 5.00001e+24
0.00129253 1.12073 5.00001e+24
0.00683816 1.13271 5.00001e+24
0.00281695 1.14167 5.00001e+24
0.0013853 1.13418 5.00001e+24
0.0016847 1.13784 5.00001e+24
0.000422406 1.13466 5.00001e+24
0.00267948 1.14142 5.00001e+24
0.00331055 1.1375 5.00001e+24
0.00102178 1.1303 5.00001e+24
0.0017914 1.13429 5.00001e+24
0.00129364 1.13491 5.00001e+24
0.000868891 1.13227 5.00001e+24
0.00264696 1.14002 5.00001e+24
0.00392498 1.13764 5.00001e+24
0.00198018 1.14461 5.00001e+24
0.0022722 1.13969 5.00001e+24
0.00336218 1.13927 5.00001e+24
0.000789041 1.1371 5.00001e+24
0.000990954 1.14158 5.00001e+24
0.00278934 1.14353 5.00001e+24
0.00252919 1.14429 5.00001e+24
0.00114229 1.14328 5.00001e+24
0.00211614 1.14258 5.00001e+24
0.00190116 1.14281 5.00001e+24
0.00155988 1.15089 5.00001e+24
0.00199599 1.15026 5.00001e+24
0.00084008 1.1468 5.00001e+24
0.000834502 1.14656 5.00001e+24
0.00156915 1.1398 5.00001e+24
0.000999846 1.14867 5.00001e+24
0.0013078 1.14512 5.00001e+24
0.000513352 1.14349 5.00001e+24
0.00202677 1.15394 5.00001e+24
0.000483049 1.14564 5.00001e+24
0.00316263 1.14783 5.00001e+24
0.00273408 1.15013 5.00001e+24
0.0022901 1.14839 5.00001e+24
0.00197505 1.15207 5.00001e+24
0.00144526 1.15024 5.00001e+24
0.00220336 1.15868 5.00001e+24
0.00369948 1.15258 5.00001e+24
0.00334708 1.15513 5.00001e+24
0.00359494 1.15392 5.00001e+24
0.00110015 1.16192 5.00001e+24
0.0026706 1.15323 5.00001e+24
0.00475855 1.15892 5.00001e+24
0.0022759 1.1565 5.00001e+24
0.00130907 1.15854 5.00001e+24
0.00656728 1.15907 5.00001e+24
0.00294317 1.16188 5.00001e+24
0.00524906 1.14989 5.00001e+24
0.00202545 1.153 5.00001e+24
0.00116737 1.15774 5.00001e+24
0.00163863 1.16192 5.00001e+24
0.00194587 1.15882 5.00001e+24
0.00342227 1.16199 5.00001e+24
0.000928209 1.15704 5.00001e+24
0.00264523 1.16102 5.00001e+24
0.000731566 1.16347 5.00001e+24
0.00186239 1.15627 5.00001e+24
0.0026482 1.16099 5.00001e+24
0.00528535 1.16698 5.00001e+24
0.00138308 1.16415 5.00001e+24
0.00216041 1.16722 5.00001e+24
0.00165732 1.16626 5.00001e+24
0.00384945 1.17231 5.00001e+24
0.00200983 1.16693 5.00001e+24
0.00282055 1.16583 5.00001e+24
0.00175633 1.1648 5.00001e+24
0.00278677 1.16743 5.00001e+24
0.000890696 1.18106 5.00001e+24
0.00386112 1.17152 5.00001e+24
0.00334699 1.17315 5.00001e+24
0.00250489 1.16596 5.00001e+24
0.00205464 1.17633 5.00001e+24
0.00162474 1.16956 5.00001e+24
0.00194652 1.16913 5.00001e+24
0.000925785 1.17257 5.00001e+24
0.000582428 1.1753 5.00001e+24
0.00270327 1.16956 5.00001e+24
0.00240678 1.18275 5.00001e+24
0.00510941 1.18531 5.00001e+24
0.00388845 1.18277 5.00001e+24
0.00167305 1.16927 5.00001e+24
0.00131208 1.17494 5.00001e+24
0.0019322 1.16928 5.00001e+24
0.001857 1.17697 5.00001e+24
0.00054002 1.17256 5.00001e+24
0.00307947 1.17774 5.00001e+24
0.00246908 1.17943 5.00001e+24
0.00482314 1.18001 5.00001e+24
0.00300345 1.17779 5.00001e+24
0.00193512 1.17387 5.00001e+24
0.0026842 1.17788 5.00001e+24
0.00394211 1.17472 5.00001e+24
0.00113106 1.18274 5.00001e+24
0.00280101 1.17829 5.00001e+24
0.00146139 1.18542 5.00001e+24
0.0019334 1.18528 5.00001e+24
0.00279304 1.19093 5.00001e+24
0.00119277 1.18741 5.00001e+24
0.00150382 1.18345 5.00001e+24
0.000888269 1.18371 5.00001e+24
0.00284184 1.17883 5.00001e+24
0.000779892 1.17451 5.00001e+24
0.00373687 1.18497 5.00001e+24
0.00253999 1.18756 5.00001e+24
0.000344466 1.185 5.00001e+24
0.00188147 1.18756 5.00001e+24
0.0037155 1.1905 5.00001e+24
0.00239991 1.19404 5.00001e+24
0.000384127 1.18577 5.00001e+24
0.000352 1.19569 5.00001e+24
0.00117609 1.18996 5.00001e+24
0.00320114 1.18772 5.00001e+24
0.00397966 1.20166 5.00001e+24
0.0014973 1.19755 5.00001e+24
0.000881743 1.19143 5.00001e+24
0.00425385 1.19173 5.00001e+24
0.00143684 1.19275 5.00001e+24
0.0065346 1.19234 5.00001e+24
0.00214042 1.19687 5.00001e+24
0.00148403 1.19317 5.00001e+24
0.00266591 1.19295 5.00001e+24
0.00188577 1.18646 5.00001e+24
0.00193385 1.19594 5.00001e+24
0.0026527 1.19702 5.00001e+24
0.00220273 1.20033 5.00001e+24
0.00254811 1.20009 5.00001e+24
0.00213411 1.19951 5.00001e+24
0.00365307 1.19978 5.00001e+24
0.0019804 1.19464 5.00001e+24
0.00225094 1.20188 5.00001e+24
0.00150417 1.20225 5.00001e+24
0.00498418 1.20955 5.00001e+24
0.000227446 1.20007 5.00001e+24
0.00196914 1.20173 5.00001e+24
0.00463367 1.19691 5.00001e+24
0.00299687 1.20388 5.00001e+24
0.0022867 1.20583 5.00001e+24
0.000933634 1.20461 5.00001e+24
0.00202919 1.20515 5.00001e+24
0 0 0
