1164.09 0 0 0


0.00553763 1.01121 5.00001e+24
0.00548962 1.00257 5.00001e+24
0.00434668 0.997074 5.00001e+24
0.00226366 1.00864 5.00001e+24
0.00199649 0.99829 5.00001e+24
0.00200606 1.0069 5.00001e+24
0.004936 1.00001 5.00001e+24
0.00416206 0.999135 5.00001e+24
0.00358959 1.00556 5.00001e+24
0.00229582 1.01308 5.00001e+24
0.00340695 0.995394 5.00001e+24
0.00306723 1.01594 5.00001e+24
0.00345667 1.00621 5.00001e+24
0.000606861 1.01183 5.00001e+24
0.005802 1.00382 5.00001e+24
0.0072515 0.996654 5.00001e+24
0.00757605 1.00762 5.00001e+24
0.00666413 1.02353 5.00001e+24
0.00991823 1.01836 5.00001e+24
0.000358425 1.02929 5.00001e+24
0.00073279 1.00722 5.00001e+24
0.00409501 1.0247 5.00001e+24
0.00609621 1.01287 5.00001e+24
0.00824734 1.01331 5.00001e+24
0.00404829 1.01556 5.00001e+24
0.00607872 1.01942 5.00001e+24
0.00406968 1.00387 5.00001e+24
0.00442752 1.00942 5.00001e+24
0.00289028 1.01321 5.00001e+24
0.00278504 1.00979 5.00001e+24
0.00283422 1.01236 5.00001e+24
0.00335408 1.00723 5.00001e+24
0.00905642 1.0294 5.00001e+24
0.0013965 1.03567 5.00001e+24
0.00354482 1.01846 5.00001e+24
0.00836014 1.01544 5.00001e+24
0.00244622 1.0181 5.00001e+24
0.0027323 1.00075 5.00001e+24
0.0064998 1.01315 5.00001e+24
0.00681624 1.01612 5.00001e+24
0.00171112 1.01422 5.00001e+24
0.00319455 1.03737 5.00001e+24
0.00684492 1.01159 5.00001e+24
0.00501797 1.03757 5.00001e+24
0.00480311 1.02302 5.00001e+24
0.00499992 1.02153 5.00001e+24
0.00247039 1.0174 5.00001e+24
0.0040445 1.0274 5.00001e+24
0.00143358 1.0078 5.00001e+24
0.0051512 1.035 5.00001e+24
0.00221107 1.00519 5.00001e+24
0.00422564 1.03274 5.00001e+24
0.00240509 1.02491 5.00001e+24
0.00189225 1.02475 5.00001e+24
0.00423668 1.0373 5.00001e+24
0.00605974 1.02154 5.00001e+24
0.00480177 1.05005 5.00001e+24
0.00278748 1.04658 5.00001e+24
0.00614406 1.02628 5.00001e+24
0.00341371 1.02795 5.00001e+24
0.00472424 1.03619 5.00001e+24
0.00321248 1.03654 5.00001e+24
0.0059966 1.02914 5.00001e+24
0.00627046 1.03167 5.00001e+24
0.00311506 1.02762 5.00001e+24
0.0103767 1.02329 5.00001e+24
0.00338791 1.04782 5.00001e+24
0.00274929 1.02839 5.00001e+24
0.00356245 1.03902 5.00001e+24
0.00372112 1.02648 5.00001e+24
0.00400246 1.03411 5.00001e+24
0.00353884 1.05881 5.00001e+24
0.0037221 1.03527 5.00001e+24
0.00454682 1.05812 5.00001e+24
0.00176314 1.0452 5.00001e+24
0.00639179 1.04843 5.00001e+24
0.00257797 1.06466 5.00001e+24
0.00950666 1.04332 5.00001e+24
0.00549448 1.03586 5.00001e+24
0.00509712 1.03882 5.00001e+24
0.00290782 1.03669 5.00001e+24
0.00725346 1.0531 5.00001e+24
0.00457383 1.03625 5.00001e+24
0.00314488 1.04098 5.00001e+24
0.000523219 1.02587 5.00001e+24
0.00514268 1.04765 5.00001e+24
0.00658744 1.0456 5.00001e+24
0.00159138 1.03526 5.00001e+24
0.00381761 1.05381 5.00001e+24
0.00330928 1.04942 5.00001e+24
0.00418036 1.03267 5.00001e+24
0.0005603 1.0497 5.00001e+24
0.00328649 1.06348 5.00001e+24
0.00341996 1.0376 5.00001e+24
0.00493969 1.02952 5.00001e+24
0.00691835 1.0584 5.00001e+24
0.00660397 1.05494 5.00001e+24
0.00600136 1.05798 5.00001e+24
0.00737992 1.0687 5.00001e+24
0.00759224 1.05637 5.00001e+24
0.00508599 1.03145 5.00001e+24
0.00550208 1.02696 5.00001e+24
0.0032562 1.05405 5.00001e+24
0.00590876 1.04522 5.00001e+24
0.00540751 1.03919 5.00001e+24
0.00336787 1.04731 5.00001e+24
0.00305118 1.05964 5.00001e+24
0.00478072 1.06864 5.00001e+24
0.00490081 1.06016 5.00001e+24
0.00311702 1.0518 5.00001e+24
0.00613682 1.06442 5.00001e+24
0.00445049 1.0628 5.00001e+24
0.00443726 1.06079 5.00001e+24
0.00442055 1.0493 5.00001e+24
0.00630654 1.0725 5.00001e+24
0.00488718 1.05073 5.00001e+24
0.00233227 1.05702 5.00001e+24
0.00140326 1.06183 5.00001e+24
0.00681262 1.04704 5.00001e+24
0.00476001 1.04968 5.00001e+24
0.00569044 1.06407 5.00001e+24
0.00324718 1.07308 5.00001e+24
0.00931473 1.04281 5.00001e+24
0.00213878 1.07866 5.00001e+24
0.00650739 1.048 5.00001e+24
0.00575882 1.06045 5.00001e+24
0.0047498 1.05643 5.00001e+24
0.00348605 1.07104 5.00001e+24
0.00530804 1.05386 5.00001e+24
0.00482543 1.06201 5.00001e+24
0.00645077 1.08254 5.00001e+24
0.00432832 1.07237 5.00001e+24
0.00253587 1.06641 5.00001e+24
0.00122642 1.0509 5.00001e+24
0.00438402 1.05584 5.00001e+24
0.00398482 1.08409 5.00001e+24
0.00446954 1.06398 5.00001e+24
0.00385866 1.06263 5.00001e+24
0.00308475 1.06306 5.00001e+24
0.00114452 1.08382 5.00001e+24
0.00385864 1.06925 5.00001e+24
0.00683086 1.07763 5.00001e+24
0.00575228 1.07275 5.00001e+24
0.0024472 1.08257 5.00001e+24
0.00172413 1.05833 5.00001e+24
0.00348747 1.10527 5.00001e+24
0.00438313 1.08126 5.00001e+24
0.00671821 1.084 5.00001e+24
0.0105242 1.05854 5.00001e+24
0.00849753 1.08087 5.00001e+24
0.0045924 1.07498 5.00001e+24
0.0129748 1.07603 5.00001e+24
0.00434154 1.09103 5.00001e+24
0.00590873 1.10241 5.00001e+24
0.00463942 1.08016 5.00001e+24
0.00663907 1.08757 5.00001e+24
0.00297282 1.06602 5.00001e+24
0.00381093 1.09066 5.00001e+24
0.00370556 1.07228 5.00001e+24
0.00287481 1.07601 5.00001e+24
0.00309385 1.08976 5.00001e+24
0.000691716 1.08605 5.00001e+24
0.005229 1.08714 5.00001e+24
0.00392854 1.07105 5.00001e+24
0.00570794 1.10049 5.00001e+24
0.00384188 1.08413 5.00001e+24
0.010231 1.06681 5.00001e+24
0.0036513 1.08814 5.00001e+24
0.0040847 1.08312 5.00001e+24
0.0044006 1.08766 5.00001e+24
0.00294398 1.09379 5.00001e+24
0.0046783 1.11409 5.00001e+24
0.00231469 1.1024 5.00001e+24
0.00452061 1.10281 5.00001e+24
0.00580967 1.09172 5.00001e+24
0.000997653 1.07906 5.00001e+24
0.00431036 1.11134 5.00001e+24
0.00378782 1.07347 5.00001e+24
0.00417448 1.09663 5.00001e+24
0.00270982 1.08458 5.00001e+24
0.00456329 1.09994 5.00001e+24
0.00184047 1.09404 5.00001e+24
0.00425924 1.09575 5.00001e+24
0.00166687 1.10946 5.00001e+24
0.00274559 1.09305 5.00001e+24
0.00731138 1.0838 5.00001e+24
0.00539298 1.06483 5.00001e+24
0.00443162 1.1062 5.00001e+24
0.00288493 1.09061 5.00001e+24
0.00895442 1.10338 5.00001e+24
0.00275698 1.09112 5.00001e+24
0.00377249 1.0979 5.00001e+24
0.00506759 1.09973 5.00001e+24
0.00103558 1.12501 5.00001e+24
0.00490587 1.08207 5.00001e+24
0.00856255 1.09124 5.00001e+24
0.00096997 1.08966 5.00001e+24
0.00361521 1.11071 5.00001e+24
0.00353858 1.09548 5.00001e+24
0.00357992 1.10971 5.00001e+24
0.00115121 1.10551 5.00001e+24
0.00729035 1.09426 5.00001e+24
0.00138549 1.08738 5.00001e+24
0.00702461 1.10645 5.00001e+24
0.00205421 1.12736 5.00001e+24
0.00315878 1.09279 5.00001e+24
0.00168316 1.1128 5.00001e+24
0.00120488 1.09616 5.00001e+24
0.00376144 1.10333 5.00001e+24
0.00244792 1.10107 5.00001e+24
0.00587399 1.09911 5.00001e+24
0.0055932 1.11169 5.00001e+24
0.00139918 1.10335 5.00001e+24
0.00602887 1.09951 5.00001e+24
0.00474534 1.11229 5.00001e+24
0.00673117 1.11951 5.00001e+24
0.00157905 1.12058 5.00001e+24
0.0059822 1.08058 5.00001e+24
0.0039865 1.12397 5.00001e+24
0.0035797 1.11679 5.00001e+24
0.00354306 1.09209 5.00001e+24
0.0044494 1.11398 5.00001e+24
0.00369883 1.10824 5.00001e+24
0.00598916 1.09895 5.00001e+24
0.00489985 1.11656 5.00001e+24
0.00391745 1.11984 5.00001e+24
0.00250368 1.106 5.00001e+24
0.00208175 1.11781 5.00001e+24
0.0053066 1.12761 5.00001e+24
0.00685079 1.13973 5.00001e+24
0.0060785 1.12723 5.00001e+24
0.00658218 1.10354 5.00001e+24
0.0068203 1.11255 5.00001e+24
0.00108105 1.12209 5.00001e+24
0.00570357 1.11586 5.00001e+24
0.00378019 1.12794 5.00001e+24
0.00905847 1.10628 5.00001e+24
0.00883456 1.14356 5.00001e+24
0.00309118 1.10869 5.00001e+24
0.0077749 1.12631 5.00001e+24
0.0089098 1.11881 5.00001e+24
0.00332723 1.15495 5.00001e+24
0.00345348 1.12397 5.00001e+24
0.00548867 1.13412 5.00001e+24
0.00150565 1.12661 5.00001e+24
0.00302523 1.12109 5.00001e+24
0.00603918 1.09996 5.00001e+24
0.00366811 1.12362 5.00001e+24
0.00644538 1.12403 5.00001e+24
0.00116868 1.12964 5.00001e+24
0.00519275 1.12896 5.00001e+24
0.00112528 1.12076 5.00001e+24
0.00561657 1.13787 5.00001e+24
0.0026028 1.12501 5.00001e+24
0.000818789 1.13717 5.00001e+24
0.0072741 1.13983 5.00001e+24
0.00314143 1.12396 5.00001e+24
0.00315176 1.12965 5.00001e+24
0.00260813 1.12976 5.00001e+24
0.00483554 1.12684 5.00001e+24
0.000326954 1.14845 5.00001e+24
0.00623014 1.11464 5.00001e+24
0.0065993 1.1418 5.00001e+24
0.00300598 1.12607 5.00001e+24
0.00425866 1.14869 5.00001e+24
0.00192288 1.1377 5.00001e+24
0.00640384 1.12385 5.00001e+24
0.00912333 1.13769 5.00001e+24
0.00535773 1.14556 5.00001e+24
0.00106905 1.13447 5.00001e+24
0.00241583 1.14255 5.00001e+24
0.00163803 1.14094 5.00001e+24
0.000742671 1.14081 5.00001e+24
0.00745592 1.11932 5.00001e+24
0.00401685 1.13155 5.00001e+24
0.00721214 1.14429 5.00001e+24
0.0105206 1.14072 5.00001e+24
0.00466546 1.15255 5.00001e+24
0.00239258 1.16481 5.00001e+24
0.00658784 1.16064 5.00001e+24
0.00171668 1.13947 5.00001e+24
0.00136281 1.14735 5.00001e+24
0.00711072 1.13435 5.00001e+24
0.00494341 1.15933 5.00001e+24
0.00376618 1.14819 5.00001e+24
0.00113743 1.13106 5.00001e+24
0.00264622 1.1379 5.00001e+24
0.00413952 1.15962 5.00001e+24
0.00651184 1.15436 5.00001e+24
0.00327946 1.13946 5.00001e+24
0.00203271 1.14721 5.00001e+24
0.00147649 1.1453 5.00001e+24
0.003005 1.13551 5.00001e+24
0.000772596 1.16812 5.00001e+24
0.00544013 1.13457 5.00001e+24
0.0029516 1.15907 5.00001e+24
0.00171428 1.14658 5.00001e+24
0.00686548 1.1544 5.00001e+24
0.0116946 1.16776 5.00001e+24
0.00387809 1.16518 5.00001e+24
0.00758725 1.15202 5.00001e+24
0.00905681 1.16425 5.00001e+24
0.00190943 1.15178 5.00001e+24
0.00308067 1.16035 5.00001e+24
0.00238239 1.14524 5.00001e+24
0.00190617 1.15356 5.00001e+24
0.00452134 1.16003 5.00001e+24
0.00552698 1.16983 5.00001e+24
0.00156107 1.14701 5.00001e+24
0.00439417 1.15971 5.00001e+24
0.00464747 1.15601 5.00001e+24
0.00234322 1.16509 5.00001e+24
0.00367746 1.15044 5.00001e+24
0.00233324 1.14684 5.00001e+24
0.00233256 1.16934 5.00001e+24
0.00527776 1.16654 5.00001e+24
0.00312399 1.1591 5.00001e+24
0.00381804 1.16122 5.00001e+24
0.00312149 1.16918 5.00001e+24
0.00418128 1.17907 5.00001e+24
0.00446271 1.16654 5.00001e+24
0.00167121 1.15876 5.00001e+24
0.00607203 1.16229 5.00001e+24
0.00153271 1.17961 5.00001e+24
0.00804282 1.15587 5.00001e+24
0.00444872 1.17391 5.00001e+24
0.00266266 1.17509 5.00001e+24
0.00619613 1.14203 5.00001e+24
0.0113239 1.18332 5.00001e+24
0.00640045 1.15733 5.00001e+24
0.00272571 1.15086 5.00001e+24
0.00189322 1.17504 5.00001e+24
0.00205719 1.18545 5.00001e+24
0.00764492 1.17234 5.00001e+24
0.00327621 1.18081 5.00001e+24
0.00297568 1.17405 5.00001e+24
0.00514196 1.18271 5.00001e+24
0.000531546 1.16841 5.00001e+24
0.00627449 1.18833 5.00001e+24
0.00480994 1.17855 5.00001e+24
0.00335126 1.17704 5.00001e+24
0.00133641 1.16487 5.00001e+24
0.00424705 1.15684 5.00001e+24
0.00657964 1.18131 5.00001e+24
0.001593 1.16756 5.00001e+24
0.00567463 1.16957 5.00001e+24
0.00877658 1.16942 5.00001e+24
0.00423124 1.1751 5.00001e+24
0.00575957 1.1732 5.00001e+24
0.00424365 1.17714 5.00001e+24
0.00355912 1.18877 5.00001e+24
0.00381492 1.17865 5.00001e+24
0.00542346 1.19795 5.00001e+24
0.00333032 1.18518 5.00001e+24
0.00175928 1.15293 5.00001e+24
0.0036751 1.19228 5.00001e+24
0.00387636 1.1813 5.00001e+24
0.00102872 1.19893 5.00001e+24
0.0044375 1.19307 5.00001e+24
0.00311165 1.17084 5.00001e+24
0.000928667 1.16872 5.00001e+24
0.00186058 1.1769 5.00001e+24
0.00535743 1.18371 5.00001e+24
0.00402173 1.16395 5.00001e+24
0.00104982 1.1987 5.00001e+24
0.000583117 1.18476 5.00001e+24
0.00554458 1.18945 5.00001e+24
0.00457992 1.20067 5.00001e+24
0.00107412 1.19727 5.00001e+24
0.00436602 1.19022 5.00001e+24
0.00220256 1.20814 5.00001e+24
0.00292642 1.19561 5.00001e+24
0.00265494 1.18873 5.00001e+24
0.00451256 1.2084 5.00001e+24
0.00334976 1.18959 5.00001e+24
0.0017973 1.18587 5.00001e+24
0.00495015 1.19046 5.00001e+24
0.00402348 1.19819 5.00001e+24
0.00733553 1.1797 5.00001e+24
0.00540689 1.18851 5.00001e+24
0.00340801 1.18753 5.00001e+24
0.00435193 1.19445 5.00001e+24
0.00751192 1.17357 5.00001e+24
0.00649311 1.20381 5.00001e+24
0.00280627 1.19297 5.00001e+24
0.00157475 1.19315 5.00001e+24
0.00357828 1.20001 5.00001e+24
0.00781571 1.20353 5.00001e+24
0.00416768 1.18638 5.00001e+24
0.00460838 1.18395 5.00001e+24
0.00500282 1.20707 5.00001e+24
0.00307311 1.20333 5.00001e+24
0.00656391 1.20862 5.00001e+24
0.00372864 1.20128 5.00001e+24
0.00407357 1.19668 5.00001e+24
0.00492897 1.20578 5.00001e+24
0.00428247 1.20383 5.00001e+24
0.00659689 1.20892 5.00001e+24
0.00297259 1.20099 5.00001e+24
0.0054843 1.19528 5.00001e+24
0 0 0
