523.919 0 0 0


0.00500715 1.00029 5.00001e+24
0.00214739 1.00707 5.00001e+24
0.000813271 1.00048 5.00001e+24
0.00222493 0.998413 5.00001e+24
0.00157104 0.999136 5.00001e+24
0.00110802 1.00758 5.00001e+24
0.00216234 1.00351 5.00001e+24
0.00319646 1.00049 5.00001e+24
0.00277866 1.00179 5.00001e+24
0.00420244 1.00081 5.00001e+24
0.000104456 1.00417 5.00001e+24
0.00248488 1.0194 5.00001e+24
0.00429237 1.00662 5.00001e+24
0.00725521 1.00711 5.00001e+24
0.00749752 1.00575 5.00001e+24
0.00165682 1.00349 5.00001e+24
0.00178842 0.998514 5.00001e+24
0.00466233 1.01287 5.00001e+24
0.00504547 1.01339 5.00001e+24
0.00418361 1.03091 5.00001e+24
0.00692169 1.00873 5.00001e+24
0.00306731 1.01561 5.00001e+24
0.00645911 1.01749 5.00001e+24
0.00728555 1.01271 5.00001e+24
0.00182211 1.01981 5.00001e+24
0.00380123 1.01328 5.00001e+24
0.00600505 1.00881 5.00001e+24
0.00507295 1.01901 5.00001e+24
0.0023318 1.02135 5.00001e+24
0.00321005 1.01166 5.00001e+24
0.00186619 1.01124 5.00001e+24
0.00182651 1.00855 5.00001e+24
0.00372825 1.0207 5.00001e+24
0.00196469 1.03429 5.00001e+24
0.00630466 1.01981 5.00001e+24
0.00376642 1.0145 5.00001e+24
0.00581496 1.0189 5.00001e+24
0.00016508 1.00501 5.00001e+24
0.00256702 1.00933 5.00001e+24
0.00161709 1.00812 5.00001e+24
0.000108609 1.01498 5.00001e+24
0.00216223 1.02812 5.00001e+24
0.00261315 1.01788 5.00001e+24
0.00700897 1.0278 5.00001e+24
0.0024942 1.02962 5.00001e+24
0.00249391 1.02521 5.00001e+24
0.00430076 1.0184 5.00001e+24
0.00236639 1.02162 5.00001e+24
0.00358532 1.02967 5.00001e+24
0.00178922 1.02578 5.00001e+24
0.00487579 1.01788 5.00001e+24
0.00112851 1.0332 5.00001e+24
0.00157819 1.02134 5.00001e+24
0.0050013 1.01244 5.00001e+24
0.00403516 1.03698 5.00001e+24
0.00425181 1.02673 5.00001e+24
0.00330902 1.03528 5.00001e+24
0.00123049 1.03684 5.00001e+24
0.00864746 1.02711 5.00001e+24
0.00419504 1.02289 5.00001e+24
0.00454975 1.04051 5.00001e+24
0.00130001 1.02941 5.00001e+24
0.00542653 1.02385 5.00001e+24
0.00161948 1.02789 5.00001e+24
0.00245906 1.0322 5.00001e+24
0.00567256 1.02816 5.00001e+24
0.000787289 1.03924 5.00001e+24
0.00565222 1.02942 5.00001e+24
0.0019853 1.03115 5.00001e+24
0.00220109 1.03134 5.00001e+24
0.00142849 1.03722 5.00001e+24
0.00637901 1.04894 5.00001e+24
0.00294624 1.03261 5.00001e+24
0.00594457 1.04165 5.00001e+24
0.00361677 1.03546 5.00001e+24
0.00156806 1.04996 5.00001e+24
0.000496053 1.05734 5.00001e+24
0.00598933 1.04385 5.00001e+24
0.0050646 1.03338 5.00001e+24
0.00262354 1.04426 5.00001e+24
0.00203707 1.04493 5.00001e+24
0.00517301 1.04982 5.00001e+24
0.00375304 1.03955 5.00001e+24
0.00391492 1.04009 5.00001e+24
0.0029733 1.03072 5.00001e+24
0.00257552 1.04617 5.00001e+24
0.0068696 1.03691 5.00001e+24
0.00178235 1.03457 5.00001e+24
0.00227751 1.06023 5.00001e+24
0.00174082 1.04674 5.00001e+24
0.00559981 1.04306 5.00001e+24
0.00369636 1.05217 5.00001e+24
0.00321346 1.05572 5.00001e+24
0.00346713 1.04341 5.00001e+24
0.00202337 1.04348 5.00001e+24
0.0060619 1.04999 5.00001e+24
0.00576031 1.05247 5.00001e+24
0.00305202 1.05834 5.00001e+24
0.00341507 1.06308 5.00001e+24
0.00440675 1.05002 5.00001e+24
0.00173818 1.03264 5.00001e+24
0.00509998 1.03814 5.00001e+24
0.00515224 1.05261 5.00001e+24
0.00456236 1.05327 5.00001e+24
0.00684037 1.05017 5.00001e+24
0.00146337 1.04851 5.00001e+24
0.00559738 1.056 5.00001e+24
0.00157738 1.06537 5.00001e+24
0.00354311 1.05965 5.00001e+24
0.00358905 1.05471 5.00001e+24
0.00137547 1.07137 5.00001e+24
0.00397771 1.05777 5.00001e+24
0.00164802 1.05784 5.00001e+24
0.00316017 1.04903 5.00001e+24
0.0055009 1.06336 5.00001e+24
0.00338631 1.0527 5.00001e+24
0.00204412 1.06258 5.00001e+24
0.00200995 1.06378 5.00001e+24
0.00219948 1.0524 5.00001e+24
0.00124488 1.05256 5.00001e+24
0.00354613 1.06653 5.00001e+24
0.00262817 1.06872 5.00001e+24
0.00604919 1.04801 5.00001e+24
0.00572873 1.07595 5.00001e+24
0.00212421 1.05562 5.00001e+24
0.00729952 1.06027 5.00001e+24
0.00296428 1.0616 5.00001e+24
0.00310924 1.06579 5.00001e+24
0.00585833 1.06059 5.00001e+24
0.00293945 1.05517 5.00001e+24
0.00269852 1.07472 5.00001e+24
0.00520772 1.07425 5.00001e+24
0.0024066 1.06242 5.00001e+24
0.00537818 1.0619 5.00001e+24
0.00427754 1.06906 5.00001e+24
0.00113919 1.07451 5.00001e+24
0.00163127 1.06551 5.00001e+24
0.00137795 1.0701 5.00001e+24
0.00188891 1.067 5.00001e+24
0.00277879 1.08326 5.00001e+24
0.00665414 1.07244 5.00001e+24
0.00640724 1.07452 5.00001e+24
0.0017156 1.06999 5.00001e+24
0.00413768 1.08636 5.00001e+24
0.00128691 1.07109 5.00001e+24
0.00253409 1.09166 5.00001e+24
0.00698682 1.0825 5.00001e+24
0.0053888 1.08305 5.00001e+24
0.0100231 1.07111 5.00001e+24
0.00164217 1.07695 5.00001e+24
0.00126689 1.07931 5.00001e+24
0.00330583 1.06851 5.00001e+24
0.00292468 1.08597 5.00001e+24
0.00591269 1.08868 5.00001e+24
0.00401585 1.0742 5.00001e+24
0.00635146 1.07572 5.00001e+24
0.00279459 1.0746 5.00001e+24
0.00344327 1.09218 5.00001e+24
0.00111074 1.07098 5.00001e+24
0.00455331 1.07748 5.00001e+24
0.00339827 1.08775 5.00001e+24
0.00195106 1.08608 5.00001e+24
0.00145476 1.076 5.00001e+24
0.00409429 1.06067 5.00001e+24
0.00369283 1.09489 5.00001e+24
0.00205362 1.08574 5.00001e+24
0.00624089 1.08479 5.00001e+24
0.00750107 1.08057 5.00001e+24
0.00409548 1.08262 5.00001e+24
0.00425514 1.094 5.00001e+24
0.000962538 1.08574 5.00001e+24
0.00436013 1.10107 5.00001e+24
0.00270277 1.10242 5.00001e+24
0.00438341 1.09869 5.00001e+24
0.00760802 1.09399 5.00001e+24
0.00390171 1.0751 5.00001e+24
0.0031836 1.10281 5.00001e+24
0.00217937 1.08707 5.00001e+24
0.00354298 1.09131 5.00001e+24
0.00572091 1.08617 5.00001e+24
0.00499697 1.10147 5.00001e+24
0.000788362 1.08864 5.00001e+24
0.00203388 1.09909 5.00001e+24
0.00371456 1.09631 5.00001e+24
0.000724272 1.08732 5.00001e+24
0.00469091 1.07851 5.00001e+24
0.000978867 1.08331 5.00001e+24
0.00357879 1.09283 5.00001e+24
0.00255684 1.09651 5.00001e+24
0.00555179 1.10788 5.00001e+24
0.00181093 1.09275 5.00001e+24
0.00476394 1.10015 5.00001e+24
0.00452319 1.10471 5.00001e+24
0.00681513 1.11207 5.00001e+24
0.00513634 1.09175 5.00001e+24
0.00367702 1.09831 5.00001e+24
0.00446164 1.09566 5.00001e+24
0.00485903 1.11493 5.00001e+24
0.00397425 1.10065 5.00001e+24
0.0052813 1.1062 5.00001e+24
0.00117663 1.10071 5.00001e+24
0.0069471 1.1022 5.00001e+24
0.00136071 1.08164 5.00001e+24
0.00335967 1.10663 5.00001e+24
0.00422246 1.12149 5.00001e+24
0.00624591 1.10256 5.00001e+24
0.00220301 1.11108 5.00001e+24
0.00339531 1.09379 5.00001e+24
0.00212538 1.09565 5.00001e+24
0.00250225 1.11093 5.00001e+24
0.00464527 1.10174 5.00001e+24
0.00229761 1.12497 5.00001e+24
0.00353003 1.0952 5.00001e+24
0.00404298 1.10658 5.00001e+24
0.00611531 1.10998 5.00001e+24
0.00469172 1.11472 5.00001e+24
0.00522086 1.11393 5.00001e+24
0.00197317 1.09128 5.00001e+24
0.00128423 1.11384 5.00001e+24
0.000334112 1.11307 5.00001e+24
0.00391713 1.10088 5.00001e+24
0.00384596 1.11575 5.00001e+24
0.00126282 1.11266 5.00001e+24
0.00169132 1.10743 5.00001e+24
0.00716093 1.11422 5.00001e+24
0.000603249 1.12562 5.00001e+24
0.00515177 1.10883 5.00001e+24
0.00210871 1.11436 5.00001e+24
0.00218715 1.13036 5.00001e+24
0.00194512 1.13484 5.00001e+24
0.00389896 1.13179 5.00001e+24
0.00596963 1.10694 5.00001e+24
0.00528349 1.11798 5.00001e+24
0.00433344 1.115 5.00001e+24
0.00282428 1.11859 5.00001e+24
0.00469958 1.13394 5.00001e+24
0.000509525 1.11988 5.00001e+24
0.00543573 1.12747 5.00001e+24
0.00325499 1.10994 5.00001e+24
0.00272174 1.13253 5.00001e+24
0.00640463 1.12064 5.00001e+24
0.000538779 1.14514 5.00001e+24
0.00604566 1.12337 5.00001e+24
0.002572 1.12524 5.00001e+24
0.00401754 1.12445 5.00001e+24
0.00499132 1.12165 5.00001e+24
0.00379502 1.11394 5.00001e+24
0.00567378 1.1152 5.00001e+24
0.00288408 1.12505 5.00001e+24
0.0010234 1.12505 5.00001e+24
0.00401682 1.13135 5.00001e+24
0.00398554 1.12757 5.00001e+24
0.00263652 1.13335 5.00001e+24
0.00646902 1.12172 5.00001e+24
0.00541024 1.13363 5.00001e+24
0.00410654 1.13441 5.00001e+24
0.0015962 1.13648 5.00001e+24
0.00535545 1.13688 5.00001e+24
0.00186117 1.12921 5.00001e+24
0.00349377 1.13526 5.00001e+24
0.00310946 1.14195 5.00001e+24
0.00475799 1.12335 5.00001e+24
0.00202222 1.13521 5.00001e+24
0.00375328 1.13053 5.00001e+24
0.00496165 1.14562 5.00001e+24
0.00117037 1.13567 5.00001e+24
0.00539555 1.12697 5.00001e+24
0.00398961 1.12546 5.00001e+24
0.00249439 1.13987 5.00001e+24
0.000804289 1.13353 5.00001e+24
0.00393267 1.14546 5.00001e+24
0.00299678 1.14432 5.00001e+24
0.00396316 1.14298 5.00001e+24
0.00218629 1.12759 5.00001e+24
0.00686563 1.13908 5.00001e+24
0.00221544 1.12805 5.00001e+24
0.00440253 1.14458 5.00001e+24
0.00457621 1.14785 5.00001e+24
0.00678759 1.14271 5.00001e+24
0.00741068 1.1554 5.00001e+24
0.00555009 1.13863 5.00001e+24
0.00129841 1.14299 5.00001e+24
0.000970785 1.13859 5.00001e+24
0.00205811 1.1563 5.00001e+24
0.00628247 1.15549 5.00001e+24
0.00128741 1.13375 5.00001e+24
0.00418157 1.14464 5.00001e+24
0.00243825 1.155 5.00001e+24
0.00305856 1.15599 5.00001e+24
0.00193163 1.14283 5.00001e+24
0.00186327 1.14556 5.00001e+24
0.00700179 1.1576 5.00001e+24
0.00311513 1.14571 5.00001e+24
0.000686636 1.15836 5.00001e+24
0.00353424 1.14423 5.00001e+24
0.0041441 1.15451 5.00001e+24
0.00166767 1.14279 5.00001e+24
0.00193064 1.15166 5.00001e+24
0.00618989 1.15401 5.00001e+24
0.00646924 1.16655 5.00001e+24
0.00778521 1.15615 5.00001e+24
0.00457838 1.16219 5.00001e+24
0.00503058 1.15419 5.00001e+24
0.00212922 1.16261 5.00001e+24
0.0025746 1.14636 5.00001e+24
0.0032951 1.15715 5.00001e+24
0.00645041 1.16186 5.00001e+24
0.00345752 1.16253 5.00001e+24
0.00260547 1.14851 5.00001e+24
0.00713621 1.14494 5.00001e+24
0.00314852 1.15398 5.00001e+24
0.00423562 1.16151 5.00001e+24
0.00226701 1.15189 5.00001e+24
0.00140579 1.15628 5.00001e+24
0.00306783 1.16727 5.00001e+24
0.00340024 1.16572 5.00001e+24
0.00362289 1.15752 5.00001e+24
0.00310816 1.16501 5.00001e+24
0.00140811 1.16805 5.00001e+24
0.00461248 1.1784 5.00001e+24
0.0016671 1.16704 5.00001e+24
0.00515312 1.16613 5.00001e+24
0.00378689 1.17503 5.00001e+24
0.00376817 1.17456 5.00001e+24
0.00196156 1.17061 5.00001e+24
0.0024166 1.17092 5.00001e+24
0.00237426 1.1761 5.00001e+24
0.00508572 1.15771 5.00001e+24
0.00566479 1.18396 5.00001e+24
0.0027011 1.16468 5.00001e+24
0.00569968 1.162 5.00001e+24
0.00227425 1.15897 5.00001e+24
0.00226286 1.17931 5.00001e+24
0.00108582 1.17192 5.00001e+24
0.00293588 1.17809 5.00001e+24
0.0019743 1.17321 5.00001e+24
0.00315741 1.17542 5.00001e+24
0.00316583 1.16711 5.00001e+24
0.00270212 1.19111 5.00001e+24
0.00118066 1.1835 5.00001e+24
0.00722205 1.17488 5.00001e+24
0.000975648 1.17017 5.00001e+24
0.00252325 1.16683 5.00001e+24
0.00280089 1.17578 5.00001e+24
0.00442901 1.16339 5.00001e+24
0.00123042 1.1571 5.00001e+24
0.00506936 1.17158 5.00001e+24
0.00432034 1.18246 5.00001e+24
0.00709001 1.17602 5.00001e+24
0.00561933 1.16753 5.00001e+24
0.00510624 1.18626 5.00001e+24
0.00165285 1.18506 5.00001e+24
0.00257141 1.18534 5.00001e+24
0.00185007 1.18959 5.00001e+24
0.00548324 1.17009 5.00001e+24
0.00456848 1.18144 5.00001e+24
0.00346217 1.18574 5.00001e+24
0.00675794 1.19426 5.00001e+24
0.00428749 1.19425 5.00001e+24
0.00156644 1.15878 5.00001e+24
0.00136741 1.18924 5.00001e+24
0.00635519 1.179 5.00001e+24
0.00209044 1.17994 5.00001e+24
0.00211899 1.17246 5.00001e+24
0.00230986 1.19261 5.00001e+24
0.0014317 1.19004 5.00001e+24
0.00240816 1.18761 5.00001e+24
0.00163198 1.18864 5.00001e+24
0.00335111 1.19463 5.00001e+24
0.00282383 1.18805 5.00001e+24
0.00166615 1.19274 5.00001e+24
0.00147124 1.18795 5.00001e+24
0.00237182 1.19136 5.00001e+24
0.00365713 1.20111 5.00001e+24
0.0032404 1.19505 5.00001e+24
0.00244762 1.1885 5.00001e+24
0.00181172 1.19051 5.00001e+24
0.00196551 1.20216 5.00001e+24
0.00794162 1.18364 5.00001e+24
0.00602411 1.19104 5.00001e+24
0.00167774 1.1881 5.00001e+24
0.00310339 1.18529 5.00001e+24
0.000834182 1.18208 5.00001e+24
0.00527258 1.20492 5.00001e+24
0.00361438 1.18664 5.00001e+24
0.00614996 1.20809 5.00001e+24
0.00283403 1.19982 5.00001e+24
0.00666457 1.19702 5.00001e+24
0.0045205 1.20109 5.00001e+24
0.00109917 1.19201 5.00001e+24
0.0028529 1.20698 5.00001e+24
0.00196813 1.20459 5.00001e+24
0.004073 1.20819 5.00001e+24
0.00461783 1.19759 5.00001e+24
0.00465491 1.20479 5.00001e+24
0.00515501 1.20018 5.00001e+24
0.00385221 1.20355 5.00001e+24
0.00519641 1.21013 5.00001e+24
0.00189511 1.20046 5.00001e+24
0.00279096 1.1985 5.00001e+24
0 0 0
