1203.9 0 0 0


0.00471242 1.01239 5.00001e+24
0.00731159 1.0027 5.00001e+24
0.00472907 0.995672 5.00001e+24
0.0028893 1.00747 5.00001e+24
0.00318795 0.996974 5.00001e+24
0.00197613 1.00745 5.00001e+24
0.00510307 0.997047 5.00001e+24
0.00196073 0.999146 5.00001e+24
0.00384983 1.00658 5.00001e+24
0.00180111 1.01365 5.00001e+24
0.00229521 0.997108 5.00001e+24
0.0032849 1.01522 5.00001e+24
0.00333677 1.0037 5.00001e+24
0.000953598 1.01138 5.00001e+24
0.00713682 1.00456 5.00001e+24
0.00673089 0.997156 5.00001e+24
0.00706024 1.00901 5.00001e+24
0.00662707 1.02396 5.00001e+24
0.00959799 1.018 5.00001e+24
0.00190445 1.02901 5.00001e+24
0.00110299 1.00756 5.00001e+24
0.00688251 1.02553 5.00001e+24
0.00335338 1.01201 5.00001e+24
0.00823275 1.01194 5.00001e+24
0.00443585 1.01565 5.00001e+24
0.00565455 1.01795 5.00001e+24
0.00508354 1.00293 5.00001e+24
0.00343809 1.00772 5.00001e+24
0.00276523 1.01266 5.00001e+24
0.00130438 1.00974 5.00001e+24
0.0023289 1.00942 5.00001e+24
0.00348487 1.00641 5.00001e+24
0.010113 1.02895 5.00001e+24
0.00174006 1.03525 5.00001e+24
0.00438217 1.01994 5.00001e+24
0.00817514 1.0148 5.00001e+24
0.00334801 1.01773 5.00001e+24
0.00336884 1.00153 5.00001e+24
0.00724378 1.01506 5.00001e+24
0.00494773 1.01724 5.00001e+24
0.00156388 1.01435 5.00001e+24
0.00315185 1.03918 5.00001e+24
0.00597475 1.01296 5.00001e+24
0.00285065 1.03392 5.00001e+24
0.00542351 1.02381 5.00001e+24
0.00498438 1.01884 5.00001e+24
0.0027559 1.01752 5.00001e+24
0.00141345 1.02671 5.00001e+24
0.00184062 1.00729 5.00001e+24
0.00412004 1.03908 5.00001e+24
0.00268383 1.00659 5.00001e+24
0.00514129 1.0345 5.00001e+24
0.0035488 1.02562 5.00001e+24
0.00355621 1.02262 5.00001e+24
0.00361892 1.0371 5.00001e+24
0.00613567 1.02392 5.00001e+24
0.00460265 1.05098 5.00001e+24
0.0033078 1.0458 5.00001e+24
0.00582135 1.02625 5.00001e+24
0.00241781 1.03065 5.00001e+24
0.004264 1.03515 5.00001e+24
0.00381312 1.03549 5.00001e+24
0.00497492 1.03035 5.00001e+24
0.00696094 1.02961 5.00001e+24
0.00409413 1.02112 5.00001e+24
0.00976095 1.02923 5.00001e+24
0.00328652 1.04658 5.00001e+24
0.000270926 1.0329 5.00001e+24
0.00484371 1.03734 5.00001e+24
0.00304777 1.02664 5.00001e+24
0.00298025 1.03391 5.00001e+24
0.00423935 1.05911 5.00001e+24
0.00425634 1.03777 5.00001e+24
0.00524624 1.05799 5.00001e+24
0.00109466 1.04472 5.00001e+24
0.00684122 1.05128 5.00001e+24
0.000463394 1.06343 5.00001e+24
0.00970777 1.04101 5.00001e+24
0.00626418 1.03483 5.00001e+24
0.0048786 1.03971 5.00001e+24
0.00315967 1.02651 5.00001e+24
0.00527684 1.05463 5.00001e+24
0.00378233 1.03568 5.00001e+24
0.00413907 1.04303 5.00001e+24
0.00173798 1.02795 5.00001e+24
0.00505366 1.04715 5.00001e+24
0.00683794 1.04772 5.00001e+24
0.00167413 1.0338 5.00001e+24
0.00362386 1.05138 5.00001e+24
0.00325804 1.04772 5.00001e+24
0.00429126 1.0332 5.00001e+24
0.000466811 1.04854 5.00001e+24
0.00283735 1.06377 5.00001e+24
0.00330211 1.03902 5.00001e+24
0.00515983 1.03127 5.00001e+24
0.00630366 1.05586 5.00001e+24
0.00717705 1.05331 5.00001e+24
0.00541724 1.05733 5.00001e+24
0.00774054 1.06879 5.00001e+24
0.00823432 1.0572 5.00001e+24
0.00352344 1.0312 5.00001e+24
0.00494353 1.02617 5.00001e+24
0.00357249 1.04988 5.00001e+24
0.00600934 1.04475 5.00001e+24
0.00539917 1.03718 5.00001e+24
0.00334706 1.04638 5.00001e+24
0.00323636 1.06099 5.00001e+24
0.0049069 1.06838 5.00001e+24
0.00578101 1.05961 5.00001e+24
0.00427965 1.05777 5.00001e+24
0.00642693 1.06379 5.00001e+24
0.0054081 1.06329 5.00001e+24
0.00431937 1.06116 5.00001e+24
0.00385913 1.04999 5.00001e+24
0.00602664 1.07192 5.00001e+24
0.00477971 1.05119 5.00001e+24
0.00234237 1.05496 5.00001e+24
0.00114795 1.06107 5.00001e+24
0.00655647 1.04711 5.00001e+24
0.00394962 1.05026 5.00001e+24
0.00627232 1.06254 5.00001e+24
0.00314731 1.07234 5.00001e+24
0.00898442 1.04341 5.00001e+24
0.0024667 1.07999 5.00001e+24
0.00639789 1.04804 5.00001e+24
0.00647866 1.06183 5.00001e+24
0.00439447 1.05505 5.00001e+24
0.00320365 1.07142 5.00001e+24
0.00656578 1.05567 5.00001e+24
0.00432979 1.06233 5.00001e+24
0.00647441 1.083 5.00001e+24
0.00394293 1.07088 5.00001e+24
0.00371328 1.0673 5.00001e+24
0.00228747 1.05056 5.00001e+24
0.0044089 1.05364 5.00001e+24
0.00530442 1.08398 5.00001e+24
0.00509312 1.06303 5.00001e+24
0.00496353 1.06449 5.00001e+24
0.00212135 1.06436 5.00001e+24
0.00123563 1.08599 5.00001e+24
0.00429346 1.06822 5.00001e+24
0.00778508 1.07743 5.00001e+24
0.00492808 1.07236 5.00001e+24
0.00215083 1.08372 5.00001e+24
0.00355242 1.05883 5.00001e+24
0.0033305 1.10578 5.00001e+24
0.00392069 1.07998 5.00001e+24
0.00682966 1.08437 5.00001e+24
0.0103635 1.05962 5.00001e+24
0.00930622 1.07828 5.00001e+24
0.00566296 1.0738 5.00001e+24
0.0123408 1.07534 5.00001e+24
0.00388063 1.08812 5.00001e+24
0.00540513 1.10198 5.00001e+24
0.00418508 1.0791 5.00001e+24
0.0061461 1.08733 5.00001e+24
0.00375839 1.06573 5.00001e+24
0.00469792 1.09172 5.00001e+24
0.00378883 1.07258 5.00001e+24
0.00354658 1.07705 5.00001e+24
0.00312687 1.09122 5.00001e+24
0.00249274 1.08125 5.00001e+24
0.00479216 1.0874 5.00001e+24
0.00419759 1.07188 5.00001e+24
0.00559824 1.1005 5.00001e+24
0.00573208 1.08606 5.00001e+24
0.01019 1.0673 5.00001e+24
0.00291045 1.0881 5.00001e+24
0.00376498 1.08317 5.00001e+24
0.00476889 1.088 5.00001e+24
0.00352702 1.09481 5.00001e+24
0.00327019 1.11727 5.00001e+24
0.000874355 1.10616 5.00001e+24
0.00505581 1.10254 5.00001e+24
0.00619558 1.09074 5.00001e+24
0.00121356 1.07918 5.00001e+24
0.00415915 1.11021 5.00001e+24
0.00426443 1.07302 5.00001e+24
0.00597089 1.09918 5.00001e+24
0.000786788 1.08354 5.00001e+24
0.00474206 1.10234 5.00001e+24
0.000915658 1.09279 5.00001e+24
0.00341814 1.09498 5.00001e+24
0.00178341 1.11037 5.00001e+24
0.00218255 1.09355 5.00001e+24
0.00792015 1.08325 5.00001e+24
0.00471849 1.06553 5.00001e+24
0.00489928 1.1063 5.00001e+24
0.00158849 1.08905 5.00001e+24
0.00851006 1.10418 5.00001e+24
0.00262326 1.0916 5.00001e+24
0.00473806 1.09736 5.00001e+24
0.00520002 1.10098 5.00001e+24
0.00202082 1.12377 5.00001e+24
0.0062001 1.08235 5.00001e+24
0.0084909 1.08959 5.00001e+24
0.000603306 1.08903 5.00001e+24
0.0034794 1.1088 5.00001e+24
0.00389835 1.09673 5.00001e+24
0.00448487 1.11157 5.00001e+24
0.00271155 1.10334 5.00001e+24
0.00672881 1.09444 5.00001e+24
0.00214619 1.08744 5.00001e+24
0.00682181 1.10672 5.00001e+24
0.00156395 1.12914 5.00001e+24
0.00362026 1.09327 5.00001e+24
0.00221984 1.11398 5.00001e+24
0.000268298 1.0971 5.00001e+24
0.00448235 1.10199 5.00001e+24
0.00249588 1.10098 5.00001e+24
0.00584403 1.09789 5.00001e+24
0.0046958 1.11324 5.00001e+24
0.00203618 1.10768 5.00001e+24
0.00838566 1.09588 5.00001e+24
0.00501564 1.11307 5.00001e+24
0.00699152 1.11976 5.00001e+24
0.0019549 1.11851 5.00001e+24
0.0057137 1.07998 5.00001e+24
0.00398383 1.12369 5.00001e+24
0.00464819 1.1137 5.00001e+24
0.00348097 1.09195 5.00001e+24
0.00365719 1.11339 5.00001e+24
0.00357179 1.10842 5.00001e+24
0.00690842 1.09728 5.00001e+24
0.00621365 1.11536 5.00001e+24
0.00444273 1.11758 5.00001e+24
0.00318062 1.10663 5.00001e+24
0.00103322 1.11842 5.00001e+24
0.00412602 1.12831 5.00001e+24
0.00634246 1.14134 5.00001e+24
0.00604455 1.12805 5.00001e+24
0.00646868 1.10193 5.00001e+24
0.007166 1.1126 5.00001e+24
0.000718858 1.1199 5.00001e+24
0.00489126 1.11456 5.00001e+24
0.00292928 1.1286 5.00001e+24
0.00912747 1.10541 5.00001e+24
0.00900713 1.14235 5.00001e+24
0.00359065 1.10737 5.00001e+24
0.00826599 1.12692 5.00001e+24
0.00799212 1.11975 5.00001e+24
0.00239703 1.15431 5.00001e+24
0.0034083 1.12242 5.00001e+24
0.00451516 1.13612 5.00001e+24
0.00153365 1.12414 5.00001e+24
0.00158535 1.12422 5.00001e+24
0.00650087 1.10402 5.00001e+24
0.00399862 1.12664 5.00001e+24
0.00646238 1.12222 5.00001e+24
0.00249778 1.12985 5.00001e+24
0.00525996 1.12861 5.00001e+24
0.0024614 1.12254 5.00001e+24
0.00494647 1.13638 5.00001e+24
0.00213568 1.12681 5.00001e+24
0.000942908 1.13649 5.00001e+24
0.00823869 1.14143 5.00001e+24
0.00464031 1.12596 5.00001e+24
0.00413253 1.12922 5.00001e+24
0.00331095 1.13036 5.00001e+24
0.00460248 1.12766 5.00001e+24
0.00301852 1.14685 5.00001e+24
0.00680556 1.11484 5.00001e+24
0.00784154 1.14287 5.00001e+24
0.003536 1.12521 5.00001e+24
0.00402057 1.1484 5.00001e+24
0.000553114 1.13551 5.00001e+24
0.00736256 1.12559 5.00001e+24
0.0072701 1.13751 5.00001e+24
0.00506285 1.14489 5.00001e+24
0.000834322 1.13537 5.00001e+24
0.00352628 1.14265 5.00001e+24
0.00185621 1.14028 5.00001e+24
0.00351074 1.14318 5.00001e+24
0.00844697 1.12061 5.00001e+24
0.00411129 1.13272 5.00001e+24
0.00735782 1.14447 5.00001e+24
0.00960813 1.14309 5.00001e+24
0.00272322 1.15418 5.00001e+24
0.00281947 1.16652 5.00001e+24
0.00695576 1.16019 5.00001e+24
0.00244323 1.13856 5.00001e+24
0.0014377 1.14827 5.00001e+24
0.00732724 1.13493 5.00001e+24
0.00472341 1.1591 5.00001e+24
0.00394811 1.14724 5.00001e+24
0.00173623 1.13209 5.00001e+24
0.00385369 1.13448 5.00001e+24
0.00412566 1.15866 5.00001e+24
0.00681736 1.15559 5.00001e+24
0.00333752 1.14273 5.00001e+24
0.00247523 1.1469 5.00001e+24
0.00124617 1.14295 5.00001e+24
0.00367628 1.13465 5.00001e+24
0.000532329 1.16729 5.00001e+24
0.00695088 1.13809 5.00001e+24
0.00046705 1.15647 5.00001e+24
0.00129744 1.14801 5.00001e+24
0.00677989 1.15221 5.00001e+24
0.011327 1.16621 5.00001e+24
0.00419168 1.16429 5.00001e+24
0.00876587 1.15413 5.00001e+24
0.0102636 1.16227 5.00001e+24
0.0023944 1.15036 5.00001e+24
0.00337907 1.15961 5.00001e+24
0.00261826 1.14271 5.00001e+24
0.00258855 1.15433 5.00001e+24
0.00449742 1.15956 5.00001e+24
0.0047972 1.17173 5.00001e+24
0.00131285 1.14838 5.00001e+24
0.00483544 1.1605 5.00001e+24
0.00342869 1.15907 5.00001e+24
0.00329426 1.16628 5.00001e+24
0.00356905 1.14902 5.00001e+24
0.00199903 1.14707 5.00001e+24
0.00221483 1.17079 5.00001e+24
0.00564309 1.16735 5.00001e+24
0.00544469 1.15873 5.00001e+24
0.00555112 1.1567 5.00001e+24
0.00288368 1.1671 5.00001e+24
0.00523236 1.1771 5.00001e+24
0.00427766 1.16805 5.00001e+24
0.00253306 1.15973 5.00001e+24
0.00662619 1.16098 5.00001e+24
0.000695856 1.17887 5.00001e+24
0.00784844 1.15555 5.00001e+24
0.00382358 1.17487 5.00001e+24
0.00255175 1.17406 5.00001e+24
0.00611351 1.14458 5.00001e+24
0.0123702 1.18353 5.00001e+24
0.00522983 1.15965 5.00001e+24
0.00367699 1.14742 5.00001e+24
0.00099762 1.17702 5.00001e+24
0.00285892 1.18678 5.00001e+24
0.00778058 1.17373 5.00001e+24
0.00339295 1.18057 5.00001e+24
0.00229611 1.17276 5.00001e+24
0.00443471 1.18196 5.00001e+24
0.000473614 1.16797 5.00001e+24
0.00449812 1.18746 5.00001e+24
0.00506496 1.17894 5.00001e+24
0.0036476 1.17814 5.00001e+24
0.000800132 1.16622 5.00001e+24
0.00517021 1.15743 5.00001e+24
0.0066035 1.18014 5.00001e+24
0.00221231 1.16752 5.00001e+24
0.00678962 1.16722 5.00001e+24
0.00880109 1.17219 5.00001e+24
0.00302326 1.17512 5.00001e+24
0.00609832 1.1726 5.00001e+24
0.00454715 1.17675 5.00001e+24
0.0036799 1.19021 5.00001e+24
0.0043803 1.17776 5.00001e+24
0.00571436 1.19733 5.00001e+24
0.00353064 1.1854 5.00001e+24
0.00174745 1.15187 5.00001e+24
0.00249972 1.20216 5.00001e+24
0.00381849 1.1812 5.00001e+24
0.00112064 1.1975 5.00001e+24
0.00497273 1.19416 5.00001e+24
0.00262162 1.17127 5.00001e+24
0.000299536 1.17141 5.00001e+24
0.00188692 1.17637 5.00001e+24
0.00517898 1.18391 5.00001e+24
0.00416439 1.16476 5.00001e+24
0.00111441 1.19999 5.00001e+24
0.00128681 1.18456 5.00001e+24
0.00571053 1.18965 5.00001e+24
0.00401508 1.20219 5.00001e+24
0.00518108 1.18888 5.00001e+24
0.00419642 1.18917 5.00001e+24
0.00231613 1.2071 5.00001e+24
0.00294716 1.19752 5.00001e+24
0.00242906 1.18868 5.00001e+24
0.00417382 1.20847 5.00001e+24
0.00160828 1.19095 5.00001e+24
0.00248396 1.18491 5.00001e+24
0.00520425 1.19096 5.00001e+24
0.00435558 1.1971 5.00001e+24
0.00778057 1.17849 5.00001e+24
0.00518988 1.18749 5.00001e+24
0.00257433 1.19089 5.00001e+24
0.00466082 1.19625 5.00001e+24
0.00773065 1.1733 5.00001e+24
0.00642373 1.20433 5.00001e+24
0.00402274 1.1887 5.00001e+24
0.00316221 1.19412 5.00001e+24
0.00399286 1.1985 5.00001e+24
0.00743787 1.20277 5.00001e+24
0.00328982 1.18472 5.00001e+24
0.00458956 1.18513 5.00001e+24
0.00482083 1.20693 5.00001e+24
0.00287273 1.20302 5.00001e+24
0.00695849 1.2097 5.00001e+24
0.00382724 1.20059 5.00001e+24
0.00413038 1.19783 5.00001e+24
0.00468246 1.20526 5.00001e+24
0.00231619 1.20058 5.00001e+24
0.00645709 1.20862 5.00001e+24
0.00328247 1.19855 5.00001e+24
0.00601379 1.19787 5.00001e+24
0 0 0
