1775.59 0 0 0


0.0050107 1.01131 5.00001e+24
0.00897109 0.997633 5.00001e+24
0.00603022 0.993835 5.00001e+24
0.00281378 1.00373 5.00001e+24
0.00191365 0.99666 5.00001e+24
0.00139093 1.00933 5.00001e+24
0.00296126 0.996477 5.00001e+24
0.0042368 0.996168 5.00001e+24
0.0040197 1.01045 5.00001e+24
0.00288135 1.01593 5.00001e+24
0.00354316 1.00061 5.00001e+24
0.00599448 1.01955 5.00001e+24
0.0037896 1.00622 5.00001e+24
0.00383317 1.01058 5.00001e+24
0.0108537 0.999613 5.00001e+24
0.00589797 0.998498 5.00001e+24
0.0072916 1.00807 5.00001e+24
0.00704037 1.01497 5.00001e+24
0.00992779 1.01356 5.00001e+24
0.00345561 1.03109 5.00001e+24
0.00370272 1.00322 5.00001e+24
0.00467025 1.03155 5.00001e+24
0.00429522 1.01293 5.00001e+24
0.0100411 1.00631 5.00001e+24
0.00665486 1.0172 5.00001e+24
0.00323322 1.01971 5.00001e+24
0.00341979 1.00215 5.00001e+24
0.00447873 1.01281 5.00001e+24
0.00405131 0.99991 5.00001e+24
0.00130721 1.01694 5.00001e+24
0.0088559 1.00668 5.00001e+24
0.00359743 1.00935 5.00001e+24
0.0132847 1.03039 5.00001e+24
0.000622604 1.03927 5.00001e+24
0.00308792 1.01552 5.00001e+24
0.0143635 1.01538 5.00001e+24
0.00446555 1.02019 5.00001e+24
0.00700214 1.0038 5.00001e+24
0.00674967 1.01927 5.00001e+24
0.0124547 1.0185 5.00001e+24
0.00258911 1.01535 5.00001e+24
0.00273353 1.0268 5.00001e+24
0.00633371 1.00868 5.00001e+24
0.00249407 1.03488 5.00001e+24
0.00291059 1.02568 5.00001e+24
0.00358297 1.009 5.00001e+24
0.00108925 1.01844 5.00001e+24
0.00179807 1.02975 5.00001e+24
0.00480767 1.00909 5.00001e+24
0.00467931 1.04137 5.00001e+24
0.00107611 1.01235 5.00001e+24
0.00513481 1.03523 5.00001e+24
0.00393298 1.02703 5.00001e+24
0.00271021 1.03414 5.00001e+24
0.00182048 1.03056 5.00001e+24
0.00504014 1.02854 5.00001e+24
0.00365361 1.04513 5.00001e+24
0.00256367 1.03828 5.00001e+24
0.00699705 1.02627 5.00001e+24
0.00252256 1.03925 5.00001e+24
0.00531545 1.0398 5.00001e+24
0.00270006 1.03739 5.00001e+24
0.00368144 1.02572 5.00001e+24
0.00860885 1.03082 5.00001e+24
0.00379707 1.02921 5.00001e+24
0.013269 1.02891 5.00001e+24
0.0046899 1.04121 5.00001e+24
0.00453539 1.04026 5.00001e+24
0.00770312 1.0415 5.00001e+24
0.00420221 1.02274 5.00001e+24
0.00539897 1.04224 5.00001e+24
0.00337582 1.06556 5.00001e+24
0.00548855 1.04658 5.00001e+24
0.00351099 1.05826 5.00001e+24
0.00671254 1.03789 5.00001e+24
0.00947554 1.05217 5.00001e+24
0.0017082 1.05588 5.00001e+24
0.00819402 1.04227 5.00001e+24
0.00771907 1.03191 5.00001e+24
0.00439315 1.04876 5.00001e+24
0.00678737 1.01704 5.00001e+24
0.00247489 1.05307 5.00001e+24
0.00724335 1.03011 5.00001e+24
0.00606116 1.04774 5.00001e+24
0.00164422 1.02427 5.00001e+24
0.00898221 1.05289 5.00001e+24
0.0038297 1.04504 5.00001e+24
0.00140015 1.02458 5.00001e+24
0.00668779 1.05238 5.00001e+24
0.00506988 1.04954 5.00001e+24
0.0086916 1.02629 5.00001e+24
0.00193135 1.04823 5.00001e+24
0.00619743 1.07467 5.00001e+24
0.00190303 1.03338 5.00001e+24
0.00252296 1.03144 5.00001e+24
0.00940444 1.06189 5.00001e+24
0.00135236 1.049 5.00001e+24
0.00266969 1.05007 5.00001e+24
0.00858359 1.05978 5.00001e+24
0.00975127 1.05926 5.00001e+24
0.00330895 1.0303 5.00001e+24
0.00718133 1.03032 5.00001e+24
0.0019347 1.04878 5.00001e+24
0.00999421 1.04014 5.00001e+24
0.00149755 1.03746 5.00001e+24
0.00406242 1.04049 5.00001e+24
0.00345963 1.06527 5.00001e+24
0.00542428 1.0671 5.00001e+24
0.0050836 1.05592 5.00001e+24
0.0098315 1.05588 5.00001e+24
0.00499432 1.06777 5.00001e+24
0.00712451 1.07265 5.00001e+24
0.00388676 1.06061 5.00001e+24
0.00616324 1.04753 5.00001e+24
0.00460476 1.07202 5.00001e+24
0.00556041 1.05505 5.00001e+24
0.00390291 1.05061 5.00001e+24
0.00433696 1.05943 5.00001e+24
0.00369861 1.04866 5.00001e+24
0.00325159 1.05875 5.00001e+24
0.00368215 1.06616 5.00001e+24
0.00789097 1.07655 5.00001e+24
0.00166757 1.04007 5.00001e+24
0.00119138 1.07893 5.00001e+24
0.00622515 1.05111 5.00001e+24
0.00514352 1.05267 5.00001e+24
0.00289932 1.06134 5.00001e+24
0.00500646 1.06779 5.00001e+24
0.00603273 1.06034 5.00001e+24
0.00609028 1.06309 5.00001e+24
0.0019504 1.09389 5.00001e+24
0.00770346 1.07145 5.00001e+24
0.00485583 1.06901 5.00001e+24
0.00542465 1.05825 5.00001e+24
0.00433869 1.05885 5.00001e+24
0.00220757 1.09031 5.00001e+24
0.00470277 1.06191 5.00001e+24
0.0059208 1.06301 5.00001e+24
0.00220748 1.05939 5.00001e+24
0.00704829 1.09218 5.00001e+24
0.00411771 1.05514 5.00001e+24
0.00993459 1.07399 5.00001e+24
0.00974945 1.07226 5.00001e+24
0.00490722 1.083 5.00001e+24
0.000608822 1.04916 5.00001e+24
0.00673826 1.09754 5.00001e+24
0.00147954 1.08076 5.00001e+24
0.00424838 1.08661 5.00001e+24
0.0112624 1.05743 5.00001e+24
0.0131668 1.07376 5.00001e+24
0.00656143 1.08432 5.00001e+24
0.0123412 1.07559 5.00001e+24
0.00583539 1.08315 5.00001e+24
0.00334494 1.1051 5.00001e+24
0.0040643 1.08283 5.00001e+24
0.00974024 1.09651 5.00001e+24
0.00440938 1.06659 5.00001e+24
0.00877191 1.0932 5.00001e+24
0.00231752 1.07242 5.00001e+24
0.00505513 1.07425 5.00001e+24
0.000661901 1.08477 5.00001e+24
0.00417082 1.0767 5.00001e+24
0.00851064 1.08098 5.00001e+24
0.00565734 1.07622 5.00001e+24
0.00289633 1.09822 5.00001e+24
0.00403643 1.07456 5.00001e+24
0.00893576 1.06191 5.00001e+24
0.00785714 1.08591 5.00001e+24
0.00530595 1.08616 5.00001e+24
0.00294752 1.09282 5.00001e+24
0.00262025 1.09315 5.00001e+24
0.0029648 1.11478 5.00001e+24
0.00206908 1.09777 5.00001e+24
0.00168351 1.09736 5.00001e+24
0.00825728 1.09218 5.00001e+24
0.00278009 1.08676 5.00001e+24
0.00145443 1.1125 5.00001e+24
0.00298538 1.08669 5.00001e+24
0.00623783 1.0978 5.00001e+24
0.00382969 1.07929 5.00001e+24
0.00325976 1.10274 5.00001e+24
0.00194541 1.09777 5.00001e+24
0.00514184 1.09049 5.00001e+24
0.000436654 1.1097 5.00001e+24
0.00519261 1.0868 5.00001e+24
0.0023336 1.08923 5.00001e+24
0.00552062 1.06809 5.00001e+24
0.00603268 1.10272 5.00001e+24
0.00209782 1.09287 5.00001e+24
0.0098473 1.1028 5.00001e+24
0.00357857 1.08804 5.00001e+24
0.00706016 1.10289 5.00001e+24
0.0036434 1.11066 5.00001e+24
0.00208058 1.11933 5.00001e+24
0.00289436 1.08095 5.00001e+24
0.00472065 1.0952 5.00001e+24
0.00161274 1.0867 5.00001e+24
0.00208882 1.10941 5.00001e+24
0.00411082 1.10551 5.00001e+24
0.00366126 1.11054 5.00001e+24
0.00195572 1.0993 5.00001e+24
0.00310676 1.09077 5.00001e+24
0.00357026 1.07922 5.00001e+24
0.00861651 1.10237 5.00001e+24
0.00687305 1.12935 5.00001e+24
0.00271227 1.09646 5.00001e+24
0.00122082 1.11862 5.00001e+24
0.00690181 1.09899 5.00001e+24
0.00759479 1.10509 5.00001e+24
0.00579415 1.10605 5.00001e+24
0.00724255 1.09862 5.00001e+24
0.00927134 1.13123 5.00001e+24
0.00483835 1.11274 5.00001e+24
0.00495817 1.09488 5.00001e+24
0.00102472 1.12154 5.00001e+24
0.00803364 1.10922 5.00001e+24
0.00576843 1.11545 5.00001e+24
0.00503008 1.07203 5.00001e+24
0.00367515 1.13546 5.00001e+24
0.00275969 1.11645 5.00001e+24
0.00148503 1.08646 5.00001e+24
0.00278428 1.10641 5.00001e+24
0.00612599 1.11365 5.00001e+24
0.00831169 1.09353 5.00001e+24
0.00655932 1.11602 5.00001e+24
0.00604581 1.1213 5.00001e+24
0.00494606 1.10464 5.00001e+24
0.0033527 1.11597 5.00001e+24
0.00290624 1.12659 5.00001e+24
0.00701176 1.14982 5.00001e+24
0.00447833 1.13144 5.00001e+24
0.00941505 1.10152 5.00001e+24
0.00928236 1.11621 5.00001e+24
0.00287914 1.11898 5.00001e+24
0.0107834 1.1154 5.00001e+24
0.00731572 1.12773 5.00001e+24
0.00852257 1.09901 5.00001e+24
0.00763819 1.15429 5.00001e+24
0.00500329 1.10366 5.00001e+24
0.00987359 1.12762 5.00001e+24
0.00440116 1.11571 5.00001e+24
0.00432948 1.15847 5.00001e+24
0.00420066 1.12848 5.00001e+24
0.00504683 1.13865 5.00001e+24
0.00326805 1.12458 5.00001e+24
0.00627744 1.13555 5.00001e+24
0.0079943 1.09994 5.00001e+24
0.000925282 1.12353 5.00001e+24
0.00723474 1.12399 5.00001e+24
0.000368165 1.13633 5.00001e+24
0.0046565 1.11917 5.00001e+24
0.00563354 1.11184 5.00001e+24
0.00359088 1.13097 5.00001e+24
0.0088003 1.13119 5.00001e+24
0.00192908 1.137 5.00001e+24
0.00782535 1.14133 5.00001e+24
0.000984135 1.1202 5.00001e+24
0.00589402 1.1283 5.00001e+24
0.00241925 1.12682 5.00001e+24
0.00197952 1.12581 5.00001e+24
0.00601519 1.13658 5.00001e+24
0.0068519 1.11341 5.00001e+24
0.00704398 1.14378 5.00001e+24
0.00157085 1.12082 5.00001e+24
0.00221343 1.1435 5.00001e+24
0.0022124 1.1358 5.00001e+24
0.00878211 1.1217 5.00001e+24
0.00493856 1.13254 5.00001e+24
0.00550341 1.14674 5.00001e+24
0.00664617 1.12803 5.00001e+24
0.00276088 1.14994 5.00001e+24
0.00420967 1.14297 5.00001e+24
0.00431983 1.14358 5.00001e+24
0.00742828 1.12905 5.00001e+24
0.00392366 1.13982 5.00001e+24
0.00718447 1.1557 5.00001e+24
0.0107763 1.14227 5.00001e+24
0.00375965 1.14249 5.00001e+24
0.00892784 1.1771 5.00001e+24
0.00459718 1.16242 5.00001e+24
0.00764345 1.13462 5.00001e+24
0.00302032 1.14232 5.00001e+24
0.00667015 1.13582 5.00001e+24
0.0059083 1.15054 5.00001e+24
0.00187034 1.14915 5.00001e+24
0.00258278 1.14191 5.00001e+24
0.00809783 1.13471 5.00001e+24
0.00553527 1.15369 5.00001e+24
0.00405761 1.15484 5.00001e+24
0.00558675 1.13724 5.00001e+24
0.00216686 1.14686 5.00001e+24
0.00316576 1.15269 5.00001e+24
0.00856603 1.13377 5.00001e+24
0.00402355 1.1651 5.00001e+24
0.00512203 1.14529 5.00001e+24
0.000610208 1.15496 5.00001e+24
0.00281018 1.13603 5.00001e+24
0.0054362 1.15217 5.00001e+24
0.0104626 1.16748 5.00001e+24
0.00118908 1.16764 5.00001e+24
0.00903605 1.16385 5.00001e+24
0.0068741 1.16674 5.00001e+24
0.00575927 1.15237 5.00001e+24
0.00455384 1.175 5.00001e+24
0.000728699 1.15003 5.00001e+24
0.00212482 1.14394 5.00001e+24
0.00200176 1.16065 5.00001e+24
0.00444568 1.16964 5.00001e+24
0.0061714 1.13754 5.00001e+24
0.0051629 1.1598 5.00001e+24
0.00181521 1.15825 5.00001e+24
0.0110184 1.16804 5.00001e+24
0.0052298 1.14913 5.00001e+24
0.00680515 1.144 5.00001e+24
0.00568197 1.16479 5.00001e+24
0.00579012 1.17129 5.00001e+24
0.0064442 1.15936 5.00001e+24
0.00234302 1.15999 5.00001e+24
0.00421255 1.17051 5.00001e+24
0.0065589 1.17514 5.00001e+24
0.00296359 1.16252 5.00001e+24
0.00164422 1.15925 5.00001e+24
0.00802368 1.15536 5.00001e+24
0.00218511 1.18495 5.00001e+24
0.0062405 1.15645 5.00001e+24
0.00919209 1.17962 5.00001e+24
0.00113726 1.17527 5.00001e+24
0.00545736 1.13652 5.00001e+24
0.00902936 1.17639 5.00001e+24
0.00301811 1.15662 5.00001e+24
0.00380216 1.14925 5.00001e+24
0.00383116 1.17885 5.00001e+24
0.00109488 1.17418 5.00001e+24
0.00505998 1.16931 5.00001e+24
0.00409083 1.18563 5.00001e+24
0.0066508 1.17742 5.00001e+24
0.00576289 1.18017 5.00001e+24
0.000585135 1.16252 5.00001e+24
0.00457957 1.18545 5.00001e+24
0.0100228 1.18245 5.00001e+24
0.00688899 1.18568 5.00001e+24
0.00200699 1.15242 5.00001e+24
0.00736205 1.16284 5.00001e+24
0.00259817 1.17631 5.00001e+24
0.00176506 1.15569 5.00001e+24
0.00688033 1.17389 5.00001e+24
0.00226465 1.17729 5.00001e+24
0.00162673 1.17835 5.00001e+24
0.00104546 1.1836 5.00001e+24
0.00346646 1.16846 5.00001e+24
0.0043051 1.19569 5.00001e+24
0.0065175 1.17087 5.00001e+24
0.00576728 1.19443 5.00001e+24
0.00438963 1.17824 5.00001e+24
0.00345052 1.15681 5.00001e+24
0.0045689 1.20259 5.00001e+24
0.00244747 1.17222 5.00001e+24
0.0021709 1.19503 5.00001e+24
0.00432566 1.20411 5.00001e+24
0.00723792 1.17464 5.00001e+24
0.00438132 1.17893 5.00001e+24
0.00677148 1.16861 5.00001e+24
0.00815993 1.18828 5.00001e+24
0.00331818 1.16533 5.00001e+24
0.00756498 1.19975 5.00001e+24
0.00609413 1.19223 5.00001e+24
0.00603122 1.17583 5.00001e+24
0.00402289 1.20178 5.00001e+24
0.00967034 1.19156 5.00001e+24
0.00656922 1.19119 5.00001e+24
0.00441889 1.20878 5.00001e+24
0.00673892 1.19952 5.00001e+24
0.00470141 1.17974 5.00001e+24
0.0055426 1.20948 5.00001e+24
0.00246928 1.19673 5.00001e+24
0.00564661 1.18217 5.00001e+24
0.00390963 1.18593 5.00001e+24
0.00244995 1.19464 5.00001e+24
0.00907932 1.18491 5.00001e+24
0.00454396 1.17854 5.00001e+24
0.00342893 1.19064 5.00001e+24
0.00659387 1.20131 5.00001e+24
0.00328258 1.17939 5.00001e+24
0.00406908 1.20464 5.00001e+24
0.000803141 1.17624 5.00001e+24
0.00518848 1.19584 5.00001e+24
0.00254304 1.20042 5.00001e+24
0.00581232 1.19696 5.00001e+24
0.00281434 1.18477 5.00001e+24
0.0062359 1.18264 5.00001e+24
0.00636023 1.21056 5.00001e+24
0.00281388 1.20045 5.00001e+24
0.00794116 1.20694 5.00001e+24
0.00604469 1.205 5.00001e+24
0.00913544 1.20116 5.00001e+24
0.00998801 1.21282 5.00001e+24
0.00387661 1.20294 5.00001e+24
0.00328112 1.20482 5.00001e+24
0.00104261 1.19651 5.00001e+24
0.00615695 1.19863 5.00001e+24
0 0 0
