5.00001e+24  1  606.727
5.00001e+24  2  606.727
5.00001e+24  3  606.727
5.00001e+24  4  606.727
5.00001e+24  5  606.727
5.00001e+24  6  606.727
5.00001e+24  7  606.727
5.00001e+24  8  606.727
5.00001e+24  9  606.727
5.00001e+24  10  606.727
5.00001e+24  11  606.727
5.00001e+24  12  606.727
5.00001e+24  13  606.727
5.00001e+24  14  606.727
5.00001e+24  15  606.727
5.00001e+24  16  606.727
5.00001e+24  17  606.727
5.00001e+24  18  606.727
5.00001e+24  19  606.727
5.00001e+24  20  606.727
5.00001e+24  21  606.727
5.00001e+24  22  606.727
5.00001e+24  23  606.727
5.00001e+24  24  606.727
5.00001e+24  25  606.727
5.00001e+24  26  606.727
5.00001e+24  27  606.727
5.00001e+24  28  606.727
5.00001e+24  29  606.727
5.00001e+24  30  606.727
5.00001e+24  31  606.727
5.00001e+24  32  606.727
5.00001e+24  33  606.727
5.00001e+24  34  606.727
5.00001e+24  35  606.727
5.00001e+24  36  606.727
5.00001e+24  37  606.727
5.00001e+24  38  606.727
5.00001e+24  39  606.727
5.00001e+24  40  606.727
5.00001e+24  41  606.727
5.00001e+24  42  606.727
5.00001e+24  43  606.727
5.00001e+24  44  606.727
5.00001e+24  45  606.727
5.00001e+24  46  606.727
5.00001e+24  47  606.727
5.00001e+24  48  606.727
5.00001e+24  49  606.727
5.00001e+24  50  606.727
5.00001e+24  51  606.727
5.00001e+24  52  606.727
5.00001e+24  53  606.727
5.00001e+24  54  606.727
5.00001e+24  55  606.727
5.00001e+24  56  606.727
5.00001e+24  57  606.727
5.00001e+24  58  606.727
5.00001e+24  59  606.727
5.00001e+24  60  606.727
5.00001e+24  61  606.727
5.00001e+24  62  606.727
5.00001e+24  63  606.727
5.00001e+24  64  606.727
5.00001e+24  65  606.727
5.00001e+24  66  606.727
5.00001e+24  67  606.727
5.00001e+24  68  606.727
5.00001e+24  69  606.727
5.00001e+24  70  606.727
5.00001e+24  71  606.727
5.00001e+24  72  606.727
5.00001e+24  73  606.727
5.00001e+24  74  606.727
5.00001e+24  75  606.727
5.00001e+24  76  606.727
5.00001e+24  77  606.727
5.00001e+24  78  606.727
5.00001e+24  79  606.727
5.00001e+24  80  606.727
5.00001e+24  81  606.727
5.00001e+24  82  606.727
5.00001e+24  83  606.727
5.00001e+24  84  606.727
5.00001e+24  85  606.727
5.00001e+24  86  606.727
5.00001e+24  87  606.727
5.00001e+24  88  606.727
5.00001e+24  89  606.727
5.00001e+24  90  606.727
5.00001e+24  91  606.727
5.00001e+24  92  606.727
5.00001e+24  93  606.727
5.00001e+24  94  606.727
5.00001e+24  95  606.727
5.00001e+24  96  606.727
5.00001e+24  97  606.727
5.00001e+24  98  606.727
5.00001e+24  99  606.727
5.00001e+24  100  606.727
5.00001e+24  101  606.727
5.00001e+24  102  606.727
5.00001e+24  103  606.727
5.00001e+24  104  606.727
5.00001e+24  105  606.727
5.00001e+24  106  606.727
5.00001e+24  107  606.727
5.00001e+24  108  606.727
5.00001e+24  109  606.727
5.00001e+24  110  606.727
5.00001e+24  111  606.727
5.00001e+24  112  606.727
5.00001e+24  113  606.727
5.00001e+24  114  606.727
5.00001e+24  115  606.727
5.00001e+24  116  606.727
5.00001e+24  117  606.727
5.00001e+24  118  606.727
5.00001e+24  119  606.727
5.00001e+24  120  606.727
5.00001e+24  121  606.727
5.00001e+24  122  606.727
5.00001e+24  123  606.727
5.00001e+24  124  606.727
5.00001e+24  125  606.727
5.00001e+24  126  606.727
5.00001e+24  127  606.727
5.00001e+24  128  606.727
5.00001e+24  129  606.727
5.00001e+24  130  606.727
5.00001e+24  131  606.727
5.00001e+24  132  606.727
5.00001e+24  133  606.727
5.00001e+24  134  606.727
5.00001e+24  135  606.727
5.00001e+24  136  606.727
5.00001e+24  137  606.727
5.00001e+24  138  606.727
5.00001e+24  139  606.727
5.00001e+24  140  606.727
5.00001e+24  141  606.727
5.00001e+24  142  606.727
5.00001e+24  143  606.727
5.00001e+24  144  606.727
5.00001e+24  145  606.727
5.00001e+24  146  606.727
5.00001e+24  147  606.727
5.00001e+24  148  606.727
5.00001e+24  149  606.727
5.00001e+24  150  606.727
5.00001e+24  151  606.727
5.00001e+24  152  606.727
5.00001e+24  153  606.727
5.00001e+24  154  606.727
5.00001e+24  155  606.727
5.00001e+24  156  606.727
5.00001e+24  157  606.727
5.00001e+24  158  606.727
5.00001e+24  159  606.727
5.00001e+24  160  606.727
5.00001e+24  161  606.727
5.00001e+24  162  606.727
5.00001e+24  163  606.727
5.00001e+24  164  606.727
5.00001e+24  165  606.727
5.00001e+24  166  606.727
5.00001e+24  167  606.727
5.00001e+24  168  606.727
5.00001e+24  169  606.727
5.00001e+24  170  606.727
5.00001e+24  171  606.727
5.00001e+24  172  606.727
5.00001e+24  173  606.727
5.00001e+24  174  606.727
5.00001e+24  175  606.727
5.00001e+24  176  606.727
5.00001e+24  177  606.727
5.00001e+24  178  606.727
5.00001e+24  179  606.727
5.00001e+24  180  606.727
5.00001e+24  181  606.727
5.00001e+24  182  606.727
5.00001e+24  183  606.727
5.00001e+24  184  606.727
5.00001e+24  185  606.727
5.00001e+24  186  606.727
5.00001e+24  187  606.727
5.00001e+24  188  606.727
5.00001e+24  189  606.727
5.00001e+24  190  606.727
5.00001e+24  191  606.727
5.00001e+24  192  606.727
5.00001e+24  193  606.727
5.00001e+24  194  606.727
5.00001e+24  195  606.727
5.00001e+24  196  606.727
5.00001e+24  197  606.727
5.00001e+24  198  606.727
5.00001e+24  199  606.727
5.00001e+24  200  606.727
5.00001e+24  201  606.727
5.00001e+24  202  606.727
5.00001e+24  203  606.727
5.00001e+24  204  606.727
5.00001e+24  205  606.727
5.00001e+24  206  606.727
5.00001e+24  207  606.727
5.00001e+24  208  606.727
5.00001e+24  209  606.727
5.00001e+24  210  606.727
5.00001e+24  211  606.727
5.00001e+24  212  606.727
5.00001e+24  213  606.727
5.00001e+24  214  606.727
5.00001e+24  215  606.727
5.00001e+24  216  606.727
5.00001e+24  217  606.727
5.00001e+24  218  606.727
5.00001e+24  219  606.727
5.00001e+24  220  606.727
5.00001e+24  221  606.727
5.00001e+24  222  606.727
5.00001e+24  223  606.727
5.00001e+24  224  606.727
5.00001e+24  225  606.727
5.00001e+24  226  606.727
5.00001e+24  227  606.727
5.00001e+24  228  606.727
5.00001e+24  229  606.727
5.00001e+24  230  606.727
5.00001e+24  231  606.727
5.00001e+24  232  606.727
5.00001e+24  233  606.727
5.00001e+24  234  606.727
5.00001e+24  235  606.727
5.00001e+24  236  606.727
5.00001e+24  237  606.727
5.00001e+24  238  606.727
5.00001e+24  239  606.727
5.00001e+24  240  606.727
5.00001e+24  241  606.727
5.00001e+24  242  606.727
5.00001e+24  243  606.727
5.00001e+24  244  606.727
5.00001e+24  245  606.727
5.00001e+24  246  606.727
5.00001e+24  247  606.727
5.00001e+24  248  606.727
5.00001e+24  249  606.727
5.00001e+24  250  606.727
5.00001e+24  251  606.727
5.00001e+24  252  606.727
5.00001e+24  253  606.727
5.00001e+24  254  606.727
5.00001e+24  255  606.727
5.00001e+24  256  606.727
5.00001e+24  257  606.727
5.00001e+24  258  606.727
5.00001e+24  259  606.727
5.00001e+24  260  606.727
5.00001e+24  261  606.727
5.00001e+24  262  606.727
5.00001e+24  263  606.727
5.00001e+24  264  606.727
5.00001e+24  265  606.727
5.00001e+24  266  606.727
5.00001e+24  267  606.727
5.00001e+24  268  606.727
5.00001e+24  269  606.727
5.00001e+24  270  606.727
5.00001e+24  271  606.727
5.00001e+24  272  606.727
5.00001e+24  273  606.727
5.00001e+24  274  606.727
5.00001e+24  275  606.727
5.00001e+24  276  606.727
5.00001e+24  277  606.727
5.00001e+24  278  606.727
5.00001e+24  279  606.727
5.00001e+24  280  606.727
5.00001e+24  281  606.727
5.00001e+24  282  606.727
5.00001e+24  283  606.727
5.00001e+24  284  606.727
5.00001e+24  285  606.727
5.00001e+24  286  606.727
5.00001e+24  287  606.727
5.00001e+24  288  606.727
5.00001e+24  289  606.727
5.00001e+24  290  606.727
5.00001e+24  291  606.727
5.00001e+24  292  606.727
5.00001e+24  293  606.727
5.00001e+24  294  606.727
5.00001e+24  295  606.727
5.00001e+24  296  606.727
5.00001e+24  297  606.727
5.00001e+24  298  606.727
5.00001e+24  299  606.727
5.00001e+24  300  606.727
5.00001e+24  301  606.727
5.00001e+24  302  606.727
5.00001e+24  303  606.727
5.00001e+24  304  606.727
5.00001e+24  305  606.727
5.00001e+24  306  606.727
5.00001e+24  307  606.727
5.00001e+24  308  606.727
5.00001e+24  309  606.727
5.00001e+24  310  606.727
5.00001e+24  311  606.727
5.00001e+24  312  606.727
5.00001e+24  313  606.727
5.00001e+24  314  606.727
5.00001e+24  315  606.727
5.00001e+24  316  606.727
5.00001e+24  317  606.727
5.00001e+24  318  606.727
5.00001e+24  319  606.727
5.00001e+24  320  606.727
5.00001e+24  321  606.727
5.00001e+24  322  606.727
5.00001e+24  323  606.727
5.00001e+24  324  606.727
5.00001e+24  325  606.727
5.00001e+24  326  606.727
5.00001e+24  327  606.727
5.00001e+24  328  606.727
5.00001e+24  329  606.727
5.00001e+24  330  606.727
5.00001e+24  331  606.727
5.00001e+24  332  606.727
5.00001e+24  333  606.727
5.00001e+24  334  606.727
5.00001e+24  335  606.727
5.00001e+24  336  606.727
5.00001e+24  337  606.727
5.00001e+24  338  606.727
5.00001e+24  339  606.727
5.00001e+24  340  606.727
5.00001e+24  341  606.727
5.00001e+24  342  606.727
5.00001e+24  343  606.727
5.00001e+24  344  606.727
5.00001e+24  345  606.727
5.00001e+24  346  606.727
5.00001e+24  347  606.727
5.00001e+24  348  606.727
5.00001e+24  349  606.727
5.00001e+24  350  606.727
5.00001e+24  351  606.727
5.00001e+24  352  606.727
5.00001e+24  353  606.727
5.00001e+24  354  606.727
5.00001e+24  355  606.727
5.00001e+24  356  606.727
5.00001e+24  357  606.727
5.00001e+24  358  606.727
5.00001e+24  359  606.727
5.00001e+24  360  606.727
5.00001e+24  361  606.727
5.00001e+24  362  606.727
5.00001e+24  363  606.727
5.00001e+24  364  606.727
5.00001e+24  365  606.727
5.00001e+24  366  606.727
5.00001e+24  367  606.727
5.00001e+24  368  606.727
5.00001e+24  369  606.727
5.00001e+24  370  606.727
5.00001e+24  371  606.727
5.00001e+24  372  606.727
5.00001e+24  373  606.727
5.00001e+24  374  606.727
5.00001e+24  375  606.727
5.00001e+24  376  606.727
5.00001e+24  377  606.727
5.00001e+24  378  606.727
5.00001e+24  379  606.727
5.00001e+24  380  606.727
5.00001e+24  381  606.727
5.00001e+24  382  606.727
5.00001e+24  383  606.727
5.00001e+24  384  606.727
5.00001e+24  385  606.727
5.00001e+24  386  606.727
5.00001e+24  387  606.727
5.00001e+24  388  606.727
5.00001e+24  389  606.727
5.00001e+24  390  606.727
5.00001e+24  391  606.727
5.00001e+24  392  606.727
5.00001e+24  393  606.727
5.00001e+24  394  606.727
5.00001e+24  395  606.727
5.00001e+24  396  606.727
5.00001e+24  397  606.727
5.00001e+24  398  606.727
5.00001e+24  399  606.727
