5.00001e+24  1  1030.32
5.00001e+24  2  1030.32
5.00001e+24  3  1030.32
5.00001e+24  4  1030.32
5.00001e+24  5  1030.32
5.00001e+24  6  1030.32
5.00001e+24  7  1030.32
5.00001e+24  8  1030.32
5.00001e+24  9  1030.32
5.00001e+24  10  1030.32
5.00001e+24  11  1030.32
5.00001e+24  12  1030.32
5.00001e+24  13  1030.32
5.00001e+24  14  1030.32
5.00001e+24  15  1030.32
5.00001e+24  16  1030.32
5.00001e+24  17  1030.32
5.00001e+24  18  1030.32
5.00001e+24  19  1030.32
5.00001e+24  20  1030.32
5.00001e+24  21  1030.32
5.00001e+24  22  1030.32
5.00001e+24  23  1030.32
5.00001e+24  24  1030.32
5.00001e+24  25  1030.32
5.00001e+24  26  1030.32
5.00001e+24  27  1030.32
5.00001e+24  28  1030.32
5.00001e+24  29  1030.32
5.00001e+24  30  1030.32
5.00001e+24  31  1030.32
5.00001e+24  32  1030.32
5.00001e+24  33  1030.32
5.00001e+24  34  1030.32
5.00001e+24  35  1030.32
5.00001e+24  36  1030.32
5.00001e+24  37  1030.32
5.00001e+24  38  1030.32
5.00001e+24  39  1030.32
5.00001e+24  40  1030.32
5.00001e+24  41  1030.32
5.00001e+24  42  1030.32
5.00001e+24  43  1030.32
5.00001e+24  44  1030.32
5.00001e+24  45  1030.32
5.00001e+24  46  1030.32
5.00001e+24  47  1030.32
5.00001e+24  48  1030.32
5.00001e+24  49  1030.32
5.00001e+24  50  1030.32
5.00001e+24  51  1030.32
5.00001e+24  52  1030.32
5.00001e+24  53  1030.32
5.00001e+24  54  1030.32
5.00001e+24  55  1030.32
5.00001e+24  56  1030.32
5.00001e+24  57  1030.32
5.00001e+24  58  1030.32
5.00001e+24  59  1030.32
5.00001e+24  60  1030.32
5.00001e+24  61  1030.32
5.00001e+24  62  1030.32
5.00001e+24  63  1030.32
5.00001e+24  64  1030.32
5.00001e+24  65  1030.32
5.00001e+24  66  1030.32
5.00001e+24  67  1030.32
5.00001e+24  68  1030.32
5.00001e+24  69  1030.32
5.00001e+24  70  1030.32
5.00001e+24  71  1030.32
5.00001e+24  72  1030.32
5.00001e+24  73  1030.32
5.00001e+24  74  1030.32
5.00001e+24  75  1030.32
5.00001e+24  76  1030.32
5.00001e+24  77  1030.32
5.00001e+24  78  1030.32
5.00001e+24  79  1030.32
5.00001e+24  80  1030.32
5.00001e+24  81  1030.32
5.00001e+24  82  1030.32
5.00001e+24  83  1030.32
5.00001e+24  84  1030.32
5.00001e+24  85  1030.32
5.00001e+24  86  1030.32
5.00001e+24  87  1030.32
5.00001e+24  88  1030.32
5.00001e+24  89  1030.32
5.00001e+24  90  1030.32
5.00001e+24  91  1030.32
5.00001e+24  92  1030.32
5.00001e+24  93  1030.32
5.00001e+24  94  1030.32
5.00001e+24  95  1030.32
5.00001e+24  96  1030.32
5.00001e+24  97  1030.32
5.00001e+24  98  1030.32
5.00001e+24  99  1030.32
5.00001e+24  100  1030.32
5.00001e+24  101  1030.32
5.00001e+24  102  1030.32
5.00001e+24  103  1030.32
5.00001e+24  104  1030.32
5.00001e+24  105  1030.32
5.00001e+24  106  1030.32
5.00001e+24  107  1030.32
5.00001e+24  108  1030.32
5.00001e+24  109  1030.32
5.00001e+24  110  1030.32
5.00001e+24  111  1030.32
5.00001e+24  112  1030.32
5.00001e+24  113  1030.32
5.00001e+24  114  1030.32
5.00001e+24  115  1030.32
5.00001e+24  116  1030.32
5.00001e+24  117  1030.32
5.00001e+24  118  1030.32
5.00001e+24  119  1030.32
5.00001e+24  120  1030.32
5.00001e+24  121  1030.32
5.00001e+24  122  1030.32
5.00001e+24  123  1030.32
5.00001e+24  124  1030.32
5.00001e+24  125  1030.32
5.00001e+24  126  1030.32
5.00001e+24  127  1030.32
5.00001e+24  128  1030.32
5.00001e+24  129  1030.32
5.00001e+24  130  1030.32
5.00001e+24  131  1030.32
5.00001e+24  132  1030.32
5.00001e+24  133  1030.32
5.00001e+24  134  1030.32
5.00001e+24  135  1030.32
5.00001e+24  136  1030.32
5.00001e+24  137  1030.32
5.00001e+24  138  1030.32
5.00001e+24  139  1030.32
5.00001e+24  140  1030.32
5.00001e+24  141  1030.32
5.00001e+24  142  1030.32
5.00001e+24  143  1030.32
5.00001e+24  144  1030.32
5.00001e+24  145  1030.32
5.00001e+24  146  1030.32
5.00001e+24  147  1030.32
5.00001e+24  148  1030.32
5.00001e+24  149  1030.32
5.00001e+24  150  1030.32
5.00001e+24  151  1030.32
5.00001e+24  152  1030.32
5.00001e+24  153  1030.32
5.00001e+24  154  1030.32
5.00001e+24  155  1030.32
5.00001e+24  156  1030.32
5.00001e+24  157  1030.32
5.00001e+24  158  1030.32
5.00001e+24  159  1030.32
5.00001e+24  160  1030.32
5.00001e+24  161  1030.32
5.00001e+24  162  1030.32
5.00001e+24  163  1030.32
5.00001e+24  164  1030.32
5.00001e+24  165  1030.32
5.00001e+24  166  1030.32
5.00001e+24  167  1030.32
5.00001e+24  168  1030.32
5.00001e+24  169  1030.32
5.00001e+24  170  1030.32
5.00001e+24  171  1030.32
5.00001e+24  172  1030.32
5.00001e+24  173  1030.32
5.00001e+24  174  1030.32
5.00001e+24  175  1030.32
5.00001e+24  176  1030.32
5.00001e+24  177  1030.32
5.00001e+24  178  1030.32
5.00001e+24  179  1030.32
5.00001e+24  180  1030.32
5.00001e+24  181  1030.32
5.00001e+24  182  1030.32
5.00001e+24  183  1030.32
5.00001e+24  184  1030.32
5.00001e+24  185  1030.32
5.00001e+24  186  1030.32
5.00001e+24  187  1030.32
5.00001e+24  188  1030.32
5.00001e+24  189  1030.32
5.00001e+24  190  1030.32
5.00001e+24  191  1030.32
5.00001e+24  192  1030.32
5.00001e+24  193  1030.32
5.00001e+24  194  1030.32
5.00001e+24  195  1030.32
5.00001e+24  196  1030.32
5.00001e+24  197  1030.32
5.00001e+24  198  1030.32
5.00001e+24  199  1030.32
5.00001e+24  200  1030.32
5.00001e+24  201  1030.32
5.00001e+24  202  1030.32
5.00001e+24  203  1030.32
5.00001e+24  204  1030.32
5.00001e+24  205  1030.32
5.00001e+24  206  1030.32
5.00001e+24  207  1030.32
5.00001e+24  208  1030.32
5.00001e+24  209  1030.32
5.00001e+24  210  1030.32
5.00001e+24  211  1030.32
5.00001e+24  212  1030.32
5.00001e+24  213  1030.32
5.00001e+24  214  1030.32
5.00001e+24  215  1030.32
5.00001e+24  216  1030.32
5.00001e+24  217  1030.32
5.00001e+24  218  1030.32
5.00001e+24  219  1030.32
5.00001e+24  220  1030.32
5.00001e+24  221  1030.32
5.00001e+24  222  1030.32
5.00001e+24  223  1030.32
5.00001e+24  224  1030.32
5.00001e+24  225  1030.32
5.00001e+24  226  1030.32
5.00001e+24  227  1030.32
5.00001e+24  228  1030.32
5.00001e+24  229  1030.32
5.00001e+24  230  1030.32
5.00001e+24  231  1030.32
5.00001e+24  232  1030.32
5.00001e+24  233  1030.32
5.00001e+24  234  1030.32
5.00001e+24  235  1030.32
5.00001e+24  236  1030.32
5.00001e+24  237  1030.32
5.00001e+24  238  1030.32
5.00001e+24  239  1030.32
5.00001e+24  240  1030.32
5.00001e+24  241  1030.32
5.00001e+24  242  1030.32
5.00001e+24  243  1030.32
5.00001e+24  244  1030.32
5.00001e+24  245  1030.32
5.00001e+24  246  1030.32
5.00001e+24  247  1030.32
5.00001e+24  248  1030.32
5.00001e+24  249  1030.32
5.00001e+24  250  1030.32
5.00001e+24  251  1030.32
5.00001e+24  252  1030.32
5.00001e+24  253  1030.32
5.00001e+24  254  1030.32
5.00001e+24  255  1030.32
5.00001e+24  256  1030.32
5.00001e+24  257  1030.32
5.00001e+24  258  1030.32
5.00001e+24  259  1030.32
5.00001e+24  260  1030.32
5.00001e+24  261  1030.32
5.00001e+24  262  1030.32
5.00001e+24  263  1030.32
5.00001e+24  264  1030.32
5.00001e+24  265  1030.32
5.00001e+24  266  1030.32
5.00001e+24  267  1030.32
5.00001e+24  268  1030.32
5.00001e+24  269  1030.32
5.00001e+24  270  1030.32
5.00001e+24  271  1030.32
5.00001e+24  272  1030.32
5.00001e+24  273  1030.32
5.00001e+24  274  1030.32
5.00001e+24  275  1030.32
5.00001e+24  276  1030.32
5.00001e+24  277  1030.32
5.00001e+24  278  1030.32
5.00001e+24  279  1030.32
5.00001e+24  280  1030.32
5.00001e+24  281  1030.32
5.00001e+24  282  1030.32
5.00001e+24  283  1030.32
5.00001e+24  284  1030.32
5.00001e+24  285  1030.32
5.00001e+24  286  1030.32
5.00001e+24  287  1030.32
5.00001e+24  288  1030.32
5.00001e+24  289  1030.32
5.00001e+24  290  1030.32
5.00001e+24  291  1030.32
5.00001e+24  292  1030.32
5.00001e+24  293  1030.32
5.00001e+24  294  1030.32
5.00001e+24  295  1030.32
5.00001e+24  296  1030.32
5.00001e+24  297  1030.32
5.00001e+24  298  1030.32
5.00001e+24  299  1030.32
5.00001e+24  300  1030.32
5.00001e+24  301  1030.32
5.00001e+24  302  1030.32
5.00001e+24  303  1030.32
5.00001e+24  304  1030.32
5.00001e+24  305  1030.32
5.00001e+24  306  1030.32
5.00001e+24  307  1030.32
5.00001e+24  308  1030.32
5.00001e+24  309  1030.32
5.00001e+24  310  1030.32
5.00001e+24  311  1030.32
5.00001e+24  312  1030.32
5.00001e+24  313  1030.32
5.00001e+24  314  1030.32
5.00001e+24  315  1030.32
5.00001e+24  316  1030.32
5.00001e+24  317  1030.32
5.00001e+24  318  1030.32
5.00001e+24  319  1030.32
5.00001e+24  320  1030.32
5.00001e+24  321  1030.32
5.00001e+24  322  1030.32
5.00001e+24  323  1030.32
5.00001e+24  324  1030.32
5.00001e+24  325  1030.32
5.00001e+24  326  1030.32
5.00001e+24  327  1030.32
5.00001e+24  328  1030.32
5.00001e+24  329  1030.32
5.00001e+24  330  1030.32
5.00001e+24  331  1030.32
5.00001e+24  332  1030.32
5.00001e+24  333  1030.32
5.00001e+24  334  1030.32
5.00001e+24  335  1030.32
5.00001e+24  336  1030.32
5.00001e+24  337  1030.32
5.00001e+24  338  1030.32
5.00001e+24  339  1030.32
5.00001e+24  340  1030.32
5.00001e+24  341  1030.32
5.00001e+24  342  1030.32
5.00001e+24  343  1030.32
5.00001e+24  344  1030.32
5.00001e+24  345  1030.32
5.00001e+24  346  1030.32
5.00001e+24  347  1030.32
5.00001e+24  348  1030.32
5.00001e+24  349  1030.32
5.00001e+24  350  1030.32
5.00001e+24  351  1030.32
5.00001e+24  352  1030.32
5.00001e+24  353  1030.32
5.00001e+24  354  1030.32
5.00001e+24  355  1030.32
5.00001e+24  356  1030.32
5.00001e+24  357  1030.32
5.00001e+24  358  1030.32
5.00001e+24  359  1030.32
5.00001e+24  360  1030.32
5.00001e+24  361  1030.32
5.00001e+24  362  1030.32
5.00001e+24  363  1030.32
5.00001e+24  364  1030.32
5.00001e+24  365  1030.32
5.00001e+24  366  1030.32
5.00001e+24  367  1030.32
5.00001e+24  368  1030.32
5.00001e+24  369  1030.32
5.00001e+24  370  1030.32
5.00001e+24  371  1030.32
5.00001e+24  372  1030.32
5.00001e+24  373  1030.32
5.00001e+24  374  1030.32
5.00001e+24  375  1030.32
5.00001e+24  376  1030.32
5.00001e+24  377  1030.32
5.00001e+24  378  1030.32
5.00001e+24  379  1030.32
5.00001e+24  380  1030.32
5.00001e+24  381  1030.32
5.00001e+24  382  1030.32
5.00001e+24  383  1030.32
5.00001e+24  384  1030.32
5.00001e+24  385  1030.32
5.00001e+24  386  1030.32
5.00001e+24  387  1030.32
5.00001e+24  388  1030.32
5.00001e+24  389  1030.32
5.00001e+24  390  1030.32
5.00001e+24  391  1030.32
5.00001e+24  392  1030.32
5.00001e+24  393  1030.32
5.00001e+24  394  1030.32
5.00001e+24  395  1030.32
5.00001e+24  396  1030.32
5.00001e+24  397  1030.32
5.00001e+24  398  1030.32
5.00001e+24  399  1030.32
