5.00001e+24  1  1109.94
5.00001e+24  2  1109.94
5.00001e+24  3  1109.94
5.00001e+24  4  1109.94
5.00001e+24  5  1109.94
5.00001e+24  6  1109.94
5.00001e+24  7  1109.94
5.00001e+24  8  1109.94
5.00001e+24  9  1109.94
5.00001e+24  10  1109.94
5.00001e+24  11  1109.94
5.00001e+24  12  1109.94
5.00001e+24  13  1109.94
5.00001e+24  14  1109.94
5.00001e+24  15  1109.94
5.00001e+24  16  1109.94
5.00001e+24  17  1109.94
5.00001e+24  18  1109.94
5.00001e+24  19  1109.94
5.00001e+24  20  1109.94
5.00001e+24  21  1109.94
5.00001e+24  22  1109.94
5.00001e+24  23  1109.94
5.00001e+24  24  1109.94
5.00001e+24  25  1109.94
5.00001e+24  26  1109.94
5.00001e+24  27  1109.94
5.00001e+24  28  1109.94
5.00001e+24  29  1109.94
5.00001e+24  30  1109.94
5.00001e+24  31  1109.94
5.00001e+24  32  1109.94
5.00001e+24  33  1109.94
5.00001e+24  34  1109.94
5.00001e+24  35  1109.94
5.00001e+24  36  1109.94
5.00001e+24  37  1109.94
5.00001e+24  38  1109.94
5.00001e+24  39  1109.94
5.00001e+24  40  1109.94
5.00001e+24  41  1109.94
5.00001e+24  42  1109.94
5.00001e+24  43  1109.94
5.00001e+24  44  1109.94
5.00001e+24  45  1109.94
5.00001e+24  46  1109.94
5.00001e+24  47  1109.94
5.00001e+24  48  1109.94
5.00001e+24  49  1109.94
5.00001e+24  50  1109.94
5.00001e+24  51  1109.94
5.00001e+24  52  1109.94
5.00001e+24  53  1109.94
5.00001e+24  54  1109.94
5.00001e+24  55  1109.94
5.00001e+24  56  1109.94
5.00001e+24  57  1109.94
5.00001e+24  58  1109.94
5.00001e+24  59  1109.94
5.00001e+24  60  1109.94
5.00001e+24  61  1109.94
5.00001e+24  62  1109.94
5.00001e+24  63  1109.94
5.00001e+24  64  1109.94
5.00001e+24  65  1109.94
5.00001e+24  66  1109.94
5.00001e+24  67  1109.94
5.00001e+24  68  1109.94
5.00001e+24  69  1109.94
5.00001e+24  70  1109.94
5.00001e+24  71  1109.94
5.00001e+24  72  1109.94
5.00001e+24  73  1109.94
5.00001e+24  74  1109.94
5.00001e+24  75  1109.94
5.00001e+24  76  1109.94
5.00001e+24  77  1109.94
5.00001e+24  78  1109.94
5.00001e+24  79  1109.94
5.00001e+24  80  1109.94
5.00001e+24  81  1109.94
5.00001e+24  82  1109.94
5.00001e+24  83  1109.94
5.00001e+24  84  1109.94
5.00001e+24  85  1109.94
5.00001e+24  86  1109.94
5.00001e+24  87  1109.94
5.00001e+24  88  1109.94
5.00001e+24  89  1109.94
5.00001e+24  90  1109.94
5.00001e+24  91  1109.94
5.00001e+24  92  1109.94
5.00001e+24  93  1109.94
5.00001e+24  94  1109.94
5.00001e+24  95  1109.94
5.00001e+24  96  1109.94
5.00001e+24  97  1109.94
5.00001e+24  98  1109.94
5.00001e+24  99  1109.94
5.00001e+24  100  1109.94
5.00001e+24  101  1109.94
5.00001e+24  102  1109.94
5.00001e+24  103  1109.94
5.00001e+24  104  1109.94
5.00001e+24  105  1109.94
5.00001e+24  106  1109.94
5.00001e+24  107  1109.94
5.00001e+24  108  1109.94
5.00001e+24  109  1109.94
5.00001e+24  110  1109.94
5.00001e+24  111  1109.94
5.00001e+24  112  1109.94
5.00001e+24  113  1109.94
5.00001e+24  114  1109.94
5.00001e+24  115  1109.94
5.00001e+24  116  1109.94
5.00001e+24  117  1109.94
5.00001e+24  118  1109.94
5.00001e+24  119  1109.94
5.00001e+24  120  1109.94
5.00001e+24  121  1109.94
5.00001e+24  122  1109.94
5.00001e+24  123  1109.94
5.00001e+24  124  1109.94
5.00001e+24  125  1109.94
5.00001e+24  126  1109.94
5.00001e+24  127  1109.94
5.00001e+24  128  1109.94
5.00001e+24  129  1109.94
5.00001e+24  130  1109.94
5.00001e+24  131  1109.94
5.00001e+24  132  1109.94
5.00001e+24  133  1109.94
5.00001e+24  134  1109.94
5.00001e+24  135  1109.94
5.00001e+24  136  1109.94
5.00001e+24  137  1109.94
5.00001e+24  138  1109.94
5.00001e+24  139  1109.94
5.00001e+24  140  1109.94
5.00001e+24  141  1109.94
5.00001e+24  142  1109.94
5.00001e+24  143  1109.94
5.00001e+24  144  1109.94
5.00001e+24  145  1109.94
5.00001e+24  146  1109.94
5.00001e+24  147  1109.94
5.00001e+24  148  1109.94
5.00001e+24  149  1109.94
5.00001e+24  150  1109.94
5.00001e+24  151  1109.94
5.00001e+24  152  1109.94
5.00001e+24  153  1109.94
5.00001e+24  154  1109.94
5.00001e+24  155  1109.94
5.00001e+24  156  1109.94
5.00001e+24  157  1109.94
5.00001e+24  158  1109.94
5.00001e+24  159  1109.94
5.00001e+24  160  1109.94
5.00001e+24  161  1109.94
5.00001e+24  162  1109.94
5.00001e+24  163  1109.94
5.00001e+24  164  1109.94
5.00001e+24  165  1109.94
5.00001e+24  166  1109.94
5.00001e+24  167  1109.94
5.00001e+24  168  1109.94
5.00001e+24  169  1109.94
5.00001e+24  170  1109.94
5.00001e+24  171  1109.94
5.00001e+24  172  1109.94
5.00001e+24  173  1109.94
5.00001e+24  174  1109.94
5.00001e+24  175  1109.94
5.00001e+24  176  1109.94
5.00001e+24  177  1109.94
5.00001e+24  178  1109.94
5.00001e+24  179  1109.94
5.00001e+24  180  1109.94
5.00001e+24  181  1109.94
5.00001e+24  182  1109.94
5.00001e+24  183  1109.94
5.00001e+24  184  1109.94
5.00001e+24  185  1109.94
5.00001e+24  186  1109.94
5.00001e+24  187  1109.94
5.00001e+24  188  1109.94
5.00001e+24  189  1109.94
5.00001e+24  190  1109.94
5.00001e+24  191  1109.94
5.00001e+24  192  1109.94
5.00001e+24  193  1109.94
5.00001e+24  194  1109.94
5.00001e+24  195  1109.94
5.00001e+24  196  1109.94
5.00001e+24  197  1109.94
5.00001e+24  198  1109.94
5.00001e+24  199  1109.94
5.00001e+24  200  1109.94
5.00001e+24  201  1109.94
5.00001e+24  202  1109.94
5.00001e+24  203  1109.94
5.00001e+24  204  1109.94
5.00001e+24  205  1109.94
5.00001e+24  206  1109.94
5.00001e+24  207  1109.94
5.00001e+24  208  1109.94
5.00001e+24  209  1109.94
5.00001e+24  210  1109.94
5.00001e+24  211  1109.94
5.00001e+24  212  1109.94
5.00001e+24  213  1109.94
5.00001e+24  214  1109.94
5.00001e+24  215  1109.94
5.00001e+24  216  1109.94
5.00001e+24  217  1109.94
5.00001e+24  218  1109.94
5.00001e+24  219  1109.94
5.00001e+24  220  1109.94
5.00001e+24  221  1109.94
5.00001e+24  222  1109.94
5.00001e+24  223  1109.94
5.00001e+24  224  1109.94
5.00001e+24  225  1109.94
5.00001e+24  226  1109.94
5.00001e+24  227  1109.94
5.00001e+24  228  1109.94
5.00001e+24  229  1109.94
5.00001e+24  230  1109.94
5.00001e+24  231  1109.94
5.00001e+24  232  1109.94
5.00001e+24  233  1109.94
5.00001e+24  234  1109.94
5.00001e+24  235  1109.94
5.00001e+24  236  1109.94
5.00001e+24  237  1109.94
5.00001e+24  238  1109.94
5.00001e+24  239  1109.94
5.00001e+24  240  1109.94
5.00001e+24  241  1109.94
5.00001e+24  242  1109.94
5.00001e+24  243  1109.94
5.00001e+24  244  1109.94
5.00001e+24  245  1109.94
5.00001e+24  246  1109.94
5.00001e+24  247  1109.94
5.00001e+24  248  1109.94
5.00001e+24  249  1109.94
5.00001e+24  250  1109.94
5.00001e+24  251  1109.94
5.00001e+24  252  1109.94
5.00001e+24  253  1109.94
5.00001e+24  254  1109.94
5.00001e+24  255  1109.94
5.00001e+24  256  1109.94
5.00001e+24  257  1109.94
5.00001e+24  258  1109.94
5.00001e+24  259  1109.94
5.00001e+24  260  1109.94
5.00001e+24  261  1109.94
5.00001e+24  262  1109.94
5.00001e+24  263  1109.94
5.00001e+24  264  1109.94
5.00001e+24  265  1109.94
5.00001e+24  266  1109.94
5.00001e+24  267  1109.94
5.00001e+24  268  1109.94
5.00001e+24  269  1109.94
5.00001e+24  270  1109.94
5.00001e+24  271  1109.94
5.00001e+24  272  1109.94
5.00001e+24  273  1109.94
5.00001e+24  274  1109.94
5.00001e+24  275  1109.94
5.00001e+24  276  1109.94
5.00001e+24  277  1109.94
5.00001e+24  278  1109.94
5.00001e+24  279  1109.94
5.00001e+24  280  1109.94
5.00001e+24  281  1109.94
5.00001e+24  282  1109.94
5.00001e+24  283  1109.94
5.00001e+24  284  1109.94
5.00001e+24  285  1109.94
5.00001e+24  286  1109.94
5.00001e+24  287  1109.94
5.00001e+24  288  1109.94
5.00001e+24  289  1109.94
5.00001e+24  290  1109.94
5.00001e+24  291  1109.94
5.00001e+24  292  1109.94
5.00001e+24  293  1109.94
5.00001e+24  294  1109.94
5.00001e+24  295  1109.94
5.00001e+24  296  1109.94
5.00001e+24  297  1109.94
5.00001e+24  298  1109.94
5.00001e+24  299  1109.94
5.00001e+24  300  1109.94
5.00001e+24  301  1109.94
5.00001e+24  302  1109.94
5.00001e+24  303  1109.94
5.00001e+24  304  1109.94
5.00001e+24  305  1109.94
5.00001e+24  306  1109.94
5.00001e+24  307  1109.94
5.00001e+24  308  1109.94
5.00001e+24  309  1109.94
5.00001e+24  310  1109.94
5.00001e+24  311  1109.94
5.00001e+24  312  1109.94
5.00001e+24  313  1109.94
5.00001e+24  314  1109.94
5.00001e+24  315  1109.94
5.00001e+24  316  1109.94
5.00001e+24  317  1109.94
5.00001e+24  318  1109.94
5.00001e+24  319  1109.94
5.00001e+24  320  1109.94
5.00001e+24  321  1109.94
5.00001e+24  322  1109.94
5.00001e+24  323  1109.94
5.00001e+24  324  1109.94
5.00001e+24  325  1109.94
5.00001e+24  326  1109.94
5.00001e+24  327  1109.94
5.00001e+24  328  1109.94
5.00001e+24  329  1109.94
5.00001e+24  330  1109.94
5.00001e+24  331  1109.94
5.00001e+24  332  1109.94
5.00001e+24  333  1109.94
5.00001e+24  334  1109.94
5.00001e+24  335  1109.94
5.00001e+24  336  1109.94
5.00001e+24  337  1109.94
5.00001e+24  338  1109.94
5.00001e+24  339  1109.94
5.00001e+24  340  1109.94
5.00001e+24  341  1109.94
5.00001e+24  342  1109.94
5.00001e+24  343  1109.94
5.00001e+24  344  1109.94
5.00001e+24  345  1109.94
5.00001e+24  346  1109.94
5.00001e+24  347  1109.94
5.00001e+24  348  1109.94
5.00001e+24  349  1109.94
5.00001e+24  350  1109.94
5.00001e+24  351  1109.94
5.00001e+24  352  1109.94
5.00001e+24  353  1109.94
5.00001e+24  354  1109.94
5.00001e+24  355  1109.94
5.00001e+24  356  1109.94
5.00001e+24  357  1109.94
5.00001e+24  358  1109.94
5.00001e+24  359  1109.94
5.00001e+24  360  1109.94
5.00001e+24  361  1109.94
5.00001e+24  362  1109.94
5.00001e+24  363  1109.94
5.00001e+24  364  1109.94
5.00001e+24  365  1109.94
5.00001e+24  366  1109.94
5.00001e+24  367  1109.94
5.00001e+24  368  1109.94
5.00001e+24  369  1109.94
5.00001e+24  370  1109.94
5.00001e+24  371  1109.94
5.00001e+24  372  1109.94
5.00001e+24  373  1109.94
5.00001e+24  374  1109.94
5.00001e+24  375  1109.94
5.00001e+24  376  1109.94
5.00001e+24  377  1109.94
5.00001e+24  378  1109.94
5.00001e+24  379  1109.94
5.00001e+24  380  1109.94
5.00001e+24  381  1109.94
5.00001e+24  382  1109.94
5.00001e+24  383  1109.94
5.00001e+24  384  1109.94
5.00001e+24  385  1109.94
5.00001e+24  386  1109.94
5.00001e+24  387  1109.94
5.00001e+24  388  1109.94
5.00001e+24  389  1109.94
5.00001e+24  390  1109.94
5.00001e+24  391  1109.94
5.00001e+24  392  1109.94
5.00001e+24  393  1109.94
5.00001e+24  394  1109.94
5.00001e+24  395  1109.94
5.00001e+24  396  1109.94
5.00001e+24  397  1109.94
5.00001e+24  398  1109.94
5.00001e+24  399  1109.94
