5.00001e+24  1  342.379
5.00001e+24  2  342.379
5.00001e+24  3  342.379
5.00001e+24  4  342.379
5.00001e+24  5  342.379
5.00001e+24  6  342.379
5.00001e+24  7  342.379
5.00001e+24  8  342.379
5.00001e+24  9  342.379
5.00001e+24  10  342.379
5.00001e+24  11  342.379
5.00001e+24  12  342.379
5.00001e+24  13  342.379
5.00001e+24  14  342.379
5.00001e+24  15  342.379
5.00001e+24  16  342.379
5.00001e+24  17  342.379
5.00001e+24  18  342.379
5.00001e+24  19  342.379
5.00001e+24  20  342.379
5.00001e+24  21  342.379
5.00001e+24  22  342.379
5.00001e+24  23  342.379
5.00001e+24  24  342.379
5.00001e+24  25  342.379
5.00001e+24  26  342.379
5.00001e+24  27  342.379
5.00001e+24  28  342.379
5.00001e+24  29  342.379
5.00001e+24  30  342.379
5.00001e+24  31  342.379
5.00001e+24  32  342.379
5.00001e+24  33  342.379
5.00001e+24  34  342.379
5.00001e+24  35  342.379
5.00001e+24  36  342.379
5.00001e+24  37  342.379
5.00001e+24  38  342.379
5.00001e+24  39  342.379
5.00001e+24  40  342.379
5.00001e+24  41  342.379
5.00001e+24  42  342.379
5.00001e+24  43  342.379
5.00001e+24  44  342.379
5.00001e+24  45  342.379
5.00001e+24  46  342.379
5.00001e+24  47  342.379
5.00001e+24  48  342.379
5.00001e+24  49  342.379
5.00001e+24  50  342.379
5.00001e+24  51  342.379
5.00001e+24  52  342.379
5.00001e+24  53  342.379
5.00001e+24  54  342.379
5.00001e+24  55  342.379
5.00001e+24  56  342.379
5.00001e+24  57  342.379
5.00001e+24  58  342.379
5.00001e+24  59  342.379
5.00001e+24  60  342.379
5.00001e+24  61  342.379
5.00001e+24  62  342.379
5.00001e+24  63  342.379
5.00001e+24  64  342.379
5.00001e+24  65  342.379
5.00001e+24  66  342.379
5.00001e+24  67  342.379
5.00001e+24  68  342.379
5.00001e+24  69  342.379
5.00001e+24  70  342.379
5.00001e+24  71  342.379
5.00001e+24  72  342.379
5.00001e+24  73  342.379
5.00001e+24  74  342.379
5.00001e+24  75  342.379
5.00001e+24  76  342.379
5.00001e+24  77  342.379
5.00001e+24  78  342.379
5.00001e+24  79  342.379
5.00001e+24  80  342.379
5.00001e+24  81  342.379
5.00001e+24  82  342.379
5.00001e+24  83  342.379
5.00001e+24  84  342.379
5.00001e+24  85  342.379
5.00001e+24  86  342.379
5.00001e+24  87  342.379
5.00001e+24  88  342.379
5.00001e+24  89  342.379
5.00001e+24  90  342.379
5.00001e+24  91  342.379
5.00001e+24  92  342.379
5.00001e+24  93  342.379
5.00001e+24  94  342.379
5.00001e+24  95  342.379
5.00001e+24  96  342.379
5.00001e+24  97  342.379
5.00001e+24  98  342.379
5.00001e+24  99  342.379
5.00001e+24  100  342.379
5.00001e+24  101  342.379
5.00001e+24  102  342.379
5.00001e+24  103  342.379
5.00001e+24  104  342.379
5.00001e+24  105  342.379
5.00001e+24  106  342.379
5.00001e+24  107  342.379
5.00001e+24  108  342.379
5.00001e+24  109  342.379
5.00001e+24  110  342.379
5.00001e+24  111  342.379
5.00001e+24  112  342.379
5.00001e+24  113  342.379
5.00001e+24  114  342.379
5.00001e+24  115  342.379
5.00001e+24  116  342.379
5.00001e+24  117  342.379
5.00001e+24  118  342.379
5.00001e+24  119  342.379
5.00001e+24  120  342.379
5.00001e+24  121  342.379
5.00001e+24  122  342.379
5.00001e+24  123  342.379
5.00001e+24  124  342.379
5.00001e+24  125  342.379
5.00001e+24  126  342.379
5.00001e+24  127  342.379
5.00001e+24  128  342.379
5.00001e+24  129  342.379
5.00001e+24  130  342.379
5.00001e+24  131  342.379
5.00001e+24  132  342.379
5.00001e+24  133  342.379
5.00001e+24  134  342.379
5.00001e+24  135  342.379
5.00001e+24  136  342.379
5.00001e+24  137  342.379
5.00001e+24  138  342.379
5.00001e+24  139  342.379
5.00001e+24  140  342.379
5.00001e+24  141  342.379
5.00001e+24  142  342.379
5.00001e+24  143  342.379
5.00001e+24  144  342.379
5.00001e+24  145  342.379
5.00001e+24  146  342.379
5.00001e+24  147  342.379
5.00001e+24  148  342.379
5.00001e+24  149  342.379
5.00001e+24  150  342.379
5.00001e+24  151  342.379
5.00001e+24  152  342.379
5.00001e+24  153  342.379
5.00001e+24  154  342.379
5.00001e+24  155  342.379
5.00001e+24  156  342.379
5.00001e+24  157  342.379
5.00001e+24  158  342.379
5.00001e+24  159  342.379
5.00001e+24  160  342.379
5.00001e+24  161  342.379
5.00001e+24  162  342.379
5.00001e+24  163  342.379
5.00001e+24  164  342.379
5.00001e+24  165  342.379
5.00001e+24  166  342.379
5.00001e+24  167  342.379
5.00001e+24  168  342.379
5.00001e+24  169  342.379
5.00001e+24  170  342.379
5.00001e+24  171  342.379
5.00001e+24  172  342.379
5.00001e+24  173  342.379
5.00001e+24  174  342.379
5.00001e+24  175  342.379
5.00001e+24  176  342.379
5.00001e+24  177  342.379
5.00001e+24  178  342.379
5.00001e+24  179  342.379
5.00001e+24  180  342.379
5.00001e+24  181  342.379
5.00001e+24  182  342.379
5.00001e+24  183  342.379
5.00001e+24  184  342.379
5.00001e+24  185  342.379
5.00001e+24  186  342.379
5.00001e+24  187  342.379
5.00001e+24  188  342.379
5.00001e+24  189  342.379
5.00001e+24  190  342.379
5.00001e+24  191  342.379
5.00001e+24  192  342.379
5.00001e+24  193  342.379
5.00001e+24  194  342.379
5.00001e+24  195  342.379
5.00001e+24  196  342.379
5.00001e+24  197  342.379
5.00001e+24  198  342.379
5.00001e+24  199  342.379
5.00001e+24  200  342.379
5.00001e+24  201  342.379
5.00001e+24  202  342.379
5.00001e+24  203  342.379
5.00001e+24  204  342.379
5.00001e+24  205  342.379
5.00001e+24  206  342.379
5.00001e+24  207  342.379
5.00001e+24  208  342.379
5.00001e+24  209  342.379
5.00001e+24  210  342.379
5.00001e+24  211  342.379
5.00001e+24  212  342.379
5.00001e+24  213  342.379
5.00001e+24  214  342.379
5.00001e+24  215  342.379
5.00001e+24  216  342.379
5.00001e+24  217  342.379
5.00001e+24  218  342.379
5.00001e+24  219  342.379
5.00001e+24  220  342.379
5.00001e+24  221  342.379
5.00001e+24  222  342.379
5.00001e+24  223  342.379
5.00001e+24  224  342.379
5.00001e+24  225  342.379
5.00001e+24  226  342.379
5.00001e+24  227  342.379
5.00001e+24  228  342.379
5.00001e+24  229  342.379
5.00001e+24  230  342.379
5.00001e+24  231  342.379
5.00001e+24  232  342.379
5.00001e+24  233  342.379
5.00001e+24  234  342.379
5.00001e+24  235  342.379
5.00001e+24  236  342.379
5.00001e+24  237  342.379
5.00001e+24  238  342.379
5.00001e+24  239  342.379
5.00001e+24  240  342.379
5.00001e+24  241  342.379
5.00001e+24  242  342.379
5.00001e+24  243  342.379
5.00001e+24  244  342.379
5.00001e+24  245  342.379
5.00001e+24  246  342.379
5.00001e+24  247  342.379
5.00001e+24  248  342.379
5.00001e+24  249  342.379
5.00001e+24  250  342.379
5.00001e+24  251  342.379
5.00001e+24  252  342.379
5.00001e+24  253  342.379
5.00001e+24  254  342.379
5.00001e+24  255  342.379
5.00001e+24  256  342.379
5.00001e+24  257  342.379
5.00001e+24  258  342.379
5.00001e+24  259  342.379
5.00001e+24  260  342.379
5.00001e+24  261  342.379
5.00001e+24  262  342.379
5.00001e+24  263  342.379
5.00001e+24  264  342.379
5.00001e+24  265  342.379
5.00001e+24  266  342.379
5.00001e+24  267  342.379
5.00001e+24  268  342.379
5.00001e+24  269  342.379
5.00001e+24  270  342.379
5.00001e+24  271  342.379
5.00001e+24  272  342.379
5.00001e+24  273  342.379
5.00001e+24  274  342.379
5.00001e+24  275  342.379
5.00001e+24  276  342.379
5.00001e+24  277  342.379
5.00001e+24  278  342.379
5.00001e+24  279  342.379
5.00001e+24  280  342.379
5.00001e+24  281  342.379
5.00001e+24  282  342.379
5.00001e+24  283  342.379
5.00001e+24  284  342.379
5.00001e+24  285  342.379
5.00001e+24  286  342.379
5.00001e+24  287  342.379
5.00001e+24  288  342.379
5.00001e+24  289  342.379
5.00001e+24  290  342.379
5.00001e+24  291  342.379
5.00001e+24  292  342.379
5.00001e+24  293  342.379
5.00001e+24  294  342.379
5.00001e+24  295  342.379
5.00001e+24  296  342.379
5.00001e+24  297  342.379
5.00001e+24  298  342.379
5.00001e+24  299  342.379
5.00001e+24  300  342.379
5.00001e+24  301  342.379
5.00001e+24  302  342.379
5.00001e+24  303  342.379
5.00001e+24  304  342.379
5.00001e+24  305  342.379
5.00001e+24  306  342.379
5.00001e+24  307  342.379
5.00001e+24  308  342.379
5.00001e+24  309  342.379
5.00001e+24  310  342.379
5.00001e+24  311  342.379
5.00001e+24  312  342.379
5.00001e+24  313  342.379
5.00001e+24  314  342.379
5.00001e+24  315  342.379
5.00001e+24  316  342.379
5.00001e+24  317  342.379
5.00001e+24  318  342.379
5.00001e+24  319  342.379
5.00001e+24  320  342.379
5.00001e+24  321  342.379
5.00001e+24  322  342.379
5.00001e+24  323  342.379
5.00001e+24  324  342.379
5.00001e+24  325  342.379
5.00001e+24  326  342.379
5.00001e+24  327  342.379
5.00001e+24  328  342.379
5.00001e+24  329  342.379
5.00001e+24  330  342.379
5.00001e+24  331  342.379
5.00001e+24  332  342.379
5.00001e+24  333  342.379
5.00001e+24  334  342.379
5.00001e+24  335  342.379
5.00001e+24  336  342.379
5.00001e+24  337  342.379
5.00001e+24  338  342.379
5.00001e+24  339  342.379
5.00001e+24  340  342.379
5.00001e+24  341  342.379
5.00001e+24  342  342.379
5.00001e+24  343  342.379
5.00001e+24  344  342.379
5.00001e+24  345  342.379
5.00001e+24  346  342.379
5.00001e+24  347  342.379
5.00001e+24  348  342.379
5.00001e+24  349  342.379
5.00001e+24  350  342.379
5.00001e+24  351  342.379
5.00001e+24  352  342.379
5.00001e+24  353  342.379
5.00001e+24  354  342.379
5.00001e+24  355  342.379
5.00001e+24  356  342.379
5.00001e+24  357  342.379
5.00001e+24  358  342.379
5.00001e+24  359  342.379
5.00001e+24  360  342.379
5.00001e+24  361  342.379
5.00001e+24  362  342.379
5.00001e+24  363  342.379
5.00001e+24  364  342.379
5.00001e+24  365  342.379
5.00001e+24  366  342.379
5.00001e+24  367  342.379
5.00001e+24  368  342.379
5.00001e+24  369  342.379
5.00001e+24  370  342.379
5.00001e+24  371  342.379
5.00001e+24  372  342.379
5.00001e+24  373  342.379
5.00001e+24  374  342.379
5.00001e+24  375  342.379
5.00001e+24  376  342.379
5.00001e+24  377  342.379
5.00001e+24  378  342.379
5.00001e+24  379  342.379
5.00001e+24  380  342.379
5.00001e+24  381  342.379
5.00001e+24  382  342.379
5.00001e+24  383  342.379
5.00001e+24  384  342.379
5.00001e+24  385  342.379
5.00001e+24  386  342.379
5.00001e+24  387  342.379
5.00001e+24  388  342.379
5.00001e+24  389  342.379
5.00001e+24  390  342.379
5.00001e+24  391  342.379
5.00001e+24  392  342.379
5.00001e+24  393  342.379
5.00001e+24  394  342.379
5.00001e+24  395  342.379
5.00001e+24  396  342.379
5.00001e+24  397  342.379
5.00001e+24  398  342.379
5.00001e+24  399  342.379
